0, -nan 
0.001, 0.357479 
0.002, 0.0057614 
0.003, 0.368764 
0.004, 0.256053 
0.005, 0.450519 
0.006, 0.36584 
0.007, 0.238858 
0.008, 0.154562 
0.009, 0.0561523 
0.01, 0.155134 
0.011, 0.226326 
0.012, 0.00982061 
0.013, 0.0555418 
0.014, 0.199511 
0.015, 0.387362 
0.016, 0.30646 
0.017, 0.17045 
0.018, 0.0161003 
0.019, 0.00865808 
0.02, 0.190178 
0.021, 0.284634 
0.022, 0.446082 
0.023, 0.261906 
0.024, 0.533476 
0.025, 0.488539 
0.026, 0.438809 
0.027, 0.419311 
0.028, 0.226483 
0.029, 0.135995 
0.03, 0.172932 
0.031, 0.0897109 
0.032, 0.0124685 
0.033, 0.0401923 
0.034, 0.032283 
0.035, 0.0142298 
0.036, 0.00679136 
0.037, 0.00457445 
0.038, 0.00319936 
0.039, 0.0178115 
0.04, 0.0798805 
0.041, 0.165315 
0.042, 0.149782 
0.043, 0.0695051 
0.044, 0.194257 
0.045, 0.269035 
0.046, 0.122216 
0.047, 0.327314 
0.048, 0.22907 
0.049, 0.288157 
0.05, 0.331587 
0.051, 0.288167 
0.052, 0.3704 
0.053, 0.341984 
0.054, 0.342431 
0.055, 0.448036 
0.056, 0.271402 
0.057, 0.533195 
0.058, 0.296238 
0.059, 0.430928 
0.06, 0.502612 
0.061, 0.278636 
0.062, 0.503991 
0.063, 0.485021 
0.064, 0.285168 
0.065, 0.489553 
0.066, 0.529594 
0.067, 0.303261 
0.068, 0.390987 
0.069, 0.568398 
0.07, 0.417872 
0.071, 0.282491 
0.072, 0.444114 
0.073, 0.556141 
0.074, 0.398381 
0.075, 0.271498 
0.076, 0.392752 
0.077, 0.536449 
0.078, 0.461922 
0.079, 0.291551 
0.08, 0.278095 
0.081, 0.424908 
0.082, 0.515954 
0.083, 0.430076 
0.084, 0.280197 
0.085, 0.244391 
0.086, 0.350904 
0.087, 0.467876 
0.088, 0.466043 
0.089, 0.350271 
0.09, 0.236015 
0.091, 0.225303 
0.092, 0.316486 
0.093, 0.420107 
0.094, 0.445676 
0.095, 0.374325 
0.096, 0.263478 
0.097, 0.193806 
0.098, 0.20852 
0.099, 0.288826 
0.1, 0.37476 
0.101, 0.40891 
0.102, 0.371266 
0.103, 0.286035 
0.104, 0.201965 
0.105, 0.162339 
0.106, 0.182778 
0.107, 0.246895 
0.108, 0.318549 
0.109, 0.3616 
0.11, 0.356515 
0.111, 0.306894 
0.112, 0.234982 
0.113, 0.170081 
0.114, 0.135935 
0.115, 0.142234 
0.116, 0.182744 
0.117, 0.239536 
0.118, 0.290717 
0.119, 0.318333 
0.12, 0.313787 
0.121, 0.279436 
0.122, 0.226543 
0.123, 0.170853 
0.124, 0.127503 
0.125, 0.106858 
0.126, 0.112256 
0.127, 0.139948 
0.128, 0.180885 
0.129, 0.223573 
0.13, 0.257115 
0.131, 0.273689 
0.132, 0.269972 
0.133, 0.247358 
0.134, 0.211135 
0.135, 0.168948 
0.136, 0.128995 
0.137, 0.098364 
0.138, 0.0817972 
0.139, 0.0810737 
0.14, 0.0950085 
0.141, 0.11998 
0.142, 0.15081 
0.143, 0.181785 
0.144, 0.20764 
0.145, 0.224331 
0.146, 0.229532 
0.147, 0.222797 
0.148, 0.20543 
0.149, 0.180124 
0.15, 0.150443 
0.151, 0.120259 
0.152, 0.0932112 
0.153, 0.0722709 
0.154, 0.0594359 
0.155, 0.0555873 
0.156, 0.0604965 
0.157, 0.0729606 
0.158, 0.0910333 
0.159, 0.112311 
0.16, 0.134233 
0.161, 0.154365 
0.162, 0.170634 
0.163, 0.181501 
0.164, 0.186057 
0.165, 0.184052 
0.166, 0.175854 
0.167, 0.162359 
0.168, 0.144863 
0.169, 0.124912 
0.17, 0.104149 
0.171, 0.0841678 
0.172, 0.0663927 
0.173, 0.0519785 
0.174, 0.0417474 
0.175, 0.0361562 
0.176, 0.0352959 
0.177, 0.0389174 
0.178, 0.046479 
0.179, 0.0572102 
0.18, 0.070183 
0.181, 0.0843875 
0.182, 0.0988038 
0.183, 0.112468 
0.184, 0.124526 
0.185, 0.134278 
0.186, 0.141204 
0.187, 0.144981 
0.188, 0.145484 
0.189, 0.142775 
0.19, 0.137089 
0.191, 0.128798 
0.192, 0.118389 
0.193, 0.106426 
0.194, 0.0935116 
0.195, 0.0802611 
0.196, 0.067266 
0.197, 0.0550702 
0.198, 0.0441482 
0.199, 0.0348887 
0.2, 0.0275842 
0.201, 0.0224257 
0.202, 0.0195028 
0.203, 0.0188074 
0.204, 0.020242 
0.205, 0.0236308 
0.206, 0.0287324 
0.207, 0.0352547 
0.208, 0.0428699 
0.209, 0.0512296 
0.21, 0.0599793 
0.211, 0.0687719 
0.212, 0.0772794 
0.213, 0.0852029 
0.214, 0.0922811 
0.215, 0.0982957 
0.216, 0.103076 
0.217, 0.106501 
0.218, 0.108499 
0.219, 0.109046 
0.22, 0.108165 
0.221, 0.10592 
0.222, 0.102409 
0.223, 0.0977648 
0.224, 0.0921429 
0.225, 0.0857176 
0.226, 0.0786762 
0.227, 0.071212 
0.228, 0.0635193 
0.229, 0.0557878 
0.23, 0.048198 
0.231, 0.0409174 
0.232, 0.034097 
0.233, 0.0278688 
0.234, 0.0223438 
0.235, 0.0176107 
0.236, 0.0137356 
0.237, 0.0107617 
0.238, 0.00871016 
0.239, 0.00758087 
0.24, 0.00735404 
0.241, 0.0079919 
0.242, 0.00944073 
0.243, 0.0116331 
0.244, 0.0144901 
0.245, 0.0179238 
0.246, 0.0218396 
0.247, 0.0261386 
0.248, 0.0307196 
0.249, 0.0354817 
0.25, 0.0403255 
0.251, 0.0451553 
0.252, 0.0498808 
0.253, 0.0544179 
0.254, 0.05869 
0.255, 0.062629 
0.256, 0.066176 
0.257, 0.0692812 
0.258, 0.0719049 
0.259, 0.0740169 
0.26, 0.0755968 
0.261, 0.0766333 
0.262, 0.0771245 
0.263, 0.0770764 
0.264, 0.0765032 
0.265, 0.075426 
0.266, 0.0738724 
0.267, 0.0718755 
0.268, 0.069473 
0.269, 0.0667066 
0.27, 0.0636212 
0.271, 0.0602636 
0.272, 0.0566825 
0.273, 0.0529271 
0.274, 0.0490464 
0.275, 0.0450892 
0.276, 0.0411027 
0.277, 0.0371325 
0.278, 0.033222 
0.279, 0.0294118 
0.28, 0.0257395 
0.281, 0.0222394 
0.282, 0.0189425 
0.283, 0.0158759 
0.284, 0.0130629 
0.285, 0.0105232 
0.286, 0.00827231 
0.287, 0.00632224 
0.288, 0.00468116 
0.289, 0.00335366 
0.29, 0.0023409 
0.291, 0.0016408 
0.292, 0.0012482 
0.293, 0.00115514 
0.294, 0.00135106 
0.295, 0.00182306 
0.296, 0.0025562 
0.297, 0.0035337 
0.298, 0.00473724 
0.299, 0.00614722 
0.3, 0.00774302 
0.301, 0.00950322 
0.302, 0.0114059 
0.303, 0.0134289 
0.304, 0.0155497 
0.305, 0.0177463 
0.306, 0.0199968 
0.307, 0.0222797 
0.308, 0.0245743 
0.309, 0.0268606 
0.31, 0.0291197 
0.311, 0.0313334 
0.312, 0.0334849 
0.313, 0.0355585 
0.314, 0.0375398 
0.315, 0.0394156 
0.316, 0.0411742 
0.317, 0.0428052 
0.318, 0.0442994 
0.319, 0.0456494 
0.32, 0.0468488 
0.321, 0.0478926 
0.322, 0.0487771 
0.323, 0.0495 
0.324, 0.0500602 
0.325, 0.0504575 
0.326, 0.0506932 
0.327, 0.0507692 
0.328, 0.0506888 
0.329, 0.0504559 
0.33, 0.0500753 
0.331, 0.0495527 
0.332, 0.0488944 
0.333, 0.0481071 
0.334, 0.0471983 
0.335, 0.0461759 
0.336, 0.0450481 
0.337, 0.0438234 
0.338, 0.0425108 
0.339, 0.0411191 
0.34, 0.0396575 
0.341, 0.0381351 
0.342, 0.0365611 
0.343, 0.0349447 
0.344, 0.0332948 
0.345, 0.0316202 
0.346, 0.0299297 
0.347, 0.0282316 
0.348, 0.0265342 
0.349, 0.0248452 
0.35, 0.0231722 
0.351, 0.0215224 
0.352, 0.0199025 
0.353, 0.018319 
0.354, 0.0167779 
0.355, 0.0152846 
0.356, 0.0138445 
0.357, 0.012462 
0.358, 0.0111416 
0.359, 0.00988702 
0.36, 0.00870166 
0.361, 0.00758847 
0.362, 0.00654995 
0.363, 0.00558821 
0.364, 0.00470492 
0.365, 0.00390137 
0.366, 0.00317844 
0.367, 0.00253664 
0.368, 0.00197614 
0.369, 0.00149672 
0.37, 0.00109787 
0.371, 0.000778757 
0.372, 0.000538237 
0.373, 0.000374905 
0.374, 0.000287092 
0.375, 0.000272891 
0.376, 0.000330169 
0.377, 0.000456594 
0.378, 0.000649647 
0.379, 0.000906645 
0.38, 0.00122475 
0.381, 0.00160101 
0.382, 0.00203234 
0.383, 0.00251557 
0.384, 0.00304746 
0.385, 0.00362468 
0.386, 0.00424387 
0.387, 0.00490164 
0.388, 0.00559457 
0.389, 0.00631925 
0.39, 0.00707225 
0.391, 0.00785019 
0.392, 0.00864971 
0.393, 0.00946748 
0.394, 0.0103002 
0.395, 0.0111448 
0.396, 0.0119979 
0.397, 0.0128567 
0.398, 0.013718 
0.399, 0.0145791 
0.4, 0.0154371 
0.401, 0.0162894 
0.402, 0.0171333 
0.403, 0.0179664 
0.404, 0.0187864 
0.405, 0.0195911 
0.406, 0.0203782 
0.407, 0.0211459 
0.408, 0.0218923 
0.409, 0.0226156 
0.41, 0.0233142 
0.411, 0.0239866 
0.412, 0.0246315 
0.413, 0.0252475 
0.414, 0.0258337 
0.415, 0.0263889 
0.416, 0.0269124 
0.417, 0.0274032 
0.418, 0.0278608 
0.419, 0.0282847 
0.42, 0.0286744 
0.421, 0.0290295 
0.422, 0.0293499 
0.423, 0.0296354 
0.424, 0.029886 
0.425, 0.0301017 
0.426, 0.0302827 
0.427, 0.0304293 
0.428, 0.0305417 
0.429, 0.0306203 
0.43, 0.0306657 
0.431, 0.0306782 
0.432, 0.0306586 
0.433, 0.0306074 
0.434, 0.0305255 
0.435, 0.0304134 
0.436, 0.0302722 
0.437, 0.0301025 
0.438, 0.0299054 
0.439, 0.0296818 
0.44, 0.0294325 
0.441, 0.0291587 
0.442, 0.0288613 
0.443, 0.0285414 
0.444, 0.0282001 
0.445, 0.0278385 
0.446, 0.0274576 
0.447, 0.0270585 
0.448, 0.0266424 
0.449, 0.0262104 
0.45, 0.0257636 
0.451, 0.0253032 
0.452, 0.0248302 
0.453, 0.0243458 
0.454, 0.023851 
0.455, 0.023347 
0.456, 0.0228348 
0.457, 0.0223156 
0.458, 0.0217903 
0.459, 0.0212601 
0.46, 0.0207258 
0.461, 0.0201886 
0.462, 0.0196494 
0.463, 0.0191091 
0.464, 0.0185687 
0.465, 0.0180291 
0.466, 0.0174911 
0.467, 0.0169557 
0.468, 0.0164235 
0.469, 0.0158955 
0.47, 0.0153724 
0.471, 0.014855 
0.472, 0.0143438 
0.473, 0.0138397 
0.474, 0.0133433 
0.475, 0.0128551 
0.476, 0.0123758 
0.477, 0.011906 
0.478, 0.011446 
0.479, 0.0109966 
0.48, 0.010558 
0.481, 0.0101308 
0.482, 0.0097153 
0.483, 0.00931195 
0.484, 0.00892107 
0.485, 0.00854297 
0.486, 0.00817794 
0.487, 0.00782625 
0.488, 0.00748812 
0.489, 0.00716376 
0.49, 0.00685335 
0.491, 0.00655705 
0.492, 0.00627497 
0.493, 0.00600722 
0.494, 0.00575389 
0.495, 0.00551502 
0.496, 0.00529064 
0.497, 0.00508078 
0.498, 0.00488541 
0.499, 0.0047045 
0.5, 0.004538 
0.501, 0.00438584 
0.502, 0.00424794 
0.503, 0.00412417 
0.504, 0.00401442 
0.505, 0.00391855 
0.506, 0.00383639 
0.507, 0.00376778 
0.508, 0.00371253 
0.509, 0.00367045 
0.51, 0.0036413 
0.511, 0.00362489 
0.512, 0.00362096 
0.513, 0.00362926 
0.514, 0.00364956 
0.515, 0.00368157 
0.516, 0.00372502 
0.517, 0.00377964 
0.518, 0.00384512 
0.519, 0.00392118 
0.52, 0.00400751 
0.521, 0.0041038 
0.522, 0.00420975 
0.523, 0.00432502 
0.524, 0.0044493 
0.525, 0.00458226 
0.526, 0.00472358 
0.527, 0.00487293 
0.528, 0.00502997 
0.529, 0.00519437 
0.53, 0.0053658 
0.531, 0.00554392 
0.532, 0.0057284 
0.533, 0.0059189 
0.534, 0.0061151 
0.535, 0.00631665 
0.536, 0.00652324 
0.537, 0.00673453 
0.538, 0.00695019 
0.539, 0.00716991 
0.54, 0.00739336 
0.541, 0.00762022 
0.542, 0.00785019 
0.543, 0.00808296 
0.544, 0.00831821 
0.545, 0.00855565 
0.546, 0.00879498 
0.547, 0.00903591 
0.548, 0.00927815 
0.549, 0.00952142 
0.55, 0.00976544 
0.551, 0.01001 
0.552, 0.0102547 
0.553, 0.0104994 
0.554, 0.0107438 
0.555, 0.0109876 
0.556, 0.0112307 
0.557, 0.0114727 
0.558, 0.0117135 
0.559, 0.0119528 
0.56, 0.0121904 
0.561, 0.0124262 
0.562, 0.0126598 
0.563, 0.0128911 
0.564, 0.0131199 
0.565, 0.0133461 
0.566, 0.0135694 
0.567, 0.0137897 
0.568, 0.0140068 
0.569, 0.0142205 
0.57, 0.0144308 
0.571, 0.0146374 
0.572, 0.0148403 
0.573, 0.0150392 
0.574, 0.0152341 
0.575, 0.0154248 
0.576, 0.0156113 
0.577, 0.0157934 
0.578, 0.015971 
0.579, 0.016144 
0.58, 0.0163124 
0.581, 0.016476 
0.582, 0.0166349 
0.583, 0.0167888 
0.584, 0.0169378 
0.585, 0.0170818 
0.586, 0.0172207 
0.587, 0.0173545 
0.588, 0.0174831 
0.589, 0.0176066 
0.59, 0.0177248 
0.591, 0.0178377 
0.592, 0.0179454 
0.593, 0.0180478 
0.594, 0.0181448 
0.595, 0.0182366 
0.596, 0.018323 
0.597, 0.0184041 
0.598, 0.0184799 
0.599, 0.0185504 
0.6, 0.0186155 
0.601, 0.0186754 
0.602, 0.0187301 
0.603, 0.0187794 
0.604, 0.0188236 
0.605, 0.0188626 
0.606, 0.0188965 
0.607, 0.0189252 
0.608, 0.0189489 
0.609, 0.0189675 
0.61, 0.0189812 
0.611, 0.01899 
0.612, 0.0189939 
0.613, 0.0189929 
0.614, 0.0189872 
0.615, 0.0189768 
0.616, 0.0189617 
0.617, 0.0189421 
0.618, 0.018918 
0.619, 0.0188894 
0.62, 0.0188564 
0.621, 0.0188192 
0.622, 0.0187777 
0.623, 0.0187321 
0.624, 0.0186824 
0.625, 0.0186287 
0.626, 0.018571 
0.627, 0.0185096 
0.628, 0.0184444 
0.629, 0.0183755 
0.63, 0.018303 
0.631, 0.018227 
0.632, 0.0181477 
0.633, 0.0180649 
0.634, 0.017979 
0.635, 0.0178898 
0.636, 0.0177976 
0.637, 0.0177025 
0.638, 0.0176044 
0.639, 0.0175035 
0.64, 0.0173999 
0.641, 0.0172937 
0.642, 0.017185 
0.643, 0.0170738 
0.644, 0.0169602 
0.645, 0.0168444 
0.646, 0.0167264 
0.647, 0.0166064 
0.648, 0.0164843 
0.649, 0.0163603 
0.65, 0.0162345 
0.651, 0.016107 
0.652, 0.0159778 
0.653, 0.015847 
0.654, 0.0157148 
0.655, 0.0155812 
0.656, 0.0154463 
0.657, 0.0153102 
0.658, 0.015173 
0.659, 0.0150347 
0.66, 0.0148954 
0.661, 0.0147553 
0.662, 0.0146144 
0.663, 0.0144727 
0.664, 0.0143304 
0.665, 0.0141875 
0.666, 0.0140441 
0.667, 0.0139004 
0.668, 0.0137563 
0.669, 0.0136119 
0.67, 0.0134673 
0.671, 0.0133227 
0.672, 0.0131779 
0.673, 0.0130333 
0.674, 0.0128887 
0.675, 0.0127442 
0.676, 0.0126 
0.677, 0.0124561 
0.678, 0.0123126 
0.679, 0.0121695 
0.68, 0.0120268 
0.681, 0.0118848 
0.682, 0.0117433 
0.683, 0.0116025 
0.684, 0.0114624 
0.685, 0.0113231 
0.686, 0.0111847 
0.687, 0.0110471 
0.688, 0.0109105 
0.689, 0.0107748 
0.69, 0.0106403 
0.691, 0.0105068 
0.692, 0.0103744 
0.693, 0.0102433 
0.694, 0.0101134 
0.695, 0.00998471 
0.696, 0.00985739 
0.697, 0.00973144 
0.698, 0.00960689 
0.699, 0.00948378 
0.7, 0.00936216 
0.701, 0.00924205 
0.702, 0.00912351 
0.703, 0.00900655 
0.704, 0.00889122 
0.705, 0.00877754 
0.706, 0.00866555 
0.707, 0.00855528 
0.708, 0.00844675 
0.709, 0.00834 
0.71, 0.00823505 
0.711, 0.00813192 
0.712, 0.00803065 
0.713, 0.00793125 
0.714, 0.00783375 
0.715, 0.00773816 
0.716, 0.00764452 
0.717, 0.00755283 
0.718, 0.00746311 
0.719, 0.00737539 
0.72, 0.00728968 
0.721, 0.00720599 
0.722, 0.00712433 
0.723, 0.00704473 
0.724, 0.00696719 
0.725, 0.00689173 
0.726, 0.00681834 
0.727, 0.00674706 
0.728, 0.00667787 
0.729, 0.0066108 
0.73, 0.00654584 
0.731, 0.006483 
0.732, 0.00642229 
0.733, 0.00636371 
0.734, 0.00630726 
0.735, 0.00625295 
0.736, 0.00620078 
0.737, 0.00615075 
0.738, 0.00610286 
0.739, 0.00605711 
0.74, 0.0060135 
0.741, 0.00597202 
0.742, 0.00593268 
0.743, 0.00589546 
0.744, 0.00586037 
0.745, 0.0058274 
0.746, 0.00579654 
0.747, 0.0057678 
0.748, 0.00574115 
0.749, 0.0057166 
0.75, 0.00569414 
0.751, 0.00567375 
0.752, 0.00565544 
0.753, 0.00563918 
0.754, 0.00562497 
0.755, 0.0056128 
0.756, 0.00560266 
0.757, 0.00559453 
0.758, 0.00558841 
0.759, 0.00558427 
0.76, 0.00558212 
0.761, 0.00558192 
0.762, 0.00558368 
0.763, 0.00558737 
0.764, 0.00559298 
0.765, 0.0056005 
0.766, 0.0056099 
0.767, 0.00562118 
0.768, 0.00563432 
0.769, 0.00564929 
0.77, 0.00566609 
0.771, 0.00568469 
0.772, 0.00570508 
0.773, 0.00572724 
0.774, 0.00575114 
0.775, 0.00577678 
0.776, 0.00580414 
0.777, 0.00583319 
0.778, 0.00586391 
0.779, 0.00589629 
0.78, 0.0059303 
0.781, 0.00596592 
0.782, 0.00600315 
0.783, 0.00604194 
0.784, 0.00608229 
0.785, 0.00612417 
0.786, 0.00616756 
0.787, 0.00621244 
0.788, 0.0062588 
0.789, 0.00630659 
0.79, 0.00635582 
0.791, 0.00640644 
0.792, 0.00645845 
0.793, 0.00651182 
0.794, 0.00656652 
0.795, 0.00662255 
0.796, 0.00667986 
0.797, 0.00673845 
0.798, 0.00679828 
0.799, 0.00685934 
0.8, 0.0069216 
0.801, 0.00698505 
0.802, 0.00704965 
0.803, 0.00711539 
0.804, 0.00718224 
0.805, 0.00725018 
0.806, 0.00731919 
0.807, 0.00738925 
0.808, 0.00746033 
0.809, 0.00753241 
0.81, 0.00760546 
0.811, 0.00767947 
0.812, 0.00775441 
0.813, 0.00783027 
0.814, 0.00790701 
0.815, 0.00798461 
0.816, 0.00806306 
0.817, 0.00814232 
0.818, 0.00822239 
0.819, 0.00830323 
0.82, 0.00838482 
0.821, 0.00846715 
0.822, 0.00855018 
0.823, 0.0086339 
0.824, 0.00871829 
0.825, 0.00880332 
0.826, 0.00888898 
0.827, 0.00897523 
0.828, 0.00906207 
0.829, 0.00914946 
0.83, 0.0092374 
0.831, 0.00932584 
0.832, 0.00941479 
0.833, 0.00950421 
0.834, 0.00959408 
0.835, 0.00968439 
0.836, 0.0097751 
0.837, 0.00986622 
0.838, 0.0099577 
0.839, 0.0100495 
0.84, 0.0101417 
0.841, 0.0102342 
0.842, 0.010327 
0.843, 0.01042 
0.844, 0.0105133 
0.845, 0.0106069 
0.846, 0.0107006 
0.847, 0.0107946 
0.848, 0.0108887 
0.849, 0.010983 
0.85, 0.0110775 
0.851, 0.0111721 
0.852, 0.0112667 
0.853, 0.0113615 
0.854, 0.0114563 
0.855, 0.0115512 
0.856, 0.0116462 
0.857, 0.0117411 
0.858, 0.0118361 
0.859, 0.011931 
0.86, 0.012026 
0.861, 0.0121208 
0.862, 0.0122156 
0.863, 0.0123104 
0.864, 0.012405 
0.865, 0.0124995 
0.866, 0.012594 
0.867, 0.0126882 
0.868, 0.0127823 
0.869, 0.0128763 
0.87, 0.01297 
0.871, 0.0130636 
0.872, 0.013157 
0.873, 0.0132501 
0.874, 0.013343 
0.875, 0.0134356 
0.876, 0.013528 
0.877, 0.0136201 
0.878, 0.0137119 
0.879, 0.0138034 
0.88, 0.0138945 
0.881, 0.0139854 
0.882, 0.0140758 
0.883, 0.014166 
0.884, 0.0142558 
0.885, 0.0143451 
0.886, 0.0144341 
0.887, 0.0145227 
0.888, 0.0146109 
0.889, 0.0146987 
0.89, 0.014786 
0.891, 0.0148729 
0.892, 0.0149593 
0.893, 0.0150452 
0.894, 0.0151307 
0.895, 0.0152157 
0.896, 0.0153002 
0.897, 0.0153842 
0.898, 0.0154676 
0.899, 0.0155506 
0.9, 0.015633 
0.901, 0.0157149 
0.902, 0.0157962 
0.903, 0.0158769 
0.904, 0.0159571 
0.905, 0.0160367 
0.906, 0.0161158 
0.907, 0.0161942 
0.908, 0.016272 
0.909, 0.0163493 
0.91, 0.0164259 
0.911, 0.0165019 
0.912, 0.0165772 
0.913, 0.016652 
0.914, 0.0167261 
0.915, 0.0167995 
0.916, 0.0168723 
0.917, 0.0169444 
0.918, 0.0170159 
0.919, 0.0170867 
0.92, 0.0171568 
0.921, 0.0172262 
0.922, 0.0172949 
0.923, 0.017363 
0.924, 0.0174303 
0.925, 0.017497 
0.926, 0.0175629 
0.927, 0.0176281 
0.928, 0.0176926 
0.929, 0.0177564 
0.93, 0.0178195 
0.931, 0.0178818 
0.932, 0.0179434 
0.933, 0.0180042 
0.934, 0.0180643 
0.935, 0.0181237 
0.936, 0.0181823 
0.937, 0.0182402 
0.938, 0.0182973 
0.939, 0.0183537 
0.94, 0.0184093 
0.941, 0.0184641 
0.942, 0.0185182 
0.943, 0.0185715 
0.944, 0.018624 
0.945, 0.0186758 
0.946, 0.0187268 
0.947, 0.018777 
0.948, 0.0188264 
0.949, 0.0188751 
0.95, 0.018923 
0.951, 0.0189701 
0.952, 0.0190164 
0.953, 0.0190619 
0.954, 0.0191067 
0.955, 0.0191506 
0.956, 0.0191938 
0.957, 0.0192362 
0.958, 0.0192778 
0.959, 0.0193186 
0.96, 0.0193586 
0.961, 0.0193979 
0.962, 0.0194363 
0.963, 0.019474 
0.964, 0.0195108 
0.965, 0.0195469 
0.966, 0.0195822 
0.967, 0.0196167 
0.968, 0.0196504 
0.969, 0.0196833 
0.97, 0.0197155 
0.971, 0.0197468 
0.972, 0.0197774 
0.973, 0.0198072 
0.974, 0.0198361 
0.975, 0.0198644 
0.976, 0.0198918 
0.977, 0.0199184 
0.978, 0.0199443 
0.979, 0.0199694 
0.98, 0.0199937 
0.981, 0.0200172 
0.982, 0.02004 
0.983, 0.020062 
0.984, 0.0200832 
0.985, 0.0201036 
0.986, 0.0201233 
0.987, 0.0201422 
0.988, 0.0201604 
0.989, 0.0201778 
0.99, 0.0201944 
0.991, 0.0202103 
0.992, 0.0202254 
0.993, 0.0202398 
0.994, 0.0202534 
0.995, 0.0202663 
0.996, 0.0202784 
0.997, 0.0202898 
0.998, 0.0203005 
0.999, 0.0203104 
1, 0.0203195 
1.001, 0.020328 
1.002, 0.0203357 
1.003, 0.0203427 
1.004, 0.020349 
1.005, 0.0203545 
1.006, 0.0203594 
1.007, 0.0203635 
1.008, 0.0203669 
1.009, 0.0203696 
1.01, 0.0203716 
1.011, 0.0203729 
1.012, 0.0203735 
1.013, 0.0203734 
1.014, 0.0203726 
1.015, 0.0203711 
1.016, 0.020369 
1.017, 0.0203662 
1.018, 0.0203626 
1.019, 0.0203585 
1.02, 0.0203536 
1.021, 0.0203481 
1.022, 0.0203419 
1.023, 0.0203351 
1.024, 0.0203276 
1.025, 0.0203194 
1.026, 0.0203107 
1.027, 0.0203012 
1.028, 0.0202912 
1.029, 0.0202805 
1.03, 0.0202691 
1.031, 0.0202572 
1.032, 0.0202446 
1.033, 0.0202314 
1.034, 0.0202175 
1.035, 0.0202031 
1.036, 0.0201881 
1.037, 0.0201724 
1.038, 0.0201562 
1.039, 0.0201394 
1.04, 0.0201219 
1.041, 0.0201039 
1.042, 0.0200853 
1.043, 0.0200662 
1.044, 0.0200464 
1.045, 0.0200261 
1.046, 0.0200052 
1.047, 0.0199838 
1.048, 0.0199618 
1.049, 0.0199393 
1.05, 0.0199162 
1.051, 0.0198925 
1.052, 0.0198684 
1.053, 0.0198436 
1.054, 0.0198184 
1.055, 0.0197926 
1.056, 0.0197664 
1.057, 0.0197396 
1.058, 0.0197122 
1.059, 0.0196844 
1.06, 0.0196561 
1.061, 0.0196273 
1.062, 0.0195979 
1.063, 0.0195681 
1.064, 0.0195378 
1.065, 0.019507 
1.066, 0.0194758 
1.067, 0.0194441 
1.068, 0.0194119 
1.069, 0.0193792 
1.07, 0.0193461 
1.071, 0.0193125 
1.072, 0.0192785 
1.073, 0.019244 
1.074, 0.0192091 
1.075, 0.0191737 
1.076, 0.019138 
1.077, 0.0191017 
1.078, 0.0190651 
1.079, 0.0190281 
1.08, 0.0189906 
1.081, 0.0189527 
1.082, 0.0189144 
1.083, 0.0188757 
1.084, 0.0188367 
1.085, 0.0187972 
1.086, 0.0187573 
1.087, 0.0187171 
1.088, 0.0186765 
1.089, 0.0186354 
1.09, 0.0185941 
1.091, 0.0185523 
1.092, 0.0185102 
1.093, 0.0184678 
1.094, 0.018425 
1.095, 0.0183818 
1.096, 0.0183383 
1.097, 0.0182945 
1.098, 0.0182503 
1.099, 0.0182058 
1.1, 0.018161 
1.101, 0.0181158 
1.102, 0.0180703 
1.103, 0.0180245 
1.104, 0.0179784 
1.105, 0.017932 
1.106, 0.0178853 
1.107, 0.0178383 
1.108, 0.017791 
1.109, 0.0177434 
1.11, 0.0176956 
1.111, 0.0176474 
1.112, 0.017599 
1.113, 0.0175503 
1.114, 0.0175013 
1.115, 0.0174521 
1.116, 0.0174026 
1.117, 0.0173528 
1.118, 0.0173028 
1.119, 0.0172526 
1.12, 0.0172021 
1.121, 0.0171514 
1.122, 0.0171004 
1.123, 0.0170492 
1.124, 0.0169978 
1.125, 0.0169462 
1.126, 0.0168943 
1.127, 0.0168422 
1.128, 0.0167899 
1.129, 0.0167374 
1.13, 0.0166847 
1.131, 0.0166318 
1.132, 0.0165787 
1.133, 0.0165254 
1.134, 0.0164719 
1.135, 0.0164183 
1.136, 0.0163644 
1.137, 0.0163104 
1.138, 0.0162562 
1.139, 0.0162018 
1.14, 0.0161473 
1.141, 0.0160926 
1.142, 0.0160378 
1.143, 0.0159828 
1.144, 0.0159276 
1.145, 0.0158723 
1.146, 0.0158168 
1.147, 0.0157612 
1.148, 0.0157055 
1.149, 0.0156497 
1.15, 0.0155937 
1.151, 0.0155375 
1.152, 0.0154813 
1.153, 0.0154249 
1.154, 0.0153685 
1.155, 0.0153119 
1.156, 0.0152552 
1.157, 0.0151984 
1.158, 0.0151415 
1.159, 0.0150845 
1.16, 0.0150274 
1.161, 0.0149702 
1.162, 0.0149129 
1.163, 0.0148555 
1.164, 0.0147981 
1.165, 0.0147405 
1.166, 0.0146829 
1.167, 0.0146253 
1.168, 0.0145675 
1.169, 0.0145097 
1.17, 0.0144518 
1.171, 0.0143939 
1.172, 0.0143359 
1.173, 0.0142778 
1.174, 0.0142197 
1.175, 0.0141616 
1.176, 0.0141034 
1.177, 0.0140451 
1.178, 0.0139868 
1.179, 0.0139285 
1.18, 0.0138702 
1.181, 0.0138118 
1.182, 0.0137534 
1.183, 0.013695 
1.184, 0.0136365 
1.185, 0.013578 
1.186, 0.0135196 
1.187, 0.013461 
1.188, 0.0134025 
1.189, 0.013344 
1.19, 0.0132855 
1.191, 0.013227 
1.192, 0.0131684 
1.193, 0.0131099 
1.194, 0.0130514 
1.195, 0.0129929 
1.196, 0.0129344 
1.197, 0.0128759 
1.198, 0.0128174 
1.199, 0.0127589 
1.2, 0.0127005 
1.201, 0.0126421 
1.202, 0.0125837 
1.203, 0.0125253 
1.204, 0.012467 
1.205, 0.0124087 
1.206, 0.0123505 
1.207, 0.0122922 
1.208, 0.0122341 
1.209, 0.0121759 
1.21, 0.0121178 
1.211, 0.0120598 
1.212, 0.0120018 
1.213, 0.0119438 
1.214, 0.0118859 
1.215, 0.0118281 
1.216, 0.0117703 
1.217, 0.0117126 
1.218, 0.0116549 
1.219, 0.0115974 
1.22, 0.0115398 
1.221, 0.0114824 
1.222, 0.011425 
1.223, 0.0113677 
1.224, 0.0113104 
1.225, 0.0112533 
1.226, 0.0111962 
1.227, 0.0111392 
1.228, 0.0110823 
1.229, 0.0110255 
1.23, 0.0109687 
1.231, 0.0109121 
1.232, 0.0108555 
1.233, 0.010799 
1.234, 0.0107426 
1.235, 0.0106864 
1.236, 0.0106302 
1.237, 0.0105741 
1.238, 0.0105181 
1.239, 0.0104622 
1.24, 0.0104065 
1.241, 0.0103508 
1.242, 0.0102953 
1.243, 0.0102398 
1.244, 0.0101845 
1.245, 0.0101293 
1.246, 0.0100741 
1.247, 0.0100192 
1.248, 0.00996429 
1.249, 0.00990954 
1.25, 0.00985492 
1.251, 0.00980041 
1.252, 0.00974604 
1.253, 0.00969178 
1.254, 0.00963766 
1.255, 0.00958367 
1.256, 0.0095298 
1.257, 0.00947607 
1.258, 0.00942247 
1.259, 0.00936901 
1.26, 0.00931568 
1.261, 0.0092625 
1.262, 0.00920945 
1.263, 0.00915654 
1.264, 0.00910378 
1.265, 0.00905115 
1.266, 0.00899868 
1.267, 0.00894634 
1.268, 0.00889416 
1.269, 0.00884212 
1.27, 0.00879024 
1.271, 0.0087385 
1.272, 0.00868692 
1.273, 0.00863549 
1.274, 0.00858422 
1.275, 0.0085331 
1.276, 0.00848214 
1.277, 0.00843133 
1.278, 0.00838069 
1.279, 0.0083302 
1.28, 0.00827988 
1.281, 0.00822972 
1.282, 0.00817972 
1.283, 0.00812989 
1.284, 0.00808022 
1.285, 0.00803072 
1.286, 0.00798139 
1.287, 0.00793222 
1.288, 0.00788323 
1.289, 0.0078344 
1.29, 0.00778575 
1.291, 0.00773727 
1.292, 0.00768896 
1.293, 0.00764083 
1.294, 0.00759287 
1.295, 0.00754509 
1.296, 0.00749748 
1.297, 0.00745005 
1.298, 0.0074028 
1.299, 0.00735573 
1.3, 0.00730885 
1.301, 0.00726214 
1.302, 0.00721561 
1.303, 0.00716927 
1.304, 0.0071231 
1.305, 0.00707713 
1.306, 0.00703134 
1.307, 0.00698573 
1.308, 0.00694031 
1.309, 0.00689507 
1.31, 0.00685003 
1.311, 0.00680517 
1.312, 0.0067605 
1.313, 0.00671602 
1.314, 0.00667173 
1.315, 0.00662764 
1.316, 0.00658373 
1.317, 0.00654001 
1.318, 0.00649649 
1.319, 0.00645316 
1.32, 0.00641003 
1.321, 0.00636708 
1.322, 0.00632434 
1.323, 0.00628179 
1.324, 0.00623943 
1.325, 0.00619727 
1.326, 0.00615531 
1.327, 0.00611355 
1.328, 0.00607198 
1.329, 0.00603061 
1.33, 0.00598944 
1.331, 0.00594847 
1.332, 0.0059077 
1.333, 0.00586713 
1.334, 0.00582676 
1.335, 0.00578659 
1.336, 0.00574662 
1.337, 0.00570685 
1.338, 0.00566729 
1.339, 0.00562793 
1.34, 0.00558877 
1.341, 0.00554981 
1.342, 0.00551106 
1.343, 0.00547251 
1.344, 0.00543416 
1.345, 0.00539602 
1.346, 0.00535808 
1.347, 0.00532035 
1.348, 0.00528282 
1.349, 0.0052455 
1.35, 0.00520838 
1.351, 0.00517147 
1.352, 0.00513477 
1.353, 0.00509827 
1.354, 0.00506198 
1.355, 0.0050259 
1.356, 0.00499002 
1.357, 0.00495435 
1.358, 0.00491888 
1.359, 0.00488363 
1.36, 0.00484858 
1.361, 0.00481374 
1.362, 0.00477911 
1.363, 0.00474468 
1.364, 0.00471047 
1.365, 0.00467646 
1.366, 0.00464266 
1.367, 0.00460907 
1.368, 0.00457569 
1.369, 0.00454251 
1.37, 0.00450955 
1.371, 0.00447679 
1.372, 0.00444425 
1.373, 0.00441191 
1.374, 0.00437978 
1.375, 0.00434786 
1.376, 0.00431615 
1.377, 0.00428465 
1.378, 0.00425335 
1.379, 0.00422227 
1.38, 0.0041914 
1.381, 0.00416073 
1.382, 0.00413028 
1.383, 0.00410003 
1.384, 0.00406999 
1.385, 0.00404016 
1.386, 0.00401054 
1.387, 0.00398113 
1.388, 0.00395193 
1.389, 0.00392294 
1.39, 0.00389416 
1.391, 0.00386558 
1.392, 0.00383722 
1.393, 0.00380906 
1.394, 0.00378111 
1.395, 0.00375337 
1.396, 0.00372584 
1.397, 0.00369852 
1.398, 0.0036714 
1.399, 0.00364449 
1.4, 0.00361779 
1.401, 0.0035913 
1.402, 0.00356502 
1.403, 0.00353894 
1.404, 0.00351307 
1.405, 0.00348741 
1.406, 0.00346195 
1.407, 0.0034367 
1.408, 0.00341166 
1.409, 0.00338683 
1.41, 0.0033622 
1.411, 0.00333777 
1.412, 0.00331356 
1.413, 0.00328955 
1.414, 0.00326574 
1.415, 0.00324214 
1.416, 0.00321875 
1.417, 0.00319556 
1.418, 0.00317257 
1.419, 0.00314979 
1.42, 0.00312721 
1.421, 0.00310484 
1.422, 0.00308267 
1.423, 0.0030607 
1.424, 0.00303894 
1.425, 0.00301738 
1.426, 0.00299602 
1.427, 0.00297487 
1.428, 0.00295392 
1.429, 0.00293317 
1.43, 0.00291262 
1.431, 0.00289227 
1.432, 0.00287212 
1.433, 0.00285218 
1.434, 0.00283243 
1.435, 0.00281289 
1.436, 0.00279354 
1.437, 0.0027744 
1.438, 0.00275545 
1.439, 0.0027367 
1.44, 0.00271815 
1.441, 0.0026998 
1.442, 0.00268165 
1.443, 0.0026637 
1.444, 0.00264594 
1.445, 0.00262838 
1.446, 0.00261101 
1.447, 0.00259385 
1.448, 0.00257687 
1.449, 0.0025601 
1.45, 0.00254352 
1.451, 0.00252713 
1.452, 0.00251094 
1.453, 0.00249494 
1.454, 0.00247914 
1.455, 0.00246352 
1.456, 0.00244811 
1.457, 0.00243288 
1.458, 0.00241785 
1.459, 0.00240301 
1.46, 0.00238836 
1.461, 0.0023739 
1.462, 0.00235963 
1.463, 0.00234556 
1.464, 0.00233167 
1.465, 0.00231797 
1.466, 0.00230446 
1.467, 0.00229114 
1.468, 0.00227801 
1.469, 0.00226506 
1.47, 0.00225231 
1.471, 0.00223974 
1.472, 0.00222735 
1.473, 0.00221516 
1.474, 0.00220315 
1.475, 0.00219132 
1.476, 0.00217968 
1.477, 0.00216822 
1.478, 0.00215695 
1.479, 0.00214586 
1.48, 0.00213495 
1.481, 0.00212423 
1.482, 0.00211369 
1.483, 0.00210333 
1.484, 0.00209315 
1.485, 0.00208316 
1.486, 0.00207334 
1.487, 0.0020637 
1.488, 0.00205425 
1.489, 0.00204497 
1.49, 0.00203587 
1.491, 0.00202695 
1.492, 0.00201821 
1.493, 0.00200964 
1.494, 0.00200125 
1.495, 0.00199304 
1.496, 0.001985 
1.497, 0.00197714 
1.498, 0.00196945 
1.499, 0.00196194 
1.5, 0.0019546 
1.501, 0.00194743 
1.502, 0.00194044 
1.503, 0.00193362 
1.504, 0.00192697 
1.505, 0.0019205 
1.506, 0.00191419 
1.507, 0.00190806 
1.508, 0.00190209 
1.509, 0.0018963 
1.51, 0.00189067 
1.511, 0.00188521 
1.512, 0.00187992 
1.513, 0.0018748 
1.514, 0.00186985 
1.515, 0.00186506 
1.516, 0.00186043 
1.517, 0.00185598 
1.518, 0.00185169 
1.519, 0.00184756 
1.52, 0.0018436 
1.521, 0.0018398 
1.522, 0.00183616 
1.523, 0.00183269 
1.524, 0.00182937 
1.525, 0.00182622 
1.526, 0.00182323 
1.527, 0.00182041 
1.528, 0.00181774 
1.529, 0.00181523 
1.53, 0.00181288 
1.531, 0.00181068 
1.532, 0.00180865 
1.533, 0.00180677 
1.534, 0.00180505 
1.535, 0.00180349 
1.536, 0.00180208 
1.537, 0.00180083 
1.538, 0.00179973 
1.539, 0.00179879 
1.54, 0.001798 
1.541, 0.00179737 
1.542, 0.00179688 
1.543, 0.00179655 
1.544, 0.00179637 
1.545, 0.00179634 
1.546, 0.00179647 
1.547, 0.00179674 
1.548, 0.00179716 
1.549, 0.00179773 
1.55, 0.00179845 
1.551, 0.00179932 
1.552, 0.00180034 
1.553, 0.0018015 
1.554, 0.00180281 
1.555, 0.00180426 
1.556, 0.00180586 
1.557, 0.00180761 
1.558, 0.0018095 
1.559, 0.00181153 
1.56, 0.00181371 
1.561, 0.00181603 
1.562, 0.00181849 
1.563, 0.0018211 
1.564, 0.00182384 
1.565, 0.00182673 
1.566, 0.00182975 
1.567, 0.00183292 
1.568, 0.00183622 
1.569, 0.00183966 
1.57, 0.00184324 
1.571, 0.00184696 
1.572, 0.00185082 
1.573, 0.00185481 
1.574, 0.00185894 
1.575, 0.0018632 
1.576, 0.0018676 
1.577, 0.00187213 
1.578, 0.0018768 
1.579, 0.0018816 
1.58, 0.00188653 
1.581, 0.00189159 
1.582, 0.00189679 
1.583, 0.00190211 
1.584, 0.00190757 
1.585, 0.00191316 
1.586, 0.00191888 
1.587, 0.00192472 
1.588, 0.0019307 
1.589, 0.0019368 
1.59, 0.00194303 
1.591, 0.00194939 
1.592, 0.00195587 
1.593, 0.00196248 
1.594, 0.00196922 
1.595, 0.00197608 
1.596, 0.00198306 
1.597, 0.00199017 
1.598, 0.0019974 
1.599, 0.00200476 
1.6, 0.00201223 
1.601, 0.00201983 
1.602, 0.00202755 
1.603, 0.00203539 
1.604, 0.00204335 
1.605, 0.00205143 
1.606, 0.00205963 
1.607, 0.00206795 
1.608, 0.00207638 
1.609, 0.00208494 
1.61, 0.00209361 
1.611, 0.00210239 
1.612, 0.0021113 
1.613, 0.00212032 
1.614, 0.00212945 
1.615, 0.0021387 
1.616, 0.00214806 
1.617, 0.00215753 
1.618, 0.00216712 
1.619, 0.00217682 
1.62, 0.00218664 
1.621, 0.00219656 
1.622, 0.0022066 
1.623, 0.00221674 
1.624, 0.002227 
1.625, 0.00223736 
1.626, 0.00224783 
1.627, 0.00225842 
1.628, 0.00226911 
1.629, 0.0022799 
1.63, 0.00229081 
1.631, 0.00230182 
1.632, 0.00231293 
1.633, 0.00232415 
1.634, 0.00233548 
1.635, 0.00234691 
1.636, 0.00235844 
1.637, 0.00237008 
1.638, 0.00238182 
1.639, 0.00239367 
1.64, 0.00240561 
1.641, 0.00241766 
1.642, 0.0024298 
1.643, 0.00244205 
1.644, 0.0024544 
1.645, 0.00246684 
1.646, 0.00247939 
1.647, 0.00249203 
1.648, 0.00250477 
1.649, 0.00251761 
1.65, 0.00253055 
1.651, 0.00254358 
1.652, 0.00255671 
1.653, 0.00256993 
1.654, 0.00258325 
1.655, 0.00259666 
1.656, 0.00261017 
1.657, 0.00262377 
1.658, 0.00263746 
1.659, 0.00265125 
1.66, 0.00266513 
1.661, 0.0026791 
1.662, 0.00269316 
1.663, 0.00270731 
1.664, 0.00272155 
1.665, 0.00273588 
1.666, 0.00275031 
1.667, 0.00276481 
1.668, 0.00277941 
1.669, 0.0027941 
1.67, 0.00280887 
1.671, 0.00282373 
1.672, 0.00283868 
1.673, 0.00285371 
1.674, 0.00286883 
1.675, 0.00288403 
1.676, 0.00289931 
1.677, 0.00291469 
1.678, 0.00293014 
1.679, 0.00294568 
1.68, 0.0029613 
1.681, 0.002977 
1.682, 0.00299279 
1.683, 0.00300865 
1.684, 0.0030246 
1.685, 0.00304062 
1.686, 0.00305673 
1.687, 0.00307292 
1.688, 0.00308918 
1.689, 0.00310553 
1.69, 0.00312195 
1.691, 0.00313845 
1.692, 0.00315503 
1.693, 0.00317168 
1.694, 0.00318841 
1.695, 0.00320522 
1.696, 0.0032221 
1.697, 0.00323905 
1.698, 0.00325608 
1.699, 0.00327319 
1.7, 0.00329037 
1.701, 0.00330762 
1.702, 0.00332495 
1.703, 0.00334234 
1.704, 0.00335981 
1.705, 0.00337735 
1.706, 0.00339496 
1.707, 0.00341265 
1.708, 0.0034304 
1.709, 0.00344822 
1.71, 0.00346611 
1.711, 0.00348407 
1.712, 0.0035021 
1.713, 0.0035202 
1.714, 0.00353837 
1.715, 0.0035566 
1.716, 0.0035749 
1.717, 0.00359326 
1.718, 0.00361169 
1.719, 0.00363019 
1.72, 0.00364875 
1.721, 0.00366738 
1.722, 0.00368607 
1.723, 0.00370483 
1.724, 0.00372364 
1.725, 0.00374253 
1.726, 0.00376147 
1.727, 0.00378048 
1.728, 0.00379955 
1.729, 0.00381868 
1.73, 0.00383787 
1.731, 0.00385712 
1.732, 0.00387643 
1.733, 0.0038958 
1.734, 0.00391523 
1.735, 0.00393472 
1.736, 0.00395427 
1.737, 0.00397388 
1.738, 0.00399354 
1.739, 0.00401326 
1.74, 0.00403304 
1.741, 0.00405288 
1.742, 0.00407277 
1.743, 0.00409272 
1.744, 0.00411272 
1.745, 0.00413278 
1.746, 0.00415289 
1.747, 0.00417306 
1.748, 0.00419328 
1.749, 0.00421355 
1.75, 0.00423388 
1.751, 0.00425426 
1.752, 0.0042747 
1.753, 0.00429518 
1.754, 0.00431572 
1.755, 0.0043363 
1.756, 0.00435694 
1.757, 0.00437763 
1.758, 0.00439837 
1.759, 0.00441916 
1.76, 0.00444 
1.761, 0.00446089 
1.762, 0.00448182 
1.763, 0.00450281 
1.764, 0.00452384 
1.765, 0.00454492 
1.766, 0.00456605 
1.767, 0.00458722 
1.768, 0.00460844 
1.769, 0.00462971 
1.77, 0.00465102 
1.771, 0.00467238 
1.772, 0.00469378 
1.773, 0.00471523 
1.774, 0.00473672 
1.775, 0.00475825 
1.776, 0.00477983 
1.777, 0.00480146 
1.778, 0.00482312 
1.779, 0.00484483 
1.78, 0.00486658 
1.781, 0.00488837 
1.782, 0.00491021 
1.783, 0.00493208 
1.784, 0.004954 
1.785, 0.00497595 
1.786, 0.00499795 
1.787, 0.00501998 
1.788, 0.00504206 
1.789, 0.00506417 
1.79, 0.00508633 
1.791, 0.00510852 
1.792, 0.00513075 
1.793, 0.00515301 
1.794, 0.00517532 
1.795, 0.00519766 
1.796, 0.00522004 
1.797, 0.00524246 
1.798, 0.00526491 
1.799, 0.0052874 
1.8, 0.00530992 
1.801, 0.00533248 
1.802, 0.00535507 
1.803, 0.0053777 
1.804, 0.00540036 
1.805, 0.00542305 
1.806, 0.00544578 
1.807, 0.00546854 
1.808, 0.00549134 
1.809, 0.00551417 
1.81, 0.00553703 
1.811, 0.00555992 
1.812, 0.00558284 
1.813, 0.0056058 
1.814, 0.00562878 
1.815, 0.0056518 
1.816, 0.00567485 
1.817, 0.00569792 
1.818, 0.00572103 
1.819, 0.00574417 
1.82, 0.00576733 
1.821, 0.00579053 
1.822, 0.00581375 
1.823, 0.005837 
1.824, 0.00586028 
1.825, 0.00588359 
1.826, 0.00590693 
1.827, 0.00593029 
1.828, 0.00595368 
1.829, 0.00597709 
1.83, 0.00600053 
1.831, 0.006024 
1.832, 0.00604749 
1.833, 0.00607101 
1.834, 0.00609456 
1.835, 0.00611812 
1.836, 0.00614172 
1.837, 0.00616533 
1.838, 0.00618897 
1.839, 0.00621264 
1.84, 0.00623633 
1.841, 0.00626004 
1.842, 0.00628377 
1.843, 0.00630753 
1.844, 0.00633131 
1.845, 0.00635511 
1.846, 0.00637893 
1.847, 0.00640278 
1.848, 0.00642664 
1.849, 0.00645053 
1.85, 0.00647443 
1.851, 0.00649836 
1.852, 0.00652231 
1.853, 0.00654627 
1.854, 0.00657026 
1.855, 0.00659427 
1.856, 0.00661829 
1.857, 0.00664234 
1.858, 0.0066664 
1.859, 0.00669048 
1.86, 0.00671458 
1.861, 0.00673869 
1.862, 0.00676283 
1.863, 0.00678698 
1.864, 0.00681114 
1.865, 0.00683533 
1.866, 0.00685953 
1.867, 0.00688375 
1.868, 0.00690798 
1.869, 0.00693223 
1.87, 0.00695649 
1.871, 0.00698077 
1.872, 0.00700507 
1.873, 0.00702937 
1.874, 0.0070537 
1.875, 0.00707804 
1.876, 0.00710239 
1.877, 0.00712675 
1.878, 0.00715113 
1.879, 0.00717552 
1.88, 0.00719993 
1.881, 0.00722435 
1.882, 0.00724878 
1.883, 0.00727322 
1.884, 0.00729767 
1.885, 0.00732214 
1.886, 0.00734662 
1.887, 0.00737111 
1.888, 0.00739561 
1.889, 0.00742012 
1.89, 0.00744464 
1.891, 0.00746917 
1.892, 0.00749371 
1.893, 0.00751827 
1.894, 0.00754283 
1.895, 0.0075674 
1.896, 0.00759198 
1.897, 0.00761657 
1.898, 0.00764117 
1.899, 0.00766578 
1.9, 0.00769039 
1.901, 0.00771502 
1.902, 0.00773965 
1.903, 0.00776429 
1.904, 0.00778894 
1.905, 0.00781359 
1.906, 0.00783825 
1.907, 0.00786292 
1.908, 0.0078876 
1.909, 0.00791228 
1.91, 0.00793697 
1.911, 0.00796166 
1.912, 0.00798636 
1.913, 0.00801107 
1.914, 0.00803578 
1.915, 0.0080605 
1.916, 0.00808522 
1.917, 0.00810994 
1.918, 0.00813467 
1.919, 0.00815941 
1.92, 0.00818415 
1.921, 0.00820889 
1.922, 0.00823364 
1.923, 0.00825839 
1.924, 0.00828314 
1.925, 0.0083079 
1.926, 0.00833266 
1.927, 0.00835742 
1.928, 0.00838219 
1.929, 0.00840696 
1.93, 0.00843173 
1.931, 0.0084565 
1.932, 0.00848127 
1.933, 0.00850605 
1.934, 0.00853083 
1.935, 0.00855561 
1.936, 0.00858039 
1.937, 0.00860517 
1.938, 0.00862995 
1.939, 0.00865473 
1.94, 0.00867951 
1.941, 0.00870429 
1.942, 0.00872908 
1.943, 0.00875386 
1.944, 0.00877864 
1.945, 0.00880342 
1.946, 0.0088282 
1.947, 0.00885298 
1.948, 0.00887776 
1.949, 0.00890254 
1.95, 0.00892731 
1.951, 0.00895208 
1.952, 0.00897686 
1.953, 0.00900163 
1.954, 0.0090264 
1.955, 0.00905116 
1.956, 0.00907592 
1.957, 0.00910068 
1.958, 0.00912544 
1.959, 0.0091502 
1.96, 0.00917495 
1.961, 0.0091997 
1.962, 0.00922444 
1.963, 0.00924918 
1.964, 0.00927392 
1.965, 0.00929865 
1.966, 0.00932338 
1.967, 0.00934811 
1.968, 0.00937283 
1.969, 0.00939754 
1.97, 0.00942225 
1.971, 0.00944696 
1.972, 0.00947166 
1.973, 0.00949636 
1.974, 0.00952105 
1.975, 0.00954573 
1.976, 0.00957041 
1.977, 0.00959508 
1.978, 0.00961975 
1.979, 0.00964441 
1.98, 0.00966906 
1.981, 0.00969371 
1.982, 0.00971835 
1.983, 0.00974299 
1.984, 0.00976761 
1.985, 0.00979224 
1.986, 0.00981685 
1.987, 0.00984145 
1.988, 0.00986605 
1.989, 0.00989064 
1.99, 0.00991522 
1.991, 0.0099398 
1.992, 0.00996437 
1.993, 0.00998892 
1.994, 0.0100135 
1.995, 0.010038 
1.996, 0.0100625 
1.997, 0.0100871 
1.998, 0.0101116 
1.999, 0.0101361 
2, 0.0101606 
2.001, 0.0101851 
2.002, 0.0102096 
2.003, 0.010234 
2.004, 0.0102585 
2.005, 0.0102829 
2.006, 0.0103074 
2.007, 0.0103318 
2.008, 0.0103562 
2.009, 0.0103806 
2.01, 0.010405 
2.011, 0.0104294 
2.012, 0.0104538 
2.013, 0.0104781 
2.014, 0.0105025 
2.015, 0.0105268 
2.016, 0.0105512 
2.017, 0.0105755 
2.018, 0.0105998 
2.019, 0.0106241 
2.02, 0.0106484 
2.021, 0.0106726 
2.022, 0.0106969 
2.023, 0.0107212 
2.024, 0.0107454 
2.025, 0.0107696 
2.026, 0.0107938 
2.027, 0.010818 
2.028, 0.0108422 
2.029, 0.0108664 
2.03, 0.0108905 
2.031, 0.0109147 
2.032, 0.0109388 
2.033, 0.0109629 
2.034, 0.010987 
2.035, 0.0110111 
2.036, 0.0110352 
2.037, 0.0110593 
2.038, 0.0110833 
2.039, 0.0111074 
2.04, 0.0111314 
2.041, 0.0111554 
2.042, 0.0111794 
2.043, 0.0112034 
2.044, 0.0112273 
2.045, 0.0112513 
2.046, 0.0112752 
2.047, 0.0112991 
2.048, 0.011323 
2.049, 0.0113469 
2.05, 0.0113708 
2.051, 0.0113947 
2.052, 0.0114185 
2.053, 0.0114423 
2.054, 0.0114662 
2.055, 0.0114899 
2.056, 0.0115137 
2.057, 0.0115375 
2.058, 0.0115612 
2.059, 0.011585 
2.06, 0.0116087 
2.061, 0.0116324 
2.062, 0.0116561 
2.063, 0.0116797 
2.064, 0.0117034 
2.065, 0.011727 
2.066, 0.0117507 
2.067, 0.0117743 
2.068, 0.0117978 
2.069, 0.0118214 
2.07, 0.011845 
2.071, 0.0118685 
2.072, 0.011892 
2.073, 0.0119155 
2.074, 0.011939 
2.075, 0.0119624 
2.076, 0.0119859 
2.077, 0.0120093 
2.078, 0.0120327 
2.079, 0.0120561 
2.08, 0.0120795 
2.081, 0.0121028 
2.082, 0.0121262 
2.083, 0.0121495 
2.084, 0.0121728 
2.085, 0.0121961 
2.086, 0.0122193 
2.087, 0.0122426 
2.088, 0.0122658 
2.089, 0.012289 
2.09, 0.0123122 
2.091, 0.0123354 
2.092, 0.0123585 
2.093, 0.0123816 
2.094, 0.0124047 
2.095, 0.0124278 
2.096, 0.0124509 
2.097, 0.012474 
2.098, 0.012497 
2.099, 0.01252 
2.1, 0.012543 
2.101, 0.012566 
2.102, 0.0125889 
2.103, 0.0126119 
2.104, 0.0126348 
2.105, 0.0126577 
2.106, 0.0126805 
2.107, 0.0127034 
2.108, 0.0127262 
2.109, 0.012749 
2.11, 0.0127718 
2.111, 0.0127946 
2.112, 0.0128173 
2.113, 0.0128401 
2.114, 0.0128628 
2.115, 0.0128855 
2.116, 0.0129081 
2.117, 0.0129308 
2.118, 0.0129534 
2.119, 0.012976 
2.12, 0.0129986 
2.121, 0.0130212 
2.122, 0.0130437 
2.123, 0.0130662 
2.124, 0.0130887 
2.125, 0.0131112 
2.126, 0.0131336 
2.127, 0.0131561 
2.128, 0.0131785 
2.129, 0.0132009 
2.13, 0.0132233 
2.131, 0.0132456 
2.132, 0.0132679 
2.133, 0.0132902 
2.134, 0.0133125 
2.135, 0.0133348 
2.136, 0.013357 
2.137, 0.0133792 
2.138, 0.0134014 
2.139, 0.0134236 
2.14, 0.0134457 
2.141, 0.0134678 
2.142, 0.0134899 
2.143, 0.013512 
2.144, 0.0135341 
2.145, 0.0135561 
2.146, 0.0135781 
2.147, 0.0136001 
2.148, 0.0136221 
2.149, 0.013644 
2.15, 0.0136659 
2.151, 0.0136878 
2.152, 0.0137097 
2.153, 0.0137316 
2.154, 0.0137534 
2.155, 0.0137752 
2.156, 0.013797 
2.157, 0.0138187 
2.158, 0.0138405 
2.159, 0.0138622 
2.16, 0.0138839 
2.161, 0.0139055 
2.162, 0.0139272 
2.163, 0.0139488 
2.164, 0.0139704 
2.165, 0.0139919 
2.166, 0.0140135 
2.167, 0.014035 
2.168, 0.0140565 
2.169, 0.014078 
2.17, 0.0140994 
2.171, 0.0141209 
2.172, 0.0141423 
2.173, 0.0141636 
2.174, 0.014185 
2.175, 0.0142063 
2.176, 0.0142276 
2.177, 0.0142489 
2.178, 0.0142702 
2.179, 0.0142914 
2.18, 0.0143126 
2.181, 0.0143338 
2.182, 0.014355 
2.183, 0.0143761 
2.184, 0.0143972 
2.185, 0.0144183 
2.186, 0.0144393 
2.187, 0.0144604 
2.188, 0.0144814 
2.189, 0.0145024 
2.19, 0.0145233 
2.191, 0.0145443 
2.192, 0.0145652 
2.193, 0.0145861 
2.194, 0.0146069 
2.195, 0.0146278 
2.196, 0.0146486 
2.197, 0.0146694 
2.198, 0.0146901 
2.199, 0.0147109 
2.2, 0.0147316 
2.201, 0.0147523 
2.202, 0.0147729 
2.203, 0.0147936 
2.204, 0.0148142 
2.205, 0.0148348 
2.206, 0.0148553 
2.207, 0.0148759 
2.208, 0.0148964 
2.209, 0.0149169 
2.21, 0.0149373 
2.211, 0.0149577 
2.212, 0.0149782 
2.213, 0.0149985 
2.214, 0.0150189 
2.215, 0.0150392 
2.216, 0.0150595 
2.217, 0.0150798 
2.218, 0.0151001 
2.219, 0.0151203 
2.22, 0.0151405 
2.221, 0.0151607 
2.222, 0.0151808 
2.223, 0.0152009 
2.224, 0.015221 
2.225, 0.0152411 
2.226, 0.0152612 
2.227, 0.0152812 
2.228, 0.0153012 
2.229, 0.0153211 
2.23, 0.0153411 
2.231, 0.015361 
2.232, 0.0153809 
2.233, 0.0154008 
2.234, 0.0154206 
2.235, 0.0154404 
2.236, 0.0154602 
2.237, 0.01548 
2.238, 0.0154997 
2.239, 0.0155194 
2.24, 0.0155391 
2.241, 0.0155587 
2.242, 0.0155784 
2.243, 0.015598 
2.244, 0.0156175 
2.245, 0.0156371 
2.246, 0.0156566 
2.247, 0.0156761 
2.248, 0.0156956 
2.249, 0.015715 
2.25, 0.0157344 
2.251, 0.0157538 
2.252, 0.0157732 
2.253, 0.0157925 
2.254, 0.0158118 
2.255, 0.0158311 
2.256, 0.0158504 
2.257, 0.0158696 
2.258, 0.0158888 
2.259, 0.015908 
2.26, 0.0159271 
2.261, 0.0159463 
2.262, 0.0159654 
2.263, 0.0159844 
2.264, 0.0160035 
2.265, 0.0160225 
2.266, 0.0160415 
2.267, 0.0160604 
2.268, 0.0160794 
2.269, 0.0160983 
2.27, 0.0161172 
2.271, 0.016136 
2.272, 0.0161548 
2.273, 0.0161737 
2.274, 0.0161924 
2.275, 0.0162112 
2.276, 0.0162299 
2.277, 0.0162486 
2.278, 0.0162673 
2.279, 0.0162859 
2.28, 0.0163045 
2.281, 0.0163231 
2.282, 0.0163417 
2.283, 0.0163602 
2.284, 0.0163787 
2.285, 0.0163972 
2.286, 0.0164156 
2.287, 0.016434 
2.288, 0.0164524 
2.289, 0.0164708 
2.29, 0.0164892 
2.291, 0.0165075 
2.292, 0.0165258 
2.293, 0.016544 
2.294, 0.0165623 
2.295, 0.0165805 
2.296, 0.0165986 
2.297, 0.0166168 
2.298, 0.0166349 
2.299, 0.016653 
2.3, 0.0166711 
2.301, 0.0166891 
2.302, 0.0167071 
2.303, 0.0167251 
2.304, 0.0167431 
2.305, 0.016761 
2.306, 0.0167789 
2.307, 0.0167968 
2.308, 0.0168147 
2.309, 0.0168325 
2.31, 0.0168503 
2.311, 0.0168681 
2.312, 0.0168858 
2.313, 0.0169035 
2.314, 0.0169212 
2.315, 0.0169389 
2.316, 0.0169565 
2.317, 0.0169741 
2.318, 0.0169917 
2.319, 0.0170093 
2.32, 0.0170268 
2.321, 0.0170443 
2.322, 0.0170618 
2.323, 0.0170792 
2.324, 0.0170966 
2.325, 0.017114 
2.326, 0.0171314 
2.327, 0.0171487 
2.328, 0.017166 
2.329, 0.0171833 
2.33, 0.0172005 
2.331, 0.0172178 
2.332, 0.017235 
2.333, 0.0172521 
2.334, 0.0172693 
2.335, 0.0172864 
2.336, 0.0173035 
2.337, 0.0173205 
2.338, 0.0173376 
2.339, 0.0173546 
2.34, 0.0173716 
2.341, 0.0173885 
2.342, 0.0174054 
2.343, 0.0174223 
2.344, 0.0174392 
2.345, 0.0174561 
2.346, 0.0174729 
2.347, 0.0174897 
2.348, 0.0175064 
2.349, 0.0175231 
2.35, 0.0175399 
2.351, 0.0175565 
2.352, 0.0175732 
2.353, 0.0175898 
2.354, 0.0176064 
2.355, 0.017623 
2.356, 0.0176395 
2.357, 0.017656 
2.358, 0.0176725 
2.359, 0.017689 
2.36, 0.0177054 
2.361, 0.0177218 
2.362, 0.0177382 
2.363, 0.0177545 
2.364, 0.0177709 
2.365, 0.0177872 
2.366, 0.0178034 
2.367, 0.0178197 
2.368, 0.0178359 
2.369, 0.0178521 
2.37, 0.0178682 
2.371, 0.0178844 
2.372, 0.0179005 
2.373, 0.0179165 
2.374, 0.0179326 
2.375, 0.0179486 
2.376, 0.0179646 
2.377, 0.0179806 
2.378, 0.0179965 
2.379, 0.0180124 
2.38, 0.0180283 
2.381, 0.0180442 
2.382, 0.01806 
2.383, 0.0180758 
2.384, 0.0180916 
2.385, 0.0181073 
2.386, 0.0181231 
2.387, 0.0181388 
2.388, 0.0181544 
2.389, 0.0181701 
2.39, 0.0181857 
2.391, 0.0182013 
2.392, 0.0182168 
2.393, 0.0182324 
2.394, 0.0182479 
2.395, 0.0182634 
2.396, 0.0182788 
2.397, 0.0182942 
2.398, 0.0183096 
2.399, 0.018325 
2.4, 0.0183404 
2.401, 0.0183557 
2.402, 0.018371 
2.403, 0.0183862 
2.404, 0.0184015 
2.405, 0.0184167 
2.406, 0.0184318 
2.407, 0.018447 
2.408, 0.0184621 
2.409, 0.0184772 
2.41, 0.0184923 
2.411, 0.0185074 
2.412, 0.0185224 
2.413, 0.0185374 
2.414, 0.0185523 
2.415, 0.0185673 
2.416, 0.0185822 
2.417, 0.0185971 
2.418, 0.0186119 
2.419, 0.0186268 
2.42, 0.0186416 
2.421, 0.0186563 
2.422, 0.0186711 
2.423, 0.0186858 
2.424, 0.0187005 
2.425, 0.0187152 
2.426, 0.0187298 
2.427, 0.0187444 
2.428, 0.018759 
2.429, 0.0187736 
2.43, 0.0187881 
2.431, 0.0188026 
2.432, 0.0188171 
2.433, 0.0188316 
2.434, 0.018846 
2.435, 0.0188604 
2.436, 0.0188748 
2.437, 0.0188891 
2.438, 0.0189035 
2.439, 0.0189177 
2.44, 0.018932 
2.441, 0.0189463 
2.442, 0.0189605 
2.443, 0.0189747 
2.444, 0.0189888 
2.445, 0.019003 
2.446, 0.0190171 
2.447, 0.0190312 
2.448, 0.0190452 
2.449, 0.0190592 
2.45, 0.0190732 
2.451, 0.0190872 
2.452, 0.0191012 
2.453, 0.0191151 
2.454, 0.019129 
2.455, 0.0191429 
2.456, 0.0191567 
2.457, 0.0191705 
2.458, 0.0191843 
2.459, 0.0191981 
2.46, 0.0192118 
2.461, 0.0192255 
2.462, 0.0192392 
2.463, 0.0192529 
2.464, 0.0192665 
2.465, 0.0192801 
2.466, 0.0192937 
2.467, 0.0193073 
2.468, 0.0193208 
2.469, 0.0193343 
2.47, 0.0193478 
2.471, 0.0193612 
2.472, 0.0193747 
2.473, 0.0193881 
2.474, 0.0194014 
2.475, 0.0194148 
2.476, 0.0194281 
2.477, 0.0194414 
2.478, 0.0194547 
2.479, 0.0194679 
2.48, 0.0194811 
2.481, 0.0194943 
2.482, 0.0195075 
2.483, 0.0195206 
2.484, 0.0195337 
2.485, 0.0195468 
2.486, 0.0195599 
2.487, 0.0195729 
2.488, 0.0195859 
2.489, 0.0195989 
2.49, 0.0196118 
2.491, 0.0196248 
2.492, 0.0196377 
2.493, 0.0196506 
2.494, 0.0196634 
2.495, 0.0196762 
2.496, 0.019689 
2.497, 0.0197018 
2.498, 0.0197146 
2.499, 0.0197273 
2.5, 0.01974 
2.501, 0.0197527 
2.502, 0.0197653 
2.503, 0.0197779 
2.504, 0.0197905 
2.505, 0.0198031 
2.506, 0.0198157 
2.507, 0.0198282 
2.508, 0.0198407 
2.509, 0.0198531 
2.51, 0.0198656 
2.511, 0.019878 
2.512, 0.0198904 
2.513, 0.0199028 
2.514, 0.0199151 
2.515, 0.0199274 
2.516, 0.0199397 
2.517, 0.019952 
2.518, 0.0199642 
2.519, 0.0199764 
2.52, 0.0199886 
2.521, 0.0200008 
2.522, 0.0200129 
2.523, 0.020025 
2.524, 0.0200371 
2.525, 0.0200492 
2.526, 0.0200612 
2.527, 0.0200732 
2.528, 0.0200852 
2.529, 0.0200972 
2.53, 0.0201091 
2.531, 0.020121 
2.532, 0.0201329 
2.533, 0.0201448 
2.534, 0.0201566 
2.535, 0.0201684 
2.536, 0.0201802 
2.537, 0.020192 
2.538, 0.0202037 
2.539, 0.0202154 
2.54, 0.0202271 
2.541, 0.0202388 
2.542, 0.0202504 
2.543, 0.0202621 
2.544, 0.0202736 
2.545, 0.0202852 
2.546, 0.0202967 
2.547, 0.0203083 
2.548, 0.0203197 
2.549, 0.0203312 
2.55, 0.0203427 
2.551, 0.0203541 
2.552, 0.0203655 
2.553, 0.0203768 
2.554, 0.0203882 
2.555, 0.0203995 
2.556, 0.0204108 
2.557, 0.020422 
2.558, 0.0204333 
2.559, 0.0204445 
2.56, 0.0204557 
2.561, 0.0204669 
2.562, 0.020478 
2.563, 0.0204891 
2.564, 0.0205002 
2.565, 0.0205113 
2.566, 0.0205224 
2.567, 0.0205334 
2.568, 0.0205444 
2.569, 0.0205554 
2.57, 0.0205663 
2.571, 0.0205772 
2.572, 0.0205881 
2.573, 0.020599 
2.574, 0.0206099 
2.575, 0.0206207 
2.576, 0.0206315 
2.577, 0.0206423 
2.578, 0.0206531 
2.579, 0.0206638 
2.58, 0.0206745 
2.581, 0.0206852 
2.582, 0.0206958 
2.583, 0.0207065 
2.584, 0.0207171 
2.585, 0.0207277 
2.586, 0.0207383 
2.587, 0.0207488 
2.588, 0.0207593 
2.589, 0.0207698 
2.59, 0.0207803 
2.591, 0.0207907 
2.592, 0.0208012 
2.593, 0.0208116 
2.594, 0.0208219 
2.595, 0.0208323 
2.596, 0.0208426 
2.597, 0.0208529 
2.598, 0.0208632 
2.599, 0.0208735 
2.6, 0.0208837 
2.601, 0.0208939 
2.602, 0.0209041 
2.603, 0.0209143 
2.604, 0.0209244 
2.605, 0.0209345 
2.606, 0.0209446 
2.607, 0.0209547 
2.608, 0.0209647 
2.609, 0.0209748 
2.61, 0.0209848 
2.611, 0.0209947 
2.612, 0.0210047 
2.613, 0.0210146 
2.614, 0.0210245 
2.615, 0.0210344 
2.616, 0.0210443 
2.617, 0.0210541 
2.618, 0.0210639 
2.619, 0.0210737 
2.62, 0.0210835 
2.621, 0.0210932 
2.622, 0.0211029 
2.623, 0.0211126 
2.624, 0.0211223 
2.625, 0.021132 
2.626, 0.0211416 
2.627, 0.0211512 
2.628, 0.0211608 
2.629, 0.0211704 
2.63, 0.0211799 
2.631, 0.0211894 
2.632, 0.0211989 
2.633, 0.0212084 
2.634, 0.0212178 
2.635, 0.0212272 
2.636, 0.0212366 
2.637, 0.021246 
2.638, 0.0212554 
2.639, 0.0212647 
2.64, 0.021274 
2.641, 0.0212833 
2.642, 0.0212926 
2.643, 0.0213018 
2.644, 0.021311 
2.645, 0.0213202 
2.646, 0.0213294 
2.647, 0.0213386 
2.648, 0.0213477 
2.649, 0.0213568 
2.65, 0.0213659 
2.651, 0.021375 
2.652, 0.021384 
2.653, 0.021393 
2.654, 0.021402 
2.655, 0.021411 
2.656, 0.02142 
2.657, 0.0214289 
2.658, 0.0214378 
2.659, 0.0214467 
2.66, 0.0214555 
2.661, 0.0214644 
2.662, 0.0214732 
2.663, 0.021482 
2.664, 0.0214908 
2.665, 0.0214995 
2.666, 0.0215083 
2.667, 0.021517 
2.668, 0.0215257 
2.669, 0.0215343 
2.67, 0.021543 
2.671, 0.0215516 
2.672, 0.0215602 
2.673, 0.0215688 
2.674, 0.0215773 
2.675, 0.0215859 
2.676, 0.0215944 
2.677, 0.0216029 
2.678, 0.0216113 
2.679, 0.0216198 
2.68, 0.0216282 
2.681, 0.0216366 
2.682, 0.021645 
2.683, 0.0216534 
2.684, 0.0216617 
2.685, 0.02167 
2.686, 0.0216783 
2.687, 0.0216866 
2.688, 0.0216949 
2.689, 0.0217031 
2.69, 0.0217113 
2.691, 0.0217195 
2.692, 0.0217277 
2.693, 0.0217358 
2.694, 0.0217439 
2.695, 0.021752 
2.696, 0.0217601 
2.697, 0.0217682 
2.698, 0.0217762 
2.699, 0.0217842 
2.7, 0.0217922 
2.701, 0.0218002 
2.702, 0.0218082 
2.703, 0.0218161 
2.704, 0.021824 
2.705, 0.0218319 
2.706, 0.0218398 
2.707, 0.0218476 
2.708, 0.0218555 
2.709, 0.0218633 
2.71, 0.0218711 
2.711, 0.0218788 
2.712, 0.0218866 
2.713, 0.0218943 
2.714, 0.021902 
2.715, 0.0219097 
2.716, 0.0219174 
2.717, 0.021925 
2.718, 0.0219326 
2.719, 0.0219402 
2.72, 0.0219478 
2.721, 0.0219554 
2.722, 0.0219629 
2.723, 0.0219704 
2.724, 0.0219779 
2.725, 0.0219854 
2.726, 0.0219929 
2.727, 0.0220003 
2.728, 0.0220077 
2.729, 0.0220151 
2.73, 0.0220225 
2.731, 0.0220299 
2.732, 0.0220372 
2.733, 0.0220445 
2.734, 0.0220518 
2.735, 0.0220591 
2.736, 0.0220663 
2.737, 0.0220736 
2.738, 0.0220808 
2.739, 0.022088 
2.74, 0.0220952 
2.741, 0.0221023 
2.742, 0.0221094 
2.743, 0.0221166 
2.744, 0.0221236 
2.745, 0.0221307 
2.746, 0.0221378 
2.747, 0.0221448 
2.748, 0.0221518 
2.749, 0.0221588 
2.75, 0.0221658 
2.751, 0.0221727 
2.752, 0.0221797 
2.753, 0.0221866 
2.754, 0.0221935 
2.755, 0.0222004 
2.756, 0.0222072 
2.757, 0.0222141 
2.758, 0.0222209 
2.759, 0.0222277 
2.76, 0.0222344 
2.761, 0.0222412 
2.762, 0.0222479 
2.763, 0.0222547 
2.764, 0.0222613 
2.765, 0.022268 
2.766, 0.0222747 
2.767, 0.0222813 
2.768, 0.0222879 
2.769, 0.0222945 
2.77, 0.0223011 
2.771, 0.0223077 
2.772, 0.0223142 
2.773, 0.0223208 
2.774, 0.0223273 
2.775, 0.0223337 
2.776, 0.0223402 
2.777, 0.0223467 
2.778, 0.0223531 
2.779, 0.0223595 
2.78, 0.0223659 
2.781, 0.0223722 
2.782, 0.0223786 
2.783, 0.0223849 
2.784, 0.0223912 
2.785, 0.0223975 
2.786, 0.0224038 
2.787, 0.0224101 
2.788, 0.0224163 
2.789, 0.0224225 
2.79, 0.0224287 
2.791, 0.0224349 
2.792, 0.0224411 
2.793, 0.0224472 
2.794, 0.0224533 
2.795, 0.0224594 
2.796, 0.0224655 
2.797, 0.0224716 
2.798, 0.0224776 
2.799, 0.0224837 
2.8, 0.0224897 
2.801, 0.0224957 
2.802, 0.0225016 
2.803, 0.0225076 
2.804, 0.0225135 
2.805, 0.0225194 
2.806, 0.0225253 
2.807, 0.0225312 
2.808, 0.0225371 
2.809, 0.0225429 
2.81, 0.0225488 
2.811, 0.0225546 
2.812, 0.0225603 
2.813, 0.0225661 
2.814, 0.0225719 
2.815, 0.0225776 
2.816, 0.0225833 
2.817, 0.022589 
2.818, 0.0225947 
2.819, 0.0226004 
2.82, 0.022606 
2.821, 0.0226116 
2.822, 0.0226172 
2.823, 0.0226228 
2.824, 0.0226284 
2.825, 0.0226339 
2.826, 0.0226395 
2.827, 0.022645 
2.828, 0.0226505 
2.829, 0.022656 
2.83, 0.0226614 
2.831, 0.0226669 
2.832, 0.0226723 
2.833, 0.0226777 
2.834, 0.0226831 
2.835, 0.0226885 
2.836, 0.0226938 
2.837, 0.0226992 
2.838, 0.0227045 
2.839, 0.0227098 
2.84, 0.0227151 
2.841, 0.0227204 
2.842, 0.0227256 
2.843, 0.0227308 
2.844, 0.022736 
2.845, 0.0227412 
2.846, 0.0227464 
2.847, 0.0227516 
2.848, 0.0227567 
2.849, 0.0227619 
2.85, 0.022767 
2.851, 0.0227721 
2.852, 0.0227771 
2.853, 0.0227822 
2.854, 0.0227872 
2.855, 0.0227923 
2.856, 0.0227973 
2.857, 0.0228022 
2.858, 0.0228072 
2.859, 0.0228122 
2.86, 0.0228171 
2.861, 0.022822 
2.862, 0.0228269 
2.863, 0.0228318 
2.864, 0.0228367 
2.865, 0.0228415 
2.866, 0.0228464 
2.867, 0.0228512 
2.868, 0.022856 
2.869, 0.0228608 
2.87, 0.0228655 
2.871, 0.0228703 
2.872, 0.022875 
2.873, 0.0228797 
2.874, 0.0228844 
2.875, 0.0228891 
2.876, 0.0228938 
2.877, 0.0228984 
2.878, 0.0229031 
2.879, 0.0229077 
2.88, 0.0229123 
2.881, 0.0229168 
2.882, 0.0229214 
2.883, 0.022926 
2.884, 0.0229305 
2.885, 0.022935 
2.886, 0.0229395 
2.887, 0.022944 
2.888, 0.0229485 
2.889, 0.0229529 
2.89, 0.0229573 
2.891, 0.0229617 
2.892, 0.0229661 
2.893, 0.0229705 
2.894, 0.0229749 
2.895, 0.0229792 
2.896, 0.0229836 
2.897, 0.0229879 
2.898, 0.0229922 
2.899, 0.0229965 
2.9, 0.0230008 
2.901, 0.023005 
2.902, 0.0230092 
2.903, 0.0230135 
2.904, 0.0230177 
2.905, 0.0230219 
2.906, 0.023026 
2.907, 0.0230302 
2.908, 0.0230343 
2.909, 0.0230384 
2.91, 0.0230426 
2.911, 0.0230466 
2.912, 0.0230507 
2.913, 0.0230548 
2.914, 0.0230588 
2.915, 0.0230628 
2.916, 0.0230669 
2.917, 0.0230709 
2.918, 0.0230748 
2.919, 0.0230788 
2.92, 0.0230828 
2.921, 0.0230867 
2.922, 0.0230906 
2.923, 0.0230945 
2.924, 0.0230984 
2.925, 0.0231023 
2.926, 0.0231061 
2.927, 0.02311 
2.928, 0.0231138 
2.929, 0.0231176 
2.93, 0.0231214 
2.931, 0.0231252 
2.932, 0.0231289 
2.933, 0.0231327 
2.934, 0.0231364 
2.935, 0.0231401 
2.936, 0.0231438 
2.937, 0.0231475 
2.938, 0.0231512 
2.939, 0.0231548 
2.94, 0.0231584 
2.941, 0.0231621 
2.942, 0.0231657 
2.943, 0.0231693 
2.944, 0.0231728 
2.945, 0.0231764 
2.946, 0.02318 
2.947, 0.0231835 
2.948, 0.023187 
2.949, 0.0231905 
2.95, 0.023194 
2.951, 0.0231975 
2.952, 0.0232009 
2.953, 0.0232044 
2.954, 0.0232078 
2.955, 0.0232112 
2.956, 0.0232146 
2.957, 0.023218 
2.958, 0.0232213 
2.959, 0.0232247 
2.96, 0.023228 
2.961, 0.0232314 
2.962, 0.0232347 
2.963, 0.023238 
2.964, 0.0232412 
2.965, 0.0232445 
2.966, 0.0232477 
2.967, 0.023251 
2.968, 0.0232542 
2.969, 0.0232574 
2.97, 0.0232606 
2.971, 0.0232638 
2.972, 0.0232669 
2.973, 0.0232701 
2.974, 0.0232732 
2.975, 0.0232763 
2.976, 0.0232794 
2.977, 0.0232825 
2.978, 0.0232856 
2.979, 0.0232886 
2.98, 0.0232917 
2.981, 0.0232947 
2.982, 0.0232977 
2.983, 0.0233007 
2.984, 0.0233037 
2.985, 0.0233067 
2.986, 0.0233096 
2.987, 0.0233126 
2.988, 0.0233155 
2.989, 0.0233184 
2.99, 0.0233213 
2.991, 0.0233242 
2.992, 0.0233271 
2.993, 0.0233299 
2.994, 0.0233328 
2.995, 0.0233356 
2.996, 0.0233384 
2.997, 0.0233412 
2.998, 0.023344 
2.999, 0.0233468 
3, 0.0233496 
3.001, 0.0233523 
3.002, 0.023355 
3.003, 0.0233578 
3.004, 0.0233605 
3.005, 0.0233632 
3.006, 0.0233658 
3.007, 0.0233685 
3.008, 0.0233711 
3.009, 0.0233738 
3.01, 0.0233764 
3.011, 0.023379 
3.012, 0.0233816 
3.013, 0.0233842 
3.014, 0.0233868 
3.015, 0.0233893 
3.016, 0.0233918 
3.017, 0.0233944 
3.018, 0.0233969 
3.019, 0.0233994 
3.02, 0.0234019 
3.021, 0.0234043 
3.022, 0.0234068 
3.023, 0.0234092 
3.024, 0.0234117 
3.025, 0.0234141 
3.026, 0.0234165 
3.027, 0.0234189 
3.028, 0.0234213 
3.029, 0.0234236 
3.03, 0.023426 
3.031, 0.0234283 
3.032, 0.0234306 
3.033, 0.023433 
3.034, 0.0234352 
3.035, 0.0234375 
3.036, 0.0234398 
3.037, 0.0234421 
3.038, 0.0234443 
3.039, 0.0234465 
3.04, 0.0234488 
3.041, 0.023451 
3.042, 0.0234532 
3.043, 0.0234553 
3.044, 0.0234575 
3.045, 0.0234597 
3.046, 0.0234618 
3.047, 0.0234639 
3.048, 0.023466 
3.049, 0.0234681 
3.05, 0.0234702 
3.051, 0.0234723 
3.052, 0.0234744 
3.053, 0.0234764 
3.054, 0.0234784 
3.055, 0.0234805 
3.056, 0.0234825 
3.057, 0.0234845 
3.058, 0.0234865 
3.059, 0.0234884 
3.06, 0.0234904 
3.061, 0.0234923 
3.062, 0.0234943 
3.063, 0.0234962 
3.064, 0.0234981 
3.065, 0.0235 
3.066, 0.0235019 
3.067, 0.0235038 
3.068, 0.0235056 
3.069, 0.0235075 
3.07, 0.0235093 
3.071, 0.0235111 
3.072, 0.0235129 
3.073, 0.0235147 
3.074, 0.0235165 
3.075, 0.0235183 
3.076, 0.02352 
3.077, 0.0235218 
3.078, 0.0235235 
3.079, 0.0235252 
3.08, 0.023527 
3.081, 0.0235287 
3.082, 0.0235303 
3.083, 0.023532 
3.084, 0.0235337 
3.085, 0.0235353 
3.086, 0.023537 
3.087, 0.0235386 
3.088, 0.0235402 
3.089, 0.0235418 
3.09, 0.0235434 
3.091, 0.023545 
3.092, 0.0235465 
3.093, 0.0235481 
3.094, 0.0235496 
3.095, 0.0235511 
3.096, 0.0235526 
3.097, 0.0235542 
3.098, 0.0235556 
3.099, 0.0235571 
3.1, 0.0235586 
3.101, 0.02356 
3.102, 0.0235615 
3.103, 0.0235629 
3.104, 0.0235643 
3.105, 0.0235657 
3.106, 0.0235671 
3.107, 0.0235685 
3.108, 0.0235699 
3.109, 0.0235713 
3.11, 0.0235726 
3.111, 0.0235739 
3.112, 0.0235753 
3.113, 0.0235766 
3.114, 0.0235779 
3.115, 0.0235792 
3.116, 0.0235805 
3.117, 0.0235817 
3.118, 0.023583 
3.119, 0.0235842 
3.12, 0.0235855 
3.121, 0.0235867 
3.122, 0.0235879 
3.123, 0.0235891 
3.124, 0.0235903 
3.125, 0.0235915 
3.126, 0.0235926 
3.127, 0.0235938 
3.128, 0.0235949 
3.129, 0.023596 
3.13, 0.0235972 
3.131, 0.0235983 
3.132, 0.0235994 
3.133, 0.0236004 
3.134, 0.0236015 
3.135, 0.0236026 
3.136, 0.0236036 
3.137, 0.0236047 
3.138, 0.0236057 
3.139, 0.0236067 
3.14, 0.0236077 
3.141, 0.0236087 
3.142, 0.0236097 
3.143, 0.0236107 
3.144, 0.0236116 
3.145, 0.0236126 
3.146, 0.0236135 
3.147, 0.0236145 
3.148, 0.0236154 
3.149, 0.0236163 
3.15, 0.0236172 
3.151, 0.0236181 
3.152, 0.0236189 
3.153, 0.0236198 
3.154, 0.0236206 
3.155, 0.0236215 
3.156, 0.0236223 
3.157, 0.0236231 
3.158, 0.0236239 
3.159, 0.0236247 
3.16, 0.0236255 
3.161, 0.0236263 
3.162, 0.0236271 
3.163, 0.0236278 
3.164, 0.0236286 
3.165, 0.0236293 
3.166, 0.02363 
3.167, 0.0236307 
3.168, 0.0236314 
3.169, 0.0236321 
3.17, 0.0236328 
3.171, 0.0236335 
3.172, 0.0236341 
3.173, 0.0236348 
3.174, 0.0236354 
3.175, 0.023636 
3.176, 0.0236366 
3.177, 0.0236373 
3.178, 0.0236378 
3.179, 0.0236384 
3.18, 0.023639 
3.181, 0.0236396 
3.182, 0.0236401 
3.183, 0.0236407 
3.184, 0.0236412 
3.185, 0.0236417 
3.186, 0.0236422 
3.187, 0.0236427 
3.188, 0.0236432 
3.189, 0.0236437 
3.19, 0.0236442 
3.191, 0.0236446 
3.192, 0.0236451 
3.193, 0.0236455 
3.194, 0.023646 
3.195, 0.0236464 
3.196, 0.0236468 
3.197, 0.0236472 
3.198, 0.0236476 
3.199, 0.0236479 
3.2, 0.0236483 
3.201, 0.0236487 
3.202, 0.023649 
3.203, 0.0236494 
3.204, 0.0236497 
3.205, 0.02365 
3.206, 0.0236503 
3.207, 0.0236506 
3.208, 0.0236509 
3.209, 0.0236512 
3.21, 0.0236515 
3.211, 0.0236517 
3.212, 0.023652 
3.213, 0.0236522 
3.214, 0.0236524 
3.215, 0.0236527 
3.216, 0.0236529 
3.217, 0.0236531 
3.218, 0.0236533 
3.219, 0.0236534 
3.22, 0.0236536 
3.221, 0.0236538 
3.222, 0.0236539 
3.223, 0.0236541 
3.224, 0.0236542 
3.225, 0.0236543 
3.226, 0.0236544 
3.227, 0.0236545 
3.228, 0.0236546 
3.229, 0.0236547 
3.23, 0.0236548 
3.231, 0.0236548 
3.232, 0.0236549 
3.233, 0.0236549 
3.234, 0.023655 
3.235, 0.023655 
3.236, 0.023655 
3.237, 0.023655 
3.238, 0.023655 
3.239, 0.023655 
3.24, 0.023655 
3.241, 0.023655 
3.242, 0.0236549 
3.243, 0.0236549 
3.244, 0.0236548 
3.245, 0.0236547 
3.246, 0.0236547 
3.247, 0.0236546 
3.248, 0.0236545 
3.249, 0.0236544 
3.25, 0.0236543 
3.251, 0.0236541 
3.252, 0.023654 
3.253, 0.0236539 
3.254, 0.0236537 
3.255, 0.0236536 
3.256, 0.0236534 
3.257, 0.0236532 
3.258, 0.023653 
3.259, 0.0236528 
3.26, 0.0236526 
3.261, 0.0236524 
3.262, 0.0236522 
3.263, 0.0236519 
3.264, 0.0236517 
3.265, 0.0236514 
3.266, 0.0236512 
3.267, 0.0236509 
3.268, 0.0236506 
3.269, 0.0236504 
3.27, 0.0236501 
3.271, 0.0236498 
3.272, 0.0236494 
3.273, 0.0236491 
3.274, 0.0236488 
3.275, 0.0236484 
3.276, 0.0236481 
3.277, 0.0236477 
3.278, 0.0236474 
3.279, 0.023647 
3.28, 0.0236466 
3.281, 0.0236462 
3.282, 0.0236458 
3.283, 0.0236454 
3.284, 0.023645 
3.285, 0.0236446 
3.286, 0.0236441 
3.287, 0.0236437 
3.288, 0.0236432 
3.289, 0.0236428 
3.29, 0.0236423 
3.291, 0.0236418 
3.292, 0.0236413 
3.293, 0.0236408 
3.294, 0.0236403 
3.295, 0.0236398 
3.296, 0.0236393 
3.297, 0.0236387 
3.298, 0.0236382 
3.299, 0.0236377 
3.3, 0.0236371 
3.301, 0.0236365 
3.302, 0.023636 
3.303, 0.0236354 
3.304, 0.0236348 
3.305, 0.0236342 
3.306, 0.0236336 
3.307, 0.023633 
3.308, 0.0236323 
3.309, 0.0236317 
3.31, 0.0236311 
3.311, 0.0236304 
3.312, 0.0236298 
3.313, 0.0236291 
3.314, 0.0236284 
3.315, 0.0236277 
3.316, 0.023627 
3.317, 0.0236263 
3.318, 0.0236256 
3.319, 0.0236249 
3.32, 0.0236242 
3.321, 0.0236235 
3.322, 0.0236227 
3.323, 0.023622 
3.324, 0.0236212 
3.325, 0.0236205 
3.326, 0.0236197 
3.327, 0.0236189 
3.328, 0.0236181 
3.329, 0.0236173 
3.33, 0.0236165 
3.331, 0.0236157 
3.332, 0.0236149 
3.333, 0.0236141 
3.334, 0.0236132 
3.335, 0.0236124 
3.336, 0.0236115 
3.337, 0.0236107 
3.338, 0.0236098 
3.339, 0.0236089 
3.34, 0.023608 
3.341, 0.0236071 
3.342, 0.0236062 
3.343, 0.0236053 
3.344, 0.0236044 
3.345, 0.0236035 
3.346, 0.0236026 
3.347, 0.0236016 
3.348, 0.0236007 
3.349, 0.0235997 
3.35, 0.0235988 
3.351, 0.0235978 
3.352, 0.0235968 
3.353, 0.0235958 
3.354, 0.0235948 
3.355, 0.0235938 
3.356, 0.0235928 
3.357, 0.0235918 
3.358, 0.0235908 
3.359, 0.0235898 
3.36, 0.0235887 
3.361, 0.0235877 
3.362, 0.0235866 
3.363, 0.0235856 
3.364, 0.0235845 
3.365, 0.0235834 
3.366, 0.0235823 
3.367, 0.0235813 
3.368, 0.0235802 
3.369, 0.0235791 
3.37, 0.0235779 
3.371, 0.0235768 
3.372, 0.0235757 
3.373, 0.0235746 
3.374, 0.0235734 
3.375, 0.0235723 
3.376, 0.0235711 
3.377, 0.0235699 
3.378, 0.0235688 
3.379, 0.0235676 
3.38, 0.0235664 
3.381, 0.0235652 
3.382, 0.023564 
3.383, 0.0235628 
3.384, 0.0235616 
3.385, 0.0235603 
3.386, 0.0235591 
3.387, 0.0235579 
3.388, 0.0235566 
3.389, 0.0235554 
3.39, 0.0235541 
3.391, 0.0235529 
3.392, 0.0235516 
3.393, 0.0235503 
3.394, 0.023549 
3.395, 0.0235477 
3.396, 0.0235464 
3.397, 0.0235451 
3.398, 0.0235438 
3.399, 0.0235425 
3.4, 0.0235411 
3.401, 0.0235398 
3.402, 0.0235384 
3.403, 0.0235371 
3.404, 0.0235357 
3.405, 0.0235344 
3.406, 0.023533 
3.407, 0.0235316 
3.408, 0.0235302 
3.409, 0.0235288 
3.41, 0.0235274 
3.411, 0.023526 
3.412, 0.0235246 
3.413, 0.0235232 
3.414, 0.0235218 
3.415, 0.0235203 
3.416, 0.0235189 
3.417, 0.0235174 
3.418, 0.023516 
3.419, 0.0235145 
3.42, 0.0235131 
3.421, 0.0235116 
3.422, 0.0235101 
3.423, 0.0235086 
3.424, 0.0235071 
3.425, 0.0235056 
3.426, 0.0235041 
3.427, 0.0235026 
3.428, 0.0235011 
3.429, 0.0234995 
3.43, 0.023498 
3.431, 0.0234964 
3.432, 0.0234949 
3.433, 0.0234933 
3.434, 0.0234918 
3.435, 0.0234902 
3.436, 0.0234886 
3.437, 0.0234871 
3.438, 0.0234855 
3.439, 0.0234839 
3.44, 0.0234823 
3.441, 0.0234807 
3.442, 0.023479 
3.443, 0.0234774 
3.444, 0.0234758 
3.445, 0.0234742 
3.446, 0.0234725 
3.447, 0.0234709 
3.448, 0.0234692 
3.449, 0.0234676 
3.45, 0.0234659 
3.451, 0.0234642 
3.452, 0.0234625 
3.453, 0.0234608 
3.454, 0.0234592 
3.455, 0.0234575 
3.456, 0.0234557 
3.457, 0.023454 
3.458, 0.0234523 
3.459, 0.0234506 
3.46, 0.0234489 
3.461, 0.0234471 
3.462, 0.0234454 
3.463, 0.0234436 
3.464, 0.0234419 
3.465, 0.0234401 
3.466, 0.0234383 
3.467, 0.0234366 
3.468, 0.0234348 
3.469, 0.023433 
3.47, 0.0234312 
3.471, 0.0234294 
3.472, 0.0234276 
3.473, 0.0234258 
3.474, 0.023424 
3.475, 0.0234222 
3.476, 0.0234203 
3.477, 0.0234185 
3.478, 0.0234167 
3.479, 0.0234148 
3.48, 0.023413 
3.481, 0.0234111 
3.482, 0.0234092 
3.483, 0.0234074 
3.484, 0.0234055 
3.485, 0.0234036 
3.486, 0.0234017 
3.487, 0.0233998 
3.488, 0.0233979 
3.489, 0.023396 
3.49, 0.0233941 
3.491, 0.0233922 
3.492, 0.0233902 
3.493, 0.0233883 
3.494, 0.0233864 
3.495, 0.0233844 
3.496, 0.0233825 
3.497, 0.0233805 
3.498, 0.0233786 
3.499, 0.0233766 
3.5, 0.0233746 
3.501, 0.0233726 
3.502, 0.0233707 
3.503, 0.0233687 
3.504, 0.0233667 
3.505, 0.0233647 
3.506, 0.0233627 
3.507, 0.0233607 
3.508, 0.0233586 
3.509, 0.0233566 
3.51, 0.0233546 
3.511, 0.0233525 
3.512, 0.0233505 
3.513, 0.0233485 
3.514, 0.0233464 
3.515, 0.0233443 
3.516, 0.0233423 
3.517, 0.0233402 
3.518, 0.0233381 
3.519, 0.0233361 
3.52, 0.023334 
3.521, 0.0233319 
3.522, 0.0233298 
3.523, 0.0233277 
3.524, 0.0233256 
3.525, 0.0233235 
3.526, 0.0233213 
3.527, 0.0233192 
3.528, 0.0233171 
3.529, 0.0233149 
3.53, 0.0233128 
3.531, 0.0233107 
3.532, 0.0233085 
3.533, 0.0233063 
3.534, 0.0233042 
3.535, 0.023302 
3.536, 0.0232998 
3.537, 0.0232977 
3.538, 0.0232955 
3.539, 0.0232933 
3.54, 0.0232911 
3.541, 0.0232889 
3.542, 0.0232867 
3.543, 0.0232845 
3.544, 0.0232822 
3.545, 0.02328 
3.546, 0.0232778 
3.547, 0.0232756 
3.548, 0.0232733 
3.549, 0.0232711 
3.55, 0.0232688 
3.551, 0.0232666 
3.552, 0.0232643 
3.553, 0.0232621 
3.554, 0.0232598 
3.555, 0.0232575 
3.556, 0.0232552 
3.557, 0.0232529 
3.558, 0.0232506 
3.559, 0.0232484 
3.56, 0.0232461 
3.561, 0.0232437 
3.562, 0.0232414 
3.563, 0.0232391 
3.564, 0.0232368 
3.565, 0.0232345 
3.566, 0.0232321 
3.567, 0.0232298 
3.568, 0.0232275 
3.569, 0.0232251 
3.57, 0.0232228 
3.571, 0.0232204 
3.572, 0.023218 
3.573, 0.0232157 
3.574, 0.0232133 
3.575, 0.0232109 
3.576, 0.0232085 
3.577, 0.0232062 
3.578, 0.0232038 
3.579, 0.0232014 
3.58, 0.023199 
3.581, 0.0231966 
3.582, 0.0231941 
3.583, 0.0231917 
3.584, 0.0231893 
3.585, 0.0231869 
3.586, 0.0231844 
3.587, 0.023182 
3.588, 0.0231796 
3.589, 0.0231771 
3.59, 0.0231747 
3.591, 0.0231722 
3.592, 0.0231697 
3.593, 0.0231673 
3.594, 0.0231648 
3.595, 0.0231623 
3.596, 0.0231599 
3.597, 0.0231574 
3.598, 0.0231549 
3.599, 0.0231524 
3.6, 0.0231499 
3.601, 0.0231474 
3.602, 0.0231449 
3.603, 0.0231424 
3.604, 0.0231398 
3.605, 0.0231373 
3.606, 0.0231348 
3.607, 0.0231323 
3.608, 0.0231297 
3.609, 0.0231272 
3.61, 0.0231246 
3.611, 0.0231221 
3.612, 0.0231195 
3.613, 0.023117 
3.614, 0.0231144 
3.615, 0.0231118 
3.616, 0.0231093 
3.617, 0.0231067 
3.618, 0.0231041 
3.619, 0.0231015 
3.62, 0.0230989 
3.621, 0.0230963 
3.622, 0.0230937 
3.623, 0.0230911 
3.624, 0.0230885 
3.625, 0.0230859 
3.626, 0.0230833 
3.627, 0.0230806 
3.628, 0.023078 
3.629, 0.0230754 
3.63, 0.0230727 
3.631, 0.0230701 
3.632, 0.0230675 
3.633, 0.0230648 
3.634, 0.0230622 
3.635, 0.0230595 
3.636, 0.0230568 
3.637, 0.0230542 
3.638, 0.0230515 
3.639, 0.0230488 
3.64, 0.0230461 
3.641, 0.0230434 
3.642, 0.0230408 
3.643, 0.0230381 
3.644, 0.0230354 
3.645, 0.0230327 
3.646, 0.0230299 
3.647, 0.0230272 
3.648, 0.0230245 
3.649, 0.0230218 
3.65, 0.0230191 
3.651, 0.0230163 
3.652, 0.0230136 
3.653, 0.0230109 
3.654, 0.0230081 
3.655, 0.0230054 
3.656, 0.0230026 
3.657, 0.0229999 
3.658, 0.0229971 
3.659, 0.0229944 
3.66, 0.0229916 
3.661, 0.0229888 
3.662, 0.022986 
3.663, 0.0229833 
3.664, 0.0229805 
3.665, 0.0229777 
3.666, 0.0229749 
3.667, 0.0229721 
3.668, 0.0229693 
3.669, 0.0229665 
3.67, 0.0229637 
3.671, 0.0229609 
3.672, 0.0229581 
3.673, 0.0229552 
3.674, 0.0229524 
3.675, 0.0229496 
3.676, 0.0229468 
3.677, 0.0229439 
3.678, 0.0229411 
3.679, 0.0229382 
3.68, 0.0229354 
3.681, 0.0229325 
3.682, 0.0229297 
3.683, 0.0229268 
3.684, 0.0229239 
3.685, 0.0229211 
3.686, 0.0229182 
3.687, 0.0229153 
3.688, 0.0229124 
3.689, 0.0229096 
3.69, 0.0229067 
3.691, 0.0229038 
3.692, 0.0229009 
3.693, 0.022898 
3.694, 0.0228951 
3.695, 0.0228922 
3.696, 0.0228893 
3.697, 0.0228863 
3.698, 0.0228834 
3.699, 0.0228805 
3.7, 0.0228776 
3.701, 0.0228746 
3.702, 0.0228717 
3.703, 0.0228688 
3.704, 0.0228658 
3.705, 0.0228629 
3.706, 0.0228599 
3.707, 0.022857 
3.708, 0.022854 
3.709, 0.0228511 
3.71, 0.0228481 
3.711, 0.0228451 
3.712, 0.0228421 
3.713, 0.0228392 
3.714, 0.0228362 
3.715, 0.0228332 
3.716, 0.0228302 
3.717, 0.0228272 
3.718, 0.0228242 
3.719, 0.0228212 
3.72, 0.0228182 
3.721, 0.0228152 
3.722, 0.0228122 
3.723, 0.0228092 
3.724, 0.0228062 
3.725, 0.0228032 
3.726, 0.0228001 
3.727, 0.0227971 
3.728, 0.0227941 
3.729, 0.022791 
3.73, 0.022788 
3.731, 0.022785 
3.732, 0.0227819 
3.733, 0.0227789 
3.734, 0.0227758 
3.735, 0.0227728 
3.736, 0.0227697 
3.737, 0.0227666 
3.738, 0.0227636 
3.739, 0.0227605 
3.74, 0.0227574 
3.741, 0.0227543 
3.742, 0.0227513 
3.743, 0.0227482 
3.744, 0.0227451 
3.745, 0.022742 
3.746, 0.0227389 
3.747, 0.0227358 
3.748, 0.0227327 
3.749, 0.0227296 
3.75, 0.0227265 
3.751, 0.0227234 
3.752, 0.0227203 
3.753, 0.0227171 
3.754, 0.022714 
3.755, 0.0227109 
3.756, 0.0227078 
3.757, 0.0227046 
3.758, 0.0227015 
3.759, 0.0226983 
3.76, 0.0226952 
3.761, 0.0226921 
3.762, 0.0226889 
3.763, 0.0226858 
3.764, 0.0226826 
3.765, 0.0226794 
3.766, 0.0226763 
3.767, 0.0226731 
3.768, 0.0226699 
3.769, 0.0226668 
3.77, 0.0226636 
3.771, 0.0226604 
3.772, 0.0226572 
3.773, 0.022654 
3.774, 0.0226509 
3.775, 0.0226477 
3.776, 0.0226445 
3.777, 0.0226413 
3.778, 0.0226381 
3.779, 0.0226349 
3.78, 0.0226316 
3.781, 0.0226284 
3.782, 0.0226252 
3.783, 0.022622 
3.784, 0.0226188 
3.785, 0.0226156 
3.786, 0.0226123 
3.787, 0.0226091 
3.788, 0.0226059 
3.789, 0.0226026 
3.79, 0.0225994 
3.791, 0.0225961 
3.792, 0.0225929 
3.793, 0.0225896 
3.794, 0.0225864 
3.795, 0.0225831 
3.796, 0.0225799 
3.797, 0.0225766 
3.798, 0.0225734 
3.799, 0.0225701 
3.8, 0.0225668 
3.801, 0.0225635 
3.802, 0.0225603 
3.803, 0.022557 
3.804, 0.0225537 
3.805, 0.0225504 
3.806, 0.0225471 
3.807, 0.0225438 
3.808, 0.0225405 
3.809, 0.0225372 
3.81, 0.0225339 
3.811, 0.0225306 
3.812, 0.0225273 
3.813, 0.022524 
3.814, 0.0225207 
3.815, 0.0225174 
3.816, 0.0225141 
3.817, 0.0225107 
3.818, 0.0225074 
3.819, 0.0225041 
3.82, 0.0225008 
3.821, 0.0224974 
3.822, 0.0224941 
3.823, 0.0224908 
3.824, 0.0224874 
3.825, 0.0224841 
3.826, 0.0224807 
3.827, 0.0224774 
3.828, 0.022474 
3.829, 0.0224707 
3.83, 0.0224673 
3.831, 0.0224639 
3.832, 0.0224606 
3.833, 0.0224572 
3.834, 0.0224538 
3.835, 0.0224505 
3.836, 0.0224471 
3.837, 0.0224437 
3.838, 0.0224403 
3.839, 0.0224369 
3.84, 0.0224335 
3.841, 0.0224301 
3.842, 0.0224268 
3.843, 0.0224234 
3.844, 0.02242 
3.845, 0.0224166 
3.846, 0.0224132 
3.847, 0.0224097 
3.848, 0.0224063 
3.849, 0.0224029 
3.85, 0.0223995 
3.851, 0.0223961 
3.852, 0.0223927 
3.853, 0.0223892 
3.854, 0.0223858 
3.855, 0.0223824 
3.856, 0.022379 
3.857, 0.0223755 
3.858, 0.0223721 
3.859, 0.0223687 
3.86, 0.0223652 
3.861, 0.0223618 
3.862, 0.0223583 
3.863, 0.0223549 
3.864, 0.0223514 
3.865, 0.022348 
3.866, 0.0223445 
3.867, 0.022341 
3.868, 0.0223376 
3.869, 0.0223341 
3.87, 0.0223306 
3.871, 0.0223272 
3.872, 0.0223237 
3.873, 0.0223202 
3.874, 0.0223167 
3.875, 0.0223133 
3.876, 0.0223098 
3.877, 0.0223063 
3.878, 0.0223028 
3.879, 0.0222993 
3.88, 0.0222958 
3.881, 0.0222923 
3.882, 0.0222888 
3.883, 0.0222853 
3.884, 0.0222818 
3.885, 0.0222783 
3.886, 0.0222748 
3.887, 0.0222713 
3.888, 0.0222678 
3.889, 0.0222643 
3.89, 0.0222608 
3.891, 0.0222572 
3.892, 0.0222537 
3.893, 0.0222502 
3.894, 0.0222467 
3.895, 0.0222431 
3.896, 0.0222396 
3.897, 0.0222361 
3.898, 0.0222325 
3.899, 0.022229 
3.9, 0.0222254 
3.901, 0.0222219 
3.902, 0.0222183 
3.903, 0.0222148 
3.904, 0.0222112 
3.905, 0.0222077 
3.906, 0.0222041 
3.907, 0.0222006 
3.908, 0.022197 
3.909, 0.0221934 
3.91, 0.0221899 
3.911, 0.0221863 
3.912, 0.0221827 
3.913, 0.0221792 
3.914, 0.0221756 
3.915, 0.022172 
3.916, 0.0221684 
3.917, 0.0221649 
3.918, 0.0221613 
3.919, 0.0221577 
3.92, 0.0221541 
3.921, 0.0221505 
3.922, 0.0221469 
3.923, 0.0221433 
3.924, 0.0221397 
3.925, 0.0221361 
3.926, 0.0221325 
3.927, 0.0221289 
3.928, 0.0221253 
3.929, 0.0221217 
3.93, 0.0221181 
3.931, 0.0221145 
3.932, 0.0221108 
3.933, 0.0221072 
3.934, 0.0221036 
3.935, 0.0221 
3.936, 0.0220964 
3.937, 0.0220927 
3.938, 0.0220891 
3.939, 0.0220855 
3.94, 0.0220818 
3.941, 0.0220782 
3.942, 0.0220746 
3.943, 0.0220709 
3.944, 0.0220673 
3.945, 0.0220636 
3.946, 0.02206 
3.947, 0.0220563 
3.948, 0.0220527 
3.949, 0.022049 
3.95, 0.0220454 
3.951, 0.0220417 
3.952, 0.0220381 
3.953, 0.0220344 
3.954, 0.0220307 
3.955, 0.0220271 
3.956, 0.0220234 
3.957, 0.0220197 
3.958, 0.0220161 
3.959, 0.0220124 
3.96, 0.0220087 
3.961, 0.022005 
3.962, 0.0220014 
3.963, 0.0219977 
3.964, 0.021994 
3.965, 0.0219903 
3.966, 0.0219866 
3.967, 0.0219829 
3.968, 0.0219792 
3.969, 0.0219756 
3.97, 0.0219719 
3.971, 0.0219682 
3.972, 0.0219645 
3.973, 0.0219608 
3.974, 0.0219571 
3.975, 0.0219534 
3.976, 0.0219496 
3.977, 0.0219459 
3.978, 0.0219422 
3.979, 0.0219385 
3.98, 0.0219348 
3.981, 0.0219311 
3.982, 0.0219274 
3.983, 0.0219236 
3.984, 0.0219199 
3.985, 0.0219162 
3.986, 0.0219125 
3.987, 0.0219087 
3.988, 0.021905 
3.989, 0.0219013 
3.99, 0.0218975 
3.991, 0.0218938 
3.992, 0.0218901 
3.993, 0.0218863 
3.994, 0.0218826 
3.995, 0.0218788 
3.996, 0.0218751 
3.997, 0.0218714 
3.998, 0.0218676 
3.999, 0.0218639 
4, 0.0218601 
4.001, 0.0218563 
4.002, 0.0218526 
4.003, 0.0218488 
4.004, 0.0218451 
4.005, 0.0218413 
4.006, 0.0218375 
4.007, 0.0218338 
4.008, 0.02183 
4.009, 0.0218262 
4.01, 0.0218225 
4.011, 0.0218187 
4.012, 0.0218149 
4.013, 0.0218112 
4.014, 0.0218074 
4.015, 0.0218036 
4.016, 0.0217998 
4.017, 0.021796 
4.018, 0.0217922 
4.019, 0.0217885 
4.02, 0.0217847 
4.021, 0.0217809 
4.022, 0.0217771 
4.023, 0.0217733 
4.024, 0.0217695 
4.025, 0.0217657 
4.026, 0.0217619 
4.027, 0.0217581 
4.028, 0.0217543 
4.029, 0.0217505 
4.03, 0.0217467 
4.031, 0.0217429 
4.032, 0.0217391 
4.033, 0.0217353 
4.034, 0.0217315 
4.035, 0.0217276 
4.036, 0.0217238 
4.037, 0.02172 
4.038, 0.0217162 
4.039, 0.0217124 
4.04, 0.0217086 
4.041, 0.0217047 
4.042, 0.0217009 
4.043, 0.0216971 
4.044, 0.0216933 
4.045, 0.0216894 
4.046, 0.0216856 
4.047, 0.0216818 
4.048, 0.0216779 
4.049, 0.0216741 
4.05, 0.0216702 
4.051, 0.0216664 
4.052, 0.0216626 
4.053, 0.0216587 
4.054, 0.0216549 
4.055, 0.021651 
4.056, 0.0216472 
4.057, 0.0216433 
4.058, 0.0216395 
4.059, 0.0216356 
4.06, 0.0216318 
4.061, 0.0216279 
4.062, 0.0216241 
4.063, 0.0216202 
4.064, 0.0216164 
4.065, 0.0216125 
4.066, 0.0216086 
4.067, 0.0216048 
4.068, 0.0216009 
4.069, 0.021597 
4.07, 0.0215932 
4.071, 0.0215893 
4.072, 0.0215854 
4.073, 0.0215816 
4.074, 0.0215777 
4.075, 0.0215738 
4.076, 0.0215699 
4.077, 0.0215661 
4.078, 0.0215622 
4.079, 0.0215583 
4.08, 0.0215544 
4.081, 0.0215505 
4.082, 0.0215466 
4.083, 0.0215428 
4.084, 0.0215389 
4.085, 0.021535 
4.086, 0.0215311 
4.087, 0.0215272 
4.088, 0.0215233 
4.089, 0.0215194 
4.09, 0.0215155 
4.091, 0.0215116 
4.092, 0.0215077 
4.093, 0.0215038 
4.094, 0.0214999 
4.095, 0.021496 
4.096, 0.0214921 
4.097, 0.0214882 
4.098, 0.0214843 
4.099, 0.0214804 
4.1, 0.0214765 
4.101, 0.0214726 
4.102, 0.0214686 
4.103, 0.0214647 
4.104, 0.0214608 
4.105, 0.0214569 
4.106, 0.021453 
4.107, 0.0214491 
4.108, 0.0214451 
4.109, 0.0214412 
4.11, 0.0214373 
4.111, 0.0214334 
4.112, 0.0214294 
4.113, 0.0214255 
4.114, 0.0214216 
4.115, 0.0214176 
4.116, 0.0214137 
4.117, 0.0214098 
4.118, 0.0214058 
4.119, 0.0214019 
4.12, 0.021398 
4.121, 0.021394 
4.122, 0.0213901 
4.123, 0.0213862 
4.124, 0.0213822 
4.125, 0.0213783 
4.126, 0.0213743 
4.127, 0.0213704 
4.128, 0.0213664 
4.129, 0.0213625 
4.13, 0.0213585 
4.131, 0.0213546 
4.132, 0.0213506 
4.133, 0.0213467 
4.134, 0.0213427 
4.135, 0.0213388 
4.136, 0.0213348 
4.137, 0.0213309 
4.138, 0.0213269 
4.139, 0.0213229 
4.14, 0.021319 
4.141, 0.021315 
4.142, 0.0213111 
4.143, 0.0213071 
4.144, 0.0213031 
4.145, 0.0212992 
4.146, 0.0212952 
4.147, 0.0212912 
4.148, 0.0212873 
4.149, 0.0212833 
4.15, 0.0212793 
4.151, 0.0212753 
4.152, 0.0212714 
4.153, 0.0212674 
4.154, 0.0212634 
4.155, 0.0212594 
4.156, 0.0212555 
4.157, 0.0212515 
4.158, 0.0212475 
4.159, 0.0212435 
4.16, 0.0212395 
4.161, 0.0212355 
4.162, 0.0212316 
4.163, 0.0212276 
4.164, 0.0212236 
4.165, 0.0212196 
4.166, 0.0212156 
4.167, 0.0212116 
4.168, 0.0212076 
4.169, 0.0212036 
4.17, 0.0211996 
4.171, 0.0211956 
4.172, 0.0211916 
4.173, 0.0211876 
4.174, 0.0211836 
4.175, 0.0211796 
4.176, 0.0211756 
4.177, 0.0211716 
4.178, 0.0211676 
4.179, 0.0211636 
4.18, 0.0211596 
4.181, 0.0211556 
4.182, 0.0211516 
4.183, 0.0211476 
4.184, 0.0211436 
4.185, 0.0211396 
4.186, 0.0211356 
4.187, 0.0211316 
4.188, 0.0211276 
4.189, 0.0211235 
4.19, 0.0211195 
4.191, 0.0211155 
4.192, 0.0211115 
4.193, 0.0211075 
4.194, 0.0211035 
4.195, 0.0210994 
4.196, 0.0210954 
4.197, 0.0210914 
4.198, 0.0210874 
4.199, 0.0210834 
4.2, 0.0210793 
4.201, 0.0210753 
4.202, 0.0210713 
4.203, 0.0210672 
4.204, 0.0210632 
4.205, 0.0210592 
4.206, 0.0210552 
4.207, 0.0210511 
4.208, 0.0210471 
4.209, 0.0210431 
4.21, 0.021039 
4.211, 0.021035 
4.212, 0.021031 
4.213, 0.0210269 
4.214, 0.0210229 
4.215, 0.0210189 
4.216, 0.0210148 
4.217, 0.0210108 
4.218, 0.0210067 
4.219, 0.0210027 
4.22, 0.0209986 
4.221, 0.0209946 
4.222, 0.0209906 
4.223, 0.0209865 
4.224, 0.0209825 
4.225, 0.0209784 
4.226, 0.0209744 
4.227, 0.0209703 
4.228, 0.0209663 
4.229, 0.0209622 
4.23, 0.0209582 
4.231, 0.0209541 
4.232, 0.0209501 
4.233, 0.020946 
4.234, 0.020942 
4.235, 0.0209379 
4.236, 0.0209339 
4.237, 0.0209298 
4.238, 0.0209257 
4.239, 0.0209217 
4.24, 0.0209176 
4.241, 0.0209136 
4.242, 0.0209095 
4.243, 0.0209054 
4.244, 0.0209014 
4.245, 0.0208973 
4.246, 0.0208932 
4.247, 0.0208892 
4.248, 0.0208851 
4.249, 0.0208811 
4.25, 0.020877 
4.251, 0.0208729 
4.252, 0.0208688 
4.253, 0.0208648 
4.254, 0.0208607 
4.255, 0.0208566 
4.256, 0.0208526 
4.257, 0.0208485 
4.258, 0.0208444 
4.259, 0.0208403 
4.26, 0.0208363 
4.261, 0.0208322 
4.262, 0.0208281 
4.263, 0.020824 
4.264, 0.02082 
4.265, 0.0208159 
4.266, 0.0208118 
4.267, 0.0208077 
4.268, 0.0208037 
4.269, 0.0207996 
4.27, 0.0207955 
4.271, 0.0207914 
4.272, 0.0207873 
4.273, 0.0207832 
4.274, 0.0207792 
4.275, 0.0207751 
4.276, 0.020771 
4.277, 0.0207669 
4.278, 0.0207628 
4.279, 0.0207587 
4.28, 0.0207546 
4.281, 0.0207505 
4.282, 0.0207465 
4.283, 0.0207424 
4.284, 0.0207383 
4.285, 0.0207342 
4.286, 0.0207301 
4.287, 0.020726 
4.288, 0.0207219 
4.289, 0.0207178 
4.29, 0.0207137 
4.291, 0.0207096 
4.292, 0.0207055 
4.293, 0.0207014 
4.294, 0.0206973 
4.295, 0.0206932 
4.296, 0.0206891 
4.297, 0.020685 
4.298, 0.0206809 
4.299, 0.0206768 
4.3, 0.0206727 
4.301, 0.0206686 
4.302, 0.0206645 
4.303, 0.0206604 
4.304, 0.0206563 
4.305, 0.0206522 
4.306, 0.0206481 
4.307, 0.020644 
4.308, 0.0206399 
4.309, 0.0206358 
4.31, 0.0206317 
4.311, 0.0206276 
4.312, 0.0206235 
4.313, 0.0206194 
4.314, 0.0206153 
4.315, 0.0206111 
4.316, 0.020607 
4.317, 0.0206029 
4.318, 0.0205988 
4.319, 0.0205947 
4.32, 0.0205906 
4.321, 0.0205865 
4.322, 0.0205824 
4.323, 0.0205782 
4.324, 0.0205741 
4.325, 0.02057 
4.326, 0.0205659 
4.327, 0.0205618 
4.328, 0.0205577 
4.329, 0.0205536 
4.33, 0.0205494 
4.331, 0.0205453 
4.332, 0.0205412 
4.333, 0.0205371 
4.334, 0.020533 
4.335, 0.0205288 
4.336, 0.0205247 
4.337, 0.0205206 
4.338, 0.0205165 
4.339, 0.0205123 
4.34, 0.0205082 
4.341, 0.0205041 
4.342, 0.0205 
4.343, 0.0204959 
4.344, 0.0204917 
4.345, 0.0204876 
4.346, 0.0204835 
4.347, 0.0204794 
4.348, 0.0204752 
4.349, 0.0204711 
4.35, 0.020467 
4.351, 0.0204628 
4.352, 0.0204587 
4.353, 0.0204546 
4.354, 0.0204505 
4.355, 0.0204463 
4.356, 0.0204422 
4.357, 0.0204381 
4.358, 0.0204339 
4.359, 0.0204298 
4.36, 0.0204257 
4.361, 0.0204215 
4.362, 0.0204174 
4.363, 0.0204133 
4.364, 0.0204091 
4.365, 0.020405 
4.366, 0.0204009 
4.367, 0.0203967 
4.368, 0.0203926 
4.369, 0.0203885 
4.37, 0.0203843 
4.371, 0.0203802 
4.372, 0.0203761 
4.373, 0.0203719 
4.374, 0.0203678 
4.375, 0.0203636 
4.376, 0.0203595 
4.377, 0.0203554 
4.378, 0.0203512 
4.379, 0.0203471 
4.38, 0.020343 
4.381, 0.0203388 
4.382, 0.0203347 
4.383, 0.0203305 
4.384, 0.0203264 
4.385, 0.0203222 
4.386, 0.0203181 
4.387, 0.020314 
4.388, 0.0203098 
4.389, 0.0203057 
4.39, 0.0203015 
4.391, 0.0202974 
4.392, 0.0202932 
4.393, 0.0202891 
4.394, 0.020285 
4.395, 0.0202808 
4.396, 0.0202767 
4.397, 0.0202725 
4.398, 0.0202684 
4.399, 0.0202642 
4.4, 0.0202601 
4.401, 0.0202559 
4.402, 0.0202518 
4.403, 0.0202476 
4.404, 0.0202435 
4.405, 0.0202393 
4.406, 0.0202352 
4.407, 0.020231 
4.408, 0.0202269 
4.409, 0.0202227 
4.41, 0.0202186 
4.411, 0.0202144 
4.412, 0.0202103 
4.413, 0.0202061 
4.414, 0.020202 
4.415, 0.0201978 
4.416, 0.0201937 
4.417, 0.0201895 
4.418, 0.0201854 
4.419, 0.0201812 
4.42, 0.0201771 
4.421, 0.0201729 
4.422, 0.0201688 
4.423, 0.0201646 
4.424, 0.0201605 
4.425, 0.0201563 
4.426, 0.0201522 
4.427, 0.020148 
4.428, 0.0201439 
4.429, 0.0201397 
4.43, 0.0201355 
4.431, 0.0201314 
4.432, 0.0201272 
4.433, 0.0201231 
4.434, 0.0201189 
4.435, 0.0201148 
4.436, 0.0201106 
4.437, 0.0201064 
4.438, 0.0201023 
4.439, 0.0200981 
4.44, 0.020094 
4.441, 0.0200898 
4.442, 0.0200857 
4.443, 0.0200815 
4.444, 0.0200773 
4.445, 0.0200732 
4.446, 0.020069 
4.447, 0.0200649 
4.448, 0.0200607 
4.449, 0.0200566 
4.45, 0.0200524 
4.451, 0.0200482 
4.452, 0.0200441 
4.453, 0.0200399 
4.454, 0.0200358 
4.455, 0.0200316 
4.456, 0.0200274 
4.457, 0.0200233 
4.458, 0.0200191 
4.459, 0.0200149 
4.46, 0.0200108 
4.461, 0.0200066 
4.462, 0.0200025 
4.463, 0.0199983 
4.464, 0.0199941 
4.465, 0.01999 
4.466, 0.0199858 
4.467, 0.0199817 
4.468, 0.0199775 
4.469, 0.0199733 
4.47, 0.0199692 
4.471, 0.019965 
4.472, 0.0199608 
4.473, 0.0199567 
4.474, 0.0199525 
4.475, 0.0199483 
4.476, 0.0199442 
4.477, 0.01994 
4.478, 0.0199359 
4.479, 0.0199317 
4.48, 0.0199275 
4.481, 0.0199234 
4.482, 0.0199192 
4.483, 0.019915 
4.484, 0.0199109 
4.485, 0.0199067 
4.486, 0.0199025 
4.487, 0.0198984 
4.488, 0.0198942 
4.489, 0.01989 
4.49, 0.0198859 
4.491, 0.0198817 
4.492, 0.0198775 
4.493, 0.0198734 
4.494, 0.0198692 
4.495, 0.0198651 
4.496, 0.0198609 
4.497, 0.0198567 
4.498, 0.0198526 
4.499, 0.0198484 
4.5, 0.0198442 
4.501, 0.0198401 
4.502, 0.0198359 
4.503, 0.0198317 
4.504, 0.0198276 
4.505, 0.0198234 
4.506, 0.0198192 
4.507, 0.0198151 
4.508, 0.0198109 
4.509, 0.0198067 
4.51, 0.0198026 
4.511, 0.0197984 
4.512, 0.0197942 
4.513, 0.0197901 
4.514, 0.0197859 
4.515, 0.0197817 
4.516, 0.0197775 
4.517, 0.0197734 
4.518, 0.0197692 
4.519, 0.019765 
4.52, 0.0197609 
4.521, 0.0197567 
4.522, 0.0197525 
4.523, 0.0197484 
4.524, 0.0197442 
4.525, 0.01974 
4.526, 0.0197359 
4.527, 0.0197317 
4.528, 0.0197275 
4.529, 0.0197234 
4.53, 0.0197192 
4.531, 0.019715 
4.532, 0.0197109 
4.533, 0.0197067 
4.534, 0.0197025 
4.535, 0.0196984 
4.536, 0.0196942 
4.537, 0.01969 
4.538, 0.0196859 
4.539, 0.0196817 
4.54, 0.0196775 
4.541, 0.0196734 
4.542, 0.0196692 
4.543, 0.019665 
4.544, 0.0196609 
4.545, 0.0196567 
4.546, 0.0196525 
4.547, 0.0196484 
4.548, 0.0196442 
4.549, 0.01964 
4.55, 0.0196358 
4.551, 0.0196317 
4.552, 0.0196275 
4.553, 0.0196233 
4.554, 0.0196192 
4.555, 0.019615 
4.556, 0.0196108 
4.557, 0.0196067 
4.558, 0.0196025 
4.559, 0.0195983 
4.56, 0.0195942 
4.561, 0.01959 
4.562, 0.0195858 
4.563, 0.0195817 
4.564, 0.0195775 
4.565, 0.0195733 
4.566, 0.0195692 
4.567, 0.019565 
4.568, 0.0195608 
4.569, 0.0195567 
4.57, 0.0195525 
4.571, 0.0195483 
4.572, 0.0195442 
4.573, 0.01954 
4.574, 0.0195358 
4.575, 0.0195317 
4.576, 0.0195275 
4.577, 0.0195233 
4.578, 0.0195192 
4.579, 0.019515 
4.58, 0.0195108 
4.581, 0.0195067 
4.582, 0.0195025 
4.583, 0.0194983 
4.584, 0.0194942 
4.585, 0.01949 
4.586, 0.0194858 
4.587, 0.0194817 
4.588, 0.0194775 
4.589, 0.0194733 
4.59, 0.0194692 
4.591, 0.019465 
4.592, 0.0194608 
4.593, 0.0194567 
4.594, 0.0194525 
4.595, 0.0194484 
4.596, 0.0194442 
4.597, 0.01944 
4.598, 0.0194359 
4.599, 0.0194317 
4.6, 0.0194275 
4.601, 0.0194234 
4.602, 0.0194192 
4.603, 0.019415 
4.604, 0.0194109 
4.605, 0.0194067 
4.606, 0.0194026 
4.607, 0.0193984 
4.608, 0.0193942 
4.609, 0.0193901 
4.61, 0.0193859 
4.611, 0.0193817 
4.612, 0.0193776 
4.613, 0.0193734 
4.614, 0.0193692 
4.615, 0.0193651 
4.616, 0.0193609 
4.617, 0.0193568 
4.618, 0.0193526 
4.619, 0.0193484 
4.62, 0.0193443 
4.621, 0.0193401 
4.622, 0.019336 
4.623, 0.0193318 
4.624, 0.0193276 
4.625, 0.0193235 
4.626, 0.0193193 
4.627, 0.0193152 
4.628, 0.019311 
4.629, 0.0193068 
4.63, 0.0193027 
4.631, 0.0192985 
4.632, 0.0192944 
4.633, 0.0192902 
4.634, 0.019286 
4.635, 0.0192819 
4.636, 0.0192777 
4.637, 0.0192736 
4.638, 0.0192694 
4.639, 0.0192652 
4.64, 0.0192611 
4.641, 0.0192569 
4.642, 0.0192528 
4.643, 0.0192486 
4.644, 0.0192445 
4.645, 0.0192403 
4.646, 0.0192361 
4.647, 0.019232 
4.648, 0.0192278 
4.649, 0.0192237 
4.65, 0.0192195 
4.651, 0.0192154 
4.652, 0.0192112 
4.653, 0.019207 
4.654, 0.0192029 
4.655, 0.0191987 
4.656, 0.0191946 
4.657, 0.0191904 
4.658, 0.0191863 
4.659, 0.0191821 
4.66, 0.019178 
4.661, 0.0191738 
4.662, 0.0191697 
4.663, 0.0191655 
4.664, 0.0191613 
4.665, 0.0191572 
4.666, 0.019153 
4.667, 0.0191489 
4.668, 0.0191447 
4.669, 0.0191406 
4.67, 0.0191364 
4.671, 0.0191323 
4.672, 0.0191281 
4.673, 0.019124 
4.674, 0.0191198 
4.675, 0.0191157 
4.676, 0.0191115 
4.677, 0.0191074 
4.678, 0.0191032 
4.679, 0.0190991 
4.68, 0.0190949 
4.681, 0.0190908 
4.682, 0.0190866 
4.683, 0.0190825 
4.684, 0.0190783 
4.685, 0.0190742 
4.686, 0.01907 
4.687, 0.0190659 
4.688, 0.0190617 
4.689, 0.0190576 
4.69, 0.0190534 
4.691, 0.0190493 
4.692, 0.0190452 
4.693, 0.019041 
4.694, 0.0190369 
4.695, 0.0190327 
4.696, 0.0190286 
4.697, 0.0190244 
4.698, 0.0190203 
4.699, 0.0190161 
4.7, 0.019012 
4.701, 0.0190078 
4.702, 0.0190037 
4.703, 0.0189996 
4.704, 0.0189954 
4.705, 0.0189913 
4.706, 0.0189871 
4.707, 0.018983 
4.708, 0.0189789 
4.709, 0.0189747 
4.71, 0.0189706 
4.711, 0.0189664 
4.712, 0.0189623 
4.713, 0.0189581 
4.714, 0.018954 
4.715, 0.0189499 
4.716, 0.0189457 
4.717, 0.0189416 
4.718, 0.0189374 
4.719, 0.0189333 
4.72, 0.0189292 
4.721, 0.018925 
4.722, 0.0189209 
4.723, 0.0189168 
4.724, 0.0189126 
4.725, 0.0189085 
4.726, 0.0189043 
4.727, 0.0189002 
4.728, 0.0188961 
4.729, 0.0188919 
4.73, 0.0188878 
4.731, 0.0188837 
4.732, 0.0188795 
4.733, 0.0188754 
4.734, 0.0188713 
4.735, 0.0188671 
4.736, 0.018863 
4.737, 0.0188589 
4.738, 0.0188547 
4.739, 0.0188506 
4.74, 0.0188465 
4.741, 0.0188423 
4.742, 0.0188382 
4.743, 0.0188341 
4.744, 0.01883 
4.745, 0.0188258 
4.746, 0.0188217 
4.747, 0.0188176 
4.748, 0.0188134 
4.749, 0.0188093 
4.75, 0.0188052 
4.751, 0.018801 
4.752, 0.0187969 
4.753, 0.0187928 
4.754, 0.0187887 
4.755, 0.0187845 
4.756, 0.0187804 
4.757, 0.0187763 
4.758, 0.0187722 
4.759, 0.018768 
4.76, 0.0187639 
4.761, 0.0187598 
4.762, 0.0187557 
4.763, 0.0187515 
4.764, 0.0187474 
4.765, 0.0187433 
4.766, 0.0187392 
4.767, 0.018735 
4.768, 0.0187309 
4.769, 0.0187268 
4.77, 0.0187227 
4.771, 0.0187186 
4.772, 0.0187144 
4.773, 0.0187103 
4.774, 0.0187062 
4.775, 0.0187021 
4.776, 0.018698 
4.777, 0.0186938 
4.778, 0.0186897 
4.779, 0.0186856 
4.78, 0.0186815 
4.781, 0.0186774 
4.782, 0.0186733 
4.783, 0.0186691 
4.784, 0.018665 
4.785, 0.0186609 
4.786, 0.0186568 
4.787, 0.0186527 
4.788, 0.0186486 
4.789, 0.0186445 
4.79, 0.0186403 
4.791, 0.0186362 
4.792, 0.0186321 
4.793, 0.018628 
4.794, 0.0186239 
4.795, 0.0186198 
4.796, 0.0186157 
4.797, 0.0186116 
4.798, 0.0186075 
4.799, 0.0186033 
4.8, 0.0185992 
4.801, 0.0185951 
4.802, 0.018591 
4.803, 0.0185869 
4.804, 0.0185828 
4.805, 0.0185787 
4.806, 0.0185746 
4.807, 0.0185705 
4.808, 0.0185664 
4.809, 0.0185623 
4.81, 0.0185582 
4.811, 0.0185541 
4.812, 0.01855 
4.813, 0.0185459 
4.814, 0.0185417 
4.815, 0.0185376 
4.816, 0.0185335 
4.817, 0.0185294 
4.818, 0.0185253 
4.819, 0.0185212 
4.82, 0.0185171 
4.821, 0.018513 
4.822, 0.0185089 
4.823, 0.0185048 
4.824, 0.0185007 
4.825, 0.0184966 
4.826, 0.0184925 
4.827, 0.0184884 
4.828, 0.0184843 
4.829, 0.0184802 
4.83, 0.0184762 
4.831, 0.0184721 
4.832, 0.018468 
4.833, 0.0184639 
4.834, 0.0184598 
4.835, 0.0184557 
4.836, 0.0184516 
4.837, 0.0184475 
4.838, 0.0184434 
4.839, 0.0184393 
4.84, 0.0184352 
4.841, 0.0184311 
4.842, 0.018427 
4.843, 0.0184229 
4.844, 0.0184189 
4.845, 0.0184148 
4.846, 0.0184107 
4.847, 0.0184066 
4.848, 0.0184025 
4.849, 0.0183984 
4.85, 0.0183943 
4.851, 0.0183902 
4.852, 0.0183862 
4.853, 0.0183821 
4.854, 0.018378 
4.855, 0.0183739 
4.856, 0.0183698 
4.857, 0.0183657 
4.858, 0.0183616 
4.859, 0.0183576 
4.86, 0.0183535 
4.861, 0.0183494 
4.862, 0.0183453 
4.863, 0.0183412 
4.864, 0.0183372 
4.865, 0.0183331 
4.866, 0.018329 
4.867, 0.0183249 
4.868, 0.0183208 
4.869, 0.0183168 
4.87, 0.0183127 
4.871, 0.0183086 
4.872, 0.0183045 
4.873, 0.0183005 
4.874, 0.0182964 
4.875, 0.0182923 
4.876, 0.0182882 
4.877, 0.0182842 
4.878, 0.0182801 
4.879, 0.018276 
4.88, 0.0182719 
4.881, 0.0182679 
4.882, 0.0182638 
4.883, 0.0182597 
4.884, 0.0182556 
4.885, 0.0182516 
4.886, 0.0182475 
4.887, 0.0182434 
4.888, 0.0182394 
4.889, 0.0182353 
4.89, 0.0182312 
4.891, 0.0182272 
4.892, 0.0182231 
4.893, 0.018219 
4.894, 0.018215 
4.895, 0.0182109 
4.896, 0.0182068 
4.897, 0.0182028 
4.898, 0.0181987 
4.899, 0.0181947 
4.9, 0.0181906 
4.901, 0.0181865 
4.902, 0.0181825 
4.903, 0.0181784 
4.904, 0.0181743 
4.905, 0.0181703 
4.906, 0.0181662 
4.907, 0.0181622 
4.908, 0.0181581 
4.909, 0.0181541 
4.91, 0.01815 
4.911, 0.0181459 
4.912, 0.0181419 
4.913, 0.0181378 
4.914, 0.0181338 
4.915, 0.0181297 
4.916, 0.0181257 
4.917, 0.0181216 
4.918, 0.0181176 
4.919, 0.0181135 
4.92, 0.0181095 
4.921, 0.0181054 
4.922, 0.0181014 
4.923, 0.0180973 
4.924, 0.0180933 
4.925, 0.0180892 
4.926, 0.0180852 
4.927, 0.0180811 
4.928, 0.0180771 
4.929, 0.018073 
4.93, 0.018069 
4.931, 0.0180649 
4.932, 0.0180609 
4.933, 0.0180568 
4.934, 0.0180528 
4.935, 0.0180487 
4.936, 0.0180447 
4.937, 0.0180407 
4.938, 0.0180366 
4.939, 0.0180326 
4.94, 0.0180285 
4.941, 0.0180245 
4.942, 0.0180205 
4.943, 0.0180164 
4.944, 0.0180124 
4.945, 0.0180083 
4.946, 0.0180043 
4.947, 0.0180003 
4.948, 0.0179962 
4.949, 0.0179922 
4.95, 0.0179882 
4.951, 0.0179841 
4.952, 0.0179801 
4.953, 0.0179761 
4.954, 0.017972 
4.955, 0.017968 
4.956, 0.017964 
4.957, 0.0179599 
4.958, 0.0179559 
4.959, 0.0179519 
4.96, 0.0179478 
4.961, 0.0179438 
4.962, 0.0179398 
4.963, 0.0179358 
4.964, 0.0179317 
4.965, 0.0179277 
4.966, 0.0179237 
4.967, 0.0179197 
4.968, 0.0179156 
4.969, 0.0179116 
4.97, 0.0179076 
4.971, 0.0179036 
4.972, 0.0178995 
4.973, 0.0178955 
4.974, 0.0178915 
4.975, 0.0178875 
4.976, 0.0178835 
4.977, 0.0178794 
4.978, 0.0178754 
4.979, 0.0178714 
4.98, 0.0178674 
4.981, 0.0178634 
4.982, 0.0178593 
4.983, 0.0178553 
4.984, 0.0178513 
4.985, 0.0178473 
4.986, 0.0178433 
4.987, 0.0178393 
4.988, 0.0178353 
4.989, 0.0178312 
4.99, 0.0178272 
4.991, 0.0178232 
4.992, 0.0178192 
4.993, 0.0178152 
4.994, 0.0178112 
4.995, 0.0178072 
4.996, 0.0178032 
4.997, 0.0177992 
4.998, 0.0177952 
4.999, 0.0177912 
