0 -nan
0.005 0.959382
0.01 0.434529
0.015 0.033126
0.02 0.133225
0.025 0.644799
0.03 0.0624303
0.035 0.0600253
0.04 0.691138
0.045 0.0379169
0.05 0.325759
0.055 0.223043
0.06 0.0958635
0.065 0.533818
0.07 0.133851
0.075 0.575859
0.08 0.617619
0.085 0.481406
0.09 0.165909
0.095 0.0265167
0.1 0.408739
0.105 0.166562
0.11 0.186652
0.115 0.20471
0.12 0.200196
0.125 0.100833
0.13 0.266413
0.135 0.090734
0.14 0.145681
0.145 0.214692
0.15 0.133478
0.155 0.11269
0.16 0.156265
0.165 0.174357
0.17 0.162308
0.175 0.139728
0.18 0.119901
0.185 0.123858
0.19 0.158036
0.195 0.194243
0.2 0.195388
0.205 0.155162
0.21 0.104867
0.215 0.084958
0.22 0.112699
0.225 0.172159
0.23 0.228383
0.235 0.250542
0.24 0.228052
0.245 0.172814
0.25 0.110249
0.255 0.0663608
0.26 0.0574493
0.265 0.0858051
0.27 0.141294
0.275 0.206636
0.28 0.263666
0.285 0.29842
0.29 0.303963
0.295 0.280838
0.3 0.235667
0.305 0.178742
0.31 0.121396
0.315 0.0737429
0.32 0.0431431
0.325 0.0334622
0.33 0.0450584
0.335 0.0753063
0.34 0.11944
0.345 0.171514
0.35 0.225313
0.355 0.275116
0.36 0.316238
0.365 0.345355
0.37 0.36062
0.375 0.361606
0.38 0.349129
0.385 0.32499
0.39 0.291683
0.395 0.252104
0.4 0.209276
0.405 0.166126
0.41 0.125301
0.415 0.0890429
0.42 0.0591091
0.425 0.0367398
0.43 0.022662
0.435 0.0171212
0.44 0.0199358
0.445 0.0305634
0.45 0.048175
0.455 0.0717303
0.46 0.10005
0.465 0.131884
0.47 0.165967
0.475 0.201071
0.48 0.236047
0.485 0.269851
0.49 0.30157
0.495 0.330432
0.5 0.355817
0.505 0.377254
0.51 0.394417
0.515 0.407119
0.52 0.415296
0.525 0.419001
0.53 0.41838
0.535 0.413666
0.54 0.405157
0.545 0.393208
0.55 0.37821
0.555 0.360582
0.56 0.340758
0.565 0.319177
0.57 0.296272
0.575 0.272466
0.58 0.248163
0.585 0.223742
0.59 0.199555
0.595 0.175925
0.6 0.153141
0.605 0.131459
0.61 0.111101
0.615 0.0922542
0.62 0.0750742
0.625 0.059684
0.63 0.0461767
0.635 0.0346165
0.64 0.0250416
0.645 0.0174656
0.65 0.0118799
0.655 0.00825622
0.66 0.00654863
0.665 0.00669572
0.67 0.00862283
0.675 0.0122441
0.68 0.0174643
0.685 0.0241807
0.69 0.032285
0.695 0.0416646
0.7 0.052204
0.705 0.0637863
0.71 0.0762945
0.715 0.0896122
0.72 0.103625
0.725 0.118219
0.73 0.133288
0.735 0.148724
0.74 0.164427
0.745 0.1803
0.75 0.196252
0.755 0.212196
0.76 0.228052
0.765 0.243744
0.77 0.259201
0.775 0.274359
0.78 0.289158
0.785 0.303547
0.79 0.317474
0.795 0.330899
0.8 0.343781
0.805 0.356089
0.81 0.367792
0.815 0.378867
0.82 0.389293
0.825 0.399053
0.83 0.408137
0.835 0.416534
0.84 0.424238
0.845 0.431248
0.85 0.437564
0.855 0.443188
0.86 0.448126
0.865 0.452386
0.87 0.455977
0.875 0.45891
0.88 0.4612
0.885 0.462859
0.89 0.463905
0.895 0.464355
0.9 0.464225
0.905 0.463537
0.91 0.462308
0.915 0.460559
0.92 0.458312
0.925 0.455587
0.93 0.452406
0.935 0.448789
0.94 0.44476
0.945 0.44034
0.95 0.435549
0.955 0.430411
0.96 0.424946
0.965 0.419175
0.97 0.413119
0.975 0.406799
0.98 0.400234
0.985 0.393445
0.99 0.38645
0.995 0.379269
1 0.37192
1.005 0.36442
1.01 0.356787
1.015 0.349037
1.02 0.341188
1.025 0.333253
1.03 0.325249
1.035 0.317191
1.04 0.309091
1.045 0.300963
1.05 0.292821
1.055 0.284676
1.06 0.27654
1.065 0.268425
1.07 0.260341
1.075 0.252297
1.08 0.244305
1.085 0.236372
1.09 0.228508
1.095 0.22072
1.1 0.213016
1.105 0.205403
1.11 0.197888
1.115 0.190477
1.12 0.183176
1.125 0.175991
1.13 0.168926
1.135 0.161986
1.14 0.155176
1.145 0.148499
1.15 0.141958
1.155 0.135558
1.16 0.1293
1.165 0.123189
1.17 0.117224
1.175 0.11141
1.18 0.105747
1.185 0.100238
1.19 0.0948822
1.195 0.089682
1.2 0.0846379
1.205 0.0797504
1.21 0.0750198
1.215 0.0704464
1.22 0.06603
1.225 0.0617705
1.23 0.0576675
1.235 0.0537205
1.24 0.0499289
1.245 0.0462917
1.25 0.0428082
1.255 0.0394771
1.26 0.0362974
1.265 0.0332678
1.27 0.0303868
1.275 0.027653
1.28 0.0250649
1.285 0.0226207
1.29 0.0203188
1.295 0.0181574
1.3 0.0161346
1.305 0.0142486
1.31 0.0124973
1.315 0.0108788
1.32 0.009391
1.325 0.00803181
1.33 0.00679911
1.335 0.00569076
1.34 0.00470457
1.345 0.00383833
1.35 0.00308984
1.355 0.00245684
1.36 0.0019371
1.365 0.00152835
1.37 0.00122832
1.375 0.00103474
1.38 0.000945347
1.385 0.000957864
1.39 0.00107002
1.395 0.00127956
1.4 0.00158423
1.405 0.00198177
1.41 0.00246995
1.415 0.00304656
1.42 0.00370937
1.425 0.0044562
1.43 0.00528487
1.435 0.00619322
1.44 0.00717911
1.445 0.00824042
1.45 0.00937506
1.455 0.010581
1.46 0.011856
1.465 0.0131983
1.47 0.0146057
1.475 0.0160763
1.48 0.0176082
1.485 0.0191994
1.49 0.0208479
1.495 0.022552
1.5 0.0243098
1.505 0.0261195
1.51 0.0279793
1.515 0.0298874
1.52 0.0318421
1.525 0.0338417
1.53 0.0358845
1.535 0.0379689
1.54 0.0400933
1.545 0.042256
1.55 0.0444556
1.555 0.0466904
1.56 0.048959
1.565 0.0512599
1.57 0.0535917
1.575 0.055953
1.58 0.0583423
1.585 0.0607584
1.59 0.0631998
1.595 0.0656653
1.6 0.0681536
1.605 0.0706635
1.61 0.0731937
1.615 0.0757431
1.62 0.0783104
1.625 0.0808945
1.63 0.0834944
1.635 0.0861089
1.64 0.088737
1.645 0.0913776
1.65 0.0940297
1.655 0.0966923
1.66 0.0993645
1.665 0.102045
1.67 0.104734
1.675 0.107429
1.68 0.11013
1.685 0.112837
1.69 0.115547
1.695 0.118261
1.7 0.120978
1.705 0.123696
1.71 0.126416
1.715 0.129136
1.72 0.131855
1.725 0.134574
1.73 0.137291
1.735 0.140006
1.74 0.142718
1.745 0.145426
1.75 0.148131
1.755 0.15083
1.76 0.153525
1.765 0.156213
1.77 0.158895
1.775 0.161571
1.78 0.164239
1.785 0.166899
1.79 0.169551
1.795 0.172194
1.8 0.174829
1.805 0.177453
1.81 0.180068
1.815 0.182672
1.82 0.185266
1.825 0.187848
1.83 0.19042
1.835 0.192979
1.84 0.195526
1.845 0.198061
1.85 0.200583
1.855 0.203092
1.86 0.205588
1.865 0.208071
1.87 0.210539
1.875 0.212994
1.88 0.215434
1.885 0.21786
1.89 0.220271
1.895 0.222667
1.9 0.225048
1.905 0.227413
1.91 0.229763
1.915 0.232098
1.92 0.234416
1.925 0.236719
1.93 0.239006
1.935 0.241276
1.94 0.24353
1.945 0.245767
1.95 0.247988
1.955 0.250192
1.96 0.252379
1.965 0.254549
1.97 0.256703
1.975 0.258839
1.98 0.260958
1.985 0.263059
1.99 0.265144
1.995 0.267211
2 0.26926
2.005 0.271292
2.01 0.273307
2.015 0.275304
2.02 0.277283
2.025 0.279245
2.03 0.281189
2.035 0.283116
2.04 0.285025
2.045 0.286916
2.05 0.28879
2.055 0.290646
2.06 0.292484
2.065 0.294304
2.07 0.296107
2.075 0.297892
2.08 0.29966
2.085 0.30141
2.09 0.303142
2.095 0.304857
2.1 0.306555
2.105 0.308234
2.11 0.309897
2.115 0.311542
2.12 0.313169
2.125 0.31478
2.13 0.316373
2.135 0.317948
2.14 0.319507
2.145 0.321048
2.15 0.322573
2.155 0.32408
2.16 0.325571
2.165 0.327044
2.17 0.328501
2.175 0.329941
2.18 0.331364
2.185 0.33277
2.19 0.33416
2.195 0.335534
2.2 0.336891
2.205 0.338232
2.21 0.339556
2.215 0.340865
2.22 0.342157
2.225 0.343433
2.23 0.344693
2.235 0.345938
2.24 0.347166
2.245 0.348379
2.25 0.349576
2.255 0.350758
2.26 0.351924
2.265 0.353075
2.27 0.354211
2.275 0.355331
2.28 0.356437
2.285 0.357527
2.29 0.358603
2.295 0.359663
2.3 0.360709
2.305 0.361741
2.31 0.362758
2.315 0.36376
2.32 0.364748
2.325 0.365722
2.33 0.366681
2.335 0.367627
2.34 0.368558
2.345 0.369476
2.35 0.37038
2.355 0.37127
2.36 0.372147
2.365 0.37301
2.37 0.373859
2.375 0.374696
2.38 0.375519
2.385 0.376329
2.39 0.377126
2.395 0.37791
2.4 0.378681
2.405 0.37944
2.41 0.380186
2.415 0.380919
2.42 0.38164
2.425 0.382349
2.43 0.383045
2.435 0.383729
2.44 0.384401
2.445 0.385061
2.45 0.38571
2.455 0.386346
2.46 0.386971
2.465 0.387584
2.47 0.388186
2.475 0.388776
2.48 0.389355
2.485 0.389923
2.49 0.390479
2.495 0.391025
2.5 0.391559
2.505 0.392083
2.51 0.392596
2.515 0.393098
2.52 0.39359
2.525 0.394071
2.53 0.394542
2.535 0.395003
2.54 0.395453
2.545 0.395893
2.55 0.396324
2.555 0.396744
2.56 0.397154
2.565 0.397555
2.57 0.397945
2.575 0.398327
2.58 0.398698
2.585 0.399061
2.59 0.399414
2.595 0.399757
2.6 0.400092
2.605 0.400417
2.61 0.400733
2.615 0.401041
2.62 0.401339
2.625 0.401629
2.63 0.40191
2.635 0.402182
2.64 0.402446
2.645 0.402702
2.65 0.402949
2.655 0.403188
2.66 0.403418
2.665 0.40364
2.67 0.403855
2.675 0.404061
2.68 0.40426
2.685 0.40445
2.69 0.404633
2.695 0.404808
2.7 0.404976
2.705 0.405136
2.71 0.405288
2.715 0.405433
2.72 0.405571
2.725 0.405702
2.73 0.405825
2.735 0.405942
2.74 0.406051
2.745 0.406153
2.75 0.406249
2.755 0.406337
2.76 0.406419
2.765 0.406494
2.77 0.406563
2.775 0.406625
2.78 0.40668
2.785 0.406729
2.79 0.406772
2.795 0.406808
2.8 0.406838
2.805 0.406862
2.81 0.40688
2.815 0.406892
2.82 0.406898
2.825 0.406898
2.83 0.406892
2.835 0.40688
2.84 0.406863
2.845 0.40684
2.85 0.406811
2.855 0.406777
2.86 0.406737
2.865 0.406692
2.87 0.406641
2.875 0.406585
2.88 0.406524
2.885 0.406457
2.89 0.406386
2.895 0.406309
2.9 0.406228
2.905 0.406141
2.91 0.406049
2.915 0.405953
2.92 0.405851
2.925 0.405745
2.93 0.405635
2.935 0.405519
2.94 0.405399
2.945 0.405274
2.95 0.405145
2.955 0.405011
2.96 0.404873
2.965 0.404731
2.97 0.404584
2.975 0.404433
2.98 0.404278
2.985 0.404118
2.99 0.403955
2.995 0.403787
3 0.403615
3.005 0.40344
3.01 0.40326
3.015 0.403077
3.02 0.402889
3.025 0.402698
3.03 0.402503
3.035 0.402304
3.04 0.402102
3.045 0.401896
3.05 0.401687
3.055 0.401473
3.06 0.401257
3.065 0.401037
3.07 0.400813
3.075 0.400586
3.08 0.400356
3.085 0.400123
3.09 0.399886
3.095 0.399646
3.1 0.399403
3.105 0.399156
3.11 0.398907
3.115 0.398654
3.12 0.398399
3.125 0.39814
3.13 0.397879
3.135 0.397614
3.14 0.397347
3.145 0.397077
3.15 0.396804
3.155 0.396528
3.16 0.396249
3.165 0.395968
3.17 0.395684
3.175 0.395398
3.18 0.395108
3.185 0.394817
3.19 0.394522
3.195 0.394226
3.2 0.393926
3.205 0.393625
3.21 0.393321
3.215 0.393014
3.22 0.392705
3.225 0.392394
3.23 0.392081
3.235 0.391765
3.24 0.391447
3.245 0.391127
3.25 0.390805
3.255 0.39048
3.26 0.390154
3.265 0.389825
3.27 0.389494
3.275 0.389162
3.28 0.388827
3.285 0.38849
3.29 0.388152
3.295 0.387811
3.3 0.387469
3.305 0.387125
3.31 0.386778
3.315 0.386431
3.32 0.386081
3.325 0.385729
3.33 0.385376
3.335 0.385021
3.34 0.384665
3.345 0.384307
3.35 0.383947
3.355 0.383585
3.36 0.383222
3.365 0.382858
3.37 0.382491
3.375 0.382124
3.38 0.381755
3.385 0.381384
3.39 0.381012
3.395 0.380639
3.4 0.380264
3.405 0.379887
3.41 0.37951
3.415 0.379131
3.42 0.378751
3.425 0.378369
3.43 0.377986
3.435 0.377602
3.44 0.377217
3.445 0.37683
3.45 0.376442
3.455 0.376054
3.46 0.375664
3.465 0.375272
3.47 0.37488
3.475 0.374487
3.48 0.374092
3.485 0.373697
3.49 0.3733
3.495 0.372903
3.5 0.372504
3.505 0.372105
3.51 0.371704
3.515 0.371303
3.52 0.3709
3.525 0.370497
3.53 0.370093
3.535 0.369688
3.54 0.369282
3.545 0.368875
3.55 0.368467
3.555 0.368059
3.56 0.36765
3.565 0.36724
3.57 0.366829
3.575 0.366417
3.58 0.366005
3.585 0.365592
3.59 0.365178
3.595 0.364764
3.6 0.364349
3.605 0.363933
3.61 0.363517
3.615 0.3631
3.62 0.362682
3.625 0.362264
3.63 0.361845
3.635 0.361426
3.64 0.361006
3.645 0.360586
3.65 0.360165
3.655 0.359743
3.66 0.359321
3.665 0.358899
3.67 0.358476
3.675 0.358052
3.68 0.357628
3.685 0.357204
3.69 0.356779
3.695 0.356354
3.7 0.355928
3.705 0.355502
3.71 0.355076
3.715 0.354649
3.72 0.354222
3.725 0.353794
3.73 0.353367
3.735 0.352938
3.74 0.35251
3.745 0.352081
3.75 0.351652
3.755 0.351223
3.76 0.350793
3.765 0.350363
3.77 0.349933
3.775 0.349503
3.78 0.349072
3.785 0.348641
3.79 0.34821
3.795 0.347779
3.8 0.347348
3.805 0.346916
3.81 0.346484
3.815 0.346052
3.82 0.34562
3.825 0.345188
3.83 0.344756
3.835 0.344323
3.84 0.34389
3.845 0.343458
3.85 0.343025
3.855 0.342592
3.86 0.342159
3.865 0.341726
3.87 0.341293
3.875 0.34086
3.88 0.340426
3.885 0.339993
3.89 0.33956
3.895 0.339126
3.9 0.338693
3.905 0.33826
3.91 0.337826
3.915 0.337393
3.92 0.336959
3.925 0.336526
3.93 0.336093
3.935 0.335659
3.94 0.335226
3.945 0.334793
3.95 0.33436
3.955 0.333927
3.96 0.333494
3.965 0.333061
3.97 0.332628
3.975 0.332195
3.98 0.331763
3.985 0.33133
3.99 0.330898
3.995 0.330465
4 0.330033
4.005 0.329601
4.01 0.329169
4.015 0.328737
4.02 0.328305
4.025 0.327874
4.03 0.327443
4.035 0.327011
4.04 0.32658
4.045 0.326149
4.05 0.325719
4.055 0.325288
4.06 0.324858
4.065 0.324428
4.07 0.323998
4.075 0.323568
4.08 0.323139
4.085 0.322709
4.09 0.32228
4.095 0.321852
4.1 0.321423
4.105 0.320995
4.11 0.320567
4.115 0.320139
4.12 0.319711
4.125 0.319284
4.13 0.318857
4.135 0.31843
4.14 0.318003
4.145 0.317577
4.15 0.317151
4.155 0.316725
4.16 0.3163
4.165 0.315874
4.17 0.31545
4.175 0.315025
4.18 0.314601
4.185 0.314177
4.19 0.313753
4.195 0.31333
4.2 0.312907
4.205 0.312484
4.21 0.312062
4.215 0.311639
4.22 0.311218
4.225 0.310796
4.23 0.310375
4.235 0.309955
4.24 0.309534
4.245 0.309114
4.25 0.308695
4.255 0.308275
4.26 0.307856
4.265 0.307438
4.27 0.30702
4.275 0.306602
4.28 0.306184
4.285 0.305767
4.29 0.30535
4.295 0.304934
4.3 0.304518
4.305 0.304103
4.31 0.303687
4.315 0.303273
4.32 0.302858
4.325 0.302444
4.33 0.302031
4.335 0.301618
4.34 0.301205
4.345 0.300792
4.35 0.30038
4.355 0.299969
4.36 0.299558
4.365 0.299147
4.37 0.298737
4.375 0.298327
4.38 0.297917
4.385 0.297508
4.39 0.2971
4.395 0.296692
4.4 0.296284
4.405 0.295877
4.41 0.29547
4.415 0.295064
4.42 0.294658
4.425 0.294252
4.43 0.293847
4.435 0.293442
4.44 0.293038
4.445 0.292635
4.45 0.292231
4.455 0.291829
4.46 0.291426
4.465 0.291024
4.47 0.290623
4.475 0.290222
4.48 0.289822
4.485 0.289422
4.49 0.289022
4.495 0.288623
4.5 0.288224
4.505 0.287826
4.51 0.287429
4.515 0.287032
4.52 0.286635
4.525 0.286239
4.53 0.285843
4.535 0.285448
4.54 0.285053
4.545 0.284659
4.55 0.284265
4.555 0.283872
4.56 0.283479
4.565 0.283086
4.57 0.282695
4.575 0.282303
4.58 0.281912
4.585 0.281522
4.59 0.281132
4.595 0.280743
4.6 0.280354
4.605 0.279966
4.61 0.279578
4.615 0.279191
4.62 0.278804
4.625 0.278417
4.63 0.278032
4.635 0.277646
4.64 0.277262
4.645 0.276877
4.65 0.276493
4.655 0.27611
4.66 0.275727
4.665 0.275345
4.67 0.274963
4.675 0.274582
4.68 0.274201
4.685 0.273821
4.69 0.273442
4.695 0.273062
4.7 0.272684
4.705 0.272306
4.71 0.271928
4.715 0.271551
4.72 0.271174
4.725 0.270798
4.73 0.270423
4.735 0.270048
4.74 0.269673
4.745 0.269299
4.75 0.268926
4.755 0.268553
4.76 0.268181
4.765 0.267809
4.77 0.267437
4.775 0.267067
4.78 0.266696
4.785 0.266327
4.79 0.265957
4.795 0.265589
4.8 0.26522
4.805 0.264853
4.81 0.264486
4.815 0.264119
4.82 0.263753
4.825 0.263387
4.83 0.263022
4.835 0.262658
4.84 0.262294
4.845 0.261931
4.85 0.261568
4.855 0.261205
4.86 0.260844
4.865 0.260482
4.87 0.260122
4.875 0.259761
4.88 0.259402
4.885 0.259043
4.89 0.258684
4.895 0.258326
4.9 0.257968
4.905 0.257611
4.91 0.257255
4.915 0.256899
4.92 0.256543
4.925 0.256189
4.93 0.255834
4.935 0.25548
4.94 0.255127
4.945 0.254774
4.95 0.254422
4.955 0.25407
4.96 0.253719
4.965 0.253369
4.97 0.253019
4.975 0.252669
4.98 0.25232
4.985 0.251972
4.99 0.251624
4.995 0.251276
5 0.250929
5.005 0.250583
5.01 0.250237
5.015 0.249892
5.02 0.249547
5.025 0.249203
5.03 0.248859
5.035 0.248516
5.04 0.248174
5.045 0.247831
5.05 0.24749
5.055 0.247149
5.06 0.246808
5.065 0.246468
5.07 0.246129
5.075 0.24579
5.08 0.245452
5.085 0.245114
5.09 0.244777
5.095 0.24444
5.1 0.244104
5.105 0.243768
5.11 0.243433
5.115 0.243098
5.12 0.242764
5.125 0.24243
5.13 0.242097
5.135 0.241765
5.14 0.241433
5.145 0.241101
5.15 0.24077
5.155 0.24044
5.16 0.24011
5.165 0.239781
5.17 0.239452
5.175 0.239124
5.18 0.238796
5.185 0.238469
5.19 0.238142
5.195 0.237816
5.2 0.23749
5.205 0.237165
5.21 0.23684
5.215 0.236516
5.22 0.236192
5.225 0.235869
5.23 0.235547
5.235 0.235225
5.24 0.234903
5.245 0.234582
5.25 0.234262
5.255 0.233942
5.26 0.233622
5.265 0.233304
5.27 0.232985
5.275 0.232667
5.28 0.23235
5.285 0.232033
5.29 0.231717
5.295 0.231401
5.3 0.231086
5.305 0.230771
5.31 0.230457
5.315 0.230143
5.32 0.22983
5.325 0.229517
5.33 0.229205
5.335 0.228893
5.34 0.228582
5.345 0.228271
5.35 0.227961
5.355 0.227651
5.36 0.227342
5.365 0.227034
5.37 0.226725
5.375 0.226418
5.38 0.226111
5.385 0.225804
5.39 0.225498
5.395 0.225192
5.4 0.224887
5.405 0.224583
5.41 0.224279
5.415 0.223975
5.42 0.223672
5.425 0.223369
5.43 0.223067
5.435 0.222766
5.44 0.222465
5.445 0.222164
5.45 0.221864
5.455 0.221564
5.46 0.221265
5.465 0.220967
5.47 0.220669
5.475 0.220371
5.48 0.220074
5.485 0.219777
5.49 0.219481
5.495 0.219186
5.5 0.218891
5.505 0.218596
5.51 0.218302
5.515 0.218008
5.52 0.217715
5.525 0.217422
5.53 0.21713
5.535 0.216839
5.54 0.216547
5.545 0.216257
5.55 0.215966
5.555 0.215677
5.56 0.215388
5.565 0.215099
5.57 0.214811
5.575 0.214523
5.58 0.214235
5.585 0.213949
5.59 0.213662
5.595 0.213376
5.6 0.213091
5.605 0.212806
5.61 0.212522
5.615 0.212238
5.62 0.211954
5.625 0.211671
5.63 0.211389
5.635 0.211107
5.64 0.210825
5.645 0.210544
5.65 0.210264
5.655 0.209983
5.66 0.209704
5.665 0.209425
5.67 0.209146
5.675 0.208868
5.68 0.20859
5.685 0.208313
5.69 0.208036
5.695 0.207759
5.7 0.207483
5.705 0.207208
5.71 0.206933
5.715 0.206659
5.72 0.206384
5.725 0.206111
5.73 0.205838
5.735 0.205565
5.74 0.205293
5.745 0.205021
5.75 0.20475
5.755 0.204479
5.76 0.204209
5.765 0.203939
5.77 0.203669
5.775 0.203401
5.78 0.203132
5.785 0.202864
5.79 0.202596
5.795 0.202329
5.8 0.202062
5.805 0.201796
5.81 0.20153
5.815 0.201265
5.82 0.201
5.825 0.200736
5.83 0.200472
5.835 0.200208
5.84 0.199945
5.845 0.199682
5.85 0.19942
5.855 0.199158
5.86 0.198897
5.865 0.198636
5.87 0.198376
5.875 0.198116
5.88 0.197856
5.885 0.197597
5.89 0.197339
5.895 0.19708
5.9 0.196823
5.905 0.196565
5.91 0.196308
5.915 0.196052
5.92 0.195796
5.925 0.19554
5.93 0.195285
5.935 0.19503
5.94 0.194776
5.945 0.194522
5.95 0.194269
5.955 0.194016
5.96 0.193763
5.965 0.193511
5.97 0.193259
5.975 0.193008
5.98 0.192757
5.985 0.192507
5.99 0.192257
5.995 0.192007
6 0.191758
6.005 0.191509
6.01 0.191261
6.015 0.191013
6.02 0.190766
6.025 0.190519
6.03 0.190272
6.035 0.190026
6.04 0.18978
6.045 0.189535
6.05 0.18929
6.055 0.189045
6.06 0.188801
6.065 0.188557
6.07 0.188314
6.075 0.188071
6.08 0.187829
6.085 0.187587
6.09 0.187345
6.095 0.187104
6.1 0.186863
6.105 0.186623
6.11 0.186383
6.115 0.186143
6.12 0.185904
6.125 0.185665
6.13 0.185427
6.135 0.185189
6.14 0.184951
6.145 0.184714
6.15 0.184478
6.155 0.184241
6.16 0.184005
6.165 0.18377
6.17 0.183535
6.175 0.1833
6.18 0.183066
6.185 0.182832
6.19 0.182598
6.195 0.182365
6.2 0.182132
6.205 0.1819
6.21 0.181668
6.215 0.181436
6.22 0.181205
6.225 0.180974
6.23 0.180744
6.235 0.180514
6.24 0.180285
6.245 0.180055
6.25 0.179827
6.255 0.179598
6.26 0.17937
6.265 0.179142
6.27 0.178915
6.275 0.178688
6.28 0.178462
6.285 0.178236
6.29 0.17801
6.295 0.177785
6.3 0.17756
6.305 0.177335
6.31 0.177111
6.315 0.176887
6.32 0.176664
6.325 0.176441
6.33 0.176218
6.335 0.175996
6.34 0.175774
6.345 0.175552
6.35 0.175331
6.355 0.17511
6.36 0.17489
6.365 0.17467
6.37 0.17445
6.375 0.174231
6.38 0.174012
6.385 0.173793
6.39 0.173575
6.395 0.173357
6.4 0.17314
6.405 0.172923
6.41 0.172706
6.415 0.17249
6.42 0.172274
6.425 0.172058
6.43 0.171843
6.435 0.171628
6.44 0.171413
6.445 0.171199
6.45 0.170986
6.455 0.170772
6.46 0.170559
6.465 0.170346
6.47 0.170134
6.475 0.169922
6.48 0.16971
6.485 0.169499
6.49 0.169288
6.495 0.169078
6.5 0.168867
6.505 0.168657
6.51 0.168448
6.515 0.168239
6.52 0.16803
6.525 0.167822
6.53 0.167613
6.535 0.167406
6.54 0.167198
6.545 0.166991
6.55 0.166785
6.555 0.166578
6.56 0.166372
6.565 0.166167
6.57 0.165961
6.575 0.165756
6.58 0.165552
6.585 0.165347
6.59 0.165144
6.595 0.16494
6.6 0.164737
6.605 0.164534
6.61 0.164331
6.615 0.164129
6.62 0.163927
6.625 0.163726
6.63 0.163524
6.635 0.163324
6.64 0.163123
6.645 0.162923
6.65 0.162723
6.655 0.162523
6.66 0.162324
6.665 0.162125
6.67 0.161927
6.675 0.161729
6.68 0.161531
6.685 0.161333
6.69 0.161136
6.695 0.160939
6.7 0.160743
6.705 0.160547
6.71 0.160351
6.715 0.160155
6.72 0.15996
6.725 0.159765
6.73 0.15957
6.735 0.159376
6.74 0.159182
6.745 0.158989
6.75 0.158795
6.755 0.158602
6.76 0.15841
6.765 0.158218
6.77 0.158026
6.775 0.157834
6.78 0.157643
6.785 0.157452
6.79 0.157261
6.795 0.15707
6.8 0.15688
6.805 0.156691
6.81 0.156501
6.815 0.156312
6.82 0.156123
6.825 0.155935
6.83 0.155747
6.835 0.155559
6.84 0.155371
6.845 0.155184
6.85 0.154997
6.855 0.15481
6.86 0.154624
6.865 0.154438
6.87 0.154252
6.875 0.154067
6.88 0.153882
6.885 0.153697
6.89 0.153513
6.895 0.153328
6.9 0.153145
6.905 0.152961
6.91 0.152778
6.915 0.152595
6.92 0.152412
6.925 0.15223
6.93 0.152048
6.935 0.151866
6.94 0.151685
6.945 0.151504
6.95 0.151323
6.955 0.151142
6.96 0.150962
6.965 0.150782
6.97 0.150602
6.975 0.150423
6.98 0.150244
6.985 0.150065
6.99 0.149887
6.995 0.149709
7 0.149531
7.005 0.149353
7.01 0.149176
7.015 0.148999
7.02 0.148822
7.025 0.148646
7.03 0.14847
7.035 0.148294
7.04 0.148118
7.045 0.147943
7.05 0.147768
7.055 0.147594
7.06 0.147419
7.065 0.147245
7.07 0.147071
7.075 0.146898
7.08 0.146725
7.085 0.146552
7.09 0.146379
7.095 0.146206
7.1 0.146034
7.105 0.145863
7.11 0.145691
7.115 0.14552
7.12 0.145349
7.125 0.145178
7.13 0.145008
7.135 0.144837
7.14 0.144668
7.145 0.144498
7.15 0.144329
7.155 0.14416
7.16 0.143991
7.165 0.143822
7.17 0.143654
7.175 0.143486
7.18 0.143319
7.185 0.143151
7.19 0.142984
7.195 0.142817
7.2 0.142651
7.205 0.142484
7.21 0.142318
7.215 0.142153
7.22 0.141987
7.225 0.141822
7.23 0.141657
7.235 0.141492
7.24 0.141328
7.245 0.141164
7.25 0.141
7.255 0.140836
7.26 0.140673
7.265 0.14051
7.27 0.140347
7.275 0.140184
7.28 0.140022
7.285 0.13986
7.29 0.139698
7.295 0.139537
7.3 0.139376
7.305 0.139215
7.31 0.139054
7.315 0.138894
7.32 0.138733
7.325 0.138573
7.33 0.138414
7.335 0.138254
7.34 0.138095
7.345 0.137936
7.35 0.137778
7.355 0.137619
7.36 0.137461
7.365 0.137303
7.37 0.137145
7.375 0.136988
7.38 0.136831
7.385 0.136674
7.39 0.136517
7.395 0.136361
7.4 0.136205
7.405 0.136049
7.41 0.135894
7.415 0.135738
7.42 0.135583
7.425 0.135428
7.43 0.135274
7.435 0.135119
7.44 0.134965
7.445 0.134811
7.45 0.134658
7.455 0.134504
7.46 0.134351
7.465 0.134198
7.47 0.134046
7.475 0.133893
7.48 0.133741
7.485 0.133589
7.49 0.133437
7.495 0.133286
7.5 0.133135
7.505 0.132984
7.51 0.132833
7.515 0.132683
7.52 0.132533
7.525 0.132383
7.53 0.132233
7.535 0.132083
7.54 0.131934
7.545 0.131785
7.55 0.131636
7.555 0.131488
7.56 0.131339
7.565 0.131191
7.57 0.131043
7.575 0.130896
7.58 0.130748
7.585 0.130601
7.59 0.130454
7.595 0.130308
7.6 0.130161
7.605 0.130015
7.61 0.129869
7.615 0.129723
7.62 0.129578
7.625 0.129433
7.63 0.129288
7.635 0.129143
7.64 0.128998
7.645 0.128854
7.65 0.12871
7.655 0.128566
7.66 0.128422
7.665 0.128279
7.67 0.128135
7.675 0.127992
7.68 0.12785
7.685 0.127707
7.69 0.127565
7.695 0.127423
7.7 0.127281
7.705 0.127139
7.71 0.126998
7.715 0.126856
7.72 0.126716
7.725 0.126575
7.73 0.126434
7.735 0.126294
7.74 0.126154
7.745 0.126014
7.75 0.125874
7.755 0.125735
7.76 0.125596
7.765 0.125457
7.77 0.125318
7.775 0.125179
7.78 0.125041
7.785 0.124903
7.79 0.124765
7.795 0.124627
7.8 0.12449
7.805 0.124352
7.81 0.124215
7.815 0.124079
7.82 0.123942
7.825 0.123806
7.83 0.123669
7.835 0.123533
7.84 0.123398
7.845 0.123262
7.85 0.123127
7.855 0.122992
7.86 0.122857
7.865 0.122722
7.87 0.122587
7.875 0.122453
7.88 0.122319
7.885 0.122185
7.89 0.122051
7.895 0.121918
7.9 0.121785
7.905 0.121652
7.91 0.121519
7.915 0.121386
7.92 0.121254
7.925 0.121122
7.93 0.120989
7.935 0.120858
7.94 0.120726
7.945 0.120595
7.95 0.120463
7.955 0.120332
7.96 0.120202
7.965 0.120071
7.97 0.119941
7.975 0.11981
7.98 0.11968
7.985 0.119551
7.99 0.119421
7.995 0.119292
8 0.119163
8.005 0.119034
8.01 0.118905
8.015 0.118776
8.02 0.118648
8.025 0.11852
8.03 0.118392
8.035 0.118264
8.04 0.118136
8.045 0.118009
8.05 0.117882
8.055 0.117755
8.06 0.117628
8.065 0.117501
8.07 0.117375
8.075 0.117248
8.08 0.117122
8.085 0.116997
8.09 0.116871
8.095 0.116745
8.1 0.11662
8.105 0.116495
8.11 0.11637
8.115 0.116245
8.12 0.116121
8.125 0.115997
8.13 0.115872
8.135 0.115749
8.14 0.115625
8.145 0.115501
8.15 0.115378
8.155 0.115255
8.16 0.115132
8.165 0.115009
8.17 0.114886
8.175 0.114764
8.18 0.114642
8.185 0.114519
8.19 0.114398
8.195 0.114276
8.2 0.114154
8.205 0.114033
8.21 0.113912
8.215 0.113791
8.22 0.11367
8.225 0.11355
8.23 0.113429
8.235 0.113309
8.24 0.113189
8.245 0.113069
8.25 0.112949
8.255 0.11283
8.26 0.112711
8.265 0.112592
8.27 0.112473
8.275 0.112354
8.28 0.112235
8.285 0.112117
8.29 0.111999
8.295 0.11188
8.3 0.111763
8.305 0.111645
8.31 0.111527
8.315 0.11141
8.32 0.111293
8.325 0.111176
8.33 0.111059
8.335 0.110942
8.34 0.110826
8.345 0.11071
8.35 0.110594
8.355 0.110478
8.36 0.110362
8.365 0.110246
8.37 0.110131
8.375 0.110016
8.38 0.109901
8.385 0.109786
8.39 0.109671
8.395 0.109556
8.4 0.109442
8.405 0.109328
8.41 0.109214
8.415 0.1091
8.42 0.108986
8.425 0.108873
8.43 0.108759
8.435 0.108646
8.44 0.108533
8.445 0.10842
8.45 0.108307
8.455 0.108195
8.46 0.108083
8.465 0.10797
8.47 0.107858
8.475 0.107747
8.48 0.107635
8.485 0.107523
8.49 0.107412
8.495 0.107301
8.5 0.10719
8.505 0.107079
8.51 0.106968
8.515 0.106858
8.52 0.106747
8.525 0.106637
8.53 0.106527
8.535 0.106417
8.54 0.106308
8.545 0.106198
8.55 0.106089
8.555 0.105979
8.56 0.10587
8.565 0.105761
8.57 0.105653
8.575 0.105544
8.58 0.105436
8.585 0.105328
8.59 0.105219
8.595 0.105111
8.6 0.105004
8.605 0.104896
8.61 0.104789
8.615 0.104681
8.62 0.104574
8.625 0.104467
8.63 0.10436
8.635 0.104254
8.64 0.104147
8.645 0.104041
8.65 0.103935
8.655 0.103829
8.66 0.103723
8.665 0.103617
8.67 0.103511
8.675 0.103406
8.68 0.103301
8.685 0.103196
8.69 0.103091
8.695 0.102986
8.7 0.102881
8.705 0.102777
8.71 0.102672
8.715 0.102568
8.72 0.102464
8.725 0.10236
8.73 0.102256
8.735 0.102153
8.74 0.102049
8.745 0.101946
8.75 0.101843
8.755 0.10174
8.76 0.101637
8.765 0.101534
8.77 0.101432
8.775 0.10133
8.78 0.101227
8.785 0.101125
8.79 0.101023
8.795 0.100922
8.8 0.10082
8.805 0.100718
8.81 0.100617
8.815 0.100516
8.82 0.100415
8.825 0.100314
8.83 0.100213
8.835 0.100112
8.84 0.100012
8.845 0.0999117
8.85 0.0998115
8.855 0.0997115
8.86 0.0996116
8.865 0.0995119
8.87 0.0994123
8.875 0.0993128
8.88 0.0992135
8.885 0.0991143
8.89 0.0990153
8.895 0.0989164
8.9 0.0988177
8.905 0.0987191
8.91 0.0986206
8.915 0.0985223
8.92 0.0984241
8.925 0.0983261
8.93 0.0982282
8.935 0.0981304
8.94 0.0980328
8.945 0.0979354
8.95 0.097838
8.955 0.0977408
8.96 0.0976438
8.965 0.0975469
8.97 0.0974501
8.975 0.0973535
8.98 0.097257
8.985 0.0971606
8.99 0.0970644
8.995 0.0969683
9 0.0968724
9.005 0.0967766
9.01 0.0966809
9.015 0.0965854
9.02 0.09649
9.025 0.0963947
9.03 0.0962996
9.035 0.0962046
9.04 0.0961097
9.045 0.096015
9.05 0.0959204
9.055 0.095826
9.06 0.0957317
9.065 0.0956375
9.07 0.0955435
9.075 0.0954495
9.08 0.0953558
9.085 0.0952621
9.09 0.0951686
9.095 0.0950752
9.1 0.094982
9.105 0.0948889
9.11 0.0947959
9.115 0.094703
9.12 0.0946103
9.125 0.0945177
9.13 0.0944253
9.135 0.094333
9.14 0.0942408
9.145 0.0941487
9.15 0.0940568
9.155 0.093965
9.16 0.0938733
9.165 0.0937817
9.17 0.0936903
9.175 0.093599
9.18 0.0935079
9.185 0.0934169
9.19 0.093326
9.195 0.0932352
9.2 0.0931445
9.205 0.093054
9.21 0.0929636
9.215 0.0928734
9.22 0.0927832
9.225 0.0926932
9.23 0.0926033
9.235 0.0925136
9.24 0.092424
9.245 0.0923345
9.25 0.0922451
9.255 0.0921558
9.26 0.0920667
9.265 0.0919777
9.27 0.0918888
9.275 0.0918001
9.28 0.0917114
9.285 0.0916229
9.29 0.0915346
9.295 0.0914463
9.3 0.0913582
9.305 0.0912701
9.31 0.0911823
9.315 0.0910945
9.32 0.0910069
9.325 0.0909193
9.33 0.0908319
9.335 0.0907447
9.34 0.0906575
9.345 0.0905705
9.35 0.0904836
9.355 0.0903968
9.36 0.0903101
9.365 0.0902235
9.37 0.0901371
9.375 0.0900508
9.38 0.0899646
9.385 0.0898785
9.39 0.0897926
9.395 0.0897068
9.4 0.0896211
9.405 0.0895355
9.41 0.08945
9.415 0.0893646
9.42 0.0892794
9.425 0.0891943
9.43 0.0891093
9.435 0.0890244
9.44 0.0889396
9.445 0.088855
9.45 0.0887704
9.455 0.088686
9.46 0.0886017
9.465 0.0885175
9.47 0.0884335
9.475 0.0883495
9.48 0.0882657
9.485 0.088182
9.49 0.0880984
9.495 0.0880149
9.5 0.0879315
9.505 0.0878482
9.51 0.0877651
9.515 0.0876821
9.52 0.0875991
9.525 0.0875163
9.53 0.0874337
9.535 0.0873511
9.54 0.0872686
9.545 0.0871863
9.55 0.087104
9.555 0.0870219
9.56 0.0869399
9.565 0.086858
9.57 0.0867762
9.575 0.0866945
9.58 0.086613
9.585 0.0865315
9.59 0.0864502
9.595 0.086369
9.6 0.0862878
9.605 0.0862068
9.61 0.0861259
9.615 0.0860452
9.62 0.0859645
9.625 0.0858839
9.63 0.0858035
9.635 0.0857231
9.64 0.0856429
9.645 0.0855627
9.65 0.0854827
9.655 0.0854028
9.66 0.085323
9.665 0.0852433
9.67 0.0851637
9.675 0.0850843
9.68 0.0850049
9.685 0.0849256
9.69 0.0848465
9.695 0.0847674
9.7 0.0846885
9.705 0.0846097
9.71 0.0845309
9.715 0.0844523
9.72 0.0843738
9.725 0.0842954
9.73 0.0842171
9.735 0.0841389
9.74 0.0840608
9.745 0.0839828
9.75 0.083905
9.755 0.0838272
9.76 0.0837495
9.765 0.083672
9.77 0.0835945
9.775 0.0835172
9.78 0.0834399
9.785 0.0833628
9.79 0.0832857
9.795 0.0832088
9.8 0.0831319
9.805 0.0830552
9.81 0.0829786
9.815 0.0829021
9.82 0.0828256
9.825 0.0827493
9.83 0.0826731
9.835 0.082597
9.84 0.082521
9.845 0.0824451
9.85 0.0823693
9.855 0.0822936
9.86 0.082218
9.865 0.0821424
9.87 0.082067
9.875 0.0819917
9.88 0.0819165
9.885 0.0818414
9.89 0.0817664
9.895 0.0816915
9.9 0.0816167
9.905 0.081542
9.91 0.0814674
9.915 0.0813929
9.92 0.0813185
9.925 0.0812442
9.93 0.08117
9.935 0.0810959
9.94 0.0810219
9.945 0.080948
9.95 0.0808742
9.955 0.0808005
9.96 0.0807269
9.965 0.0806533
9.97 0.0805799
9.975 0.0805066
9.98 0.0804334
9.985 0.0803603
9.99 0.0802872
9.995 0.0802143
