0 -nan
0.005 0.0629083
0.01 0.0765704
0.015 0.255481
0.02 0.41702
0.025 0.134041
0.03 0.891456
0.035 0.736038
0.04 0.271266
0.045 0.0494271
0.05 0.0845266
0.055 0.248344
0.06 0.441079
0.065 0.612098
0.07 0.743535
0.075 0.834117
0.08 0.889342
0.085 0.916528
0.09 0.922647
0.095 0.913571
0.1 0.893938
0.105 0.867279
0.11 0.836211
0.115 0.802643
0.12 0.767939
0.125 0.73306
0.13 0.698667
0.135 0.665203
0.14 0.632955
0.145 0.602094
0.15 0.572711
0.155 0.54484
0.16 0.518476
0.165 0.493586
0.17 0.47012
0.175 0.448017
0.18 0.427209
0.185 0.407627
0.19 0.3892
0.195 0.371856
0.2 0.355529
0.205 0.340154
0.21 0.325668
0.215 0.312013
0.22 0.299135
0.225 0.286981
0.23 0.275504
0.235 0.264658
0.24 0.254403
0.245 0.244698
0.25 0.23551
0.255 0.226802
0.26 0.218546
0.265 0.210712
0.27 0.203273
0.275 0.196205
0.28 0.189485
0.285 0.18309
0.29 0.177002
0.295 0.171202
0.3 0.165673
0.305 0.160398
0.31 0.155364
0.315 0.150555
0.32 0.14596
0.325 0.141566
0.33 0.137363
0.335 0.133338
0.34 0.129484
0.345 0.12579
0.35 0.122248
0.355 0.11885
0.36 0.115589
0.365 0.112457
0.37 0.109448
0.375 0.106555
0.38 0.103774
0.385 0.101097
0.39 0.0985215
0.395 0.096041
0.4 0.0936512
0.405 0.091348
0.41 0.0891272
0.415 0.0869851
0.42 0.084918
0.425 0.0829226
0.43 0.0809956
0.435 0.0791339
0.44 0.0773348
0.445 0.0755954
0.45 0.0739132
0.455 0.0722858
0.46 0.0707108
0.465 0.069186
0.47 0.0677094
0.475 0.0662789
0.48 0.0648928
0.485 0.0635491
0.49 0.0622463
0.495 0.0609826
0.5 0.0597566
0.505 0.0585668
0.51 0.0574117
0.515 0.0562902
0.52 0.0552008
0.525 0.0541424
0.53 0.0531138
0.535 0.052114
0.54 0.0511419
0.545 0.0501965
0.55 0.0492768
0.555 0.0483819
0.56 0.0475109
0.565 0.046663
0.57 0.0458374
0.575 0.0450334
0.58 0.0442501
0.585 0.043487
0.59 0.0427432
0.595 0.0420182
0.6 0.0413113
0.605 0.040622
0.61 0.0399497
0.615 0.0392938
0.62 0.0386538
0.625 0.0380292
0.63 0.0374195
0.635 0.0368242
0.64 0.0362429
0.645 0.0356752
0.65 0.0351206
0.655 0.0345788
0.66 0.0340493
0.665 0.0335319
0.67 0.033026
0.675 0.0325314
0.68 0.0320478
0.685 0.0315749
0.69 0.0311122
0.695 0.0306596
0.7 0.0302168
0.705 0.0297834
0.71 0.0293592
0.715 0.028944
0.72 0.0285374
0.725 0.0281393
0.73 0.0277495
0.735 0.0273676
0.74 0.0269936
0.745 0.0266271
0.75 0.0262679
0.755 0.025916
0.76 0.0255711
0.765 0.0252329
0.77 0.0249014
0.775 0.0245763
0.78 0.0242576
0.785 0.023945
0.79 0.0236383
0.795 0.0233375
0.8 0.0230423
0.805 0.0227527
0.81 0.0224685
0.815 0.0221896
0.82 0.0219158
0.825 0.021647
0.83 0.0213831
0.835 0.021124
0.84 0.0208695
0.845 0.0206196
0.85 0.0203742
0.855 0.0201331
0.86 0.0198962
0.865 0.0196634
0.87 0.0194347
0.875 0.01921
0.88 0.0189891
0.885 0.018772
0.89 0.0185586
0.895 0.0183488
0.9 0.0181425
0.905 0.0179396
0.91 0.0177402
0.915 0.017544
0.92 0.017351
0.925 0.0171612
0.93 0.0169745
0.935 0.0167908
0.94 0.0166101
0.945 0.0164322
0.95 0.0162572
0.955 0.016085
0.96 0.0159155
0.965 0.0157486
0.97 0.0155843
0.975 0.0154226
0.98 0.0152634
0.985 0.0151066
0.99 0.0149523
0.995 0.0148002
1 0.0146505
1.005 0.014503
1.01 0.0143577
1.015 0.0142146
1.02 0.0140737
1.025 0.0139348
1.03 0.0137979
1.035 0.013663
1.04 0.0135301
1.045 0.0133992
1.05 0.0132701
1.055 0.0131429
1.06 0.0130174
1.065 0.0128938
1.07 0.0127719
1.075 0.0126517
1.08 0.0125333
1.085 0.0124164
1.09 0.0123012
1.095 0.0121876
1.1 0.0120755
1.105 0.011965
1.11 0.011856
1.115 0.0117485
1.12 0.0116424
1.125 0.0115377
1.13 0.0114345
1.135 0.0113326
1.14 0.0112321
1.145 0.0111329
1.15 0.011035
1.155 0.0109384
1.16 0.010843
1.165 0.0107489
1.17 0.010656
1.175 0.0105643
1.18 0.0104738
1.185 0.0103844
1.19 0.0102962
1.195 0.0102091
1.2 0.0101231
1.205 0.0100381
1.21 0.00995427
1.215 0.00987144
1.22 0.00978964
1.225 0.00970886
1.23 0.00962906
1.235 0.00955025
1.24 0.00947239
1.245 0.00939548
1.25 0.00931951
1.255 0.00924444
1.26 0.00917028
1.265 0.00909701
1.27 0.00902461
1.275 0.00895307
1.28 0.00888238
1.285 0.00881252
1.29 0.00874347
1.295 0.00867524
1.3 0.0086078
1.305 0.00854114
1.31 0.00847525
1.315 0.00841012
1.32 0.00834573
1.325 0.00828208
1.33 0.00821916
1.335 0.00815694
1.34 0.00809544
1.345 0.00803462
1.35 0.00797448
1.355 0.00791502
1.36 0.00785621
1.365 0.00779806
1.37 0.00774055
1.375 0.00768368
1.38 0.00762743
1.385 0.00757179
1.39 0.00751675
1.395 0.00746232
1.4 0.00740847
1.405 0.0073552
1.41 0.00730251
1.415 0.00725038
1.42 0.0071988
1.425 0.00714777
1.43 0.00709728
1.435 0.00704732
1.44 0.00699789
1.445 0.00694897
1.45 0.00690057
1.455 0.00685267
1.46 0.00680526
1.465 0.00675835
1.47 0.00671191
1.475 0.00666596
1.48 0.00662047
1.485 0.00657545
1.49 0.00653088
1.495 0.00648677
1.5 0.0064431
1.505 0.00639986
1.51 0.00635707
1.515 0.00631469
1.52 0.00627274
1.525 0.00623121
1.53 0.00619009
1.535 0.00614937
1.54 0.00610905
1.545 0.00606913
1.55 0.0060296
1.555 0.00599045
1.56 0.00595168
1.565 0.00591328
1.57 0.00587526
1.575 0.0058376
1.58 0.0058003
1.585 0.00576336
1.59 0.00572676
1.595 0.00569052
1.6 0.00565462
1.605 0.00561905
1.61 0.00558382
1.615 0.00554892
1.62 0.00551435
1.625 0.0054801
1.63 0.00544616
1.635 0.00541254
1.64 0.00537923
1.645 0.00534623
1.65 0.00531352
1.655 0.00528112
1.66 0.00524901
1.665 0.00521719
1.67 0.00518567
1.675 0.00515442
1.68 0.00512346
1.685 0.00509277
1.69 0.00506236
1.695 0.00503223
1.7 0.00500235
1.705 0.00497275
1.71 0.0049434
1.715 0.00491432
1.72 0.00488549
1.725 0.00485691
1.73 0.00482858
1.735 0.0048005
1.74 0.00477267
1.745 0.00474507
1.75 0.00471771
1.755 0.00469059
1.76 0.0046637
1.765 0.00463705
1.77 0.00461062
1.775 0.00458441
1.78 0.00455843
1.785 0.00453267
1.79 0.00450712
1.795 0.00448179
1.8 0.00445667
1.805 0.00443177
1.81 0.00440707
1.815 0.00438257
1.82 0.00435829
1.825 0.0043342
1.83 0.00431031
1.835 0.00428661
1.84 0.00426312
1.845 0.00423981
1.85 0.0042167
1.855 0.00419377
1.86 0.00417103
1.865 0.00414847
1.87 0.0041261
1.875 0.0041039
1.88 0.00408189
1.885 0.00406005
1.89 0.00403839
1.895 0.0040169
1.9 0.00399558
1.905 0.00397442
1.91 0.00395344
1.915 0.00393262
1.92 0.00391197
1.925 0.00389148
1.93 0.00387114
1.935 0.00385097
1.94 0.00383096
1.945 0.0038111
1.95 0.00379139
1.955 0.00377184
1.96 0.00375243
1.965 0.00373318
1.97 0.00371407
1.975 0.00369511
1.98 0.0036763
1.985 0.00365762
1.99 0.00363909
1.995 0.0036207
2 0.00360245
2.005 0.00358434
2.01 0.00356636
2.015 0.00354852
2.02 0.00353081
2.025 0.00351323
2.03 0.00349579
2.035 0.00347847
2.04 0.00346128
2.045 0.00344422
2.05 0.00342728
2.055 0.00341047
2.06 0.00339379
2.065 0.00337722
2.07 0.00336078
2.075 0.00334445
2.08 0.00332824
2.085 0.00331215
2.09 0.00329618
2.095 0.00328032
2.1 0.00326458
2.105 0.00324895
2.11 0.00323343
2.115 0.00321802
2.12 0.00320273
2.125 0.00318754
2.13 0.00317246
2.135 0.00315748
2.14 0.00314261
2.145 0.00312785
2.15 0.00311319
2.155 0.00309863
2.16 0.00308417
2.165 0.00306982
2.17 0.00305556
2.175 0.00304141
2.18 0.00302735
2.185 0.00301339
2.19 0.00299952
2.195 0.00298575
2.2 0.00297208
2.205 0.0029585
2.21 0.00294501
2.215 0.00293161
2.22 0.00291831
2.225 0.00290509
2.23 0.00289197
2.235 0.00287893
2.24 0.00286598
2.245 0.00285312
2.25 0.00284034
2.255 0.00282765
2.26 0.00281505
2.265 0.00280253
2.27 0.00279009
2.275 0.00277774
2.28 0.00276546
2.285 0.00275327
2.29 0.00274116
2.295 0.00272913
2.3 0.00271717
2.305 0.0027053
2.31 0.0026935
2.315 0.00268178
2.32 0.00267014
2.325 0.00265857
2.33 0.00264708
2.335 0.00263566
2.34 0.00262431
2.345 0.00261304
2.35 0.00260184
2.355 0.00259071
2.36 0.00257966
2.365 0.00256867
2.37 0.00255775
2.375 0.00254691
2.38 0.00253613
2.385 0.00252542
2.39 0.00251478
2.395 0.0025042
2.4 0.00249369
2.405 0.00248325
2.41 0.00247287
2.415 0.00246256
2.42 0.00245231
2.425 0.00244213
2.43 0.00243201
2.435 0.00242195
2.44 0.00241196
2.445 0.00240202
2.45 0.00239215
2.455 0.00238234
2.46 0.00237258
2.465 0.00236289
2.47 0.00235326
2.475 0.00234369
2.48 0.00233417
2.485 0.00232471
2.49 0.00231531
2.495 0.00230597
2.5 0.00229668
2.505 0.00228745
2.51 0.00227827
2.515 0.00226915
2.52 0.00226008
2.525 0.00225107
2.53 0.00224211
2.535 0.00223321
2.54 0.00222436
2.545 0.00221556
2.55 0.00220681
2.555 0.00219811
2.56 0.00218947
2.565 0.00218088
2.57 0.00217233
2.575 0.00216384
2.58 0.0021554
2.585 0.002147
2.59 0.00213866
2.595 0.00213036
2.6 0.00212211
2.605 0.00211391
2.61 0.00210576
2.615 0.00209765
2.62 0.00208959
2.625 0.00208158
2.63 0.00207361
2.635 0.00206569
2.64 0.00205782
2.645 0.00204998
2.65 0.0020422
2.655 0.00203445
2.66 0.00202676
2.665 0.0020191
2.67 0.00201149
2.675 0.00200392
2.68 0.00199639
2.685 0.00198891
2.69 0.00198147
2.695 0.00197407
2.7 0.00196671
2.705 0.00195939
2.71 0.00195212
2.715 0.00194488
2.72 0.00193768
2.725 0.00193053
2.73 0.00192341
2.735 0.00191633
2.74 0.00190929
2.745 0.00190229
2.75 0.00189533
2.755 0.00188841
2.76 0.00188152
2.765 0.00187467
2.77 0.00186786
2.775 0.00186109
2.78 0.00185435
2.785 0.00184765
2.79 0.00184099
2.795 0.00183436
2.8 0.00182777
2.805 0.00182121
2.81 0.00181469
2.815 0.0018082
2.82 0.00180175
2.825 0.00179533
2.83 0.00178895
2.835 0.0017826
2.84 0.00177628
2.845 0.00177
2.85 0.00176375
2.855 0.00175753
2.86 0.00175135
2.865 0.0017452
2.87 0.00173908
2.875 0.001733
2.88 0.00172694
2.885 0.00172092
2.89 0.00171493
2.895 0.00170897
2.9 0.00170304
2.905 0.00169714
2.91 0.00169127
2.915 0.00168544
2.92 0.00167963
2.925 0.00167385
2.93 0.0016681
2.935 0.00166239
2.94 0.0016567
2.945 0.00165104
2.95 0.00164541
2.955 0.0016398
2.96 0.00163423
2.965 0.00162869
2.97 0.00162317
2.975 0.00161768
2.98 0.00161222
2.985 0.00160679
2.99 0.00160138
2.995 0.001596
3 0.00159065
3.005 0.00158533
3.01 0.00158003
3.015 0.00157476
3.02 0.00156951
3.025 0.00156429
3.03 0.0015591
3.035 0.00155393
3.04 0.00154879
3.045 0.00154367
3.05 0.00153858
3.055 0.00153352
3.06 0.00152848
3.065 0.00152346
3.07 0.00151847
3.075 0.0015135
3.08 0.00150856
3.085 0.00150364
3.09 0.00149875
3.095 0.00149388
3.1 0.00148903
3.105 0.00148421
3.11 0.00147941
3.115 0.00147463
3.12 0.00146987
3.125 0.00146514
3.13 0.00146044
3.135 0.00145575
3.14 0.00145109
3.145 0.00144645
3.15 0.00144183
3.155 0.00143723
3.16 0.00143266
3.165 0.00142811
3.17 0.00142358
3.175 0.00141907
3.18 0.00141458
3.185 0.00141011
3.19 0.00140567
3.195 0.00140124
3.2 0.00139684
3.205 0.00139246
3.21 0.00138809
3.215 0.00138375
3.22 0.00137943
3.225 0.00137513
3.23 0.00137085
3.235 0.00136659
3.24 0.00136235
3.245 0.00135812
3.25 0.00135392
3.255 0.00134974
3.26 0.00134558
3.265 0.00134143
3.27 0.00133731
3.275 0.0013332
3.28 0.00132911
3.285 0.00132505
3.29 0.001321
3.295 0.00131697
3.3 0.00131295
3.305 0.00130896
3.31 0.00130498
3.315 0.00130102
3.32 0.00129708
3.325 0.00129316
3.33 0.00128926
3.335 0.00128537
3.34 0.0012815
3.345 0.00127765
3.35 0.00127381
3.355 0.00127
3.36 0.0012662
3.365 0.00126241
3.37 0.00125865
3.375 0.0012549
3.38 0.00125116
3.385 0.00124745
3.39 0.00124375
3.395 0.00124007
3.4 0.0012364
3.405 0.00123275
3.41 0.00122911
3.415 0.0012255
3.42 0.00122189
3.425 0.00121831
3.43 0.00121474
3.435 0.00121118
3.44 0.00120764
3.445 0.00120412
3.45 0.00120061
3.455 0.00119712
3.46 0.00119364
3.465 0.00119017
3.47 0.00118673
3.475 0.00118329
3.48 0.00117987
3.485 0.00117647
3.49 0.00117308
3.495 0.00116971
3.5 0.00116635
3.505 0.001163
3.51 0.00115967
3.515 0.00115636
3.52 0.00115305
3.525 0.00114977
3.53 0.00114649
3.535 0.00114323
3.54 0.00113999
3.545 0.00113675
3.55 0.00113354
3.555 0.00113033
3.56 0.00112714
3.565 0.00112396
3.57 0.0011208
3.575 0.00111765
3.58 0.00111451
3.585 0.00111138
3.59 0.00110827
3.595 0.00110517
3.6 0.00110209
3.605 0.00109901
3.61 0.00109595
3.615 0.00109291
3.62 0.00108987
3.625 0.00108685
3.63 0.00108384
3.635 0.00108084
3.64 0.00107786
3.645 0.00107489
3.65 0.00107193
3.655 0.00106898
3.66 0.00106605
3.665 0.00106312
3.67 0.00106021
3.675 0.00105731
3.68 0.00105442
3.685 0.00105155
3.69 0.00104868
3.695 0.00104583
3.7 0.00104299
3.705 0.00104016
3.71 0.00103734
3.715 0.00103454
3.72 0.00103174
3.725 0.00102896
3.73 0.00102619
3.735 0.00102343
3.74 0.00102068
3.745 0.00101794
3.75 0.00101521
3.755 0.00101249
3.76 0.00100979
3.765 0.00100709
3.77 0.00100441
3.775 0.00100173
3.78 0.000999071
3.785 0.000996418
3.79 0.000993777
3.795 0.000991145
3.8 0.000988524
3.805 0.000985914
3.81 0.000983313
3.815 0.000980723
3.82 0.000978143
3.825 0.000975574
3.83 0.000973014
3.835 0.000970465
3.84 0.000967925
3.845 0.000965396
3.85 0.000962876
3.855 0.000960367
3.86 0.000957867
3.865 0.000955376
3.87 0.000952896
3.875 0.000950425
3.88 0.000947964
3.885 0.000945512
3.89 0.00094307
3.895 0.000940637
3.9 0.000938214
3.905 0.0009358
3.91 0.000933395
3.915 0.000930999
3.92 0.000928613
3.925 0.000926236
3.93 0.000923868
3.935 0.000921509
3.94 0.000919159
3.945 0.000916818
3.95 0.000914486
3.955 0.000912163
3.96 0.000909849
3.965 0.000907543
3.97 0.000905247
3.975 0.000902959
3.98 0.000900679
3.985 0.000898409
3.99 0.000896146
3.995 0.000893893
4 0.000891648
4.005 0.000889411
4.01 0.000887183
4.015 0.000884963
4.02 0.000882751
4.025 0.000880548
4.03 0.000878353
4.035 0.000876166
4.04 0.000873987
4.045 0.000871816
4.05 0.000869654
4.055 0.000867499
4.06 0.000865353
4.065 0.000863214
4.07 0.000861084
4.075 0.000858961
4.08 0.000856846
4.085 0.000854739
4.09 0.000852639
4.095 0.000850548
4.1 0.000848464
4.105 0.000846387
4.11 0.000844319
4.115 0.000842258
4.12 0.000840204
4.125 0.000838158
4.13 0.000836119
4.135 0.000834088
4.14 0.000832064
4.145 0.000830048
4.15 0.000828039
4.155 0.000826037
4.16 0.000824042
4.165 0.000822055
4.17 0.000820075
4.175 0.000818102
4.18 0.000816136
4.185 0.000814177
4.19 0.000812225
4.195 0.00081028
4.2 0.000808342
4.205 0.000806411
4.21 0.000804487
4.215 0.00080257
4.22 0.00080066
4.225 0.000798756
4.23 0.00079686
4.235 0.00079497
4.24 0.000793087
4.245 0.00079121
4.25 0.00078934
4.255 0.000787477
4.26 0.00078562
4.265 0.00078377
4.27 0.000781926
4.275 0.000780089
4.28 0.000778259
4.285 0.000776435
4.29 0.000774617
4.295 0.000772805
4.3 0.000771
4.305 0.000769201
4.31 0.000767409
4.315 0.000765623
4.32 0.000763843
4.325 0.000762069
4.33 0.000760301
4.335 0.00075854
4.34 0.000756784
4.345 0.000755035
4.35 0.000753292
4.355 0.000751555
4.36 0.000749824
4.365 0.000748098
4.37 0.000746379
4.375 0.000744666
4.38 0.000742958
4.385 0.000741257
4.39 0.000739561
4.395 0.000737871
4.4 0.000736187
4.405 0.000734508
4.41 0.000732836
4.415 0.000731169
4.42 0.000729507
4.425 0.000727852
4.43 0.000726202
4.435 0.000724557
4.44 0.000722919
4.445 0.000721285
4.45 0.000719658
4.455 0.000718035
4.46 0.000716419
4.465 0.000714807
4.47 0.000713201
4.475 0.000711601
4.48 0.000710006
4.485 0.000708416
4.49 0.000706832
4.495 0.000705253
4.5 0.000703679
4.505 0.00070211
4.51 0.000700547
4.515 0.000698989
4.52 0.000697436
4.525 0.000695888
4.53 0.000694346
4.535 0.000692808
4.54 0.000691276
4.545 0.000689749
4.55 0.000688226
4.555 0.000686709
4.56 0.000685197
4.565 0.00068369
4.57 0.000682187
4.575 0.00068069
4.58 0.000679198
4.585 0.00067771
4.59 0.000676228
4.595 0.00067475
4.6 0.000673277
4.605 0.000671809
4.61 0.000670346
4.615 0.000668887
4.62 0.000667434
4.625 0.000665985
4.63 0.00066454
4.635 0.000663101
4.64 0.000661666
4.645 0.000660235
4.65 0.00065881
4.655 0.000657389
4.66 0.000655972
4.665 0.00065456
4.67 0.000653153
4.675 0.00065175
4.68 0.000650352
4.685 0.000648958
4.69 0.000647569
4.695 0.000646184
4.7 0.000644804
4.705 0.000643428
4.71 0.000642056
4.715 0.000640689
4.72 0.000639326
4.725 0.000637967
4.73 0.000636613
4.735 0.000635263
4.74 0.000633918
4.745 0.000632576
4.75 0.000631239
4.755 0.000629907
4.76 0.000628578
4.765 0.000627254
4.77 0.000625933
4.775 0.000624617
4.78 0.000623305
4.785 0.000621998
4.79 0.000620694
4.795 0.000619394
4.8 0.000618099
4.805 0.000616807
4.81 0.00061552
4.815 0.000614236
4.82 0.000612957
4.825 0.000611682
4.83 0.00061041
4.835 0.000609143
4.84 0.000607879
4.845 0.00060662
4.85 0.000605364
4.855 0.000604112
4.86 0.000602864
4.865 0.00060162
4.87 0.00060038
4.875 0.000599144
4.88 0.000597911
4.885 0.000596682
4.89 0.000595457
4.895 0.000594236
4.9 0.000593019
4.905 0.000591805
4.91 0.000590595
4.915 0.000589389
4.92 0.000588186
4.925 0.000586987
4.93 0.000585792
4.935 0.0005846
4.94 0.000583413
4.945 0.000582228
4.95 0.000581047
4.955 0.00057987
4.96 0.000578697
4.965 0.000577527
4.97 0.00057636
4.975 0.000575197
4.98 0.000574038
4.985 0.000572882
4.99 0.000571729
4.995 0.00057058
5 0.000569435
5.005 0.000568293
5.01 0.000567154
5.015 0.000566019
5.02 0.000564887
5.025 0.000563759
5.03 0.000562634
5.035 0.000561512
5.04 0.000560394
5.045 0.000559279
5.05 0.000558167
5.055 0.000557059
5.06 0.000555953
5.065 0.000554852
5.07 0.000553753
5.075 0.000552658
5.08 0.000551566
5.085 0.000550477
5.09 0.000549392
5.095 0.000548309
5.1 0.00054723
5.105 0.000546154
5.11 0.000545081
5.115 0.000544012
5.12 0.000542945
5.125 0.000541882
5.13 0.000540822
5.135 0.000539764
5.14 0.00053871
5.145 0.000537659
5.15 0.000536612
5.155 0.000535567
5.16 0.000534525
5.165 0.000533486
5.17 0.00053245
5.175 0.000531418
5.18 0.000530388
5.185 0.000529361
5.19 0.000528338
5.195 0.000527317
5.2 0.000526299
5.205 0.000525284
5.21 0.000524272
5.215 0.000523263
5.22 0.000522257
5.225 0.000521254
5.23 0.000520254
5.235 0.000519256
5.24 0.000518262
5.245 0.00051727
5.25 0.000516281
5.255 0.000515295
5.26 0.000514312
5.265 0.000513331
5.27 0.000512354
5.275 0.000511379
5.28 0.000510407
5.285 0.000509438
5.29 0.000508471
5.295 0.000507507
5.3 0.000506546
5.305 0.000505588
5.31 0.000504632
5.315 0.000503679
5.32 0.000502729
5.325 0.000501782
5.33 0.000500837
5.335 0.000499895
5.34 0.000498955
5.345 0.000498018
5.35 0.000497084
5.355 0.000496153
5.36 0.000495224
5.365 0.000494297
5.37 0.000493373
5.375 0.000492452
5.38 0.000491534
5.385 0.000490618
5.39 0.000489704
5.395 0.000488793
5.4 0.000487885
5.405 0.000486979
5.41 0.000486076
5.415 0.000485175
5.42 0.000484276
5.425 0.000483381
5.43 0.000482487
5.435 0.000481596
5.44 0.000480708
5.445 0.000479822
5.45 0.000478938
5.455 0.000478057
5.46 0.000477179
5.465 0.000476302
5.47 0.000475429
5.475 0.000474557
5.48 0.000473688
5.485 0.000472822
5.49 0.000471957
5.495 0.000471095
5.5 0.000470236
5.505 0.000469379
5.51 0.000468524
5.515 0.000467671
5.52 0.000466821
5.525 0.000465973
5.53 0.000465128
5.535 0.000464284
5.54 0.000463443
5.545 0.000462605
5.55 0.000461768
5.555 0.000460934
5.56 0.000460102
5.565 0.000459273
5.57 0.000458445
5.575 0.00045762
5.58 0.000456797
5.585 0.000455976
5.59 0.000455158
5.595 0.000454342
5.6 0.000453527
5.605 0.000452715
5.61 0.000451906
5.615 0.000451098
5.62 0.000450293
5.625 0.000449489
5.63 0.000448688
5.635 0.000447889
5.64 0.000447092
5.645 0.000446298
5.65 0.000445505
5.655 0.000444715
5.66 0.000443926
5.665 0.00044314
5.67 0.000442356
5.675 0.000441574
5.68 0.000440794
5.685 0.000440016
5.69 0.00043924
5.695 0.000438466
5.7 0.000437694
5.705 0.000436924
5.71 0.000436156
5.715 0.000435391
5.72 0.000434627
5.725 0.000433865
5.73 0.000433105
5.735 0.000432348
5.74 0.000431592
5.745 0.000430838
5.75 0.000430086
5.755 0.000429336
5.76 0.000428588
5.765 0.000427843
5.77 0.000427099
5.775 0.000426357
5.78 0.000425616
5.785 0.000424878
5.79 0.000424142
5.795 0.000423408
5.8 0.000422675
5.805 0.000421945
5.81 0.000421216
5.815 0.000420489
5.82 0.000419764
5.825 0.000419041
5.83 0.00041832
5.835 0.000417601
5.84 0.000416883
5.845 0.000416168
5.85 0.000415454
5.855 0.000414742
5.86 0.000414032
5.865 0.000413324
5.87 0.000412617
5.875 0.000411913
5.88 0.00041121
5.885 0.000410509
5.89 0.000409809
5.895 0.000409112
5.9 0.000408416
5.905 0.000407722
5.91 0.00040703
5.915 0.00040634
5.92 0.000405651
5.925 0.000404964
5.93 0.000404279
5.935 0.000403596
5.94 0.000402914
5.945 0.000402234
5.95 0.000401556
5.955 0.000400879
5.96 0.000400205
5.965 0.000399532
5.97 0.00039886
5.975 0.00039819
5.98 0.000397522
5.985 0.000396856
5.99 0.000396191
5.995 0.000395528
6 0.000394867
6.005 0.000394207
6.01 0.000393549
6.015 0.000392893
6.02 0.000392238
6.025 0.000391585
6.03 0.000390934
6.035 0.000390284
6.04 0.000389635
6.045 0.000388989
6.05 0.000388344
6.055 0.0003877
6.06 0.000387059
6.065 0.000386418
6.07 0.00038578
6.075 0.000385143
6.08 0.000384507
6.085 0.000383873
6.09 0.000383241
6.095 0.00038261
6.1 0.000381981
6.105 0.000381353
6.11 0.000380727
6.115 0.000380102
6.12 0.000379479
6.125 0.000378858
6.13 0.000378238
6.135 0.000377619
6.14 0.000377002
6.145 0.000376387
6.15 0.000375773
6.155 0.000375161
6.16 0.00037455
6.165 0.00037394
6.17 0.000373332
6.175 0.000372726
6.18 0.000372121
6.185 0.000371517
6.19 0.000370915
6.195 0.000370314
6.2 0.000369715
6.205 0.000369118
6.21 0.000368521
6.215 0.000367926
6.22 0.000367333
6.225 0.000366741
6.23 0.000366151
6.235 0.000365562
6.24 0.000364974
6.245 0.000364388
6.25 0.000363803
6.255 0.000363219
6.26 0.000362637
6.265 0.000362057
6.27 0.000361478
6.275 0.0003609
6.28 0.000360323
6.285 0.000359748
6.29 0.000359174
6.295 0.000358602
6.3 0.000358031
6.305 0.000357461
6.31 0.000356893
6.315 0.000356326
6.32 0.000355761
6.325 0.000355197
6.33 0.000354634
6.335 0.000354072
6.34 0.000353512
6.345 0.000352953
6.35 0.000352396
6.355 0.000351839
6.36 0.000351284
6.365 0.000350731
6.37 0.000350179
6.375 0.000349628
6.38 0.000349078
6.385 0.00034853
6.39 0.000347982
6.395 0.000347437
6.4 0.000346892
6.405 0.000346349
6.41 0.000345807
6.415 0.000345266
6.42 0.000344727
6.425 0.000344189
6.43 0.000343652
6.435 0.000343116
6.44 0.000342582
6.445 0.000342048
6.45 0.000341517
6.455 0.000340986
6.46 0.000340456
6.465 0.000339928
6.47 0.000339401
6.475 0.000338876
6.48 0.000338351
6.485 0.000337828
6.49 0.000337306
6.495 0.000336785
6.5 0.000336265
6.505 0.000335747
6.51 0.000335229
6.515 0.000334713
6.52 0.000334198
6.525 0.000333685
6.53 0.000333172
6.535 0.000332661
6.54 0.00033215
6.545 0.000331641
6.55 0.000331134
6.555 0.000330627
6.56 0.000330121
6.565 0.000329617
6.57 0.000329114
6.575 0.000328612
6.58 0.000328111
6.585 0.000327611
6.59 0.000327113
6.595 0.000326615
6.6 0.000326119
6.605 0.000325624
6.61 0.000325129
6.615 0.000324637
6.62 0.000324145
6.625 0.000323654
6.63 0.000323164
6.635 0.000322676
6.64 0.000322188
6.645 0.000321702
6.65 0.000321217
6.655 0.000320733
6.66 0.00032025
6.665 0.000319768
6.67 0.000319287
6.675 0.000318807
6.68 0.000318329
6.685 0.000317851
6.69 0.000317375
6.695 0.000316899
6.7 0.000316425
6.705 0.000315952
6.71 0.000315479
6.715 0.000315008
6.72 0.000314538
6.725 0.000314069
6.73 0.000313601
6.735 0.000313134
6.74 0.000312668
6.745 0.000312203
6.75 0.000311739
6.755 0.000311276
6.76 0.000310815
6.765 0.000310354
6.77 0.000309894
6.775 0.000309435
6.78 0.000308978
6.785 0.000308521
6.79 0.000308065
6.795 0.000307611
6.8 0.000307157
6.805 0.000306704
6.81 0.000306253
6.815 0.000305802
6.82 0.000305352
6.825 0.000304904
6.83 0.000304456
6.835 0.000304009
6.84 0.000303563
6.845 0.000303119
6.85 0.000302675
6.855 0.000302232
6.86 0.00030179
6.865 0.000301349
6.87 0.000300909
6.875 0.000300471
6.88 0.000300033
6.885 0.000299596
6.89 0.000299159
6.895 0.000298724
6.9 0.00029829
6.905 0.000297857
6.91 0.000297425
6.915 0.000296993
6.92 0.000296563
6.925 0.000296134
6.93 0.000295705
6.935 0.000295277
6.94 0.000294851
6.945 0.000294425
6.95 0.000294
6.955 0.000293576
6.96 0.000293153
6.965 0.000292731
6.97 0.00029231
6.975 0.00029189
6.98 0.00029147
6.985 0.000291052
6.99 0.000290634
6.995 0.000290218
7 0.000289802
7.005 0.000289387
7.01 0.000288973
7.015 0.00028856
7.02 0.000288148
7.025 0.000287736
7.03 0.000287326
7.035 0.000286916
7.04 0.000286508
7.045 0.0002861
7.05 0.000285693
7.055 0.000285287
7.06 0.000284882
7.065 0.000284477
7.07 0.000284074
7.075 0.000283671
7.08 0.000283269
7.085 0.000282869
7.09 0.000282468
7.095 0.000282069
7.1 0.000281671
7.105 0.000281273
7.11 0.000280877
7.115 0.000280481
7.12 0.000280086
7.125 0.000279692
7.13 0.000279298
7.135 0.000278906
7.14 0.000278514
7.145 0.000278123
7.15 0.000277733
7.155 0.000277344
7.16 0.000276955
7.165 0.000276568
7.17 0.000276181
7.175 0.000275795
7.18 0.00027541
7.185 0.000275025
7.19 0.000274642
7.195 0.000274259
7.2 0.000273877
7.205 0.000273496
7.21 0.000273116
7.215 0.000272736
7.22 0.000272357
7.225 0.000271979
7.23 0.000271602
7.235 0.000271226
7.24 0.00027085
7.245 0.000270475
7.25 0.000270101
7.255 0.000269728
7.26 0.000269355
7.265 0.000268984
7.27 0.000268613
7.275 0.000268242
7.28 0.000267873
7.285 0.000267504
7.29 0.000267136
7.295 0.000266769
7.3 0.000266403
7.305 0.000266037
7.31 0.000265672
7.315 0.000265308
7.32 0.000264944
7.325 0.000264582
7.33 0.00026422
7.335 0.000263859
7.34 0.000263498
7.345 0.000263139
7.35 0.00026278
7.355 0.000262421
7.36 0.000262064
7.365 0.000261707
7.37 0.000261351
7.375 0.000260996
7.38 0.000260641
7.385 0.000260287
7.39 0.000259934
7.395 0.000259582
7.4 0.00025923
7.405 0.000258879
7.41 0.000258529
7.415 0.000258179
7.42 0.00025783
7.425 0.000257482
7.43 0.000257134
7.435 0.000256788
7.44 0.000256442
7.445 0.000256096
7.45 0.000255752
7.455 0.000255408
7.46 0.000255064
7.465 0.000254722
7.47 0.00025438
7.475 0.000254039
7.48 0.000253698
7.485 0.000253358
7.49 0.000253019
7.495 0.000252681
7.5 0.000252343
7.505 0.000252006
7.51 0.000251669
7.515 0.000251334
7.52 0.000250999
7.525 0.000250664
7.53 0.00025033
7.535 0.000249997
7.54 0.000249665
7.545 0.000249333
7.55 0.000249002
7.555 0.000248671
7.56 0.000248342
7.565 0.000248013
7.57 0.000247684
7.575 0.000247356
7.58 0.000247029
7.585 0.000246703
7.59 0.000246377
7.595 0.000246051
7.6 0.000245727
7.605 0.000245403
7.61 0.00024508
7.615 0.000244757
7.62 0.000244435
7.625 0.000244113
7.63 0.000243793
7.635 0.000243473
7.64 0.000243153
7.645 0.000242834
7.65 0.000242516
7.655 0.000242198
7.66 0.000241881
7.665 0.000241565
7.67 0.000241249
7.675 0.000240934
7.68 0.000240619
7.685 0.000240306
7.69 0.000239992
7.695 0.00023968
7.7 0.000239368
7.705 0.000239056
7.71 0.000238745
7.715 0.000238435
7.72 0.000238125
7.725 0.000237816
7.73 0.000237508
7.735 0.0002372
7.74 0.000236893
7.745 0.000236586
7.75 0.00023628
7.755 0.000235975
7.76 0.00023567
7.765 0.000235365
7.77 0.000235062
7.775 0.000234759
7.78 0.000234456
7.785 0.000234154
7.79 0.000233853
7.795 0.000233552
7.8 0.000233252
7.805 0.000232952
7.81 0.000232653
7.815 0.000232355
7.82 0.000232057
7.825 0.00023176
7.83 0.000231463
7.835 0.000231167
7.84 0.000230871
7.845 0.000230576
7.85 0.000230282
7.855 0.000229988
7.86 0.000229694
7.865 0.000229402
7.87 0.000229109
7.875 0.000228818
7.88 0.000228527
7.885 0.000228236
7.89 0.000227946
7.895 0.000227657
7.9 0.000227368
7.905 0.000227079
7.91 0.000226792
7.915 0.000226504
7.92 0.000226218
7.925 0.000225931
7.93 0.000225646
7.935 0.000225361
7.94 0.000225076
7.945 0.000224792
7.95 0.000224509
7.955 0.000224226
7.96 0.000223943
7.965 0.000223662
7.97 0.00022338
7.975 0.000223099
7.98 0.000222819
7.985 0.000222539
7.99 0.00022226
7.995 0.000221982
8 0.000221703
8.005 0.000221426
8.01 0.000221149
8.015 0.000220872
8.02 0.000220596
8.025 0.00022032
8.03 0.000220045
8.035 0.000219771
8.04 0.000219497
8.045 0.000219223
8.05 0.00021895
8.055 0.000218678
8.06 0.000218406
8.065 0.000218134
8.07 0.000217863
8.075 0.000217593
8.08 0.000217323
8.085 0.000217054
8.09 0.000216785
8.095 0.000216516
8.1 0.000216248
8.105 0.000215981
8.11 0.000215714
8.115 0.000215447
8.12 0.000215181
8.125 0.000214916
8.13 0.000214651
8.135 0.000214386
8.14 0.000214122
8.145 0.000213859
8.15 0.000213596
8.155 0.000213333
8.16 0.000213071
8.165 0.000212809
8.17 0.000212548
8.175 0.000212288
8.18 0.000212028
8.185 0.000211768
8.19 0.000211509
8.195 0.00021125
8.2 0.000210992
8.205 0.000210734
8.21 0.000210477
8.215 0.00021022
8.22 0.000209963
8.225 0.000209708
8.23 0.000209452
8.235 0.000209197
8.24 0.000208943
8.245 0.000208689
8.25 0.000208435
8.255 0.000208182
8.26 0.000207929
8.265 0.000207677
8.27 0.000207425
8.275 0.000207174
8.28 0.000206923
8.285 0.000206673
8.29 0.000206423
8.295 0.000206174
8.3 0.000205925
8.305 0.000205676
8.31 0.000205428
8.315 0.00020518
8.32 0.000204933
8.325 0.000204686
8.33 0.00020444
8.335 0.000204194
8.34 0.000203949
8.345 0.000203704
8.35 0.000203459
8.355 0.000203215
8.36 0.000202972
8.365 0.000202728
8.37 0.000202486
8.375 0.000202243
8.38 0.000202001
8.385 0.00020176
8.39 0.000201519
8.395 0.000201278
8.4 0.000201038
8.405 0.000200798
8.41 0.000200559
8.415 0.00020032
8.42 0.000200082
8.425 0.000199844
8.43 0.000199606
8.435 0.000199369
8.44 0.000199132
8.445 0.000198896
8.45 0.00019866
8.455 0.000198424
8.46 0.000198189
8.465 0.000197954
8.47 0.00019772
8.475 0.000197486
8.48 0.000197253
8.485 0.00019702
8.49 0.000196787
8.495 0.000196555
8.5 0.000196323
8.505 0.000196092
8.51 0.000195861
8.515 0.00019563
8.52 0.0001954
8.525 0.00019517
8.53 0.000194941
8.535 0.000194712
8.54 0.000194484
8.545 0.000194256
8.55 0.000194028
8.555 0.0001938
8.56 0.000193574
8.565 0.000193347
8.57 0.000193121
8.575 0.000192895
8.58 0.00019267
8.585 0.000192445
8.59 0.00019222
8.595 0.000191996
8.6 0.000191772
8.605 0.000191549
8.61 0.000191326
8.615 0.000191103
8.62 0.000190881
8.625 0.000190659
8.63 0.000190438
8.635 0.000190217
8.64 0.000189996
8.645 0.000189776
8.65 0.000189556
8.655 0.000189337
8.66 0.000189117
8.665 0.000188899
8.67 0.00018868
8.675 0.000188462
8.68 0.000188245
8.685 0.000188027
8.69 0.000187811
8.695 0.000187594
8.7 0.000187378
8.705 0.000187162
8.71 0.000186947
8.715 0.000186732
8.72 0.000186517
8.725 0.000186303
8.73 0.000186089
8.735 0.000185875
8.74 0.000185662
8.745 0.00018545
8.75 0.000185237
8.755 0.000185025
8.76 0.000184813
8.765 0.000184602
8.77 0.000184391
8.775 0.00018418
8.78 0.00018397
8.785 0.00018376
8.79 0.000183551
8.795 0.000183342
8.8 0.000183133
8.805 0.000182924
8.81 0.000182716
8.815 0.000182508
8.82 0.000182301
8.825 0.000182094
8.83 0.000181887
8.835 0.000181681
8.84 0.000181475
8.845 0.000181269
8.85 0.000181064
8.855 0.000180859
8.86 0.000180655
8.865 0.00018045
8.87 0.000180246
8.875 0.000180043
8.88 0.00017984
8.885 0.000179637
8.89 0.000179434
8.895 0.000179232
8.9 0.00017903
8.905 0.000178829
8.91 0.000178628
8.915 0.000178427
8.92 0.000178226
8.925 0.000178026
8.93 0.000177826
8.935 0.000177627
8.94 0.000177428
8.945 0.000177229
8.95 0.000177031
8.955 0.000176832
8.96 0.000176635
8.965 0.000176437
8.97 0.00017624
8.975 0.000176043
8.98 0.000175847
8.985 0.000175651
8.99 0.000175455
8.995 0.000175259
9 0.000175064
9.005 0.000174869
9.01 0.000174675
9.015 0.000174481
9.02 0.000174287
9.025 0.000174093
9.03 0.0001739
9.035 0.000173707
9.04 0.000173515
9.045 0.000173322
9.05 0.00017313
9.055 0.000172939
9.06 0.000172747
9.065 0.000172556
9.07 0.000172366
9.075 0.000172175
9.08 0.000171985
9.085 0.000171796
9.09 0.000171606
9.095 0.000171417
9.1 0.000171228
9.105 0.00017104
9.11 0.000170852
9.115 0.000170664
9.12 0.000170476
9.125 0.000170289
9.13 0.000170102
9.135 0.000169916
9.14 0.000169729
9.145 0.000169543
9.15 0.000169358
9.155 0.000169172
9.16 0.000168987
9.165 0.000168802
9.17 0.000168618
9.175 0.000168434
9.18 0.00016825
9.185 0.000168066
9.19 0.000167883
9.195 0.0001677
9.2 0.000167517
9.205 0.000167335
9.21 0.000167153
9.215 0.000166971
9.22 0.000166789
9.225 0.000166608
9.23 0.000166427
9.235 0.000166247
9.24 0.000166066
9.245 0.000165886
9.25 0.000165707
9.255 0.000165527
9.26 0.000165348
9.265 0.000165169
9.27 0.000164991
9.275 0.000164812
9.28 0.000164635
9.285 0.000164457
9.29 0.000164279
9.295 0.000164102
9.3 0.000163925
9.305 0.000163749
9.31 0.000163573
9.315 0.000163397
9.32 0.000163221
9.325 0.000163046
9.33 0.00016287
9.335 0.000162696
9.34 0.000162521
9.345 0.000162347
9.35 0.000162173
9.355 0.000161999
9.36 0.000161826
9.365 0.000161652
9.37 0.00016148
9.375 0.000161307
9.38 0.000161135
9.385 0.000160962
9.39 0.000160791
9.395 0.000160619
9.4 0.000160448
9.405 0.000160277
9.41 0.000160106
9.415 0.000159936
9.42 0.000159766
9.425 0.000159596
9.43 0.000159426
9.435 0.000159257
9.44 0.000159088
9.445 0.000158919
9.45 0.000158751
9.455 0.000158582
9.46 0.000158414
9.465 0.000158247
9.47 0.000158079
9.475 0.000157912
9.48 0.000157745
9.485 0.000157578
9.49 0.000157412
9.495 0.000157246
9.5 0.00015708
9.505 0.000156914
9.51 0.000156749
9.515 0.000156584
9.52 0.000156419
9.525 0.000156255
9.53 0.00015609
9.535 0.000155926
9.54 0.000155762
9.545 0.000155599
9.55 0.000155436
9.555 0.000155273
9.56 0.00015511
9.565 0.000154947
9.57 0.000154785
9.575 0.000154623
9.58 0.000154461
9.585 0.0001543
9.59 0.000154139
9.595 0.000153978
9.6 0.000153817
9.605 0.000153656
9.61 0.000153496
9.615 0.000153336
9.62 0.000153177
9.625 0.000153017
9.63 0.000152858
9.635 0.000152699
9.64 0.00015254
9.645 0.000152382
9.65 0.000152223
9.655 0.000152065
9.66 0.000151908
9.665 0.00015175
9.67 0.000151593
9.675 0.000151436
9.68 0.000151279
9.685 0.000151123
9.69 0.000150966
9.695 0.00015081
9.7 0.000150655
9.705 0.000150499
9.71 0.000150344
9.715 0.000150189
9.72 0.000150034
9.725 0.000149879
9.73 0.000149725
9.735 0.000149571
9.74 0.000149417
9.745 0.000149263
9.75 0.00014911
9.755 0.000148957
9.76 0.000148804
9.765 0.000148651
9.77 0.000148498
9.775 0.000148346
9.78 0.000148194
9.785 0.000148042
9.79 0.000147891
9.795 0.00014774
9.8 0.000147589
9.805 0.000147438
9.81 0.000147287
9.815 0.000147137
9.82 0.000146987
9.825 0.000146837
9.83 0.000146687
9.835 0.000146538
9.84 0.000146388
9.845 0.000146239
9.85 0.000146091
9.855 0.000145942
9.86 0.000145794
9.865 0.000145646
9.87 0.000145498
9.875 0.00014535
9.88 0.000145203
9.885 0.000145056
9.89 0.000144909
9.895 0.000144762
9.9 0.000144615
9.905 0.000144469
9.91 0.000144323
9.915 0.000144177
9.92 0.000144032
9.925 0.000143886
9.93 0.000143741
9.935 0.000143596
9.94 0.000143451
9.945 0.000143307
9.95 0.000143162
9.955 0.000143018
9.96 0.000142874
9.965 0.000142731
9.97 0.000142587
9.975 0.000142444
9.98 0.000142301
9.985 0.000142158
9.99 0.000142016
9.995 0.000141873
