0 -nan
0.005 0.895225
0.01 0.36021
0.015 0.741649
0.02 0.77307
0.025 0.332678
0.03 0.146776
0.035 0.572387
0.04 0.603015
0.045 0.391669
0.05 0.180118
0.055 0.0519865
0.06 0.00394397
0.065 0.00924972
0.07 0.0430572
0.075 0.0882605
0.08 0.134728
0.085 0.177175
0.09 0.213308
0.095 0.242532
0.1 0.265137
0.105 0.281821
0.11 0.293425
0.115 0.300786
0.12 0.304678
0.125 0.305777
0.13 0.304659
0.135 0.301808
0.14 0.297619
0.145 0.292418
0.15 0.286469
0.155 0.279981
0.16 0.273126
0.165 0.266037
0.17 0.258823
0.175 0.251566
0.18 0.244333
0.185 0.237174
0.19 0.230128
0.195 0.223223
0.2 0.216483
0.205 0.20992
0.21 0.203547
0.215 0.197368
0.22 0.191389
0.225 0.185609
0.23 0.180027
0.235 0.174642
0.24 0.169449
0.245 0.164444
0.25 0.159622
0.255 0.154978
0.26 0.150507
0.265 0.146201
0.27 0.142056
0.275 0.138065
0.28 0.134223
0.285 0.130523
0.29 0.12696
0.295 0.123528
0.3 0.120222
0.305 0.117037
0.31 0.113967
0.315 0.111009
0.32 0.108156
0.325 0.105405
0.33 0.102751
0.335 0.100191
0.34 0.0977198
0.345 0.0953342
0.35 0.0930304
0.355 0.0908052
0.36 0.0886551
0.365 0.0865772
0.37 0.0845683
0.375 0.0826257
0.38 0.0807466
0.385 0.0789284
0.39 0.0771687
0.395 0.0754651
0.4 0.0738154
0.405 0.0722174
0.41 0.0706691
0.415 0.0691685
0.42 0.0677138
0.425 0.0663032
0.43 0.0649349
0.435 0.0636074
0.44 0.0623192
0.445 0.0610686
0.45 0.0598544
0.455 0.0586752
0.46 0.0575297
0.465 0.0564166
0.47 0.0553348
0.475 0.0542831
0.48 0.0532606
0.485 0.052266
0.49 0.0512985
0.495 0.0503571
0.5 0.0494408
0.505 0.0485489
0.51 0.0476805
0.515 0.0468347
0.52 0.0460109
0.525 0.0452083
0.53 0.0444261
0.535 0.0436637
0.54 0.0429205
0.545 0.0421958
0.55 0.041489
0.555 0.0407996
0.56 0.040127
0.565 0.0394706
0.57 0.03883
0.575 0.0382047
0.58 0.0375941
0.585 0.0369979
0.59 0.0364155
0.595 0.0358467
0.6 0.0352908
0.605 0.0347477
0.61 0.0342169
0.615 0.033698
0.62 0.0331907
0.625 0.0326946
0.63 0.0322094
0.635 0.0317349
0.64 0.0312706
0.645 0.0308164
0.65 0.0303719
0.655 0.0299368
0.66 0.0295109
0.665 0.029094
0.67 0.0286858
0.675 0.028286
0.68 0.0278944
0.685 0.0275109
0.69 0.0271351
0.695 0.0267669
0.7 0.0264061
0.705 0.0260524
0.71 0.0257058
0.715 0.025366
0.72 0.0250328
0.725 0.0247061
0.73 0.0243857
0.735 0.0240715
0.74 0.0237632
0.745 0.0234608
0.75 0.0231641
0.755 0.0228729
0.76 0.0225871
0.765 0.0223067
0.77 0.0220314
0.775 0.0217611
0.78 0.0214957
0.785 0.0212351
0.79 0.0209792
0.795 0.0207279
0.8 0.020481
0.805 0.0202385
0.81 0.0200002
0.815 0.0197661
0.82 0.0195361
0.825 0.01931
0.83 0.0190879
0.835 0.0188695
0.84 0.0186548
0.845 0.0184437
0.85 0.0182362
0.855 0.0180321
0.86 0.0178314
0.865 0.0176341
0.87 0.0174399
0.875 0.017249
0.88 0.0170612
0.885 0.0168763
0.89 0.0166945
0.895 0.0165156
0.9 0.0163395
0.905 0.0161662
0.91 0.0159956
0.915 0.0158278
0.92 0.0156625
0.925 0.0154998
0.93 0.0153396
0.935 0.0151818
0.94 0.0150265
0.945 0.0148735
0.95 0.0147229
0.955 0.0145745
0.96 0.0144283
0.965 0.0142844
0.97 0.0141425
0.975 0.0140027
0.98 0.013865
0.985 0.0137294
0.99 0.0135956
0.995 0.0134639
1 0.013334
1.005 0.013206
1.01 0.0130798
1.015 0.0129554
1.02 0.0128328
1.025 0.0127119
1.03 0.0125926
1.035 0.0124751
1.04 0.0123592
1.045 0.0122449
1.05 0.0121321
1.055 0.0120209
1.06 0.0119112
1.065 0.0118031
1.07 0.0116963
1.075 0.011591
1.08 0.0114872
1.085 0.0113847
1.09 0.0112835
1.095 0.0111837
1.1 0.0110852
1.105 0.0109881
1.11 0.0108921
1.115 0.0107975
1.12 0.010704
1.125 0.0106118
1.13 0.0105207
1.135 0.0104308
1.14 0.010342
1.145 0.0102544
1.15 0.0101679
1.155 0.0100825
1.16 0.00999809
1.165 0.00991478
1.17 0.0098325
1.175 0.00975123
1.18 0.00967097
1.185 0.00959169
1.19 0.00951338
1.195 0.00943602
1.2 0.0093596
1.205 0.0092841
1.21 0.00920951
1.215 0.00913582
1.22 0.009063
1.225 0.00899104
1.23 0.00891994
1.235 0.00884968
1.24 0.00878024
1.245 0.00871161
1.25 0.00864378
1.255 0.00857674
1.26 0.00851048
1.265 0.00844498
1.27 0.00838023
1.275 0.00831622
1.28 0.00825293
1.285 0.00819037
1.29 0.00812852
1.295 0.00806736
1.3 0.00800688
1.305 0.00794708
1.31 0.00788795
1.315 0.00782948
1.32 0.00777165
1.325 0.00771446
1.33 0.00765789
1.335 0.00760195
1.34 0.00754661
1.345 0.00749188
1.35 0.00743773
1.355 0.00738417
1.36 0.00733119
1.365 0.00727877
1.37 0.00722692
1.375 0.00717561
1.38 0.00712485
1.385 0.00707462
1.39 0.00702492
1.395 0.00697574
1.4 0.00692708
1.405 0.00687892
1.41 0.00683126
1.415 0.00678409
1.42 0.00673741
1.425 0.00669121
1.43 0.00664548
1.435 0.00660022
1.44 0.00655542
1.445 0.00651107
1.45 0.00646717
1.455 0.00642371
1.46 0.00638069
1.465 0.0063381
1.47 0.00629593
1.475 0.00625418
1.48 0.00621285
1.485 0.00617192
1.49 0.00613139
1.495 0.00609126
1.5 0.00605153
1.505 0.00601218
1.51 0.00597321
1.515 0.00593462
1.52 0.0058964
1.525 0.00585855
1.53 0.00582106
1.535 0.00578393
1.54 0.00574715
1.545 0.00571072
1.55 0.00567464
1.555 0.0056389
1.56 0.00560349
1.565 0.00556842
1.57 0.00553367
1.575 0.00549925
1.58 0.00546515
1.585 0.00543136
1.59 0.00539788
1.595 0.00536472
1.6 0.00533185
1.605 0.00529929
1.61 0.00526703
1.615 0.00523505
1.62 0.00520337
1.625 0.00517198
1.63 0.00514086
1.635 0.00511003
1.64 0.00507947
1.645 0.00504919
1.65 0.00501917
1.655 0.00498943
1.66 0.00495994
1.665 0.00493072
1.67 0.00490175
1.675 0.00487304
1.68 0.00484457
1.685 0.00481636
1.69 0.00478839
1.695 0.00476067
1.7 0.00473318
1.705 0.00470593
1.71 0.00467892
1.715 0.00465214
1.72 0.00462558
1.725 0.00459926
1.73 0.00457315
1.735 0.00454727
1.74 0.00452161
1.745 0.00449616
1.75 0.00447093
1.755 0.00444591
1.76 0.00442109
1.765 0.00439649
1.77 0.00437209
1.775 0.00434789
1.78 0.00432389
1.785 0.00430009
1.79 0.00427649
1.795 0.00425308
1.8 0.00422986
1.805 0.00420683
1.81 0.00418399
1.815 0.00416133
1.82 0.00413885
1.825 0.00411656
1.83 0.00409445
1.835 0.00407251
1.84 0.00405075
1.845 0.00402917
1.85 0.00400775
1.855 0.00398651
1.86 0.00396543
1.865 0.00394452
1.87 0.00392378
1.875 0.0039032
1.88 0.00388278
1.885 0.00386252
1.89 0.00384242
1.895 0.00382247
1.9 0.00380268
1.905 0.00378304
1.91 0.00376355
1.915 0.00374422
1.92 0.00372503
1.925 0.00370599
1.93 0.00368709
1.935 0.00366834
1.94 0.00364973
1.945 0.00363126
1.95 0.00361294
1.955 0.00359475
1.96 0.00357669
1.965 0.00355878
1.97 0.00354099
1.975 0.00352334
1.98 0.00350582
1.985 0.00348843
1.99 0.00347117
1.995 0.00345404
2 0.00343704
2.005 0.00342016
2.01 0.0034034
2.015 0.00338677
2.02 0.00337025
2.025 0.00335386
2.03 0.00333759
2.035 0.00332143
2.04 0.0033054
2.045 0.00328947
2.05 0.00327367
2.055 0.00325797
2.06 0.00324239
2.065 0.00322692
2.07 0.00321156
2.075 0.00319631
2.08 0.00318117
2.085 0.00316614
2.09 0.00315121
2.095 0.00313638
2.1 0.00312167
2.105 0.00310705
2.11 0.00309254
2.115 0.00307813
2.12 0.00306381
2.125 0.0030496
2.13 0.00303549
2.135 0.00302147
2.14 0.00300755
2.145 0.00299373
2.15 0.00298
2.155 0.00296637
2.16 0.00295283
2.165 0.00293938
2.17 0.00292602
2.175 0.00291276
2.18 0.00289958
2.185 0.00288649
2.19 0.0028735
2.195 0.00286059
2.2 0.00284776
2.205 0.00283502
2.21 0.00282237
2.215 0.0028098
2.22 0.00279732
2.225 0.00278492
2.23 0.0027726
2.235 0.00276036
2.24 0.0027482
2.245 0.00273612
2.25 0.00272413
2.255 0.00271221
2.26 0.00270037
2.265 0.0026886
2.27 0.00267691
2.275 0.0026653
2.28 0.00265377
2.285 0.00264231
2.29 0.00263092
2.295 0.00261961
2.3 0.00260836
2.305 0.0025972
2.31 0.0025861
2.315 0.00257507
2.32 0.00256412
2.325 0.00255323
2.33 0.00254241
2.335 0.00253166
2.34 0.00252098
2.345 0.00251037
2.35 0.00249982
2.355 0.00248934
2.36 0.00247893
2.365 0.00246858
2.37 0.0024583
2.375 0.00244808
2.38 0.00243792
2.385 0.00242783
2.39 0.00241779
2.395 0.00240782
2.4 0.00239792
2.405 0.00238807
2.41 0.00237828
2.415 0.00236856
2.42 0.00235889
2.425 0.00234928
2.43 0.00233973
2.435 0.00233024
2.44 0.00232081
2.445 0.00231143
2.45 0.00230211
2.455 0.00229285
2.46 0.00228364
2.465 0.00227449
2.47 0.00226539
2.475 0.00225635
2.48 0.00224736
2.485 0.00223842
2.49 0.00222954
2.495 0.00222071
2.5 0.00221193
2.505 0.00220321
2.51 0.00219453
2.515 0.00218591
2.52 0.00217734
2.525 0.00216882
2.53 0.00216035
2.535 0.00215192
2.54 0.00214355
2.545 0.00213523
2.55 0.00212695
2.555 0.00211872
2.56 0.00211054
2.565 0.00210241
2.57 0.00209432
2.575 0.00208628
2.58 0.00207829
2.585 0.00207034
2.59 0.00206244
2.595 0.00205458
2.6 0.00204677
2.605 0.002039
2.61 0.00203128
2.615 0.0020236
2.62 0.00201596
2.625 0.00200837
2.63 0.00200082
2.635 0.00199331
2.64 0.00198584
2.645 0.00197842
2.65 0.00197103
2.655 0.00196369
2.66 0.00195639
2.665 0.00194913
2.67 0.00194191
2.675 0.00193473
2.68 0.00192759
2.685 0.00192049
2.69 0.00191343
2.695 0.00190641
2.7 0.00189943
2.705 0.00189248
2.71 0.00188557
2.715 0.0018787
2.72 0.00187187
2.725 0.00186508
2.73 0.00185832
2.735 0.0018516
2.74 0.00184491
2.745 0.00183826
2.75 0.00183165
2.755 0.00182507
2.76 0.00181853
2.765 0.00181202
2.77 0.00180555
2.775 0.00179911
2.78 0.00179271
2.785 0.00178634
2.79 0.00178
2.795 0.0017737
2.8 0.00176743
2.805 0.0017612
2.81 0.001755
2.815 0.00174883
2.82 0.00174269
2.825 0.00173658
2.83 0.00173051
2.835 0.00172447
2.84 0.00171846
2.845 0.00171248
2.85 0.00170654
2.855 0.00170062
2.86 0.00169473
2.865 0.00168888
2.87 0.00168305
2.875 0.00167726
2.88 0.00167149
2.885 0.00166576
2.89 0.00166005
2.895 0.00165438
2.9 0.00164873
2.905 0.00164311
2.91 0.00163752
2.915 0.00163196
2.92 0.00162643
2.925 0.00162092
2.93 0.00161545
2.935 0.00161
2.94 0.00160457
2.945 0.00159918
2.95 0.00159381
2.955 0.00158847
2.96 0.00158316
2.965 0.00157787
2.97 0.00157261
2.975 0.00156738
2.98 0.00156217
2.985 0.00155699
2.99 0.00155183
2.995 0.0015467
3 0.00154159
3.005 0.00153651
3.01 0.00153146
3.015 0.00152643
3.02 0.00152142
3.025 0.00151644
3.03 0.00151148
3.035 0.00150655
3.04 0.00150164
3.045 0.00149676
3.05 0.0014919
3.055 0.00148706
3.06 0.00148225
3.065 0.00147745
3.07 0.00147269
3.075 0.00146794
3.08 0.00146322
3.085 0.00145852
3.09 0.00145385
3.095 0.00144919
3.1 0.00144456
3.105 0.00143995
3.11 0.00143537
3.115 0.0014308
3.12 0.00142626
3.125 0.00142174
3.13 0.00141724
3.135 0.00141276
3.14 0.0014083
3.145 0.00140386
3.15 0.00139945
3.155 0.00139505
3.16 0.00139068
3.165 0.00138632
3.17 0.00138199
3.175 0.00137768
3.18 0.00137339
3.185 0.00136911
3.19 0.00136486
3.195 0.00136063
3.2 0.00135641
3.205 0.00135222
3.21 0.00134804
3.215 0.00134389
3.22 0.00133975
3.225 0.00133564
3.23 0.00133154
3.235 0.00132746
3.24 0.0013234
3.245 0.00131936
3.25 0.00131533
3.255 0.00131133
3.26 0.00130734
3.265 0.00130337
3.27 0.00129942
3.275 0.00129549
3.28 0.00129157
3.285 0.00128768
3.29 0.0012838
3.295 0.00127993
3.3 0.00127609
3.305 0.00127226
3.31 0.00126845
3.315 0.00126466
3.32 0.00126088
3.325 0.00125712
3.33 0.00125338
3.335 0.00124965
3.34 0.00124594
3.345 0.00124225
3.35 0.00123858
3.355 0.00123492
3.36 0.00123127
3.365 0.00122764
3.37 0.00122403
3.375 0.00122044
3.38 0.00121686
3.385 0.00121329
3.39 0.00120974
3.395 0.00120621
3.4 0.00120269
3.405 0.00119919
3.41 0.0011957
3.415 0.00119223
3.42 0.00118877
3.425 0.00118533
3.43 0.00118191
3.435 0.00117849
3.44 0.0011751
3.445 0.00117171
3.45 0.00116835
3.455 0.00116499
3.46 0.00116165
3.465 0.00115833
3.47 0.00115502
3.475 0.00115172
3.48 0.00114844
3.485 0.00114517
3.49 0.00114192
3.495 0.00113868
3.5 0.00113545
3.505 0.00113224
3.51 0.00112904
3.515 0.00112585
3.52 0.00112268
3.525 0.00111952
3.53 0.00111637
3.535 0.00111324
3.54 0.00111012
3.545 0.00110702
3.55 0.00110392
3.555 0.00110084
3.56 0.00109777
3.565 0.00109472
3.57 0.00109168
3.575 0.00108865
3.58 0.00108563
3.585 0.00108263
3.59 0.00107964
3.595 0.00107666
3.6 0.00107369
3.605 0.00107073
3.61 0.00106779
3.615 0.00106486
3.62 0.00106194
3.625 0.00105904
3.63 0.00105614
3.635 0.00105326
3.64 0.00105039
3.645 0.00104753
3.65 0.00104468
3.655 0.00104185
3.66 0.00103902
3.665 0.00103621
3.67 0.00103341
3.675 0.00103062
3.68 0.00102784
3.685 0.00102507
3.69 0.00102231
3.695 0.00101957
3.7 0.00101683
3.705 0.00101411
3.71 0.0010114
3.715 0.0010087
3.72 0.00100601
3.725 0.00100333
3.73 0.00100066
3.735 0.000997998
3.74 0.00099535
3.745 0.000992712
3.75 0.000990085
3.755 0.000987469
3.76 0.000984862
3.765 0.000982266
3.77 0.00097968
3.775 0.000977105
3.78 0.000974539
3.785 0.000971984
3.79 0.000969438
3.795 0.000966903
3.8 0.000964378
3.805 0.000961862
3.81 0.000959356
3.815 0.00095686
3.82 0.000954374
3.825 0.000951897
3.83 0.000949431
3.835 0.000946973
3.84 0.000944525
3.845 0.000942087
3.85 0.000939658
3.855 0.000937238
3.86 0.000934828
3.865 0.000932427
3.87 0.000930036
3.875 0.000927653
3.88 0.00092528
3.885 0.000922915
3.89 0.00092056
3.895 0.000918214
3.9 0.000915877
3.905 0.000913548
3.91 0.000911229
3.915 0.000908918
3.92 0.000906616
3.925 0.000904323
3.93 0.000902039
3.935 0.000899763
3.94 0.000897496
3.945 0.000895237
3.95 0.000892987
3.955 0.000890745
3.96 0.000888512
3.965 0.000886287
3.97 0.00088407
3.975 0.000881862
3.98 0.000879662
3.985 0.00087747
3.99 0.000875287
3.995 0.000873111
4 0.000870944
4.005 0.000868785
4.01 0.000866634
4.015 0.00086449
4.02 0.000862355
4.025 0.000860227
4.03 0.000858108
4.035 0.000855996
4.04 0.000853892
4.045 0.000851796
4.05 0.000849707
4.055 0.000847627
4.06 0.000845553
4.065 0.000843488
4.07 0.00084143
4.075 0.000839379
4.08 0.000837336
4.085 0.0008353
4.09 0.000833272
4.095 0.000831251
4.1 0.000829238
4.105 0.000827232
4.11 0.000825233
4.115 0.000823241
4.12 0.000821257
4.125 0.00081928
4.13 0.000817309
4.135 0.000815346
4.14 0.00081339
4.145 0.000811441
4.15 0.000809499
4.155 0.000807564
4.16 0.000805636
4.165 0.000803715
4.17 0.000801801
4.175 0.000799893
4.18 0.000797992
4.185 0.000796098
4.19 0.000794211
4.195 0.000792331
4.2 0.000790457
4.205 0.00078859
4.21 0.000786729
4.215 0.000784875
4.22 0.000783028
4.225 0.000781187
4.23 0.000779352
4.235 0.000777524
4.24 0.000775703
4.245 0.000773887
4.25 0.000772079
4.255 0.000770276
4.26 0.00076848
4.265 0.00076669
4.27 0.000764906
4.275 0.000763129
4.28 0.000761357
4.285 0.000759592
4.29 0.000757833
4.295 0.00075608
4.3 0.000754334
4.305 0.000752593
4.31 0.000750858
4.315 0.000749129
4.32 0.000747407
4.325 0.00074569
4.33 0.000743979
4.335 0.000742274
4.34 0.000740574
4.345 0.000738881
4.35 0.000737193
4.355 0.000735512
4.36 0.000733835
4.365 0.000732165
4.37 0.0007305
4.375 0.000728841
4.38 0.000727188
4.385 0.00072554
4.39 0.000723898
4.395 0.000722262
4.4 0.000720631
4.405 0.000719005
4.41 0.000717385
4.415 0.000715771
4.42 0.000714162
4.425 0.000712558
4.43 0.00071096
4.435 0.000709367
4.44 0.000707779
4.445 0.000706197
4.45 0.00070462
4.455 0.000703048
4.46 0.000701482
4.465 0.000699921
4.47 0.000698365
4.475 0.000696814
4.48 0.000695268
4.485 0.000693728
4.49 0.000692192
4.495 0.000690662
4.5 0.000689137
4.505 0.000687616
4.51 0.000686101
4.515 0.000684591
4.52 0.000683086
4.525 0.000681586
4.53 0.00068009
4.535 0.0006786
4.54 0.000677115
4.545 0.000675634
4.55 0.000674158
4.555 0.000672687
4.56 0.000671221
4.565 0.00066976
4.57 0.000668303
4.575 0.000666851
4.58 0.000665404
4.585 0.000663962
4.59 0.000662524
4.595 0.000661091
4.6 0.000659663
4.605 0.000658239
4.61 0.00065682
4.615 0.000655405
4.62 0.000653995
4.625 0.00065259
4.63 0.000651189
4.635 0.000649792
4.64 0.0006484
4.645 0.000647013
4.65 0.00064563
4.655 0.000644251
4.66 0.000642877
4.665 0.000641507
4.67 0.000640142
4.675 0.00063878
4.68 0.000637424
4.685 0.000636071
4.69 0.000634723
4.695 0.000633379
4.7 0.00063204
4.705 0.000630704
4.71 0.000629373
4.715 0.000628046
4.72 0.000626724
4.725 0.000625405
4.73 0.000624091
4.735 0.00062278
4.74 0.000621474
4.745 0.000620172
4.75 0.000618874
4.755 0.00061758
4.76 0.000616291
4.765 0.000615005
4.77 0.000613723
4.775 0.000612445
4.78 0.000611171
4.785 0.000609902
4.79 0.000608636
4.795 0.000607374
4.8 0.000606116
4.805 0.000604862
4.81 0.000603612
4.815 0.000602365
4.82 0.000601123
4.825 0.000599884
4.83 0.000598649
4.835 0.000597418
4.84 0.000596191
4.845 0.000594968
4.85 0.000593748
4.855 0.000592532
4.86 0.00059132
4.865 0.000590111
4.87 0.000588906
4.875 0.000587705
4.88 0.000586508
4.885 0.000585314
4.89 0.000584124
4.895 0.000582938
4.9 0.000581755
4.905 0.000580575
4.91 0.0005794
4.915 0.000578227
4.92 0.000577059
4.925 0.000575894
4.93 0.000574732
4.935 0.000573574
4.94 0.00057242
4.945 0.000571269
4.95 0.000570121
4.955 0.000568977
4.96 0.000567836
4.965 0.000566699
4.97 0.000565565
4.975 0.000564435
4.98 0.000563308
4.985 0.000562184
4.99 0.000561064
4.995 0.000559947
5 0.000558833
5.005 0.000557723
5.01 0.000556616
5.015 0.000555512
5.02 0.000554411
5.025 0.000553314
5.03 0.00055222
5.035 0.000551129
5.04 0.000550042
5.045 0.000548958
5.05 0.000547877
5.055 0.000546799
5.06 0.000545724
5.065 0.000544653
5.07 0.000543584
5.075 0.000542519
5.08 0.000541457
5.085 0.000540398
5.09 0.000539342
5.095 0.000538289
5.1 0.00053724
5.105 0.000536193
5.11 0.000535149
5.115 0.000534109
5.12 0.000533071
5.125 0.000532037
5.13 0.000531005
5.135 0.000529977
5.14 0.000528951
5.145 0.000527929
5.15 0.000526909
5.155 0.000525892
5.16 0.000524879
5.165 0.000523868
5.17 0.00052286
5.175 0.000521855
5.18 0.000520853
5.185 0.000519854
5.19 0.000518858
5.195 0.000517864
5.2 0.000516874
5.205 0.000515886
5.21 0.000514901
5.215 0.000513919
5.22 0.00051294
5.225 0.000511963
5.23 0.00051099
5.235 0.000510019
5.24 0.00050905
5.245 0.000508085
5.25 0.000507122
5.255 0.000506162
5.26 0.000505205
5.265 0.000504251
5.27 0.000503299
5.275 0.00050235
5.28 0.000501403
5.285 0.00050046
5.29 0.000499519
5.295 0.00049858
5.3 0.000497644
5.305 0.000496711
5.31 0.000495781
5.315 0.000494853
5.32 0.000493927
5.325 0.000493005
5.33 0.000492085
5.335 0.000491167
5.34 0.000490252
5.345 0.00048934
5.35 0.00048843
5.355 0.000487522
5.36 0.000486617
5.365 0.000485715
5.37 0.000484815
5.375 0.000483918
5.38 0.000483023
5.385 0.000482131
5.39 0.000481241
5.395 0.000480353
5.4 0.000479468
5.405 0.000478586
5.41 0.000477706
5.415 0.000476828
5.42 0.000475953
5.425 0.00047508
5.43 0.000474209
5.435 0.000473341
5.44 0.000472476
5.445 0.000471612
5.45 0.000470751
5.455 0.000469893
5.46 0.000469037
5.465 0.000468183
5.47 0.000467331
5.475 0.000466482
5.48 0.000465635
5.485 0.00046479
5.49 0.000463948
5.495 0.000463108
5.5 0.00046227
5.505 0.000461435
5.51 0.000460601
5.515 0.00045977
5.52 0.000458942
5.525 0.000458115
5.53 0.000457291
5.535 0.000456469
5.54 0.000455649
5.545 0.000454831
5.55 0.000454016
5.555 0.000453203
5.56 0.000452392
5.565 0.000451583
5.57 0.000450776
5.575 0.000449971
5.58 0.000449169
5.585 0.000448369
5.59 0.000447571
5.595 0.000446775
5.6 0.000445981
5.605 0.000445189
5.61 0.000444399
5.615 0.000443612
5.62 0.000442826
5.625 0.000442043
5.63 0.000441262
5.635 0.000440482
5.64 0.000439705
5.645 0.00043893
5.65 0.000438157
5.655 0.000437386
5.66 0.000436617
5.665 0.00043585
5.67 0.000435085
5.675 0.000434322
5.68 0.000433561
5.685 0.000432802
5.69 0.000432045
5.695 0.00043129
5.7 0.000430537
5.705 0.000429786
5.71 0.000429037
5.715 0.00042829
5.72 0.000427545
5.725 0.000426802
5.73 0.000426061
5.735 0.000425321
5.74 0.000424584
5.745 0.000423848
5.75 0.000423115
5.755 0.000422383
5.76 0.000421653
5.765 0.000420925
5.77 0.000420199
5.775 0.000419475
5.78 0.000418753
5.785 0.000418033
5.79 0.000417314
5.795 0.000416597
5.8 0.000415882
5.805 0.000415169
5.81 0.000414458
5.815 0.000413749
5.82 0.000413041
5.825 0.000412336
5.83 0.000411632
5.835 0.00041093
5.84 0.000410229
5.845 0.000409531
5.85 0.000408834
5.855 0.000408139
5.86 0.000407446
5.865 0.000406754
5.87 0.000406065
5.875 0.000405377
5.88 0.000404691
5.885 0.000404006
5.89 0.000403323
5.895 0.000402642
5.9 0.000401963
5.905 0.000401286
5.91 0.00040061
5.915 0.000399936
5.92 0.000399263
5.925 0.000398593
5.93 0.000397923
5.935 0.000397256
5.94 0.00039659
5.945 0.000395926
5.95 0.000395264
5.955 0.000394603
5.96 0.000393944
5.965 0.000393287
5.97 0.000392631
5.975 0.000391977
5.98 0.000391325
5.985 0.000390674
5.99 0.000390025
5.995 0.000389377
6 0.000388731
6.005 0.000388087
6.01 0.000387444
6.015 0.000386803
6.02 0.000386163
6.025 0.000385525
6.03 0.000384889
6.035 0.000384254
6.04 0.000383621
6.045 0.000382989
6.05 0.000382359
6.055 0.00038173
6.06 0.000381103
6.065 0.000380478
6.07 0.000379854
6.075 0.000379231
6.08 0.00037861
6.085 0.000377991
6.09 0.000377373
6.095 0.000376757
6.1 0.000376142
6.105 0.000375528
6.11 0.000374917
6.115 0.000374306
6.12 0.000373697
6.125 0.00037309
6.13 0.000372484
6.135 0.00037188
6.14 0.000371277
6.145 0.000370675
6.15 0.000370075
6.155 0.000369477
6.16 0.000368879
6.165 0.000368284
6.17 0.00036769
6.175 0.000367097
6.18 0.000366505
6.185 0.000365915
6.19 0.000365327
6.195 0.00036474
6.2 0.000364154
6.205 0.00036357
6.21 0.000362987
6.215 0.000362406
6.22 0.000361825
6.225 0.000361247
6.23 0.00036067
6.235 0.000360094
6.24 0.000359519
6.245 0.000358946
6.25 0.000358374
6.255 0.000357804
6.26 0.000357235
6.265 0.000356667
6.27 0.000356101
6.275 0.000355536
6.28 0.000354972
6.285 0.00035441
6.29 0.000353849
6.295 0.000353289
6.3 0.000352731
6.305 0.000352174
6.31 0.000351618
6.315 0.000351064
6.32 0.00035051
6.325 0.000349959
6.33 0.000349408
6.335 0.000348859
6.34 0.000348311
6.345 0.000347765
6.35 0.000347219
6.355 0.000346675
6.36 0.000346133
6.365 0.000345591
6.37 0.000345051
6.375 0.000344512
6.38 0.000343974
6.385 0.000343438
6.39 0.000342903
6.395 0.000342369
6.4 0.000341836
6.405 0.000341305
6.41 0.000340775
6.415 0.000340246
6.42 0.000339718
6.425 0.000339191
6.43 0.000338666
6.435 0.000338142
6.44 0.000337619
6.445 0.000337098
6.45 0.000336577
6.455 0.000336058
6.46 0.00033554
6.465 0.000335023
6.47 0.000334508
6.475 0.000333993
6.48 0.00033348
6.485 0.000332968
6.49 0.000332457
6.495 0.000331947
6.5 0.000331439
6.505 0.000330931
6.51 0.000330425
6.515 0.00032992
6.52 0.000329416
6.525 0.000328914
6.53 0.000328412
6.535 0.000327912
6.54 0.000327412
6.545 0.000326914
6.55 0.000326417
6.555 0.000325921
6.56 0.000325426
6.565 0.000324933
6.57 0.00032444
6.575 0.000323949
6.58 0.000323459
6.585 0.000322969
6.59 0.000322481
6.595 0.000321994
6.6 0.000321509
6.605 0.000321024
6.61 0.00032054
6.615 0.000320058
6.62 0.000319576
6.625 0.000319096
6.63 0.000318617
6.635 0.000318138
6.64 0.000317661
6.645 0.000317185
6.65 0.00031671
6.655 0.000316236
6.66 0.000315763
6.665 0.000315291
6.67 0.000314821
6.675 0.000314351
6.68 0.000313882
6.685 0.000313415
6.69 0.000312948
6.695 0.000312483
6.7 0.000312018
6.705 0.000311555
6.71 0.000311092
6.715 0.000310631
6.72 0.000310171
6.725 0.000309711
6.73 0.000309253
6.735 0.000308796
6.74 0.000308339
6.745 0.000307884
6.75 0.00030743
6.755 0.000306976
6.76 0.000306524
6.765 0.000306073
6.77 0.000305623
6.775 0.000305173
6.78 0.000304725
6.785 0.000304278
6.79 0.000303831
6.795 0.000303386
6.8 0.000302942
6.805 0.000302498
6.81 0.000302056
6.815 0.000301614
6.82 0.000301174
6.825 0.000300734
6.83 0.000300296
6.835 0.000299858
6.84 0.000299422
6.845 0.000298986
6.85 0.000298551
6.855 0.000298117
6.86 0.000297685
6.865 0.000297253
6.87 0.000296822
6.875 0.000296392
6.88 0.000295963
6.885 0.000295534
6.89 0.000295107
6.895 0.000294681
6.9 0.000294256
6.905 0.000293831
6.91 0.000293408
6.915 0.000292985
6.92 0.000292563
6.925 0.000292142
6.93 0.000291723
6.935 0.000291304
6.94 0.000290885
6.945 0.000290468
6.95 0.000290052
6.955 0.000289637
6.96 0.000289222
6.965 0.000288808
6.97 0.000288396
6.975 0.000287984
6.98 0.000287573
6.985 0.000287163
6.99 0.000286754
6.995 0.000286345
7 0.000285938
7.005 0.000285531
7.01 0.000285125
7.015 0.000284721
7.02 0.000284317
7.025 0.000283913
7.03 0.000283511
7.035 0.00028311
7.04 0.000282709
7.045 0.000282309
7.05 0.00028191
7.055 0.000281512
7.06 0.000281115
7.065 0.000280719
7.07 0.000280323
7.075 0.000279929
7.08 0.000279535
7.085 0.000279142
7.09 0.00027875
7.095 0.000278358
7.1 0.000277968
7.105 0.000277578
7.11 0.000277189
7.115 0.000276801
7.12 0.000276414
7.125 0.000276027
7.13 0.000275642
7.135 0.000275257
7.14 0.000274873
7.145 0.000274489
7.15 0.000274107
7.155 0.000273725
7.16 0.000273344
7.165 0.000272964
7.17 0.000272585
7.175 0.000272207
7.18 0.000271829
7.185 0.000271452
7.19 0.000271076
7.195 0.000270701
7.2 0.000270326
7.205 0.000269952
7.21 0.000269579
7.215 0.000269207
7.22 0.000268836
7.225 0.000268465
7.23 0.000268095
7.235 0.000267726
7.24 0.000267358
7.245 0.00026699
7.25 0.000266623
7.255 0.000266257
7.26 0.000265892
7.265 0.000265527
7.27 0.000265163
7.275 0.0002648
7.28 0.000264438
7.285 0.000264076
7.29 0.000263715
7.295 0.000263355
7.3 0.000262995
7.305 0.000262637
7.31 0.000262279
7.315 0.000261922
7.32 0.000261565
7.325 0.000261209
7.33 0.000260854
7.335 0.0002605
7.34 0.000260146
7.345 0.000259794
7.35 0.000259441
7.355 0.00025909
7.36 0.000258739
7.365 0.000258389
7.37 0.00025804
7.375 0.000257691
7.38 0.000257344
7.385 0.000256996
7.39 0.00025665
7.395 0.000256304
7.4 0.000255959
7.405 0.000255615
7.41 0.000255271
7.415 0.000254928
7.42 0.000254586
7.425 0.000254244
7.43 0.000253903
7.435 0.000253563
7.44 0.000253223
7.445 0.000252884
7.45 0.000252546
7.455 0.000252209
7.46 0.000251872
7.465 0.000251536
7.47 0.0002512
7.475 0.000250865
7.48 0.000250531
7.485 0.000250198
7.49 0.000249865
7.495 0.000249533
7.5 0.000249201
7.505 0.00024887
7.51 0.00024854
7.515 0.000248211
7.52 0.000247882
7.525 0.000247553
7.53 0.000247226
7.535 0.000246899
7.54 0.000246573
7.545 0.000246247
7.55 0.000245922
7.555 0.000245598
7.56 0.000245274
7.565 0.000244951
7.57 0.000244629
7.575 0.000244307
7.58 0.000243986
7.585 0.000243665
7.59 0.000243345
7.595 0.000243026
7.6 0.000242707
7.605 0.000242389
7.61 0.000242072
7.615 0.000241755
7.62 0.000241439
7.625 0.000241124
7.63 0.000240809
7.635 0.000240494
7.64 0.000240181
7.645 0.000239868
7.65 0.000239555
7.655 0.000239243
7.66 0.000238932
7.665 0.000238622
7.67 0.000238312
7.675 0.000238002
7.68 0.000237693
7.685 0.000237385
7.69 0.000237078
7.695 0.000236771
7.7 0.000236464
7.705 0.000236158
7.71 0.000235853
7.715 0.000235549
7.72 0.000235245
7.725 0.000234941
7.73 0.000234638
7.735 0.000234336
7.74 0.000234034
7.745 0.000233733
7.75 0.000233433
7.755 0.000233133
7.76 0.000232833
7.765 0.000232534
7.77 0.000232236
7.775 0.000231939
7.78 0.000231642
7.785 0.000231345
7.79 0.000231049
7.795 0.000230754
7.8 0.000230459
7.805 0.000230165
7.81 0.000229871
7.815 0.000229578
7.82 0.000229285
7.825 0.000228993
7.83 0.000228702
7.835 0.000228411
7.84 0.000228121
7.845 0.000227831
7.85 0.000227542
7.855 0.000227253
7.86 0.000226965
7.865 0.000226677
7.87 0.00022639
7.875 0.000226104
7.88 0.000225818
7.885 0.000225532
7.89 0.000225248
7.895 0.000224963
7.9 0.000224679
7.905 0.000224396
7.91 0.000224113
7.915 0.000223831
7.92 0.00022355
7.925 0.000223268
7.93 0.000222988
7.935 0.000222708
7.94 0.000222428
7.945 0.000222149
7.95 0.000221871
7.955 0.000221593
7.96 0.000221315
7.965 0.000221039
7.97 0.000220762
7.975 0.000220486
7.98 0.000220211
7.985 0.000219936
7.99 0.000219662
7.995 0.000219388
8 0.000219115
8.005 0.000218842
8.01 0.00021857
8.015 0.000218298
8.02 0.000218026
8.025 0.000217756
8.03 0.000217485
8.035 0.000217216
8.04 0.000216946
8.045 0.000216678
8.05 0.000216409
8.055 0.000216142
8.06 0.000215874
8.065 0.000215608
8.07 0.000215341
8.075 0.000215076
8.08 0.00021481
8.085 0.000214546
8.09 0.000214281
8.095 0.000214017
8.1 0.000213754
8.105 0.000213491
8.11 0.000213229
8.115 0.000212967
8.12 0.000212706
8.125 0.000212445
8.13 0.000212184
8.135 0.000211924
8.14 0.000211665
8.145 0.000211406
8.15 0.000211147
8.155 0.000210889
8.16 0.000210632
8.165 0.000210374
8.17 0.000210118
8.175 0.000209862
8.18 0.000209606
8.185 0.000209351
8.19 0.000209096
8.195 0.000208842
8.2 0.000208588
8.205 0.000208334
8.21 0.000208081
8.215 0.000207829
8.22 0.000207577
8.225 0.000207325
8.23 0.000207074
8.235 0.000206824
8.24 0.000206574
8.245 0.000206324
8.25 0.000206075
8.255 0.000205826
8.26 0.000205577
8.265 0.00020533
8.27 0.000205082
8.275 0.000204835
8.28 0.000204588
8.285 0.000204342
8.29 0.000204097
8.295 0.000203851
8.3 0.000203607
8.305 0.000203362
8.31 0.000203118
8.315 0.000202875
8.32 0.000202632
8.325 0.000202389
8.33 0.000202147
8.335 0.000201905
8.34 0.000201664
8.345 0.000201423
8.35 0.000201183
8.355 0.000200943
8.36 0.000200703
8.365 0.000200464
8.37 0.000200225
8.375 0.000199987
8.38 0.000199749
8.385 0.000199512
8.39 0.000199274
8.395 0.000199038
8.4 0.000198802
8.405 0.000198566
8.41 0.000198331
8.415 0.000198096
8.42 0.000197861
8.425 0.000197627
8.43 0.000197393
8.435 0.00019716
8.44 0.000196927
8.445 0.000196695
8.45 0.000196463
8.455 0.000196231
8.46 0.000196
8.465 0.000195769
8.47 0.000195539
8.475 0.000195309
8.48 0.000195079
8.485 0.00019485
8.49 0.000194621
8.495 0.000194393
8.5 0.000194165
8.505 0.000193937
8.51 0.00019371
8.515 0.000193483
8.52 0.000193257
8.525 0.000193031
8.53 0.000192805
8.535 0.00019258
8.54 0.000192356
8.545 0.000192131
8.55 0.000191907
8.555 0.000191683
8.56 0.00019146
8.565 0.000191237
8.57 0.000191015
8.575 0.000190793
8.58 0.000190571
8.585 0.00019035
8.59 0.000190129
8.595 0.000189909
8.6 0.000189688
8.605 0.000189469
8.61 0.000189249
8.615 0.00018903
8.62 0.000188812
8.625 0.000188594
8.63 0.000188376
8.635 0.000188158
8.64 0.000187941
8.645 0.000187724
8.65 0.000187508
8.655 0.000187292
8.66 0.000187076
8.665 0.000186861
8.67 0.000186646
8.675 0.000186432
8.68 0.000186218
8.685 0.000186004
8.69 0.000185791
8.695 0.000185578
8.7 0.000185365
8.705 0.000185153
8.71 0.000184941
8.715 0.000184729
8.72 0.000184518
8.725 0.000184307
8.73 0.000184097
8.735 0.000183887
8.74 0.000183677
8.745 0.000183468
8.75 0.000183259
8.755 0.00018305
8.76 0.000182842
8.765 0.000182634
8.77 0.000182426
8.775 0.000182219
8.78 0.000182012
8.785 0.000181805
8.79 0.000181599
8.795 0.000181393
8.8 0.000181188
8.805 0.000180983
8.81 0.000180778
8.815 0.000180573
8.82 0.000180369
8.825 0.000180166
8.83 0.000179962
8.835 0.000179759
8.84 0.000179556
8.845 0.000179354
8.85 0.000179152
8.855 0.00017895
8.86 0.000178749
8.865 0.000178548
8.87 0.000178347
8.875 0.000178147
8.88 0.000177947
8.885 0.000177747
8.89 0.000177548
8.895 0.000177349
8.9 0.00017715
8.905 0.000176952
8.91 0.000176754
8.915 0.000176556
8.92 0.000176359
8.925 0.000176162
8.93 0.000175965
8.935 0.000175769
8.94 0.000175573
8.945 0.000175377
8.95 0.000175182
8.955 0.000174987
8.96 0.000174792
8.965 0.000174598
8.97 0.000174404
8.975 0.00017421
8.98 0.000174016
8.985 0.000173823
8.99 0.00017363
8.995 0.000173438
9 0.000173246
9.005 0.000173054
9.01 0.000172863
9.015 0.000172671
9.02 0.000172481
9.025 0.00017229
9.03 0.0001721
9.035 0.00017191
9.04 0.00017172
9.045 0.000171531
9.05 0.000171342
9.055 0.000171153
9.06 0.000170965
9.065 0.000170777
9.07 0.000170589
9.075 0.000170402
9.08 0.000170215
9.085 0.000170028
9.09 0.000169841
9.095 0.000169655
9.1 0.000169469
9.105 0.000169284
9.11 0.000169099
9.115 0.000168914
9.12 0.000168729
9.125 0.000168545
9.13 0.00016836
9.135 0.000168177
9.14 0.000167993
9.145 0.00016781
9.15 0.000167627
9.155 0.000167445
9.16 0.000167262
9.165 0.00016708
9.17 0.000166899
9.175 0.000166717
9.18 0.000166536
9.185 0.000166356
9.19 0.000166175
9.195 0.000165995
9.2 0.000165815
9.205 0.000165635
9.21 0.000165456
9.215 0.000165277
9.22 0.000165098
9.225 0.00016492
9.23 0.000164742
9.235 0.000164564
9.24 0.000164386
9.245 0.000164209
9.25 0.000164032
9.255 0.000163855
9.26 0.000163679
9.265 0.000163503
9.27 0.000163327
9.275 0.000163151
9.28 0.000162976
9.285 0.000162801
9.29 0.000162626
9.295 0.000162452
9.3 0.000162278
9.305 0.000162104
9.31 0.00016193
9.315 0.000161757
9.32 0.000161584
9.325 0.000161411
9.33 0.000161238
9.335 0.000161066
9.34 0.000160894
9.345 0.000160723
9.35 0.000160551
9.355 0.00016038
9.36 0.000160209
9.365 0.000160039
9.37 0.000159868
9.375 0.000159698
9.38 0.000159528
9.385 0.000159359
9.39 0.00015919
9.395 0.000159021
9.4 0.000158852
9.405 0.000158684
9.41 0.000158516
9.415 0.000158348
9.42 0.00015818
9.425 0.000158013
9.43 0.000157846
9.435 0.000157679
9.44 0.000157512
9.445 0.000157346
9.45 0.00015718
9.455 0.000157014
9.46 0.000156849
9.465 0.000156683
9.47 0.000156518
9.475 0.000156354
9.48 0.000156189
9.485 0.000156025
9.49 0.000155861
9.495 0.000155697
9.5 0.000155534
9.505 0.000155371
9.51 0.000155208
9.515 0.000155045
9.52 0.000154883
9.525 0.000154721
9.53 0.000154559
9.535 0.000154397
9.54 0.000154236
9.545 0.000154075
9.55 0.000153914
9.555 0.000153753
9.56 0.000153593
9.565 0.000153433
9.57 0.000153273
9.575 0.000153113
9.58 0.000152954
9.585 0.000152795
9.59 0.000152636
9.595 0.000152477
9.6 0.000152319
9.605 0.000152161
9.61 0.000152003
9.615 0.000151845
9.62 0.000151688
9.625 0.000151531
9.63 0.000151374
9.635 0.000151217
9.64 0.00015106
9.645 0.000150904
9.65 0.000150748
9.655 0.000150593
9.66 0.000150437
9.665 0.000150282
9.67 0.000150127
9.675 0.000149972
9.68 0.000149818
9.685 0.000149664
9.69 0.00014951
9.695 0.000149356
9.7 0.000149202
9.705 0.000149049
9.71 0.000148896
9.715 0.000148743
9.72 0.00014859
9.725 0.000148438
9.73 0.000148286
9.735 0.000148134
9.74 0.000147982
9.745 0.000147831
9.75 0.00014768
9.755 0.000147529
9.76 0.000147378
9.765 0.000147227
9.77 0.000147077
9.775 0.000146927
9.78 0.000146777
9.785 0.000146628
9.79 0.000146478
9.795 0.000146329
9.8 0.00014618
9.805 0.000146032
9.81 0.000145883
9.815 0.000145735
9.82 0.000145587
9.825 0.000145439
9.83 0.000145292
9.835 0.000145144
9.84 0.000144997
9.845 0.00014485
9.85 0.000144704
9.855 0.000144557
9.86 0.000144411
9.865 0.000144265
9.87 0.000144119
9.875 0.000143974
9.88 0.000143828
9.885 0.000143683
9.89 0.000143538
9.895 0.000143394
9.9 0.000143249
9.905 0.000143105
9.91 0.000142961
9.915 0.000142817
9.92 0.000142674
9.925 0.00014253
9.93 0.000142387
9.935 0.000142244
9.94 0.000142102
9.945 0.000141959
9.95 0.000141817
9.955 0.000141675
9.96 0.000141533
9.965 0.000141391
9.97 0.00014125
9.975 0.000141108
9.98 0.000140967
9.985 0.000140827
9.99 0.000140686
9.995 0.000140546
