0 -nan
0.005 0.265379
0.01 0.21754
0.015 0.564114
0.02 0.0684858
0.025 0.555429
0.03 0.265056
0.035 0.0513196
0.04 0.438254
0.045 0.0794617
0.05 0.270005
0.055 0.125611
0.06 0.275856
0.065 0.522137
0.07 0.315218
0.075 0.0146916
0.08 0.0378685
0.085 0.0301471
0.09 0.291159
0.095 0.904387
0.1 0.463103
0.105 0.251156
0.11 0.887468
0.115 0.137604
0.12 0.828334
0.125 0.408423
0.13 0.324078
0.135 0.971484
0.14 0.172802
0.145 0.361082
0.15 0.977976
0.155 0.47155
0.16 0.0500111
0.165 0.539127
0.17 0.957698
0.175 0.629529
0.18 0.119048
0.185 0.121795
0.19 0.567255
0.195 0.909501
0.2 0.817644
0.205 0.426398
0.21 0.0943292
0.215 0.0629703
0.22 0.314819
0.225 0.653304
0.23 0.868688
0.235 0.858578
0.24 0.653347
0.245 0.368282
0.25 0.13171
0.255 0.029389
0.26 0.08227
0.265 0.254547
0.27 0.478721
0.275 0.683562
0.28 0.815261
0.285 0.847835
0.29 0.783419
0.295 0.64561
0.3 0.469677
0.305 0.292843
0.31 0.146708
0.315 0.0526888
0.32 0.0204512
0.325 0.0487297
0.33 0.127693
0.335 0.242034
0.34 0.374093
0.345 0.50657
0.35 0.624539
0.355 0.71672
0.36 0.776026
0.365 0.799533
0.37 0.788015
0.375 0.745218
0.38 0.677008
0.385 0.59051
0.39 0.493324
0.395 0.392864
0.4 0.295856
0.405 0.207976
0.41 0.133655
0.415 0.0759949
0.42 0.0367956
0.425 0.0166551
0.43 0.0151246
0.435 0.030894
0.44 0.0619894
0.445 0.10597
0.45 0.160109
0.455 0.221563
0.46 0.287506
0.465 0.355244
0.47 0.422307
0.475 0.486506
0.48 0.545975
0.485 0.599196
0.49 0.644997
0.495 0.682545
0.5 0.711329
0.505 0.731129
0.51 0.741984
0.515 0.744162
0.52 0.738115
0.525 0.724451
0.53 0.703892
0.535 0.677248
0.54 0.645383
0.545 0.609188
0.55 0.569561
0.555 0.527385
0.56 0.48351
0.565 0.438743
0.57 0.393835
0.575 0.349475
0.58 0.306283
0.585 0.264808
0.59 0.225526
0.595 0.188842
0.6 0.155089
0.605 0.124533
0.61 0.0973747
0.615 0.0737543
0.62 0.0537567
0.625 0.0374156
0.63 0.0247186
0.635 0.0156125
0.64 0.0100081
0.645 0.00778501
0.65 0.00879672
0.655 0.0128747
0.66 0.0198326
0.665 0.0294705
0.67 0.041578
0.675 0.0559378
0.68 0.0723286
0.685 0.0905276
0.69 0.110313
0.695 0.131466
0.7 0.153773
0.705 0.177026
0.71 0.201024
0.715 0.225575
0.72 0.250499
0.725 0.275621
0.73 0.30078
0.735 0.325826
0.74 0.350617
0.745 0.375026
0.75 0.398934
0.755 0.422234
0.76 0.444829
0.765 0.466634
0.77 0.487572
0.775 0.507578
0.78 0.526594
0.785 0.544573
0.79 0.561474
0.795 0.577265
0.8 0.591923
0.805 0.60543
0.81 0.617774
0.815 0.628952
0.82 0.638964
0.825 0.647815
0.83 0.655516
0.835 0.662081
0.84 0.667529
0.845 0.671882
0.85 0.675164
0.855 0.677403
0.86 0.678629
0.865 0.678874
0.87 0.678171
0.875 0.676556
0.88 0.674065
0.885 0.670734
0.89 0.666603
0.895 0.661708
0.9 0.656091
0.905 0.649788
0.91 0.642839
0.915 0.635282
0.92 0.627157
0.925 0.618501
0.93 0.609351
0.935 0.599745
0.94 0.589718
0.945 0.579307
0.95 0.568545
0.955 0.557466
0.96 0.546103
0.965 0.534488
0.97 0.522652
0.975 0.510624
0.98 0.498433
0.985 0.486106
0.99 0.47367
0.995 0.461151
1 0.448572
1.005 0.435958
1.01 0.423329
1.015 0.410708
1.02 0.398115
1.025 0.385568
1.03 0.373086
1.035 0.360685
1.04 0.348382
1.045 0.336192
1.05 0.324129
1.055 0.312206
1.06 0.300436
1.065 0.28883
1.07 0.2774
1.075 0.266154
1.08 0.255103
1.085 0.244254
1.09 0.233615
1.095 0.223194
1.1 0.212997
1.105 0.203029
1.11 0.193296
1.115 0.183801
1.12 0.17455
1.125 0.165545
1.13 0.15679
1.135 0.148286
1.14 0.140036
1.145 0.132042
1.15 0.124304
1.155 0.116823
1.16 0.1096
1.165 0.102634
1.17 0.0959256
1.175 0.0894737
1.18 0.0832775
1.185 0.0773357
1.19 0.0716469
1.195 0.0662093
1.2 0.061021
1.205 0.0560798
1.21 0.0513834
1.215 0.0469293
1.22 0.0427146
1.225 0.0387367
1.23 0.0349924
1.235 0.0314787
1.24 0.0281923
1.245 0.0251297
1.25 0.0222876
1.255 0.0196624
1.26 0.0172505
1.265 0.0150481
1.27 0.0130516
1.275 0.011257
1.28 0.00966051
1.285 0.00825827
1.29 0.0070463
1.295 0.00602066
1.3 0.00517737
1.305 0.00451244
1.31 0.00402187
1.315 0.00370166
1.32 0.00354781
1.325 0.00355633
1.33 0.00372325
1.335 0.00404458
1.34 0.0045164
1.345 0.00513477
1.35 0.0058958
1.355 0.00679562
1.36 0.00783039
1.365 0.00899631
1.37 0.0102896
1.375 0.0117066
1.38 0.0132435
1.385 0.0148967
1.39 0.0166627
1.395 0.0185378
1.4 0.0205185
1.405 0.0226015
1.41 0.0247832
1.415 0.0270604
1.42 0.0294297
1.425 0.0318879
1.43 0.0344317
1.435 0.037058
1.44 0.0397638
1.445 0.0425459
1.45 0.0454014
1.455 0.0483274
1.46 0.0513209
1.465 0.0543792
1.47 0.0574995
1.475 0.0606791
1.48 0.0639153
1.485 0.0672055
1.49 0.0705471
1.495 0.0739378
1.5 0.077375
1.505 0.0808563
1.51 0.0843794
1.515 0.0879421
1.52 0.091542
1.525 0.0951771
1.53 0.0988452
1.535 0.102544
1.54 0.106272
1.545 0.110027
1.55 0.113807
1.555 0.11761
1.56 0.121434
1.565 0.125277
1.57 0.129139
1.575 0.133016
1.58 0.136908
1.585 0.140813
1.59 0.144728
1.595 0.148654
1.6 0.152588
1.605 0.156528
1.61 0.160474
1.615 0.164424
1.62 0.168377
1.625 0.172332
1.63 0.176286
1.635 0.18024
1.64 0.184191
1.645 0.188139
1.65 0.192083
1.655 0.196021
1.66 0.199953
1.665 0.203877
1.67 0.207793
1.675 0.2117
1.68 0.215596
1.685 0.219481
1.69 0.223354
1.695 0.227215
1.7 0.231062
1.705 0.234894
1.71 0.238712
1.715 0.242514
1.72 0.246299
1.725 0.250067
1.73 0.253818
1.735 0.25755
1.74 0.261264
1.745 0.264958
1.75 0.268632
1.755 0.272286
1.76 0.275918
1.765 0.27953
1.77 0.283119
1.775 0.286686
1.78 0.29023
1.785 0.293752
1.79 0.297249
1.795 0.300723
1.8 0.304173
1.805 0.307599
1.81 0.310999
1.815 0.314375
1.82 0.317725
1.825 0.321049
1.83 0.324348
1.835 0.327621
1.84 0.330867
1.845 0.334087
1.85 0.33728
1.855 0.340447
1.86 0.343586
1.865 0.346699
1.87 0.349784
1.875 0.352841
1.88 0.355871
1.885 0.358874
1.89 0.361848
1.895 0.364795
1.9 0.367714
1.905 0.370606
1.91 0.373469
1.915 0.376304
1.92 0.379111
1.925 0.38189
1.93 0.384641
1.935 0.387364
1.94 0.390058
1.945 0.392725
1.95 0.395363
1.955 0.397973
1.96 0.400556
1.965 0.40311
1.97 0.405636
1.975 0.408134
1.98 0.410605
1.985 0.413047
1.99 0.415462
1.995 0.417849
2 0.420208
2.005 0.42254
2.01 0.424844
2.015 0.427121
2.02 0.429371
2.025 0.431593
2.03 0.433788
2.035 0.435956
2.04 0.438097
2.045 0.440212
2.05 0.442299
2.055 0.44436
2.06 0.446395
2.065 0.448403
2.07 0.450385
2.075 0.452341
2.08 0.454271
2.085 0.456175
2.09 0.458054
2.095 0.459907
2.1 0.461734
2.105 0.463536
2.11 0.465313
2.115 0.467065
2.12 0.468793
2.125 0.470495
2.13 0.472173
2.135 0.473827
2.14 0.475456
2.145 0.477061
2.15 0.478642
2.155 0.4802
2.16 0.481734
2.165 0.483244
2.17 0.484731
2.175 0.486195
2.18 0.487637
2.185 0.489055
2.19 0.49045
2.195 0.491823
2.2 0.493174
2.205 0.494503
2.21 0.495809
2.215 0.497094
2.22 0.498357
2.225 0.499599
2.23 0.500819
2.235 0.502018
2.24 0.503197
2.245 0.504354
2.25 0.505491
2.255 0.506607
2.26 0.507703
2.265 0.508778
2.27 0.509834
2.275 0.51087
2.28 0.511886
2.285 0.512882
2.29 0.51386
2.295 0.514818
2.3 0.515757
2.305 0.516677
2.31 0.517579
2.315 0.518462
2.32 0.519327
2.325 0.520173
2.33 0.521002
2.335 0.521813
2.34 0.522605
2.345 0.523381
2.35 0.524139
2.355 0.52488
2.36 0.525603
2.365 0.52631
2.37 0.527
2.375 0.527674
2.38 0.528331
2.385 0.528971
2.39 0.529596
2.395 0.530204
2.4 0.530797
2.405 0.531374
2.41 0.531936
2.415 0.532482
2.42 0.533013
2.425 0.533529
2.43 0.53403
2.435 0.534516
2.44 0.534987
2.445 0.535444
2.45 0.535887
2.455 0.536316
2.46 0.53673
2.465 0.53713
2.47 0.537517
2.475 0.53789
2.48 0.53825
2.485 0.538596
2.49 0.538929
2.495 0.539249
2.5 0.539556
2.505 0.53985
2.51 0.540131
2.515 0.5404
2.52 0.540657
2.525 0.540901
2.53 0.541133
2.535 0.541353
2.54 0.541561
2.545 0.541757
2.55 0.541942
2.555 0.542115
2.56 0.542276
2.565 0.542427
2.57 0.542566
2.575 0.542694
2.58 0.542811
2.585 0.542918
2.59 0.543014
2.595 0.543099
2.6 0.543174
2.605 0.543238
2.61 0.543293
2.615 0.543337
2.62 0.543371
2.625 0.543395
2.63 0.54341
2.635 0.543415
2.64 0.54341
2.645 0.543396
2.65 0.543372
2.655 0.54334
2.66 0.543298
2.665 0.543247
2.67 0.543188
2.675 0.543119
2.68 0.543042
2.685 0.542956
2.69 0.542862
2.695 0.542759
2.7 0.542648
2.705 0.542529
2.71 0.542402
2.715 0.542266
2.72 0.542123
2.725 0.541972
2.73 0.541813
2.735 0.541647
2.74 0.541473
2.745 0.541291
2.75 0.541102
2.755 0.540906
2.76 0.540703
2.765 0.540493
2.77 0.540275
2.775 0.540051
2.78 0.53982
2.785 0.539582
2.79 0.539337
2.795 0.539086
2.8 0.538829
2.805 0.538564
2.81 0.538294
2.815 0.538017
2.82 0.537734
2.825 0.537445
2.83 0.53715
2.835 0.536849
2.84 0.536542
2.845 0.53623
2.85 0.535911
2.855 0.535587
2.86 0.535258
2.865 0.534923
2.87 0.534582
2.875 0.534236
2.88 0.533885
2.885 0.533528
2.89 0.533167
2.895 0.5328
2.9 0.532428
2.905 0.532052
2.91 0.53167
2.915 0.531284
2.92 0.530893
2.925 0.530497
2.93 0.530097
2.935 0.529692
2.94 0.529282
2.945 0.528868
2.95 0.52845
2.955 0.528027
2.96 0.5276
2.965 0.527169
2.97 0.526734
2.975 0.526295
2.98 0.525851
2.985 0.525404
2.99 0.524953
2.995 0.524498
3 0.524039
3.005 0.523577
3.01 0.52311
3.015 0.522641
3.02 0.522167
3.025 0.52169
3.03 0.52121
3.035 0.520726
3.04 0.520239
3.045 0.519748
3.05 0.519254
3.055 0.518757
3.06 0.518257
3.065 0.517754
3.07 0.517247
3.075 0.516738
3.08 0.516225
3.085 0.51571
3.09 0.515192
3.095 0.514671
3.1 0.514147
3.105 0.51362
3.11 0.513091
3.115 0.512559
3.12 0.512024
3.125 0.511487
3.13 0.510947
3.135 0.510405
3.14 0.50986
3.145 0.509313
3.15 0.508764
3.155 0.508212
3.16 0.507658
3.165 0.507101
3.17 0.506543
3.175 0.505982
3.18 0.505419
3.185 0.504854
3.19 0.504287
3.195 0.503718
3.2 0.503147
3.205 0.502574
3.21 0.501999
3.215 0.501422
3.22 0.500844
3.225 0.500263
3.23 0.499681
3.235 0.499097
3.24 0.498511
3.245 0.497924
3.25 0.497335
3.255 0.496744
3.26 0.496152
3.265 0.495558
3.27 0.494963
3.275 0.494366
3.28 0.493768
3.285 0.493168
3.29 0.492567
3.295 0.491965
3.3 0.491361
3.305 0.490756
3.31 0.49015
3.315 0.489542
3.32 0.488934
3.325 0.488324
3.33 0.487712
3.335 0.4871
3.34 0.486487
3.345 0.485872
3.35 0.485257
3.355 0.48464
3.36 0.484022
3.365 0.483404
3.37 0.482784
3.375 0.482164
3.38 0.481542
3.385 0.48092
3.39 0.480297
3.395 0.479673
3.4 0.479048
3.405 0.478422
3.41 0.477796
3.415 0.477169
3.42 0.476541
3.425 0.475912
3.43 0.475283
3.435 0.474653
3.44 0.474023
3.445 0.473391
3.45 0.47276
3.455 0.472127
3.46 0.471494
3.465 0.470861
3.47 0.470227
3.475 0.469593
3.48 0.468958
3.485 0.468322
3.49 0.467687
3.495 0.46705
3.5 0.466414
3.505 0.465777
3.51 0.465139
3.515 0.464502
3.52 0.463864
3.525 0.463225
3.53 0.462587
3.535 0.461948
3.54 0.461308
3.545 0.460669
3.55 0.460029
3.555 0.459389
3.56 0.458749
3.565 0.458109
3.57 0.457469
3.575 0.456828
3.58 0.456187
3.585 0.455547
3.59 0.454906
3.595 0.454265
3.6 0.453624
3.605 0.452982
3.61 0.452341
3.615 0.4517
3.62 0.451059
3.625 0.450418
3.63 0.449776
3.635 0.449135
3.64 0.448494
3.645 0.447853
3.65 0.447212
3.655 0.446571
3.66 0.44593
3.665 0.445289
3.67 0.444649
3.675 0.444008
3.68 0.443368
3.685 0.442727
3.69 0.442087
3.695 0.441447
3.7 0.440808
3.705 0.440168
3.71 0.439529
3.715 0.43889
3.72 0.438251
3.725 0.437612
3.73 0.436974
3.735 0.436335
3.74 0.435698
3.745 0.43506
3.75 0.434423
3.755 0.433786
3.76 0.433149
3.765 0.432513
3.77 0.431876
3.775 0.431241
3.78 0.430605
3.785 0.42997
3.79 0.429336
3.795 0.428701
3.8 0.428068
3.805 0.427434
3.81 0.426801
3.815 0.426168
3.82 0.425536
3.825 0.424904
3.83 0.424273
3.835 0.423642
3.84 0.423011
3.845 0.422381
3.85 0.421751
3.855 0.421122
3.86 0.420494
3.865 0.419866
3.87 0.419238
3.875 0.418611
3.88 0.417984
3.885 0.417358
3.89 0.416732
3.895 0.416107
3.9 0.415483
3.905 0.414859
3.91 0.414235
3.915 0.413612
3.92 0.41299
3.925 0.412368
3.93 0.411747
3.935 0.411126
3.94 0.410506
3.945 0.409887
3.95 0.409268
3.955 0.408649
3.96 0.408032
3.965 0.407415
3.97 0.406798
3.975 0.406183
3.98 0.405567
3.985 0.404953
3.99 0.404339
3.995 0.403726
4 0.403113
4.005 0.402501
4.01 0.40189
4.015 0.401279
4.02 0.400669
4.025 0.40006
4.03 0.399451
4.035 0.398844
4.04 0.398236
4.045 0.39763
4.05 0.397024
4.055 0.396419
4.06 0.395814
4.065 0.395211
4.07 0.394608
4.075 0.394005
4.08 0.393404
4.085 0.392803
4.09 0.392203
4.095 0.391603
4.1 0.391005
4.105 0.390407
4.11 0.38981
4.115 0.389213
4.12 0.388618
4.125 0.388023
4.13 0.387428
4.135 0.386835
4.14 0.386242
4.145 0.38565
4.15 0.385059
4.155 0.384469
4.16 0.383879
4.165 0.38329
4.17 0.382702
4.175 0.382115
4.18 0.381529
4.185 0.380943
4.19 0.380358
4.195 0.379774
4.2 0.379191
4.205 0.378608
4.21 0.378027
4.215 0.377446
4.22 0.376866
4.225 0.376286
4.23 0.375708
4.235 0.37513
4.24 0.374553
4.245 0.373977
4.25 0.373402
4.255 0.372827
4.26 0.372254
4.265 0.371681
4.27 0.371109
4.275 0.370538
4.28 0.369968
4.285 0.369398
4.29 0.36883
4.295 0.368262
4.3 0.367695
4.305 0.367129
4.31 0.366563
4.315 0.365999
4.32 0.365435
4.325 0.364873
4.33 0.364311
4.335 0.36375
4.34 0.363189
4.345 0.36263
4.35 0.362071
4.355 0.361514
4.36 0.360957
4.365 0.360401
4.37 0.359846
4.375 0.359291
4.38 0.358738
4.385 0.358185
4.39 0.357634
4.395 0.357083
4.4 0.356533
4.405 0.355984
4.41 0.355435
4.415 0.354888
4.42 0.354341
4.425 0.353796
4.43 0.353251
4.435 0.352707
4.44 0.352164
4.445 0.351622
4.45 0.35108
4.455 0.35054
4.46 0.35
4.465 0.349461
4.47 0.348924
4.475 0.348387
4.48 0.34785
4.485 0.347315
4.49 0.346781
4.495 0.346247
4.5 0.345714
4.505 0.345183
4.51 0.344652
4.515 0.344122
4.52 0.343593
4.525 0.343064
4.53 0.342537
4.535 0.34201
4.54 0.341485
4.545 0.34096
4.55 0.340436
4.555 0.339913
4.56 0.339391
4.565 0.338869
4.57 0.338349
4.575 0.337829
4.58 0.337311
4.585 0.336793
4.59 0.336276
4.595 0.33576
4.6 0.335244
4.605 0.33473
4.61 0.334217
4.615 0.333704
4.62 0.333192
4.625 0.332682
4.63 0.332172
4.635 0.331663
4.64 0.331154
4.645 0.330647
4.65 0.33014
4.655 0.329635
4.66 0.32913
4.665 0.328626
4.67 0.328123
4.675 0.327621
4.68 0.32712
4.685 0.32662
4.69 0.32612
4.695 0.325621
4.7 0.325124
4.705 0.324627
4.71 0.324131
4.715 0.323636
4.72 0.323141
4.725 0.322648
4.73 0.322155
4.735 0.321663
4.74 0.321173
4.745 0.320683
4.75 0.320194
4.755 0.319705
4.76 0.319218
4.765 0.318731
4.77 0.318246
4.775 0.317761
4.78 0.317277
4.785 0.316794
4.79 0.316312
4.795 0.31583
4.8 0.31535
4.805 0.31487
4.81 0.314391
4.815 0.313913
4.82 0.313436
4.825 0.31296
4.83 0.312485
4.835 0.31201
4.84 0.311536
4.845 0.311064
4.85 0.310592
4.855 0.31012
4.86 0.30965
4.865 0.309181
4.87 0.308712
4.875 0.308244
4.88 0.307777
4.885 0.307311
4.89 0.306846
4.895 0.306382
4.9 0.305918
4.905 0.305456
4.91 0.304994
4.915 0.304533
4.92 0.304073
4.925 0.303613
4.93 0.303155
4.935 0.302697
4.94 0.30224
4.945 0.301784
4.95 0.301329
4.955 0.300875
4.96 0.300421
4.965 0.299968
4.97 0.299517
4.975 0.299066
4.98 0.298615
4.985 0.298166
4.99 0.297717
4.995 0.29727
5 0.296823
5.005 0.296377
5.01 0.295931
5.015 0.295487
5.02 0.295043
5.025 0.294601
5.03 0.294159
5.035 0.293717
5.04 0.293277
5.045 0.292837
5.05 0.292399
5.055 0.291961
5.06 0.291524
5.065 0.291087
5.07 0.290652
5.075 0.290217
5.08 0.289783
5.085 0.28935
5.09 0.288918
5.095 0.288486
5.1 0.288056
5.105 0.287626
5.11 0.287197
5.115 0.286768
5.12 0.286341
5.125 0.285914
5.13 0.285488
5.135 0.285063
5.14 0.284639
5.145 0.284215
5.15 0.283792
5.155 0.28337
5.16 0.282949
5.165 0.282529
5.17 0.282109
5.175 0.28169
5.18 0.281272
5.185 0.280855
5.19 0.280439
5.195 0.280023
5.2 0.279608
5.205 0.279194
5.21 0.27878
5.215 0.278368
5.22 0.277956
5.225 0.277545
5.23 0.277135
5.235 0.276725
5.24 0.276316
5.245 0.275908
5.25 0.275501
5.255 0.275095
5.26 0.274689
5.265 0.274284
5.27 0.27388
5.275 0.273476
5.28 0.273074
5.285 0.272672
5.29 0.27227
5.295 0.27187
5.3 0.27147
5.305 0.271072
5.31 0.270673
5.315 0.270276
5.32 0.269879
5.325 0.269483
5.33 0.269088
5.335 0.268694
5.34 0.2683
5.345 0.267907
5.35 0.267515
5.355 0.267123
5.36 0.266733
5.365 0.266343
5.37 0.265953
5.375 0.265565
5.38 0.265177
5.385 0.26479
5.39 0.264404
5.395 0.264018
5.4 0.263633
5.405 0.263249
5.41 0.262866
5.415 0.262483
5.42 0.262101
5.425 0.26172
5.43 0.261339
5.435 0.260959
5.44 0.26058
5.445 0.260202
5.45 0.259824
5.455 0.259447
5.46 0.259071
5.465 0.258695
5.47 0.25832
5.475 0.257946
5.48 0.257573
5.485 0.2572
5.49 0.256828
5.495 0.256457
5.5 0.256086
5.505 0.255716
5.51 0.255347
5.515 0.254978
5.52 0.25461
5.525 0.254243
5.53 0.253877
5.535 0.253511
5.54 0.253146
5.545 0.252782
5.55 0.252418
5.555 0.252055
5.56 0.251692
5.565 0.251331
5.57 0.25097
5.575 0.25061
5.58 0.25025
5.585 0.249891
5.59 0.249533
5.595 0.249175
5.6 0.248818
5.605 0.248462
5.61 0.248107
5.615 0.247752
5.62 0.247398
5.625 0.247044
5.63 0.246691
5.635 0.246339
5.64 0.245987
5.645 0.245637
5.65 0.245286
5.655 0.244937
5.66 0.244588
5.665 0.24424
5.67 0.243892
5.675 0.243545
5.68 0.243199
5.685 0.242853
5.69 0.242508
5.695 0.242164
5.7 0.24182
5.705 0.241477
5.71 0.241135
5.715 0.240793
5.72 0.240452
5.725 0.240112
5.73 0.239772
5.735 0.239433
5.74 0.239094
5.745 0.238756
5.75 0.238419
5.755 0.238083
5.76 0.237747
5.765 0.237411
5.77 0.237077
5.775 0.236742
5.78 0.236409
5.785 0.236076
5.79 0.235744
5.795 0.235412
5.8 0.235081
5.805 0.234751
5.81 0.234421
5.815 0.234092
5.82 0.233764
5.825 0.233436
5.83 0.233109
5.835 0.232782
5.84 0.232456
5.845 0.232131
5.85 0.231806
5.855 0.231482
5.86 0.231158
5.865 0.230835
5.87 0.230513
5.875 0.230191
5.88 0.22987
5.885 0.22955
5.89 0.22923
5.895 0.22891
5.9 0.228592
5.905 0.228274
5.91 0.227956
5.915 0.227639
5.92 0.227323
5.925 0.227007
5.93 0.226692
5.935 0.226377
5.94 0.226063
5.945 0.22575
5.95 0.225437
5.955 0.225125
5.96 0.224813
5.965 0.224502
5.97 0.224192
5.975 0.223882
5.98 0.223573
5.985 0.223264
5.99 0.222956
5.995 0.222648
6 0.222341
6.005 0.222035
6.01 0.221729
6.015 0.221424
6.02 0.221119
6.025 0.220815
6.03 0.220511
6.035 0.220208
6.04 0.219906
6.045 0.219604
6.05 0.219303
6.055 0.219002
6.06 0.218702
6.065 0.218402
6.07 0.218103
6.075 0.217804
6.08 0.217506
6.085 0.217209
6.09 0.216912
6.095 0.216616
6.1 0.21632
6.105 0.216025
6.11 0.21573
6.115 0.215436
6.12 0.215143
6.125 0.21485
6.13 0.214557
6.135 0.214265
6.14 0.213974
6.145 0.213683
6.15 0.213393
6.155 0.213103
6.16 0.212814
6.165 0.212525
6.17 0.212237
6.175 0.211949
6.18 0.211662
6.185 0.211376
6.19 0.21109
6.195 0.210804
6.2 0.210519
6.205 0.210235
6.21 0.209951
6.215 0.209668
6.22 0.209385
6.225 0.209103
6.23 0.208821
6.235 0.208539
6.24 0.208259
6.245 0.207978
6.25 0.207699
6.255 0.20742
6.26 0.207141
6.265 0.206863
6.27 0.206585
6.275 0.206308
6.28 0.206031
6.285 0.205755
6.29 0.205479
6.295 0.205204
6.3 0.20493
6.305 0.204656
6.31 0.204382
6.315 0.204109
6.32 0.203836
6.325 0.203564
6.33 0.203293
6.335 0.203022
6.34 0.202751
6.345 0.202481
6.35 0.202211
6.355 0.201942
6.36 0.201674
6.365 0.201406
6.37 0.201138
6.375 0.200871
6.38 0.200604
6.385 0.200338
6.39 0.200072
6.395 0.199807
6.4 0.199542
6.405 0.199278
6.41 0.199015
6.415 0.198751
6.42 0.198489
6.425 0.198226
6.43 0.197964
6.435 0.197703
6.44 0.197442
6.445 0.197182
6.45 0.196922
6.455 0.196663
6.46 0.196404
6.465 0.196145
6.47 0.195887
6.475 0.19563
6.48 0.195373
6.485 0.195116
6.49 0.19486
6.495 0.194604
6.5 0.194349
6.505 0.194094
6.51 0.19384
6.515 0.193586
6.52 0.193333
6.525 0.19308
6.53 0.192828
6.535 0.192576
6.54 0.192324
6.545 0.192073
6.55 0.191823
6.555 0.191573
6.56 0.191323
6.565 0.191074
6.57 0.190825
6.575 0.190577
6.58 0.190329
6.585 0.190081
6.59 0.189834
6.595 0.189588
6.6 0.189342
6.605 0.189096
6.61 0.188851
6.615 0.188606
6.62 0.188362
6.625 0.188118
6.63 0.187874
6.635 0.187631
6.64 0.187389
6.645 0.187147
6.65 0.186905
6.655 0.186664
6.66 0.186423
6.665 0.186183
6.67 0.185943
6.675 0.185703
6.68 0.185464
6.685 0.185226
6.69 0.184987
6.695 0.18475
6.7 0.184512
6.705 0.184275
6.71 0.184039
6.715 0.183803
6.72 0.183567
6.725 0.183332
6.73 0.183097
6.735 0.182863
6.74 0.182629
6.745 0.182395
6.75 0.182162
6.755 0.181929
6.76 0.181697
6.765 0.181465
6.77 0.181233
6.775 0.181002
6.78 0.180772
6.785 0.180542
6.79 0.180312
6.795 0.180082
6.8 0.179853
6.805 0.179625
6.81 0.179396
6.815 0.179169
6.82 0.178941
6.825 0.178714
6.83 0.178488
6.835 0.178262
6.84 0.178036
6.845 0.17781
6.85 0.177586
6.855 0.177361
6.86 0.177137
6.865 0.176913
6.87 0.17669
6.875 0.176467
6.88 0.176244
6.885 0.176022
6.89 0.1758
6.895 0.175579
6.9 0.175358
6.905 0.175137
6.91 0.174917
6.915 0.174697
6.92 0.174478
6.925 0.174259
6.93 0.17404
6.935 0.173822
6.94 0.173604
6.945 0.173386
6.95 0.173169
6.955 0.172952
6.96 0.172736
6.965 0.17252
6.97 0.172304
6.975 0.172089
6.98 0.171874
6.985 0.17166
6.99 0.171446
6.995 0.171232
7 0.171019
7.005 0.170806
7.01 0.170593
7.015 0.170381
7.02 0.170169
7.025 0.169958
7.03 0.169747
7.035 0.169536
7.04 0.169325
7.045 0.169115
7.05 0.168906
7.055 0.168697
7.06 0.168488
7.065 0.168279
7.07 0.168071
7.075 0.167863
7.08 0.167656
7.085 0.167449
7.09 0.167242
7.095 0.167036
7.1 0.16683
7.105 0.166624
7.11 0.166419
7.115 0.166214
7.12 0.166009
7.125 0.165805
7.13 0.165601
7.135 0.165398
7.14 0.165195
7.145 0.164992
7.15 0.164789
7.155 0.164587
7.16 0.164386
7.165 0.164184
7.17 0.163983
7.175 0.163783
7.18 0.163582
7.185 0.163382
7.19 0.163183
7.195 0.162983
7.2 0.162784
7.205 0.162586
7.21 0.162387
7.215 0.16219
7.22 0.161992
7.225 0.161795
7.23 0.161598
7.235 0.161401
7.24 0.161205
7.245 0.161009
7.25 0.160814
7.255 0.160618
7.26 0.160424
7.265 0.160229
7.27 0.160035
7.275 0.159841
7.28 0.159648
7.285 0.159454
7.29 0.159261
7.295 0.159069
7.3 0.158877
7.305 0.158685
7.31 0.158493
7.315 0.158302
7.32 0.158111
7.325 0.157921
7.33 0.15773
7.335 0.157541
7.34 0.157351
7.345 0.157162
7.35 0.156973
7.355 0.156784
7.36 0.156596
7.365 0.156408
7.37 0.15622
7.375 0.156033
7.38 0.155846
7.385 0.155659
7.39 0.155473
7.395 0.155287
7.4 0.155101
7.405 0.154916
7.41 0.154731
7.415 0.154546
7.42 0.154361
7.425 0.154177
7.43 0.153993
7.435 0.15381
7.44 0.153627
7.445 0.153444
7.45 0.153261
7.455 0.153079
7.46 0.152897
7.465 0.152715
7.47 0.152534
7.475 0.152353
7.48 0.152172
7.485 0.151991
7.49 0.151811
7.495 0.151631
7.5 0.151452
7.505 0.151273
7.51 0.151094
7.515 0.150915
7.52 0.150737
7.525 0.150559
7.53 0.150381
7.535 0.150204
7.54 0.150026
7.545 0.14985
7.55 0.149673
7.555 0.149497
7.56 0.149321
7.565 0.149145
7.57 0.14897
7.575 0.148795
7.58 0.14862
7.585 0.148446
7.59 0.148272
7.595 0.148098
7.6 0.147924
7.605 0.147751
7.61 0.147578
7.615 0.147405
7.62 0.147233
7.625 0.14706
7.63 0.146889
7.635 0.146717
7.64 0.146546
7.645 0.146375
7.65 0.146204
7.655 0.146034
7.66 0.145863
7.665 0.145694
7.67 0.145524
7.675 0.145355
7.68 0.145186
7.685 0.145017
7.69 0.144849
7.695 0.14468
7.7 0.144513
7.705 0.144345
7.71 0.144178
7.715 0.144011
7.72 0.143844
7.725 0.143677
7.73 0.143511
7.735 0.143345
7.74 0.143179
7.745 0.143014
7.75 0.142849
7.755 0.142684
7.76 0.142519
7.765 0.142355
7.77 0.142191
7.775 0.142027
7.78 0.141864
7.785 0.141701
7.79 0.141538
7.795 0.141375
7.8 0.141213
7.805 0.14105
7.81 0.140889
7.815 0.140727
7.82 0.140566
7.825 0.140404
7.83 0.140244
7.835 0.140083
7.84 0.139923
7.845 0.139763
7.85 0.139603
7.855 0.139443
7.86 0.139284
7.865 0.139125
7.87 0.138967
7.875 0.138808
7.88 0.13865
7.885 0.138492
7.89 0.138334
7.895 0.138177
7.9 0.13802
7.905 0.137863
7.91 0.137706
7.915 0.13755
7.92 0.137394
7.925 0.137238
7.93 0.137082
7.935 0.136927
7.94 0.136771
7.945 0.136617
7.95 0.136462
7.955 0.136308
7.96 0.136153
7.965 0.136
7.97 0.135846
7.975 0.135693
7.98 0.135539
7.985 0.135387
7.99 0.135234
7.995 0.135082
8 0.134929
8.005 0.134778
8.01 0.134626
8.015 0.134475
8.02 0.134323
8.025 0.134172
8.03 0.134022
8.035 0.133871
8.04 0.133721
8.045 0.133571
8.05 0.133422
8.055 0.133272
8.06 0.133123
8.065 0.132974
8.07 0.132825
8.075 0.132677
8.08 0.132528
8.085 0.13238
8.09 0.132233
8.095 0.132085
8.1 0.131938
8.105 0.131791
8.11 0.131644
8.115 0.131497
8.12 0.131351
8.125 0.131205
8.13 0.131059
8.135 0.130913
8.14 0.130768
8.145 0.130623
8.15 0.130478
8.155 0.130333
8.16 0.130189
8.165 0.130044
8.17 0.1299
8.175 0.129756
8.18 0.129613
8.185 0.12947
8.19 0.129326
8.195 0.129184
8.2 0.129041
8.205 0.128898
8.21 0.128756
8.215 0.128614
8.22 0.128472
8.225 0.128331
8.23 0.12819
8.235 0.128049
8.24 0.127908
8.245 0.127767
8.25 0.127627
8.255 0.127487
8.26 0.127347
8.265 0.127207
8.27 0.127067
8.275 0.126928
8.28 0.126789
8.285 0.12665
8.29 0.126511
8.295 0.126373
8.3 0.126235
8.305 0.126097
8.31 0.125959
8.315 0.125821
8.32 0.125684
8.325 0.125547
8.33 0.12541
8.335 0.125273
8.34 0.125137
8.345 0.125001
8.35 0.124865
8.355 0.124729
8.36 0.124593
8.365 0.124458
8.37 0.124323
8.375 0.124188
8.38 0.124053
8.385 0.123918
8.39 0.123784
8.395 0.12365
8.4 0.123516
8.405 0.123382
8.41 0.123249
8.415 0.123116
8.42 0.122982
8.425 0.12285
8.43 0.122717
8.435 0.122584
8.44 0.122452
8.445 0.12232
8.45 0.122188
8.455 0.122057
8.46 0.121925
8.465 0.121794
8.47 0.121663
8.475 0.121532
8.48 0.121402
8.485 0.121271
8.49 0.121141
8.495 0.121011
8.5 0.120881
8.505 0.120752
8.51 0.120622
8.515 0.120493
8.52 0.120364
8.525 0.120235
8.53 0.120107
8.535 0.119978
8.54 0.11985
8.545 0.119722
8.55 0.119594
8.555 0.119467
8.56 0.119339
8.565 0.119212
8.57 0.119085
8.575 0.118958
8.58 0.118831
8.585 0.118705
8.59 0.118579
8.595 0.118453
8.6 0.118327
8.605 0.118201
8.61 0.118076
8.615 0.117951
8.62 0.117825
8.625 0.117701
8.63 0.117576
8.635 0.117451
8.64 0.117327
8.645 0.117203
8.65 0.117079
8.655 0.116955
8.66 0.116832
8.665 0.116708
8.67 0.116585
8.675 0.116462
8.68 0.116339
8.685 0.116217
8.69 0.116094
8.695 0.115972
8.7 0.11585
8.705 0.115728
8.71 0.115607
8.715 0.115485
8.72 0.115364
8.725 0.115243
8.73 0.115122
8.735 0.115001
8.74 0.11488
8.745 0.11476
8.75 0.11464
8.755 0.11452
8.76 0.1144
8.765 0.11428
8.77 0.114161
8.775 0.114042
8.78 0.113923
8.785 0.113804
8.79 0.113685
8.795 0.113566
8.8 0.113448
8.805 0.11333
8.81 0.113212
8.815 0.113094
8.82 0.112976
8.825 0.112859
8.83 0.112741
8.835 0.112624
8.84 0.112507
8.845 0.11239
8.85 0.112274
8.855 0.112157
8.86 0.112041
8.865 0.111925
8.87 0.111809
8.875 0.111693
8.88 0.111578
8.885 0.111463
8.89 0.111347
8.895 0.111232
8.9 0.111117
8.905 0.111003
8.91 0.110888
8.915 0.110774
8.92 0.11066
8.925 0.110546
8.93 0.110432
8.935 0.110318
8.94 0.110205
8.945 0.110091
8.95 0.109978
8.955 0.109865
8.96 0.109752
8.965 0.10964
8.97 0.109527
8.975 0.109415
8.98 0.109303
8.985 0.109191
8.99 0.109079
8.995 0.108967
9 0.108856
9.005 0.108745
9.01 0.108633
9.015 0.108522
9.02 0.108412
9.025 0.108301
9.03 0.10819
9.035 0.10808
9.04 0.10797
9.045 0.10786
9.05 0.10775
9.055 0.10764
9.06 0.107531
9.065 0.107422
9.07 0.107312
9.075 0.107203
9.08 0.107094
9.085 0.106986
9.09 0.106877
9.095 0.106769
9.1 0.106661
9.105 0.106553
9.11 0.106445
9.115 0.106337
9.12 0.106229
9.125 0.106122
9.13 0.106015
9.135 0.105908
9.14 0.105801
9.145 0.105694
9.15 0.105587
9.155 0.105481
9.16 0.105374
9.165 0.105268
9.17 0.105162
9.175 0.105056
9.18 0.104951
9.185 0.104845
9.19 0.10474
9.195 0.104634
9.2 0.104529
9.205 0.104424
9.21 0.10432
9.215 0.104215
9.22 0.104111
9.225 0.104006
9.23 0.103902
9.235 0.103798
9.24 0.103694
9.245 0.10359
9.25 0.103487
9.255 0.103383
9.26 0.10328
9.265 0.103177
9.27 0.103074
9.275 0.102971
9.28 0.102869
9.285 0.102766
9.29 0.102664
9.295 0.102562
9.3 0.10246
9.305 0.102358
9.31 0.102256
9.315 0.102154
9.32 0.102053
9.325 0.101951
9.33 0.10185
9.335 0.101749
9.34 0.101648
9.345 0.101548
9.35 0.101447
9.355 0.101347
9.36 0.101246
9.365 0.101146
9.37 0.101046
9.375 0.100946
9.38 0.100846
9.385 0.100747
9.39 0.100647
9.395 0.100548
9.4 0.100449
9.405 0.10035
9.41 0.100251
9.415 0.100152
9.42 0.100054
9.425 0.0999553
9.43 0.099857
9.435 0.0997589
9.44 0.0996608
9.445 0.099563
9.45 0.0994652
9.455 0.0993676
9.46 0.0992702
9.465 0.0991728
9.47 0.0990757
9.475 0.0989786
9.48 0.0988817
9.485 0.098785
9.49 0.0986883
9.495 0.0985918
9.5 0.0984955
9.505 0.0983993
9.51 0.0983032
9.515 0.0982073
9.52 0.0981115
9.525 0.0980158
9.53 0.0979203
9.535 0.0978249
9.54 0.0977296
9.545 0.0976345
9.55 0.0975395
9.555 0.0974447
9.56 0.0973499
9.565 0.0972554
9.57 0.0971609
9.575 0.0970666
9.58 0.0969724
9.585 0.0968784
9.59 0.0967845
9.595 0.0966907
9.6 0.096597
9.605 0.0965035
9.61 0.0964101
9.615 0.0963169
9.62 0.0962238
9.625 0.0961308
9.63 0.0960379
9.635 0.0959452
9.64 0.0958526
9.645 0.0957601
9.65 0.0956678
9.655 0.0955756
9.66 0.0954835
9.665 0.0953916
9.67 0.0952998
9.675 0.0952081
9.68 0.0951165
9.685 0.0950251
9.69 0.0949338
9.695 0.0948426
9.7 0.0947516
9.705 0.0946607
9.71 0.0945699
9.715 0.0944792
9.72 0.0943887
9.725 0.0942983
9.73 0.094208
9.735 0.0941179
9.74 0.0940278
9.745 0.0939379
9.75 0.0938482
9.755 0.0937585
9.76 0.093669
9.765 0.0935796
9.77 0.0934903
9.775 0.0934012
9.78 0.0933121
9.785 0.0932232
9.79 0.0931345
9.795 0.0930458
9.8 0.0929573
9.805 0.0928689
9.81 0.0927806
9.815 0.0926924
9.82 0.0926044
9.825 0.0925165
9.83 0.0924287
9.835 0.092341
9.84 0.0922535
9.845 0.092166
9.85 0.0920787
9.855 0.0919915
9.86 0.0919045
9.865 0.0918175
9.87 0.0917307
9.875 0.091644
9.88 0.0915574
9.885 0.091471
9.89 0.0913846
9.895 0.0912984
9.9 0.0912123
9.905 0.0911263
9.91 0.0910404
9.915 0.0909547
9.92 0.090869
9.925 0.0907835
9.93 0.0906981
9.935 0.0906129
9.94 0.0905277
9.945 0.0904427
9.95 0.0903577
9.955 0.0902729
9.96 0.0901882
9.965 0.0901036
9.97 0.0900192
9.975 0.0899348
9.98 0.0898506
9.985 0.0897665
9.99 0.0896825
9.995 0.0895986
