0 -nan
0.005 0.912023
0.01 0.396426
0.015 0.0123952
0.02 0.115143
0.025 0.539405
0.03 0.0665544
0.035 0.0509522
0.04 0.798953
0.045 0.0425488
0.05 0.265873
0.055 0.275001
0.06 0.120911
0.065 0.426571
0.07 0.156641
0.075 0.545501
0.08 0.552944
0.085 0.435932
0.09 0.17369
0.095 0.0273152
0.1 0.31473
0.105 0.164123
0.11 0.153145
0.115 0.180799
0.12 0.170255
0.125 0.117129
0.13 0.198108
0.135 0.135668
0.14 0.129277
0.145 0.162518
0.15 0.181222
0.155 0.140752
0.16 0.104321
0.165 0.158592
0.17 0.224933
0.175 0.189443
0.18 0.097577
0.185 0.0794942
0.19 0.166406
0.195 0.26345
0.2 0.270783
0.205 0.183623
0.21 0.0810961
0.215 0.0467838
0.22 0.105232
0.225 0.215956
0.23 0.311088
0.235 0.339788
0.24 0.292003
0.245 0.195514
0.25 0.0960365
0.255 0.0345989
0.26 0.0325276
0.265 0.0875705
0.27 0.179182
0.275 0.278417
0.28 0.35793
0.285 0.399075
0.29 0.39499
0.295 0.350035
0.3 0.276748
0.305 0.191753
0.31 0.111769
0.315 0.0505364
0.32 0.0169753
0.325 0.0145885
0.33 0.0418717
0.335 0.0933965
0.34 0.161222
0.345 0.236342
0.35 0.309963
0.355 0.37448
0.36 0.424117
0.365 0.455222
0.37 0.466286
0.375 0.457744
0.38 0.431627
0.385 0.391141
0.39 0.340229
0.395 0.283155
0.4 0.224145
0.405 0.167098
0.41 0.115377
0.415 0.0716724
0.42 0.0379407
0.425 0.0153945
0.43 0.0045426
0.435 0.00526307
0.44 0.0168978
0.445 0.0383593
0.45 0.0682403
0.455 0.104921
0.46 0.146667
0.465 0.191715
0.47 0.238351
0.475 0.284964
0.48 0.330094
0.485 0.372463
0.49 0.410997
0.495 0.444835
0.5 0.473326
0.505 0.496026
0.51 0.512686
0.515 0.523231
0.52 0.527745
0.525 0.526448
0.53 0.519675
0.535 0.507852
0.54 0.491479
0.545 0.471106
0.55 0.447316
0.555 0.420712
0.56 0.391899
0.565 0.361471
0.57 0.330003
0.575 0.298041
0.58 0.266097
0.585 0.234639
0.59 0.204095
0.595 0.174842
0.6 0.147212
0.605 0.121488
0.61 0.097907
0.615 0.0766581
0.62 0.0578881
0.625 0.0417021
0.63 0.0281664
0.635 0.017312
0.64 0.00913737
0.645 0.00361198
0.65 0.000679294
0.655 0.00026013
0.66 0.00225575
0.665 0.00655083
0.67 0.0130164
0.675 0.0215123
0.68 0.0318899
0.685 0.0439946
0.69 0.0576671
0.695 0.0727464
0.7 0.0890707
0.705 0.106479
0.71 0.124814
0.715 0.143919
0.72 0.163646
0.725 0.183847
0.73 0.204386
0.735 0.225129
0.74 0.245951
0.745 0.266735
0.75 0.287369
0.755 0.307752
0.76 0.327789
0.765 0.347392
0.77 0.366484
0.775 0.384991
0.78 0.402851
0.785 0.420007
0.79 0.436408
0.795 0.452011
0.8 0.46678
0.805 0.480685
0.81 0.4937
0.815 0.505807
0.82 0.516991
0.825 0.527244
0.83 0.536559
0.835 0.544938
0.84 0.552383
0.845 0.558901
0.85 0.564502
0.855 0.5692
0.86 0.57301
0.865 0.57595
0.87 0.578041
0.875 0.579304
0.88 0.579764
0.885 0.579447
0.89 0.578377
0.895 0.576584
0.9 0.574096
0.905 0.570941
0.91 0.567149
0.915 0.56275
0.92 0.557775
0.925 0.552254
0.93 0.546217
0.935 0.539694
0.94 0.532716
0.945 0.525312
0.95 0.517511
0.955 0.509343
0.96 0.500835
0.965 0.492017
0.97 0.482914
0.975 0.473553
0.98 0.463961
0.985 0.454163
0.99 0.444182
0.995 0.434043
1 0.423769
1.005 0.413381
1.01 0.402901
1.015 0.392349
1.02 0.381745
1.025 0.371107
1.03 0.360455
1.035 0.349804
1.04 0.339172
1.045 0.328573
1.05 0.318024
1.055 0.307537
1.06 0.297127
1.065 0.286805
1.07 0.276584
1.075 0.266474
1.08 0.256487
1.085 0.246632
1.09 0.236918
1.095 0.227354
1.1 0.217947
1.105 0.208706
1.11 0.199636
1.115 0.190744
1.12 0.182036
1.125 0.173516
1.13 0.165189
1.135 0.157061
1.14 0.149133
1.145 0.14141
1.15 0.133894
1.155 0.126589
1.16 0.119495
1.165 0.112614
1.17 0.105949
1.175 0.0995003
1.18 0.093268
1.185 0.087253
1.19 0.0814554
1.195 0.075875
1.2 0.0705114
1.205 0.0653642
1.21 0.0604323
1.215 0.0557148
1.22 0.0512104
1.225 0.0469177
1.23 0.042835
1.235 0.0389605
1.24 0.0352923
1.245 0.0318284
1.25 0.0285665
1.255 0.0255043
1.26 0.0226393
1.265 0.0199689
1.27 0.0174906
1.275 0.0152016
1.28 0.0130991
1.285 0.0111801
1.29 0.0094418
1.295 0.00788111
1.3 0.00649498
1.305 0.00528031
1.31 0.00423396
1.315 0.00335274
1.32 0.00263344
1.325 0.00207284
1.33 0.0016677
1.335 0.00141474
1.34 0.00131069
1.345 0.00135229
1.35 0.00153626
1.355 0.00185931
1.36 0.00231818
1.365 0.00290962
1.37 0.00363036
1.375 0.00447719
1.38 0.00544688
1.385 0.00653623
1.39 0.00774208
1.395 0.00906127
1.4 0.0104907
1.405 0.0120272
1.41 0.0136678
1.415 0.0154094
1.42 0.0172491
1.425 0.0191838
1.43 0.0212106
1.435 0.0233266
1.44 0.0255291
1.445 0.0278151
1.45 0.0301818
1.455 0.0326267
1.46 0.0351468
1.465 0.0377397
1.47 0.0404026
1.475 0.043133
1.48 0.0459284
1.485 0.0487862
1.49 0.0517041
1.495 0.0546796
1.5 0.0577105
1.505 0.0607942
1.51 0.0639287
1.515 0.0671116
1.52 0.0703408
1.525 0.0736141
1.53 0.0769295
1.535 0.0802848
1.54 0.0836781
1.545 0.0871075
1.55 0.0905708
1.555 0.0940664
1.56 0.0975923
1.565 0.101147
1.57 0.104728
1.575 0.108334
1.58 0.111964
1.585 0.115615
1.59 0.119286
1.595 0.122976
1.6 0.126683
1.605 0.130405
1.61 0.134142
1.615 0.137891
1.62 0.141651
1.625 0.145421
1.63 0.1492
1.635 0.152986
1.64 0.156779
1.645 0.160576
1.65 0.164376
1.655 0.16818
1.66 0.171984
1.665 0.175789
1.67 0.179593
1.675 0.183396
1.68 0.187196
1.685 0.190992
1.69 0.194783
1.695 0.198569
1.7 0.202349
1.705 0.206121
1.71 0.209885
1.715 0.21364
1.72 0.217385
1.725 0.22112
1.73 0.224844
1.735 0.228556
1.74 0.232256
1.745 0.235942
1.75 0.239615
1.755 0.243273
1.76 0.246916
1.765 0.250543
1.77 0.254154
1.775 0.257749
1.78 0.261326
1.785 0.264886
1.79 0.268427
1.795 0.27195
1.8 0.275454
1.805 0.278939
1.81 0.282403
1.815 0.285848
1.82 0.289272
1.825 0.292674
1.83 0.296056
1.835 0.299416
1.84 0.302754
1.845 0.30607
1.85 0.309363
1.855 0.312634
1.86 0.315881
1.865 0.319106
1.87 0.322307
1.875 0.325484
1.88 0.328637
1.885 0.331767
1.89 0.334872
1.895 0.337952
1.9 0.341009
1.905 0.34404
1.91 0.347047
1.915 0.350028
1.92 0.352985
1.925 0.355916
1.93 0.358823
1.935 0.361703
1.94 0.364559
1.945 0.367389
1.95 0.370193
1.955 0.372972
1.96 0.375725
1.965 0.378452
1.97 0.381154
1.975 0.38383
1.98 0.38648
1.985 0.389104
1.99 0.391703
1.995 0.394275
2 0.396822
2.005 0.399344
2.01 0.401839
2.015 0.404309
2.02 0.406753
2.025 0.409171
2.03 0.411564
2.035 0.413931
2.04 0.416273
2.045 0.418589
2.05 0.42088
2.055 0.423146
2.06 0.425386
2.065 0.427601
2.07 0.429791
2.075 0.431956
2.08 0.434096
2.085 0.436211
2.09 0.438301
2.095 0.440367
2.1 0.442408
2.105 0.444424
2.11 0.446416
2.115 0.448384
2.12 0.450327
2.125 0.452247
2.13 0.454142
2.135 0.456014
2.14 0.457862
2.145 0.459686
2.15 0.461487
2.155 0.463264
2.16 0.465018
2.165 0.466749
2.17 0.468457
2.175 0.470142
2.18 0.471805
2.185 0.473444
2.19 0.475061
2.195 0.476656
2.2 0.478229
2.205 0.479779
2.21 0.481307
2.215 0.482814
2.22 0.484299
2.225 0.485762
2.23 0.487204
2.235 0.488625
2.24 0.490025
2.245 0.491403
2.25 0.492761
2.255 0.494098
2.26 0.495415
2.265 0.496711
2.27 0.497986
2.275 0.499242
2.28 0.500478
2.285 0.501694
2.29 0.50289
2.295 0.504067
2.3 0.505224
2.305 0.506362
2.31 0.507481
2.315 0.508581
2.32 0.509662
2.325 0.510724
2.33 0.511768
2.335 0.512794
2.34 0.513801
2.345 0.51479
2.35 0.515761
2.355 0.516715
2.36 0.51765
2.365 0.518569
2.37 0.51947
2.375 0.520353
2.38 0.52122
2.385 0.52207
2.39 0.522902
2.395 0.523719
2.4 0.524518
2.405 0.525302
2.41 0.526069
2.415 0.52682
2.42 0.527555
2.425 0.528274
2.43 0.528977
2.435 0.529665
2.44 0.530338
2.445 0.530995
2.45 0.531638
2.455 0.532265
2.46 0.532877
2.465 0.533475
2.47 0.534058
2.475 0.534626
2.48 0.535181
2.485 0.535721
2.49 0.536247
2.495 0.536759
2.5 0.537257
2.505 0.537742
2.51 0.538213
2.515 0.538671
2.52 0.539115
2.525 0.539546
2.53 0.539965
2.535 0.54037
2.54 0.540762
2.545 0.541142
2.55 0.541509
2.555 0.541864
2.56 0.542207
2.565 0.542537
2.57 0.542856
2.575 0.543162
2.58 0.543457
2.585 0.54374
2.59 0.544011
2.595 0.544271
2.6 0.544519
2.605 0.544756
2.61 0.544982
2.615 0.545198
2.62 0.545402
2.625 0.545595
2.63 0.545778
2.635 0.54595
2.64 0.546111
2.645 0.546263
2.65 0.546404
2.655 0.546535
2.66 0.546656
2.665 0.546766
2.67 0.546868
2.675 0.546959
2.68 0.547041
2.685 0.547113
2.69 0.547176
2.695 0.547229
2.7 0.547273
2.705 0.547308
2.71 0.547334
2.715 0.547351
2.72 0.54736
2.725 0.547359
2.73 0.54735
2.735 0.547333
2.74 0.547306
2.745 0.547272
2.75 0.547229
2.755 0.547178
2.76 0.547119
2.765 0.547052
2.77 0.546977
2.775 0.546895
2.78 0.546804
2.785 0.546706
2.79 0.5466
2.795 0.546487
2.8 0.546366
2.805 0.546238
2.81 0.546103
2.815 0.545961
2.82 0.545811
2.825 0.545655
2.83 0.545492
2.835 0.545322
2.84 0.545145
2.845 0.544961
2.85 0.544771
2.855 0.544574
2.86 0.544371
2.865 0.544162
2.87 0.543946
2.875 0.543724
2.88 0.543496
2.885 0.543262
2.89 0.543022
2.895 0.542776
2.9 0.542524
2.905 0.542266
2.91 0.542002
2.915 0.541733
2.92 0.541458
2.925 0.541178
2.93 0.540892
2.935 0.540601
2.94 0.540305
2.945 0.540003
2.95 0.539697
2.955 0.539385
2.96 0.539068
2.965 0.538746
2.97 0.538419
2.975 0.538087
2.98 0.53775
2.985 0.537409
2.99 0.537063
2.995 0.536712
3 0.536357
3.005 0.535997
3.01 0.535633
3.015 0.535265
3.02 0.534892
3.025 0.534514
3.03 0.534133
3.035 0.533747
3.04 0.533358
3.045 0.532964
3.05 0.532566
3.055 0.532164
3.06 0.531759
3.065 0.531349
3.07 0.530936
3.075 0.530519
3.08 0.530098
3.085 0.529673
3.09 0.529245
3.095 0.528814
3.1 0.528379
3.105 0.52794
3.11 0.527498
3.115 0.527053
3.12 0.526604
3.125 0.526152
3.13 0.525697
3.135 0.525239
3.14 0.524777
3.145 0.524313
3.15 0.523845
3.155 0.523375
3.16 0.522901
3.165 0.522425
3.17 0.521946
3.175 0.521464
3.18 0.520979
3.185 0.520491
3.19 0.520001
3.195 0.519508
3.2 0.519012
3.205 0.518514
3.21 0.518013
3.215 0.51751
3.22 0.517004
3.225 0.516496
3.23 0.515985
3.235 0.515472
3.24 0.514957
3.245 0.514439
3.25 0.51392
3.255 0.513398
3.26 0.512873
3.265 0.512347
3.27 0.511819
3.275 0.511288
3.28 0.510756
3.285 0.510221
3.29 0.509685
3.295 0.509146
3.3 0.508606
3.305 0.508064
3.31 0.50752
3.315 0.506974
3.32 0.506426
3.325 0.505877
3.33 0.505326
3.335 0.504773
3.34 0.504218
3.345 0.503662
3.35 0.503105
3.355 0.502545
3.36 0.501984
3.365 0.501422
3.37 0.500858
3.375 0.500293
3.38 0.499726
3.385 0.499158
3.39 0.498589
3.395 0.498018
3.4 0.497446
3.405 0.496873
3.41 0.496298
3.415 0.495722
3.42 0.495145
3.425 0.494567
3.43 0.493987
3.435 0.493406
3.44 0.492825
3.445 0.492242
3.45 0.491658
3.455 0.491073
3.46 0.490487
3.465 0.4899
3.47 0.489312
3.475 0.488723
3.48 0.488133
3.485 0.487542
3.49 0.486951
3.495 0.486358
3.5 0.485765
3.505 0.485171
3.51 0.484576
3.515 0.48398
3.52 0.483383
3.525 0.482786
3.53 0.482188
3.535 0.481589
3.54 0.48099
3.545 0.48039
3.55 0.479789
3.555 0.479188
3.56 0.478586
3.565 0.477983
3.57 0.47738
3.575 0.476776
3.58 0.476172
3.585 0.475568
3.59 0.474962
3.595 0.474357
3.6 0.473751
3.605 0.473144
3.61 0.472537
3.615 0.471929
3.62 0.471322
3.625 0.470713
3.63 0.470105
3.635 0.469496
3.64 0.468887
3.645 0.468277
3.65 0.467667
3.655 0.467057
3.66 0.466446
3.665 0.465836
3.67 0.465225
3.675 0.464613
3.68 0.464002
3.685 0.46339
3.69 0.462779
3.695 0.462167
3.7 0.461555
3.705 0.460942
3.71 0.46033
3.715 0.459717
3.72 0.459105
3.725 0.458492
3.73 0.457879
3.735 0.457266
3.74 0.456653
3.745 0.45604
3.75 0.455427
3.755 0.454814
3.76 0.454201
3.765 0.453588
3.77 0.452975
3.775 0.452362
3.78 0.451749
3.785 0.451137
3.79 0.450524
3.795 0.449911
3.8 0.449298
3.805 0.448686
3.81 0.448073
3.815 0.447461
3.82 0.446849
3.825 0.446237
3.83 0.445625
3.835 0.445013
3.84 0.444401
3.845 0.44379
3.85 0.443179
3.855 0.442567
3.86 0.441957
3.865 0.441346
3.87 0.440736
3.875 0.440125
3.88 0.439515
3.885 0.438906
3.89 0.438296
3.895 0.437687
3.9 0.437078
3.905 0.436469
3.91 0.435861
3.915 0.435253
3.92 0.434645
3.925 0.434038
3.93 0.433431
3.935 0.432824
3.94 0.432218
3.945 0.431612
3.95 0.431006
3.955 0.430401
3.96 0.429796
3.965 0.429191
3.97 0.428587
3.975 0.427983
3.98 0.42738
3.985 0.426777
3.99 0.426174
3.995 0.425572
4 0.42497
4.005 0.424369
4.01 0.423768
4.015 0.423167
4.02 0.422567
4.025 0.421968
4.03 0.421369
4.035 0.42077
4.04 0.420172
4.045 0.419574
4.05 0.418977
4.055 0.41838
4.06 0.417784
4.065 0.417188
4.07 0.416593
4.075 0.415998
4.08 0.415404
4.085 0.414811
4.09 0.414218
4.095 0.413625
4.1 0.413033
4.105 0.412442
4.11 0.411851
4.115 0.41126
4.12 0.41067
4.125 0.410081
4.13 0.409492
4.135 0.408904
4.14 0.408317
4.145 0.40773
4.15 0.407143
4.155 0.406558
4.16 0.405972
4.165 0.405388
4.17 0.404804
4.175 0.40422
4.18 0.403638
4.185 0.403056
4.19 0.402474
4.195 0.401893
4.2 0.401313
4.205 0.400733
4.21 0.400154
4.215 0.399576
4.22 0.398998
4.225 0.398421
4.23 0.397844
4.235 0.397269
4.24 0.396693
4.245 0.396119
4.25 0.395545
4.255 0.394972
4.26 0.394399
4.265 0.393828
4.27 0.393256
4.275 0.392686
4.28 0.392116
4.285 0.391547
4.29 0.390978
4.295 0.390411
4.3 0.389844
4.305 0.389277
4.31 0.388712
4.315 0.388147
4.32 0.387582
4.325 0.387019
4.33 0.386456
4.335 0.385894
4.34 0.385332
4.345 0.384771
4.35 0.384211
4.355 0.383652
4.36 0.383094
4.365 0.382536
4.37 0.381978
4.375 0.381422
4.38 0.380866
4.385 0.380311
4.39 0.379757
4.395 0.379204
4.4 0.378651
4.405 0.378099
4.41 0.377548
4.415 0.376997
4.42 0.376447
4.425 0.375898
4.43 0.37535
4.435 0.374802
4.44 0.374255
4.445 0.373709
4.45 0.373164
4.455 0.372619
4.46 0.372076
4.465 0.371533
4.47 0.37099
4.475 0.370449
4.48 0.369908
4.485 0.369368
4.49 0.368829
4.495 0.36829
4.5 0.367752
4.505 0.367215
4.51 0.366679
4.515 0.366144
4.52 0.365609
4.525 0.365075
4.53 0.364542
4.535 0.36401
4.54 0.363478
4.545 0.362947
4.55 0.362417
4.555 0.361888
4.56 0.36136
4.565 0.360832
4.57 0.360305
4.575 0.359779
4.58 0.359254
4.585 0.358729
4.59 0.358205
4.595 0.357682
4.6 0.35716
4.605 0.356639
4.61 0.356118
4.615 0.355598
4.62 0.355079
4.625 0.354561
4.63 0.354043
4.635 0.353527
4.64 0.353011
4.645 0.352496
4.65 0.351981
4.655 0.351468
4.66 0.350955
4.665 0.350443
4.67 0.349932
4.675 0.349421
4.68 0.348912
4.685 0.348403
4.69 0.347895
4.695 0.347388
4.7 0.346881
4.705 0.346376
4.71 0.345871
4.715 0.345367
4.72 0.344863
4.725 0.344361
4.73 0.343859
4.735 0.343358
4.74 0.342858
4.745 0.342359
4.75 0.34186
4.755 0.341363
4.76 0.340866
4.765 0.34037
4.77 0.339874
4.775 0.33938
4.78 0.338886
4.785 0.338393
4.79 0.337901
4.795 0.33741
4.8 0.336919
4.805 0.336429
4.81 0.33594
4.815 0.335452
4.82 0.334965
4.825 0.334478
4.83 0.333992
4.835 0.333507
4.84 0.333023
4.845 0.33254
4.85 0.332057
4.855 0.331575
4.86 0.331094
4.865 0.330614
4.87 0.330134
4.875 0.329655
4.88 0.329178
4.885 0.3287
4.89 0.328224
4.895 0.327749
4.9 0.327274
4.905 0.3268
4.91 0.326327
4.915 0.325854
4.92 0.325383
4.925 0.324912
4.93 0.324442
4.935 0.323973
4.94 0.323504
4.945 0.323036
4.95 0.322569
4.955 0.322103
4.96 0.321638
4.965 0.321173
4.97 0.32071
4.975 0.320247
4.98 0.319785
4.985 0.319323
4.99 0.318862
4.995 0.318403
5 0.317943
5.005 0.317485
5.01 0.317028
5.015 0.316571
5.02 0.316115
5.025 0.31566
5.03 0.315205
5.035 0.314751
5.04 0.314299
5.045 0.313846
5.05 0.313395
5.055 0.312945
5.06 0.312495
5.065 0.312046
5.07 0.311597
5.075 0.31115
5.08 0.310703
5.085 0.310257
5.09 0.309812
5.095 0.309368
5.1 0.308924
5.105 0.308481
5.11 0.308039
5.115 0.307597
5.12 0.307157
5.125 0.306717
5.13 0.306278
5.135 0.305839
5.14 0.305402
5.145 0.304965
5.15 0.304529
5.155 0.304094
5.16 0.303659
5.165 0.303225
5.17 0.302792
5.175 0.30236
5.18 0.301928
5.185 0.301497
5.19 0.301067
5.195 0.300638
5.2 0.300209
5.205 0.299782
5.21 0.299355
5.215 0.298928
5.22 0.298503
5.225 0.298078
5.23 0.297654
5.235 0.29723
5.24 0.296808
5.245 0.296386
5.25 0.295965
5.255 0.295544
5.26 0.295125
5.265 0.294706
5.27 0.294288
5.275 0.29387
5.28 0.293453
5.285 0.293037
5.29 0.292622
5.295 0.292208
5.3 0.291794
5.305 0.291381
5.31 0.290968
5.315 0.290557
5.32 0.290146
5.325 0.289736
5.33 0.289326
5.335 0.288917
5.34 0.288509
5.345 0.288102
5.35 0.287696
5.355 0.28729
5.36 0.286885
5.365 0.28648
5.37 0.286076
5.375 0.285673
5.38 0.285271
5.385 0.28487
5.39 0.284469
5.395 0.284069
5.4 0.283669
5.405 0.28327
5.41 0.282872
5.415 0.282475
5.42 0.282078
5.425 0.281683
5.43 0.281287
5.435 0.280893
5.44 0.280499
5.445 0.280106
5.45 0.279713
5.455 0.279322
5.46 0.278931
5.465 0.27854
5.47 0.278151
5.475 0.277762
5.48 0.277374
5.485 0.276986
5.49 0.276599
5.495 0.276213
5.5 0.275828
5.505 0.275443
5.51 0.275059
5.515 0.274675
5.52 0.274292
5.525 0.27391
5.53 0.273529
5.535 0.273148
5.54 0.272768
5.545 0.272389
5.55 0.27201
5.555 0.271632
5.56 0.271255
5.565 0.270878
5.57 0.270502
5.575 0.270127
5.58 0.269752
5.585 0.269379
5.59 0.269005
5.595 0.268633
5.6 0.268261
5.605 0.267889
5.61 0.267519
5.615 0.267149
5.62 0.266779
5.625 0.266411
5.63 0.266043
5.635 0.265675
5.64 0.265309
5.645 0.264943
5.65 0.264577
5.655 0.264213
5.66 0.263849
5.665 0.263485
5.67 0.263122
5.675 0.26276
5.68 0.262399
5.685 0.262038
5.69 0.261678
5.695 0.261318
5.7 0.26096
5.705 0.260601
5.71 0.260244
5.715 0.259887
5.72 0.25953
5.725 0.259175
5.73 0.25882
5.735 0.258465
5.74 0.258112
5.745 0.257758
5.75 0.257406
5.755 0.257054
5.76 0.256703
5.765 0.256352
5.77 0.256002
5.775 0.255653
5.78 0.255304
5.785 0.254956
5.79 0.254608
5.795 0.254262
5.8 0.253915
5.805 0.25357
5.81 0.253225
5.815 0.25288
5.82 0.252537
5.825 0.252193
5.83 0.251851
5.835 0.251509
5.84 0.251168
5.845 0.250827
5.85 0.250487
5.855 0.250147
5.86 0.249809
5.865 0.24947
5.87 0.249133
5.875 0.248796
5.88 0.248459
5.885 0.248123
5.89 0.247788
5.895 0.247453
5.9 0.247119
5.905 0.246786
5.91 0.246453
5.915 0.246121
5.92 0.245789
5.925 0.245458
5.93 0.245128
5.935 0.244798
5.94 0.244468
5.945 0.24414
5.95 0.243812
5.955 0.243484
5.96 0.243157
5.965 0.242831
5.97 0.242505
5.975 0.24218
5.98 0.241855
5.985 0.241531
5.99 0.241208
5.995 0.240885
6 0.240562
6.005 0.240241
6.01 0.23992
6.015 0.239599
6.02 0.239279
6.025 0.23896
6.03 0.238641
6.035 0.238322
6.04 0.238005
6.045 0.237688
6.05 0.237371
6.055 0.237055
6.06 0.236739
6.065 0.236425
6.07 0.23611
6.075 0.235796
6.08 0.235483
6.085 0.235171
6.09 0.234859
6.095 0.234547
6.1 0.234236
6.105 0.233926
6.11 0.233616
6.115 0.233306
6.12 0.232998
6.125 0.232689
6.13 0.232382
6.135 0.232075
6.14 0.231768
6.145 0.231462
6.15 0.231156
6.155 0.230852
6.16 0.230547
6.165 0.230243
6.17 0.22994
6.175 0.229637
6.18 0.229335
6.185 0.229033
6.19 0.228732
6.195 0.228431
6.2 0.228131
6.205 0.227832
6.21 0.227533
6.215 0.227234
6.22 0.226936
6.225 0.226639
6.23 0.226342
6.235 0.226046
6.24 0.22575
6.245 0.225454
6.25 0.22516
6.255 0.224865
6.26 0.224572
6.265 0.224278
6.27 0.223986
6.275 0.223693
6.28 0.223402
6.285 0.223111
6.29 0.22282
6.295 0.22253
6.3 0.22224
6.305 0.221951
6.31 0.221662
6.315 0.221374
6.32 0.221087
6.325 0.2208
6.33 0.220513
6.335 0.220227
6.34 0.219941
6.345 0.219656
6.35 0.219372
6.355 0.219088
6.36 0.218804
6.365 0.218521
6.37 0.218239
6.375 0.217957
6.38 0.217675
6.385 0.217394
6.39 0.217114
6.395 0.216834
6.4 0.216554
6.405 0.216275
6.41 0.215996
6.415 0.215718
6.42 0.215441
6.425 0.215164
6.43 0.214887
6.435 0.214611
6.44 0.214335
6.445 0.21406
6.45 0.213785
6.455 0.213511
6.46 0.213237
6.465 0.212964
6.47 0.212691
6.475 0.212419
6.48 0.212147
6.485 0.211876
6.49 0.211605
6.495 0.211335
6.5 0.211065
6.505 0.210796
6.51 0.210527
6.515 0.210258
6.52 0.20999
6.525 0.209723
6.53 0.209456
6.535 0.209189
6.54 0.208923
6.545 0.208657
6.55 0.208392
6.555 0.208127
6.56 0.207863
6.565 0.207599
6.57 0.207336
6.575 0.207073
6.58 0.206811
6.585 0.206549
6.59 0.206287
6.595 0.206026
6.6 0.205765
6.605 0.205505
6.61 0.205246
6.615 0.204986
6.62 0.204728
6.625 0.204469
6.63 0.204211
6.635 0.203954
6.64 0.203697
6.645 0.20344
6.65 0.203184
6.655 0.202929
6.66 0.202674
6.665 0.202419
6.67 0.202164
6.675 0.201911
6.68 0.201657
6.685 0.201404
6.69 0.201152
6.695 0.2009
6.7 0.200648
6.705 0.200397
6.71 0.200146
6.715 0.199895
6.72 0.199646
6.725 0.199396
6.73 0.199147
6.735 0.198898
6.74 0.19865
6.745 0.198402
6.75 0.198155
6.755 0.197908
6.76 0.197662
6.765 0.197416
6.77 0.19717
6.775 0.196925
6.78 0.19668
6.785 0.196436
6.79 0.196192
6.795 0.195948
6.8 0.195705
6.805 0.195462
6.81 0.19522
6.815 0.194978
6.82 0.194737
6.825 0.194496
6.83 0.194255
6.835 0.194015
6.84 0.193775
6.845 0.193536
6.85 0.193297
6.855 0.193058
6.86 0.19282
6.865 0.192583
6.87 0.192345
6.875 0.192108
6.88 0.191872
6.885 0.191636
6.89 0.1914
6.895 0.191165
6.9 0.19093
6.905 0.190695
6.91 0.190461
6.915 0.190228
6.92 0.189994
6.925 0.189762
6.93 0.189529
6.935 0.189297
6.94 0.189065
6.945 0.188834
6.95 0.188603
6.955 0.188373
6.96 0.188143
6.965 0.187913
6.97 0.187684
6.975 0.187455
6.98 0.187226
6.985 0.186998
6.99 0.18677
6.995 0.186543
7 0.186316
7.005 0.186089
7.01 0.185863
7.015 0.185637
7.02 0.185412
7.025 0.185187
7.03 0.184962
7.035 0.184738
7.04 0.184514
7.045 0.18429
7.05 0.184067
7.055 0.183845
7.06 0.183622
7.065 0.1834
7.07 0.183178
7.075 0.182957
7.08 0.182736
7.085 0.182516
7.09 0.182296
7.095 0.182076
7.1 0.181857
7.105 0.181638
7.11 0.181419
7.115 0.181201
7.12 0.180983
7.125 0.180765
7.13 0.180548
7.135 0.180331
7.14 0.180115
7.145 0.179899
7.15 0.179683
7.155 0.179468
7.16 0.179253
7.165 0.179038
7.17 0.178824
7.175 0.17861
7.18 0.178396
7.185 0.178183
7.19 0.17797
7.195 0.177758
7.2 0.177546
7.205 0.177334
7.21 0.177122
7.215 0.176911
7.22 0.176701
7.225 0.17649
7.23 0.17628
7.235 0.176071
7.24 0.175862
7.245 0.175653
7.25 0.175444
7.255 0.175236
7.26 0.175028
7.265 0.17482
7.27 0.174613
7.275 0.174406
7.28 0.1742
7.285 0.173994
7.29 0.173788
7.295 0.173582
7.3 0.173377
7.305 0.173173
7.31 0.172968
7.315 0.172764
7.32 0.17256
7.325 0.172357
7.33 0.172154
7.335 0.171951
7.34 0.171749
7.345 0.171547
7.35 0.171345
7.355 0.171143
7.36 0.170942
7.365 0.170742
7.37 0.170541
7.375 0.170341
7.38 0.170141
7.385 0.169942
7.39 0.169743
7.395 0.169544
7.4 0.169346
7.405 0.169148
7.41 0.16895
7.415 0.168753
7.42 0.168555
7.425 0.168359
7.43 0.168162
7.435 0.167966
7.44 0.16777
7.445 0.167575
7.45 0.16738
7.455 0.167185
7.46 0.16699
7.465 0.166796
7.47 0.166602
7.475 0.166409
7.48 0.166215
7.485 0.166023
7.49 0.16583
7.495 0.165638
7.5 0.165446
7.505 0.165254
7.51 0.165063
7.515 0.164872
7.52 0.164681
7.525 0.164491
7.53 0.164301
7.535 0.164111
7.54 0.163921
7.545 0.163732
7.55 0.163543
7.555 0.163355
7.56 0.163167
7.565 0.162979
7.57 0.162791
7.575 0.162604
7.58 0.162417
7.585 0.16223
7.59 0.162044
7.595 0.161858
7.6 0.161672
7.605 0.161486
7.61 0.161301
7.615 0.161116
7.62 0.160932
7.625 0.160748
7.63 0.160564
7.635 0.16038
7.64 0.160197
7.645 0.160014
7.65 0.159831
7.655 0.159648
7.66 0.159466
7.665 0.159284
7.67 0.159103
7.675 0.158921
7.68 0.15874
7.685 0.15856
7.69 0.158379
7.695 0.158199
7.7 0.158019
7.705 0.15784
7.71 0.157661
7.715 0.157482
7.72 0.157303
7.725 0.157125
7.73 0.156946
7.735 0.156769
7.74 0.156591
7.745 0.156414
7.75 0.156237
7.755 0.15606
7.76 0.155884
7.765 0.155708
7.77 0.155532
7.775 0.155357
7.78 0.155181
7.785 0.155006
7.79 0.154832
7.795 0.154657
7.8 0.154483
7.805 0.154309
7.81 0.154136
7.815 0.153962
7.82 0.153789
7.825 0.153617
7.83 0.153444
7.835 0.153272
7.84 0.1531
7.845 0.152929
7.85 0.152757
7.855 0.152586
7.86 0.152415
7.865 0.152245
7.87 0.152075
7.875 0.151905
7.88 0.151735
7.885 0.151566
7.89 0.151396
7.895 0.151227
7.9 0.151059
7.905 0.15089
7.91 0.150722
7.915 0.150555
7.92 0.150387
7.925 0.15022
7.93 0.150053
7.935 0.149886
7.94 0.149719
7.945 0.149553
7.95 0.149387
7.955 0.149222
7.96 0.149056
7.965 0.148891
7.97 0.148726
7.975 0.148561
7.98 0.148397
7.985 0.148233
7.99 0.148069
7.995 0.147905
8 0.147742
8.005 0.147579
8.01 0.147416
8.015 0.147254
8.02 0.147091
8.025 0.146929
8.03 0.146767
8.035 0.146606
8.04 0.146445
8.045 0.146283
8.05 0.146123
8.055 0.145962
8.06 0.145802
8.065 0.145642
8.07 0.145482
8.075 0.145323
8.08 0.145163
8.085 0.145004
8.09 0.144845
8.095 0.144687
8.1 0.144529
8.105 0.144371
8.11 0.144213
8.115 0.144055
8.12 0.143898
8.125 0.143741
8.13 0.143584
8.135 0.143428
8.14 0.143271
8.145 0.143115
8.15 0.142959
8.155 0.142804
8.16 0.142649
8.165 0.142493
8.17 0.142339
8.175 0.142184
8.18 0.14203
8.185 0.141875
8.19 0.141722
8.195 0.141568
8.2 0.141415
8.205 0.141261
8.21 0.141108
8.215 0.140956
8.22 0.140803
8.225 0.140651
8.23 0.140499
8.235 0.140347
8.24 0.140196
8.245 0.140045
8.25 0.139894
8.255 0.139743
8.26 0.139592
8.265 0.139442
8.27 0.139292
8.275 0.139142
8.28 0.138992
8.285 0.138843
8.29 0.138694
8.295 0.138545
8.3 0.138396
8.305 0.138247
8.31 0.138099
8.315 0.137951
8.32 0.137803
8.325 0.137656
8.33 0.137508
8.335 0.137361
8.34 0.137214
8.345 0.137068
8.35 0.136921
8.355 0.136775
8.36 0.136629
8.365 0.136483
8.37 0.136338
8.375 0.136193
8.38 0.136047
8.385 0.135903
8.39 0.135758
8.395 0.135613
8.4 0.135469
8.405 0.135325
8.41 0.135181
8.415 0.135038
8.42 0.134895
8.425 0.134752
8.43 0.134609
8.435 0.134466
8.44 0.134323
8.445 0.134181
8.45 0.134039
8.455 0.133897
8.46 0.133756
8.465 0.133614
8.47 0.133473
8.475 0.133332
8.48 0.133192
8.485 0.133051
8.49 0.132911
8.495 0.132771
8.5 0.132631
8.505 0.132491
8.51 0.132352
8.515 0.132213
8.52 0.132074
8.525 0.131935
8.53 0.131796
8.535 0.131658
8.54 0.13152
8.545 0.131382
8.55 0.131244
8.555 0.131106
8.56 0.130969
8.565 0.130832
8.57 0.130695
8.575 0.130558
8.58 0.130422
8.585 0.130285
8.59 0.130149
8.595 0.130013
8.6 0.129878
8.605 0.129742
8.61 0.129607
8.615 0.129472
8.62 0.129337
8.625 0.129202
8.63 0.129068
8.635 0.128933
8.64 0.128799
8.645 0.128665
8.65 0.128532
8.655 0.128398
8.66 0.128265
8.665 0.128132
8.67 0.127999
8.675 0.127866
8.68 0.127734
8.685 0.127602
8.69 0.12747
8.695 0.127338
8.7 0.127206
8.705 0.127074
8.71 0.126943
8.715 0.126812
8.72 0.126681
8.725 0.126551
8.73 0.12642
8.735 0.12629
8.74 0.12616
8.745 0.12603
8.75 0.1259
8.755 0.12577
8.76 0.125641
8.765 0.125512
8.77 0.125383
8.775 0.125254
8.78 0.125126
8.785 0.124997
8.79 0.124869
8.795 0.124741
8.8 0.124613
8.805 0.124486
8.81 0.124358
8.815 0.124231
8.82 0.124104
8.825 0.123977
8.83 0.12385
8.835 0.123724
8.84 0.123597
8.845 0.123471
8.85 0.123345
8.855 0.12322
8.86 0.123094
8.865 0.122969
8.87 0.122844
8.875 0.122719
8.88 0.122594
8.885 0.122469
8.89 0.122345
8.895 0.12222
8.9 0.122096
8.905 0.121972
8.91 0.121849
8.915 0.121725
8.92 0.121602
8.925 0.121478
8.93 0.121355
8.935 0.121233
8.94 0.12111
8.945 0.120988
8.95 0.120865
8.955 0.120743
8.96 0.120621
8.965 0.1205
8.97 0.120378
8.975 0.120257
8.98 0.120135
8.985 0.120014
8.99 0.119893
8.995 0.119773
9 0.119652
9.005 0.119532
9.01 0.119412
9.015 0.119292
9.02 0.119172
9.025 0.119052
9.03 0.118933
9.035 0.118814
9.04 0.118695
9.045 0.118576
9.05 0.118457
9.055 0.118338
9.06 0.11822
9.065 0.118102
9.07 0.117984
9.075 0.117866
9.08 0.117748
9.085 0.11763
9.09 0.117513
9.095 0.117396
9.1 0.117279
9.105 0.117162
9.11 0.117045
9.115 0.116929
9.12 0.116812
9.125 0.116696
9.13 0.11658
9.135 0.116464
9.14 0.116348
9.145 0.116233
9.15 0.116117
9.155 0.116002
9.16 0.115887
9.165 0.115772
9.17 0.115658
9.175 0.115543
9.18 0.115429
9.185 0.115314
9.19 0.1152
9.195 0.115087
9.2 0.114973
9.205 0.114859
9.21 0.114746
9.215 0.114633
9.22 0.11452
9.225 0.114407
9.23 0.114294
9.235 0.114181
9.24 0.114069
9.245 0.113957
9.25 0.113845
9.255 0.113733
9.26 0.113621
9.265 0.113509
9.27 0.113398
9.275 0.113286
9.28 0.113175
9.285 0.113064
9.29 0.112954
9.295 0.112843
9.3 0.112732
9.305 0.112622
9.31 0.112512
9.315 0.112402
9.32 0.112292
9.325 0.112182
9.33 0.112073
9.335 0.111963
9.34 0.111854
9.345 0.111745
9.35 0.111636
9.355 0.111527
9.36 0.111418
9.365 0.11131
9.37 0.111202
9.375 0.111093
9.38 0.110985
9.385 0.110877
9.39 0.11077
9.395 0.110662
9.4 0.110555
9.405 0.110448
9.41 0.11034
9.415 0.110233
9.42 0.110127
9.425 0.11002
9.43 0.109913
9.435 0.109807
9.44 0.109701
9.445 0.109595
9.45 0.109489
9.455 0.109383
9.46 0.109278
9.465 0.109172
9.47 0.109067
9.475 0.108962
9.48 0.108857
9.485 0.108752
9.49 0.108647
9.495 0.108542
9.5 0.108438
9.505 0.108334
9.51 0.10823
9.515 0.108126
9.52 0.108022
9.525 0.107918
9.53 0.107814
9.535 0.107711
9.54 0.107608
9.545 0.107505
9.55 0.107402
9.555 0.107299
9.56 0.107196
9.565 0.107094
9.57 0.106991
9.575 0.106889
9.58 0.106787
9.585 0.106685
9.59 0.106583
9.595 0.106481
9.6 0.10638
9.605 0.106278
9.61 0.106177
9.615 0.106076
9.62 0.105975
9.625 0.105874
9.63 0.105773
9.635 0.105673
9.64 0.105572
9.645 0.105472
9.65 0.105372
9.655 0.105272
9.66 0.105172
9.665 0.105072
9.67 0.104973
9.675 0.104873
9.68 0.104774
9.685 0.104675
9.69 0.104576
9.695 0.104477
9.7 0.104378
9.705 0.104279
9.71 0.104181
9.715 0.104082
9.72 0.103984
9.725 0.103886
9.73 0.103788
9.735 0.10369
9.74 0.103593
9.745 0.103495
9.75 0.103398
9.755 0.1033
9.76 0.103203
9.765 0.103106
9.77 0.103009
9.775 0.102912
9.78 0.102816
9.785 0.102719
9.79 0.102623
9.795 0.102527
9.8 0.102431
9.805 0.102335
9.81 0.102239
9.815 0.102143
9.82 0.102047
9.825 0.101952
9.83 0.101857
9.835 0.101762
9.84 0.101666
9.845 0.101572
9.85 0.101477
9.855 0.101382
9.86 0.101288
9.865 0.101193
9.87 0.101099
9.875 0.101005
9.88 0.100911
9.885 0.100817
9.89 0.100723
9.895 0.100629
9.9 0.100536
9.905 0.100443
9.91 0.100349
9.915 0.100256
9.92 0.100163
9.925 0.10007
9.93 0.0999775
9.935 0.0998848
9.94 0.0997923
9.945 0.0997
9.95 0.0996077
9.955 0.0995156
9.96 0.0994236
9.965 0.0993317
9.97 0.0992399
9.975 0.0991483
9.98 0.0990568
9.985 0.0989654
9.99 0.0988742
9.995 0.098783
