0 -nan
0.005 0.949616
0.01 0.403066
0.015 0.0250275
0.02 0.113102
0.025 0.615653
0.03 0.0679617
0.035 0.0508185
0.04 0.716843
0.045 0.0347699
0.05 0.291094
0.055 0.258583
0.06 0.117202
0.065 0.494142
0.07 0.161101
0.075 0.602744
0.08 0.631187
0.085 0.502323
0.09 0.191569
0.095 0.0176466
0.1 0.388406
0.105 0.18766
0.11 0.16547
0.115 0.221314
0.12 0.181751
0.125 0.116188
0.13 0.256195
0.135 0.0888932
0.14 0.157221
0.145 0.205599
0.15 0.130424
0.155 0.12339
0.16 0.15756
0.165 0.167048
0.17 0.162858
0.175 0.148294
0.18 0.124765
0.185 0.121288
0.19 0.154902
0.195 0.19688
0.2 0.202674
0.205 0.161532
0.21 0.106702
0.215 0.0833611
0.22 0.111586
0.225 0.174702
0.23 0.2349
0.235 0.258785
0.24 0.234983
0.245 0.176419
0.25 0.11042
0.255 0.0646735
0.26 0.0562399
0.265 0.0871246
0.27 0.146177
0.275 0.214873
0.28 0.27402
0.285 0.309121
0.29 0.313258
0.295 0.287439
0.3 0.239002
0.305 0.179001
0.31 0.1194
0.315 0.0707171
0.32 0.0404442
0.325 0.0323343
0.33 0.046446
0.335 0.0797452
0.34 0.127027
0.345 0.181939
0.35 0.237946
0.355 0.28911
0.36 0.33065
0.365 0.359254
0.37 0.373178
0.375 0.372164
0.38 0.35724
0.385 0.330434
0.39 0.294464
0.395 0.252423
0.4 0.2075
0.405 0.162745
0.41 0.120883
0.415 0.0841936
0.42 0.0544294
0.425 0.0327939
0.43 0.0199496
0.435 0.0160583
0.44 0.0208418
0.445 0.0336552
0.45 0.0535664
0.455 0.0794368
0.46 0.109997
0.465 0.143917
0.47 0.179867
0.475 0.216565
0.48 0.252824
0.485 0.287576
0.49 0.319895
0.495 0.34901
0.5 0.374311
0.505 0.395346
0.51 0.411815
0.515 0.423561
0.52 0.430558
0.525 0.432894
0.53 0.430757
0.535 0.424418
0.54 0.414215
0.545 0.400539
0.55 0.383815
0.555 0.364496
0.56 0.343044
0.565 0.319923
0.57 0.295589
0.575 0.270482
0.58 0.245021
0.585 0.219598
0.59 0.194572
0.595 0.17027
0.6 0.146986
0.605 0.124973
0.61 0.104452
0.615 0.0856062
0.62 0.0685835
0.625 0.0534997
0.63 0.0404387
0.635 0.0294548
0.64 0.0205752
0.645 0.0138022
0.65 0.00911552
0.655 0.00647492
0.66 0.00582248
0.665 0.00708496
0.67 0.0101761
0.675 0.0149986
0.68 0.0214465
0.685 0.0294067
0.69 0.038761
0.695 0.0493873
0.7 0.0611617
0.705 0.0739594
0.71 0.0876558
0.715 0.102128
0.72 0.117255
0.725 0.132919
0.73 0.149007
0.735 0.165409
0.74 0.18202
0.745 0.198742
0.75 0.215479
0.755 0.232144
0.76 0.248655
0.765 0.264934
0.77 0.280912
0.775 0.296524
0.78 0.31171
0.785 0.326418
0.79 0.340601
0.795 0.354215
0.8 0.367225
0.805 0.379599
0.81 0.391309
0.815 0.402333
0.82 0.412654
0.825 0.422256
0.83 0.43113
0.835 0.43927
0.84 0.446672
0.845 0.453336
0.85 0.459265
0.855 0.464465
0.86 0.468944
0.865 0.472711
0.87 0.475779
0.875 0.478163
0.88 0.479877
0.885 0.480939
0.89 0.481366
0.895 0.481179
0.9 0.480398
0.905 0.479044
0.91 0.477139
0.915 0.474704
0.92 0.471763
0.925 0.468339
0.93 0.464455
0.935 0.460135
0.94 0.455401
0.945 0.450277
0.95 0.444786
0.955 0.438952
0.96 0.432796
0.965 0.426341
0.97 0.419609
0.975 0.412622
0.98 0.405401
0.985 0.397966
0.99 0.390338
0.995 0.382537
1 0.37458
1.005 0.366488
1.01 0.358277
1.015 0.349965
1.02 0.341569
1.025 0.333104
1.03 0.324587
1.035 0.316032
1.04 0.307454
1.045 0.298866
1.05 0.29028
1.055 0.281711
1.06 0.273168
1.065 0.264665
1.07 0.256211
1.075 0.247816
1.08 0.239491
1.085 0.231243
1.09 0.223083
1.095 0.215017
1.1 0.207053
1.105 0.199198
1.11 0.19146
1.115 0.183843
1.12 0.176353
1.125 0.168996
1.13 0.161777
1.135 0.154699
1.14 0.147768
1.145 0.140985
1.15 0.134356
1.155 0.127882
1.16 0.121567
1.165 0.115412
1.17 0.10942
1.175 0.103593
1.18 0.0979306
1.185 0.0924354
1.19 0.087108
1.195 0.0819491
1.2 0.0769591
1.205 0.0721382
1.21 0.0674864
1.215 0.0630036
1.22 0.0586893
1.225 0.0545431
1.23 0.0505643
1.235 0.046752
1.24 0.0431051
1.245 0.0396226
1.25 0.0363033
1.255 0.0331456
1.26 0.0301482
1.265 0.0273093
1.27 0.0246274
1.275 0.0221007
1.28 0.0197272
1.285 0.017505
1.29 0.0154322
1.295 0.0135066
1.3 0.0117261
1.305 0.0100885
1.31 0.00859157
1.315 0.00723304
1.32 0.00601058
1.325 0.00492185
1.33 0.00396447
1.335 0.00313602
1.34 0.00243409
1.345 0.00185623
1.35 0.00139998
1.355 0.00106288
1.36 0.000842449
1.365 0.000736209
1.37 0.000741679
1.375 0.000856379
1.38 0.00107783
1.385 0.00140357
1.39 0.00183113
1.395 0.00235806
1.4 0.00298192
1.405 0.00370029
1.41 0.00451075
1.415 0.00541092
1.42 0.00639841
1.425 0.00747088
1.43 0.008626
1.435 0.00986145
1.44 0.011175
1.445 0.0125643
1.45 0.0140271
1.455 0.0155613
1.46 0.0171647
1.465 0.0188351
1.47 0.0205703
1.475 0.0223684
1.48 0.0242272
1.485 0.0261447
1.49 0.0281189
1.495 0.0301478
1.5 0.0322295
1.505 0.0343621
1.51 0.0365437
1.515 0.0387724
1.52 0.0410464
1.525 0.043364
1.53 0.0457234
1.535 0.0481228
1.54 0.0505607
1.545 0.0530353
1.55 0.0555449
1.555 0.0580882
1.56 0.0606633
1.565 0.0632689
1.57 0.0659035
1.575 0.0685654
1.58 0.0712535
1.585 0.0739661
1.59 0.076702
1.595 0.0794599
1.6 0.0822383
1.605 0.085036
1.61 0.0878517
1.615 0.0906843
1.62 0.0935325
1.625 0.0963952
1.63 0.0992711
1.635 0.102159
1.64 0.105059
1.645 0.107968
1.65 0.110886
1.655 0.113812
1.66 0.116746
1.665 0.119685
1.67 0.12263
1.675 0.125578
1.68 0.12853
1.685 0.131485
1.69 0.134441
1.695 0.137398
1.7 0.140354
1.705 0.143311
1.71 0.146265
1.715 0.149218
1.72 0.152167
1.725 0.155113
1.73 0.158054
1.735 0.160991
1.74 0.163922
1.745 0.166847
1.75 0.169765
1.755 0.172675
1.76 0.175578
1.765 0.178472
1.77 0.181358
1.775 0.184234
1.78 0.1871
1.785 0.189955
1.79 0.1928
1.795 0.195634
1.8 0.198455
1.805 0.201265
1.81 0.204062
1.815 0.206846
1.82 0.209617
1.825 0.212374
1.83 0.215118
1.835 0.217847
1.84 0.220561
1.845 0.223261
1.85 0.225945
1.855 0.228614
1.86 0.231268
1.865 0.233905
1.87 0.236526
1.875 0.239131
1.88 0.241719
1.885 0.24429
1.89 0.246844
1.895 0.249381
1.9 0.2519
1.905 0.254402
1.91 0.256886
1.915 0.259352
1.92 0.2618
1.925 0.26423
1.93 0.266642
1.935 0.269035
1.94 0.271409
1.945 0.273765
1.95 0.276102
1.955 0.27842
1.96 0.280719
1.965 0.283
1.97 0.285261
1.975 0.287503
1.98 0.289726
1.985 0.291929
1.99 0.294113
1.995 0.296278
2 0.298424
2.005 0.30055
2.01 0.302656
2.015 0.304743
2.02 0.306811
2.025 0.308859
2.03 0.310888
2.035 0.312897
2.04 0.314887
2.045 0.316858
2.05 0.318809
2.055 0.32074
2.06 0.322652
2.065 0.324545
2.07 0.326418
2.075 0.328272
2.08 0.330107
2.085 0.331922
2.09 0.333718
2.095 0.335495
2.1 0.337253
2.105 0.338992
2.11 0.340712
2.115 0.342413
2.12 0.344095
2.125 0.345758
2.13 0.347402
2.135 0.349028
2.14 0.350635
2.145 0.352223
2.15 0.353793
2.155 0.355345
2.16 0.356878
2.165 0.358393
2.17 0.359889
2.175 0.361368
2.18 0.362828
2.185 0.364271
2.19 0.365696
2.195 0.367103
2.2 0.368492
2.205 0.369863
2.21 0.371218
2.215 0.372554
2.22 0.373874
2.225 0.375176
2.23 0.376461
2.235 0.377729
2.24 0.37898
2.245 0.380214
2.25 0.381432
2.255 0.382633
2.26 0.383817
2.265 0.384985
2.27 0.386137
2.275 0.387272
2.28 0.388391
2.285 0.389495
2.29 0.390582
2.295 0.391653
2.3 0.392709
2.305 0.393749
2.31 0.394774
2.315 0.395783
2.32 0.396777
2.325 0.397756
2.33 0.39872
2.335 0.399668
2.34 0.400602
2.345 0.401521
2.35 0.402426
2.355 0.403316
2.36 0.404191
2.365 0.405052
2.37 0.405899
2.375 0.406732
2.38 0.407551
2.385 0.408356
2.39 0.409147
2.395 0.409924
2.4 0.410688
2.405 0.411439
2.41 0.412176
2.415 0.412899
2.42 0.41361
2.425 0.414307
2.43 0.414992
2.435 0.415664
2.44 0.416323
2.445 0.416969
2.45 0.417603
2.455 0.418224
2.46 0.418834
2.465 0.41943
2.47 0.420015
2.475 0.420588
2.48 0.421149
2.485 0.421698
2.49 0.422235
2.495 0.422761
2.5 0.423275
2.505 0.423778
2.51 0.424269
2.515 0.42475
2.52 0.425219
2.525 0.425677
2.53 0.426124
2.535 0.426561
2.54 0.426986
2.545 0.427401
2.55 0.427806
2.555 0.4282
2.56 0.428584
2.565 0.428957
2.57 0.429321
2.575 0.429674
2.58 0.430018
2.585 0.430351
2.59 0.430675
2.595 0.430989
2.6 0.431293
2.605 0.431588
2.61 0.431874
2.615 0.43215
2.62 0.432417
2.625 0.432675
2.63 0.432923
2.635 0.433163
2.64 0.433394
2.645 0.433616
2.65 0.433829
2.655 0.434034
2.66 0.43423
2.665 0.434418
2.67 0.434597
2.675 0.434768
2.68 0.434931
2.685 0.435086
2.69 0.435232
2.695 0.435371
2.7 0.435501
2.705 0.435624
2.71 0.435739
2.715 0.435847
2.72 0.435947
2.725 0.436039
2.73 0.436124
2.735 0.436201
2.74 0.436272
2.745 0.436335
2.75 0.436391
2.755 0.43644
2.76 0.436481
2.765 0.436516
2.77 0.436545
2.775 0.436566
2.78 0.436581
2.785 0.436589
2.79 0.43659
2.795 0.436585
2.8 0.436573
2.805 0.436556
2.81 0.436531
2.815 0.436501
2.82 0.436465
2.825 0.436422
2.83 0.436373
2.835 0.436319
2.84 0.436258
2.845 0.436192
2.85 0.43612
2.855 0.436042
2.86 0.435959
2.865 0.43587
2.87 0.435775
2.875 0.435675
2.88 0.43557
2.885 0.435459
2.89 0.435343
2.895 0.435222
2.9 0.435095
2.905 0.434964
2.91 0.434827
2.915 0.434686
2.92 0.434539
2.925 0.434388
2.93 0.434232
2.935 0.434071
2.94 0.433905
2.945 0.433735
2.95 0.43356
2.955 0.43338
2.96 0.433196
2.965 0.433008
2.97 0.432815
2.975 0.432617
2.98 0.432416
2.985 0.43221
2.99 0.432
2.995 0.431786
3 0.431568
3.005 0.431346
3.01 0.431119
3.015 0.430889
3.02 0.430655
3.025 0.430417
3.03 0.430175
3.035 0.429929
3.04 0.42968
3.045 0.429427
3.05 0.429171
3.055 0.42891
3.06 0.428647
3.065 0.428379
3.07 0.428109
3.075 0.427834
3.08 0.427557
3.085 0.427276
3.09 0.426992
3.095 0.426705
3.1 0.426414
3.105 0.42612
3.11 0.425823
3.115 0.425523
3.12 0.42522
3.125 0.424914
3.13 0.424605
3.135 0.424293
3.14 0.423979
3.145 0.423661
3.15 0.42334
3.155 0.423017
3.16 0.422691
3.165 0.422362
3.17 0.422031
3.175 0.421697
3.18 0.42136
3.185 0.421021
3.19 0.420679
3.195 0.420335
3.2 0.419988
3.205 0.419639
3.21 0.419287
3.215 0.418933
3.22 0.418577
3.225 0.418219
3.23 0.417858
3.235 0.417495
3.24 0.417129
3.245 0.416762
3.25 0.416392
3.255 0.416021
3.26 0.415647
3.265 0.415271
3.27 0.414893
3.275 0.414513
3.28 0.414131
3.285 0.413747
3.29 0.413362
3.295 0.412974
3.3 0.412585
3.305 0.412193
3.31 0.4118
3.315 0.411405
3.32 0.411009
3.325 0.410611
3.33 0.410211
3.335 0.409809
3.34 0.409406
3.345 0.409001
3.35 0.408594
3.355 0.408186
3.36 0.407776
3.365 0.407365
3.37 0.406953
3.375 0.406539
3.38 0.406123
3.385 0.405706
3.39 0.405288
3.395 0.404868
3.4 0.404447
3.405 0.404025
3.41 0.403601
3.415 0.403176
3.42 0.40275
3.425 0.402322
3.43 0.401893
3.435 0.401463
3.44 0.401032
3.445 0.4006
3.45 0.400167
3.455 0.399732
3.46 0.399297
3.465 0.39886
3.47 0.398422
3.475 0.397984
3.48 0.397544
3.485 0.397103
3.49 0.396661
3.495 0.396219
3.5 0.395775
3.505 0.39533
3.51 0.394885
3.515 0.394439
3.52 0.393991
3.525 0.393543
3.53 0.393095
3.535 0.392645
3.54 0.392194
3.545 0.391743
3.55 0.391291
3.555 0.390838
3.56 0.390385
3.565 0.389931
3.57 0.389476
3.575 0.38902
3.58 0.388564
3.585 0.388107
3.59 0.387649
3.595 0.387191
3.6 0.386732
3.605 0.386273
3.61 0.385813
3.615 0.385353
3.62 0.384892
3.625 0.38443
3.63 0.383968
3.635 0.383506
3.64 0.383042
3.645 0.382579
3.65 0.382115
3.655 0.381651
3.66 0.381186
3.665 0.38072
3.67 0.380255
3.675 0.379789
3.68 0.379322
3.685 0.378855
3.69 0.378388
3.695 0.377921
3.7 0.377453
3.705 0.376984
3.71 0.376516
3.715 0.376047
3.72 0.375578
3.725 0.375109
3.73 0.374639
3.735 0.374169
3.74 0.373699
3.745 0.373229
3.75 0.372758
3.755 0.372288
3.76 0.371817
3.765 0.371346
3.77 0.370874
3.775 0.370403
3.78 0.369931
3.785 0.369459
3.79 0.368988
3.795 0.368516
3.8 0.368043
3.805 0.367571
3.81 0.367099
3.815 0.366626
3.82 0.366154
3.825 0.365681
3.83 0.365209
3.835 0.364736
3.84 0.364264
3.845 0.363791
3.85 0.363318
3.855 0.362845
3.86 0.362373
3.865 0.3619
3.87 0.361427
3.875 0.360954
3.88 0.360482
3.885 0.360009
3.89 0.359537
3.895 0.359064
3.9 0.358592
3.905 0.358119
3.91 0.357647
3.915 0.357175
3.92 0.356702
3.925 0.35623
3.93 0.355758
3.935 0.355287
3.94 0.354815
3.945 0.354343
3.95 0.353872
3.955 0.353401
3.96 0.35293
3.965 0.352459
3.97 0.351988
3.975 0.351517
3.98 0.351047
3.985 0.350576
3.99 0.350106
3.995 0.349636
4 0.349167
4.005 0.348697
4.01 0.348228
4.015 0.347759
4.02 0.34729
4.025 0.346821
4.03 0.346353
4.035 0.345885
4.04 0.345417
4.045 0.344949
4.05 0.344482
4.055 0.344015
4.06 0.343548
4.065 0.343082
4.07 0.342615
4.075 0.342149
4.08 0.341684
4.085 0.341218
4.09 0.340753
4.095 0.340288
4.1 0.339824
4.105 0.33936
4.11 0.338896
4.115 0.338432
4.12 0.337969
4.125 0.337506
4.13 0.337044
4.135 0.336581
4.14 0.33612
4.145 0.335658
4.15 0.335197
4.155 0.334736
4.16 0.334276
4.165 0.333816
4.17 0.333356
4.175 0.332897
4.18 0.332438
4.185 0.331979
4.19 0.331521
4.195 0.331064
4.2 0.330606
4.205 0.330149
4.21 0.329693
4.215 0.329237
4.22 0.328781
4.225 0.328326
4.23 0.327871
4.235 0.327416
4.24 0.326962
4.245 0.326509
4.25 0.326055
4.255 0.325603
4.26 0.32515
4.265 0.324698
4.27 0.324247
4.275 0.323796
4.28 0.323345
4.285 0.322895
4.29 0.322446
4.295 0.321996
4.3 0.321548
4.305 0.321099
4.31 0.320652
4.315 0.320204
4.32 0.319757
4.325 0.319311
4.33 0.318865
4.335 0.31842
4.34 0.317975
4.345 0.31753
4.35 0.317086
4.355 0.316643
4.36 0.3162
4.365 0.315757
4.37 0.315315
4.375 0.314874
4.38 0.314433
4.385 0.313992
4.39 0.313552
4.395 0.313113
4.4 0.312674
4.405 0.312235
4.41 0.311797
4.415 0.31136
4.42 0.310923
4.425 0.310486
4.43 0.310051
4.435 0.309615
4.44 0.30918
4.445 0.308746
4.45 0.308312
4.455 0.307879
4.46 0.307446
4.465 0.307014
4.47 0.306582
4.475 0.306151
4.48 0.30572
4.485 0.30529
4.49 0.304861
4.495 0.304432
4.5 0.304003
4.505 0.303575
4.51 0.303148
4.515 0.302721
4.52 0.302295
4.525 0.301869
4.53 0.301444
4.535 0.30102
4.54 0.300596
4.545 0.300172
4.55 0.299749
4.555 0.299327
4.56 0.298905
4.565 0.298484
4.57 0.298063
4.575 0.297643
4.58 0.297223
4.585 0.296804
4.59 0.296386
4.595 0.295968
4.6 0.29555
4.605 0.295134
4.61 0.294718
4.615 0.294302
4.62 0.293887
4.625 0.293472
4.63 0.293059
4.635 0.292645
4.64 0.292232
4.645 0.29182
4.65 0.291409
4.655 0.290998
4.66 0.290587
4.665 0.290177
4.67 0.289768
4.675 0.289359
4.68 0.288951
4.685 0.288544
4.69 0.288137
4.695 0.28773
4.7 0.287324
4.705 0.286919
4.71 0.286515
4.715 0.286111
4.72 0.285707
4.725 0.285304
4.73 0.284902
4.735 0.2845
4.74 0.284099
4.745 0.283698
4.75 0.283298
4.755 0.282899
4.76 0.2825
4.765 0.282102
4.77 0.281704
4.775 0.281307
4.78 0.280911
4.785 0.280515
4.79 0.28012
4.795 0.279725
4.8 0.279331
4.805 0.278938
4.81 0.278545
4.815 0.278153
4.82 0.277761
4.825 0.27737
4.83 0.276979
4.835 0.276589
4.84 0.2762
4.845 0.275811
4.85 0.275423
4.855 0.275035
4.86 0.274648
4.865 0.274262
4.87 0.273876
4.875 0.273491
4.88 0.273106
4.885 0.272722
4.89 0.272339
4.895 0.271956
4.9 0.271574
4.905 0.271192
4.91 0.270811
4.915 0.270431
4.92 0.270051
4.925 0.269671
4.93 0.269293
4.935 0.268915
4.94 0.268537
4.945 0.26816
4.95 0.267784
4.955 0.267408
4.96 0.267033
4.965 0.266658
4.97 0.266284
4.975 0.265911
4.98 0.265538
4.985 0.265166
4.99 0.264794
4.995 0.264423
5 0.264053
5.005 0.263683
5.01 0.263314
5.015 0.262945
5.02 0.262577
5.025 0.26221
5.03 0.261843
5.035 0.261476
5.04 0.261111
5.045 0.260746
5.05 0.260381
5.055 0.260017
5.06 0.259654
5.065 0.259291
5.07 0.258929
5.075 0.258567
5.08 0.258206
5.085 0.257846
5.09 0.257486
5.095 0.257126
5.1 0.256768
5.105 0.25641
5.11 0.256052
5.115 0.255695
5.12 0.255339
5.125 0.254983
5.13 0.254628
5.135 0.254273
5.14 0.253919
5.145 0.253566
5.15 0.253213
5.155 0.25286
5.16 0.252509
5.165 0.252158
5.17 0.251807
5.175 0.251457
5.18 0.251108
5.185 0.250759
5.19 0.250411
5.195 0.250063
5.2 0.249716
5.205 0.249369
5.21 0.249023
5.215 0.248678
5.22 0.248333
5.225 0.247989
5.23 0.247645
5.235 0.247302
5.24 0.246959
5.245 0.246617
5.25 0.246276
5.255 0.245935
5.26 0.245595
5.265 0.245255
5.27 0.244916
5.275 0.244577
5.28 0.244239
5.285 0.243902
5.29 0.243565
5.295 0.243229
5.3 0.242893
5.305 0.242558
5.31 0.242223
5.315 0.241889
5.32 0.241556
5.325 0.241223
5.33 0.24089
5.335 0.240559
5.34 0.240227
5.345 0.239897
5.35 0.239567
5.355 0.239237
5.36 0.238908
5.365 0.238579
5.37 0.238251
5.375 0.237924
5.38 0.237597
5.385 0.237271
5.39 0.236945
5.395 0.23662
5.4 0.236296
5.405 0.235971
5.41 0.235648
5.415 0.235325
5.42 0.235003
5.425 0.234681
5.43 0.234359
5.435 0.234039
5.44 0.233718
5.445 0.233399
5.45 0.23308
5.455 0.232761
5.46 0.232443
5.465 0.232125
5.47 0.231808
5.475 0.231492
5.48 0.231176
5.485 0.230861
5.49 0.230546
5.495 0.230232
5.5 0.229918
5.505 0.229605
5.51 0.229292
5.515 0.22898
5.52 0.228668
5.525 0.228357
5.53 0.228047
5.535 0.227737
5.54 0.227427
5.545 0.227118
5.55 0.22681
5.555 0.226502
5.56 0.226194
5.565 0.225888
5.57 0.225581
5.575 0.225276
5.58 0.22497
5.585 0.224666
5.59 0.224361
5.595 0.224058
5.6 0.223754
5.605 0.223452
5.61 0.22315
5.615 0.222848
5.62 0.222547
5.625 0.222246
5.63 0.221946
5.635 0.221647
5.64 0.221348
5.645 0.221049
5.65 0.220751
5.655 0.220454
5.66 0.220157
5.665 0.21986
5.67 0.219564
5.675 0.219269
5.68 0.218974
5.685 0.218679
5.69 0.218386
5.695 0.218092
5.7 0.217799
5.705 0.217507
5.71 0.217215
5.715 0.216924
5.72 0.216633
5.725 0.216342
5.73 0.216052
5.735 0.215763
5.74 0.215474
5.745 0.215186
5.75 0.214898
5.755 0.21461
5.76 0.214323
5.765 0.214037
5.77 0.213751
5.775 0.213466
5.78 0.213181
5.785 0.212896
5.79 0.212612
5.795 0.212329
5.8 0.212046
5.805 0.211764
5.81 0.211482
5.815 0.2112
5.82 0.210919
5.825 0.210639
5.83 0.210359
5.835 0.210079
5.84 0.2098
5.845 0.209521
5.85 0.209243
5.855 0.208966
5.86 0.208688
5.865 0.208412
5.87 0.208136
5.875 0.20786
5.88 0.207585
5.885 0.20731
5.89 0.207036
5.895 0.206762
5.9 0.206489
5.905 0.206216
5.91 0.205943
5.915 0.205671
5.92 0.2054
5.925 0.205129
5.93 0.204859
5.935 0.204588
5.94 0.204319
5.945 0.20405
5.95 0.203781
5.955 0.203513
5.96 0.203245
5.965 0.202978
5.97 0.202711
5.975 0.202445
5.98 0.202179
5.985 0.201914
5.99 0.201649
5.995 0.201384
6 0.20112
6.005 0.200857
6.01 0.200594
6.015 0.200331
6.02 0.200069
6.025 0.199807
6.03 0.199546
6.035 0.199285
6.04 0.199025
6.045 0.198765
6.05 0.198505
6.055 0.198246
6.06 0.197988
6.065 0.197729
6.07 0.197472
6.075 0.197214
6.08 0.196958
6.085 0.196701
6.09 0.196445
6.095 0.19619
6.1 0.195935
6.105 0.19568
6.11 0.195426
6.115 0.195172
6.12 0.194919
6.125 0.194666
6.13 0.194414
6.135 0.194162
6.14 0.19391
6.145 0.193659
6.15 0.193409
6.155 0.193159
6.16 0.192909
6.165 0.192659
6.17 0.19241
6.175 0.192162
6.18 0.191914
6.185 0.191666
6.19 0.191419
6.195 0.191172
6.2 0.190926
6.205 0.19068
6.21 0.190434
6.215 0.190189
6.22 0.189945
6.225 0.1897
6.23 0.189457
6.235 0.189213
6.24 0.18897
6.245 0.188728
6.25 0.188486
6.255 0.188244
6.26 0.188003
6.265 0.187762
6.27 0.187521
6.275 0.187281
6.28 0.187042
6.285 0.186802
6.29 0.186563
6.295 0.186325
6.3 0.186087
6.305 0.185849
6.31 0.185612
6.315 0.185376
6.32 0.185139
6.325 0.184903
6.33 0.184668
6.335 0.184432
6.34 0.184198
6.345 0.183963
6.35 0.183729
6.355 0.183496
6.36 0.183263
6.365 0.18303
6.37 0.182798
6.375 0.182566
6.38 0.182334
6.385 0.182103
6.39 0.181872
6.395 0.181642
6.4 0.181412
6.405 0.181183
6.41 0.180953
6.415 0.180725
6.42 0.180496
6.425 0.180268
6.43 0.180041
6.435 0.179814
6.44 0.179587
6.445 0.17936
6.45 0.179134
6.455 0.178909
6.46 0.178683
6.465 0.178458
6.47 0.178234
6.475 0.17801
6.48 0.177786
6.485 0.177563
6.49 0.17734
6.495 0.177117
6.5 0.176895
6.505 0.176673
6.51 0.176452
6.515 0.176231
6.52 0.17601
6.525 0.17579
6.53 0.17557
6.535 0.17535
6.54 0.175131
6.545 0.174912
6.55 0.174694
6.555 0.174476
6.56 0.174258
6.565 0.174041
6.57 0.173824
6.575 0.173607
6.58 0.173391
6.585 0.173175
6.59 0.17296
6.595 0.172745
6.6 0.17253
6.605 0.172316
6.61 0.172102
6.615 0.171888
6.62 0.171675
6.625 0.171462
6.63 0.171249
6.635 0.171037
6.64 0.170825
6.645 0.170614
6.65 0.170403
6.655 0.170192
6.66 0.169982
6.665 0.169772
6.67 0.169562
6.675 0.169353
6.68 0.169144
6.685 0.168935
6.69 0.168727
6.695 0.168519
6.7 0.168311
6.705 0.168104
6.71 0.167897
6.715 0.167691
6.72 0.167485
6.725 0.167279
6.73 0.167073
6.735 0.166868
6.74 0.166663
6.745 0.166459
6.75 0.166255
6.755 0.166051
6.76 0.165848
6.765 0.165645
6.77 0.165442
6.775 0.16524
6.78 0.165038
6.785 0.164836
6.79 0.164635
6.795 0.164434
6.8 0.164233
6.805 0.164033
6.81 0.163833
6.815 0.163633
6.82 0.163434
6.825 0.163235
6.83 0.163036
6.835 0.162838
6.84 0.16264
6.845 0.162443
6.85 0.162245
6.855 0.162048
6.86 0.161852
6.865 0.161655
6.87 0.161459
6.875 0.161264
6.88 0.161068
6.885 0.160873
6.89 0.160679
6.895 0.160484
6.9 0.16029
6.905 0.160097
6.91 0.159903
6.915 0.15971
6.92 0.159518
6.925 0.159325
6.93 0.159133
6.935 0.158941
6.94 0.15875
6.945 0.158559
6.95 0.158368
6.955 0.158178
6.96 0.157988
6.965 0.157798
6.97 0.157608
6.975 0.157419
6.98 0.15723
6.985 0.157042
6.99 0.156853
6.995 0.156665
7 0.156478
7.005 0.15629
7.01 0.156104
7.015 0.155917
7.02 0.15573
7.025 0.155544
7.03 0.155359
7.035 0.155173
7.04 0.154988
7.045 0.154803
7.05 0.154619
7.055 0.154434
7.06 0.154251
7.065 0.154067
7.07 0.153884
7.075 0.153701
7.08 0.153518
7.085 0.153336
7.09 0.153154
7.095 0.152972
7.1 0.15279
7.105 0.152609
7.11 0.152428
7.115 0.152248
7.12 0.152067
7.125 0.151887
7.13 0.151708
7.135 0.151528
7.14 0.151349
7.145 0.15117
7.15 0.150992
7.155 0.150814
7.16 0.150636
7.165 0.150458
7.17 0.150281
7.175 0.150104
7.18 0.149927
7.185 0.149751
7.19 0.149574
7.195 0.149399
7.2 0.149223
7.205 0.149048
7.21 0.148873
7.215 0.148698
7.22 0.148524
7.225 0.148349
7.23 0.148176
7.235 0.148002
7.24 0.147829
7.245 0.147656
7.25 0.147483
7.255 0.147311
7.26 0.147138
7.265 0.146967
7.27 0.146795
7.275 0.146624
7.28 0.146453
7.285 0.146282
7.29 0.146111
7.295 0.145941
7.3 0.145771
7.305 0.145602
7.31 0.145432
7.315 0.145263
7.32 0.145094
7.325 0.144926
7.33 0.144758
7.335 0.14459
7.34 0.144422
7.345 0.144255
7.35 0.144087
7.355 0.143921
7.36 0.143754
7.365 0.143588
7.37 0.143422
7.375 0.143256
7.38 0.14309
7.385 0.142925
7.39 0.14276
7.395 0.142595
7.4 0.142431
7.405 0.142267
7.41 0.142103
7.415 0.141939
7.42 0.141776
7.425 0.141613
7.43 0.14145
7.435 0.141287
7.44 0.141125
7.445 0.140963
7.45 0.140801
7.455 0.140639
7.46 0.140478
7.465 0.140317
7.47 0.140156
7.475 0.139996
7.48 0.139836
7.485 0.139676
7.49 0.139516
7.495 0.139356
7.5 0.139197
7.505 0.139038
7.51 0.13888
7.515 0.138721
7.52 0.138563
7.525 0.138405
7.53 0.138247
7.535 0.13809
7.54 0.137933
7.545 0.137776
7.55 0.137619
7.555 0.137463
7.56 0.137307
7.565 0.137151
7.57 0.136995
7.575 0.13684
7.58 0.136684
7.585 0.13653
7.59 0.136375
7.595 0.136221
7.6 0.136066
7.605 0.135912
7.61 0.135759
7.615 0.135605
7.62 0.135452
7.625 0.135299
7.63 0.135147
7.635 0.134994
7.64 0.134842
7.645 0.13469
7.65 0.134538
7.655 0.134387
7.66 0.134235
7.665 0.134085
7.67 0.133934
7.675 0.133783
7.68 0.133633
7.685 0.133483
7.69 0.133333
7.695 0.133184
7.7 0.133034
7.705 0.132885
7.71 0.132736
7.715 0.132588
7.72 0.132439
7.725 0.132291
7.73 0.132143
7.735 0.131996
7.74 0.131848
7.745 0.131701
7.75 0.131554
7.755 0.131407
7.76 0.131261
7.765 0.131115
7.77 0.130969
7.775 0.130823
7.78 0.130677
7.785 0.130532
7.79 0.130387
7.795 0.130242
7.8 0.130097
7.805 0.129953
7.81 0.129809
7.815 0.129665
7.82 0.129521
7.825 0.129377
7.83 0.129234
7.835 0.129091
7.84 0.128948
7.845 0.128806
7.85 0.128663
7.855 0.128521
7.86 0.128379
7.865 0.128237
7.87 0.128096
7.875 0.127955
7.88 0.127813
7.885 0.127673
7.89 0.127532
7.895 0.127392
7.9 0.127251
7.905 0.127112
7.91 0.126972
7.915 0.126832
7.92 0.126693
7.925 0.126554
7.93 0.126415
7.935 0.126276
7.94 0.126138
7.945 0.126
7.95 0.125862
7.955 0.125724
7.96 0.125586
7.965 0.125449
7.97 0.125312
7.975 0.125175
7.98 0.125038
7.985 0.124902
7.99 0.124766
7.995 0.12463
8 0.124494
8.005 0.124358
8.01 0.124223
8.015 0.124087
8.02 0.123952
8.025 0.123818
8.03 0.123683
8.035 0.123549
8.04 0.123414
8.045 0.12328
8.05 0.123147
8.055 0.123013
8.06 0.12288
8.065 0.122747
8.07 0.122614
8.075 0.122481
8.08 0.122348
8.085 0.122216
8.09 0.122084
8.095 0.121952
8.1 0.12182
8.105 0.121689
8.11 0.121558
8.115 0.121426
8.12 0.121296
8.125 0.121165
8.13 0.121034
8.135 0.120904
8.14 0.120774
8.145 0.120644
8.15 0.120514
8.155 0.120385
8.16 0.120256
8.165 0.120127
8.17 0.119998
8.175 0.119869
8.18 0.11974
8.185 0.119612
8.19 0.119484
8.195 0.119356
8.2 0.119228
8.205 0.119101
8.21 0.118974
8.215 0.118846
8.22 0.11872
8.225 0.118593
8.23 0.118466
8.235 0.11834
8.24 0.118214
8.245 0.118088
8.25 0.117962
8.255 0.117836
8.26 0.117711
8.265 0.117586
8.27 0.117461
8.275 0.117336
8.28 0.117211
8.285 0.117087
8.29 0.116963
8.295 0.116839
8.3 0.116715
8.305 0.116591
8.31 0.116468
8.315 0.116344
8.32 0.116221
8.325 0.116098
8.33 0.115976
8.335 0.115853
8.34 0.115731
8.345 0.115608
8.35 0.115486
8.355 0.115365
8.36 0.115243
8.365 0.115121
8.37 0.115
8.375 0.114879
8.38 0.114758
8.385 0.114638
8.39 0.114517
8.395 0.114397
8.4 0.114276
8.405 0.114156
8.41 0.114037
8.415 0.113917
8.42 0.113798
8.425 0.113678
8.43 0.113559
8.435 0.11344
8.44 0.113322
8.445 0.113203
8.45 0.113085
8.455 0.112966
8.46 0.112848
8.465 0.112731
8.47 0.112613
8.475 0.112495
8.48 0.112378
8.485 0.112261
8.49 0.112144
8.495 0.112027
8.5 0.111911
8.505 0.111794
8.51 0.111678
8.515 0.111562
8.52 0.111446
8.525 0.11133
8.53 0.111215
8.535 0.111099
8.54 0.110984
8.545 0.110869
8.55 0.110754
8.555 0.110639
8.56 0.110525
8.565 0.110411
8.57 0.110296
8.575 0.110182
8.58 0.110068
8.585 0.109955
8.59 0.109841
8.595 0.109728
8.6 0.109615
8.605 0.109502
8.61 0.109389
8.615 0.109276
8.62 0.109164
8.625 0.109051
8.63 0.108939
8.635 0.108827
8.64 0.108715
8.645 0.108604
8.65 0.108492
8.655 0.108381
8.66 0.10827
8.665 0.108159
8.67 0.108048
8.675 0.107937
8.68 0.107827
8.685 0.107716
8.69 0.107606
8.695 0.107496
8.7 0.107386
8.705 0.107276
8.71 0.107167
8.715 0.107057
8.72 0.106948
8.725 0.106839
8.73 0.10673
8.735 0.106621
8.74 0.106513
8.745 0.106404
8.75 0.106296
8.755 0.106188
8.76 0.10608
8.765 0.105972
8.77 0.105865
8.775 0.105757
8.78 0.10565
8.785 0.105543
8.79 0.105436
8.795 0.105329
8.8 0.105222
8.805 0.105116
8.81 0.105009
8.815 0.104903
8.82 0.104797
8.825 0.104691
8.83 0.104585
8.835 0.10448
8.84 0.104374
8.845 0.104269
8.85 0.104164
8.855 0.104059
8.86 0.103954
8.865 0.103849
8.87 0.103745
8.875 0.10364
8.88 0.103536
8.885 0.103432
8.89 0.103328
8.895 0.103224
8.9 0.103121
8.905 0.103017
8.91 0.102914
8.915 0.102811
8.92 0.102708
8.925 0.102605
8.93 0.102502
8.935 0.1024
8.94 0.102297
8.945 0.102195
8.95 0.102093
8.955 0.101991
8.96 0.101889
8.965 0.101787
8.97 0.101686
8.975 0.101584
8.98 0.101483
8.985 0.101382
8.99 0.101281
8.995 0.10118
9 0.101079
9.005 0.100979
9.01 0.100879
9.015 0.100778
9.02 0.100678
9.025 0.100578
9.03 0.100478
9.035 0.100379
9.04 0.100279
9.045 0.10018
9.05 0.100081
9.055 0.0999816
9.06 0.0998826
9.065 0.0997838
9.07 0.0996851
9.075 0.0995866
9.08 0.0994882
9.085 0.09939
9.09 0.0992919
9.095 0.0991939
9.1 0.0990961
9.105 0.0989984
9.11 0.0989009
9.115 0.0988035
9.12 0.0987062
9.125 0.0986091
9.13 0.0985121
9.135 0.0984153
9.14 0.0983186
9.145 0.098222
9.15 0.0981255
9.155 0.0980292
9.16 0.0979331
9.165 0.0978371
9.17 0.0977412
9.175 0.0976454
9.18 0.0975498
9.185 0.0974543
9.19 0.097359
9.195 0.0972638
9.2 0.0971687
9.205 0.0970738
9.21 0.096979
9.215 0.0968843
9.22 0.0967897
9.225 0.0966953
9.23 0.0966011
9.235 0.0965069
9.24 0.0964129
9.245 0.0963191
9.25 0.0962253
9.255 0.0961317
9.26 0.0960383
9.265 0.0959449
9.27 0.0958517
9.275 0.0957586
9.28 0.0956657
9.285 0.0955729
9.29 0.0954802
9.295 0.0953876
9.3 0.0952952
9.305 0.0952029
9.31 0.0951107
9.315 0.0950187
9.32 0.0949268
9.325 0.094835
9.33 0.0947434
9.335 0.0946519
9.34 0.0945605
9.345 0.0944692
9.35 0.0943781
9.355 0.0942871
9.36 0.0941962
9.365 0.0941054
9.37 0.0940148
9.375 0.0939243
9.38 0.0938339
9.385 0.0937437
9.39 0.0936536
9.395 0.0935636
9.4 0.0934737
9.405 0.093384
9.41 0.0932943
9.415 0.0932048
9.42 0.0931155
9.425 0.0930262
9.43 0.0929371
9.435 0.0928481
9.44 0.0927592
9.445 0.0926705
9.45 0.0925819
9.455 0.0924934
9.46 0.092405
9.465 0.0923167
9.47 0.0922286
9.475 0.0921406
9.48 0.0920527
9.485 0.0919649
9.49 0.0918773
9.495 0.0917898
9.5 0.0917024
9.505 0.0916151
9.51 0.0915279
9.515 0.0914409
9.52 0.091354
9.525 0.0912672
9.53 0.0911805
9.535 0.0910939
9.54 0.0910075
9.545 0.0909212
9.55 0.090835
9.555 0.0907489
9.56 0.0906629
9.565 0.0905771
9.57 0.0904913
9.575 0.0904057
9.58 0.0903202
9.585 0.0902349
9.59 0.0901496
9.595 0.0900645
9.6 0.0899794
9.605 0.0898945
9.61 0.0898097
9.615 0.0897251
9.62 0.0896405
9.625 0.0895561
9.63 0.0894718
9.635 0.0893875
9.64 0.0893035
9.645 0.0892195
9.65 0.0891356
9.655 0.0890519
9.66 0.0889682
9.665 0.0888847
9.67 0.0888013
9.675 0.088718
9.68 0.0886348
9.685 0.0885518
9.69 0.0884688
9.695 0.088386
9.7 0.0883033
9.705 0.0882206
9.71 0.0881381
9.715 0.0880558
9.72 0.0879735
9.725 0.0878913
9.73 0.0878093
9.735 0.0877273
9.74 0.0876455
9.745 0.0875638
9.75 0.0874822
9.755 0.0874007
9.76 0.0873193
9.765 0.087238
9.77 0.0871569
9.775 0.0870758
9.78 0.0869949
9.785 0.086914
9.79 0.0868333
9.795 0.0867527
9.8 0.0866722
9.805 0.0865918
9.81 0.0865115
9.815 0.0864313
9.82 0.0863512
9.825 0.0862713
9.83 0.0861914
9.835 0.0861117
9.84 0.086032
9.845 0.0859525
9.85 0.0858731
9.855 0.0857937
9.86 0.0857145
9.865 0.0856354
9.87 0.0855564
9.875 0.0854775
9.88 0.0853988
9.885 0.0853201
9.89 0.0852415
9.895 0.085163
9.9 0.0850847
9.905 0.0850064
9.91 0.0849283
9.915 0.0848502
9.92 0.0847723
9.925 0.0846944
9.93 0.0846167
9.935 0.084539
9.94 0.0844615
9.945 0.0843841
9.95 0.0843068
9.955 0.0842296
9.96 0.0841524
9.965 0.0840754
9.97 0.0839985
9.975 0.0839217
9.98 0.083845
9.985 0.0837684
9.99 0.0836919
9.995 0.0836155
