0 -nan
0.005 0.942463
0.01 0.398214
0.015 0.0249909
0.02 0.111189
0.025 0.610675
0.03 0.0676716
0.035 0.0496927
0.04 0.711365
0.045 0.0347995
0.05 0.288027
0.055 0.259268
0.06 0.118263
0.065 0.490593
0.07 0.161946
0.075 0.601443
0.08 0.62948
0.085 0.501389
0.09 0.191546
0.095 0.0170614
0.1 0.387272
0.105 0.187088
0.11 0.164507
0.115 0.220591
0.12 0.18098
0.125 0.11474
0.13 0.256226
0.135 0.0870104
0.14 0.155907
0.145 0.205897
0.15 0.128553
0.155 0.120779
0.16 0.157369
0.165 0.1673
0.17 0.160615
0.175 0.144825
0.18 0.123115
0.185 0.1218
0.19 0.155135
0.195 0.194793
0.2 0.198696
0.205 0.157796
0.21 0.104951
0.215 0.0836362
0.22 0.112456
0.225 0.174435
0.23 0.23256
0.235 0.254632
0.24 0.230157
0.245 0.172267
0.25 0.107875
0.255 0.0639423
0.26 0.0568339
0.265 0.0881336
0.27 0.146626
0.275 0.214024
0.28 0.271545
0.285 0.305127
0.29 0.308202
0.295 0.281972
0.3 0.233806
0.305 0.174647
0.31 0.116257
0.315 0.0689158
0.32 0.039886
0.325 0.0327382
0.33 0.0474132
0.335 0.0808296
0.34 0.127799
0.345 0.182036
0.35 0.237106
0.355 0.287189
0.36 0.32762
0.365 0.355195
0.37 0.368253
0.375 0.3666
0.38 0.351297
0.385 0.324385
0.39 0.288567
0.395 0.24691
0.4 0.20256
0.405 0.15852
0.41 0.117462
0.415 0.0816118
0.42 0.0526761
0.425 0.0318154
0.43 0.0196571
0.435 0.016336
0.44 0.0215553
0.445 0.0346593
0.45 0.0547129
0.455 0.0805803
0.46 0.111001
0.465 0.144658
0.47 0.180237
0.475 0.216476
0.48 0.252205
0.485 0.286378
0.49 0.318088
0.495 0.346584
0.5 0.37127
0.505 0.391712
0.51 0.407622
0.515 0.418856
0.52 0.425396
0.525 0.427337
0.53 0.424873
0.535 0.418277
0.54 0.407889
0.545 0.394099
0.55 0.377332
0.555 0.358036
0.56 0.33667
0.565 0.313694
0.57 0.289557
0.575 0.264696
0.58 0.239521
0.585 0.214419
0.59 0.189744
0.595 0.165816
0.6 0.142922
0.605 0.121311
0.61 0.101197
0.615 0.0827587
0.62 0.0661399
0.625 0.0514516
0.63 0.0387739
0.635 0.0281577
0.64 0.0196272
0.645 0.0131822
0.65 0.00880017
0.655 0.00643919
0.66 0.00603995
0.665 0.00752819
0.67 0.0108169
0.675 0.0158086
0.68 0.0223971
0.685 0.0304694
0.69 0.0399076
0.695 0.0505905
0.7 0.0623948
0.705 0.0751965
0.71 0.0888723
0.715 0.1033
0.72 0.118361
0.725 0.133938
0.73 0.149918
0.735 0.166195
0.74 0.182664
0.745 0.199229
0.75 0.215795
0.755 0.232277
0.76 0.248593
0.765 0.264669
0.77 0.280435
0.775 0.295828
0.78 0.31079
0.785 0.32527
0.79 0.33922
0.795 0.352601
0.8 0.365377
0.805 0.377515
0.81 0.388992
0.815 0.399784
0.82 0.409875
0.825 0.419251
0.83 0.427904
0.835 0.435826
0.84 0.443016
0.845 0.449475
0.85 0.455204
0.855 0.460211
0.86 0.464504
0.865 0.468093
0.87 0.470991
0.875 0.473212
0.88 0.474772
0.885 0.475687
0.89 0.475977
0.895 0.475661
0.9 0.474759
0.905 0.473293
0.91 0.471284
0.915 0.468755
0.92 0.465728
0.925 0.462226
0.93 0.458272
0.935 0.453891
0.94 0.449104
0.945 0.443934
0.95 0.438406
0.955 0.432542
0.96 0.426364
0.965 0.419894
0.97 0.413154
0.975 0.406166
0.98 0.398951
0.985 0.391528
0.99 0.383918
0.995 0.376141
1 0.368214
1.005 0.360157
1.01 0.351987
1.015 0.343721
1.02 0.335376
1.025 0.326967
1.03 0.31851
1.035 0.310019
1.04 0.301509
1.045 0.292992
1.05 0.284483
1.055 0.275992
1.06 0.267531
1.065 0.259113
1.07 0.250746
1.075 0.242442
1.08 0.234209
1.085 0.226056
1.09 0.217992
1.095 0.210025
1.1 0.202161
1.105 0.194408
1.11 0.186772
1.115 0.179259
1.12 0.171875
1.125 0.164624
1.13 0.157512
1.135 0.150542
1.14 0.143718
1.145 0.137044
1.15 0.130523
1.155 0.124158
1.16 0.117952
1.165 0.111906
1.17 0.106022
1.175 0.100303
1.18 0.0947486
1.185 0.0893609
1.19 0.0841404
1.195 0.0790878
1.2 0.0742035
1.205 0.0694874
1.21 0.0649397
1.215 0.0605601
1.22 0.0563481
1.225 0.0523032
1.23 0.0484246
1.235 0.0447114
1.24 0.0411625
1.245 0.0377769
1.25 0.0345531
1.255 0.0314898
1.26 0.0285854
1.265 0.0258383
1.27 0.0232467
1.275 0.020809
1.28 0.0185231
1.285 0.0163871
1.29 0.014399
1.295 0.0125567
1.3 0.0108579
1.305 0.00930066
1.31 0.00788254
1.315 0.00660131
1.32 0.00545463
1.325 0.00444016
1.33 0.0035555
1.335 0.00279825
1.34 0.00216597
1.345 0.00165624
1.35 0.00126658
1.355 0.000994538
1.36 0.000837637
1.365 0.000793402
1.37 0.000859358
1.375 0.00103303
1.38 0.00131195
1.385 0.00169366
1.39 0.0021757
1.395 0.00275563
1.4 0.00343102
1.405 0.00419946
1.41 0.00505854
1.415 0.0060059
1.42 0.00703916
1.425 0.008156
1.43 0.00935408
1.435 0.0106311
1.44 0.0119848
1.445 0.013413
1.45 0.0149134
1.455 0.0164838
1.46 0.0181221
1.465 0.0198261
1.47 0.0215938
1.475 0.023423
1.48 0.0253116
1.485 0.0272578
1.49 0.0292595
1.495 0.0313147
1.5 0.0334215
1.505 0.035578
1.51 0.0377824
1.515 0.0400328
1.52 0.0423275
1.525 0.0446646
1.53 0.0470425
1.535 0.0494594
1.54 0.0519137
1.545 0.0544037
1.55 0.0569278
1.555 0.0594845
1.56 0.0620722
1.565 0.0646894
1.57 0.0673346
1.575 0.0700063
1.58 0.0727033
1.585 0.0754239
1.59 0.078167
1.595 0.0809312
1.6 0.0837151
1.605 0.0865176
1.61 0.0893373
1.615 0.092173
1.62 0.0950237
1.625 0.0978881
1.63 0.100765
1.635 0.103653
1.64 0.106552
1.645 0.109461
1.65 0.112377
1.655 0.115301
1.66 0.118231
1.665 0.121167
1.67 0.124107
1.675 0.127051
1.68 0.129998
1.685 0.132947
1.69 0.135896
1.695 0.138846
1.7 0.141796
1.705 0.144744
1.71 0.14769
1.715 0.150634
1.72 0.153574
1.725 0.15651
1.73 0.159441
1.735 0.162367
1.74 0.165287
1.745 0.1682
1.75 0.171106
1.755 0.174004
1.76 0.176895
1.765 0.179776
1.77 0.182648
1.775 0.18551
1.78 0.188362
1.785 0.191204
1.79 0.194034
1.795 0.196852
1.8 0.199659
1.805 0.202453
1.81 0.205234
1.815 0.208003
1.82 0.210757
1.825 0.213498
1.83 0.216225
1.835 0.218937
1.84 0.221634
1.845 0.224317
1.85 0.226984
1.855 0.229635
1.86 0.23227
1.865 0.234889
1.87 0.237492
1.875 0.240079
1.88 0.242648
1.885 0.2452
1.89 0.247736
1.895 0.250254
1.9 0.252754
1.905 0.255236
1.91 0.257701
1.915 0.260148
1.92 0.262576
1.925 0.264986
1.93 0.267378
1.935 0.269751
1.94 0.272106
1.945 0.274442
1.95 0.276759
1.955 0.279057
1.96 0.281336
1.965 0.283596
1.97 0.285837
1.975 0.288059
1.98 0.290261
1.985 0.292444
1.99 0.294608
1.995 0.296752
2 0.298877
2.005 0.300983
2.01 0.303069
2.015 0.305136
2.02 0.307183
2.025 0.309211
2.03 0.311219
2.035 0.313208
2.04 0.315177
2.045 0.317127
2.05 0.319057
2.055 0.320968
2.06 0.32286
2.065 0.324732
2.07 0.326585
2.075 0.328419
2.08 0.330233
2.085 0.332028
2.09 0.333804
2.095 0.335561
2.1 0.337298
2.105 0.339017
2.11 0.340717
2.115 0.342398
2.12 0.34406
2.125 0.345703
2.13 0.347327
2.135 0.348933
2.14 0.35052
2.145 0.352089
2.15 0.353639
2.155 0.355171
2.16 0.356685
2.165 0.35818
2.17 0.359657
2.175 0.361117
2.18 0.362558
2.185 0.363981
2.19 0.365387
2.195 0.366775
2.2 0.368145
2.205 0.369498
2.21 0.370833
2.215 0.372151
2.22 0.373452
2.225 0.374736
2.23 0.376002
2.235 0.377252
2.24 0.378485
2.245 0.379701
2.25 0.3809
2.255 0.382083
2.26 0.383249
2.265 0.3844
2.27 0.385533
2.275 0.386651
2.28 0.387753
2.285 0.388838
2.29 0.389908
2.295 0.390963
2.3 0.392001
2.305 0.393024
2.31 0.394032
2.315 0.395024
2.32 0.396001
2.325 0.396963
2.33 0.39791
2.335 0.398843
2.34 0.39976
2.345 0.400663
2.35 0.401551
2.355 0.402425
2.36 0.403284
2.365 0.40413
2.37 0.404961
2.375 0.405778
2.38 0.406581
2.385 0.40737
2.39 0.408146
2.395 0.408908
2.4 0.409657
2.405 0.410392
2.41 0.411114
2.415 0.411823
2.42 0.412519
2.425 0.413202
2.43 0.413872
2.435 0.414529
2.44 0.415173
2.445 0.415805
2.45 0.416425
2.455 0.417032
2.46 0.417627
2.465 0.41821
2.47 0.418781
2.475 0.41934
2.48 0.419888
2.485 0.420423
2.49 0.420947
2.495 0.42146
2.5 0.421961
2.505 0.42245
2.51 0.422929
2.515 0.423396
2.52 0.423853
2.525 0.424298
2.53 0.424733
2.535 0.425157
2.54 0.42557
2.545 0.425973
2.55 0.426365
2.555 0.426747
2.56 0.427119
2.565 0.42748
2.57 0.427832
2.575 0.428174
2.58 0.428505
2.585 0.428827
2.59 0.42914
2.595 0.429442
2.6 0.429735
2.605 0.430019
2.61 0.430294
2.615 0.430559
2.62 0.430815
2.625 0.431062
2.63 0.4313
2.635 0.431529
2.64 0.431749
2.645 0.431961
2.65 0.432164
2.655 0.432358
2.66 0.432544
2.665 0.432722
2.67 0.432891
2.675 0.433052
2.68 0.433205
2.685 0.43335
2.69 0.433487
2.695 0.433616
2.7 0.433737
2.705 0.433851
2.71 0.433957
2.715 0.434055
2.72 0.434146
2.725 0.434229
2.73 0.434305
2.735 0.434374
2.74 0.434435
2.745 0.43449
2.75 0.434537
2.755 0.434577
2.76 0.434611
2.765 0.434637
2.77 0.434657
2.775 0.43467
2.78 0.434677
2.785 0.434677
2.79 0.43467
2.795 0.434657
2.8 0.434638
2.805 0.434612
2.81 0.434581
2.815 0.434543
2.82 0.434499
2.825 0.434449
2.83 0.434393
2.835 0.434331
2.84 0.434263
2.845 0.43419
2.85 0.43411
2.855 0.434026
2.86 0.433935
2.865 0.433839
2.87 0.433738
2.875 0.433631
2.88 0.433519
2.885 0.433402
2.89 0.43328
2.895 0.433152
2.9 0.433019
2.905 0.432881
2.91 0.432739
2.915 0.432591
2.92 0.432438
2.925 0.432281
2.93 0.432119
2.935 0.431952
2.94 0.43178
2.945 0.431604
2.95 0.431424
2.955 0.431239
2.96 0.431049
2.965 0.430855
2.97 0.430657
2.975 0.430454
2.98 0.430247
2.985 0.430036
2.99 0.429821
2.995 0.429602
3 0.429379
3.005 0.429151
3.01 0.42892
3.015 0.428685
3.02 0.428446
3.025 0.428203
3.03 0.427957
3.035 0.427706
3.04 0.427453
3.045 0.427195
3.05 0.426934
3.055 0.426669
3.06 0.426401
3.065 0.42613
3.07 0.425855
3.075 0.425576
3.08 0.425295
3.085 0.42501
3.09 0.424722
3.095 0.42443
3.1 0.424136
3.105 0.423838
3.11 0.423537
3.115 0.423234
3.12 0.422927
3.125 0.422617
3.13 0.422304
3.135 0.421989
3.14 0.421671
3.145 0.421349
3.15 0.421026
3.155 0.420699
3.16 0.420369
3.165 0.420037
3.17 0.419703
3.175 0.419366
3.18 0.419026
3.185 0.418683
3.19 0.418339
3.195 0.417991
3.2 0.417642
3.205 0.41729
3.21 0.416935
3.215 0.416578
3.22 0.416219
3.225 0.415858
3.23 0.415494
3.235 0.415129
3.24 0.414761
3.245 0.414391
3.25 0.414019
3.255 0.413644
3.26 0.413268
3.265 0.41289
3.27 0.41251
3.275 0.412127
3.28 0.411743
3.285 0.411357
3.29 0.410969
3.295 0.41058
3.3 0.410188
3.305 0.409795
3.31 0.4094
3.315 0.409003
3.32 0.408604
3.325 0.408204
3.33 0.407802
3.335 0.407399
3.34 0.406993
3.345 0.406587
3.35 0.406179
3.355 0.405769
3.36 0.405357
3.365 0.404945
3.37 0.40453
3.375 0.404115
3.38 0.403698
3.385 0.403279
3.39 0.402859
3.395 0.402438
3.4 0.402016
3.405 0.401592
3.41 0.401167
3.415 0.400741
3.42 0.400313
3.425 0.399885
3.43 0.399455
3.435 0.399024
3.44 0.398591
3.445 0.398158
3.45 0.397723
3.455 0.397288
3.46 0.396851
3.465 0.396414
3.47 0.395975
3.475 0.395535
3.48 0.395095
3.485 0.394653
3.49 0.394211
3.495 0.393767
3.5 0.393323
3.505 0.392877
3.51 0.392431
3.515 0.391984
3.52 0.391536
3.525 0.391088
3.53 0.390638
3.535 0.390188
3.54 0.389737
3.545 0.389285
3.55 0.388832
3.555 0.388379
3.56 0.387925
3.565 0.387471
3.57 0.387015
3.575 0.386559
3.58 0.386103
3.585 0.385645
3.59 0.385188
3.595 0.384729
3.6 0.38427
3.605 0.383811
3.61 0.38335
3.615 0.38289
3.62 0.382429
3.625 0.381967
3.63 0.381505
3.635 0.381042
3.64 0.380579
3.645 0.380115
3.65 0.379651
3.655 0.379187
3.66 0.378722
3.665 0.378257
3.67 0.377791
3.675 0.377325
3.68 0.376859
3.685 0.376392
3.69 0.375925
3.695 0.375458
3.7 0.37499
3.705 0.374522
3.71 0.374054
3.715 0.373585
3.72 0.373116
3.725 0.372647
3.73 0.372178
3.735 0.371708
3.74 0.371239
3.745 0.370769
3.75 0.370298
3.755 0.369828
3.76 0.369358
3.765 0.368887
3.77 0.368416
3.775 0.367945
3.78 0.367474
3.785 0.367003
3.79 0.366531
3.795 0.36606
3.8 0.365588
3.805 0.365117
3.81 0.364645
3.815 0.364173
3.82 0.363701
3.825 0.363229
3.83 0.362757
3.835 0.362285
3.84 0.361813
3.845 0.361341
3.85 0.360869
3.855 0.360397
3.86 0.359925
3.865 0.359453
3.87 0.358981
3.875 0.358509
3.88 0.358038
3.885 0.357566
3.89 0.357094
3.895 0.356622
3.9 0.356151
3.905 0.355679
3.91 0.355208
3.915 0.354736
3.92 0.354265
3.925 0.353794
3.93 0.353323
3.935 0.352852
3.94 0.352381
3.945 0.351911
3.95 0.35144
3.955 0.35097
3.96 0.3505
3.965 0.35003
3.97 0.34956
3.975 0.349091
3.98 0.348621
3.985 0.348152
3.99 0.347683
3.995 0.347214
4 0.346746
4.005 0.346277
4.01 0.345809
4.015 0.345341
4.02 0.344873
4.025 0.344406
4.03 0.343939
4.035 0.343472
4.04 0.343005
4.045 0.342539
4.05 0.342073
4.055 0.341607
4.06 0.341141
4.065 0.340676
4.07 0.340211
4.075 0.339746
4.08 0.339282
4.085 0.338818
4.09 0.338354
4.095 0.33789
4.1 0.337427
4.105 0.336964
4.11 0.336502
4.115 0.33604
4.12 0.335578
4.125 0.335116
4.13 0.334655
4.135 0.334194
4.14 0.333734
4.145 0.333274
4.15 0.332814
4.155 0.332355
4.16 0.331896
4.165 0.331437
4.17 0.330979
4.175 0.330521
4.18 0.330064
4.185 0.329607
4.19 0.32915
4.195 0.328694
4.2 0.328238
4.205 0.327782
4.21 0.327327
4.215 0.326873
4.22 0.326419
4.225 0.325965
4.23 0.325511
4.235 0.325058
4.24 0.324606
4.245 0.324154
4.25 0.323702
4.255 0.323251
4.26 0.3228
4.265 0.32235
4.27 0.3219
4.275 0.321451
4.28 0.321002
4.285 0.320553
4.29 0.320105
4.295 0.319658
4.3 0.319211
4.305 0.318764
4.31 0.318318
4.315 0.317872
4.32 0.317427
4.325 0.316982
4.33 0.316538
4.335 0.316094
4.34 0.315651
4.345 0.315208
4.35 0.314766
4.355 0.314324
4.36 0.313883
4.365 0.313442
4.37 0.313002
4.375 0.312562
4.38 0.312122
4.385 0.311684
4.39 0.311245
4.395 0.310808
4.4 0.31037
4.405 0.309934
4.41 0.309497
4.415 0.309062
4.42 0.308626
4.425 0.308192
4.43 0.307758
4.435 0.307324
4.44 0.306891
4.445 0.306458
4.45 0.306026
4.455 0.305595
4.46 0.305164
4.465 0.304733
4.47 0.304304
4.475 0.303874
4.48 0.303445
4.485 0.303017
4.49 0.302589
4.495 0.302162
4.5 0.301736
4.505 0.30131
4.51 0.300884
4.515 0.300459
4.52 0.300035
4.525 0.299611
4.53 0.299187
4.535 0.298765
4.54 0.298342
4.545 0.297921
4.55 0.2975
4.555 0.297079
4.56 0.296659
4.565 0.29624
4.57 0.295821
4.575 0.295403
4.58 0.294985
4.585 0.294568
4.59 0.294151
4.595 0.293735
4.6 0.29332
4.605 0.292905
4.61 0.292491
4.615 0.292077
4.62 0.291664
4.625 0.291251
4.63 0.290839
4.635 0.290428
4.64 0.290017
4.645 0.289607
4.65 0.289197
4.655 0.288788
4.66 0.288379
4.665 0.287971
4.67 0.287564
4.675 0.287157
4.68 0.286751
4.685 0.286345
4.69 0.28594
4.695 0.285536
4.7 0.285132
4.705 0.284729
4.71 0.284326
4.715 0.283924
4.72 0.283522
4.725 0.283121
4.73 0.282721
4.735 0.282321
4.74 0.281922
4.745 0.281523
4.75 0.281125
4.755 0.280728
4.76 0.280331
4.765 0.279935
4.77 0.279539
4.775 0.279144
4.78 0.27875
4.785 0.278356
4.79 0.277963
4.795 0.27757
4.8 0.277178
4.805 0.276786
4.81 0.276395
4.815 0.276005
4.82 0.275615
4.825 0.275226
4.83 0.274837
4.835 0.274449
4.84 0.274062
4.845 0.273675
4.85 0.273289
4.855 0.272904
4.86 0.272519
4.865 0.272134
4.87 0.27175
4.875 0.271367
4.88 0.270984
4.885 0.270602
4.89 0.270221
4.895 0.26984
4.9 0.26946
4.905 0.26908
4.91 0.268701
4.915 0.268323
4.92 0.267945
4.925 0.267567
4.93 0.267191
4.935 0.266815
4.94 0.266439
4.945 0.266064
4.95 0.26569
4.955 0.265316
4.96 0.264943
4.965 0.26457
4.97 0.264198
4.975 0.263827
4.98 0.263456
4.985 0.263086
4.99 0.262716
4.995 0.262347
5 0.261979
5.005 0.261611
5.01 0.261244
5.015 0.260877
5.02 0.260511
5.025 0.260145
5.03 0.25978
5.035 0.259416
5.04 0.259052
5.045 0.258689
5.05 0.258327
5.055 0.257965
5.06 0.257603
5.065 0.257243
5.07 0.256882
5.075 0.256523
5.08 0.256164
5.085 0.255805
5.09 0.255447
5.095 0.25509
5.1 0.254733
5.105 0.254377
5.11 0.254022
5.115 0.253667
5.12 0.253312
5.125 0.252959
5.13 0.252605
5.135 0.252253
5.14 0.251901
5.145 0.251549
5.15 0.251198
5.155 0.250848
5.16 0.250498
5.165 0.250149
5.17 0.2498
5.175 0.249452
5.18 0.249105
5.185 0.248758
5.19 0.248412
5.195 0.248066
5.2 0.247721
5.205 0.247376
5.21 0.247032
5.215 0.246689
5.22 0.246346
5.225 0.246004
5.23 0.245662
5.235 0.245321
5.24 0.244981
5.245 0.244641
5.25 0.244301
5.255 0.243962
5.26 0.243624
5.265 0.243286
5.27 0.242949
5.275 0.242612
5.28 0.242276
5.285 0.241941
5.29 0.241606
5.295 0.241272
5.3 0.240938
5.305 0.240605
5.31 0.240272
5.315 0.23994
5.32 0.239608
5.325 0.239277
5.33 0.238947
5.335 0.238617
5.34 0.238288
5.345 0.237959
5.35 0.237631
5.355 0.237303
5.36 0.236976
5.365 0.23665
5.37 0.236324
5.375 0.235998
5.38 0.235673
5.385 0.235349
5.39 0.235025
5.395 0.234702
5.4 0.23438
5.405 0.234057
5.41 0.233736
5.415 0.233415
5.42 0.233094
5.425 0.232774
5.43 0.232455
5.435 0.232136
5.44 0.231818
5.445 0.2315
5.45 0.231183
5.455 0.230866
5.46 0.23055
5.465 0.230235
5.47 0.22992
5.475 0.229605
5.48 0.229291
5.485 0.228978
5.49 0.228665
5.495 0.228352
5.5 0.228041
5.505 0.227729
5.51 0.227419
5.515 0.227108
5.52 0.226799
5.525 0.226489
5.53 0.226181
5.535 0.225873
5.54 0.225565
5.545 0.225258
5.55 0.224952
5.555 0.224646
5.56 0.22434
5.565 0.224035
5.57 0.223731
5.575 0.223427
5.58 0.223124
5.585 0.222821
5.59 0.222518
5.595 0.222217
5.6 0.221915
5.605 0.221615
5.61 0.221314
5.615 0.221015
5.62 0.220715
5.625 0.220417
5.63 0.220119
5.635 0.219821
5.64 0.219524
5.645 0.219227
5.65 0.218931
5.655 0.218635
5.66 0.21834
5.665 0.218046
5.67 0.217752
5.675 0.217458
5.68 0.217165
5.685 0.216872
5.69 0.21658
5.695 0.216289
5.7 0.215998
5.705 0.215707
5.71 0.215417
5.715 0.215128
5.72 0.214839
5.725 0.21455
5.73 0.214262
5.735 0.213975
5.74 0.213688
5.745 0.213401
5.75 0.213115
5.755 0.212829
5.76 0.212544
5.765 0.21226
5.77 0.211976
5.775 0.211692
5.78 0.211409
5.785 0.211127
5.79 0.210844
5.795 0.210563
5.8 0.210282
5.805 0.210001
5.81 0.209721
5.815 0.209441
5.82 0.209162
5.825 0.208883
5.83 0.208605
5.835 0.208327
5.84 0.20805
5.845 0.207773
5.85 0.207497
5.855 0.207221
5.86 0.206946
5.865 0.206671
5.87 0.206397
5.875 0.206123
5.88 0.20585
5.885 0.205577
5.89 0.205304
5.895 0.205032
5.9 0.204761
5.905 0.20449
5.91 0.204219
5.915 0.203949
5.92 0.203679
5.925 0.20341
5.93 0.203141
5.935 0.202873
5.94 0.202605
5.945 0.202338
5.95 0.202071
5.955 0.201805
5.96 0.201539
5.965 0.201273
5.97 0.201008
5.975 0.200744
5.98 0.20048
5.985 0.200216
5.99 0.199953
5.995 0.19969
6 0.199428
6.005 0.199166
6.01 0.198905
6.015 0.198644
6.02 0.198384
6.025 0.198124
6.03 0.197864
6.035 0.197605
6.04 0.197346
6.045 0.197088
6.05 0.19683
6.055 0.196573
6.06 0.196316
6.065 0.19606
6.07 0.195804
6.075 0.195548
6.08 0.195293
6.085 0.195039
6.09 0.194785
6.095 0.194531
6.1 0.194278
6.105 0.194025
6.11 0.193772
6.115 0.19352
6.12 0.193269
6.125 0.193018
6.13 0.192767
6.135 0.192517
6.14 0.192267
6.145 0.192018
6.15 0.191769
6.155 0.19152
6.16 0.191272
6.165 0.191024
6.17 0.190777
6.175 0.19053
6.18 0.190284
6.185 0.190038
6.19 0.189793
6.195 0.189548
6.2 0.189303
6.205 0.189059
6.21 0.188815
6.215 0.188571
6.22 0.188328
6.225 0.188086
6.23 0.187844
6.235 0.187602
6.24 0.187361
6.245 0.18712
6.25 0.186879
6.255 0.186639
6.26 0.1864
6.265 0.18616
6.27 0.185922
6.275 0.185683
6.28 0.185445
6.285 0.185208
6.29 0.184971
6.295 0.184734
6.3 0.184497
6.305 0.184262
6.31 0.184026
6.315 0.183791
6.32 0.183556
6.325 0.183322
6.33 0.183088
6.335 0.182854
6.34 0.182621
6.345 0.182389
6.35 0.182156
6.355 0.181925
6.36 0.181693
6.365 0.181462
6.37 0.181231
6.375 0.181001
6.38 0.180771
6.385 0.180542
6.39 0.180312
6.395 0.180084
6.4 0.179855
6.405 0.179627
6.41 0.1794
6.415 0.179173
6.42 0.178946
6.425 0.17872
6.43 0.178494
6.435 0.178268
6.44 0.178043
6.445 0.177818
6.45 0.177594
6.455 0.17737
6.46 0.177146
6.465 0.176923
6.47 0.1767
6.475 0.176477
6.48 0.176255
6.485 0.176033
6.49 0.175812
6.495 0.175591
6.5 0.17537
6.505 0.17515
6.51 0.17493
6.515 0.174711
6.52 0.174492
6.525 0.174273
6.53 0.174055
6.535 0.173837
6.54 0.173619
6.545 0.173402
6.55 0.173185
6.555 0.172968
6.56 0.172752
6.565 0.172537
6.57 0.172321
6.575 0.172106
6.58 0.171892
6.585 0.171677
6.59 0.171463
6.595 0.17125
6.6 0.171037
6.605 0.170824
6.61 0.170611
6.615 0.170399
6.62 0.170187
6.625 0.169976
6.63 0.169765
6.635 0.169554
6.64 0.169344
6.645 0.169134
6.65 0.168925
6.655 0.168715
6.66 0.168507
6.665 0.168298
6.67 0.16809
6.675 0.167882
6.68 0.167675
6.685 0.167468
6.69 0.167261
6.695 0.167054
6.7 0.166848
6.705 0.166643
6.71 0.166437
6.715 0.166232
6.72 0.166028
6.725 0.165823
6.73 0.165619
6.735 0.165416
6.74 0.165213
6.745 0.16501
6.75 0.164807
6.755 0.164605
6.76 0.164403
6.765 0.164201
6.77 0.164
6.775 0.163799
6.78 0.163599
6.785 0.163399
6.79 0.163199
6.795 0.162999
6.8 0.1628
6.805 0.162601
6.81 0.162403
6.815 0.162205
6.82 0.162007
6.825 0.161809
6.83 0.161612
6.835 0.161415
6.84 0.161219
6.845 0.161023
6.85 0.160827
6.855 0.160631
6.86 0.160436
6.865 0.160241
6.87 0.160047
6.875 0.159852
6.88 0.159659
6.885 0.159465
6.89 0.159272
6.895 0.159079
6.9 0.158886
6.905 0.158694
6.91 0.158502
6.915 0.158311
6.92 0.158119
6.925 0.157928
6.93 0.157738
6.935 0.157547
6.94 0.157357
6.945 0.157168
6.95 0.156978
6.955 0.156789
6.96 0.156601
6.965 0.156412
6.97 0.156224
6.975 0.156036
6.98 0.155849
6.985 0.155662
6.99 0.155475
6.995 0.155288
7 0.155102
7.005 0.154916
7.01 0.154731
7.015 0.154545
7.02 0.15436
7.025 0.154176
7.03 0.153991
7.035 0.153807
7.04 0.153623
7.045 0.15344
7.05 0.153257
7.055 0.153074
7.06 0.152891
7.065 0.152709
7.07 0.152527
7.075 0.152346
7.08 0.152164
7.085 0.151983
7.09 0.151803
7.095 0.151622
7.1 0.151442
7.105 0.151262
7.11 0.151083
7.115 0.150904
7.12 0.150725
7.125 0.150546
7.13 0.150368
7.135 0.15019
7.14 0.150012
7.145 0.149834
7.15 0.149657
7.155 0.14948
7.16 0.149304
7.165 0.149128
7.17 0.148952
7.175 0.148776
7.18 0.148601
7.185 0.148425
7.19 0.148251
7.195 0.148076
7.2 0.147902
7.205 0.147728
7.21 0.147554
7.215 0.147381
7.22 0.147208
7.225 0.147035
7.23 0.146862
7.235 0.14669
7.24 0.146518
7.245 0.146346
7.25 0.146175
7.255 0.146004
7.26 0.145833
7.265 0.145663
7.27 0.145492
7.275 0.145322
7.28 0.145153
7.285 0.144983
7.29 0.144814
7.295 0.144645
7.3 0.144476
7.305 0.144308
7.31 0.14414
7.315 0.143972
7.32 0.143805
7.325 0.143638
7.33 0.143471
7.335 0.143304
7.34 0.143138
7.345 0.142971
7.35 0.142806
7.355 0.14264
7.36 0.142475
7.365 0.14231
7.37 0.142145
7.375 0.14198
7.38 0.141816
7.385 0.141652
7.39 0.141488
7.395 0.141325
7.4 0.141162
7.405 0.140999
7.41 0.140836
7.415 0.140674
7.42 0.140512
7.425 0.14035
7.43 0.140188
7.435 0.140027
7.44 0.139866
7.445 0.139705
7.45 0.139544
7.455 0.139384
7.46 0.139224
7.465 0.139064
7.47 0.138905
7.475 0.138745
7.48 0.138586
7.485 0.138428
7.49 0.138269
7.495 0.138111
7.5 0.137953
7.505 0.137795
7.51 0.137638
7.515 0.137481
7.52 0.137324
7.525 0.137167
7.53 0.13701
7.535 0.136854
7.54 0.136698
7.545 0.136543
7.55 0.136387
7.555 0.136232
7.56 0.136077
7.565 0.135922
7.57 0.135768
7.575 0.135614
7.58 0.13546
7.585 0.135306
7.59 0.135153
7.595 0.134999
7.6 0.134846
7.605 0.134694
7.61 0.134541
7.615 0.134389
7.62 0.134237
7.625 0.134085
7.63 0.133934
7.635 0.133783
7.64 0.133632
7.645 0.133481
7.65 0.13333
7.655 0.13318
7.66 0.13303
7.665 0.13288
7.67 0.132731
7.675 0.132581
7.68 0.132432
7.685 0.132283
7.69 0.132135
7.695 0.131986
7.7 0.131838
7.705 0.13169
7.71 0.131543
7.715 0.131395
7.72 0.131248
7.725 0.131101
7.73 0.130954
7.735 0.130808
7.74 0.130661
7.745 0.130515
7.75 0.13037
7.755 0.130224
7.76 0.130079
7.765 0.129934
7.77 0.129789
7.775 0.129644
7.78 0.1295
7.785 0.129355
7.79 0.129211
7.795 0.129068
7.8 0.128924
7.805 0.128781
7.81 0.128638
7.815 0.128495
7.82 0.128352
7.825 0.12821
7.83 0.128068
7.835 0.127926
7.84 0.127784
7.845 0.127643
7.85 0.127501
7.855 0.12736
7.86 0.12722
7.865 0.127079
7.87 0.126939
7.875 0.126798
7.88 0.126659
7.885 0.126519
7.89 0.126379
7.895 0.12624
7.9 0.126101
7.905 0.125962
7.91 0.125824
7.915 0.125685
7.92 0.125547
7.925 0.125409
7.93 0.125271
7.935 0.125134
7.94 0.124996
7.945 0.124859
7.95 0.124722
7.955 0.124586
7.96 0.124449
7.965 0.124313
7.97 0.124177
7.975 0.124041
7.98 0.123905
7.985 0.12377
7.99 0.123635
7.995 0.1235
8 0.123365
8.005 0.123231
8.01 0.123096
8.015 0.122962
8.02 0.122828
8.025 0.122694
8.03 0.122561
8.035 0.122428
8.04 0.122294
8.045 0.122162
8.05 0.122029
8.055 0.121896
8.06 0.121764
8.065 0.121632
8.07 0.1215
8.075 0.121368
8.08 0.121237
8.085 0.121106
8.09 0.120975
8.095 0.120844
8.1 0.120713
8.105 0.120583
8.11 0.120453
8.115 0.120322
8.12 0.120193
8.125 0.120063
8.13 0.119934
8.135 0.119804
8.14 0.119675
8.145 0.119546
8.15 0.119418
8.155 0.119289
8.16 0.119161
8.165 0.119033
8.17 0.118905
8.175 0.118777
8.18 0.11865
8.185 0.118523
8.19 0.118396
8.195 0.118269
8.2 0.118142
8.205 0.118016
8.21 0.117889
8.215 0.117763
8.22 0.117637
8.225 0.117512
8.23 0.117386
8.235 0.117261
8.24 0.117136
8.245 0.117011
8.25 0.116886
8.255 0.116761
8.26 0.116637
8.265 0.116513
8.27 0.116389
8.275 0.116265
8.28 0.116141
8.285 0.116018
8.29 0.115895
8.295 0.115772
8.3 0.115649
8.305 0.115526
8.31 0.115404
8.315 0.115281
8.32 0.115159
8.325 0.115037
8.33 0.114916
8.335 0.114794
8.34 0.114673
8.345 0.114551
8.35 0.11443
8.355 0.11431
8.36 0.114189
8.365 0.114068
8.37 0.113948
8.375 0.113828
8.38 0.113708
8.385 0.113588
8.39 0.113469
8.395 0.11335
8.4 0.11323
8.405 0.113111
8.41 0.112992
8.415 0.112874
8.42 0.112755
8.425 0.112637
8.43 0.112519
8.435 0.112401
8.44 0.112283
8.445 0.112166
8.45 0.112048
8.455 0.111931
8.46 0.111814
8.465 0.111697
8.47 0.11158
8.475 0.111464
8.48 0.111348
8.485 0.111231
8.49 0.111115
8.495 0.111
8.5 0.110884
8.505 0.110768
8.51 0.110653
8.515 0.110538
8.52 0.110423
8.525 0.110308
8.53 0.110194
8.535 0.110079
8.54 0.109965
8.545 0.109851
8.55 0.109737
8.555 0.109623
8.56 0.109509
8.565 0.109396
8.57 0.109283
8.575 0.10917
8.58 0.109057
8.585 0.108944
8.59 0.108831
8.595 0.108719
8.6 0.108607
8.605 0.108495
8.61 0.108383
8.615 0.108271
8.62 0.108159
8.625 0.108048
8.63 0.107937
8.635 0.107826
8.64 0.107715
8.645 0.107604
8.65 0.107493
8.655 0.107383
8.66 0.107273
8.665 0.107163
8.67 0.107053
8.675 0.106943
8.68 0.106833
8.685 0.106724
8.69 0.106615
8.695 0.106505
8.7 0.106396
8.705 0.106288
8.71 0.106179
8.715 0.10607
8.72 0.105962
8.725 0.105854
8.73 0.105746
8.735 0.105638
8.74 0.10553
8.745 0.105423
8.75 0.105316
8.755 0.105208
8.76 0.105101
8.765 0.104994
8.77 0.104888
8.775 0.104781
8.78 0.104675
8.785 0.104568
8.79 0.104462
8.795 0.104356
8.8 0.10425
8.805 0.104145
8.81 0.104039
8.815 0.103934
8.82 0.103829
8.825 0.103724
8.83 0.103619
8.835 0.103514
8.84 0.10341
8.845 0.103305
8.85 0.103201
8.855 0.103097
8.86 0.102993
8.865 0.102889
8.87 0.102785
8.875 0.102682
8.88 0.102578
8.885 0.102475
8.89 0.102372
8.895 0.102269
8.9 0.102166
8.905 0.102064
8.91 0.101961
8.915 0.101859
8.92 0.101757
8.925 0.101655
8.93 0.101553
8.935 0.101451
8.94 0.10135
8.945 0.101248
8.95 0.101147
8.955 0.101046
8.96 0.100945
8.965 0.100844
8.97 0.100743
8.975 0.100643
8.98 0.100542
8.985 0.100442
8.99 0.100342
8.995 0.100242
9 0.100142
9.005 0.100042
9.01 0.0999429
9.015 0.0998435
9.02 0.0997443
9.025 0.0996452
9.03 0.0995462
9.035 0.0994474
9.04 0.0993487
9.045 0.0992501
9.05 0.0991517
9.055 0.0990535
9.06 0.0989554
9.065 0.0988574
9.07 0.0987595
9.075 0.0986618
9.08 0.0985643
9.085 0.0984669
9.09 0.0983696
9.095 0.0982724
9.1 0.0981754
9.105 0.0980786
9.11 0.0979819
9.115 0.0978853
9.12 0.0977888
9.125 0.0976925
9.13 0.0975963
9.135 0.0975003
9.14 0.0974044
9.145 0.0973086
9.15 0.097213
9.155 0.0971175
9.16 0.0970222
9.165 0.096927
9.17 0.0968319
9.175 0.0967369
9.18 0.0966421
9.185 0.0965474
9.19 0.0964529
9.195 0.0963585
9.2 0.0962642
9.205 0.0961701
9.21 0.0960761
9.215 0.0959822
9.22 0.0958885
9.225 0.0957949
9.23 0.0957014
9.235 0.095608
9.24 0.0955148
9.245 0.0954218
9.25 0.0953288
9.255 0.095236
9.26 0.0951433
9.265 0.0950508
9.27 0.0949583
9.275 0.094866
9.28 0.0947739
9.285 0.0946818
9.29 0.0945899
9.295 0.0944982
9.3 0.0944065
9.305 0.094315
9.31 0.0942236
9.315 0.0941324
9.32 0.0940412
9.325 0.0939502
9.33 0.0938594
9.335 0.0937686
9.34 0.093678
9.345 0.0935875
9.35 0.0934971
9.355 0.0934069
9.36 0.0933168
9.365 0.0932268
9.37 0.093137
9.375 0.0930472
9.38 0.0929576
9.385 0.0928681
9.39 0.0927788
9.395 0.0926895
9.4 0.0926004
9.405 0.0925115
9.41 0.0924226
9.415 0.0923339
9.42 0.0922453
9.425 0.0921568
9.43 0.0920684
9.435 0.0919802
9.44 0.091892
9.445 0.0918041
9.45 0.0917162
9.455 0.0916284
9.46 0.0915408
9.465 0.0914533
9.47 0.0913659
9.475 0.0912786
9.48 0.0911915
9.485 0.0911045
9.49 0.0910176
9.495 0.0909308
9.5 0.0908441
9.505 0.0907576
9.51 0.0906712
9.515 0.0905849
9.52 0.0904987
9.525 0.0904126
9.53 0.0903267
9.535 0.0902409
9.54 0.0901552
9.545 0.0900696
9.55 0.0899841
9.555 0.0898988
9.56 0.0898135
9.565 0.0897284
9.57 0.0896434
9.575 0.0895586
9.58 0.0894738
9.585 0.0893891
9.59 0.0893046
9.595 0.0892202
9.6 0.0891359
9.605 0.0890517
9.61 0.0889677
9.615 0.0888837
9.62 0.0887999
9.625 0.0887162
9.63 0.0886326
9.635 0.0885491
9.64 0.0884657
9.645 0.0883824
9.65 0.0882993
9.655 0.0882162
9.66 0.0881333
9.665 0.0880505
9.67 0.0879678
9.675 0.0878853
9.68 0.0878028
9.685 0.0877204
9.69 0.0876382
9.695 0.0875561
9.7 0.087474
9.705 0.0873921
9.71 0.0873103
9.715 0.0872287
9.72 0.0871471
9.725 0.0870656
9.73 0.0869843
9.735 0.086903
9.74 0.0868219
9.745 0.0867409
9.75 0.08666
9.755 0.0865792
9.76 0.0864985
9.765 0.0864179
9.77 0.0863375
9.775 0.0862571
9.78 0.0861769
9.785 0.0860967
9.79 0.0860167
9.795 0.0859368
9.8 0.085857
9.805 0.0857772
9.81 0.0856976
9.815 0.0856182
9.82 0.0855388
9.825 0.0854595
9.83 0.0853803
9.835 0.0853013
9.84 0.0852223
9.845 0.0851435
9.85 0.0850647
9.855 0.0849861
9.86 0.0849075
9.865 0.0848291
9.87 0.0847508
9.875 0.0846726
9.88 0.0845945
9.885 0.0845165
9.89 0.0844386
9.895 0.0843608
9.9 0.0842831
9.905 0.0842055
9.91 0.084128
9.915 0.0840507
9.92 0.0839734
9.925 0.0838962
9.93 0.0838191
9.935 0.0837422
9.94 0.0836653
9.945 0.0835886
9.95 0.0835119
9.955 0.0834354
9.96 0.0833589
9.965 0.0832826
9.97 0.0832063
9.975 0.0831302
9.98 0.0830541
9.985 0.0829782
9.99 0.0829024
9.995 0.0828266
