0 -nan
0.005 0.799371
0.01 0.195113
0.015 0.932101
0.02 0.588844
0.025 0.336737
0.03 0.0278414
0.035 0.243057
0.04 0.265187
0.045 0.1778
0.05 0.118014
0.055 0.118041
0.06 0.161333
0.065 0.224366
0.07 0.290108
0.075 0.349113
0.08 0.397346
0.085 0.433961
0.09 0.459735
0.095 0.476132
0.1 0.484791
0.105 0.487268
0.11 0.484934
0.115 0.478942
0.12 0.470235
0.125 0.459568
0.13 0.447538
0.135 0.434613
0.14 0.421154
0.145 0.407437
0.15 0.393673
0.155 0.380017
0.16 0.366587
0.165 0.353465
0.17 0.340711
0.175 0.328364
0.18 0.316448
0.185 0.304977
0.19 0.293956
0.195 0.283383
0.2 0.273253
0.205 0.263554
0.21 0.254275
0.215 0.245402
0.22 0.23692
0.225 0.228813
0.23 0.221065
0.235 0.21366
0.24 0.206583
0.245 0.199819
0.25 0.193351
0.255 0.187166
0.26 0.181249
0.265 0.175588
0.27 0.170169
0.275 0.164981
0.28 0.160012
0.285 0.15525
0.29 0.150686
0.295 0.14631
0.3 0.142111
0.305 0.138083
0.31 0.134215
0.315 0.1305
0.32 0.12693
0.325 0.1235
0.33 0.120201
0.335 0.117027
0.34 0.113973
0.345 0.111033
0.35 0.108201
0.355 0.105473
0.36 0.102844
0.365 0.100309
0.37 0.0978633
0.375 0.0955039
0.38 0.0932264
0.385 0.0910274
0.39 0.0889032
0.395 0.0868508
0.4 0.084867
0.405 0.0829488
0.41 0.0810934
0.415 0.0792983
0.42 0.0775609
0.425 0.0758788
0.43 0.0742498
0.435 0.0726716
0.44 0.0711423
0.445 0.0696599
0.45 0.0682226
0.455 0.0668285
0.46 0.065476
0.465 0.0641634
0.47 0.0628893
0.475 0.0616522
0.48 0.0604507
0.485 0.0592835
0.49 0.0581492
0.495 0.0570467
0.5 0.0559749
0.505 0.0549326
0.51 0.0539187
0.515 0.0529323
0.52 0.0519724
0.525 0.051038
0.53 0.0501283
0.535 0.0492424
0.54 0.0483796
0.545 0.0475389
0.55 0.0467198
0.555 0.0459213
0.56 0.045143
0.565 0.0443841
0.57 0.043644
0.575 0.042922
0.58 0.0422177
0.585 0.0415303
0.59 0.0408595
0.595 0.0402046
0.6 0.0395652
0.605 0.0389408
0.61 0.038331
0.615 0.0377352
0.62 0.0371531
0.625 0.0365842
0.63 0.0360282
0.635 0.0354847
0.64 0.0349533
0.645 0.0344337
0.65 0.0339255
0.655 0.0334283
0.66 0.0329419
0.665 0.032466
0.67 0.0320003
0.675 0.0315444
0.68 0.0310981
0.685 0.0306612
0.69 0.0302334
0.695 0.0298143
0.7 0.0294039
0.705 0.0290019
0.71 0.028608
0.715 0.028222
0.72 0.0278437
0.725 0.0274729
0.73 0.0271095
0.735 0.0267531
0.74 0.0264037
0.745 0.0260611
0.75 0.0257251
0.755 0.0253954
0.76 0.0250721
0.765 0.0247548
0.77 0.0244435
0.775 0.024138
0.78 0.0238382
0.785 0.0235439
0.79 0.0232549
0.795 0.0229713
0.8 0.0226928
0.805 0.0224192
0.81 0.0221506
0.815 0.0218868
0.82 0.0216276
0.825 0.0213729
0.83 0.0211228
0.835 0.0208769
0.84 0.0206354
0.845 0.0203979
0.85 0.0201645
0.855 0.0199351
0.86 0.0197096
0.865 0.0194879
0.87 0.0192698
0.875 0.0190554
0.88 0.0188445
0.885 0.0186371
0.89 0.0184331
0.895 0.0182324
0.9 0.018035
0.905 0.0178407
0.91 0.0176496
0.915 0.0174615
0.92 0.0172763
0.925 0.0170941
0.93 0.0169148
0.935 0.0167382
0.94 0.0165644
0.945 0.0163933
0.95 0.0162248
0.955 0.0160589
0.96 0.0158955
0.965 0.0157345
0.97 0.015576
0.975 0.0154199
0.98 0.0152661
0.985 0.0151146
0.99 0.0149653
0.995 0.0148182
1 0.0146733
1.005 0.0145305
1.01 0.0143897
1.015 0.014251
1.02 0.0141142
1.025 0.0139794
1.03 0.0138466
1.035 0.0137156
1.04 0.0135865
1.045 0.0134591
1.05 0.0133336
1.055 0.0132098
1.06 0.0130877
1.065 0.0129672
1.07 0.0128485
1.075 0.0127313
1.08 0.0126158
1.085 0.0125018
1.09 0.0123893
1.095 0.0122783
1.1 0.0121689
1.105 0.0120609
1.11 0.0119543
1.115 0.0118491
1.12 0.0117453
1.125 0.0116428
1.13 0.0115417
1.135 0.0114419
1.14 0.0113433
1.145 0.0112461
1.15 0.0111501
1.155 0.0110553
1.16 0.0109617
1.165 0.0108692
1.17 0.010778
1.175 0.0106879
1.18 0.0105989
1.185 0.010511
1.19 0.0104242
1.195 0.0103385
1.2 0.0102538
1.205 0.0101701
1.21 0.0100875
1.215 0.0100059
1.22 0.00992525
1.225 0.00984557
1.23 0.00976685
1.235 0.00968907
1.24 0.00961221
1.245 0.00953626
1.25 0.00946121
1.255 0.00938704
1.26 0.00931373
1.265 0.00924128
1.27 0.00916967
1.275 0.00909888
1.28 0.00902892
1.285 0.00895975
1.29 0.00889137
1.295 0.00882378
1.3 0.00875694
1.305 0.00869087
1.31 0.00862554
1.315 0.00856094
1.32 0.00849706
1.325 0.00843389
1.33 0.00837143
1.335 0.00830965
1.34 0.00824856
1.345 0.00818813
1.35 0.00812836
1.355 0.00806925
1.36 0.00801078
1.365 0.00795294
1.37 0.00789572
1.375 0.00783912
1.38 0.00778312
1.385 0.00772772
1.39 0.00767291
1.395 0.00761868
1.4 0.00756502
1.405 0.00751192
1.41 0.00745938
1.415 0.00740739
1.42 0.00735594
1.425 0.00730503
1.43 0.00725464
1.435 0.00720477
1.44 0.00715541
1.445 0.00710655
1.45 0.00705819
1.455 0.00701033
1.46 0.00696295
1.465 0.00691604
1.47 0.00686961
1.475 0.00682365
1.48 0.00677814
1.485 0.00673309
1.49 0.00668848
1.495 0.00664431
1.5 0.00660058
1.505 0.00655728
1.51 0.00651441
1.515 0.00647195
1.52 0.00642991
1.525 0.00638827
1.53 0.00634704
1.535 0.0063062
1.54 0.00626576
1.545 0.0062257
1.55 0.00618602
1.555 0.00614673
1.56 0.0061078
1.565 0.00606925
1.57 0.00603106
1.575 0.00599322
1.58 0.00595574
1.585 0.00591862
1.59 0.00588183
1.595 0.00584539
1.6 0.00580929
1.605 0.00577352
1.61 0.00573807
1.615 0.00570296
1.62 0.00566816
1.625 0.00563368
1.63 0.00559952
1.635 0.00556566
1.64 0.00553211
1.645 0.00549886
1.65 0.00546591
1.655 0.00543326
1.66 0.00540089
1.665 0.00536882
1.67 0.00533703
1.675 0.00530552
1.68 0.00527428
1.685 0.00524333
1.69 0.00521264
1.695 0.00518223
1.7 0.00515207
1.705 0.00512218
1.71 0.00509255
1.715 0.00506318
1.72 0.00503406
1.725 0.00500519
1.73 0.00497656
1.735 0.00494818
1.74 0.00492005
1.745 0.00489215
1.75 0.00486449
1.755 0.00483706
1.76 0.00480986
1.765 0.00478289
1.77 0.00475615
1.775 0.00472963
1.78 0.00470333
1.785 0.00467725
1.79 0.00465139
1.795 0.00462574
1.8 0.0046003
1.805 0.00457507
1.81 0.00455005
1.815 0.00452523
1.82 0.00450062
1.825 0.0044762
1.83 0.00445198
1.835 0.00442796
1.84 0.00440413
1.845 0.0043805
1.85 0.00435705
1.855 0.00433379
1.86 0.00431072
1.865 0.00428783
1.87 0.00426512
1.875 0.00424259
1.88 0.00422024
1.885 0.00419807
1.89 0.00417607
1.895 0.00415424
1.9 0.00413258
1.905 0.00411109
1.91 0.00408977
1.915 0.00406862
1.92 0.00404762
1.925 0.00402679
1.93 0.00400612
1.935 0.00398561
1.94 0.00396525
1.945 0.00394506
1.95 0.00392501
1.955 0.00390512
1.96 0.00388537
1.965 0.00386578
1.97 0.00384634
1.975 0.00382704
1.98 0.00380788
1.985 0.00378887
1.99 0.00377
1.995 0.00375127
2 0.00373268
2.005 0.00371423
2.01 0.00369591
2.015 0.00367773
2.02 0.00365969
2.025 0.00364177
2.03 0.00362399
2.035 0.00360634
2.04 0.00358881
2.045 0.00357141
2.05 0.00355414
2.055 0.003537
2.06 0.00351997
2.065 0.00350307
2.07 0.00348629
2.075 0.00346964
2.08 0.0034531
2.085 0.00343667
2.09 0.00342037
2.095 0.00340418
2.1 0.0033881
2.105 0.00337214
2.11 0.00335629
2.115 0.00334056
2.12 0.00332493
2.125 0.00330941
2.13 0.003294
2.135 0.0032787
2.14 0.00326351
2.145 0.00324842
2.15 0.00323343
2.155 0.00321855
2.16 0.00320377
2.165 0.00318909
2.17 0.00317451
2.175 0.00316003
2.18 0.00314565
2.185 0.00313137
2.19 0.00311718
2.195 0.0031031
2.2 0.0030891
2.205 0.0030752
2.21 0.0030614
2.215 0.00304769
2.22 0.00303406
2.225 0.00302053
2.23 0.00300709
2.235 0.00299374
2.24 0.00298048
2.245 0.00296731
2.25 0.00295422
2.255 0.00294122
2.26 0.00292831
2.265 0.00291548
2.27 0.00290273
2.275 0.00289007
2.28 0.00287749
2.285 0.00286499
2.29 0.00285258
2.295 0.00284024
2.3 0.00282798
2.305 0.00281581
2.31 0.00280371
2.315 0.00279169
2.32 0.00277974
2.325 0.00276787
2.33 0.00275608
2.335 0.00274437
2.34 0.00273272
2.345 0.00272116
2.35 0.00270966
2.355 0.00269824
2.36 0.00268689
2.365 0.00267561
2.37 0.0026644
2.375 0.00265326
2.38 0.0026422
2.385 0.0026312
2.39 0.00262027
2.395 0.0026094
2.4 0.00259861
2.405 0.00258788
2.41 0.00257722
2.415 0.00256662
2.42 0.00255609
2.425 0.00254563
2.43 0.00253522
2.435 0.00252488
2.44 0.00251461
2.445 0.0025044
2.45 0.00249424
2.455 0.00248415
2.46 0.00247413
2.465 0.00246416
2.47 0.00245425
2.475 0.0024444
2.48 0.00243461
2.485 0.00242488
2.49 0.00241521
2.495 0.0024056
2.5 0.00239604
2.505 0.00238654
2.51 0.0023771
2.515 0.00236771
2.52 0.00235837
2.525 0.0023491
2.53 0.00233987
2.535 0.00233071
2.54 0.00232159
2.545 0.00231253
2.55 0.00230352
2.555 0.00229456
2.56 0.00228566
2.565 0.00227681
2.57 0.00226801
2.575 0.00225926
2.58 0.00225056
2.585 0.00224191
2.59 0.00223331
2.595 0.00222476
2.6 0.00221626
2.605 0.0022078
2.61 0.0021994
2.615 0.00219104
2.62 0.00218273
2.625 0.00217447
2.63 0.00216626
2.635 0.00215809
2.64 0.00214996
2.645 0.00214189
2.65 0.00213386
2.655 0.00212587
2.66 0.00211793
2.665 0.00211003
2.67 0.00210218
2.675 0.00209437
2.68 0.0020866
2.685 0.00207888
2.69 0.0020712
2.695 0.00206356
2.7 0.00205596
2.705 0.00204841
2.71 0.0020409
2.715 0.00203343
2.72 0.002026
2.725 0.00201861
2.73 0.00201126
2.735 0.00200395
2.74 0.00199668
2.745 0.00198945
2.75 0.00198226
2.755 0.00197511
2.76 0.001968
2.765 0.00196092
2.77 0.00195389
2.775 0.00194689
2.78 0.00193992
2.785 0.001933
2.79 0.00192611
2.795 0.00191926
2.8 0.00191245
2.805 0.00190567
2.81 0.00189893
2.815 0.00189222
2.82 0.00188555
2.825 0.00187892
2.83 0.00187232
2.835 0.00186575
2.84 0.00185922
2.845 0.00185272
2.85 0.00184626
2.855 0.00183983
2.86 0.00183344
2.865 0.00182707
2.87 0.00182074
2.875 0.00181445
2.88 0.00180818
2.885 0.00180195
2.89 0.00179575
2.895 0.00178958
2.9 0.00178345
2.905 0.00177734
2.91 0.00177127
2.915 0.00176523
2.92 0.00175922
2.925 0.00175324
2.93 0.00174729
2.935 0.00174137
2.94 0.00173548
2.945 0.00172962
2.95 0.00172379
2.955 0.00171799
2.96 0.00171221
2.965 0.00170647
2.97 0.00170076
2.975 0.00169507
2.98 0.00168941
2.985 0.00168379
2.99 0.00167819
2.995 0.00167261
3 0.00166707
3.005 0.00166155
3.01 0.00165606
3.015 0.0016506
3.02 0.00164516
3.025 0.00163975
3.03 0.00163437
3.035 0.00162901
3.04 0.00162368
3.045 0.00161838
3.05 0.0016131
3.055 0.00160785
3.06 0.00160262
3.065 0.00159742
3.07 0.00159225
3.075 0.0015871
3.08 0.00158197
3.085 0.00157687
3.09 0.00157179
3.095 0.00156674
3.1 0.00156172
3.105 0.00155671
3.11 0.00155173
3.115 0.00154678
3.12 0.00154185
3.125 0.00153694
3.13 0.00153205
3.135 0.00152719
3.14 0.00152235
3.145 0.00151754
3.15 0.00151274
3.155 0.00150797
3.16 0.00150323
3.165 0.0014985
3.17 0.0014938
3.175 0.00148912
3.18 0.00148446
3.185 0.00147982
3.19 0.00147521
3.195 0.00147061
3.2 0.00146604
3.205 0.00146149
3.21 0.00145696
3.215 0.00145245
3.22 0.00144796
3.225 0.0014435
3.23 0.00143905
3.235 0.00143462
3.24 0.00143022
3.245 0.00142583
3.25 0.00142147
3.255 0.00141712
3.26 0.0014128
3.265 0.00140849
3.27 0.0014042
3.275 0.00139994
3.28 0.00139569
3.285 0.00139146
3.29 0.00138725
3.295 0.00138306
3.3 0.00137889
3.305 0.00137474
3.31 0.00137061
3.315 0.00136649
3.32 0.0013624
3.325 0.00135832
3.33 0.00135426
3.335 0.00135022
3.34 0.0013462
3.345 0.00134219
3.35 0.00133821
3.355 0.00133424
3.36 0.00133028
3.365 0.00132635
3.37 0.00132243
3.375 0.00131853
3.38 0.00131465
3.385 0.00131079
3.39 0.00130694
3.395 0.00130311
3.4 0.00129929
3.405 0.00129549
3.41 0.00129171
3.415 0.00128795
3.42 0.0012842
3.425 0.00128047
3.43 0.00127675
3.435 0.00127305
3.44 0.00126937
3.445 0.0012657
3.45 0.00126205
3.455 0.00125841
3.46 0.00125479
3.465 0.00125119
3.47 0.0012476
3.475 0.00124403
3.48 0.00124047
3.485 0.00123692
3.49 0.0012334
3.495 0.00122988
3.5 0.00122639
3.505 0.0012229
3.51 0.00121943
3.515 0.00121598
3.52 0.00121254
3.525 0.00120912
3.53 0.00120571
3.535 0.00120231
3.54 0.00119893
3.545 0.00119556
3.55 0.00119221
3.555 0.00118887
3.56 0.00118555
3.565 0.00118224
3.57 0.00117894
3.575 0.00117566
3.58 0.00117239
3.585 0.00116913
3.59 0.00116589
3.595 0.00116266
3.6 0.00115945
3.605 0.00115625
3.61 0.00115306
3.615 0.00114988
3.62 0.00114672
3.625 0.00114357
3.63 0.00114043
3.635 0.00113731
3.64 0.0011342
3.645 0.0011311
3.65 0.00112801
3.655 0.00112494
3.66 0.00112188
3.665 0.00111883
3.67 0.0011158
3.675 0.00111278
3.68 0.00110976
3.685 0.00110677
3.69 0.00110378
3.695 0.00110081
3.7 0.00109784
3.705 0.00109489
3.71 0.00109195
3.715 0.00108903
3.72 0.00108611
3.725 0.00108321
3.73 0.00108032
3.735 0.00107744
3.74 0.00107457
3.745 0.00107171
3.75 0.00106887
3.755 0.00106603
3.76 0.00106321
3.765 0.0010604
3.77 0.00105759
3.775 0.0010548
3.78 0.00105203
3.785 0.00104926
3.79 0.0010465
3.795 0.00104375
3.8 0.00104102
3.805 0.0010383
3.81 0.00103558
3.815 0.00103288
3.82 0.00103019
3.825 0.0010275
3.83 0.00102483
3.835 0.00102217
3.84 0.00101952
3.845 0.00101688
3.85 0.00101425
3.855 0.00101163
3.86 0.00100902
3.865 0.00100642
3.87 0.00100383
3.875 0.00100125
3.88 0.000998678
3.885 0.000996118
3.89 0.000993567
3.895 0.000991027
3.9 0.000988496
3.905 0.000985975
3.91 0.000983463
3.915 0.000980961
3.92 0.000978469
3.925 0.000975986
3.93 0.000973513
3.935 0.000971048
3.94 0.000968594
3.945 0.000966148
3.95 0.000963712
3.955 0.000961285
3.96 0.000958867
3.965 0.000956458
3.97 0.000954059
3.975 0.000951668
3.98 0.000949286
3.985 0.000946914
3.99 0.00094455
3.995 0.000942195
4 0.000939849
4.005 0.000937511
4.01 0.000935182
4.015 0.000932862
4.02 0.000930551
4.025 0.000928248
4.03 0.000925953
4.035 0.000923667
4.04 0.00092139
4.045 0.000919121
4.05 0.00091686
4.055 0.000914608
4.06 0.000912364
4.065 0.000910128
4.07 0.000907901
4.075 0.000905681
4.08 0.00090347
4.085 0.000901267
4.09 0.000899072
4.095 0.000896884
4.1 0.000894705
4.105 0.000892534
4.11 0.000890371
4.115 0.000888215
4.12 0.000886068
4.125 0.000883928
4.13 0.000881795
4.135 0.000879671
4.14 0.000877554
4.145 0.000875445
4.15 0.000873344
4.155 0.00087125
4.16 0.000869163
4.165 0.000867084
4.17 0.000865013
4.175 0.000862948
4.18 0.000860892
4.185 0.000858842
4.19 0.0008568
4.195 0.000854765
4.2 0.000852738
4.205 0.000850717
4.21 0.000848704
4.215 0.000846698
4.22 0.000844699
4.225 0.000842707
4.23 0.000840722
4.235 0.000838744
4.24 0.000836773
4.245 0.00083481
4.25 0.000832852
4.255 0.000830902
4.26 0.000828959
4.265 0.000827022
4.27 0.000825093
4.275 0.00082317
4.28 0.000821253
4.285 0.000819344
4.29 0.000817441
4.295 0.000815544
4.3 0.000813655
4.305 0.000811771
4.31 0.000809895
4.315 0.000808025
4.32 0.000806161
4.325 0.000804304
4.33 0.000802453
4.335 0.000800608
4.34 0.00079877
4.345 0.000796938
4.35 0.000795113
4.355 0.000793294
4.36 0.000791481
4.365 0.000789674
4.37 0.000787873
4.375 0.000786079
4.38 0.000784291
4.385 0.000782508
4.39 0.000780732
4.395 0.000778962
4.4 0.000777198
4.405 0.00077544
4.41 0.000773688
4.415 0.000771941
4.42 0.000770201
4.425 0.000768466
4.43 0.000766738
4.435 0.000765015
4.44 0.000763298
4.445 0.000761587
4.45 0.000759881
4.455 0.000758182
4.46 0.000756488
4.465 0.000754799
4.47 0.000753116
4.475 0.000751439
4.48 0.000749768
4.485 0.000748102
4.49 0.000746441
4.495 0.000744787
4.5 0.000743137
4.505 0.000741493
4.51 0.000739855
4.515 0.000738222
4.52 0.000736594
4.525 0.000734972
4.53 0.000733355
4.535 0.000731743
4.54 0.000730137
4.545 0.000728536
4.55 0.00072694
4.555 0.00072535
4.56 0.000723765
4.565 0.000722184
4.57 0.00072061
4.575 0.00071904
4.58 0.000717475
4.585 0.000715915
4.59 0.000714361
4.595 0.000712812
4.6 0.000711267
4.605 0.000709728
4.61 0.000708193
4.615 0.000706664
4.62 0.00070514
4.625 0.00070362
4.63 0.000702105
4.635 0.000700596
4.64 0.000699091
4.645 0.000697591
4.65 0.000696095
4.655 0.000694605
4.66 0.000693119
4.665 0.000691639
4.67 0.000690162
4.675 0.000688691
4.68 0.000687224
4.685 0.000685762
4.69 0.000684305
4.695 0.000682852
4.7 0.000681404
4.705 0.00067996
4.71 0.000678522
4.715 0.000677087
4.72 0.000675657
4.725 0.000674232
4.73 0.000672811
4.735 0.000671395
4.74 0.000669983
4.745 0.000668576
4.75 0.000667173
4.755 0.000665774
4.76 0.00066438
4.765 0.00066299
4.77 0.000661605
4.775 0.000660224
4.78 0.000658847
4.785 0.000657474
4.79 0.000656106
4.795 0.000654742
4.8 0.000653383
4.805 0.000652027
4.81 0.000650676
4.815 0.000649329
4.82 0.000647986
4.825 0.000646647
4.83 0.000645313
4.835 0.000643982
4.84 0.000642656
4.845 0.000641334
4.85 0.000640016
4.855 0.000638701
4.86 0.000637391
4.865 0.000636085
4.87 0.000634783
4.875 0.000633485
4.88 0.000632191
4.885 0.000630901
4.89 0.000629615
4.895 0.000628333
4.9 0.000627055
4.905 0.00062578
4.91 0.00062451
4.915 0.000623243
4.92 0.00062198
4.925 0.000620721
4.93 0.000619466
4.935 0.000618215
4.94 0.000616967
4.945 0.000615723
4.95 0.000614483
4.955 0.000613247
4.96 0.000612014
4.965 0.000610786
4.97 0.00060956
4.975 0.000608339
4.98 0.000607121
4.985 0.000605907
4.99 0.000604696
4.995 0.00060349
5 0.000602286
5.005 0.000601087
5.01 0.00059989
5.015 0.000598698
5.02 0.000597509
5.025 0.000596323
5.03 0.000595142
5.035 0.000593963
5.04 0.000592788
5.045 0.000591617
5.05 0.000590449
5.055 0.000589284
5.06 0.000588123
5.065 0.000586966
5.07 0.000585811
5.075 0.00058466
5.08 0.000583513
5.085 0.000582369
5.09 0.000581228
5.095 0.000580091
5.1 0.000578957
5.105 0.000577826
5.11 0.000576699
5.115 0.000575575
5.12 0.000574454
5.125 0.000573336
5.13 0.000572222
5.135 0.000571111
5.14 0.000570003
5.145 0.000568898
5.15 0.000567797
5.155 0.000566699
5.16 0.000565604
5.165 0.000564512
5.17 0.000563423
5.175 0.000562338
5.18 0.000561255
5.185 0.000560176
5.19 0.0005591
5.195 0.000558027
5.2 0.000556957
5.205 0.00055589
5.21 0.000554826
5.215 0.000553765
5.22 0.000552708
5.225 0.000551653
5.23 0.000550601
5.235 0.000549552
5.24 0.000548507
5.245 0.000547464
5.25 0.000546424
5.255 0.000545387
5.26 0.000544354
5.265 0.000543323
5.27 0.000542295
5.275 0.00054127
5.28 0.000540247
5.285 0.000539228
5.29 0.000538212
5.295 0.000537198
5.3 0.000536187
5.305 0.00053518
5.31 0.000534175
5.315 0.000533172
5.32 0.000532173
5.325 0.000531177
5.33 0.000530183
5.335 0.000529192
5.34 0.000528204
5.345 0.000527218
5.35 0.000526236
5.355 0.000525256
5.36 0.000524279
5.365 0.000523304
5.37 0.000522332
5.375 0.000521363
5.38 0.000520397
5.385 0.000519433
5.39 0.000518472
5.395 0.000517514
5.4 0.000516558
5.405 0.000515605
5.41 0.000514655
5.415 0.000513707
5.42 0.000512762
5.425 0.00051182
5.43 0.00051088
5.435 0.000509942
5.44 0.000509007
5.445 0.000508075
5.45 0.000507146
5.455 0.000506218
5.46 0.000505294
5.465 0.000504372
5.47 0.000503452
5.475 0.000502535
5.48 0.000501621
5.485 0.000500709
5.49 0.000499799
5.495 0.000498892
5.5 0.000497988
5.505 0.000497086
5.51 0.000496186
5.515 0.000495289
5.52 0.000494394
5.525 0.000493501
5.53 0.000492611
5.535 0.000491724
5.54 0.000490839
5.545 0.000489956
5.55 0.000489076
5.555 0.000488198
5.56 0.000487322
5.565 0.000486449
5.57 0.000485578
5.575 0.000484709
5.58 0.000483843
5.585 0.000482979
5.59 0.000482117
5.595 0.000481258
5.6 0.000480401
5.605 0.000479546
5.61 0.000478693
5.615 0.000477843
5.62 0.000476995
5.625 0.000476149
5.63 0.000475306
5.635 0.000474465
5.64 0.000473626
5.645 0.000472789
5.65 0.000471954
5.655 0.000471122
5.66 0.000470292
5.665 0.000469464
5.67 0.000468638
5.675 0.000467815
5.68 0.000466993
5.685 0.000466174
5.69 0.000465357
5.695 0.000464542
5.7 0.000463729
5.705 0.000462918
5.71 0.00046211
5.715 0.000461303
5.72 0.000460499
5.725 0.000459697
5.73 0.000458896
5.735 0.000458098
5.74 0.000457302
5.745 0.000456509
5.75 0.000455717
5.755 0.000454927
5.76 0.000454139
5.765 0.000453353
5.77 0.00045257
5.775 0.000451788
5.78 0.000451009
5.785 0.000450231
5.79 0.000449455
5.795 0.000448682
5.8 0.00044791
5.805 0.000447141
5.81 0.000446373
5.815 0.000445607
5.82 0.000444844
5.825 0.000444082
5.83 0.000443322
5.835 0.000442565
5.84 0.000441809
5.845 0.000441055
5.85 0.000440303
5.855 0.000439553
5.86 0.000438804
5.865 0.000438058
5.87 0.000437314
5.875 0.000436571
5.88 0.000435831
5.885 0.000435092
5.89 0.000434355
5.895 0.00043362
5.9 0.000432887
5.905 0.000432156
5.91 0.000431427
5.915 0.000430699
5.92 0.000429974
5.925 0.00042925
5.93 0.000428528
5.935 0.000427807
5.94 0.000427089
5.945 0.000426372
5.95 0.000425658
5.955 0.000424945
5.96 0.000424234
5.965 0.000423524
5.97 0.000422816
5.975 0.000422111
5.98 0.000421406
5.985 0.000420704
5.99 0.000420004
5.995 0.000419305
6 0.000418608
6.005 0.000417912
6.01 0.000417219
6.015 0.000416527
6.02 0.000415837
6.025 0.000415148
6.03 0.000414461
6.035 0.000413776
6.04 0.000413093
6.045 0.000412411
6.05 0.000411731
6.055 0.000411053
6.06 0.000410376
6.065 0.000409701
6.07 0.000409028
6.075 0.000408356
6.08 0.000407687
6.085 0.000407018
6.09 0.000406351
6.095 0.000405686
6.1 0.000405023
6.105 0.000404361
6.11 0.000403701
6.115 0.000403042
6.12 0.000402386
6.125 0.00040173
6.13 0.000401076
6.135 0.000400424
6.14 0.000399774
6.145 0.000399125
6.15 0.000398477
6.155 0.000397831
6.16 0.000397187
6.165 0.000396545
6.17 0.000395903
6.175 0.000395264
6.18 0.000394626
6.185 0.000393989
6.19 0.000393354
6.195 0.000392721
6.2 0.000392089
6.205 0.000391459
6.21 0.00039083
6.215 0.000390202
6.22 0.000389577
6.225 0.000388952
6.23 0.000388329
6.235 0.000387708
6.24 0.000387088
6.245 0.00038647
6.25 0.000385853
6.255 0.000385238
6.26 0.000384624
6.265 0.000384011
6.27 0.0003834
6.275 0.000382791
6.28 0.000382183
6.285 0.000381576
6.29 0.000380971
6.295 0.000380367
6.3 0.000379765
6.305 0.000379164
6.31 0.000378564
6.315 0.000377966
6.32 0.00037737
6.325 0.000376775
6.33 0.000376181
6.335 0.000375588
6.34 0.000374997
6.345 0.000374408
6.35 0.000373819
6.355 0.000373233
6.36 0.000372647
6.365 0.000372063
6.37 0.00037148
6.375 0.000370899
6.38 0.000370319
6.385 0.00036974
6.39 0.000369163
6.395 0.000368587
6.4 0.000368013
6.405 0.000367439
6.41 0.000366867
6.415 0.000366297
6.42 0.000365728
6.425 0.00036516
6.43 0.000364593
6.435 0.000364028
6.44 0.000363464
6.445 0.000362901
6.45 0.00036234
6.455 0.00036178
6.46 0.000361221
6.465 0.000360664
6.47 0.000360108
6.475 0.000359553
6.48 0.000358999
6.485 0.000358447
6.49 0.000357896
6.495 0.000357346
6.5 0.000356798
6.505 0.00035625
6.51 0.000355704
6.515 0.00035516
6.52 0.000354616
6.525 0.000354074
6.53 0.000353533
6.535 0.000352993
6.54 0.000352455
6.545 0.000351917
6.55 0.000351381
6.555 0.000350846
6.56 0.000350313
6.565 0.00034978
6.57 0.000349249
6.575 0.000348719
6.58 0.000348191
6.585 0.000347663
6.59 0.000347137
6.595 0.000346611
6.6 0.000346087
6.605 0.000345565
6.61 0.000345043
6.615 0.000344523
6.62 0.000344003
6.625 0.000343485
6.63 0.000342968
6.635 0.000342453
6.64 0.000341938
6.645 0.000341425
6.65 0.000340912
6.655 0.000340401
6.66 0.000339891
6.665 0.000339382
6.67 0.000338875
6.675 0.000338368
6.68 0.000337863
6.685 0.000337358
6.69 0.000336855
6.695 0.000336353
6.7 0.000335852
6.705 0.000335353
6.71 0.000334854
6.715 0.000334356
6.72 0.00033386
6.725 0.000333365
6.73 0.00033287
6.735 0.000332377
6.74 0.000331885
6.745 0.000331394
6.75 0.000330904
6.755 0.000330415
6.76 0.000329928
6.765 0.000329441
6.77 0.000328956
6.775 0.000328471
6.78 0.000327988
6.785 0.000327505
6.79 0.000327024
6.795 0.000326544
6.8 0.000326065
6.805 0.000325587
6.81 0.00032511
6.815 0.000324634
6.82 0.000324159
6.825 0.000323685
6.83 0.000323212
6.835 0.00032274
6.84 0.000322269
6.845 0.000321799
6.85 0.000321331
6.855 0.000320863
6.86 0.000320396
6.865 0.00031993
6.87 0.000319466
6.875 0.000319002
6.88 0.000318539
6.885 0.000318078
6.89 0.000317617
6.895 0.000317157
6.9 0.000316699
6.905 0.000316241
6.91 0.000315784
6.915 0.000315329
6.92 0.000314874
6.925 0.00031442
6.93 0.000313968
6.935 0.000313516
6.94 0.000313065
6.945 0.000312615
6.95 0.000312166
6.955 0.000311718
6.96 0.000311272
6.965 0.000310826
6.97 0.000310381
6.975 0.000309937
6.98 0.000309493
6.985 0.000309051
6.99 0.00030861
6.995 0.00030817
7 0.000307731
7.005 0.000307292
7.01 0.000306855
7.015 0.000306418
7.02 0.000305983
7.025 0.000305548
7.03 0.000305114
7.035 0.000304681
7.04 0.00030425
7.045 0.000303819
7.05 0.000303389
7.055 0.000302959
7.06 0.000302531
7.065 0.000302104
7.07 0.000301678
7.075 0.000301252
7.08 0.000300827
7.085 0.000300404
7.09 0.000299981
7.095 0.000299559
7.1 0.000299138
7.105 0.000298718
7.11 0.000298299
7.115 0.00029788
7.12 0.000297463
7.125 0.000297046
7.13 0.00029663
7.135 0.000296215
7.14 0.000295801
7.145 0.000295388
7.15 0.000294976
7.155 0.000294565
7.16 0.000294154
7.165 0.000293744
7.17 0.000293335
7.175 0.000292927
7.18 0.00029252
7.185 0.000292114
7.19 0.000291709
7.195 0.000291304
7.2 0.0002909
7.205 0.000290497
7.21 0.000290095
7.215 0.000289694
7.22 0.000289294
7.225 0.000288894
7.23 0.000288495
7.235 0.000288097
7.24 0.0002877
7.245 0.000287304
7.25 0.000286908
7.255 0.000286514
7.26 0.00028612
7.265 0.000285727
7.27 0.000285335
7.275 0.000284943
7.28 0.000284553
7.285 0.000284163
7.29 0.000283774
7.295 0.000283386
7.3 0.000282998
7.305 0.000282612
7.31 0.000282226
7.315 0.000281841
7.32 0.000281456
7.325 0.000281073
7.33 0.00028069
7.335 0.000280308
7.34 0.000279927
7.345 0.000279547
7.35 0.000279167
7.355 0.000278789
7.36 0.000278411
7.365 0.000278033
7.37 0.000277657
7.375 0.000277281
7.38 0.000276906
7.385 0.000276532
7.39 0.000276158
7.395 0.000275786
7.4 0.000275414
7.405 0.000275043
7.41 0.000274672
7.415 0.000274302
7.42 0.000273934
7.425 0.000273565
7.43 0.000273198
7.435 0.000272831
7.44 0.000272465
7.445 0.0002721
7.45 0.000271735
7.455 0.000271372
7.46 0.000271009
7.465 0.000270646
7.47 0.000270285
7.475 0.000269924
7.48 0.000269564
7.485 0.000269204
7.49 0.000268846
7.495 0.000268488
7.5 0.00026813
7.505 0.000267774
7.51 0.000267418
7.515 0.000267063
7.52 0.000266708
7.525 0.000266355
7.53 0.000266001
7.535 0.000265649
7.54 0.000265298
7.545 0.000264947
7.55 0.000264596
7.555 0.000264247
7.56 0.000263898
7.565 0.00026355
7.57 0.000263202
7.575 0.000262856
7.58 0.000262509
7.585 0.000262164
7.59 0.000261819
7.595 0.000261475
7.6 0.000261132
7.605 0.000260789
7.61 0.000260447
7.615 0.000260106
7.62 0.000259765
7.625 0.000259425
7.63 0.000259086
7.635 0.000258747
7.64 0.000258409
7.645 0.000258072
7.65 0.000257735
7.655 0.000257399
7.66 0.000257063
7.665 0.000256729
7.67 0.000256395
7.675 0.000256061
7.68 0.000255728
7.685 0.000255396
7.69 0.000255065
7.695 0.000254734
7.7 0.000254404
7.705 0.000254074
7.71 0.000253745
7.715 0.000253417
7.72 0.000253089
7.725 0.000252762
7.73 0.000252436
7.735 0.00025211
7.74 0.000251785
7.745 0.000251461
7.75 0.000251137
7.755 0.000250814
7.76 0.000250491
7.765 0.000250169
7.77 0.000249848
7.775 0.000249527
7.78 0.000249207
7.785 0.000248887
7.79 0.000248569
7.795 0.00024825
7.8 0.000247933
7.805 0.000247616
7.81 0.000247299
7.815 0.000246983
7.82 0.000246668
7.825 0.000246353
7.83 0.000246039
7.835 0.000245726
7.84 0.000245413
7.845 0.000245101
7.85 0.000244789
7.855 0.000244478
7.86 0.000244168
7.865 0.000243858
7.87 0.000243548
7.875 0.00024324
7.88 0.000242932
7.885 0.000242624
7.89 0.000242317
7.895 0.000242011
7.9 0.000241705
7.905 0.0002414
7.91 0.000241095
7.915 0.000240791
7.92 0.000240488
7.925 0.000240185
7.93 0.000239883
7.935 0.000239581
7.94 0.00023928
7.945 0.000238979
7.95 0.000238679
7.955 0.000238379
7.96 0.000238081
7.965 0.000237782
7.97 0.000237484
7.975 0.000237187
7.98 0.000236891
7.985 0.000236594
7.99 0.000236299
7.995 0.000236004
8 0.000235709
8.005 0.000235415
8.01 0.000235122
8.015 0.000234829
8.02 0.000234537
8.025 0.000234245
8.03 0.000233954
8.035 0.000233663
8.04 0.000233373
8.045 0.000233084
8.05 0.000232795
8.055 0.000232506
8.06 0.000232218
8.065 0.000231931
8.07 0.000231644
8.075 0.000231358
8.08 0.000231072
8.085 0.000230787
8.09 0.000230502
8.095 0.000230218
8.1 0.000229934
8.105 0.000229651
8.11 0.000229368
8.115 0.000229086
8.12 0.000228804
8.125 0.000228523
8.13 0.000228243
8.135 0.000227963
8.14 0.000227683
8.145 0.000227404
8.15 0.000227125
8.155 0.000226847
8.16 0.00022657
8.165 0.000226293
8.17 0.000226016
8.175 0.000225741
8.18 0.000225465
8.185 0.00022519
8.19 0.000224916
8.195 0.000224642
8.2 0.000224368
8.205 0.000224095
8.21 0.000223823
8.215 0.000223551
8.22 0.000223279
8.225 0.000223008
8.23 0.000222738
8.235 0.000222468
8.24 0.000222198
8.245 0.000221929
8.25 0.000221661
8.255 0.000221393
8.26 0.000221125
8.265 0.000220858
8.27 0.000220592
8.275 0.000220325
8.28 0.00022006
8.285 0.000219795
8.29 0.00021953
8.295 0.000219266
8.3 0.000219002
8.305 0.000218739
8.31 0.000218476
8.315 0.000218214
8.32 0.000217952
8.325 0.000217691
8.33 0.00021743
8.335 0.000217169
8.34 0.000216909
8.345 0.00021665
8.35 0.000216391
8.355 0.000216132
8.36 0.000215874
8.365 0.000215617
8.37 0.00021536
8.375 0.000215103
8.38 0.000214847
8.385 0.000214591
8.39 0.000214336
8.395 0.000214081
8.4 0.000213826
8.405 0.000213572
8.41 0.000213319
8.415 0.000213066
8.42 0.000212813
8.425 0.000212561
8.43 0.000212309
8.435 0.000212058
8.44 0.000211807
8.445 0.000211557
8.45 0.000211307
8.455 0.000211057
8.46 0.000210808
8.465 0.00021056
8.47 0.000210312
8.475 0.000210064
8.48 0.000209817
8.485 0.00020957
8.49 0.000209323
8.495 0.000209077
8.5 0.000208832
8.505 0.000208587
8.51 0.000208342
8.515 0.000208098
8.52 0.000207854
8.525 0.00020761
8.53 0.000207367
8.535 0.000207125
8.54 0.000206883
8.545 0.000206641
8.55 0.0002064
8.555 0.000206159
8.56 0.000205919
8.565 0.000205679
8.57 0.000205439
8.575 0.0002052
8.58 0.000204961
8.585 0.000204723
8.59 0.000204485
8.595 0.000204247
8.6 0.00020401
8.605 0.000203773
8.61 0.000203537
8.615 0.000203301
8.62 0.000203066
8.625 0.000202831
8.63 0.000202596
8.635 0.000202362
8.64 0.000202128
8.645 0.000201895
8.65 0.000201662
8.655 0.000201429
8.66 0.000201197
8.665 0.000200965
8.67 0.000200734
8.675 0.000200503
8.68 0.000200272
8.685 0.000200042
8.69 0.000199812
8.695 0.000199583
8.7 0.000199354
8.705 0.000199125
8.71 0.000198897
8.715 0.000198669
8.72 0.000198442
8.725 0.000198214
8.73 0.000197988
8.735 0.000197762
8.74 0.000197536
8.745 0.00019731
8.75 0.000197085
8.755 0.00019686
8.76 0.000196636
8.765 0.000196412
8.77 0.000196188
8.775 0.000195965
8.78 0.000195742
8.785 0.00019552
8.79 0.000195298
8.795 0.000195076
8.8 0.000194855
8.805 0.000194634
8.81 0.000194413
8.815 0.000194193
8.82 0.000193973
8.825 0.000193754
8.83 0.000193535
8.835 0.000193316
8.84 0.000193098
8.845 0.00019288
8.85 0.000192662
8.855 0.000192445
8.86 0.000192228
8.865 0.000192012
8.87 0.000191796
8.875 0.00019158
8.88 0.000191364
8.885 0.000191149
8.89 0.000190935
8.895 0.00019072
8.9 0.000190507
8.905 0.000190293
8.91 0.00019008
8.915 0.000189867
8.92 0.000189654
8.925 0.000189442
8.93 0.00018923
8.935 0.000189019
8.94 0.000188808
8.945 0.000188597
8.95 0.000188387
8.955 0.000188177
8.96 0.000187967
8.965 0.000187758
8.97 0.000187549
8.975 0.00018734
8.98 0.000187132
8.985 0.000186924
8.99 0.000186716
8.995 0.000186509
9 0.000186302
9.005 0.000186096
9.01 0.000185889
9.015 0.000185684
9.02 0.000185478
9.025 0.000185273
9.03 0.000185068
9.035 0.000184864
9.04 0.000184659
9.045 0.000184456
9.05 0.000184252
9.055 0.000184049
9.06 0.000183846
9.065 0.000183644
9.07 0.000183441
9.075 0.00018324
9.08 0.000183038
9.085 0.000182837
9.09 0.000182636
9.095 0.000182436
9.1 0.000182236
9.105 0.000182036
9.11 0.000181836
9.115 0.000181637
9.12 0.000181438
9.125 0.00018124
9.13 0.000181041
9.135 0.000180844
9.14 0.000180646
9.145 0.000180449
9.15 0.000180252
9.155 0.000180055
9.16 0.000179859
9.165 0.000179663
9.17 0.000179468
9.175 0.000179272
9.18 0.000179077
9.185 0.000178883
9.19 0.000178688
9.195 0.000178494
9.2 0.000178301
9.205 0.000178107
9.21 0.000177914
9.215 0.000177721
9.22 0.000177529
9.225 0.000177337
9.23 0.000177145
9.235 0.000176953
9.24 0.000176762
9.245 0.000176571
9.25 0.000176381
9.255 0.00017619
9.26 0.000176
9.265 0.000175811
9.27 0.000175621
9.275 0.000175432
9.28 0.000175244
9.285 0.000175055
9.29 0.000174867
9.295 0.000174679
9.3 0.000174492
9.305 0.000174304
9.31 0.000174117
9.315 0.000173931
9.32 0.000173745
9.325 0.000173558
9.33 0.000173373
9.335 0.000173187
9.34 0.000173002
9.345 0.000172817
9.35 0.000172633
9.355 0.000172449
9.36 0.000172265
9.365 0.000172081
9.37 0.000171898
9.375 0.000171714
9.38 0.000171532
9.385 0.000171349
9.39 0.000171167
9.395 0.000170985
9.4 0.000170803
9.405 0.000170622
9.41 0.000170441
9.415 0.00017026
9.42 0.00017008
9.425 0.0001699
9.43 0.00016972
9.435 0.00016954
9.44 0.000169361
9.445 0.000169182
9.45 0.000169003
9.455 0.000168825
9.46 0.000168646
9.465 0.000168469
9.47 0.000168291
9.475 0.000168114
9.48 0.000167937
9.485 0.00016776
9.49 0.000167583
9.495 0.000167407
9.5 0.000167231
9.505 0.000167055
9.51 0.00016688
9.515 0.000166705
9.52 0.00016653
9.525 0.000166355
9.53 0.000166181
9.535 0.000166007
9.54 0.000165833
9.545 0.00016566
9.55 0.000165487
9.555 0.000165314
9.56 0.000165141
9.565 0.000164969
9.57 0.000164797
9.575 0.000164625
9.58 0.000164453
9.585 0.000164282
9.59 0.000164111
9.595 0.00016394
9.6 0.00016377
9.605 0.000163599
9.61 0.000163429
9.615 0.00016326
9.62 0.00016309
9.625 0.000162921
9.63 0.000162752
9.635 0.000162583
9.64 0.000162415
9.645 0.000162247
9.65 0.000162079
9.655 0.000161911
9.66 0.000161744
9.665 0.000161577
9.67 0.00016141
9.675 0.000161243
9.68 0.000161077
9.685 0.000160911
9.69 0.000160745
9.695 0.00016058
9.7 0.000160414
9.705 0.000160249
9.71 0.000160085
9.715 0.00015992
9.72 0.000159756
9.725 0.000159592
9.73 0.000159428
9.735 0.000159264
9.74 0.000159101
9.745 0.000158938
9.75 0.000158775
9.755 0.000158613
9.76 0.000158451
9.765 0.000158289
9.77 0.000158127
9.775 0.000157965
9.78 0.000157804
9.785 0.000157643
9.79 0.000157482
9.795 0.000157322
9.8 0.000157161
9.805 0.000157001
9.81 0.000156841
9.815 0.000156682
9.82 0.000156523
9.825 0.000156363
9.83 0.000156205
9.835 0.000156046
9.84 0.000155888
9.845 0.00015573
9.85 0.000155572
9.855 0.000155414
9.86 0.000155257
9.865 0.0001551
9.87 0.000154943
9.875 0.000154786
9.88 0.00015463
9.885 0.000154473
9.89 0.000154317
9.895 0.000154162
9.9 0.000154006
9.905 0.000153851
9.91 0.000153696
9.915 0.000153541
9.92 0.000153387
9.925 0.000153232
9.93 0.000153078
9.935 0.000152924
9.94 0.000152771
9.945 0.000152617
9.95 0.000152464
9.955 0.000152311
9.96 0.000152158
9.965 0.000152006
9.97 0.000151854
9.975 0.000151702
9.98 0.00015155
9.985 0.000151398
9.99 0.000151247
9.995 0.000151096
