0 -nan
0.005 0.205273
0.01 0.257626
0.015 0.502047
0.02 0.118666
0.025 0.383104
0.03 0.413718
0.035 0.172536
0.04 0.567396
0.045 0.0469506
0.05 0.270234
0.055 0.0723409
0.06 0.200801
0.065 0.468394
0.07 0.25569
0.075 0.00412187
0.08 0.0256242
0.085 0.0161305
0.09 0.258764
0.095 0.842057
0.1 0.433169
0.105 0.228307
0.11 0.853311
0.115 0.121668
0.12 0.811696
0.125 0.384543
0.13 0.32828
0.135 0.956137
0.14 0.155882
0.145 0.378807
0.15 0.981159
0.155 0.4471
0.16 0.0534579
0.165 0.576035
0.17 0.973514
0.175 0.606636
0.18 0.10179
0.185 0.148727
0.19 0.622245
0.195 0.945867
0.2 0.810507
0.205 0.393868
0.21 0.0764328
0.215 0.0870013
0.22 0.377062
0.225 0.72552
0.23 0.918602
0.235 0.868545
0.24 0.627496
0.245 0.327595
0.25 0.102481
0.255 0.0317712
0.26 0.123482
0.265 0.328067
0.27 0.56824
0.275 0.769207
0.28 0.879663
0.285 0.880353
0.29 0.781868
0.295 0.615663
0.3 0.422637
0.305 0.242655
0.31 0.106997
0.315 0.0343937
0.32 0.030343
0.325 0.088865
0.33 0.195687
0.335 0.331923
0.34 0.477544
0.345 0.614184
0.35 0.727068
0.355 0.806067
0.36 0.845954
0.365 0.846063
0.37 0.809548
0.375 0.742404
0.38 0.652443
0.385 0.548318
0.39 0.438674
0.395 0.331487
0.4 0.23359
0.405 0.150377
0.41 0.0856754
0.415 0.0417565
0.42 0.0194396
0.425 0.0182729
0.43 0.0367558
0.435 0.0725803
0.44 0.122871
0.445 0.184414
0.45 0.253854
0.455 0.327873
0.46 0.403325
0.465 0.477342
0.47 0.547413
0.475 0.611426
0.48 0.667694
0.485 0.714956
0.49 0.752361
0.495 0.77944
0.5 0.796071
0.505 0.802436
0.51 0.798979
0.515 0.786351
0.52 0.765375
0.525 0.736996
0.53 0.702241
0.535 0.662189
0.54 0.61793
0.545 0.570548
0.55 0.521088
0.555 0.470545
0.56 0.419846
0.565 0.36984
0.57 0.321289
0.575 0.274866
0.58 0.231151
0.585 0.190633
0.59 0.15371
0.595 0.120692
0.6 0.0918099
0.605 0.0672155
0.61 0.046991
0.615 0.0311548
0.62 0.0196674
0.625 0.0124388
0.63 0.0093352
0.635 0.0101849
0.64 0.0147848
0.645 0.0229063
0.65 0.0343008
0.655 0.0487044
0.66 0.0658426
0.665 0.0854349
0.67 0.107198
0.675 0.130849
0.68 0.15611
0.685 0.182707
0.69 0.210376
0.695 0.238863
0.7 0.267923
0.705 0.297326
0.71 0.326856
0.715 0.356309
0.72 0.385498
0.725 0.414247
0.73 0.442399
0.735 0.46981
0.74 0.496349
0.745 0.521902
0.75 0.546368
0.755 0.569658
0.76 0.591697
0.765 0.612422
0.77 0.631781
0.775 0.649734
0.78 0.66625
0.785 0.681308
0.79 0.694897
0.795 0.707012
0.8 0.717657
0.805 0.726844
0.81 0.734588
0.815 0.740913
0.82 0.745845
0.825 0.749418
0.83 0.751667
0.835 0.752632
0.84 0.752355
0.845 0.750882
0.85 0.748259
0.855 0.744537
0.86 0.739765
0.865 0.733995
0.87 0.727278
0.875 0.719668
0.88 0.711217
0.885 0.701979
0.89 0.692005
0.895 0.681347
0.9 0.670058
0.905 0.658186
0.91 0.645783
0.915 0.632897
0.92 0.619575
0.925 0.605863
0.93 0.591807
0.935 0.577449
0.94 0.562832
0.945 0.547997
0.95 0.532981
0.955 0.517824
0.96 0.50256
0.965 0.487225
0.97 0.47185
0.975 0.456468
0.98 0.441108
0.985 0.425798
0.99 0.410564
0.995 0.395433
1 0.380427
1.005 0.365569
1.01 0.35088
1.015 0.33638
1.02 0.322086
1.025 0.308015
1.03 0.294183
1.035 0.280606
1.04 0.267294
1.045 0.254262
1.05 0.24152
1.055 0.229078
1.06 0.216945
1.065 0.205128
1.07 0.193636
1.075 0.182475
1.08 0.171649
1.085 0.161163
1.09 0.151022
1.095 0.141228
1.1 0.131784
1.105 0.122691
1.11 0.113951
1.115 0.105563
1.12 0.0975295
1.125 0.0898482
1.13 0.0825185
1.135 0.075539
1.14 0.0689077
1.145 0.0626225
1.15 0.0566805
1.155 0.0510788
1.16 0.0458142
1.165 0.0408828
1.17 0.0362809
1.175 0.0320042
1.18 0.0280483
1.185 0.0244087
1.19 0.0210805
1.195 0.0180588
1.2 0.0153384
1.205 0.012914
1.21 0.0107802
1.215 0.00893149
1.22 0.00736227
1.225 0.00606682
1.23 0.00503938
1.235 0.00427411
1.24 0.00376515
1.245 0.00350657
1.25 0.00349244
1.255 0.0037168
1.26 0.00417369
1.265 0.00485715
1.27 0.00576121
1.275 0.00687995
1.28 0.00820744
1.285 0.0097378
1.29 0.0114652
1.295 0.0133838
1.3 0.0154878
1.305 0.0177715
1.31 0.0202293
1.315 0.0228556
1.32 0.0256447
1.325 0.0285914
1.33 0.03169
1.335 0.0349354
1.34 0.0383222
1.345 0.0418453
1.35 0.0454995
1.355 0.0492799
1.36 0.0531814
1.365 0.0571994
1.37 0.0613288
1.375 0.0655652
1.38 0.0699038
1.385 0.0743401
1.39 0.0788698
1.395 0.0834885
1.4 0.0881919
1.405 0.0929759
1.41 0.0978364
1.415 0.102769
1.42 0.107771
1.425 0.112837
1.43 0.117965
1.435 0.12315
1.44 0.128388
1.445 0.133677
1.45 0.139014
1.455 0.144393
1.46 0.149814
1.465 0.155271
1.47 0.160763
1.475 0.166287
1.48 0.171838
1.485 0.177416
1.49 0.183016
1.495 0.188636
1.5 0.194274
1.505 0.199927
1.51 0.205593
1.515 0.211269
1.52 0.216953
1.525 0.222643
1.53 0.228336
1.535 0.234031
1.54 0.239725
1.545 0.245417
1.55 0.251104
1.555 0.256785
1.56 0.262458
1.565 0.268121
1.57 0.273772
1.575 0.279411
1.58 0.285034
1.585 0.290642
1.59 0.296232
1.595 0.301803
1.6 0.307354
1.605 0.312883
1.61 0.318389
1.615 0.323872
1.62 0.329328
1.625 0.334759
1.63 0.340162
1.635 0.345537
1.64 0.350882
1.645 0.356197
1.65 0.361481
1.655 0.366733
1.66 0.371952
1.665 0.377137
1.67 0.382287
1.675 0.387403
1.68 0.392483
1.685 0.397526
1.69 0.402532
1.695 0.4075
1.7 0.412431
1.705 0.417322
1.71 0.422174
1.715 0.426987
1.72 0.431759
1.725 0.436491
1.73 0.441182
1.735 0.445832
1.74 0.45044
1.745 0.455007
1.75 0.459531
1.755 0.464012
1.76 0.468451
1.765 0.472847
1.77 0.4772
1.775 0.48151
1.78 0.485776
1.785 0.489999
1.79 0.494178
1.795 0.498313
1.8 0.502404
1.805 0.506452
1.81 0.510455
1.815 0.514414
1.82 0.518329
1.825 0.5222
1.83 0.526026
1.835 0.529809
1.84 0.533548
1.845 0.537242
1.85 0.540893
1.855 0.544499
1.86 0.548062
1.865 0.551581
1.87 0.555057
1.875 0.558488
1.88 0.561877
1.885 0.565222
1.89 0.568523
1.895 0.571782
1.9 0.574998
1.905 0.578171
1.91 0.581301
1.915 0.584389
1.92 0.587435
1.925 0.590439
1.93 0.593401
1.935 0.596321
1.94 0.5992
1.945 0.602037
1.95 0.604833
1.955 0.607589
1.96 0.610304
1.965 0.612979
1.97 0.615613
1.975 0.618207
1.98 0.620762
1.985 0.623278
1.99 0.625754
1.995 0.628191
2 0.63059
2.005 0.63295
2.01 0.635272
2.015 0.637556
2.02 0.639803
2.025 0.642012
2.03 0.644184
2.035 0.646319
2.04 0.648418
2.045 0.65048
2.05 0.652507
2.055 0.654497
2.06 0.656452
2.065 0.658372
2.07 0.660258
2.075 0.662108
2.08 0.663924
2.085 0.665706
2.09 0.667455
2.095 0.669169
2.1 0.670851
2.105 0.6725
2.11 0.674116
2.115 0.675699
2.12 0.677251
2.125 0.678771
2.13 0.680259
2.135 0.681716
2.14 0.683142
2.145 0.684538
2.15 0.685903
2.155 0.687238
2.16 0.688543
2.165 0.689819
2.17 0.691065
2.175 0.692283
2.18 0.693471
2.185 0.694632
2.19 0.695764
2.195 0.696868
2.2 0.697945
2.205 0.698994
2.21 0.700017
2.215 0.701012
2.22 0.701981
2.225 0.702924
2.23 0.703841
2.235 0.704732
2.24 0.705598
2.245 0.706438
2.25 0.707254
2.255 0.708044
2.26 0.708811
2.265 0.709553
2.27 0.710272
2.275 0.710966
2.28 0.711638
2.285 0.712286
2.29 0.712911
2.295 0.713514
2.3 0.714095
2.305 0.714653
2.31 0.715189
2.315 0.715704
2.32 0.716197
2.325 0.716669
2.33 0.71712
2.335 0.717551
2.34 0.717961
2.345 0.71835
2.35 0.71872
2.355 0.71907
2.36 0.7194
2.365 0.719711
2.37 0.720003
2.375 0.720276
2.38 0.72053
2.385 0.720766
2.39 0.720984
2.395 0.721183
2.4 0.721365
2.405 0.721529
2.41 0.721676
2.415 0.721806
2.42 0.721918
2.425 0.722014
2.43 0.722094
2.435 0.722156
2.44 0.722203
2.445 0.722234
2.45 0.722249
2.455 0.722248
2.46 0.722232
2.465 0.722201
2.47 0.722155
2.475 0.722094
2.48 0.722018
2.485 0.721928
2.49 0.721823
2.495 0.721705
2.5 0.721572
2.505 0.721426
2.51 0.721267
2.515 0.721093
2.52 0.720907
2.525 0.720708
2.53 0.720495
2.535 0.72027
2.54 0.720033
2.545 0.719783
2.55 0.71952
2.555 0.719246
2.56 0.71896
2.565 0.718662
2.57 0.718352
2.575 0.718031
2.58 0.717699
2.585 0.717356
2.59 0.717001
2.595 0.716636
2.6 0.71626
2.605 0.715874
2.61 0.715477
2.615 0.71507
2.62 0.714653
2.625 0.714226
2.63 0.713789
2.635 0.713342
2.64 0.712886
2.645 0.71242
2.65 0.711945
2.655 0.711461
2.66 0.710968
2.665 0.710465
2.67 0.709955
2.675 0.709435
2.68 0.708907
2.685 0.708371
2.69 0.707826
2.695 0.707273
2.7 0.706712
2.705 0.706143
2.71 0.705566
2.715 0.704982
2.72 0.70439
2.725 0.70379
2.73 0.703184
2.735 0.70257
2.74 0.701949
2.745 0.70132
2.75 0.700685
2.755 0.700043
2.76 0.699395
2.765 0.698739
2.77 0.698078
2.775 0.69741
2.78 0.696735
2.785 0.696055
2.79 0.695368
2.795 0.694675
2.8 0.693977
2.805 0.693272
2.81 0.692562
2.815 0.691846
2.82 0.691125
2.825 0.690398
2.83 0.689666
2.835 0.688929
2.84 0.688186
2.845 0.687439
2.85 0.686686
2.855 0.685928
2.86 0.685166
2.865 0.684399
2.87 0.683627
2.875 0.682851
2.88 0.68207
2.885 0.681285
2.89 0.680495
2.895 0.679701
2.9 0.678903
2.905 0.678101
2.91 0.677294
2.915 0.676484
2.92 0.67567
2.925 0.674852
2.93 0.67403
2.935 0.673205
2.94 0.672376
2.945 0.671543
2.95 0.670707
2.955 0.669868
2.96 0.669025
2.965 0.668179
2.97 0.667329
2.975 0.666477
2.98 0.665621
2.985 0.664763
2.99 0.663901
2.995 0.663037
3 0.66217
3.005 0.6613
3.01 0.660427
3.015 0.659552
3.02 0.658674
3.025 0.657793
3.03 0.65691
3.035 0.656025
3.04 0.655137
3.045 0.654247
3.05 0.653354
3.055 0.65246
3.06 0.651563
3.065 0.650664
3.07 0.649763
3.075 0.64886
3.08 0.647955
3.085 0.647048
3.09 0.64614
3.095 0.645229
3.1 0.644317
3.105 0.643403
3.11 0.642487
3.115 0.64157
3.12 0.640651
3.125 0.639731
3.13 0.638809
3.135 0.637885
3.14 0.636961
3.145 0.636034
3.15 0.635107
3.155 0.634178
3.16 0.633248
3.165 0.632317
3.17 0.631385
3.175 0.630451
3.18 0.629517
3.185 0.628581
3.19 0.627645
3.195 0.626707
3.2 0.625769
3.205 0.624829
3.21 0.623889
3.215 0.622948
3.22 0.622006
3.225 0.621064
3.23 0.620121
3.235 0.619177
3.24 0.618232
3.245 0.617287
3.25 0.616341
3.255 0.615395
3.26 0.614448
3.265 0.613501
3.27 0.612553
3.275 0.611605
3.28 0.610656
3.285 0.609707
3.29 0.608758
3.295 0.607808
3.3 0.606858
3.305 0.605908
3.31 0.604958
3.315 0.604007
3.32 0.603056
3.325 0.602105
3.33 0.601154
3.335 0.600203
3.34 0.599252
3.345 0.598301
3.35 0.59735
3.355 0.596399
3.36 0.595447
3.365 0.594496
3.37 0.593545
3.375 0.592594
3.38 0.591644
3.385 0.590693
3.39 0.589743
3.395 0.588792
3.4 0.587842
3.405 0.586893
3.41 0.585943
3.415 0.584994
3.42 0.584045
3.425 0.583096
3.43 0.582148
3.435 0.5812
3.44 0.580253
3.445 0.579306
3.45 0.578359
3.455 0.577413
3.46 0.576467
3.465 0.575522
3.47 0.574577
3.475 0.573632
3.48 0.572689
3.485 0.571745
3.49 0.570803
3.495 0.569861
3.5 0.568919
3.505 0.567978
3.51 0.567038
3.515 0.566099
3.52 0.56516
3.525 0.564222
3.53 0.563284
3.535 0.562347
3.54 0.561411
3.545 0.560476
3.55 0.559541
3.555 0.558607
3.56 0.557674
3.565 0.556742
3.57 0.55581
3.575 0.55488
3.58 0.55395
3.585 0.553021
3.59 0.552093
3.595 0.551165
3.6 0.550239
3.605 0.549314
3.61 0.548389
3.615 0.547465
3.62 0.546543
3.625 0.545621
3.63 0.5447
3.635 0.54378
3.64 0.542861
3.645 0.541943
3.65 0.541026
3.655 0.54011
3.66 0.539195
3.665 0.538281
3.67 0.537369
3.675 0.536457
3.68 0.535546
3.685 0.534636
3.69 0.533728
3.695 0.53282
3.7 0.531914
3.705 0.531008
3.71 0.530104
3.715 0.529201
3.72 0.528299
3.725 0.527398
3.73 0.526498
3.735 0.525599
3.74 0.524702
3.745 0.523806
3.75 0.52291
3.755 0.522016
3.76 0.521124
3.765 0.520232
3.77 0.519342
3.775 0.518453
3.78 0.517565
3.785 0.516678
3.79 0.515792
3.795 0.514908
3.8 0.514025
3.805 0.513143
3.81 0.512262
3.815 0.511383
3.82 0.510505
3.825 0.509628
3.83 0.508753
3.835 0.507878
3.84 0.507005
3.845 0.506134
3.85 0.505263
3.855 0.504394
3.86 0.503526
3.865 0.50266
3.87 0.501794
3.875 0.50093
3.88 0.500068
3.885 0.499207
3.89 0.498347
3.895 0.497488
3.9 0.496631
3.905 0.495775
3.91 0.49492
3.915 0.494067
3.92 0.493215
3.925 0.492365
3.93 0.491515
3.935 0.490668
3.94 0.489821
3.945 0.488976
3.95 0.488132
3.955 0.48729
3.96 0.486449
3.965 0.485609
3.97 0.484771
3.975 0.483934
3.98 0.483099
3.985 0.482265
3.99 0.481432
3.995 0.480601
4 0.479771
4.005 0.478942
4.01 0.478115
4.015 0.47729
4.02 0.476465
4.025 0.475643
4.03 0.474821
4.035 0.474001
4.04 0.473182
4.045 0.472365
4.05 0.471549
4.055 0.470735
4.06 0.469922
4.065 0.469111
4.07 0.468301
4.075 0.467492
4.08 0.466685
4.085 0.465879
4.09 0.465074
4.095 0.464271
4.1 0.46347
4.105 0.46267
4.11 0.461871
4.115 0.461074
4.12 0.460278
4.125 0.459484
4.13 0.458691
4.135 0.457899
4.14 0.457109
4.145 0.456321
4.15 0.455533
4.155 0.454748
4.16 0.453963
4.165 0.453181
4.17 0.452399
4.175 0.451619
4.18 0.450841
4.185 0.450064
4.19 0.449288
4.195 0.448514
4.2 0.447741
4.205 0.44697
4.21 0.4462
4.215 0.445431
4.22 0.444664
4.225 0.443899
4.23 0.443135
4.235 0.442372
4.24 0.441611
4.245 0.440851
4.25 0.440093
4.255 0.439336
4.26 0.43858
4.265 0.437826
4.27 0.437074
4.275 0.436323
4.28 0.435573
4.285 0.434825
4.29 0.434078
4.295 0.433332
4.3 0.432589
4.305 0.431846
4.31 0.431105
4.315 0.430365
4.32 0.429627
4.325 0.42889
4.33 0.428155
4.335 0.427421
4.34 0.426689
4.345 0.425958
4.35 0.425228
4.355 0.4245
4.36 0.423773
4.365 0.423048
4.37 0.422324
4.375 0.421601
4.38 0.42088
4.385 0.420161
4.39 0.419442
4.395 0.418726
4.4 0.41801
4.405 0.417296
4.41 0.416584
4.415 0.415873
4.42 0.415163
4.425 0.414455
4.43 0.413748
4.435 0.413042
4.44 0.412338
4.445 0.411635
4.45 0.410934
4.455 0.410234
4.46 0.409536
4.465 0.408839
4.47 0.408143
4.475 0.407449
4.48 0.406756
4.485 0.406065
4.49 0.405375
4.495 0.404686
4.5 0.403999
4.505 0.403313
4.51 0.402628
4.515 0.401945
4.52 0.401263
4.525 0.400583
4.53 0.399904
4.535 0.399226
4.54 0.39855
4.545 0.397875
4.55 0.397202
4.555 0.39653
4.56 0.395859
4.565 0.39519
4.57 0.394522
4.575 0.393855
4.58 0.39319
4.585 0.392526
4.59 0.391863
4.595 0.391202
4.6 0.390542
4.605 0.389884
4.61 0.389227
4.615 0.388571
4.62 0.387917
4.625 0.387263
4.63 0.386612
4.635 0.385961
4.64 0.385312
4.645 0.384665
4.65 0.384018
4.655 0.383373
4.66 0.382729
4.665 0.382087
4.67 0.381446
4.675 0.380806
4.68 0.380168
4.685 0.379531
4.69 0.378895
4.695 0.37826
4.7 0.377627
4.705 0.376995
4.71 0.376365
4.715 0.375736
4.72 0.375108
4.725 0.374481
4.73 0.373856
4.735 0.373232
4.74 0.372609
4.745 0.371988
4.75 0.371368
4.755 0.370749
4.76 0.370131
4.765 0.369515
4.77 0.3689
4.775 0.368286
4.78 0.367674
4.785 0.367063
4.79 0.366453
4.795 0.365844
4.8 0.365237
4.805 0.364631
4.81 0.364026
4.815 0.363423
4.82 0.362821
4.825 0.36222
4.83 0.36162
4.835 0.361021
4.84 0.360424
4.845 0.359828
4.85 0.359234
4.855 0.35864
4.86 0.358048
4.865 0.357457
4.87 0.356867
4.875 0.356279
4.88 0.355691
4.885 0.355105
4.89 0.354521
4.895 0.353937
4.9 0.353355
4.905 0.352773
4.91 0.352194
4.915 0.351615
4.92 0.351037
4.925 0.350461
4.93 0.349886
4.935 0.349312
4.94 0.34874
4.945 0.348168
4.95 0.347598
4.955 0.347029
4.96 0.346461
4.965 0.345894
4.97 0.345329
4.975 0.344765
4.98 0.344202
4.985 0.34364
4.99 0.343079
4.995 0.34252
5 0.341961
5.005 0.341404
5.01 0.340848
5.015 0.340293
5.02 0.33974
5.025 0.339187
5.03 0.338636
5.035 0.338086
5.04 0.337537
5.045 0.336989
5.05 0.336442
5.055 0.335897
5.06 0.335352
5.065 0.334809
5.07 0.334267
5.075 0.333726
5.08 0.333186
5.085 0.332648
5.09 0.33211
5.095 0.331574
5.1 0.331038
5.105 0.330504
5.11 0.329971
5.115 0.329439
5.12 0.328909
5.125 0.328379
5.13 0.32785
5.135 0.327323
5.14 0.326797
5.145 0.326271
5.15 0.325747
5.155 0.325224
5.16 0.324703
5.165 0.324182
5.17 0.323662
5.175 0.323143
5.18 0.322626
5.185 0.32211
5.19 0.321594
5.195 0.32108
5.2 0.320567
5.205 0.320055
5.21 0.319544
5.215 0.319034
5.22 0.318525
5.225 0.318017
5.23 0.317511
5.235 0.317005
5.24 0.316501
5.245 0.315997
5.25 0.315495
5.255 0.314993
5.26 0.314493
5.265 0.313994
5.27 0.313495
5.275 0.312998
5.28 0.312502
5.285 0.312007
5.29 0.311513
5.295 0.31102
5.3 0.310528
5.305 0.310037
5.31 0.309547
5.315 0.309058
5.32 0.308571
5.325 0.308084
5.33 0.307598
5.335 0.307113
5.34 0.30663
5.345 0.306147
5.35 0.305665
5.355 0.305184
5.36 0.304705
5.365 0.304226
5.37 0.303748
5.375 0.303272
5.38 0.302796
5.385 0.302321
5.39 0.301848
5.395 0.301375
5.4 0.300903
5.405 0.300433
5.41 0.299963
5.415 0.299494
5.42 0.299026
5.425 0.29856
5.43 0.298094
5.435 0.297629
5.44 0.297165
5.445 0.296702
5.45 0.29624
5.455 0.29578
5.46 0.29532
5.465 0.294861
5.47 0.294402
5.475 0.293945
5.48 0.293489
5.485 0.293034
5.49 0.29258
5.495 0.292127
5.5 0.291674
5.505 0.291223
5.51 0.290772
5.515 0.290323
5.52 0.289874
5.525 0.289427
5.53 0.28898
5.535 0.288534
5.54 0.28809
5.545 0.287646
5.55 0.287203
5.555 0.286761
5.56 0.28632
5.565 0.285879
5.57 0.28544
5.575 0.285002
5.58 0.284564
5.585 0.284128
5.59 0.283692
5.595 0.283257
5.6 0.282823
5.605 0.28239
5.61 0.281958
5.615 0.281527
5.62 0.281097
5.625 0.280668
5.63 0.280239
5.635 0.279812
5.64 0.279385
5.645 0.278959
5.65 0.278534
5.655 0.27811
5.66 0.277687
5.665 0.277265
5.67 0.276844
5.675 0.276423
5.68 0.276003
5.685 0.275585
5.69 0.275167
5.695 0.27475
5.7 0.274333
5.705 0.273918
5.71 0.273504
5.715 0.27309
5.72 0.272677
5.725 0.272265
5.73 0.271854
5.735 0.271444
5.74 0.271035
5.745 0.270626
5.75 0.270219
5.755 0.269812
5.76 0.269406
5.765 0.269001
5.77 0.268596
5.775 0.268193
5.78 0.26779
5.785 0.267388
5.79 0.266987
5.795 0.266587
5.8 0.266188
5.805 0.265789
5.81 0.265392
5.815 0.264995
5.82 0.264599
5.825 0.264204
5.83 0.263809
5.835 0.263415
5.84 0.263023
5.845 0.262631
5.85 0.262239
5.855 0.261849
5.86 0.261459
5.865 0.261071
5.87 0.260683
5.875 0.260295
5.88 0.259909
5.885 0.259523
5.89 0.259138
5.895 0.258754
5.9 0.258371
5.905 0.257988
5.91 0.257607
5.915 0.257226
5.92 0.256846
5.925 0.256466
5.93 0.256088
5.935 0.25571
5.94 0.255333
5.945 0.254956
5.95 0.254581
5.955 0.254206
5.96 0.253832
5.965 0.253459
5.97 0.253086
5.975 0.252715
5.98 0.252344
5.985 0.251973
5.99 0.251604
5.995 0.251235
6 0.250867
6.005 0.2505
6.01 0.250134
6.015 0.249768
6.02 0.249403
6.025 0.249039
6.03 0.248675
6.035 0.248312
6.04 0.24795
6.045 0.247589
6.05 0.247228
6.055 0.246868
6.06 0.246509
6.065 0.246151
6.07 0.245793
6.075 0.245436
6.08 0.24508
6.085 0.244724
6.09 0.24437
6.095 0.244016
6.1 0.243662
6.105 0.24331
6.11 0.242958
6.115 0.242606
6.12 0.242256
6.125 0.241906
6.13 0.241557
6.135 0.241208
6.14 0.240861
6.145 0.240514
6.15 0.240167
6.155 0.239822
6.16 0.239477
6.165 0.239132
6.17 0.238789
6.175 0.238446
6.18 0.238104
6.185 0.237762
6.19 0.237421
6.195 0.237081
6.2 0.236742
6.205 0.236403
6.21 0.236065
6.215 0.235728
6.22 0.235391
6.225 0.235055
6.23 0.234719
6.235 0.234385
6.24 0.23405
6.245 0.233717
6.25 0.233384
6.255 0.233052
6.26 0.232721
6.265 0.23239
6.27 0.23206
6.275 0.23173
6.28 0.231402
6.285 0.231073
6.29 0.230746
6.295 0.230419
6.3 0.230093
6.305 0.229767
6.31 0.229442
6.315 0.229118
6.32 0.228795
6.325 0.228472
6.33 0.228149
6.335 0.227828
6.34 0.227506
6.345 0.227186
6.35 0.226866
6.355 0.226547
6.36 0.226229
6.365 0.225911
6.37 0.225593
6.375 0.225277
6.38 0.224961
6.385 0.224645
6.39 0.22433
6.395 0.224016
6.4 0.223703
6.405 0.22339
6.41 0.223077
6.415 0.222766
6.42 0.222455
6.425 0.222144
6.43 0.221834
6.435 0.221525
6.44 0.221216
6.445 0.220908
6.45 0.220601
6.455 0.220294
6.46 0.219988
6.465 0.219682
6.47 0.219377
6.475 0.219073
6.48 0.218769
6.485 0.218465
6.49 0.218163
6.495 0.217861
6.5 0.217559
6.505 0.217258
6.51 0.216958
6.515 0.216658
6.52 0.216359
6.525 0.21606
6.53 0.215762
6.535 0.215465
6.54 0.215168
6.545 0.214872
6.55 0.214576
6.555 0.214281
6.56 0.213987
6.565 0.213693
6.57 0.213399
6.575 0.213106
6.58 0.212814
6.585 0.212522
6.59 0.212231
6.595 0.211941
6.6 0.211651
6.605 0.211361
6.61 0.211072
6.615 0.210784
6.62 0.210496
6.625 0.210209
6.63 0.209922
6.635 0.209636
6.64 0.209351
6.645 0.209066
6.65 0.208781
6.655 0.208497
6.66 0.208214
6.665 0.207931
6.67 0.207649
6.675 0.207367
6.68 0.207086
6.685 0.206805
6.69 0.206525
6.695 0.206246
6.7 0.205967
6.705 0.205688
6.71 0.20541
6.715 0.205133
6.72 0.204856
6.725 0.204579
6.73 0.204304
6.735 0.204028
6.74 0.203753
6.745 0.203479
6.75 0.203205
6.755 0.202932
6.76 0.20266
6.765 0.202387
6.77 0.202116
6.775 0.201845
6.78 0.201574
6.785 0.201304
6.79 0.201034
6.795 0.200765
6.8 0.200496
6.805 0.200228
6.81 0.199961
6.815 0.199694
6.82 0.199427
6.825 0.199161
6.83 0.198896
6.835 0.198631
6.84 0.198366
6.845 0.198102
6.85 0.197839
6.855 0.197575
6.86 0.197313
6.865 0.197051
6.87 0.196789
6.875 0.196528
6.88 0.196268
6.885 0.196008
6.89 0.195748
6.895 0.195489
6.9 0.19523
6.905 0.194972
6.91 0.194715
6.915 0.194457
6.92 0.194201
6.925 0.193945
6.93 0.193689
6.935 0.193434
6.94 0.193179
6.945 0.192925
6.95 0.192671
6.955 0.192418
6.96 0.192165
6.965 0.191912
6.97 0.191661
6.975 0.191409
6.98 0.191158
6.985 0.190908
6.99 0.190658
6.995 0.190408
7 0.190159
7.005 0.18991
7.01 0.189662
7.015 0.189415
7.02 0.189167
7.025 0.188921
7.03 0.188674
7.035 0.188428
7.04 0.188183
7.045 0.187938
7.05 0.187694
7.055 0.187449
7.06 0.187206
7.065 0.186963
7.07 0.18672
7.075 0.186478
7.08 0.186236
7.085 0.185995
7.09 0.185754
7.095 0.185513
7.1 0.185273
7.105 0.185034
7.11 0.184795
7.115 0.184556
7.12 0.184318
7.125 0.18408
7.13 0.183843
7.135 0.183606
7.14 0.183369
7.145 0.183133
7.15 0.182898
7.155 0.182663
7.16 0.182428
7.165 0.182194
7.17 0.18196
7.175 0.181726
7.18 0.181493
7.185 0.181261
7.19 0.181028
7.195 0.180797
7.2 0.180565
7.205 0.180334
7.21 0.180104
7.215 0.179874
7.22 0.179644
7.225 0.179415
7.23 0.179186
7.235 0.178958
7.24 0.17873
7.245 0.178502
7.25 0.178275
7.255 0.178049
7.26 0.177822
7.265 0.177596
7.27 0.177371
7.275 0.177146
7.28 0.176921
7.285 0.176697
7.29 0.176473
7.295 0.17625
7.3 0.176027
7.305 0.175804
7.31 0.175582
7.315 0.17536
7.32 0.175139
7.325 0.174918
7.33 0.174697
7.335 0.174477
7.34 0.174257
7.345 0.174037
7.35 0.173818
7.355 0.1736
7.36 0.173382
7.365 0.173164
7.37 0.172946
7.375 0.172729
7.38 0.172513
7.385 0.172296
7.39 0.17208
7.395 0.171865
7.4 0.17165
7.405 0.171435
7.41 0.171221
7.415 0.171007
7.42 0.170793
7.425 0.17058
7.43 0.170367
7.435 0.170155
7.44 0.169943
7.445 0.169731
7.45 0.16952
7.455 0.169309
7.46 0.169098
7.465 0.168888
7.47 0.168678
7.475 0.168469
7.48 0.16826
7.485 0.168051
7.49 0.167843
7.495 0.167635
7.5 0.167428
7.505 0.16722
7.51 0.167014
7.515 0.166807
7.52 0.166601
7.525 0.166395
7.53 0.16619
7.535 0.165985
7.54 0.165781
7.545 0.165576
7.55 0.165372
7.555 0.165169
7.56 0.164966
7.565 0.164763
7.57 0.16456
7.575 0.164358
7.58 0.164157
7.585 0.163955
7.59 0.163754
7.595 0.163554
7.6 0.163353
7.605 0.163153
7.61 0.162954
7.615 0.162754
7.62 0.162556
7.625 0.162357
7.63 0.162159
7.635 0.161961
7.64 0.161763
7.645 0.161566
7.65 0.16137
7.655 0.161173
7.66 0.160977
7.665 0.160781
7.67 0.160586
7.675 0.160391
7.68 0.160196
7.685 0.160001
7.69 0.159807
7.695 0.159614
7.7 0.15942
7.705 0.159227
7.71 0.159034
7.715 0.158842
7.72 0.15865
7.725 0.158458
7.73 0.158267
7.735 0.158076
7.74 0.157885
7.745 0.157695
7.75 0.157505
7.755 0.157315
7.76 0.157126
7.765 0.156937
7.77 0.156748
7.775 0.15656
7.78 0.156371
7.785 0.156184
7.79 0.155996
7.795 0.155809
7.8 0.155622
7.805 0.155436
7.81 0.15525
7.815 0.155064
7.82 0.154879
7.825 0.154693
7.83 0.154509
7.835 0.154324
7.84 0.15414
7.845 0.153956
7.85 0.153772
7.855 0.153589
7.86 0.153406
7.865 0.153224
7.87 0.153041
7.875 0.152859
7.88 0.152678
7.885 0.152496
7.89 0.152315
7.895 0.152134
7.9 0.151954
7.905 0.151774
7.91 0.151594
7.915 0.151414
7.92 0.151235
7.925 0.151056
7.93 0.150878
7.935 0.150699
7.94 0.150521
7.945 0.150344
7.95 0.150166
7.955 0.149989
7.96 0.149813
7.965 0.149636
7.97 0.14946
7.975 0.149284
7.98 0.149108
7.985 0.148933
7.99 0.148758
7.995 0.148584
8 0.148409
8.005 0.148235
8.01 0.148061
8.015 0.147888
8.02 0.147715
8.025 0.147542
8.03 0.147369
8.035 0.147197
8.04 0.147025
8.045 0.146853
8.05 0.146682
8.055 0.14651
8.06 0.146339
8.065 0.146169
8.07 0.145999
8.075 0.145829
8.08 0.145659
8.085 0.145489
8.09 0.14532
8.095 0.145151
8.1 0.144983
8.105 0.144815
8.11 0.144647
8.115 0.144479
8.12 0.144311
8.125 0.144144
8.13 0.143977
8.135 0.143811
8.14 0.143644
8.145 0.143478
8.15 0.143313
8.155 0.143147
8.16 0.142982
8.165 0.142817
8.17 0.142652
8.175 0.142488
8.18 0.142324
8.185 0.14216
8.19 0.141996
8.195 0.141833
8.2 0.14167
8.205 0.141507
8.21 0.141345
8.215 0.141183
8.22 0.141021
8.225 0.140859
8.23 0.140698
8.235 0.140537
8.24 0.140376
8.245 0.140215
8.25 0.140055
8.255 0.139895
8.26 0.139735
8.265 0.139575
8.27 0.139416
8.275 0.139257
8.28 0.139098
8.285 0.13894
8.29 0.138782
8.295 0.138624
8.3 0.138466
8.305 0.138309
8.31 0.138151
8.315 0.137995
8.32 0.137838
8.325 0.137682
8.33 0.137525
8.335 0.137369
8.34 0.137214
8.345 0.137059
8.35 0.136903
8.355 0.136749
8.36 0.136594
8.365 0.13644
8.37 0.136285
8.375 0.136132
8.38 0.135978
8.385 0.135825
8.39 0.135672
8.395 0.135519
8.4 0.135366
8.405 0.135214
8.41 0.135062
8.415 0.13491
8.42 0.134758
8.425 0.134607
8.43 0.134456
8.435 0.134305
8.44 0.134154
8.445 0.134004
8.45 0.133854
8.455 0.133704
8.46 0.133555
8.465 0.133405
8.47 0.133256
8.475 0.133107
8.48 0.132958
8.485 0.13281
8.49 0.132662
8.495 0.132514
8.5 0.132366
8.505 0.132219
8.51 0.132072
8.515 0.131925
8.52 0.131778
8.525 0.131631
8.53 0.131485
8.535 0.131339
8.54 0.131193
8.545 0.131048
8.55 0.130902
8.555 0.130757
8.56 0.130612
8.565 0.130468
8.57 0.130323
8.575 0.130179
8.58 0.130035
8.585 0.129892
8.59 0.129748
8.595 0.129605
8.6 0.129462
8.605 0.129319
8.61 0.129177
8.615 0.129034
8.62 0.128892
8.625 0.128751
8.63 0.128609
8.635 0.128467
8.64 0.128326
8.645 0.128185
8.65 0.128045
8.655 0.127904
8.66 0.127764
8.665 0.127624
8.67 0.127484
8.675 0.127344
8.68 0.127205
8.685 0.127066
8.69 0.126927
8.695 0.126788
8.7 0.12665
8.705 0.126511
8.71 0.126373
8.715 0.126236
8.72 0.126098
8.725 0.125961
8.73 0.125823
8.735 0.125686
8.74 0.12555
8.745 0.125413
8.75 0.125277
8.755 0.125141
8.76 0.125005
8.765 0.124869
8.77 0.124734
8.775 0.124599
8.78 0.124464
8.785 0.124329
8.79 0.124194
8.795 0.12406
8.8 0.123926
8.805 0.123792
8.81 0.123658
8.815 0.123524
8.82 0.123391
8.825 0.123258
8.83 0.123125
8.835 0.122992
8.84 0.12286
8.845 0.122728
8.85 0.122596
8.855 0.122464
8.86 0.122332
8.865 0.122201
8.87 0.122069
8.875 0.121938
8.88 0.121807
8.885 0.121677
8.89 0.121546
8.895 0.121416
8.9 0.121286
8.905 0.121156
8.91 0.121027
8.915 0.120897
8.92 0.120768
8.925 0.120639
8.93 0.12051
8.935 0.120382
8.94 0.120253
8.945 0.120125
8.95 0.119997
8.955 0.119869
8.96 0.119742
8.965 0.119614
8.97 0.119487
8.975 0.11936
8.98 0.119233
8.985 0.119107
8.99 0.11898
8.995 0.118854
9 0.118728
9.005 0.118602
9.01 0.118476
9.015 0.118351
9.02 0.118226
9.025 0.118101
9.03 0.117976
9.035 0.117851
9.04 0.117727
9.045 0.117602
9.05 0.117478
9.055 0.117354
9.06 0.117231
9.065 0.117107
9.07 0.116984
9.075 0.116861
9.08 0.116738
9.085 0.116615
9.09 0.116492
9.095 0.11637
9.1 0.116248
9.105 0.116126
9.11 0.116004
9.115 0.115882
9.12 0.115761
9.125 0.11564
9.13 0.115519
9.135 0.115398
9.14 0.115277
9.145 0.115156
9.15 0.115036
9.155 0.114916
9.16 0.114796
9.165 0.114676
9.17 0.114557
9.175 0.114437
9.18 0.114318
9.185 0.114199
9.19 0.11408
9.195 0.113961
9.2 0.113843
9.205 0.113724
9.21 0.113606
9.215 0.113488
9.22 0.11337
9.225 0.113253
9.23 0.113135
9.235 0.113018
9.24 0.112901
9.245 0.112784
9.25 0.112667
9.255 0.112551
9.26 0.112434
9.265 0.112318
9.27 0.112202
9.275 0.112086
9.28 0.111971
9.285 0.111855
9.29 0.11174
9.295 0.111625
9.3 0.11151
9.305 0.111395
9.31 0.11128
9.315 0.111166
9.32 0.111052
9.325 0.110937
9.33 0.110823
9.335 0.11071
9.34 0.110596
9.345 0.110483
9.35 0.110369
9.355 0.110256
9.36 0.110143
9.365 0.110031
9.37 0.109918
9.375 0.109806
9.38 0.109693
9.385 0.109581
9.39 0.109469
9.395 0.109358
9.4 0.109246
9.405 0.109135
9.41 0.109023
9.415 0.108912
9.42 0.108801
9.425 0.108691
9.43 0.10858
9.435 0.10847
9.44 0.108359
9.445 0.108249
9.45 0.108139
9.455 0.10803
9.46 0.10792
9.465 0.107811
9.47 0.107701
9.475 0.107592
9.48 0.107483
9.485 0.107374
9.49 0.107266
9.495 0.107157
9.5 0.107049
9.505 0.106941
9.51 0.106833
9.515 0.106725
9.52 0.106617
9.525 0.10651
9.53 0.106403
9.535 0.106295
9.54 0.106188
9.545 0.106082
9.55 0.105975
9.555 0.105868
9.56 0.105762
9.565 0.105656
9.57 0.10555
9.575 0.105444
9.58 0.105338
9.585 0.105232
9.59 0.105127
9.595 0.105021
9.6 0.104916
9.605 0.104811
9.61 0.104706
9.615 0.104602
9.62 0.104497
9.625 0.104393
9.63 0.104289
9.635 0.104184
9.64 0.104081
9.645 0.103977
9.65 0.103873
9.655 0.10377
9.66 0.103666
9.665 0.103563
9.67 0.10346
9.675 0.103357
9.68 0.103255
9.685 0.103152
9.69 0.10305
9.695 0.102947
9.7 0.102845
9.705 0.102743
9.71 0.102641
9.715 0.10254
9.72 0.102438
9.725 0.102337
9.73 0.102236
9.735 0.102134
9.74 0.102034
9.745 0.101933
9.75 0.101832
9.755 0.101732
9.76 0.101631
9.765 0.101531
9.77 0.101431
9.775 0.101331
9.78 0.101231
9.785 0.101132
9.79 0.101032
9.795 0.100933
9.8 0.100834
9.805 0.100735
9.81 0.100636
9.815 0.100537
9.82 0.100438
9.825 0.10034
9.83 0.100241
9.835 0.100143
9.84 0.100045
9.845 0.0999471
9.85 0.0998493
9.855 0.0997517
9.86 0.0996542
9.865 0.0995568
9.87 0.0994596
9.875 0.0993625
9.88 0.0992656
9.885 0.0991688
9.89 0.0990721
9.895 0.0989756
9.9 0.0988792
9.905 0.0987829
9.91 0.0986868
9.915 0.0985908
9.92 0.098495
9.925 0.0983993
9.93 0.0983037
9.935 0.0982083
9.94 0.098113
9.945 0.0980178
9.95 0.0979228
9.955 0.0978279
9.96 0.0977331
9.965 0.0976385
9.97 0.097544
9.975 0.0974497
9.98 0.0973555
9.985 0.0972614
9.99 0.0971674
9.995 0.0970736
