0 -nan
0.005 0.263116
0.01 0.217917
0.015 0.565892
0.02 0.0691409
0.025 0.550647
0.03 0.269025
0.035 0.0530909
0.04 0.438467
0.045 0.0795504
0.05 0.26869
0.055 0.127738
0.06 0.278397
0.065 0.516707
0.07 0.319159
0.075 0.0150417
0.08 0.0358014
0.085 0.0304535
0.09 0.29628
0.095 0.905023
0.1 0.455118
0.105 0.256397
0.11 0.881537
0.115 0.14148
0.12 0.821526
0.125 0.414915
0.13 0.316932
0.135 0.97234
0.14 0.177612
0.145 0.353722
0.15 0.976543
0.155 0.478577
0.16 0.0490926
0.165 0.53137
0.17 0.956564
0.175 0.636301
0.18 0.123249
0.185 0.117638
0.19 0.559815
0.195 0.906906
0.2 0.822232
0.205 0.433697
0.21 0.0981648
0.215 0.0605633
0.22 0.308091
0.225 0.646732
0.23 0.866148
0.235 0.861335
0.24 0.659893
0.245 0.375548
0.25 0.136673
0.255 0.0302669
0.26 0.0789677
0.265 0.248394
0.27 0.471805
0.275 0.677978
0.28 0.812531
0.285 0.848607
0.29 0.787452
0.295 0.651971
0.3 0.477046
0.305 0.299834
0.31 0.152136
0.315 0.0557468
0.32 0.0207866
0.325 0.0464308
0.33 0.123213
0.335 0.236075
0.34 0.367484
0.345 0.500143
0.35 0.619038
0.355 0.712726
0.36 0.773925
0.365 0.799499
0.37 0.790026
0.375 0.749079
0.38 0.682392
0.385 0.597001
0.39 0.500457
0.395 0.400167
0.4 0.302879
0.405 0.214324
0.41 0.138999
0.415 0.0800887
0.42 0.0394764
0.425 0.0178447
0.43 0.0148232
0.435 0.0291713
0.44 0.0589737
0.445 0.101835
0.45 0.155065
0.455 0.215839
0.46 0.281341
0.465 0.34888
0.47 0.415973
0.475 0.480418
0.48 0.540328
0.485 0.594158
0.49 0.640707
0.495 0.679115
0.5 0.70884
0.505 0.729632
0.51 0.741504
0.515 0.744697
0.52 0.739642
0.525 0.726923
0.53 0.707249
0.535 0.681412
0.54 0.650266
0.545 0.614693
0.55 0.575585
0.555 0.533821
0.56 0.490251
0.565 0.445682
0.57 0.400868
0.575 0.356502
0.58 0.313209
0.585 0.271544
0.59 0.231991
0.595 0.194962
0.6 0.160799
0.605 0.129776
0.61 0.102102
0.615 0.0779256
0.62 0.0573402
0.625 0.0403873
0.63 0.0270621
0.635 0.0173186
0.64 0.0110743
0.645 0.00821519
0.65 0.00860037
0.655 0.0120665
0.66 0.018432
0.665 0.0275009
0.67 0.0390665
0.675 0.0529146
0.68 0.0688264
0.685 0.0865814
0.69 0.105959
0.695 0.126743
0.7 0.148719
0.705 0.17168
0.71 0.195425
0.715 0.219764
0.72 0.244513
0.725 0.2695
0.73 0.294561
0.735 0.319544
0.74 0.344309
0.745 0.368725
0.75 0.392672
0.755 0.416042
0.76 0.438736
0.765 0.460668
0.77 0.48176
0.775 0.501942
0.78 0.521157
0.785 0.539355
0.79 0.556494
0.795 0.572541
0.8 0.587469
0.805 0.60126
0.81 0.6139
0.815 0.625384
0.82 0.635711
0.825 0.644884
0.83 0.652913
0.835 0.659811
0.84 0.665595
0.845 0.670286
0.85 0.673906
0.855 0.676484
0.86 0.678047
0.865 0.678626
0.87 0.678255
0.875 0.676967
0.88 0.674797
0.885 0.671784
0.89 0.667963
0.895 0.663372
0.9 0.65805
0.905 0.652035
0.91 0.645366
0.915 0.63808
0.92 0.630216
0.925 0.621812
0.93 0.612905
0.935 0.603532
0.94 0.593728
0.945 0.583528
0.95 0.572968
0.955 0.562081
0.96 0.550899
0.965 0.539454
0.97 0.527778
0.975 0.515899
0.98 0.503846
0.985 0.491648
0.99 0.47933
0.995 0.466918
1 0.454438
1.005 0.441911
1.01 0.429361
1.015 0.416808
1.02 0.404274
1.025 0.391776
1.03 0.379335
1.035 0.366966
1.04 0.354686
1.045 0.342511
1.05 0.330455
1.055 0.318531
1.06 0.306752
1.065 0.295129
1.07 0.283675
1.075 0.272398
1.08 0.261309
1.085 0.250416
1.09 0.239728
1.095 0.22925
1.1 0.21899
1.105 0.208954
1.11 0.199147
1.115 0.189574
1.12 0.180239
1.125 0.171146
1.13 0.162297
1.135 0.153696
1.14 0.145345
1.145 0.137245
1.15 0.129398
1.155 0.121805
1.16 0.114466
1.165 0.107382
1.17 0.100552
1.175 0.0939754
1.18 0.0876522
1.185 0.0815811
1.19 0.0757606
1.195 0.0701894
1.2 0.0648656
1.205 0.0597871
1.21 0.0549519
1.215 0.0503574
1.22 0.0460012
1.225 0.0418806
1.23 0.0379925
1.235 0.0343341
1.24 0.0309022
1.245 0.0276935
1.25 0.0247048
1.255 0.0219325
1.26 0.0193731
1.265 0.0170231
1.27 0.0148788
1.275 0.0129364
1.28 0.0111923
1.285 0.00964244
1.29 0.00828315
1.295 0.00711051
1.3 0.00612061
1.305 0.00530954
1.31 0.00467337
1.315 0.00420817
1.32 0.00391001
1.325 0.00377496
1.33 0.00379909
1.335 0.00397849
1.34 0.00430928
1.345 0.00478758
1.35 0.00540954
1.355 0.00617134
1.36 0.00706918
1.365 0.00809929
1.37 0.00925795
1.375 0.0105415
1.38 0.0119462
1.385 0.0134685
1.39 0.0151048
1.395 0.0168516
1.4 0.0187055
1.405 0.0206628
1.41 0.0227204
1.415 0.0248748
1.42 0.0271228
1.425 0.0294611
1.43 0.0318865
1.435 0.0343959
1.44 0.0369862
1.445 0.0396544
1.45 0.0423975
1.455 0.0452126
1.46 0.0480968
1.465 0.0510472
1.47 0.0540612
1.475 0.0571361
1.48 0.0602691
1.485 0.0634576
1.49 0.0666992
1.495 0.0699913
1.5 0.0733315
1.505 0.0767174
1.51 0.0801467
1.515 0.083617
1.52 0.0871261
1.525 0.090672
1.53 0.0942523
1.535 0.0978651
1.54 0.101508
1.545 0.10518
1.55 0.108878
1.555 0.112601
1.56 0.116346
1.565 0.120112
1.57 0.123898
1.575 0.127701
1.58 0.13152
1.585 0.135353
1.59 0.139199
1.595 0.143056
1.6 0.146923
1.605 0.150798
1.61 0.154679
1.615 0.158566
1.62 0.162458
1.625 0.166352
1.63 0.170247
1.635 0.174143
1.64 0.178038
1.645 0.181931
1.65 0.185821
1.655 0.189706
1.66 0.193587
1.665 0.197461
1.67 0.201328
1.675 0.205187
1.68 0.209037
1.685 0.212877
1.69 0.216706
1.695 0.220524
1.7 0.224329
1.705 0.228121
1.71 0.231899
1.715 0.235662
1.72 0.23941
1.725 0.243142
1.73 0.246858
1.735 0.250556
1.74 0.254236
1.745 0.257898
1.75 0.261541
1.755 0.265165
1.76 0.268768
1.765 0.272351
1.77 0.275913
1.775 0.279454
1.78 0.282973
1.785 0.28647
1.79 0.289944
1.795 0.293395
1.8 0.296823
1.805 0.300228
1.81 0.303608
1.815 0.306964
1.82 0.310296
1.825 0.313603
1.83 0.316884
1.835 0.320141
1.84 0.323372
1.845 0.326577
1.85 0.329756
1.855 0.33291
1.86 0.336037
1.865 0.339137
1.87 0.342211
1.875 0.345258
1.88 0.348279
1.885 0.351272
1.89 0.354239
1.895 0.357178
1.9 0.36009
1.905 0.362974
1.91 0.365832
1.915 0.368661
1.92 0.371464
1.925 0.374239
1.93 0.376986
1.935 0.379706
1.94 0.382398
1.945 0.385062
1.95 0.387699
1.955 0.390309
1.96 0.392891
1.965 0.395445
1.97 0.397972
1.975 0.400471
1.98 0.402943
1.985 0.405387
1.99 0.407805
1.995 0.410194
2 0.412557
2.005 0.414893
2.01 0.417201
2.015 0.419482
2.02 0.421737
2.025 0.423965
2.03 0.426166
2.035 0.42834
2.04 0.430488
2.045 0.432609
2.05 0.434704
2.055 0.436772
2.06 0.438815
2.065 0.440832
2.07 0.442822
2.075 0.444787
2.08 0.446726
2.085 0.44864
2.09 0.450528
2.095 0.452391
2.1 0.454229
2.105 0.456042
2.11 0.45783
2.115 0.459594
2.12 0.461332
2.125 0.463047
2.13 0.464737
2.135 0.466402
2.14 0.468044
2.145 0.469662
2.15 0.471257
2.155 0.472827
2.16 0.474375
2.165 0.475899
2.17 0.4774
2.175 0.478878
2.18 0.480333
2.185 0.481766
2.19 0.483176
2.195 0.484564
2.2 0.48593
2.205 0.487274
2.21 0.488596
2.215 0.489896
2.22 0.491175
2.225 0.492433
2.23 0.493669
2.235 0.494884
2.24 0.496079
2.245 0.497252
2.25 0.498406
2.255 0.499539
2.26 0.500651
2.265 0.501744
2.27 0.502817
2.275 0.50387
2.28 0.504903
2.285 0.505917
2.29 0.506912
2.295 0.507888
2.3 0.508845
2.305 0.509783
2.31 0.510703
2.315 0.511604
2.32 0.512487
2.325 0.513352
2.33 0.514198
2.335 0.515027
2.34 0.515839
2.345 0.516633
2.35 0.517409
2.355 0.518169
2.36 0.518911
2.365 0.519637
2.37 0.520346
2.375 0.521038
2.38 0.521714
2.385 0.522374
2.39 0.523018
2.395 0.523645
2.4 0.524257
2.405 0.524854
2.41 0.525434
2.415 0.526
2.42 0.52655
2.425 0.527086
2.43 0.527606
2.435 0.528111
2.44 0.528602
2.445 0.529079
2.45 0.529541
2.455 0.529989
2.46 0.530423
2.465 0.530843
2.47 0.53125
2.475 0.531642
2.48 0.532022
2.485 0.532387
2.49 0.53274
2.495 0.53308
2.5 0.533406
2.505 0.53372
2.51 0.534021
2.515 0.53431
2.52 0.534586
2.525 0.53485
2.53 0.535101
2.535 0.535341
2.54 0.535569
2.545 0.535785
2.55 0.535989
2.555 0.536182
2.56 0.536363
2.565 0.536533
2.57 0.536692
2.575 0.53684
2.58 0.536977
2.585 0.537103
2.59 0.537219
2.595 0.537323
2.6 0.537418
2.605 0.537502
2.61 0.537576
2.615 0.537639
2.62 0.537693
2.625 0.537737
2.63 0.537771
2.635 0.537795
2.64 0.53781
2.645 0.537815
2.65 0.537811
2.655 0.537797
2.66 0.537775
2.665 0.537743
2.67 0.537703
2.675 0.537654
2.68 0.537596
2.685 0.537529
2.69 0.537454
2.695 0.53737
2.7 0.537278
2.705 0.537178
2.71 0.53707
2.715 0.536953
2.72 0.536829
2.725 0.536697
2.73 0.536557
2.735 0.536409
2.74 0.536254
2.745 0.536091
2.75 0.535921
2.755 0.535743
2.76 0.535559
2.765 0.535367
2.77 0.535168
2.775 0.534962
2.78 0.534749
2.785 0.53453
2.79 0.534303
2.795 0.53407
2.8 0.533831
2.805 0.533585
2.81 0.533333
2.815 0.533074
2.82 0.532809
2.825 0.532538
2.83 0.532261
2.835 0.531978
2.84 0.531689
2.845 0.531394
2.85 0.531094
2.855 0.530787
2.86 0.530475
2.865 0.530158
2.87 0.529835
2.875 0.529506
2.88 0.529173
2.885 0.528833
2.89 0.528489
2.895 0.52814
2.9 0.527785
2.905 0.527426
2.91 0.527062
2.915 0.526692
2.92 0.526318
2.925 0.525939
2.93 0.525556
2.935 0.525168
2.94 0.524775
2.945 0.524378
2.95 0.523977
2.955 0.523571
2.96 0.52316
2.965 0.522746
2.97 0.522327
2.975 0.521905
2.98 0.521478
2.985 0.521047
2.99 0.520612
2.995 0.520173
3 0.519731
3.005 0.519284
3.01 0.518834
3.015 0.51838
3.02 0.517923
3.025 0.517462
3.03 0.516997
3.035 0.516529
3.04 0.516058
3.045 0.515583
3.05 0.515105
3.055 0.514624
3.06 0.514139
3.065 0.513651
3.07 0.51316
3.075 0.512666
3.08 0.512169
3.085 0.511669
3.09 0.511166
3.095 0.51066
3.1 0.510151
3.105 0.50964
3.11 0.509126
3.115 0.508609
3.12 0.508089
3.125 0.507567
3.13 0.507042
3.135 0.506514
3.14 0.505984
3.145 0.505452
3.15 0.504917
3.155 0.50438
3.16 0.50384
3.165 0.503298
3.17 0.502754
3.175 0.502208
3.18 0.501659
3.185 0.501109
3.19 0.500556
3.195 0.500001
3.2 0.499444
3.205 0.498885
3.21 0.498324
3.215 0.497761
3.22 0.497197
3.225 0.49663
3.23 0.496061
3.235 0.495491
3.24 0.494919
3.245 0.494346
3.25 0.49377
3.255 0.493193
3.26 0.492614
3.265 0.492034
3.27 0.491452
3.275 0.490869
3.28 0.490284
3.285 0.489697
3.29 0.489109
3.295 0.48852
3.3 0.48793
3.305 0.487338
3.31 0.486744
3.315 0.48615
3.32 0.485554
3.325 0.484956
3.33 0.484358
3.335 0.483758
3.34 0.483158
3.345 0.482556
3.35 0.481953
3.355 0.481349
3.36 0.480744
3.365 0.480138
3.37 0.47953
3.375 0.478922
3.38 0.478313
3.385 0.477703
3.39 0.477092
3.395 0.47648
3.4 0.475867
3.405 0.475254
3.41 0.47464
3.415 0.474024
3.42 0.473408
3.425 0.472792
3.43 0.472174
3.435 0.471556
3.44 0.470937
3.445 0.470318
3.45 0.469698
3.455 0.469077
3.46 0.468456
3.465 0.467834
3.47 0.467211
3.475 0.466588
3.48 0.465965
3.485 0.465341
3.49 0.464716
3.495 0.464091
3.5 0.463466
3.505 0.46284
3.51 0.462214
3.515 0.461587
3.52 0.46096
3.525 0.460333
3.53 0.459705
3.535 0.459077
3.54 0.458448
3.545 0.45782
3.55 0.457191
3.555 0.456562
3.56 0.455932
3.565 0.455303
3.57 0.454673
3.575 0.454043
3.58 0.453413
3.585 0.452782
3.59 0.452152
3.595 0.451521
3.6 0.45089
3.605 0.450259
3.61 0.449629
3.615 0.448998
3.62 0.448366
3.625 0.447735
3.63 0.447104
3.635 0.446473
3.64 0.445842
3.645 0.445211
3.65 0.44458
3.655 0.443949
3.66 0.443317
3.665 0.442686
3.67 0.442056
3.675 0.441425
3.68 0.440794
3.685 0.440163
3.69 0.439533
3.695 0.438903
3.7 0.438272
3.705 0.437642
3.71 0.437012
3.715 0.436383
3.72 0.435753
3.725 0.435124
3.73 0.434495
3.735 0.433866
3.74 0.433237
3.745 0.432609
3.75 0.431981
3.755 0.431353
3.76 0.430725
3.765 0.430098
3.77 0.429471
3.775 0.428844
3.78 0.428217
3.785 0.427591
3.79 0.426965
3.795 0.42634
3.8 0.425715
3.805 0.42509
3.81 0.424466
3.815 0.423842
3.82 0.423218
3.825 0.422595
3.83 0.421972
3.835 0.42135
3.84 0.420728
3.845 0.420106
3.85 0.419485
3.855 0.418864
3.86 0.418244
3.865 0.417624
3.87 0.417004
3.875 0.416386
3.88 0.415767
3.885 0.415149
3.89 0.414532
3.895 0.413915
3.9 0.413298
3.905 0.412682
3.91 0.412067
3.915 0.411452
3.92 0.410838
3.925 0.410224
3.93 0.40961
3.935 0.408998
3.94 0.408385
3.945 0.407774
3.95 0.407163
3.955 0.406552
3.96 0.405942
3.965 0.405333
3.97 0.404724
3.975 0.404116
3.98 0.403508
3.985 0.402901
3.99 0.402295
3.995 0.401689
4 0.401084
4.005 0.40048
4.01 0.399876
4.015 0.399272
4.02 0.39867
4.025 0.398068
4.03 0.397466
4.035 0.396866
4.04 0.396266
4.045 0.395666
4.05 0.395068
4.055 0.39447
4.06 0.393872
4.065 0.393276
4.07 0.39268
4.075 0.392085
4.08 0.39149
4.085 0.390896
4.09 0.390303
4.095 0.38971
4.1 0.389119
4.105 0.388528
4.11 0.387937
4.115 0.387348
4.12 0.386759
4.125 0.38617
4.13 0.385583
4.135 0.384996
4.14 0.38441
4.145 0.383825
4.15 0.38324
4.155 0.382657
4.16 0.382074
4.165 0.381491
4.17 0.38091
4.175 0.380329
4.18 0.379749
4.185 0.37917
4.19 0.378591
4.195 0.378014
4.2 0.377437
4.205 0.37686
4.21 0.376285
4.215 0.37571
4.22 0.375136
4.225 0.374563
4.23 0.373991
4.235 0.37342
4.24 0.372849
4.245 0.372279
4.25 0.37171
4.255 0.371141
4.26 0.370574
4.265 0.370007
4.27 0.369441
4.275 0.368876
4.28 0.368312
4.285 0.367748
4.29 0.367185
4.295 0.366623
4.3 0.366062
4.305 0.365502
4.31 0.364943
4.315 0.364384
4.32 0.363826
4.325 0.363269
4.33 0.362713
4.335 0.362157
4.34 0.361603
4.345 0.361049
4.35 0.360496
4.355 0.359944
4.36 0.359393
4.365 0.358842
4.37 0.358293
4.375 0.357744
4.38 0.357196
4.385 0.356649
4.39 0.356103
4.395 0.355557
4.4 0.355013
4.405 0.354469
4.41 0.353926
4.415 0.353384
4.42 0.352843
4.425 0.352302
4.43 0.351763
4.435 0.351224
4.44 0.350686
4.445 0.350149
4.45 0.349613
4.455 0.349078
4.46 0.348543
4.465 0.34801
4.47 0.347477
4.475 0.346945
4.48 0.346414
4.485 0.345884
4.49 0.345354
4.495 0.344826
4.5 0.344298
4.505 0.343771
4.51 0.343245
4.515 0.34272
4.52 0.342196
4.525 0.341672
4.53 0.34115
4.535 0.340628
4.54 0.340107
4.545 0.339587
4.55 0.339068
4.555 0.33855
4.56 0.338033
4.565 0.337516
4.57 0.337
4.575 0.336485
4.58 0.335971
4.585 0.335458
4.59 0.334946
4.595 0.334434
4.6 0.333924
4.605 0.333414
4.61 0.332905
4.615 0.332397
4.62 0.33189
4.625 0.331384
4.63 0.330878
4.635 0.330374
4.64 0.32987
4.645 0.329367
4.65 0.328865
4.655 0.328364
4.66 0.327864
4.665 0.327364
4.67 0.326865
4.675 0.326368
4.68 0.325871
4.685 0.325375
4.69 0.32488
4.695 0.324385
4.7 0.323892
4.705 0.323399
4.71 0.322907
4.715 0.322416
4.72 0.321926
4.725 0.321437
4.73 0.320949
4.735 0.320461
4.74 0.319974
4.745 0.319488
4.75 0.319003
4.755 0.318519
4.76 0.318036
4.765 0.317553
4.77 0.317072
4.775 0.316591
4.78 0.316111
4.785 0.315632
4.79 0.315154
4.795 0.314676
4.8 0.3142
4.805 0.313724
4.81 0.313249
4.815 0.312775
4.82 0.312302
4.825 0.31183
4.83 0.311358
4.835 0.310887
4.84 0.310418
4.845 0.309949
4.85 0.30948
4.855 0.309013
4.86 0.308546
4.865 0.308081
4.87 0.307616
4.875 0.307152
4.88 0.306689
4.885 0.306226
4.89 0.305765
4.895 0.305304
4.9 0.304844
4.905 0.304385
4.91 0.303927
4.915 0.30347
4.92 0.303013
4.925 0.302557
4.93 0.302102
4.935 0.301648
4.94 0.301195
4.945 0.300742
4.95 0.300291
4.955 0.29984
4.96 0.29939
4.965 0.298941
4.97 0.298492
4.975 0.298045
4.98 0.297598
4.985 0.297152
4.99 0.296707
4.995 0.296263
5 0.295819
5.005 0.295376
5.01 0.294935
5.015 0.294493
5.02 0.294053
5.025 0.293614
5.03 0.293175
5.035 0.292737
5.04 0.2923
5.045 0.291864
5.05 0.291428
5.055 0.290994
5.06 0.29056
5.065 0.290127
5.07 0.289694
5.075 0.289263
5.08 0.288832
5.085 0.288402
5.09 0.287973
5.095 0.287545
5.1 0.287117
5.105 0.28669
5.11 0.286264
5.115 0.285839
5.12 0.285415
5.125 0.284991
5.13 0.284568
5.135 0.284146
5.14 0.283725
5.145 0.283305
5.15 0.282885
5.155 0.282466
5.16 0.282048
5.165 0.28163
5.17 0.281214
5.175 0.280798
5.18 0.280383
5.185 0.279968
5.19 0.279555
5.195 0.279142
5.2 0.27873
5.205 0.278319
5.21 0.277908
5.215 0.277499
5.22 0.27709
5.225 0.276681
5.23 0.276274
5.235 0.275867
5.24 0.275461
5.245 0.275056
5.25 0.274652
5.255 0.274248
5.26 0.273845
5.265 0.273443
5.27 0.273042
5.275 0.272641
5.28 0.272241
5.285 0.271842
5.29 0.271443
5.295 0.271046
5.3 0.270649
5.305 0.270253
5.31 0.269857
5.315 0.269462
5.32 0.269068
5.325 0.268675
5.33 0.268283
5.335 0.267891
5.34 0.2675
5.345 0.267109
5.35 0.26672
5.355 0.266331
5.36 0.265943
5.365 0.265555
5.37 0.265169
5.375 0.264783
5.38 0.264398
5.385 0.264013
5.39 0.263629
5.395 0.263246
5.4 0.262864
5.405 0.262482
5.41 0.262101
5.415 0.261721
5.42 0.261341
5.425 0.260963
5.43 0.260585
5.435 0.260207
5.44 0.25983
5.445 0.259455
5.45 0.259079
5.455 0.258705
5.46 0.258331
5.465 0.257958
5.47 0.257585
5.475 0.257213
5.48 0.256842
5.485 0.256472
5.49 0.256102
5.495 0.255733
5.5 0.255365
5.505 0.254998
5.51 0.254631
5.515 0.254264
5.52 0.253899
5.525 0.253534
5.53 0.25317
5.535 0.252806
5.54 0.252444
5.545 0.252081
5.55 0.25172
5.555 0.251359
5.56 0.250999
5.565 0.25064
5.57 0.250281
5.575 0.249923
5.58 0.249566
5.585 0.249209
5.59 0.248853
5.595 0.248498
5.6 0.248143
5.605 0.247789
5.61 0.247435
5.615 0.247083
5.62 0.246731
5.625 0.246379
5.63 0.246029
5.635 0.245678
5.64 0.245329
5.645 0.24498
5.65 0.244632
5.655 0.244285
5.66 0.243938
5.665 0.243592
5.67 0.243246
5.675 0.242901
5.68 0.242557
5.685 0.242214
5.69 0.241871
5.695 0.241529
5.7 0.241187
5.705 0.240846
5.71 0.240506
5.715 0.240166
5.72 0.239827
5.725 0.239488
5.73 0.239151
5.735 0.238813
5.74 0.238477
5.745 0.238141
5.75 0.237806
5.755 0.237471
5.76 0.237137
5.765 0.236804
5.77 0.236471
5.775 0.236139
5.78 0.235807
5.785 0.235476
5.79 0.235146
5.795 0.234816
5.8 0.234487
5.805 0.234159
5.81 0.233831
5.815 0.233504
5.82 0.233177
5.825 0.232851
5.83 0.232526
5.835 0.232201
5.84 0.231877
5.845 0.231553
5.85 0.231231
5.855 0.230908
5.86 0.230586
5.865 0.230265
5.87 0.229945
5.875 0.229625
5.88 0.229306
5.885 0.228987
5.89 0.228669
5.895 0.228351
5.9 0.228034
5.905 0.227718
5.91 0.227402
5.915 0.227087
5.92 0.226772
5.925 0.226458
5.93 0.226145
5.935 0.225832
5.94 0.22552
5.945 0.225208
5.95 0.224897
5.955 0.224586
5.96 0.224277
5.965 0.223967
5.97 0.223658
5.975 0.22335
5.98 0.223043
5.985 0.222735
5.99 0.222429
5.995 0.222123
6 0.221818
6.005 0.221513
6.01 0.221209
6.015 0.220905
6.02 0.220602
6.025 0.2203
6.03 0.219998
6.035 0.219696
6.04 0.219395
6.045 0.219095
6.05 0.218795
6.055 0.218496
6.06 0.218198
6.065 0.2179
6.07 0.217602
6.075 0.217305
6.08 0.217009
6.085 0.216713
6.09 0.216418
6.095 0.216123
6.1 0.215829
6.105 0.215535
6.11 0.215242
6.115 0.214949
6.12 0.214657
6.125 0.214366
6.13 0.214075
6.135 0.213784
6.14 0.213495
6.145 0.213205
6.15 0.212917
6.155 0.212628
6.16 0.212341
6.165 0.212053
6.17 0.211767
6.175 0.211481
6.18 0.211195
6.185 0.21091
6.19 0.210625
6.195 0.210341
6.2 0.210058
6.205 0.209775
6.21 0.209492
6.215 0.20921
6.22 0.208929
6.225 0.208648
6.23 0.208368
6.235 0.208088
6.24 0.207808
6.245 0.20753
6.25 0.207251
6.255 0.206973
6.26 0.206696
6.265 0.206419
6.27 0.206143
6.275 0.205867
6.28 0.205592
6.285 0.205317
6.29 0.205043
6.295 0.204769
6.3 0.204496
6.305 0.204223
6.31 0.203951
6.315 0.203679
6.32 0.203408
6.325 0.203137
6.33 0.202867
6.335 0.202597
6.34 0.202328
6.345 0.202059
6.35 0.201791
6.355 0.201523
6.36 0.201256
6.365 0.200989
6.37 0.200723
6.375 0.200457
6.38 0.200191
6.385 0.199927
6.39 0.199662
6.395 0.199398
6.4 0.199135
6.405 0.198872
6.41 0.198609
6.415 0.198347
6.42 0.198086
6.425 0.197825
6.43 0.197564
6.435 0.197304
6.44 0.197045
6.445 0.196786
6.45 0.196527
6.455 0.196269
6.46 0.196011
6.465 0.195754
6.47 0.195497
6.475 0.195241
6.48 0.194985
6.485 0.194729
6.49 0.194474
6.495 0.19422
6.5 0.193966
6.505 0.193712
6.51 0.193459
6.515 0.193207
6.52 0.192955
6.525 0.192703
6.53 0.192452
6.535 0.192201
6.54 0.19195
6.545 0.191701
6.55 0.191451
6.555 0.191202
6.56 0.190954
6.565 0.190706
6.57 0.190458
6.575 0.190211
6.58 0.189964
6.585 0.189718
6.59 0.189472
6.595 0.189226
6.6 0.188981
6.605 0.188737
6.61 0.188493
6.615 0.188249
6.62 0.188006
6.625 0.187763
6.63 0.187521
6.635 0.187279
6.64 0.187037
6.645 0.186796
6.65 0.186556
6.655 0.186316
6.66 0.186076
6.665 0.185837
6.67 0.185598
6.675 0.185359
6.68 0.185121
6.685 0.184884
6.69 0.184646
6.695 0.18441
6.7 0.184173
6.705 0.183937
6.71 0.183702
6.715 0.183467
6.72 0.183232
6.725 0.182998
6.73 0.182764
6.735 0.182531
6.74 0.182298
6.745 0.182065
6.75 0.181833
6.755 0.181602
6.76 0.18137
6.765 0.181139
6.77 0.180909
6.775 0.180679
6.78 0.180449
6.785 0.18022
6.79 0.179991
6.795 0.179763
6.8 0.179535
6.805 0.179307
6.81 0.17908
6.815 0.178853
6.82 0.178627
6.825 0.178401
6.83 0.178175
6.835 0.17795
6.84 0.177725
6.845 0.1775
6.85 0.177276
6.855 0.177053
6.86 0.17683
6.865 0.176607
6.87 0.176384
6.875 0.176162
6.88 0.175941
6.885 0.175719
6.89 0.175499
6.895 0.175278
6.9 0.175058
6.905 0.174838
6.91 0.174619
6.915 0.1744
6.92 0.174182
6.925 0.173963
6.93 0.173746
6.935 0.173528
6.94 0.173311
6.945 0.173095
6.95 0.172878
6.955 0.172663
6.96 0.172447
6.965 0.172232
6.97 0.172017
6.975 0.171803
6.98 0.171589
6.985 0.171375
6.99 0.171162
6.995 0.170949
7 0.170737
7.005 0.170525
7.01 0.170313
7.015 0.170102
7.02 0.169891
7.025 0.16968
7.03 0.16947
7.035 0.16926
7.04 0.16905
7.045 0.168841
7.05 0.168632
7.055 0.168424
7.06 0.168216
7.065 0.168008
7.07 0.167801
7.075 0.167594
7.08 0.167387
7.085 0.167181
7.09 0.166975
7.095 0.16677
7.1 0.166564
7.105 0.16636
7.11 0.166155
7.115 0.165951
7.12 0.165747
7.125 0.165544
7.13 0.165341
7.135 0.165138
7.14 0.164936
7.145 0.164734
7.15 0.164532
7.155 0.164331
7.16 0.16413
7.165 0.163929
7.17 0.163729
7.175 0.163529
7.18 0.16333
7.185 0.16313
7.19 0.162931
7.195 0.162733
7.2 0.162535
7.205 0.162337
7.21 0.162139
7.215 0.161942
7.22 0.161745
7.225 0.161549
7.23 0.161353
7.235 0.161157
7.24 0.160962
7.245 0.160766
7.25 0.160572
7.255 0.160377
7.26 0.160183
7.265 0.159989
7.27 0.159796
7.275 0.159603
7.28 0.15941
7.285 0.159217
7.29 0.159025
7.295 0.158833
7.3 0.158642
7.305 0.158451
7.31 0.15826
7.315 0.158069
7.32 0.157879
7.325 0.157689
7.33 0.1575
7.335 0.157311
7.34 0.157122
7.345 0.156933
7.35 0.156745
7.355 0.156557
7.36 0.156369
7.365 0.156182
7.37 0.155995
7.375 0.155809
7.38 0.155622
7.385 0.155436
7.39 0.155251
7.395 0.155065
7.4 0.15488
7.405 0.154695
7.41 0.154511
7.415 0.154327
7.42 0.154143
7.425 0.15396
7.43 0.153776
7.435 0.153593
7.44 0.153411
7.445 0.153229
7.45 0.153047
7.455 0.152865
7.46 0.152684
7.465 0.152503
7.47 0.152322
7.475 0.152142
7.48 0.151961
7.485 0.151782
7.49 0.151602
7.495 0.151423
7.5 0.151244
7.505 0.151065
7.51 0.150887
7.515 0.150709
7.52 0.150531
7.525 0.150354
7.53 0.150177
7.535 0.15
7.54 0.149824
7.545 0.149647
7.55 0.149472
7.555 0.149296
7.56 0.149121
7.565 0.148946
7.57 0.148771
7.575 0.148596
7.58 0.148422
7.585 0.148248
7.59 0.148075
7.595 0.147902
7.6 0.147729
7.605 0.147556
7.61 0.147383
7.615 0.147211
7.62 0.147039
7.625 0.146868
7.63 0.146697
7.635 0.146526
7.64 0.146355
7.645 0.146185
7.65 0.146014
7.655 0.145845
7.66 0.145675
7.665 0.145506
7.67 0.145337
7.675 0.145168
7.68 0.145
7.685 0.144831
7.69 0.144664
7.695 0.144496
7.7 0.144329
7.705 0.144162
7.71 0.143995
7.715 0.143828
7.72 0.143662
7.725 0.143496
7.73 0.14333
7.735 0.143165
7.74 0.143
7.745 0.142835
7.75 0.142671
7.755 0.142506
7.76 0.142342
7.765 0.142178
7.77 0.142015
7.775 0.141852
7.78 0.141689
7.785 0.141526
7.79 0.141364
7.795 0.141201
7.8 0.14104
7.805 0.140878
7.81 0.140717
7.815 0.140556
7.82 0.140395
7.825 0.140234
7.83 0.140074
7.835 0.139914
7.84 0.139754
7.845 0.139595
7.85 0.139435
7.855 0.139276
7.86 0.139118
7.865 0.138959
7.87 0.138801
7.875 0.138643
7.88 0.138485
7.885 0.138328
7.89 0.138171
7.895 0.138014
7.9 0.137857
7.905 0.137701
7.91 0.137544
7.915 0.137389
7.92 0.137233
7.925 0.137077
7.93 0.136922
7.935 0.136767
7.94 0.136613
7.945 0.136458
7.95 0.136304
7.955 0.13615
7.96 0.135997
7.965 0.135843
7.97 0.13569
7.975 0.135537
7.98 0.135385
7.985 0.135232
7.99 0.13508
7.995 0.134928
8 0.134777
8.005 0.134625
8.01 0.134474
8.015 0.134323
8.02 0.134172
8.025 0.134022
8.03 0.133872
8.035 0.133722
8.04 0.133572
8.045 0.133423
8.05 0.133273
8.055 0.133124
8.06 0.132976
8.065 0.132827
8.07 0.132679
8.075 0.132531
8.08 0.132383
8.085 0.132235
8.09 0.132088
8.095 0.131941
8.1 0.131794
8.105 0.131648
8.11 0.131501
8.115 0.131355
8.12 0.131209
8.125 0.131063
8.13 0.130918
8.135 0.130773
8.14 0.130628
8.145 0.130483
8.15 0.130338
8.155 0.130194
8.16 0.13005
8.165 0.129906
8.17 0.129763
8.175 0.129619
8.18 0.129476
8.185 0.129333
8.19 0.129191
8.195 0.129048
8.2 0.128906
8.205 0.128764
8.21 0.128622
8.215 0.128481
8.22 0.128339
8.225 0.128198
8.23 0.128057
8.235 0.127917
8.24 0.127776
8.245 0.127636
8.25 0.127496
8.255 0.127356
8.26 0.127217
8.265 0.127077
8.27 0.126938
8.275 0.126799
8.28 0.126661
8.285 0.126522
8.29 0.126384
8.295 0.126246
8.3 0.126108
8.305 0.12597
8.31 0.125833
8.315 0.125696
8.32 0.125559
8.325 0.125422
8.33 0.125286
8.335 0.125149
8.34 0.125013
8.345 0.124878
8.35 0.124742
8.355 0.124606
8.36 0.124471
8.365 0.124336
8.37 0.124201
8.375 0.124067
8.38 0.123932
8.385 0.123798
8.39 0.123664
8.395 0.123531
8.4 0.123397
8.405 0.123264
8.41 0.123131
8.415 0.122998
8.42 0.122865
8.425 0.122732
8.43 0.1226
8.435 0.122468
8.44 0.122336
8.445 0.122205
8.45 0.122073
8.455 0.121942
8.46 0.121811
8.465 0.12168
8.47 0.121549
8.475 0.121419
8.48 0.121289
8.485 0.121158
8.49 0.121029
8.495 0.120899
8.5 0.12077
8.505 0.12064
8.51 0.120511
8.515 0.120382
8.52 0.120254
8.525 0.120125
8.53 0.119997
8.535 0.119869
8.54 0.119741
8.545 0.119613
8.55 0.119486
8.555 0.119359
8.56 0.119232
8.565 0.119105
8.57 0.118978
8.575 0.118852
8.58 0.118725
8.585 0.118599
8.59 0.118473
8.595 0.118348
8.6 0.118222
8.605 0.118097
8.61 0.117972
8.615 0.117847
8.62 0.117722
8.625 0.117598
8.63 0.117473
8.635 0.117349
8.64 0.117225
8.645 0.117101
8.65 0.116978
8.655 0.116854
8.66 0.116731
8.665 0.116608
8.67 0.116485
8.675 0.116363
8.68 0.11624
8.685 0.116118
8.69 0.115996
8.695 0.115874
8.7 0.115752
8.705 0.115631
8.71 0.115509
8.715 0.115388
8.72 0.115267
8.725 0.115146
8.73 0.115026
8.735 0.114905
8.74 0.114785
8.745 0.114665
8.75 0.114545
8.755 0.114425
8.76 0.114306
8.765 0.114186
8.77 0.114067
8.775 0.113948
8.78 0.113829
8.785 0.113711
8.79 0.113592
8.795 0.113474
8.8 0.113356
8.805 0.113238
8.81 0.11312
8.815 0.113003
8.82 0.112886
8.825 0.112768
8.83 0.112651
8.835 0.112534
8.84 0.112418
8.845 0.112301
8.85 0.112185
8.855 0.112069
8.86 0.111953
8.865 0.111837
8.87 0.111721
8.875 0.111606
8.88 0.111491
8.885 0.111376
8.89 0.111261
8.895 0.111146
8.9 0.111031
8.905 0.110917
8.91 0.110803
8.915 0.110689
8.92 0.110575
8.925 0.110461
8.93 0.110348
8.935 0.110234
8.94 0.110121
8.945 0.110008
8.95 0.109895
8.955 0.109782
8.96 0.10967
8.965 0.109557
8.97 0.109445
8.975 0.109333
8.98 0.109221
8.985 0.10911
8.99 0.108998
8.995 0.108887
9 0.108775
9.005 0.108664
9.01 0.108554
9.015 0.108443
9.02 0.108332
9.025 0.108222
9.03 0.108112
9.035 0.108002
9.04 0.107892
9.045 0.107782
9.05 0.107672
9.055 0.107563
9.06 0.107454
9.065 0.107345
9.07 0.107236
9.075 0.107127
9.08 0.107018
9.085 0.10691
9.09 0.106802
9.095 0.106693
9.1 0.106586
9.105 0.106478
9.11 0.10637
9.115 0.106263
9.12 0.106155
9.125 0.106048
9.13 0.105941
9.135 0.105834
9.14 0.105727
9.145 0.105621
9.15 0.105515
9.155 0.105408
9.16 0.105302
9.165 0.105196
9.17 0.105091
9.175 0.104985
9.18 0.104879
9.185 0.104774
9.19 0.104669
9.195 0.104564
9.2 0.104459
9.205 0.104355
9.21 0.10425
9.215 0.104146
9.22 0.104041
9.225 0.103937
9.23 0.103833
9.235 0.10373
9.24 0.103626
9.245 0.103522
9.25 0.103419
9.255 0.103316
9.26 0.103213
9.265 0.10311
9.27 0.103007
9.275 0.102905
9.28 0.102802
9.285 0.1027
9.29 0.102598
9.295 0.102496
9.3 0.102394
9.305 0.102292
9.31 0.102191
9.315 0.10209
9.32 0.101988
9.325 0.101887
9.33 0.101786
9.335 0.101685
9.34 0.101585
9.345 0.101484
9.35 0.101384
9.355 0.101284
9.36 0.101184
9.365 0.101084
9.37 0.100984
9.375 0.100884
9.38 0.100785
9.385 0.100685
9.39 0.100586
9.395 0.100487
9.4 0.100388
9.405 0.100289
9.41 0.100191
9.415 0.100092
9.42 0.0999938
9.425 0.0998956
9.43 0.0997975
9.435 0.0996995
9.44 0.0996017
9.445 0.0995041
9.45 0.0994066
9.455 0.0993092
9.46 0.0992119
9.465 0.0991148
9.47 0.0990178
9.475 0.098921
9.48 0.0988243
9.485 0.0987278
9.49 0.0986314
9.495 0.0985351
9.5 0.0984389
9.505 0.0983429
9.51 0.0982471
9.515 0.0981513
9.52 0.0980557
9.525 0.0979603
9.53 0.097865
9.535 0.0977698
9.54 0.0976747
9.545 0.0975798
9.55 0.097485
9.555 0.0973904
9.56 0.0972958
9.565 0.0972015
9.57 0.0971072
9.575 0.0970131
9.58 0.0969191
9.585 0.0968253
9.59 0.0967316
9.595 0.096638
9.6 0.0965445
9.605 0.0964512
9.61 0.096358
9.615 0.096265
9.62 0.0961721
9.625 0.0960793
9.63 0.0959866
9.635 0.0958941
9.64 0.0958017
9.645 0.0957094
9.65 0.0956173
9.655 0.0955252
9.66 0.0954334
9.665 0.0953416
9.67 0.09525
9.675 0.0951585
9.68 0.0950671
9.685 0.0949759
9.69 0.0948848
9.695 0.0947938
9.7 0.0947029
9.705 0.0946122
9.71 0.0945216
9.715 0.0944312
9.72 0.0943408
9.725 0.0942506
9.73 0.0941605
9.735 0.0940705
9.74 0.0939807
9.745 0.093891
9.75 0.0938014
9.755 0.0937119
9.76 0.0936226
9.765 0.0935333
9.77 0.0934443
9.775 0.0933553
9.78 0.0932664
9.785 0.0931777
9.79 0.0930891
9.795 0.0930006
9.8 0.0929123
9.805 0.0928241
9.81 0.092736
9.815 0.092648
9.82 0.0925601
9.825 0.0924724
9.83 0.0923848
9.835 0.0922973
9.84 0.0922099
9.845 0.0921226
9.85 0.0920355
9.855 0.0919485
9.86 0.0918616
9.865 0.0917748
9.87 0.0916882
9.875 0.0916016
9.88 0.0915152
9.885 0.0914289
9.89 0.0913428
9.895 0.0912567
9.9 0.0911708
9.905 0.0910849
9.91 0.0909992
9.915 0.0909137
9.92 0.0908282
9.925 0.0907429
9.93 0.0906576
9.935 0.0905725
9.94 0.0904875
9.945 0.0904026
9.95 0.0903179
9.955 0.0902332
9.96 0.0901487
9.965 0.0900643
9.97 0.08998
9.975 0.0898958
9.98 0.0898117
9.985 0.0897278
9.99 0.089644
9.995 0.0895602
