0 -nan
0.005 0.0369103
0.01 0.0701779
0.015 0.360474
0.02 0.39858
0.025 0.0899685
0.03 0.826567
0.035 0.782415
0.04 0.364589
0.045 0.115417
0.05 0.0947101
0.055 0.204534
0.06 0.356366
0.065 0.500819
0.07 0.617565
0.075 0.702157
0.08 0.757302
0.085 0.788179
0.09 0.800237
0.095 0.798304
0.1 0.786327
0.105 0.767395
0.11 0.743855
0.115 0.717453
0.12 0.68947
0.125 0.66083
0.13 0.63219
0.135 0.604005
0.14 0.576586
0.145 0.550132
0.15 0.524769
0.155 0.50056
0.16 0.477533
0.165 0.455685
0.17 0.434993
0.175 0.415421
0.18 0.396926
0.185 0.379458
0.19 0.362965
0.195 0.347395
0.2 0.332694
0.205 0.318812
0.21 0.3057
0.215 0.29331
0.22 0.281597
0.225 0.270519
0.23 0.260035
0.235 0.250109
0.24 0.240705
0.245 0.231791
0.25 0.223335
0.255 0.215309
0.26 0.207686
0.265 0.200442
0.27 0.193553
0.275 0.186998
0.28 0.180756
0.285 0.17481
0.29 0.169141
0.295 0.163734
0.3 0.158573
0.305 0.153644
0.31 0.148934
0.315 0.144431
0.32 0.140122
0.325 0.135999
0.33 0.132049
0.335 0.128265
0.34 0.124637
0.345 0.121156
0.35 0.117816
0.355 0.11461
0.36 0.111529
0.365 0.108568
0.37 0.105721
0.375 0.102982
0.38 0.100346
0.385 0.0978086
0.39 0.095364
0.395 0.0930082
0.4 0.0907372
0.405 0.0885468
0.41 0.0864335
0.415 0.0843937
0.42 0.0824241
0.425 0.0805216
0.43 0.0786832
0.435 0.0769062
0.44 0.0751878
0.445 0.0735255
0.45 0.071917
0.455 0.07036
0.46 0.0688524
0.465 0.067392
0.47 0.0659771
0.475 0.0646057
0.48 0.0632761
0.485 0.0619867
0.49 0.0607358
0.495 0.059522
0.5 0.0583438
0.505 0.0571999
0.51 0.0560889
0.515 0.0550097
0.52 0.0539609
0.525 0.0529416
0.53 0.0519507
0.535 0.050987
0.54 0.0500496
0.545 0.0491376
0.55 0.0482501
0.555 0.0473862
0.56 0.0465451
0.565 0.045726
0.57 0.0449282
0.575 0.0441509
0.58 0.0433934
0.585 0.0426551
0.59 0.0419353
0.595 0.0412335
0.6 0.040549
0.605 0.0398812
0.61 0.0392298
0.615 0.038594
0.62 0.0379734
0.625 0.0373676
0.63 0.0367761
0.635 0.0361984
0.64 0.0356342
0.645 0.0350829
0.65 0.0345443
0.655 0.0340178
0.66 0.0335033
0.665 0.0330002
0.67 0.0325084
0.675 0.0320274
0.68 0.0315569
0.685 0.0310967
0.69 0.0306464
0.695 0.0302057
0.7 0.0297744
0.705 0.0293523
0.71 0.028939
0.715 0.0285344
0.72 0.0281381
0.725 0.02775
0.73 0.0273698
0.735 0.0269973
0.74 0.0266324
0.745 0.0262747
0.75 0.0259242
0.755 0.0255806
0.76 0.0252438
0.765 0.0249136
0.77 0.0245897
0.775 0.0242721
0.78 0.0239606
0.785 0.023655
0.79 0.0233553
0.795 0.0230611
0.8 0.0227724
0.805 0.0224892
0.81 0.0222111
0.815 0.0219381
0.82 0.0216702
0.825 0.021407
0.83 0.0211487
0.835 0.0208949
0.84 0.0206457
0.845 0.0204009
0.85 0.0201604
0.855 0.0199241
0.86 0.019692
0.865 0.0194638
0.87 0.0192396
0.875 0.0190192
0.88 0.0188026
0.885 0.0185897
0.89 0.0183803
0.895 0.0181744
0.9 0.017972
0.905 0.0177729
0.91 0.0175771
0.915 0.0173845
0.92 0.017195
0.925 0.0170086
0.93 0.0168252
0.935 0.0166448
0.94 0.0164672
0.945 0.0162925
0.95 0.0161205
0.955 0.0159512
0.96 0.0157845
0.965 0.0156205
0.97 0.015459
0.975 0.0152999
0.98 0.0151433
0.985 0.0149891
0.99 0.0148372
0.995 0.0146877
1 0.0145403
1.005 0.0143952
1.01 0.0142522
1.015 0.0141113
1.02 0.0139725
1.025 0.0138358
1.03 0.013701
1.035 0.0135682
1.04 0.0134373
1.045 0.0133082
1.05 0.0131811
1.055 0.0130557
1.06 0.0129321
1.065 0.0128103
1.07 0.0126901
1.075 0.0125717
1.08 0.0124549
1.085 0.0123397
1.09 0.0122261
1.095 0.012114
1.1 0.0120035
1.105 0.0118945
1.11 0.0117869
1.115 0.0116808
1.12 0.0115762
1.125 0.0114729
1.13 0.011371
1.135 0.0112704
1.14 0.0111712
1.145 0.0110733
1.15 0.0109766
1.155 0.0108813
1.16 0.0107871
1.165 0.0106942
1.17 0.0106024
1.175 0.0105118
1.18 0.0104224
1.185 0.0103341
1.19 0.010247
1.195 0.0101609
1.2 0.0100759
1.205 0.00999197
1.21 0.00990908
1.215 0.00982721
1.22 0.00974635
1.225 0.00966649
1.23 0.0095876
1.235 0.00950967
1.24 0.00943268
1.245 0.00935662
1.25 0.00928148
1.255 0.00920724
1.26 0.00913388
1.265 0.0090614
1.27 0.00898977
1.275 0.00891899
1.28 0.00884904
1.285 0.0087799
1.29 0.00871158
1.295 0.00864404
1.3 0.00857729
1.305 0.00851131
1.31 0.00844608
1.315 0.0083816
1.32 0.00831785
1.325 0.00825483
1.33 0.00819252
1.335 0.00813091
1.34 0.00807
1.345 0.00800976
1.35 0.00795019
1.355 0.00789129
1.36 0.00783304
1.365 0.00777542
1.37 0.00771845
1.375 0.00766209
1.38 0.00760635
1.385 0.00755121
1.39 0.00749667
1.395 0.00744272
1.4 0.00738935
1.405 0.00733654
1.41 0.00728431
1.415 0.00723262
1.42 0.00718149
1.425 0.00713089
1.43 0.00708083
1.435 0.00703129
1.44 0.00698227
1.445 0.00693375
1.45 0.00688575
1.455 0.00683823
1.46 0.00679121
1.465 0.00674467
1.47 0.00669861
1.475 0.00665301
1.48 0.00660788
1.485 0.00656321
1.49 0.00651899
1.495 0.00647521
1.5 0.00643187
1.505 0.00638896
1.51 0.00634648
1.515 0.00630443
1.52 0.00626279
1.525 0.00622156
1.53 0.00618073
1.535 0.00614031
1.54 0.00610028
1.545 0.00606064
1.55 0.00602138
1.555 0.00598251
1.56 0.00594401
1.565 0.00590588
1.57 0.00586811
1.575 0.00583071
1.58 0.00579366
1.585 0.00575696
1.59 0.00572061
1.595 0.00568461
1.6 0.00564894
1.605 0.0056136
1.61 0.0055786
1.615 0.00554392
1.62 0.00550957
1.625 0.00547553
1.63 0.0054418
1.635 0.00540839
1.64 0.00537528
1.645 0.00534248
1.65 0.00530997
1.655 0.00527776
1.66 0.00524585
1.665 0.00521422
1.67 0.00518287
1.675 0.00515181
1.68 0.00512103
1.685 0.00509052
1.69 0.00506028
1.695 0.00503031
1.7 0.0050006
1.705 0.00497116
1.71 0.00494198
1.715 0.00491305
1.72 0.00488437
1.725 0.00485595
1.73 0.00482777
1.735 0.00479984
1.74 0.00477215
1.745 0.00474469
1.75 0.00471748
1.755 0.00469049
1.76 0.00466374
1.765 0.00463722
1.77 0.00461092
1.775 0.00458484
1.78 0.00455898
1.785 0.00453335
1.79 0.00450792
1.795 0.00448271
1.8 0.00445771
1.805 0.00443292
1.81 0.00440834
1.815 0.00438396
1.82 0.00435978
1.825 0.0043358
1.83 0.00431202
1.835 0.00428843
1.84 0.00426503
1.845 0.00424183
1.85 0.00421881
1.855 0.00419599
1.86 0.00417334
1.865 0.00415088
1.87 0.0041286
1.875 0.0041065
1.88 0.00408457
1.885 0.00406282
1.89 0.00404125
1.895 0.00401984
1.9 0.0039986
1.905 0.00397754
1.91 0.00395663
1.915 0.00393589
1.92 0.00391532
1.925 0.0038949
1.93 0.00387465
1.935 0.00385455
1.94 0.00383461
1.945 0.00381482
1.95 0.00379518
1.955 0.0037757
1.96 0.00375636
1.965 0.00373718
1.97 0.00371814
1.975 0.00369924
1.98 0.00368049
1.985 0.00366188
1.99 0.00364341
1.995 0.00362508
2 0.00360689
2.005 0.00358883
2.01 0.00357091
2.015 0.00355313
2.02 0.00353547
2.025 0.00351795
2.03 0.00350056
2.035 0.00348329
2.04 0.00346616
2.045 0.00344915
2.05 0.00343226
2.055 0.0034155
2.06 0.00339886
2.065 0.00338234
2.07 0.00336594
2.075 0.00334966
2.08 0.0033335
2.085 0.00331745
2.09 0.00330152
2.095 0.00328571
2.1 0.00327
2.105 0.00325441
2.11 0.00323893
2.115 0.00322357
2.12 0.00320831
2.125 0.00319315
2.13 0.00317811
2.135 0.00316317
2.14 0.00314834
2.145 0.00313361
2.15 0.00311898
2.155 0.00310446
2.16 0.00309003
2.165 0.00307571
2.17 0.00306149
2.175 0.00304736
2.18 0.00303333
2.185 0.0030194
2.19 0.00300557
2.195 0.00299183
2.2 0.00297818
2.205 0.00296463
2.21 0.00295116
2.215 0.00293779
2.22 0.00292451
2.225 0.00291132
2.23 0.00289822
2.235 0.00288521
2.24 0.00287229
2.245 0.00285945
2.25 0.0028467
2.255 0.00283403
2.26 0.00282144
2.265 0.00280894
2.27 0.00279653
2.275 0.00278419
2.28 0.00277194
2.285 0.00275977
2.29 0.00274767
2.295 0.00273566
2.3 0.00272373
2.305 0.00271187
2.31 0.00270009
2.315 0.00268839
2.32 0.00267676
2.325 0.00266521
2.33 0.00265373
2.335 0.00264233
2.34 0.00263099
2.345 0.00261974
2.35 0.00260855
2.355 0.00259744
2.36 0.00258639
2.365 0.00257542
2.37 0.00256452
2.375 0.00255368
2.38 0.00254292
2.385 0.00253222
2.39 0.00252159
2.395 0.00251103
2.4 0.00250053
2.405 0.0024901
2.41 0.00247973
2.415 0.00246943
2.42 0.00245919
2.425 0.00244901
2.43 0.0024389
2.435 0.00242885
2.44 0.00241887
2.445 0.00240894
2.45 0.00239908
2.455 0.00238927
2.46 0.00237953
2.465 0.00236984
2.47 0.00236022
2.475 0.00235065
2.48 0.00234114
2.485 0.00233169
2.49 0.00232229
2.495 0.00231295
2.5 0.00230367
2.505 0.00229445
2.51 0.00228527
2.515 0.00227616
2.52 0.0022671
2.525 0.00225809
2.53 0.00224913
2.535 0.00224023
2.54 0.00223139
2.545 0.00222259
2.55 0.00221384
2.555 0.00220515
2.56 0.00219651
2.565 0.00218792
2.57 0.00217938
2.575 0.00217089
2.58 0.00216245
2.585 0.00215405
2.59 0.00214571
2.595 0.00213742
2.6 0.00212917
2.605 0.00212097
2.61 0.00211282
2.615 0.00210471
2.62 0.00209665
2.625 0.00208864
2.63 0.00208067
2.635 0.00207275
2.64 0.00206488
2.645 0.00205705
2.65 0.00204926
2.655 0.00204152
2.66 0.00203382
2.665 0.00202616
2.67 0.00201855
2.675 0.00201098
2.68 0.00200345
2.685 0.00199597
2.69 0.00198852
2.695 0.00198112
2.7 0.00197376
2.705 0.00196644
2.71 0.00195916
2.715 0.00195193
2.72 0.00194473
2.725 0.00193757
2.73 0.00193045
2.735 0.00192337
2.74 0.00191633
2.745 0.00190933
2.75 0.00190236
2.755 0.00189543
2.76 0.00188855
2.765 0.00188169
2.77 0.00187488
2.775 0.0018681
2.78 0.00186136
2.785 0.00185466
2.79 0.00184799
2.795 0.00184136
2.8 0.00183476
2.805 0.0018282
2.81 0.00182168
2.815 0.00181519
2.82 0.00180873
2.825 0.00180231
2.83 0.00179592
2.835 0.00178957
2.84 0.00178325
2.845 0.00177696
2.85 0.00177071
2.855 0.00176448
2.86 0.0017583
2.865 0.00175214
2.87 0.00174602
2.875 0.00173993
2.88 0.00173387
2.885 0.00172784
2.89 0.00172184
2.895 0.00171588
2.9 0.00170994
2.905 0.00170404
2.91 0.00169817
2.915 0.00169232
2.92 0.00168651
2.925 0.00168073
2.93 0.00167497
2.935 0.00166925
2.94 0.00166356
2.945 0.00165789
2.95 0.00165225
2.955 0.00164665
2.96 0.00164107
2.965 0.00163552
2.97 0.00162999
2.975 0.0016245
2.98 0.00161903
2.985 0.00161359
2.99 0.00160818
2.995 0.00160279
3 0.00159744
3.005 0.0015921
3.01 0.0015868
3.015 0.00158152
3.02 0.00157627
3.025 0.00157104
3.03 0.00156584
3.035 0.00156067
3.04 0.00155552
3.045 0.0015504
3.05 0.0015453
3.055 0.00154023
3.06 0.00153518
3.065 0.00153016
3.07 0.00152516
3.075 0.00152018
3.08 0.00151523
3.085 0.00151031
3.09 0.00150541
3.095 0.00150053
3.1 0.00149567
3.105 0.00149084
3.11 0.00148604
3.115 0.00148125
3.12 0.00147649
3.125 0.00147175
3.13 0.00146704
3.135 0.00146234
3.14 0.00145767
3.145 0.00145303
3.15 0.0014484
3.155 0.0014438
3.16 0.00143922
3.165 0.00143466
3.17 0.00143012
3.175 0.0014256
3.18 0.0014211
3.185 0.00141663
3.19 0.00141218
3.195 0.00140774
3.2 0.00140333
3.205 0.00139894
3.21 0.00139457
3.215 0.00139022
3.22 0.00138589
3.225 0.00138158
3.23 0.0013773
3.235 0.00137303
3.24 0.00136878
3.245 0.00136455
3.25 0.00136034
3.255 0.00135615
3.26 0.00135197
3.265 0.00134782
3.27 0.00134369
3.275 0.00133958
3.28 0.00133548
3.285 0.0013314
3.29 0.00132735
3.295 0.00132331
3.3 0.00131929
3.305 0.00131528
3.31 0.0013113
3.315 0.00130733
3.32 0.00130338
3.325 0.00129945
3.33 0.00129554
3.335 0.00129165
3.34 0.00128777
3.345 0.00128391
3.35 0.00128006
3.355 0.00127624
3.36 0.00127243
3.365 0.00126864
3.37 0.00126486
3.375 0.00126111
3.38 0.00125737
3.385 0.00125364
3.39 0.00124993
3.395 0.00124624
3.4 0.00124257
3.405 0.00123891
3.41 0.00123526
3.415 0.00123164
3.42 0.00122803
3.425 0.00122443
3.43 0.00122085
3.435 0.00121729
3.44 0.00121374
3.445 0.00121021
3.45 0.00120669
3.455 0.00120319
3.46 0.0011997
3.465 0.00119623
3.47 0.00119278
3.475 0.00118933
3.48 0.00118591
3.485 0.0011825
3.49 0.0011791
3.495 0.00117572
3.5 0.00117235
3.505 0.00116899
3.51 0.00116566
3.515 0.00116233
3.52 0.00115902
3.525 0.00115572
3.53 0.00115244
3.535 0.00114917
3.54 0.00114592
3.545 0.00114268
3.55 0.00113945
3.555 0.00113624
3.56 0.00113304
3.565 0.00112985
3.57 0.00112668
3.575 0.00112352
3.58 0.00112037
3.585 0.00111724
3.59 0.00111412
3.595 0.00111101
3.6 0.00110792
3.605 0.00110484
3.61 0.00110177
3.615 0.00109871
3.62 0.00109567
3.625 0.00109264
3.63 0.00108962
3.635 0.00108662
3.64 0.00108362
3.645 0.00108064
3.65 0.00107768
3.655 0.00107472
3.66 0.00107178
3.665 0.00106884
3.67 0.00106592
3.675 0.00106302
3.68 0.00106012
3.685 0.00105724
3.69 0.00105436
3.695 0.0010515
3.7 0.00104865
3.705 0.00104582
3.71 0.00104299
3.715 0.00104018
3.72 0.00103737
3.725 0.00103458
3.73 0.0010318
3.735 0.00102903
3.74 0.00102627
3.745 0.00102353
3.75 0.00102079
3.755 0.00101806
3.76 0.00101535
3.765 0.00101265
3.77 0.00100995
3.775 0.00100727
3.78 0.0010046
3.785 0.00100194
3.79 0.00099929
3.795 0.000996651
3.8 0.000994022
3.805 0.000991403
3.81 0.000988794
3.815 0.000986196
3.82 0.000983608
3.825 0.00098103
3.83 0.000978463
3.835 0.000975905
3.84 0.000973357
3.845 0.00097082
3.85 0.000968292
3.855 0.000965774
3.86 0.000963266
3.865 0.000960768
3.87 0.000958279
3.875 0.0009558
3.88 0.000953331
3.885 0.000950871
3.89 0.000948421
3.895 0.00094598
3.9 0.000943549
3.905 0.000941127
3.91 0.000938714
3.915 0.00093631
3.92 0.000933916
3.925 0.000931531
3.93 0.000929155
3.935 0.000926788
3.94 0.00092443
3.945 0.000922082
3.95 0.000919742
3.955 0.000917411
3.96 0.000915088
3.965 0.000912775
3.97 0.00091047
3.975 0.000908174
3.98 0.000905887
3.985 0.000903609
3.99 0.000901339
3.995 0.000899077
4 0.000896824
4.005 0.00089458
4.01 0.000892343
4.015 0.000890116
4.02 0.000887896
4.025 0.000885685
4.03 0.000883482
4.035 0.000881288
4.04 0.000879101
4.045 0.000876923
4.05 0.000874753
4.055 0.00087259
4.06 0.000870436
4.065 0.00086829
4.07 0.000866151
4.075 0.000864021
4.08 0.000861898
4.085 0.000859784
4.09 0.000857677
4.095 0.000855577
4.1 0.000853486
4.105 0.000851402
4.11 0.000849325
4.115 0.000847257
4.12 0.000845196
4.125 0.000843142
4.13 0.000841096
4.135 0.000839057
4.14 0.000837026
4.145 0.000835002
4.15 0.000832985
4.155 0.000830976
4.16 0.000828973
4.165 0.000826979
4.17 0.000824991
4.175 0.00082301
4.18 0.000821037
4.185 0.000819071
4.19 0.000817111
4.195 0.000815159
4.2 0.000813214
4.205 0.000811276
4.21 0.000809344
4.215 0.00080742
4.22 0.000805502
4.225 0.000803591
4.23 0.000801687
4.235 0.00079979
4.24 0.000797899
4.245 0.000796016
4.25 0.000794138
4.255 0.000792268
4.26 0.000790404
4.265 0.000788547
4.27 0.000786696
4.275 0.000784851
4.28 0.000783014
4.285 0.000781182
4.29 0.000779357
4.295 0.000777539
4.3 0.000775726
4.305 0.00077392
4.31 0.000772121
4.315 0.000770327
4.32 0.00076854
4.325 0.000766759
4.33 0.000764985
4.335 0.000763216
4.34 0.000761454
4.345 0.000759697
4.35 0.000757947
4.355 0.000756203
4.36 0.000754465
4.365 0.000752732
4.37 0.000751006
4.375 0.000749286
4.38 0.000747571
4.385 0.000745863
4.39 0.00074416
4.395 0.000742463
4.4 0.000740772
4.405 0.000739087
4.41 0.000737407
4.415 0.000735733
4.42 0.000734065
4.425 0.000732402
4.43 0.000730746
4.435 0.000729094
4.44 0.000727449
4.445 0.000725809
4.45 0.000724174
4.455 0.000722545
4.46 0.000720921
4.465 0.000719303
4.47 0.000717691
4.475 0.000716083
4.48 0.000714482
4.485 0.000712885
4.49 0.000711294
4.495 0.000709708
4.5 0.000708128
4.505 0.000706552
4.51 0.000704983
4.515 0.000703418
4.52 0.000701858
4.525 0.000700304
4.53 0.000698755
4.535 0.000697211
4.54 0.000695672
4.545 0.000694138
4.55 0.000692609
4.555 0.000691085
4.56 0.000689566
4.565 0.000688053
4.57 0.000686544
4.575 0.00068504
4.58 0.000683541
4.585 0.000682047
4.59 0.000680558
4.595 0.000679074
4.6 0.000677594
4.605 0.00067612
4.61 0.00067465
4.615 0.000673185
4.62 0.000671725
4.625 0.00067027
4.63 0.000668819
4.635 0.000667373
4.64 0.000665932
4.645 0.000664495
4.65 0.000663063
4.655 0.000661636
4.66 0.000660213
4.665 0.000658795
4.67 0.000657381
4.675 0.000655972
4.68 0.000654567
4.685 0.000653167
4.69 0.000651772
4.695 0.000650381
4.7 0.000648994
4.705 0.000647612
4.71 0.000646234
4.715 0.000644861
4.72 0.000643492
4.725 0.000642127
4.73 0.000640766
4.735 0.00063941
4.74 0.000638059
4.745 0.000636711
4.75 0.000635368
4.755 0.000634029
4.76 0.000632694
4.765 0.000631364
4.77 0.000630038
4.775 0.000628715
4.78 0.000627397
4.785 0.000626084
4.79 0.000624774
4.795 0.000623468
4.8 0.000622167
4.805 0.000620869
4.81 0.000619576
4.815 0.000618286
4.82 0.000617001
4.825 0.00061572
4.83 0.000614442
4.835 0.000613169
4.84 0.0006119
4.845 0.000610634
4.85 0.000609372
4.855 0.000608115
4.86 0.000606861
4.865 0.000605611
4.87 0.000604365
4.875 0.000603123
4.88 0.000601884
4.885 0.00060065
4.89 0.000599419
4.895 0.000598192
4.9 0.000596969
4.905 0.000595749
4.91 0.000594534
4.915 0.000593322
4.92 0.000592113
4.925 0.000590909
4.93 0.000589708
4.935 0.00058851
4.94 0.000587317
4.945 0.000586127
4.95 0.00058494
4.955 0.000583757
4.96 0.000582578
4.965 0.000581402
4.97 0.00058023
4.975 0.000579062
4.98 0.000577896
4.985 0.000576735
4.99 0.000575577
4.995 0.000574422
5 0.000573271
5.005 0.000572124
5.01 0.000570979
5.015 0.000569839
5.02 0.000568701
5.025 0.000567567
5.03 0.000566437
5.035 0.000565309
5.04 0.000564186
5.045 0.000563065
5.05 0.000561948
5.055 0.000560834
5.06 0.000559724
5.065 0.000558616
5.07 0.000557512
5.075 0.000556412
5.08 0.000555314
5.085 0.00055422
5.09 0.000553129
5.095 0.000552041
5.1 0.000550957
5.105 0.000549876
5.11 0.000548797
5.115 0.000547722
5.12 0.000546651
5.125 0.000545582
5.13 0.000544516
5.135 0.000543454
5.14 0.000542395
5.145 0.000541338
5.15 0.000540285
5.155 0.000539235
5.16 0.000538188
5.165 0.000537144
5.17 0.000536103
5.175 0.000535065
5.18 0.00053403
5.185 0.000532998
5.19 0.000531969
5.195 0.000530944
5.2 0.000529921
5.205 0.0005289
5.21 0.000527883
5.215 0.000526869
5.22 0.000525858
5.225 0.00052485
5.23 0.000523844
5.235 0.000522842
5.24 0.000521842
5.245 0.000520845
5.25 0.000519851
5.255 0.00051886
5.26 0.000517872
5.265 0.000516886
5.27 0.000515904
5.275 0.000514924
5.28 0.000513947
5.285 0.000512972
5.29 0.000512001
5.295 0.000511032
5.3 0.000510066
5.305 0.000509103
5.31 0.000508142
5.315 0.000507185
5.32 0.000506229
5.325 0.000505277
5.33 0.000504327
5.335 0.00050338
5.34 0.000502436
5.345 0.000501494
5.35 0.000500555
5.355 0.000499618
5.36 0.000498684
5.365 0.000497753
5.37 0.000496825
5.375 0.000495899
5.38 0.000494975
5.385 0.000494054
5.39 0.000493136
5.395 0.00049222
5.4 0.000491307
5.405 0.000490396
5.41 0.000489488
5.415 0.000488583
5.42 0.00048768
5.425 0.000486779
5.43 0.000485881
5.435 0.000484985
5.44 0.000484092
5.445 0.000483201
5.45 0.000482313
5.455 0.000481427
5.46 0.000480544
5.465 0.000479663
5.47 0.000478785
5.475 0.000477908
5.48 0.000477035
5.485 0.000476164
5.49 0.000475295
5.495 0.000474428
5.5 0.000473564
5.505 0.000472702
5.51 0.000471843
5.515 0.000470986
5.52 0.000470131
5.525 0.000469278
5.53 0.000468428
5.535 0.00046758
5.54 0.000466735
5.545 0.000465892
5.55 0.000465051
5.555 0.000464212
5.56 0.000463376
5.565 0.000462541
5.57 0.000461709
5.575 0.00046088
5.58 0.000460052
5.585 0.000459227
5.59 0.000458404
5.595 0.000457583
5.6 0.000456765
5.605 0.000455948
5.61 0.000455134
5.615 0.000454322
5.62 0.000453512
5.625 0.000452705
5.63 0.000451899
5.635 0.000451096
5.64 0.000450295
5.645 0.000449495
5.65 0.000448698
5.655 0.000447904
5.66 0.000447111
5.665 0.00044632
5.67 0.000445532
5.675 0.000444745
5.68 0.000443961
5.685 0.000443179
5.69 0.000442398
5.695 0.00044162
5.7 0.000440844
5.705 0.00044007
5.71 0.000439298
5.715 0.000438528
5.72 0.00043776
5.725 0.000436994
5.73 0.00043623
5.735 0.000435468
5.74 0.000434708
5.745 0.00043395
5.75 0.000433194
5.755 0.00043244
5.76 0.000431688
5.765 0.000430938
5.77 0.000430189
5.775 0.000429443
5.78 0.000428699
5.785 0.000427957
5.79 0.000427216
5.795 0.000426478
5.8 0.000425741
5.805 0.000425006
5.81 0.000424274
5.815 0.000423543
5.82 0.000422814
5.825 0.000422087
5.83 0.000421361
5.835 0.000420638
5.84 0.000419917
5.845 0.000419197
5.85 0.000418479
5.855 0.000417763
5.86 0.000417049
5.865 0.000416337
5.87 0.000415626
5.875 0.000414918
5.88 0.000414211
5.885 0.000413506
5.89 0.000412802
5.895 0.000412101
5.9 0.000411401
5.905 0.000410703
5.91 0.000410007
5.915 0.000409313
5.92 0.00040862
5.925 0.000407929
5.93 0.00040724
5.935 0.000406553
5.94 0.000405867
5.945 0.000405184
5.95 0.000404501
5.955 0.000403821
5.96 0.000403142
5.965 0.000402465
5.97 0.00040179
5.975 0.000401116
5.98 0.000400445
5.985 0.000399774
5.99 0.000399106
5.995 0.000398439
6 0.000397774
6.005 0.00039711
6.01 0.000396448
6.015 0.000395788
6.02 0.00039513
6.025 0.000394473
6.03 0.000393817
6.035 0.000393164
6.04 0.000392512
6.045 0.000391861
6.05 0.000391213
6.055 0.000390565
6.06 0.00038992
6.065 0.000389276
6.07 0.000388633
6.075 0.000387993
6.08 0.000387353
6.085 0.000386716
6.09 0.00038608
6.095 0.000385445
6.1 0.000384812
6.105 0.000384181
6.11 0.000383551
6.115 0.000382923
6.12 0.000382296
6.125 0.000381671
6.13 0.000381047
6.135 0.000380425
6.14 0.000379805
6.145 0.000379186
6.15 0.000378568
6.155 0.000377952
6.16 0.000377337
6.165 0.000376724
6.17 0.000376113
6.175 0.000375503
6.18 0.000374894
6.185 0.000374287
6.19 0.000373681
6.195 0.000373077
6.2 0.000372474
6.205 0.000371873
6.21 0.000371273
6.215 0.000370675
6.22 0.000370078
6.225 0.000369482
6.23 0.000368888
6.235 0.000368296
6.24 0.000367705
6.245 0.000367115
6.25 0.000366527
6.255 0.00036594
6.26 0.000365354
6.265 0.00036477
6.27 0.000364187
6.275 0.000363606
6.28 0.000363026
6.285 0.000362447
6.29 0.00036187
6.295 0.000361295
6.3 0.00036072
6.305 0.000360147
6.31 0.000359575
6.315 0.000359005
6.32 0.000358436
6.325 0.000357869
6.33 0.000357302
6.335 0.000356737
6.34 0.000356174
6.345 0.000355611
6.35 0.000355051
6.355 0.000354491
6.36 0.000353933
6.365 0.000353376
6.37 0.00035282
6.375 0.000352266
6.38 0.000351713
6.385 0.000351161
6.39 0.000350611
6.395 0.000350061
6.4 0.000349514
6.405 0.000348967
6.41 0.000348422
6.415 0.000347878
6.42 0.000347335
6.425 0.000346794
6.43 0.000346253
6.435 0.000345715
6.44 0.000345177
6.445 0.00034464
6.45 0.000344105
6.455 0.000343571
6.46 0.000343039
6.465 0.000342507
6.47 0.000341977
6.475 0.000341448
6.48 0.00034092
6.485 0.000340394
6.49 0.000339868
6.495 0.000339344
6.5 0.000338821
6.505 0.0003383
6.51 0.000337779
6.515 0.00033726
6.52 0.000336742
6.525 0.000336225
6.53 0.000335709
6.535 0.000335195
6.54 0.000334681
6.545 0.000334169
6.55 0.000333658
6.555 0.000333149
6.56 0.00033264
6.565 0.000332132
6.57 0.000331626
6.575 0.000331121
6.58 0.000330617
6.585 0.000330114
6.59 0.000329612
6.595 0.000329112
6.6 0.000328612
6.605 0.000328114
6.61 0.000327617
6.615 0.000327121
6.62 0.000326626
6.625 0.000326132
6.63 0.00032564
6.635 0.000325148
6.64 0.000324658
6.645 0.000324168
6.65 0.00032368
6.655 0.000323193
6.66 0.000322707
6.665 0.000322222
6.67 0.000321738
6.675 0.000321255
6.68 0.000320774
6.685 0.000320293
6.69 0.000319814
6.695 0.000319335
6.7 0.000318858
6.705 0.000318382
6.71 0.000317906
6.715 0.000317432
6.72 0.000316959
6.725 0.000316487
6.73 0.000316016
6.735 0.000315546
6.74 0.000315077
6.745 0.000314609
6.75 0.000314143
6.755 0.000313677
6.76 0.000313212
6.765 0.000312748
6.77 0.000312286
6.775 0.000311824
6.78 0.000311364
6.785 0.000310904
6.79 0.000310445
6.795 0.000309988
6.8 0.000309531
6.805 0.000309076
6.81 0.000308621
6.815 0.000308168
6.82 0.000307715
6.825 0.000307264
6.83 0.000306813
6.835 0.000306363
6.84 0.000305915
6.845 0.000305467
6.85 0.000305021
6.855 0.000304575
6.86 0.00030413
6.865 0.000303687
6.87 0.000303244
6.875 0.000302802
6.88 0.000302361
6.885 0.000301922
6.89 0.000301483
6.895 0.000301045
6.9 0.000300608
6.905 0.000300172
6.91 0.000299737
6.915 0.000299303
6.92 0.00029887
6.925 0.000298437
6.93 0.000298006
6.935 0.000297576
6.94 0.000297146
6.945 0.000296718
6.95 0.00029629
6.955 0.000295864
6.96 0.000295438
6.965 0.000295013
6.97 0.000294589
6.975 0.000294166
6.98 0.000293744
6.985 0.000293323
6.99 0.000292903
6.995 0.000292483
7 0.000292065
7.005 0.000291647
7.01 0.000291231
7.015 0.000290815
7.02 0.0002904
7.025 0.000289986
7.03 0.000289573
7.035 0.000289161
7.04 0.00028875
7.045 0.000288339
7.05 0.000287929
7.055 0.000287521
7.06 0.000287113
7.065 0.000286706
7.07 0.0002863
7.075 0.000285895
7.08 0.00028549
7.085 0.000285087
7.09 0.000284684
7.095 0.000284282
7.1 0.000283881
7.105 0.000283481
7.11 0.000283082
7.115 0.000282683
7.12 0.000282286
7.125 0.000281889
7.13 0.000281493
7.135 0.000281098
7.14 0.000280704
7.145 0.00028031
7.15 0.000279918
7.155 0.000279526
7.16 0.000279135
7.165 0.000278745
7.17 0.000278355
7.175 0.000277967
7.18 0.000277579
7.185 0.000277192
7.19 0.000276806
7.195 0.000276421
7.2 0.000276036
7.205 0.000275653
7.21 0.00027527
7.215 0.000274888
7.22 0.000274507
7.225 0.000274126
7.23 0.000273746
7.235 0.000273367
7.24 0.000272989
7.245 0.000272612
7.25 0.000272235
7.255 0.00027186
7.26 0.000271485
7.265 0.00027111
7.27 0.000270737
7.275 0.000270364
7.28 0.000269992
7.285 0.000269621
7.29 0.000269251
7.295 0.000268881
7.3 0.000268512
7.305 0.000268144
7.31 0.000267777
7.315 0.00026741
7.32 0.000267045
7.325 0.00026668
7.33 0.000266315
7.335 0.000265952
7.34 0.000265589
7.345 0.000265227
7.35 0.000264865
7.355 0.000264505
7.36 0.000264145
7.365 0.000263786
7.37 0.000263427
7.375 0.000263069
7.38 0.000262713
7.385 0.000262356
7.39 0.000262001
7.395 0.000261646
7.4 0.000261292
7.405 0.000260939
7.41 0.000260586
7.415 0.000260234
7.42 0.000259883
7.425 0.000259532
7.43 0.000259183
7.435 0.000258833
7.44 0.000258485
7.445 0.000258137
7.45 0.00025779
7.455 0.000257444
7.46 0.000257099
7.465 0.000256754
7.47 0.000256409
7.475 0.000256066
7.48 0.000255723
7.485 0.000255381
7.49 0.00025504
7.495 0.000254699
7.5 0.000254359
7.505 0.000254019
7.51 0.000253681
7.515 0.000253343
7.52 0.000253005
7.525 0.000252669
7.53 0.000252333
7.535 0.000251997
7.54 0.000251663
7.545 0.000251329
7.55 0.000250995
7.555 0.000250663
7.56 0.000250331
7.565 0.000249999
7.57 0.000249668
7.575 0.000249338
7.58 0.000249009
7.585 0.00024868
7.59 0.000248352
7.595 0.000248025
7.6 0.000247698
7.605 0.000247372
7.61 0.000247046
7.615 0.000246721
7.62 0.000246397
7.625 0.000246074
7.63 0.000245751
7.635 0.000245428
7.64 0.000245107
7.645 0.000244786
7.65 0.000244465
7.655 0.000244145
7.66 0.000243826
7.665 0.000243508
7.67 0.00024319
7.675 0.000242873
7.68 0.000242556
7.685 0.00024224
7.69 0.000241924
7.695 0.00024161
7.7 0.000241295
7.705 0.000240982
7.71 0.000240669
7.715 0.000240356
7.72 0.000240045
7.725 0.000239733
7.73 0.000239423
7.735 0.000239113
7.74 0.000238804
7.745 0.000238495
7.75 0.000238187
7.755 0.000237879
7.76 0.000237572
7.765 0.000237266
7.77 0.00023696
7.775 0.000236655
7.78 0.00023635
7.785 0.000236046
7.79 0.000235743
7.795 0.00023544
7.8 0.000235138
7.805 0.000234836
7.81 0.000234535
7.815 0.000234235
7.82 0.000233935
7.825 0.000233635
7.83 0.000233336
7.835 0.000233038
7.84 0.000232741
7.845 0.000232444
7.85 0.000232147
7.855 0.000231851
7.86 0.000231556
7.865 0.000231261
7.87 0.000230967
7.875 0.000230673
7.88 0.00023038
7.885 0.000230087
7.89 0.000229795
7.895 0.000229504
7.9 0.000229213
7.905 0.000228923
7.91 0.000228633
7.915 0.000228344
7.92 0.000228055
7.925 0.000227767
7.93 0.000227479
7.935 0.000227192
7.94 0.000226906
7.945 0.00022662
7.95 0.000226334
7.955 0.000226049
7.96 0.000225765
7.965 0.000225481
7.97 0.000225198
7.975 0.000224915
7.98 0.000224633
7.985 0.000224351
7.99 0.00022407
7.995 0.000223789
8 0.000223509
8.005 0.00022323
8.01 0.000222951
8.015 0.000222672
8.02 0.000222394
8.025 0.000222117
8.03 0.00022184
8.035 0.000221563
8.04 0.000221287
8.045 0.000221012
8.05 0.000220737
8.055 0.000220463
8.06 0.000220189
8.065 0.000219915
8.07 0.000219642
8.075 0.00021937
8.08 0.000219098
8.085 0.000218827
8.09 0.000218556
8.095 0.000218286
8.1 0.000218016
8.105 0.000217747
8.11 0.000217478
8.115 0.000217209
8.12 0.000216942
8.125 0.000216674
8.13 0.000216407
8.135 0.000216141
8.14 0.000215875
8.145 0.00021561
8.15 0.000215345
8.155 0.00021508
8.16 0.000214817
8.165 0.000214553
8.17 0.00021429
8.175 0.000214028
8.18 0.000213766
8.185 0.000213504
8.19 0.000213243
8.195 0.000212983
8.2 0.000212723
8.205 0.000212463
8.21 0.000212204
8.215 0.000211945
8.22 0.000211687
8.225 0.000211429
8.23 0.000211172
8.235 0.000210915
8.24 0.000210659
8.245 0.000210403
8.25 0.000210148
8.255 0.000209893
8.26 0.000209639
8.265 0.000209385
8.27 0.000209131
8.275 0.000208878
8.28 0.000208625
8.285 0.000208373
8.29 0.000208122
8.295 0.00020787
8.3 0.00020762
8.305 0.000207369
8.31 0.000207119
8.315 0.00020687
8.32 0.000206621
8.325 0.000206373
8.33 0.000206125
8.335 0.000205877
8.34 0.00020563
8.345 0.000205383
8.35 0.000205137
8.355 0.000204891
8.36 0.000204646
8.365 0.000204401
8.37 0.000204156
8.375 0.000203912
8.38 0.000203668
8.385 0.000203425
8.39 0.000203182
8.395 0.00020294
8.4 0.000202698
8.405 0.000202457
8.41 0.000202216
8.415 0.000201975
8.42 0.000201735
8.425 0.000201495
8.43 0.000201256
8.435 0.000201017
8.44 0.000200778
8.445 0.00020054
8.45 0.000200303
8.455 0.000200066
8.46 0.000199829
8.465 0.000199592
8.47 0.000199357
8.475 0.000199121
8.48 0.000198886
8.485 0.000198651
8.49 0.000198417
8.495 0.000198183
8.5 0.00019795
8.505 0.000197717
8.51 0.000197484
8.515 0.000197252
8.52 0.00019702
8.525 0.000196789
8.53 0.000196558
8.535 0.000196327
8.54 0.000196097
8.545 0.000195867
8.55 0.000195638
8.555 0.000195409
8.56 0.00019518
8.565 0.000194952
8.57 0.000194724
8.575 0.000194497
8.58 0.00019427
8.585 0.000194043
8.59 0.000193817
8.595 0.000193591
8.6 0.000193366
8.605 0.000193141
8.61 0.000192916
8.615 0.000192692
8.62 0.000192468
8.625 0.000192245
8.63 0.000192022
8.635 0.000191799
8.64 0.000191577
8.645 0.000191355
8.65 0.000191134
8.655 0.000190913
8.66 0.000190692
8.665 0.000190472
8.67 0.000190252
8.675 0.000190032
8.68 0.000189813
8.685 0.000189594
8.69 0.000189376
8.695 0.000189157
8.7 0.00018894
8.705 0.000188722
8.71 0.000188506
8.715 0.000188289
8.72 0.000188073
8.725 0.000187857
8.73 0.000187642
8.735 0.000187426
8.74 0.000187212
8.745 0.000186997
8.75 0.000186783
8.755 0.00018657
8.76 0.000186357
8.765 0.000186144
8.77 0.000185931
8.775 0.000185719
8.78 0.000185507
8.785 0.000185296
8.79 0.000185085
8.795 0.000184874
8.8 0.000184664
8.805 0.000184454
8.81 0.000184244
8.815 0.000184035
8.82 0.000183826
8.825 0.000183618
8.83 0.000183409
8.835 0.000183201
8.84 0.000182994
8.845 0.000182787
8.85 0.00018258
8.855 0.000182374
8.86 0.000182168
8.865 0.000181962
8.87 0.000181756
8.875 0.000181551
8.88 0.000181347
8.885 0.000181142
8.89 0.000180938
8.895 0.000180735
8.9 0.000180531
8.905 0.000180328
8.91 0.000180126
8.915 0.000179923
8.92 0.000179722
8.925 0.00017952
8.93 0.000179319
8.935 0.000179118
8.94 0.000178917
8.945 0.000178717
8.95 0.000178517
8.955 0.000178317
8.96 0.000178118
8.965 0.000177919
8.97 0.000177721
8.975 0.000177522
8.98 0.000177324
8.985 0.000177127
8.99 0.00017693
8.995 0.000176733
9 0.000176536
9.005 0.00017634
9.01 0.000176144
9.015 0.000175948
9.02 0.000175753
9.025 0.000175558
9.03 0.000175363
9.035 0.000175169
9.04 0.000174975
9.045 0.000174781
9.05 0.000174588
9.055 0.000174395
9.06 0.000174202
9.065 0.00017401
9.07 0.000173818
9.075 0.000173626
9.08 0.000173435
9.085 0.000173243
9.09 0.000173053
9.095 0.000172862
9.1 0.000172672
9.105 0.000172482
9.11 0.000172293
9.115 0.000172103
9.12 0.000171914
9.125 0.000171726
9.13 0.000171537
9.135 0.000171349
9.14 0.000171162
9.145 0.000170974
9.15 0.000170787
9.155 0.000170601
9.16 0.000170414
9.165 0.000170228
9.17 0.000170042
9.175 0.000169857
9.18 0.000169671
9.185 0.000169486
9.19 0.000169302
9.195 0.000169117
9.2 0.000168933
9.205 0.00016875
9.21 0.000168566
9.215 0.000168383
9.22 0.0001682
9.225 0.000168018
9.23 0.000167835
9.235 0.000167653
9.24 0.000167472
9.245 0.00016729
9.25 0.000167109
9.255 0.000166929
9.26 0.000166748
9.265 0.000166568
9.27 0.000166388
9.275 0.000166208
9.28 0.000166029
9.285 0.00016585
9.29 0.000165671
9.295 0.000165493
9.3 0.000165315
9.305 0.000165137
9.31 0.000164959
9.315 0.000164782
9.32 0.000164605
9.325 0.000164428
9.33 0.000164252
9.335 0.000164076
9.34 0.0001639
9.345 0.000163724
9.35 0.000163549
9.355 0.000163374
9.36 0.000163199
9.365 0.000163025
9.37 0.000162851
9.375 0.000162677
9.38 0.000162503
9.385 0.00016233
9.39 0.000162157
9.395 0.000161984
9.4 0.000161811
9.405 0.000161639
9.41 0.000161467
9.415 0.000161295
9.42 0.000161124
9.425 0.000160953
9.43 0.000160782
9.435 0.000160611
9.44 0.000160441
9.445 0.000160271
9.45 0.000160101
9.455 0.000159932
9.46 0.000159762
9.465 0.000159593
9.47 0.000159425
9.475 0.000159256
9.48 0.000159088
9.485 0.00015892
9.49 0.000158753
9.495 0.000158585
9.5 0.000158418
9.505 0.000158251
9.51 0.000158085
9.515 0.000157918
9.52 0.000157752
9.525 0.000157586
9.53 0.000157421
9.535 0.000157256
9.54 0.000157091
9.545 0.000156926
9.55 0.000156761
9.555 0.000156597
9.56 0.000156433
9.565 0.000156269
9.57 0.000156106
9.575 0.000155943
9.58 0.00015578
9.585 0.000155617
9.59 0.000155455
9.595 0.000155292
9.6 0.00015513
9.605 0.000154969
9.61 0.000154807
9.615 0.000154646
9.62 0.000154485
9.625 0.000154324
9.63 0.000154164
9.635 0.000154004
9.64 0.000153844
9.645 0.000153684
9.65 0.000153525
9.655 0.000153366
9.66 0.000153207
9.665 0.000153048
9.67 0.00015289
9.675 0.000152731
9.68 0.000152573
9.685 0.000152416
9.69 0.000152258
9.695 0.000152101
9.7 0.000151944
9.705 0.000151787
9.71 0.000151631
9.715 0.000151475
9.72 0.000151319
9.725 0.000151163
9.73 0.000151007
9.735 0.000150852
9.74 0.000150697
9.745 0.000150542
9.75 0.000150388
9.755 0.000150233
9.76 0.000150079
9.765 0.000149925
9.77 0.000149772
9.775 0.000149618
9.78 0.000149465
9.785 0.000149312
9.79 0.00014916
9.795 0.000149007
9.8 0.000148855
9.805 0.000148703
9.81 0.000148551
9.815 0.0001484
9.82 0.000148248
9.825 0.000148097
9.83 0.000147946
9.835 0.000147796
9.84 0.000147645
9.845 0.000147495
9.85 0.000147345
9.855 0.000147196
9.86 0.000147046
9.865 0.000146897
9.87 0.000146748
9.875 0.000146599
9.88 0.000146451
9.885 0.000146302
9.89 0.000146154
9.895 0.000146007
9.9 0.000145859
9.905 0.000145711
9.91 0.000145564
9.915 0.000145417
9.92 0.000145271
9.925 0.000145124
9.93 0.000144978
9.935 0.000144832
9.94 0.000144686
9.945 0.00014454
9.95 0.000144395
9.955 0.00014425
9.96 0.000144105
9.965 0.00014396
9.97 0.000143815
9.975 0.000143671
9.98 0.000143527
9.985 0.000143383
9.99 0.000143239
9.995 0.000143096
