0 -nan
0.005 0.905027
0.01 0.394927
0.015 0.0122913
0.02 0.11549
0.025 0.533948
0.03 0.0659939
0.035 0.0511111
0.04 0.795158
0.045 0.043005
0.05 0.264883
0.055 0.272893
0.06 0.119869
0.065 0.422995
0.07 0.154797
0.075 0.539374
0.08 0.546455
0.085 0.430355
0.09 0.171168
0.095 0.0274536
0.1 0.310749
0.105 0.161545
0.11 0.152023
0.115 0.17771
0.12 0.168954
0.125 0.115673
0.13 0.195087
0.135 0.135823
0.14 0.12701
0.145 0.160162
0.15 0.181219
0.155 0.139697
0.16 0.101811
0.165 0.15724
0.17 0.224874
0.175 0.188778
0.18 0.0957405
0.185 0.0776434
0.19 0.165513
0.195 0.263247
0.2 0.270379
0.205 0.182519
0.21 0.0795214
0.215 0.0453146
0.22 0.104267
0.225 0.215478
0.23 0.31078
0.235 0.339294
0.24 0.291137
0.245 0.194323
0.25 0.0947232
0.255 0.0333964
0.26 0.0315922
0.265 0.086933
0.27 0.178759
0.275 0.278061
0.28 0.357487
0.285 0.398436
0.29 0.394114
0.295 0.348947
0.3 0.27553
0.305 0.190508
0.31 0.110603
0.315 0.0495298
0.32 0.0161738
0.325 0.0139978
0.33 0.041462
0.335 0.0931108
0.34 0.160988
0.345 0.236084
0.35 0.309614
0.355 0.373986
0.36 0.423445
0.365 0.454358
0.37 0.46524
0.375 0.45654
0.38 0.430305
0.385 0.389748
0.39 0.338816
0.395 0.281772
0.4 0.222837
0.405 0.165904
0.41 0.114325
0.415 0.070781
0.42 0.0372178
0.425 0.014838
0.43 0.00414138
0.435 0.00499859
0.44 0.0167456
0.445 0.0382906
0.45 0.0682241
0.455 0.104925
0.46 0.14666
0.465 0.191668
0.47 0.238237
0.475 0.28476
0.48 0.32978
0.485 0.372025
0.49 0.410425
0.495 0.444122
0.5 0.472472
0.505 0.495033
0.51 0.51156
0.515 0.521981
0.52 0.526384
0.525 0.524989
0.53 0.518134
0.535 0.506246
0.54 0.489824
0.545 0.46942
0.55 0.445617
0.555 0.419017
0.56 0.390224
0.565 0.35983
0.57 0.328411
0.575 0.296511
0.58 0.264639
0.585 0.233264
0.59 0.20281
0.595 0.173653
0.6 0.146125
0.605 0.120506
0.61 0.0970308
0.615 0.0758889
0.62 0.057225
0.625 0.041143
0.63 0.0277082
0.635 0.0169507
0.64 0.00886809
0.645 0.003429
0.65 0.000576329
0.655 0.000230366
0.66 0.00229195
0.665 0.00664547
0.67 0.0131617
0.675 0.0217003
0.68 0.0321128
0.685 0.0442443
0.69 0.0579359
0.695 0.0730265
0.7 0.0893546
0.705 0.10676
0.71 0.125084
0.715 0.144172
0.72 0.163875
0.725 0.184048
0.73 0.204551
0.735 0.225255
0.74 0.246032
0.745 0.266766
0.75 0.287348
0.755 0.307674
0.76 0.327652
0.765 0.347193
0.77 0.36622
0.775 0.384662
0.78 0.402454
0.785 0.41954
0.79 0.435872
0.795 0.451405
0.8 0.466104
0.805 0.479939
0.81 0.492885
0.815 0.504922
0.82 0.516038
0.825 0.526224
0.83 0.535474
0.835 0.543789
0.84 0.551172
0.845 0.557629
0.85 0.563172
0.855 0.567814
0.86 0.57157
0.865 0.574459
0.87 0.5765
0.875 0.577717
0.88 0.578134
0.885 0.577774
0.89 0.576666
0.895 0.574837
0.9 0.572315
0.905 0.56913
0.91 0.56531
0.915 0.560886
0.92 0.555888
0.925 0.550347
0.93 0.544293
0.935 0.537755
0.94 0.530765
0.945 0.523351
0.95 0.515543
0.955 0.50737
0.96 0.49886
0.965 0.490041
0.97 0.48094
0.975 0.471583
0.98 0.461997
0.985 0.452207
0.99 0.442236
0.995 0.432109
1 0.421848
1.005 0.411476
1.01 0.401013
1.015 0.390479
1.02 0.379895
1.025 0.36928
1.03 0.35865
1.035 0.348023
1.04 0.337416
1.045 0.326845
1.05 0.316323
1.055 0.305865
1.06 0.295484
1.065 0.285192
1.07 0.275002
1.075 0.264925
1.08 0.254971
1.085 0.245149
1.09 0.235469
1.095 0.225939
1.1 0.216568
1.105 0.207362
1.11 0.198328
1.115 0.189472
1.12 0.1808
1.125 0.172317
1.13 0.164027
1.135 0.155935
1.14 0.148045
1.145 0.140359
1.15 0.132881
1.155 0.125612
1.16 0.118555
1.165 0.111712
1.17 0.105084
1.175 0.098672
1.18 0.0924765
1.185 0.086498
1.19 0.0807366
1.195 0.0751923
1.2 0.0698646
1.205 0.0647529
1.21 0.0598563
1.215 0.0551737
1.22 0.0507038
1.225 0.0464453
1.23 0.0423964
1.235 0.0385554
1.24 0.0349202
1.245 0.0314889
1.25 0.0282592
1.255 0.0252287
1.26 0.022395
1.265 0.0197554
1.27 0.0173075
1.275 0.0150483
1.28 0.0129752
1.285 0.0110851
1.29 0.0093752
1.295 0.0078424
1.3 0.00648365
1.305 0.00529584
1.31 0.00427584
1.315 0.00342044
1.32 0.00272646
1.325 0.00219064
1.33 0.00180976
1.335 0.00158054
1.34 0.00149971
1.345 0.001564
1.35 0.00177013
1.355 0.00211482
1.36 0.00259482
1.365 0.00320685
1.37 0.00394769
1.375 0.00481408
1.38 0.00580283
1.385 0.00691073
1.39 0.00813462
1.395 0.00947135
1.4 0.0109178
1.405 0.0124709
1.41 0.0141275
1.415 0.0158847
1.42 0.0177394
1.425 0.0196888
1.43 0.0217297
1.435 0.0238595
1.44 0.0260751
1.445 0.0283739
1.45 0.0307529
1.455 0.0332096
1.46 0.0357412
1.465 0.038345
1.47 0.0410185
1.475 0.043759
1.48 0.0465641
1.485 0.0494313
1.49 0.0523581
1.495 0.0553421
1.5 0.058381
1.505 0.0614725
1.51 0.0646143
1.515 0.0678041
1.52 0.0710399
1.525 0.0743195
1.53 0.0776407
1.535 0.0810016
1.54 0.0844001
1.545 0.0878342
1.55 0.0913021
1.555 0.0948018
1.56 0.0983316
1.565 0.10189
1.57 0.105474
1.575 0.109083
1.58 0.112715
1.585 0.116369
1.59 0.120042
1.595 0.123734
1.6 0.127442
1.605 0.131166
1.61 0.134903
1.615 0.138653
1.62 0.142414
1.625 0.146184
1.63 0.149963
1.635 0.153749
1.64 0.157541
1.645 0.161337
1.65 0.165137
1.655 0.168939
1.66 0.172742
1.665 0.176546
1.67 0.180348
1.675 0.184149
1.68 0.187946
1.685 0.19174
1.69 0.195529
1.695 0.199312
1.7 0.203089
1.705 0.206858
1.71 0.210619
1.715 0.214371
1.72 0.218113
1.725 0.221844
1.73 0.225564
1.735 0.229272
1.74 0.232967
1.745 0.236649
1.75 0.240318
1.755 0.243971
1.76 0.24761
1.765 0.251232
1.77 0.254839
1.775 0.258428
1.78 0.262
1.785 0.265555
1.79 0.269091
1.795 0.272609
1.8 0.276107
1.805 0.279586
1.81 0.283045
1.815 0.286484
1.82 0.289902
1.825 0.293299
1.83 0.296674
1.835 0.300028
1.84 0.30336
1.845 0.30667
1.85 0.309957
1.855 0.313221
1.86 0.316462
1.865 0.31968
1.87 0.322875
1.875 0.326045
1.88 0.329192
1.885 0.332315
1.89 0.335413
1.895 0.338487
1.9 0.341537
1.905 0.344561
1.91 0.347561
1.915 0.350536
1.92 0.353486
1.925 0.35641
1.93 0.359309
1.935 0.362183
1.94 0.365031
1.945 0.367854
1.95 0.370652
1.955 0.373423
1.96 0.376169
1.965 0.378889
1.97 0.381584
1.975 0.384252
1.98 0.386895
1.985 0.389512
1.99 0.392104
1.995 0.394669
2 0.397209
2.005 0.399723
2.01 0.402211
2.015 0.404674
2.02 0.407111
2.025 0.409522
2.03 0.411907
2.035 0.414267
2.04 0.416602
2.045 0.418911
2.05 0.421194
2.055 0.423453
2.06 0.425686
2.065 0.427894
2.07 0.430076
2.075 0.432234
2.08 0.434367
2.085 0.436475
2.09 0.438558
2.095 0.440616
2.1 0.44265
2.105 0.444659
2.11 0.446644
2.115 0.448605
2.12 0.450541
2.125 0.452454
2.13 0.454342
2.135 0.456207
2.14 0.458048
2.145 0.459865
2.15 0.461659
2.155 0.463429
2.16 0.465176
2.165 0.4669
2.17 0.468601
2.175 0.47028
2.18 0.471935
2.185 0.473568
2.19 0.475178
2.195 0.476766
2.2 0.478332
2.205 0.479876
2.21 0.481398
2.215 0.482898
2.22 0.484376
2.225 0.485833
2.23 0.487268
2.235 0.488682
2.24 0.490075
2.245 0.491448
2.25 0.492799
2.255 0.49413
2.26 0.49544
2.265 0.496729
2.27 0.497999
2.275 0.499248
2.28 0.500478
2.285 0.501687
2.29 0.502877
2.295 0.504048
2.3 0.505199
2.305 0.506331
2.31 0.507444
2.315 0.508538
2.32 0.509613
2.325 0.510669
2.33 0.511707
2.335 0.512727
2.34 0.513728
2.345 0.514712
2.35 0.515677
2.355 0.516625
2.36 0.517555
2.365 0.518467
2.37 0.519363
2.375 0.520241
2.38 0.521102
2.385 0.521946
2.39 0.522773
2.395 0.523584
2.4 0.524378
2.405 0.525156
2.41 0.525918
2.415 0.526663
2.42 0.527393
2.425 0.528107
2.43 0.528805
2.435 0.529488
2.44 0.530155
2.445 0.530808
2.45 0.531445
2.455 0.532067
2.46 0.532674
2.465 0.533267
2.47 0.533845
2.475 0.534409
2.48 0.534958
2.485 0.535493
2.49 0.536015
2.495 0.536522
2.5 0.537015
2.505 0.537495
2.51 0.537962
2.515 0.538415
2.52 0.538854
2.525 0.539281
2.53 0.539695
2.535 0.540096
2.54 0.540484
2.545 0.540859
2.55 0.541222
2.555 0.541572
2.56 0.54191
2.565 0.542237
2.57 0.542551
2.575 0.542853
2.58 0.543143
2.585 0.543422
2.59 0.543689
2.595 0.543945
2.6 0.544189
2.605 0.544422
2.61 0.544644
2.615 0.544855
2.62 0.545055
2.625 0.545245
2.63 0.545424
2.635 0.545592
2.64 0.54575
2.645 0.545897
2.65 0.546034
2.655 0.546161
2.66 0.546279
2.665 0.546386
2.67 0.546483
2.675 0.546571
2.68 0.546649
2.685 0.546718
2.69 0.546777
2.695 0.546827
2.7 0.546868
2.705 0.546899
2.71 0.546922
2.715 0.546936
2.72 0.54694
2.725 0.546937
2.73 0.546924
2.735 0.546903
2.74 0.546874
2.745 0.546836
2.75 0.54679
2.755 0.546736
2.76 0.546674
2.765 0.546604
2.77 0.546526
2.775 0.54644
2.78 0.546346
2.785 0.546245
2.79 0.546137
2.795 0.54602
2.8 0.545897
2.805 0.545766
2.81 0.545628
2.815 0.545483
2.82 0.545331
2.825 0.545171
2.83 0.545005
2.835 0.544832
2.84 0.544653
2.845 0.544467
2.85 0.544274
2.855 0.544075
2.86 0.543869
2.865 0.543657
2.87 0.543438
2.875 0.543214
2.88 0.542983
2.885 0.542747
2.89 0.542504
2.895 0.542255
2.9 0.542001
2.905 0.541741
2.91 0.541475
2.915 0.541203
2.92 0.540926
2.925 0.540644
2.93 0.540356
2.935 0.540063
2.94 0.539764
2.945 0.53946
2.95 0.539151
2.955 0.538837
2.96 0.538518
2.965 0.538194
2.97 0.537865
2.975 0.537531
2.98 0.537192
2.985 0.536849
2.99 0.536501
2.995 0.536148
3 0.535791
3.005 0.535429
3.01 0.535063
3.015 0.534692
3.02 0.534318
3.025 0.533939
3.03 0.533555
3.035 0.533168
3.04 0.532776
3.045 0.532381
3.05 0.531981
3.055 0.531577
3.06 0.53117
3.065 0.530759
3.07 0.530344
3.075 0.529925
3.08 0.529503
3.085 0.529076
3.09 0.528647
3.095 0.528214
3.1 0.527777
3.105 0.527337
3.11 0.526893
3.115 0.526446
3.12 0.525996
3.125 0.525543
3.13 0.525086
3.135 0.524626
3.14 0.524164
3.145 0.523698
3.15 0.523229
3.155 0.522757
3.16 0.522282
3.165 0.521804
3.17 0.521323
3.175 0.52084
3.18 0.520354
3.185 0.519865
3.19 0.519373
3.195 0.518879
3.2 0.518382
3.205 0.517883
3.21 0.517381
3.215 0.516876
3.22 0.516369
3.225 0.51586
3.23 0.515348
3.235 0.514834
3.24 0.514318
3.245 0.513799
3.25 0.513278
3.255 0.512755
3.26 0.51223
3.265 0.511702
3.27 0.511173
3.275 0.510641
3.28 0.510108
3.285 0.509572
3.29 0.509035
3.295 0.508495
3.3 0.507954
3.305 0.507411
3.31 0.506866
3.315 0.506319
3.32 0.50577
3.325 0.50522
3.33 0.504668
3.335 0.504115
3.34 0.503559
3.345 0.503002
3.35 0.502444
3.355 0.501884
3.36 0.501322
3.365 0.500759
3.37 0.500194
3.375 0.499628
3.38 0.499061
3.385 0.498492
3.39 0.497922
3.395 0.49735
3.4 0.496778
3.405 0.496204
3.41 0.495628
3.415 0.495052
3.42 0.494474
3.425 0.493895
3.43 0.493315
3.435 0.492733
3.44 0.492151
3.445 0.491568
3.45 0.490983
3.455 0.490397
3.46 0.489811
3.465 0.489223
3.47 0.488635
3.475 0.488045
3.48 0.487455
3.485 0.486864
3.49 0.486271
3.495 0.485678
3.5 0.485085
3.505 0.48449
3.51 0.483894
3.515 0.483298
3.52 0.482701
3.525 0.482103
3.53 0.481505
3.535 0.480906
3.54 0.480306
3.545 0.479705
3.55 0.479104
3.555 0.478503
3.56 0.4779
3.565 0.477297
3.57 0.476694
3.575 0.47609
3.58 0.475485
3.585 0.47488
3.59 0.474275
3.595 0.473669
3.6 0.473062
3.605 0.472455
3.61 0.471848
3.615 0.47124
3.62 0.470632
3.625 0.470024
3.63 0.469415
3.635 0.468806
3.64 0.468196
3.645 0.467586
3.65 0.466976
3.655 0.466366
3.66 0.465755
3.665 0.465144
3.67 0.464533
3.675 0.463922
3.68 0.46331
3.685 0.462698
3.69 0.462086
3.695 0.461474
3.7 0.460862
3.705 0.460249
3.71 0.459637
3.715 0.459024
3.72 0.458411
3.725 0.457799
3.73 0.457186
3.735 0.456573
3.74 0.45596
3.745 0.455347
3.75 0.454734
3.755 0.45412
3.76 0.453507
3.765 0.452894
3.77 0.452281
3.775 0.451668
3.78 0.451055
3.785 0.450442
3.79 0.449829
3.795 0.449217
3.8 0.448604
3.805 0.447991
3.81 0.447379
3.815 0.446766
3.82 0.446154
3.825 0.445542
3.83 0.44493
3.835 0.444318
3.84 0.443707
3.845 0.443095
3.85 0.442484
3.855 0.441873
3.86 0.441262
3.865 0.440652
3.87 0.440041
3.875 0.439431
3.88 0.438821
3.885 0.438212
3.89 0.437602
3.895 0.436993
3.9 0.436384
3.905 0.435776
3.91 0.435168
3.915 0.43456
3.92 0.433952
3.925 0.433345
3.93 0.432738
3.935 0.432131
3.94 0.431525
3.945 0.430919
3.95 0.430313
3.955 0.429708
3.96 0.429103
3.965 0.428499
3.97 0.427895
3.975 0.427291
3.98 0.426688
3.985 0.426085
3.99 0.425483
3.995 0.424881
4 0.424279
4.005 0.423678
4.01 0.423077
4.015 0.422477
4.02 0.421877
4.025 0.421278
4.03 0.420679
4.035 0.42008
4.04 0.419482
4.045 0.418885
4.05 0.418288
4.055 0.417692
4.06 0.417096
4.065 0.4165
4.07 0.415905
4.075 0.415311
4.08 0.414717
4.085 0.414123
4.09 0.413531
4.095 0.412938
4.1 0.412347
4.105 0.411755
4.11 0.411165
4.115 0.410575
4.12 0.409985
4.125 0.409396
4.13 0.408808
4.135 0.40822
4.14 0.407633
4.145 0.407046
4.15 0.40646
4.155 0.405874
4.16 0.405289
4.165 0.404705
4.17 0.404121
4.175 0.403538
4.18 0.402956
4.185 0.402374
4.19 0.401793
4.195 0.401212
4.2 0.400632
4.205 0.400053
4.21 0.399474
4.215 0.398896
4.22 0.398319
4.225 0.397742
4.23 0.397166
4.235 0.39659
4.24 0.396016
4.245 0.395441
4.25 0.394868
4.255 0.394295
4.26 0.393723
4.265 0.393151
4.27 0.392581
4.275 0.392011
4.28 0.391441
4.285 0.390872
4.29 0.390304
4.295 0.389737
4.3 0.38917
4.305 0.388604
4.31 0.388039
4.315 0.387474
4.32 0.38691
4.325 0.386347
4.33 0.385785
4.335 0.385223
4.34 0.384662
4.345 0.384101
4.35 0.383542
4.355 0.382983
4.36 0.382425
4.365 0.381867
4.37 0.381311
4.375 0.380755
4.38 0.380199
4.385 0.379645
4.39 0.379091
4.395 0.378538
4.4 0.377985
4.405 0.377434
4.41 0.376883
4.415 0.376333
4.42 0.375783
4.425 0.375235
4.43 0.374687
4.435 0.37414
4.44 0.373593
4.445 0.373048
4.45 0.372503
4.455 0.371959
4.46 0.371415
4.465 0.370873
4.47 0.370331
4.475 0.36979
4.48 0.369249
4.485 0.36871
4.49 0.368171
4.495 0.367633
4.5 0.367096
4.505 0.366559
4.51 0.366023
4.515 0.365488
4.52 0.364954
4.525 0.364421
4.53 0.363888
4.535 0.363356
4.54 0.362825
4.545 0.362295
4.55 0.361765
4.555 0.361237
4.56 0.360709
4.565 0.360181
4.57 0.359655
4.575 0.359129
4.58 0.358604
4.585 0.35808
4.59 0.357557
4.595 0.357035
4.6 0.356513
4.605 0.355992
4.61 0.355472
4.615 0.354952
4.62 0.354434
4.625 0.353916
4.63 0.353399
4.635 0.352883
4.64 0.352367
4.645 0.351853
4.65 0.351339
4.655 0.350826
4.66 0.350313
4.665 0.349802
4.67 0.349291
4.675 0.348781
4.68 0.348272
4.685 0.347764
4.69 0.347256
4.695 0.34675
4.7 0.346244
4.705 0.345739
4.71 0.345234
4.715 0.344731
4.72 0.344228
4.725 0.343726
4.73 0.343225
4.735 0.342725
4.74 0.342225
4.745 0.341726
4.75 0.341228
4.755 0.340731
4.76 0.340235
4.765 0.339739
4.77 0.339244
4.775 0.33875
4.78 0.338257
4.785 0.337764
4.79 0.337273
4.795 0.336782
4.8 0.336292
4.805 0.335803
4.81 0.335314
4.815 0.334827
4.82 0.33434
4.825 0.333854
4.83 0.333368
4.835 0.332884
4.84 0.3324
4.845 0.331917
4.85 0.331435
4.855 0.330954
4.86 0.330473
4.865 0.329993
4.87 0.329514
4.875 0.329036
4.88 0.328559
4.885 0.328082
4.89 0.327606
4.895 0.327131
4.9 0.326657
4.905 0.326184
4.91 0.325711
4.915 0.325239
4.92 0.324768
4.925 0.324298
4.93 0.323828
4.935 0.32336
4.94 0.322892
4.945 0.322425
4.95 0.321958
4.955 0.321493
4.96 0.321028
4.965 0.320564
4.97 0.320101
4.975 0.319638
4.98 0.319177
4.985 0.318716
4.99 0.318256
4.995 0.317796
5 0.317338
5.005 0.31688
5.01 0.316423
5.015 0.315967
5.02 0.315511
5.025 0.315056
5.03 0.314603
5.035 0.314149
5.04 0.313697
5.045 0.313246
5.05 0.312795
5.055 0.312345
5.06 0.311895
5.065 0.311447
5.07 0.310999
5.075 0.310552
5.08 0.310106
5.085 0.309661
5.09 0.309216
5.095 0.308772
5.1 0.308329
5.105 0.307887
5.11 0.307445
5.115 0.307004
5.12 0.306564
5.125 0.306125
5.13 0.305686
5.135 0.305248
5.14 0.304811
5.145 0.304375
5.15 0.303939
5.155 0.303505
5.16 0.303071
5.165 0.302637
5.17 0.302205
5.175 0.301773
5.18 0.301342
5.185 0.300912
5.19 0.300482
5.195 0.300053
5.2 0.299625
5.205 0.299198
5.21 0.298772
5.215 0.298346
5.22 0.297921
5.225 0.297497
5.23 0.297073
5.235 0.29665
5.24 0.296228
5.245 0.295807
5.25 0.295386
5.255 0.294966
5.26 0.294547
5.265 0.294129
5.27 0.293711
5.275 0.293294
5.28 0.292878
5.285 0.292463
5.29 0.292048
5.295 0.291634
5.3 0.291221
5.305 0.290808
5.31 0.290396
5.315 0.289985
5.32 0.289575
5.325 0.289165
5.33 0.288756
5.335 0.288348
5.34 0.287941
5.345 0.287534
5.35 0.287128
5.355 0.286723
5.36 0.286318
5.365 0.285914
5.37 0.285511
5.375 0.285109
5.38 0.284707
5.385 0.284306
5.39 0.283905
5.395 0.283506
5.4 0.283107
5.405 0.282709
5.41 0.282311
5.415 0.281915
5.42 0.281518
5.425 0.281123
5.43 0.280728
5.435 0.280334
5.44 0.279941
5.445 0.279549
5.45 0.279157
5.455 0.278766
5.46 0.278375
5.465 0.277985
5.47 0.277596
5.475 0.277208
5.48 0.27682
5.485 0.276433
5.49 0.276047
5.495 0.275661
5.5 0.275276
5.505 0.274892
5.51 0.274508
5.515 0.274126
5.52 0.273743
5.525 0.273362
5.53 0.272981
5.535 0.272601
5.54 0.272221
5.545 0.271843
5.55 0.271464
5.555 0.271087
5.56 0.27071
5.565 0.270334
5.57 0.269959
5.575 0.269584
5.58 0.26921
5.585 0.268836
5.59 0.268464
5.595 0.268092
5.6 0.26772
5.605 0.267349
5.61 0.266979
5.615 0.26661
5.62 0.266241
5.625 0.265873
5.63 0.265505
5.635 0.265139
5.64 0.264773
5.645 0.264407
5.65 0.264042
5.655 0.263678
5.66 0.263314
5.665 0.262952
5.67 0.262589
5.675 0.262228
5.68 0.261867
5.685 0.261507
5.69 0.261147
5.695 0.260788
5.7 0.26043
5.705 0.260072
5.71 0.259715
5.715 0.259358
5.72 0.259003
5.725 0.258648
5.73 0.258293
5.735 0.257939
5.74 0.257586
5.745 0.257233
5.75 0.256881
5.755 0.25653
5.76 0.256179
5.765 0.255829
5.77 0.25548
5.775 0.255131
5.78 0.254783
5.785 0.254435
5.79 0.254088
5.795 0.253742
5.8 0.253396
5.805 0.253051
5.81 0.252706
5.815 0.252363
5.82 0.252019
5.825 0.251677
5.83 0.251335
5.835 0.250993
5.84 0.250652
5.845 0.250312
5.85 0.249973
5.855 0.249634
5.86 0.249295
5.865 0.248958
5.87 0.248621
5.875 0.248284
5.88 0.247948
5.885 0.247613
5.89 0.247278
5.895 0.246944
5.9 0.24661
5.905 0.246277
5.91 0.245945
5.915 0.245613
5.92 0.245282
5.925 0.244952
5.93 0.244622
5.935 0.244292
5.94 0.243963
5.945 0.243635
5.95 0.243308
5.955 0.242981
5.96 0.242654
5.965 0.242328
5.97 0.242003
5.975 0.241678
5.98 0.241354
5.985 0.241031
5.99 0.240708
5.995 0.240385
6 0.240064
6.005 0.239742
6.01 0.239422
6.015 0.239102
6.02 0.238782
6.025 0.238463
6.03 0.238145
6.035 0.237827
6.04 0.23751
6.045 0.237193
6.05 0.236877
6.055 0.236562
6.06 0.236247
6.065 0.235932
6.07 0.235618
6.075 0.235305
6.08 0.234993
6.085 0.23468
6.09 0.234369
6.095 0.234058
6.1 0.233747
6.105 0.233437
6.11 0.233128
6.115 0.232819
6.12 0.232511
6.125 0.232203
6.13 0.231896
6.135 0.231589
6.14 0.231283
6.145 0.230978
6.15 0.230673
6.155 0.230368
6.16 0.230064
6.165 0.229761
6.17 0.229458
6.175 0.229156
6.18 0.228854
6.185 0.228553
6.19 0.228252
6.195 0.227952
6.2 0.227652
6.205 0.227353
6.21 0.227055
6.215 0.226757
6.22 0.226459
6.225 0.226162
6.23 0.225866
6.235 0.22557
6.24 0.225275
6.245 0.22498
6.25 0.224685
6.255 0.224392
6.26 0.224098
6.265 0.223806
6.27 0.223513
6.275 0.223222
6.28 0.22293
6.285 0.22264
6.29 0.22235
6.295 0.22206
6.3 0.221771
6.305 0.221482
6.31 0.221194
6.315 0.220906
6.32 0.220619
6.325 0.220333
6.33 0.220047
6.335 0.219761
6.34 0.219476
6.345 0.219191
6.35 0.218907
6.355 0.218624
6.36 0.218341
6.365 0.218058
6.37 0.217776
6.375 0.217495
6.38 0.217213
6.385 0.216933
6.39 0.216653
6.395 0.216373
6.4 0.216094
6.405 0.215816
6.41 0.215537
6.415 0.21526
6.42 0.214983
6.425 0.214706
6.43 0.21443
6.435 0.214154
6.44 0.213879
6.445 0.213604
6.45 0.21333
6.455 0.213056
6.46 0.212783
6.465 0.21251
6.47 0.212238
6.475 0.211966
6.48 0.211695
6.485 0.211424
6.49 0.211154
6.495 0.210884
6.5 0.210614
6.505 0.210345
6.51 0.210077
6.515 0.209809
6.52 0.209541
6.525 0.209274
6.53 0.209008
6.535 0.208742
6.54 0.208476
6.545 0.208211
6.55 0.207946
6.555 0.207682
6.56 0.207418
6.565 0.207155
6.57 0.206892
6.575 0.206629
6.58 0.206367
6.585 0.206106
6.59 0.205845
6.595 0.205584
6.6 0.205324
6.605 0.205064
6.61 0.204805
6.615 0.204546
6.62 0.204288
6.625 0.20403
6.63 0.203773
6.635 0.203516
6.64 0.203259
6.645 0.203003
6.65 0.202747
6.655 0.202492
6.66 0.202237
6.665 0.201983
6.67 0.201729
6.675 0.201476
6.68 0.201223
6.685 0.20097
6.69 0.200718
6.695 0.200466
6.7 0.200215
6.705 0.199964
6.71 0.199714
6.715 0.199464
6.72 0.199215
6.725 0.198966
6.73 0.198717
6.735 0.198469
6.74 0.198221
6.745 0.197974
6.75 0.197727
6.755 0.19748
6.76 0.197234
6.765 0.196989
6.77 0.196743
6.775 0.196499
6.78 0.196254
6.785 0.19601
6.79 0.195767
6.795 0.195524
6.8 0.195281
6.805 0.195039
6.81 0.194797
6.815 0.194555
6.82 0.194314
6.825 0.194074
6.83 0.193834
6.835 0.193594
6.84 0.193355
6.845 0.193116
6.85 0.192877
6.855 0.192639
6.86 0.192401
6.865 0.192164
6.87 0.191927
6.875 0.191691
6.88 0.191455
6.885 0.191219
6.89 0.190984
6.895 0.190749
6.9 0.190514
6.905 0.19028
6.91 0.190047
6.915 0.189813
6.92 0.189581
6.925 0.189348
6.93 0.189116
6.935 0.188884
6.94 0.188653
6.945 0.188422
6.95 0.188192
6.955 0.187962
6.96 0.187732
6.965 0.187503
6.97 0.187274
6.975 0.187045
6.98 0.186817
6.985 0.186589
6.99 0.186362
6.995 0.186135
7 0.185909
7.005 0.185682
7.01 0.185457
7.015 0.185231
7.02 0.185006
7.025 0.184782
7.03 0.184557
7.035 0.184333
7.04 0.18411
7.045 0.183887
7.05 0.183664
7.055 0.183442
7.06 0.18322
7.065 0.182998
7.07 0.182777
7.075 0.182556
7.08 0.182335
7.085 0.182115
7.09 0.181896
7.095 0.181676
7.1 0.181457
7.105 0.181239
7.11 0.18102
7.115 0.180803
7.12 0.180585
7.125 0.180368
7.13 0.180151
7.135 0.179935
7.14 0.179719
7.145 0.179503
7.15 0.179288
7.155 0.179073
7.16 0.178858
7.165 0.178644
7.17 0.17843
7.175 0.178216
7.18 0.178003
7.185 0.17779
7.19 0.177578
7.195 0.177366
7.2 0.177154
7.205 0.176943
7.21 0.176732
7.215 0.176521
7.22 0.176311
7.225 0.176101
7.23 0.175891
7.235 0.175682
7.24 0.175473
7.245 0.175265
7.25 0.175056
7.255 0.174849
7.26 0.174641
7.265 0.174434
7.27 0.174227
7.275 0.174021
7.28 0.173815
7.285 0.173609
7.29 0.173403
7.295 0.173198
7.3 0.172994
7.305 0.172789
7.31 0.172585
7.315 0.172381
7.32 0.172178
7.325 0.171975
7.33 0.171772
7.335 0.17157
7.34 0.171368
7.345 0.171166
7.35 0.170965
7.355 0.170764
7.36 0.170563
7.365 0.170363
7.37 0.170163
7.375 0.169963
7.38 0.169764
7.385 0.169565
7.39 0.169366
7.395 0.169168
7.4 0.16897
7.405 0.168772
7.41 0.168574
7.415 0.168377
7.42 0.168181
7.425 0.167984
7.43 0.167788
7.435 0.167592
7.44 0.167397
7.445 0.167202
7.45 0.167007
7.455 0.166813
7.46 0.166619
7.465 0.166425
7.47 0.166231
7.475 0.166038
7.48 0.165845
7.485 0.165653
7.49 0.16546
7.495 0.165268
7.5 0.165077
7.505 0.164886
7.51 0.164695
7.515 0.164504
7.52 0.164314
7.525 0.164124
7.53 0.163934
7.535 0.163744
7.54 0.163555
7.545 0.163367
7.55 0.163178
7.555 0.16299
7.56 0.162802
7.565 0.162614
7.57 0.162427
7.575 0.16224
7.58 0.162054
7.585 0.161867
7.59 0.161681
7.595 0.161496
7.6 0.16131
7.605 0.161125
7.61 0.16094
7.615 0.160756
7.62 0.160571
7.625 0.160388
7.63 0.160204
7.635 0.160021
7.64 0.159838
7.645 0.159655
7.65 0.159472
7.655 0.15929
7.66 0.159109
7.665 0.158927
7.67 0.158746
7.675 0.158565
7.68 0.158384
7.685 0.158204
7.69 0.158024
7.695 0.157844
7.7 0.157664
7.705 0.157485
7.71 0.157306
7.715 0.157128
7.72 0.156949
7.725 0.156771
7.73 0.156594
7.735 0.156416
7.74 0.156239
7.745 0.156062
7.75 0.155886
7.755 0.155709
7.76 0.155533
7.765 0.155357
7.77 0.155182
7.775 0.155007
7.78 0.154832
7.785 0.154657
7.79 0.154483
7.795 0.154309
7.8 0.154135
7.805 0.153962
7.81 0.153788
7.815 0.153615
7.82 0.153443
7.825 0.15327
7.83 0.153098
7.835 0.152926
7.84 0.152755
7.845 0.152584
7.85 0.152413
7.855 0.152242
7.86 0.152071
7.865 0.151901
7.87 0.151731
7.875 0.151562
7.88 0.151392
7.885 0.151223
7.89 0.151054
7.895 0.150886
7.9 0.150717
7.905 0.150549
7.91 0.150382
7.915 0.150214
7.92 0.150047
7.925 0.14988
7.93 0.149713
7.935 0.149547
7.94 0.149381
7.945 0.149215
7.95 0.149049
7.955 0.148884
7.96 0.148719
7.965 0.148554
7.97 0.148389
7.975 0.148225
7.98 0.148061
7.985 0.147897
7.99 0.147733
7.995 0.14757
8 0.147407
8.005 0.147244
8.01 0.147082
8.015 0.14692
8.02 0.146758
8.025 0.146596
8.03 0.146434
8.035 0.146273
8.04 0.146112
8.045 0.145951
8.05 0.145791
8.055 0.145631
8.06 0.145471
8.065 0.145311
8.07 0.145152
8.075 0.144992
8.08 0.144833
8.085 0.144675
8.09 0.144516
8.095 0.144358
8.1 0.1442
8.105 0.144042
8.11 0.143885
8.115 0.143728
8.12 0.143571
8.125 0.143414
8.13 0.143257
8.135 0.143101
8.14 0.142945
8.145 0.142789
8.15 0.142634
8.155 0.142479
8.16 0.142324
8.165 0.142169
8.17 0.142014
8.175 0.14186
8.18 0.141706
8.185 0.141552
8.19 0.141398
8.195 0.141245
8.2 0.141092
8.205 0.140939
8.21 0.140787
8.215 0.140634
8.22 0.140482
8.225 0.14033
8.23 0.140178
8.235 0.140027
8.24 0.139876
8.245 0.139725
8.25 0.139574
8.255 0.139424
8.26 0.139273
8.265 0.139123
8.27 0.138973
8.275 0.138824
8.28 0.138674
8.285 0.138525
8.29 0.138377
8.295 0.138228
8.3 0.138079
8.305 0.137931
8.31 0.137783
8.315 0.137636
8.32 0.137488
8.325 0.137341
8.33 0.137194
8.335 0.137047
8.34 0.1369
8.345 0.136754
8.35 0.136608
8.355 0.136462
8.36 0.136316
8.365 0.136171
8.37 0.136025
8.375 0.13588
8.38 0.135736
8.385 0.135591
8.39 0.135447
8.395 0.135302
8.4 0.135159
8.405 0.135015
8.41 0.134871
8.415 0.134728
8.42 0.134585
8.425 0.134442
8.43 0.1343
8.435 0.134157
8.44 0.134015
8.445 0.133873
8.45 0.133731
8.455 0.13359
8.46 0.133449
8.465 0.133307
8.47 0.133167
8.475 0.133026
8.48 0.132886
8.485 0.132745
8.49 0.132605
8.495 0.132465
8.5 0.132326
8.505 0.132186
8.51 0.132047
8.515 0.131908
8.52 0.13177
8.525 0.131631
8.53 0.131493
8.535 0.131355
8.54 0.131217
8.545 0.131079
8.55 0.130942
8.555 0.130804
8.56 0.130667
8.565 0.13053
8.57 0.130394
8.575 0.130257
8.58 0.130121
8.585 0.129985
8.59 0.129849
8.595 0.129713
8.6 0.129578
8.605 0.129443
8.61 0.129308
8.615 0.129173
8.62 0.129038
8.625 0.128904
8.63 0.12877
8.635 0.128636
8.64 0.128502
8.645 0.128368
8.65 0.128235
8.655 0.128102
8.66 0.127969
8.665 0.127836
8.67 0.127703
8.675 0.127571
8.68 0.127439
8.685 0.127307
8.69 0.127175
8.695 0.127043
8.7 0.126912
8.705 0.126781
8.71 0.12665
8.715 0.126519
8.72 0.126388
8.725 0.126258
8.73 0.126128
8.735 0.125998
8.74 0.125868
8.745 0.125738
8.75 0.125609
8.755 0.125479
8.76 0.12535
8.765 0.125221
8.77 0.125093
8.775 0.124964
8.78 0.124836
8.785 0.124708
8.79 0.12458
8.795 0.124452
8.8 0.124324
8.805 0.124197
8.81 0.12407
8.815 0.123943
8.82 0.123816
8.825 0.123689
8.83 0.123563
8.835 0.123437
8.84 0.123311
8.845 0.123185
8.85 0.123059
8.855 0.122934
8.86 0.122808
8.865 0.122683
8.87 0.122558
8.875 0.122434
8.88 0.122309
8.885 0.122185
8.89 0.12206
8.895 0.121936
8.9 0.121813
8.905 0.121689
8.91 0.121565
8.915 0.121442
8.92 0.121319
8.925 0.121196
8.93 0.121073
8.935 0.120951
8.94 0.120828
8.945 0.120706
8.95 0.120584
8.955 0.120462
8.96 0.120341
8.965 0.120219
8.97 0.120098
8.975 0.119977
8.98 0.119856
8.985 0.119735
8.99 0.119614
8.995 0.119494
9 0.119374
9.005 0.119254
9.01 0.119134
9.015 0.119014
9.02 0.118894
9.025 0.118775
9.03 0.118656
9.035 0.118537
9.04 0.118418
9.045 0.118299
9.05 0.118181
9.055 0.118062
9.06 0.117944
9.065 0.117826
9.07 0.117708
9.075 0.117591
9.08 0.117473
9.085 0.117356
9.09 0.117239
9.095 0.117122
9.1 0.117005
9.105 0.116888
9.11 0.116772
9.115 0.116656
9.12 0.116539
9.125 0.116423
9.13 0.116308
9.135 0.116192
9.14 0.116077
9.145 0.115961
9.15 0.115846
9.155 0.115731
9.16 0.115616
9.165 0.115502
9.17 0.115387
9.175 0.115273
9.18 0.115159
9.185 0.115045
9.19 0.114931
9.195 0.114817
9.2 0.114704
9.205 0.114591
9.21 0.114477
9.215 0.114364
9.22 0.114252
9.225 0.114139
9.23 0.114026
9.235 0.113914
9.24 0.113802
9.245 0.11369
9.25 0.113578
9.255 0.113466
9.26 0.113355
9.265 0.113243
9.27 0.113132
9.275 0.113021
9.28 0.11291
9.285 0.112799
9.29 0.112689
9.295 0.112578
9.3 0.112468
9.305 0.112358
9.31 0.112248
9.315 0.112138
9.32 0.112029
9.325 0.111919
9.33 0.11181
9.335 0.111701
9.34 0.111591
9.345 0.111483
9.35 0.111374
9.355 0.111265
9.36 0.111157
9.365 0.111049
9.37 0.110941
9.375 0.110833
9.38 0.110725
9.385 0.110617
9.39 0.11051
9.395 0.110402
9.4 0.110295
9.405 0.110188
9.41 0.110081
9.415 0.109974
9.42 0.109868
9.425 0.109761
9.43 0.109655
9.435 0.109549
9.44 0.109443
9.445 0.109337
9.45 0.109231
9.455 0.109126
9.46 0.109021
9.465 0.108915
9.47 0.10881
9.475 0.108705
9.48 0.1086
9.485 0.108496
9.49 0.108391
9.495 0.108287
9.5 0.108183
9.505 0.108079
9.51 0.107975
9.515 0.107871
9.52 0.107767
9.525 0.107664
9.53 0.10756
9.535 0.107457
9.54 0.107354
9.545 0.107251
9.55 0.107149
9.555 0.107046
9.56 0.106943
9.565 0.106841
9.57 0.106739
9.575 0.106637
9.58 0.106535
9.585 0.106433
9.59 0.106332
9.595 0.10623
9.6 0.106129
9.605 0.106028
9.61 0.105927
9.615 0.105826
9.62 0.105725
9.625 0.105624
9.63 0.105524
9.635 0.105423
9.64 0.105323
9.645 0.105223
9.65 0.105123
9.655 0.105023
9.66 0.104924
9.665 0.104824
9.67 0.104725
9.675 0.104625
9.68 0.104526
9.685 0.104427
9.69 0.104328
9.695 0.10423
9.7 0.104131
9.705 0.104033
9.71 0.103934
9.715 0.103836
9.72 0.103738
9.725 0.10364
9.73 0.103543
9.735 0.103445
9.74 0.103348
9.745 0.10325
9.75 0.103153
9.755 0.103056
9.76 0.102959
9.765 0.102862
9.77 0.102765
9.775 0.102669
9.78 0.102572
9.785 0.102476
9.79 0.10238
9.795 0.102284
9.8 0.102188
9.805 0.102092
9.81 0.101997
9.815 0.101901
9.82 0.101806
9.825 0.101711
9.83 0.101615
9.835 0.10152
9.84 0.101426
9.845 0.101331
9.85 0.101236
9.855 0.101142
9.86 0.101048
9.865 0.100953
9.87 0.100859
9.875 0.100765
9.88 0.100671
9.885 0.100578
9.89 0.100484
9.895 0.100391
9.9 0.100297
9.905 0.100204
9.91 0.100111
9.915 0.100018
9.92 0.0999254
9.925 0.0998328
9.93 0.0997402
9.935 0.0996478
9.94 0.0995555
9.945 0.0994633
9.95 0.0993712
9.955 0.0992793
9.96 0.0991875
9.965 0.0990958
9.97 0.0990043
9.975 0.0989128
9.98 0.0988215
9.985 0.0987303
9.99 0.0986393
9.995 0.0985483
