0 -nan
0.005 0.907303
0.01 0.392131
0.015 0.0129311
0.02 0.113198
0.025 0.537938
0.03 0.0662007
0.035 0.0497239
0.04 0.789177
0.045 0.042343
0.05 0.263757
0.055 0.275619
0.06 0.122355
0.065 0.425072
0.07 0.158491
0.075 0.547607
0.08 0.555109
0.085 0.438737
0.09 0.175594
0.095 0.0253225
0.1 0.315007
0.105 0.165851
0.11 0.150265
0.115 0.183066
0.12 0.167315
0.125 0.116883
0.13 0.198863
0.135 0.130435
0.14 0.130546
0.145 0.162572
0.15 0.17517
0.155 0.138703
0.16 0.106565
0.165 0.156405
0.17 0.218062
0.175 0.185151
0.18 0.0984586
0.185 0.0807771
0.19 0.163162
0.195 0.256146
0.2 0.263831
0.205 0.180568
0.21 0.0817753
0.215 0.0481302
0.22 0.103979
0.225 0.210803
0.23 0.303129
0.235 0.331492
0.24 0.285719
0.245 0.192396
0.25 0.0957475
0.255 0.035699
0.26 0.0331944
0.265 0.0862918
0.27 0.175191
0.275 0.271802
0.28 0.349474
0.285 0.389944
0.29 0.386395
0.295 0.342946
0.3 0.271729
0.305 0.188907
0.31 0.11079
0.315 0.0508203
0.32 0.0177635
0.325 0.0151067
0.33 0.0414459
0.335 0.0915315
0.34 0.157641
0.345 0.230993
0.35 0.302994
0.355 0.366197
0.36 0.41493
0.365 0.445593
0.37 0.456681
0.375 0.448589
0.38 0.423278
0.385 0.383865
0.39 0.334194
0.395 0.278428
0.4 0.220702
0.405 0.164836
0.41 0.114127
0.415 0.0712205
0.42 0.0380427
0.425 0.0157936
0.43 0.00498395
0.435 0.00550634
0.44 0.0167269
0.445 0.0375894
0.45 0.0667229
0.455 0.102546
0.46 0.143363
0.465 0.18745
0.47 0.233126
0.475 0.278811
0.48 0.323074
0.485 0.36466
0.49 0.402512
0.495 0.43578
0.5 0.463824
0.505 0.486205
0.51 0.502672
0.515 0.513148
0.52 0.517713
0.525 0.516578
0.53 0.510067
0.535 0.498597
0.54 0.482654
0.545 0.462777
0.55 0.439535
0.555 0.413519
0.56 0.385321
0.565 0.355524
0.57 0.324691
0.575 0.293359
0.58 0.262029
0.585 0.231163
0.59 0.20118
0.595 0.172451
0.6 0.145303
0.605 0.120016
0.61 0.0968222
0.615 0.0759091
0.62 0.0574219
0.625 0.0414649
0.63 0.0281046
0.635 0.0173725
0.64 0.0092683
0.645 0.00376307
0.65 0.000802341
0.655 0.00030935
0.66 0.00218804
0.665 0.00632603
0.67 0.0125974
0.675 0.0208652
0.68 0.0309843
0.685 0.042803
0.69 0.0561656
0.695 0.0709144
0.7 0.0868907
0.705 0.103937
0.71 0.121898
0.715 0.140622
0.72 0.159961
0.725 0.179772
0.73 0.19992
0.735 0.220274
0.74 0.240712
0.745 0.261116
0.75 0.28138
0.755 0.301401
0.76 0.321087
0.765 0.340352
0.77 0.359119
0.775 0.377317
0.78 0.394882
0.785 0.411759
0.79 0.427898
0.795 0.443257
0.8 0.4578
0.805 0.471496
0.81 0.48432
0.815 0.496255
0.82 0.507285
0.825 0.517401
0.83 0.526599
0.835 0.534877
0.84 0.54224
0.845 0.548692
0.85 0.554245
0.855 0.55891
0.86 0.562703
0.865 0.565642
0.87 0.567747
0.875 0.569038
0.88 0.56954
0.885 0.569277
0.89 0.568275
0.895 0.566561
0.9 0.564163
0.905 0.561109
0.91 0.557429
0.915 0.553151
0.92 0.548306
0.925 0.542922
0.93 0.537031
0.935 0.530661
0.94 0.523841
0.945 0.516602
0.95 0.508972
0.955 0.500979
0.96 0.492651
0.965 0.484016
0.97 0.4751
0.975 0.465929
0.98 0.456529
0.985 0.446924
0.99 0.437139
0.995 0.427197
1 0.417119
1.005 0.406929
1.01 0.396647
1.015 0.386292
1.02 0.375885
1.025 0.365444
1.03 0.354986
1.035 0.344528
1.04 0.334087
1.045 0.323678
1.05 0.313315
1.055 0.303013
1.06 0.292785
1.065 0.282642
1.07 0.272597
1.075 0.262661
1.08 0.252843
1.085 0.243154
1.09 0.233603
1.095 0.224198
1.1 0.214947
1.105 0.205857
1.11 0.196935
1.115 0.188186
1.12 0.179617
1.125 0.171233
1.13 0.163038
1.135 0.155036
1.14 0.147231
1.145 0.139627
1.15 0.132225
1.155 0.125029
1.16 0.118041
1.165 0.111263
1.17 0.104695
1.175 0.0983386
1.18 0.092195
1.185 0.0862646
1.19 0.0805473
1.195 0.0750431
1.2 0.0697517
1.205 0.0646725
1.21 0.0598046
1.215 0.0551471
1.22 0.0506988
1.225 0.0464583
1.23 0.0424239
1.235 0.038594
1.24 0.0349667
1.245 0.0315399
1.25 0.0283115
1.255 0.0252793
1.26 0.0224408
1.265 0.0197935
1.27 0.0173349
1.275 0.0150623
1.28 0.012973
1.285 0.0110641
1.29 0.00933267
1.295 0.00777587
1.3 0.00639066
1.305 0.00517402
1.31 0.00412286
1.315 0.00323407
1.32 0.00250451
1.325 0.00193103
1.33 0.00151043
1.335 0.00123952
1.34 0.0011151
1.345 0.00113397
1.35 0.0012929
1.355 0.00158869
1.36 0.00201814
1.365 0.00257804
1.37 0.00326522
1.375 0.0040765
1.38 0.00500873
1.385 0.00605877
1.39 0.00722351
1.395 0.00849986
1.4 0.00988475
1.405 0.0113752
1.41 0.0129681
1.415 0.0146605
1.42 0.0164495
1.425 0.0183321
1.43 0.0203056
1.435 0.022367
1.44 0.0245135
1.445 0.0267425
1.45 0.029051
1.455 0.0314365
1.46 0.0338964
1.465 0.0364279
1.47 0.0390285
1.475 0.0416958
1.48 0.0444271
1.485 0.0472201
1.49 0.0500724
1.495 0.0529816
1.5 0.0559454
1.505 0.0589615
1.51 0.0620277
1.515 0.0651418
1.52 0.0683016
1.525 0.0715051
1.53 0.0747501
1.535 0.0780347
1.54 0.0813569
1.545 0.0847147
1.55 0.0881062
1.555 0.0915297
1.56 0.0949831
1.565 0.0984649
1.57 0.101973
1.575 0.105506
1.58 0.109063
1.585 0.112641
1.59 0.116239
1.595 0.119855
1.6 0.123489
1.605 0.127137
1.61 0.1308
1.615 0.134476
1.62 0.138163
1.625 0.141859
1.63 0.145565
1.635 0.149278
1.64 0.152997
1.645 0.156721
1.65 0.160449
1.655 0.164179
1.66 0.167911
1.665 0.171644
1.67 0.175376
1.675 0.179107
1.68 0.182835
1.685 0.18656
1.69 0.19028
1.695 0.193995
1.7 0.197705
1.705 0.201407
1.71 0.205101
1.715 0.208787
1.72 0.212463
1.725 0.216129
1.73 0.219785
1.735 0.223429
1.74 0.227061
1.745 0.23068
1.75 0.234285
1.755 0.237877
1.76 0.241454
1.765 0.245016
1.77 0.248562
1.775 0.252092
1.78 0.255605
1.785 0.259101
1.79 0.26258
1.795 0.26604
1.8 0.269481
1.805 0.272904
1.81 0.276307
1.815 0.279691
1.82 0.283054
1.825 0.286397
1.83 0.289719
1.835 0.29302
1.84 0.2963
1.845 0.299558
1.85 0.302794
1.855 0.306007
1.86 0.309199
1.865 0.312367
1.87 0.315513
1.875 0.318635
1.88 0.321734
1.885 0.32481
1.89 0.327862
1.895 0.33089
1.9 0.333894
1.905 0.336873
1.91 0.339829
1.915 0.34276
1.92 0.345667
1.925 0.348548
1.93 0.351406
1.935 0.354238
1.94 0.357045
1.945 0.359828
1.95 0.362585
1.955 0.365317
1.96 0.368024
1.965 0.370706
1.97 0.373363
1.975 0.375995
1.98 0.378601
1.985 0.381182
1.99 0.383738
1.995 0.386268
2 0.388773
2.005 0.391253
2.01 0.393708
2.015 0.396137
2.02 0.398542
2.025 0.400921
2.03 0.403275
2.035 0.405604
2.04 0.407908
2.045 0.410187
2.05 0.412441
2.055 0.41467
2.06 0.416875
2.065 0.419054
2.07 0.421209
2.075 0.42334
2.08 0.425446
2.085 0.427528
2.09 0.429585
2.095 0.431618
2.1 0.433627
2.105 0.435612
2.11 0.437573
2.115 0.43951
2.12 0.441423
2.125 0.443313
2.13 0.445179
2.135 0.447022
2.14 0.448841
2.145 0.450638
2.15 0.452411
2.155 0.454161
2.16 0.455889
2.165 0.457593
2.17 0.459275
2.175 0.460935
2.18 0.462572
2.185 0.464187
2.19 0.46578
2.195 0.467351
2.2 0.4689
2.205 0.470428
2.21 0.471934
2.215 0.473418
2.22 0.474881
2.225 0.476323
2.23 0.477744
2.235 0.479145
2.24 0.480524
2.245 0.481883
2.25 0.483221
2.255 0.484539
2.26 0.485837
2.265 0.487114
2.27 0.488372
2.275 0.48961
2.28 0.490829
2.285 0.492028
2.29 0.493207
2.295 0.494368
2.3 0.495509
2.305 0.496631
2.31 0.497735
2.315 0.49882
2.32 0.499887
2.325 0.500935
2.33 0.501965
2.335 0.502977
2.34 0.503971
2.345 0.504947
2.35 0.505905
2.355 0.506847
2.36 0.50777
2.365 0.508677
2.37 0.509566
2.375 0.510439
2.38 0.511295
2.385 0.512134
2.39 0.512956
2.395 0.513763
2.4 0.514553
2.405 0.515327
2.41 0.516085
2.415 0.516827
2.42 0.517553
2.425 0.518264
2.43 0.51896
2.435 0.51964
2.44 0.520305
2.445 0.520955
2.45 0.52159
2.455 0.522211
2.46 0.522817
2.465 0.523408
2.47 0.523985
2.475 0.524548
2.48 0.525097
2.485 0.525632
2.49 0.526153
2.495 0.52666
2.5 0.527154
2.505 0.527634
2.51 0.528101
2.515 0.528555
2.52 0.528996
2.525 0.529423
2.53 0.529838
2.535 0.530241
2.54 0.53063
2.545 0.531008
2.55 0.531373
2.555 0.531725
2.56 0.532066
2.565 0.532395
2.57 0.532711
2.575 0.533016
2.58 0.53331
2.585 0.533592
2.59 0.533862
2.595 0.534122
2.6 0.53437
2.605 0.534607
2.61 0.534833
2.615 0.535048
2.62 0.535252
2.625 0.535446
2.63 0.53563
2.635 0.535803
2.64 0.535965
2.645 0.536118
2.65 0.53626
2.655 0.536392
2.66 0.536515
2.665 0.536628
2.67 0.536731
2.675 0.536824
2.68 0.536908
2.685 0.536983
2.69 0.537048
2.695 0.537104
2.7 0.537152
2.705 0.53719
2.71 0.537219
2.715 0.537239
2.72 0.537251
2.725 0.537254
2.73 0.537249
2.735 0.537235
2.74 0.537213
2.745 0.537183
2.75 0.537144
2.755 0.537098
2.76 0.537043
2.765 0.536981
2.77 0.536911
2.775 0.536833
2.78 0.536747
2.785 0.536654
2.79 0.536554
2.795 0.536446
2.8 0.536331
2.805 0.536208
2.81 0.536079
2.815 0.535943
2.82 0.535799
2.825 0.535649
2.83 0.535492
2.835 0.535328
2.84 0.535157
2.845 0.53498
2.85 0.534797
2.855 0.534607
2.86 0.53441
2.865 0.534208
2.87 0.533999
2.875 0.533784
2.88 0.533563
2.885 0.533336
2.89 0.533103
2.895 0.532864
2.9 0.53262
2.905 0.53237
2.91 0.532114
2.915 0.531852
2.92 0.531586
2.925 0.531313
2.93 0.531036
2.935 0.530753
2.94 0.530464
2.945 0.530171
2.95 0.529872
2.955 0.529569
2.96 0.52926
2.965 0.528947
2.97 0.528629
2.975 0.528306
2.98 0.527978
2.985 0.527645
2.99 0.527308
2.995 0.526966
3 0.52662
3.005 0.526269
3.01 0.525914
3.015 0.525555
3.02 0.525191
3.025 0.524823
3.03 0.524451
3.035 0.524075
3.04 0.523695
3.045 0.523311
3.05 0.522923
3.055 0.52253
3.06 0.522135
3.065 0.521735
3.07 0.521331
3.075 0.520924
3.08 0.520513
3.085 0.520099
3.09 0.519681
3.095 0.519259
3.1 0.518834
3.105 0.518406
3.11 0.517974
3.115 0.517539
3.12 0.517101
3.125 0.516659
3.13 0.516215
3.135 0.515767
3.14 0.515316
3.145 0.514862
3.15 0.514405
3.155 0.513945
3.16 0.513482
3.165 0.513017
3.17 0.512548
3.175 0.512077
3.18 0.511603
3.185 0.511126
3.19 0.510646
3.195 0.510164
3.2 0.509679
3.205 0.509192
3.21 0.508702
3.215 0.50821
3.22 0.507716
3.225 0.507219
3.23 0.506719
3.235 0.506217
3.24 0.505713
3.245 0.505207
3.25 0.504698
3.255 0.504188
3.26 0.503675
3.265 0.50316
3.27 0.502643
3.275 0.502124
3.28 0.501603
3.285 0.501079
3.29 0.500554
3.295 0.500027
3.3 0.499499
3.305 0.498968
3.31 0.498435
3.315 0.497901
3.32 0.497365
3.325 0.496827
3.33 0.496288
3.335 0.495747
3.34 0.495204
3.345 0.494659
3.35 0.494113
3.355 0.493566
3.36 0.493017
3.365 0.492466
3.37 0.491914
3.375 0.491361
3.38 0.490806
3.385 0.49025
3.39 0.489692
3.395 0.489133
3.4 0.488573
3.405 0.488011
3.41 0.487448
3.415 0.486884
3.42 0.486319
3.425 0.485753
3.43 0.485185
3.435 0.484616
3.44 0.484046
3.445 0.483476
3.45 0.482904
3.455 0.482331
3.46 0.481757
3.465 0.481182
3.47 0.480606
3.475 0.480029
3.48 0.479451
3.485 0.478872
3.49 0.478292
3.495 0.477712
3.5 0.47713
3.505 0.476548
3.51 0.475965
3.515 0.475382
3.52 0.474797
3.525 0.474212
3.53 0.473626
3.535 0.473039
3.54 0.472452
3.545 0.471864
3.55 0.471275
3.555 0.470686
3.56 0.470096
3.565 0.469505
3.57 0.468914
3.575 0.468323
3.58 0.467731
3.585 0.467138
3.59 0.466545
3.595 0.465951
3.6 0.465357
3.605 0.464763
3.61 0.464168
3.615 0.463572
3.62 0.462976
3.625 0.46238
3.63 0.461784
3.635 0.461187
3.64 0.46059
3.645 0.459992
3.65 0.459394
3.655 0.458796
3.66 0.458198
3.665 0.457599
3.67 0.457
3.675 0.456401
3.68 0.455801
3.685 0.455202
3.69 0.454602
3.695 0.454002
3.7 0.453402
3.705 0.452802
3.71 0.452201
3.715 0.451601
3.72 0.451
3.725 0.450399
3.73 0.449799
3.735 0.449198
3.74 0.448597
3.745 0.447996
3.75 0.447395
3.755 0.446794
3.76 0.446192
3.765 0.445591
3.77 0.44499
3.775 0.444389
3.78 0.443788
3.785 0.443187
3.79 0.442586
3.795 0.441985
3.8 0.441385
3.805 0.440784
3.81 0.440183
3.815 0.439583
3.82 0.438982
3.825 0.438382
3.83 0.437782
3.835 0.437182
3.84 0.436582
3.845 0.435983
3.85 0.435383
3.855 0.434784
3.86 0.434185
3.865 0.433586
3.87 0.432987
3.875 0.432389
3.88 0.43179
3.885 0.431192
3.89 0.430595
3.895 0.429997
3.9 0.4294
3.905 0.428803
3.91 0.428206
3.915 0.42761
3.92 0.427014
3.925 0.426418
3.93 0.425823
3.935 0.425227
3.94 0.424633
3.945 0.424038
3.95 0.423444
3.955 0.42285
3.96 0.422257
3.965 0.421664
3.97 0.421071
3.975 0.420479
3.98 0.419887
3.985 0.419295
3.99 0.418704
3.995 0.418113
4 0.417523
4.005 0.416933
4.01 0.416344
4.015 0.415754
4.02 0.415166
4.025 0.414578
4.03 0.41399
4.035 0.413403
4.04 0.412816
4.045 0.412229
4.05 0.411644
4.055 0.411058
4.06 0.410473
4.065 0.409889
4.07 0.409305
4.075 0.408721
4.08 0.408138
4.085 0.407556
4.09 0.406974
4.095 0.406393
4.1 0.405812
4.105 0.405232
4.11 0.404652
4.115 0.404073
4.12 0.403494
4.125 0.402916
4.13 0.402338
4.135 0.401761
4.14 0.401184
4.145 0.400609
4.15 0.400033
4.155 0.399458
4.16 0.398884
4.165 0.398311
4.17 0.397738
4.175 0.397165
4.18 0.396593
4.185 0.396022
4.19 0.395451
4.195 0.394881
4.2 0.394312
4.205 0.393743
4.21 0.393175
4.215 0.392607
4.22 0.39204
4.225 0.391474
4.23 0.390908
4.235 0.390343
4.24 0.389779
4.245 0.389215
4.25 0.388652
4.255 0.388089
4.26 0.387528
4.265 0.386966
4.27 0.386406
4.275 0.385846
4.28 0.385287
4.285 0.384728
4.29 0.38417
4.295 0.383613
4.3 0.383057
4.305 0.382501
4.31 0.381946
4.315 0.381391
4.32 0.380837
4.325 0.380284
4.33 0.379732
4.335 0.37918
4.34 0.378629
4.345 0.378079
4.35 0.377529
4.355 0.37698
4.36 0.376432
4.365 0.375884
4.37 0.375338
4.375 0.374792
4.38 0.374246
4.385 0.373701
4.39 0.373157
4.395 0.372614
4.4 0.372072
4.405 0.37153
4.41 0.370989
4.415 0.370448
4.42 0.369909
4.425 0.36937
4.43 0.368832
4.435 0.368294
4.44 0.367757
4.445 0.367221
4.45 0.366686
4.455 0.366152
4.46 0.365618
4.465 0.365085
4.47 0.364552
4.475 0.364021
4.48 0.36349
4.485 0.36296
4.49 0.362431
4.495 0.361902
4.5 0.361374
4.505 0.360847
4.51 0.360321
4.515 0.359795
4.52 0.35927
4.525 0.358746
4.53 0.358223
4.535 0.3577
4.54 0.357179
4.545 0.356658
4.55 0.356137
4.555 0.355618
4.56 0.355099
4.565 0.354581
4.57 0.354064
4.575 0.353547
4.58 0.353032
4.585 0.352517
4.59 0.352002
4.595 0.351489
4.6 0.350976
4.605 0.350464
4.61 0.349953
4.615 0.349443
4.62 0.348933
4.625 0.348425
4.63 0.347917
4.635 0.347409
4.64 0.346903
4.645 0.346397
4.65 0.345892
4.655 0.345388
4.66 0.344885
4.665 0.344382
4.67 0.34388
4.675 0.343379
4.68 0.342879
4.685 0.342379
4.69 0.34188
4.695 0.341382
4.7 0.340885
4.705 0.340389
4.71 0.339893
4.715 0.339398
4.72 0.338904
4.725 0.338411
4.73 0.337918
4.735 0.337427
4.74 0.336936
4.745 0.336445
4.75 0.335956
4.755 0.335467
4.76 0.334979
4.765 0.334492
4.77 0.334006
4.775 0.33352
4.78 0.333036
4.785 0.332552
4.79 0.332069
4.795 0.331586
4.8 0.331104
4.805 0.330624
4.81 0.330143
4.815 0.329664
4.82 0.329186
4.825 0.328708
4.83 0.328231
4.835 0.327755
4.84 0.327279
4.845 0.326804
4.85 0.326331
4.855 0.325857
4.86 0.325385
4.865 0.324913
4.87 0.324443
4.875 0.323973
4.88 0.323503
4.885 0.323035
4.89 0.322567
4.895 0.3221
4.9 0.321634
4.905 0.321169
4.91 0.320704
4.915 0.32024
4.92 0.319777
4.925 0.319315
4.93 0.318853
4.935 0.318393
4.94 0.317933
4.945 0.317473
4.95 0.317015
4.955 0.316557
4.96 0.3161
4.965 0.315644
4.97 0.315189
4.975 0.314734
4.98 0.31428
4.985 0.313827
4.99 0.313375
4.995 0.312923
5 0.312472
5.005 0.312022
5.01 0.311573
5.015 0.311124
5.02 0.310677
5.025 0.31023
5.03 0.309783
5.035 0.309338
5.04 0.308893
5.045 0.308449
5.05 0.308006
5.055 0.307563
5.06 0.307122
5.065 0.306681
5.07 0.306241
5.075 0.305801
5.08 0.305362
5.085 0.304924
5.09 0.304487
5.095 0.304051
5.1 0.303615
5.105 0.30318
5.11 0.302746
5.115 0.302312
5.12 0.30188
5.125 0.301448
5.13 0.301017
5.135 0.300586
5.14 0.300156
5.145 0.299727
5.15 0.299299
5.155 0.298872
5.16 0.298445
5.165 0.298019
5.17 0.297593
5.175 0.297169
5.18 0.296745
5.185 0.296322
5.19 0.2959
5.195 0.295478
5.2 0.295057
5.205 0.294637
5.21 0.294218
5.215 0.293799
5.22 0.293381
5.225 0.292964
5.23 0.292547
5.235 0.292131
5.24 0.291716
5.245 0.291302
5.25 0.290888
5.255 0.290475
5.26 0.290063
5.265 0.289652
5.27 0.289241
5.275 0.288831
5.28 0.288422
5.285 0.288013
5.29 0.287605
5.295 0.287198
5.3 0.286792
5.305 0.286386
5.31 0.285981
5.315 0.285577
5.32 0.285173
5.325 0.284771
5.33 0.284368
5.335 0.283967
5.34 0.283566
5.345 0.283166
5.35 0.282767
5.355 0.282368
5.36 0.28197
5.365 0.281573
5.37 0.281177
5.375 0.280781
5.38 0.280386
5.385 0.279991
5.39 0.279598
5.395 0.279205
5.4 0.278812
5.405 0.278421
5.41 0.27803
5.415 0.27764
5.42 0.27725
5.425 0.276861
5.43 0.276473
5.435 0.276085
5.44 0.275699
5.445 0.275313
5.45 0.274927
5.455 0.274542
5.46 0.274158
5.465 0.273775
5.47 0.273392
5.475 0.27301
5.48 0.272629
5.485 0.272248
5.49 0.271868
5.495 0.271489
5.5 0.27111
5.505 0.270732
5.51 0.270355
5.515 0.269979
5.52 0.269603
5.525 0.269227
5.53 0.268853
5.535 0.268479
5.54 0.268106
5.545 0.267733
5.55 0.267361
5.555 0.26699
5.56 0.266619
5.565 0.266249
5.57 0.26588
5.575 0.265511
5.58 0.265143
5.585 0.264776
5.59 0.264409
5.595 0.264043
5.6 0.263678
5.605 0.263313
5.61 0.262949
5.615 0.262586
5.62 0.262223
5.625 0.261861
5.63 0.261499
5.635 0.261138
5.64 0.260778
5.645 0.260419
5.65 0.26006
5.655 0.259702
5.66 0.259344
5.665 0.258987
5.67 0.258631
5.675 0.258275
5.68 0.25792
5.685 0.257566
5.69 0.257212
5.695 0.256859
5.7 0.256506
5.705 0.256154
5.71 0.255803
5.715 0.255452
5.72 0.255102
5.725 0.254753
5.73 0.254404
5.735 0.254056
5.74 0.253708
5.745 0.253362
5.75 0.253015
5.755 0.25267
5.76 0.252325
5.765 0.25198
5.77 0.251636
5.775 0.251293
5.78 0.250951
5.785 0.250609
5.79 0.250267
5.795 0.249927
5.8 0.249586
5.805 0.249247
5.81 0.248908
5.815 0.24857
5.82 0.248232
5.825 0.247895
5.83 0.247558
5.835 0.247223
5.84 0.246887
5.845 0.246553
5.85 0.246219
5.855 0.245885
5.86 0.245552
5.865 0.24522
5.87 0.244888
5.875 0.244557
5.88 0.244227
5.885 0.243897
5.89 0.243567
5.895 0.243238
5.9 0.24291
5.905 0.242583
5.91 0.242256
5.915 0.241929
5.92 0.241604
5.925 0.241278
5.93 0.240954
5.935 0.24063
5.94 0.240306
5.945 0.239983
5.95 0.239661
5.955 0.239339
5.96 0.239018
5.965 0.238697
5.97 0.238377
5.975 0.238058
5.98 0.237739
5.985 0.237421
5.99 0.237103
5.995 0.236786
6 0.236469
6.005 0.236153
6.01 0.235837
6.015 0.235522
6.02 0.235208
6.025 0.234894
6.03 0.234581
6.035 0.234268
6.04 0.233956
6.045 0.233645
6.05 0.233334
6.055 0.233023
6.06 0.232713
6.065 0.232404
6.07 0.232095
6.075 0.231787
6.08 0.231479
6.085 0.231172
6.09 0.230865
6.095 0.230559
6.1 0.230254
6.105 0.229949
6.11 0.229644
6.115 0.22934
6.12 0.229037
6.125 0.228734
6.13 0.228432
6.135 0.22813
6.14 0.227829
6.145 0.227528
6.15 0.227228
6.155 0.226929
6.16 0.22663
6.165 0.226331
6.17 0.226033
6.175 0.225736
6.18 0.225439
6.185 0.225142
6.19 0.224846
6.195 0.224551
6.2 0.224256
6.205 0.223962
6.21 0.223668
6.215 0.223375
6.22 0.223082
6.225 0.22279
6.23 0.222498
6.235 0.222207
6.24 0.221916
6.245 0.221626
6.25 0.221336
6.255 0.221047
6.26 0.220759
6.265 0.220471
6.27 0.220183
6.275 0.219896
6.28 0.219609
6.285 0.219323
6.29 0.219038
6.295 0.218753
6.3 0.218468
6.305 0.218184
6.31 0.2179
6.315 0.217617
6.32 0.217335
6.325 0.217053
6.33 0.216771
6.335 0.21649
6.34 0.21621
6.345 0.21593
6.35 0.21565
6.355 0.215371
6.36 0.215092
6.365 0.214814
6.37 0.214537
6.375 0.21426
6.38 0.213983
6.385 0.213707
6.39 0.213431
6.395 0.213156
6.4 0.212881
6.405 0.212607
6.41 0.212333
6.415 0.21206
6.42 0.211788
6.425 0.211515
6.43 0.211243
6.435 0.210972
6.44 0.210701
6.445 0.210431
6.45 0.210161
6.455 0.209892
6.46 0.209623
6.465 0.209354
6.47 0.209086
6.475 0.208819
6.48 0.208552
6.485 0.208285
6.49 0.208019
6.495 0.207753
6.5 0.207488
6.505 0.207224
6.51 0.206959
6.515 0.206696
6.52 0.206432
6.525 0.206169
6.53 0.205907
6.535 0.205645
6.54 0.205384
6.545 0.205122
6.55 0.204862
6.555 0.204602
6.56 0.204342
6.565 0.204083
6.57 0.203824
6.575 0.203566
6.58 0.203308
6.585 0.203051
6.59 0.202794
6.595 0.202537
6.6 0.202281
6.605 0.202026
6.61 0.20177
6.615 0.201516
6.62 0.201261
6.625 0.201008
6.63 0.200754
6.635 0.200501
6.64 0.200249
6.645 0.199997
6.65 0.199745
6.655 0.199494
6.66 0.199243
6.665 0.198993
6.67 0.198743
6.675 0.198493
6.68 0.198244
6.685 0.197996
6.69 0.197748
6.695 0.1975
6.7 0.197253
6.705 0.197006
6.71 0.196759
6.715 0.196513
6.72 0.196268
6.725 0.196023
6.73 0.195778
6.735 0.195534
6.74 0.19529
6.745 0.195046
6.75 0.194803
6.755 0.194561
6.76 0.194318
6.765 0.194077
6.77 0.193835
6.775 0.193594
6.78 0.193354
6.785 0.193114
6.79 0.192874
6.795 0.192635
6.8 0.192396
6.805 0.192157
6.81 0.191919
6.815 0.191682
6.82 0.191444
6.825 0.191207
6.83 0.190971
6.835 0.190735
6.84 0.190499
6.845 0.190264
6.85 0.190029
6.855 0.189795
6.86 0.189561
6.865 0.189327
6.87 0.189094
6.875 0.188862
6.88 0.188629
6.885 0.188397
6.89 0.188166
6.895 0.187934
6.9 0.187704
6.905 0.187473
6.91 0.187243
6.915 0.187014
6.92 0.186784
6.925 0.186555
6.93 0.186327
6.935 0.186099
6.94 0.185871
6.945 0.185644
6.95 0.185417
6.955 0.185191
6.96 0.184965
6.965 0.184739
6.97 0.184514
6.975 0.184289
6.98 0.184064
6.985 0.18384
6.99 0.183616
6.995 0.183393
7 0.18317
7.005 0.182947
7.01 0.182725
7.015 0.182503
7.02 0.182281
7.025 0.18206
7.03 0.181839
7.035 0.181619
7.04 0.181399
7.045 0.181179
7.05 0.18096
7.055 0.180741
7.06 0.180522
7.065 0.180304
7.07 0.180086
7.075 0.179869
7.08 0.179652
7.085 0.179435
7.09 0.179219
7.095 0.179003
7.1 0.178787
7.105 0.178572
7.11 0.178357
7.115 0.178143
7.12 0.177929
7.125 0.177715
7.13 0.177501
7.135 0.177288
7.14 0.177076
7.145 0.176863
7.15 0.176651
7.155 0.17644
7.16 0.176229
7.165 0.176018
7.17 0.175807
7.175 0.175597
7.18 0.175387
7.185 0.175177
7.19 0.174968
7.195 0.17476
7.2 0.174551
7.205 0.174343
7.21 0.174135
7.215 0.173928
7.22 0.173721
7.225 0.173514
7.23 0.173308
7.235 0.173102
7.24 0.172896
7.245 0.172691
7.25 0.172486
7.255 0.172281
7.26 0.172077
7.265 0.171873
7.27 0.171669
7.275 0.171466
7.28 0.171263
7.285 0.171061
7.29 0.170858
7.295 0.170656
7.3 0.170455
7.305 0.170254
7.31 0.170053
7.315 0.169852
7.32 0.169652
7.325 0.169452
7.33 0.169252
7.335 0.169053
7.34 0.168854
7.345 0.168656
7.35 0.168457
7.355 0.168259
7.36 0.168062
7.365 0.167865
7.37 0.167668
7.375 0.167471
7.38 0.167275
7.385 0.167079
7.39 0.166883
7.395 0.166688
7.4 0.166493
7.405 0.166298
7.41 0.166104
7.415 0.16591
7.42 0.165716
7.425 0.165523
7.43 0.16533
7.435 0.165137
7.44 0.164945
7.445 0.164752
7.45 0.164561
7.455 0.164369
7.46 0.164178
7.465 0.163987
7.47 0.163797
7.475 0.163606
7.48 0.163417
7.485 0.163227
7.49 0.163038
7.495 0.162849
7.5 0.16266
7.505 0.162472
7.51 0.162284
7.515 0.162096
7.52 0.161909
7.525 0.161721
7.53 0.161535
7.535 0.161348
7.54 0.161162
7.545 0.160976
7.55 0.160791
7.555 0.160605
7.56 0.16042
7.565 0.160236
7.57 0.160051
7.575 0.159867
7.58 0.159683
7.585 0.1595
7.59 0.159317
7.595 0.159134
7.6 0.158951
7.605 0.158769
7.61 0.158587
7.615 0.158405
7.62 0.158224
7.625 0.158043
7.63 0.157862
7.635 0.157682
7.64 0.157501
7.645 0.157321
7.65 0.157142
7.655 0.156962
7.66 0.156783
7.665 0.156605
7.67 0.156426
7.675 0.156248
7.68 0.15607
7.685 0.155893
7.69 0.155715
7.695 0.155538
7.7 0.155362
7.705 0.155185
7.71 0.155009
7.715 0.154833
7.72 0.154657
7.725 0.154482
7.73 0.154307
7.735 0.154132
7.74 0.153958
7.745 0.153784
7.75 0.15361
7.755 0.153436
7.76 0.153263
7.765 0.15309
7.77 0.152917
7.775 0.152745
7.78 0.152572
7.785 0.1524
7.79 0.152229
7.795 0.152057
7.8 0.151886
7.805 0.151715
7.81 0.151545
7.815 0.151374
7.82 0.151204
7.825 0.151035
7.83 0.150865
7.835 0.150696
7.84 0.150527
7.845 0.150358
7.85 0.15019
7.855 0.150022
7.86 0.149854
7.865 0.149686
7.87 0.149519
7.875 0.149352
7.88 0.149185
7.885 0.149019
7.89 0.148852
7.895 0.148686
7.9 0.148521
7.905 0.148355
7.91 0.14819
7.915 0.148025
7.92 0.14786
7.925 0.147696
7.93 0.147532
7.935 0.147368
7.94 0.147204
7.945 0.147041
7.95 0.146878
7.955 0.146715
7.96 0.146552
7.965 0.14639
7.97 0.146228
7.975 0.146066
7.98 0.145905
7.985 0.145743
7.99 0.145582
7.995 0.145421
8 0.145261
8.005 0.145101
8.01 0.144941
8.015 0.144781
8.02 0.144621
8.025 0.144462
8.03 0.144303
8.035 0.144144
8.04 0.143986
8.045 0.143827
8.05 0.143669
8.055 0.143512
8.06 0.143354
8.065 0.143197
8.07 0.14304
8.075 0.142883
8.08 0.142726
8.085 0.14257
8.09 0.142414
8.095 0.142258
8.1 0.142103
8.105 0.141947
8.11 0.141792
8.115 0.141637
8.12 0.141483
8.125 0.141328
8.13 0.141174
8.135 0.14102
8.14 0.140867
8.145 0.140713
8.15 0.14056
8.155 0.140407
8.16 0.140255
8.165 0.140102
8.17 0.13995
8.175 0.139798
8.18 0.139646
8.185 0.139495
8.19 0.139344
8.195 0.139193
8.2 0.139042
8.205 0.138891
8.21 0.138741
8.215 0.138591
8.22 0.138441
8.225 0.138291
8.23 0.138142
8.235 0.137993
8.24 0.137844
8.245 0.137695
8.25 0.137547
8.255 0.137399
8.26 0.137251
8.265 0.137103
8.27 0.136955
8.275 0.136808
8.28 0.136661
8.285 0.136514
8.29 0.136368
8.295 0.136221
8.3 0.136075
8.305 0.135929
8.31 0.135783
8.315 0.135638
8.32 0.135493
8.325 0.135347
8.33 0.135203
8.335 0.135058
8.34 0.134914
8.345 0.134769
8.35 0.134626
8.355 0.134482
8.36 0.134338
8.365 0.134195
8.37 0.134052
8.375 0.133909
8.38 0.133767
8.385 0.133624
8.39 0.133482
8.395 0.13334
8.4 0.133198
8.405 0.133057
8.41 0.132915
8.415 0.132774
8.42 0.132633
8.425 0.132493
8.43 0.132352
8.435 0.132212
8.44 0.132072
8.445 0.131932
8.45 0.131793
8.455 0.131653
8.46 0.131514
8.465 0.131375
8.47 0.131236
8.475 0.131098
8.48 0.13096
8.485 0.130822
8.49 0.130684
8.495 0.130546
8.5 0.130408
8.505 0.130271
8.51 0.130134
8.515 0.129997
8.52 0.129861
8.525 0.129724
8.53 0.129588
8.535 0.129452
8.54 0.129316
8.545 0.12918
8.55 0.129045
8.555 0.12891
8.56 0.128775
8.565 0.12864
8.57 0.128505
8.575 0.128371
8.58 0.128237
8.585 0.128103
8.59 0.127969
8.595 0.127836
8.6 0.127702
8.605 0.127569
8.61 0.127436
8.615 0.127303
8.62 0.127171
8.625 0.127038
8.63 0.126906
8.635 0.126774
8.64 0.126642
8.645 0.126511
8.65 0.126379
8.655 0.126248
8.66 0.126117
8.665 0.125986
8.67 0.125856
8.675 0.125725
8.68 0.125595
8.685 0.125465
8.69 0.125335
8.695 0.125206
8.7 0.125076
8.705 0.124947
8.71 0.124818
8.715 0.124689
8.72 0.12456
8.725 0.124432
8.73 0.124304
8.735 0.124176
8.74 0.124048
8.745 0.12392
8.75 0.123792
8.755 0.123665
8.76 0.123538
8.765 0.123411
8.77 0.123284
8.775 0.123158
8.78 0.123031
8.785 0.122905
8.79 0.122779
8.795 0.122653
8.8 0.122528
8.805 0.122402
8.81 0.122277
8.815 0.122152
8.82 0.122027
8.825 0.121902
8.83 0.121778
8.835 0.121653
8.84 0.121529
8.845 0.121405
8.85 0.121281
8.855 0.121158
8.86 0.121034
8.865 0.120911
8.87 0.120788
8.875 0.120665
8.88 0.120543
8.885 0.12042
8.89 0.120298
8.895 0.120176
8.9 0.120054
8.905 0.119932
8.91 0.11981
8.915 0.119689
8.92 0.119567
8.925 0.119446
8.93 0.119325
8.935 0.119205
8.94 0.119084
8.945 0.118964
8.95 0.118844
8.955 0.118724
8.96 0.118604
8.965 0.118484
8.97 0.118365
8.975 0.118245
8.98 0.118126
8.985 0.118007
8.99 0.117888
8.995 0.11777
9 0.117651
9.005 0.117533
9.01 0.117415
9.015 0.117297
9.02 0.117179
9.025 0.117062
9.03 0.116944
9.035 0.116827
9.04 0.11671
9.045 0.116593
9.05 0.116476
9.055 0.11636
9.06 0.116243
9.065 0.116127
9.07 0.116011
9.075 0.115895
9.08 0.115779
9.085 0.115664
9.09 0.115548
9.095 0.115433
9.1 0.115318
9.105 0.115203
9.11 0.115088
9.115 0.114974
9.12 0.11486
9.125 0.114745
9.13 0.114631
9.135 0.114517
9.14 0.114404
9.145 0.11429
9.15 0.114177
9.155 0.114063
9.16 0.11395
9.165 0.113837
9.17 0.113725
9.175 0.113612
9.18 0.1135
9.185 0.113387
9.19 0.113275
9.195 0.113163
9.2 0.113051
9.205 0.11294
9.21 0.112828
9.215 0.112717
9.22 0.112606
9.225 0.112495
9.23 0.112384
9.235 0.112273
9.24 0.112163
9.245 0.112053
9.25 0.111942
9.255 0.111832
9.26 0.111722
9.265 0.111613
9.27 0.111503
9.275 0.111394
9.28 0.111285
9.285 0.111175
9.29 0.111066
9.295 0.110958
9.3 0.110849
9.305 0.110741
9.31 0.110632
9.315 0.110524
9.32 0.110416
9.325 0.110308
9.33 0.110201
9.335 0.110093
9.34 0.109986
9.345 0.109878
9.35 0.109771
9.355 0.109664
9.36 0.109557
9.365 0.109451
9.37 0.109344
9.375 0.109238
9.38 0.109132
9.385 0.109026
9.39 0.10892
9.395 0.108814
9.4 0.108709
9.405 0.108603
9.41 0.108498
9.415 0.108393
9.42 0.108288
9.425 0.108183
9.43 0.108078
9.435 0.107974
9.44 0.107869
9.445 0.107765
9.45 0.107661
9.455 0.107557
9.46 0.107453
9.465 0.107349
9.47 0.107246
9.475 0.107142
9.48 0.107039
9.485 0.106936
9.49 0.106833
9.495 0.10673
9.5 0.106628
9.505 0.106525
9.51 0.106423
9.515 0.106321
9.52 0.106218
9.525 0.106116
9.53 0.106015
9.535 0.105913
9.54 0.105812
9.545 0.10571
9.55 0.105609
9.555 0.105508
9.56 0.105407
9.565 0.105306
9.57 0.105205
9.575 0.105105
9.58 0.105004
9.585 0.104904
9.59 0.104804
9.595 0.104704
9.6 0.104604
9.605 0.104505
9.61 0.104405
9.615 0.104306
9.62 0.104206
9.625 0.104107
9.63 0.104008
9.635 0.103909
9.64 0.103811
9.645 0.103712
9.65 0.103614
9.655 0.103515
9.66 0.103417
9.665 0.103319
9.67 0.103221
9.675 0.103123
9.68 0.103026
9.685 0.102928
9.69 0.102831
9.695 0.102734
9.7 0.102636
9.705 0.102539
9.71 0.102443
9.715 0.102346
9.72 0.102249
9.725 0.102153
9.73 0.102057
9.735 0.10196
9.74 0.101864
9.745 0.101769
9.75 0.101673
9.755 0.101577
9.76 0.101482
9.765 0.101386
9.77 0.101291
9.775 0.101196
9.78 0.101101
9.785 0.101006
9.79 0.100911
9.795 0.100817
9.8 0.100722
9.805 0.100628
9.81 0.100534
9.815 0.10044
9.82 0.100346
9.825 0.100252
9.83 0.100158
9.835 0.100064
9.84 0.0999711
9.845 0.0998777
9.85 0.0997846
9.855 0.0996915
9.86 0.0995986
9.865 0.0995057
9.87 0.0994131
9.875 0.0993205
9.88 0.0992281
9.885 0.0991358
9.89 0.0990436
9.895 0.0989515
9.9 0.0988596
9.905 0.0987678
9.91 0.0986761
9.915 0.0985846
9.92 0.0984931
9.925 0.0984018
9.93 0.0983107
9.935 0.0982196
9.94 0.0981287
9.945 0.0980378
9.95 0.0979472
9.955 0.0978566
9.96 0.0977661
9.965 0.0976758
9.97 0.0975856
9.975 0.0974955
9.98 0.0974056
9.985 0.0973157
9.99 0.097226
9.995 0.0971364
