0 -nan
0.005 0.966
0.01 0.390964
0.015 0.057019
0.02 0.104182
0.025 0.768491
0.03 0.0482157
0.035 0.0405416
0.04 0.575697
0.045 0.0251207
0.05 0.353814
0.055 0.165328
0.06 0.0694236
0.065 0.698233
0.07 0.0944008
0.075 0.577564
0.08 0.68339
0.085 0.502159
0.09 0.108807
0.095 0.132513
0.1 0.677003
0.105 0.103156
0.11 0.449603
0.115 0.163548
0.12 0.482862
0.125 0.0150058
0.13 0.519057
0.135 0.192004
0.14 0.0791637
0.145 0.480478
0.15 0.293304
0.155 0.00732053
0.16 0.228668
0.165 0.46948
0.17 0.311526
0.175 0.0471836
0.18 0.0567881
0.185 0.290964
0.19 0.451361
0.195 0.379607
0.2 0.172117
0.205 0.0243089
0.21 0.0452927
0.215 0.199961
0.22 0.370779
0.225 0.452551
0.23 0.409786
0.235 0.278098
0.24 0.129324
0.245 0.0302867
0.25 0.0159933
0.255 0.0834621
0.26 0.201505
0.265 0.327545
0.27 0.423423
0.275 0.465539
0.28 0.448122
0.285 0.38092
0.29 0.283657
0.295 0.179593
0.3 0.0899644
0.305 0.0302306
0.31 0.00836732
0.315 0.0249357
0.32 0.0744068
0.325 0.147157
0.33 0.23162
0.335 0.316224
0.34 0.39089
0.345 0.447991
0.35 0.482804
0.355 0.493526
0.36 0.480953
0.365 0.447966
0.37 0.398911
0.375 0.338966
0.38 0.273573
0.385 0.207955
0.39 0.146747
0.395 0.0937556
0.4 0.0518205
0.405 0.0227748
0.41 0.00748287
0.415 0.0059338
0.42 0.0173726
0.425 0.0404519
0.43 0.0733899
0.435 0.114124
0.44 0.160449
0.445 0.210146
0.45 0.261075
0.455 0.311264
0.46 0.358962
0.465 0.402682
0.47 0.441217
0.475 0.473653
0.48 0.499359
0.485 0.517972
0.49 0.529373
0.495 0.533664
0.5 0.531131
0.505 0.522216
0.51 0.507485
0.515 0.487596
0.52 0.463273
0.525 0.435276
0.53 0.404381
0.535 0.37136
0.54 0.336962
0.545 0.301898
0.55 0.266836
0.555 0.232386
0.56 0.199097
0.565 0.167454
0.57 0.137873
0.575 0.110707
0.58 0.0862387
0.585 0.0646905
0.59 0.0462234
0.595 0.0309422
0.6 0.0188998
0.605 0.0101017
0.61 0.00451101
0.615 0.00205354
0.62 0.00262233
0.625 0.0060827
0.63 0.0122767
0.635 0.0210277
0.64 0.0321439
0.645 0.0454229
0.65 0.0606545
0.655 0.0776241
0.66 0.0961155
0.665 0.115913
0.67 0.136806
0.675 0.158585
0.68 0.18105
0.685 0.204008
0.69 0.227276
0.695 0.250678
0.7 0.274053
0.705 0.297246
0.71 0.320118
0.715 0.342537
0.72 0.364386
0.725 0.385559
0.73 0.405959
0.735 0.425502
0.74 0.444114
0.745 0.461732
0.75 0.478303
0.755 0.493781
0.76 0.508132
0.765 0.521328
0.77 0.533352
0.775 0.54419
0.78 0.553838
0.785 0.562298
0.79 0.569576
0.795 0.575686
0.8 0.580644
0.805 0.584471
0.81 0.587194
0.815 0.588841
0.82 0.589442
0.825 0.589034
0.83 0.587652
0.835 0.585335
0.84 0.582122
0.845 0.578055
0.85 0.573176
0.855 0.567527
0.86 0.561152
0.865 0.554094
0.87 0.546397
0.875 0.538104
0.88 0.529258
0.885 0.519902
0.89 0.510077
0.895 0.499825
0.9 0.489185
0.905 0.478198
0.91 0.466902
0.915 0.455333
0.92 0.443529
0.925 0.431524
0.93 0.419351
0.935 0.407044
0.94 0.394634
0.945 0.382151
0.95 0.369623
0.955 0.357077
0.96 0.34454
0.965 0.332037
0.97 0.31959
0.975 0.307223
0.98 0.294955
0.985 0.282808
0.99 0.270799
0.995 0.258946
1 0.247265
1.005 0.235771
1.01 0.224478
1.015 0.213399
1.02 0.202546
1.025 0.19193
1.03 0.181561
1.035 0.171447
1.04 0.161599
1.045 0.152021
1.05 0.142722
1.055 0.133707
1.06 0.12498
1.065 0.116547
1.07 0.10841
1.075 0.100573
1.08 0.0930385
1.085 0.0858075
1.09 0.0788816
1.095 0.0722614
1.1 0.0659471
1.105 0.0599385
1.11 0.0542349
1.115 0.0488351
1.12 0.0437376
1.125 0.0389407
1.13 0.0344419
1.135 0.0302389
1.14 0.0263288
1.145 0.0227086
1.15 0.0193748
1.155 0.0163239
1.16 0.0135521
1.165 0.0110555
1.17 0.00882984
1.175 0.00687083
1.18 0.00517399
1.185 0.00373472
1.19 0.0025483
1.195 0.00160991
1.2 0.00091464
1.205 0.000457483
1.21 0.000233383
1.215 0.000237223
1.22 0.000463836
1.225 0.000908022
1.23 0.00156455
1.235 0.00242818
1.24 0.00349365
1.245 0.00475569
1.25 0.00620906
1.255 0.00784851
1.26 0.0096688
1.265 0.0116647
1.27 0.0138311
1.275 0.0161628
1.28 0.0186548
1.285 0.0213019
1.29 0.0240991
1.295 0.0270415
1.3 0.0301242
1.305 0.0333422
1.31 0.0366909
1.315 0.0401655
1.32 0.0437613
1.325 0.0474737
1.33 0.0512981
1.335 0.0552302
1.34 0.0592656
1.345 0.0633998
1.35 0.0676288
1.355 0.0719482
1.36 0.0763541
1.365 0.0808423
1.37 0.0854091
1.375 0.0900505
1.38 0.0947627
1.385 0.099542
1.39 0.104385
1.395 0.109288
1.4 0.114247
1.405 0.119259
1.41 0.124322
1.415 0.129431
1.42 0.134583
1.425 0.139775
1.43 0.145005
1.435 0.150269
1.44 0.155565
1.445 0.16089
1.45 0.16624
1.455 0.171614
1.46 0.177009
1.465 0.182422
1.47 0.187851
1.475 0.193294
1.48 0.198748
1.485 0.20421
1.49 0.20968
1.495 0.215154
1.5 0.220631
1.505 0.226109
1.51 0.231586
1.515 0.237059
1.52 0.242528
1.525 0.24799
1.53 0.253444
1.535 0.258888
1.54 0.26432
1.545 0.269739
1.55 0.275144
1.555 0.280533
1.56 0.285905
1.565 0.291258
1.57 0.296591
1.575 0.301904
1.58 0.307194
1.585 0.31246
1.59 0.317702
1.595 0.322919
1.6 0.328109
1.605 0.333271
1.61 0.338406
1.615 0.34351
1.62 0.348585
1.625 0.353629
1.63 0.35864
1.635 0.36362
1.64 0.368566
1.645 0.373478
1.65 0.378356
1.655 0.383199
1.66 0.388005
1.665 0.392776
1.67 0.39751
1.675 0.402206
1.68 0.406865
1.685 0.411486
1.69 0.416068
1.695 0.420611
1.7 0.425115
1.705 0.429579
1.71 0.434003
1.715 0.438387
1.72 0.44273
1.725 0.447032
1.73 0.451294
1.735 0.455514
1.74 0.459693
1.745 0.46383
1.75 0.467925
1.755 0.471979
1.76 0.47599
1.765 0.47996
1.77 0.483887
1.775 0.487772
1.78 0.491615
1.785 0.495415
1.79 0.499173
1.795 0.502888
1.8 0.506562
1.805 0.510193
1.81 0.513781
1.815 0.517327
1.82 0.520831
1.825 0.524293
1.83 0.527713
1.835 0.53109
1.84 0.534426
1.845 0.53772
1.85 0.540972
1.855 0.544183
1.86 0.547352
1.865 0.550479
1.87 0.553566
1.875 0.556611
1.88 0.559616
1.885 0.562579
1.89 0.565503
1.895 0.568385
1.9 0.571228
1.905 0.574031
1.91 0.576793
1.915 0.579517
1.92 0.5822
1.925 0.584845
1.93 0.58745
1.935 0.590017
1.94 0.592545
1.945 0.595035
1.95 0.597487
1.955 0.599901
1.96 0.602277
1.965 0.604616
1.97 0.606918
1.975 0.609183
1.98 0.611411
1.985 0.613603
1.99 0.615759
1.995 0.617879
2 0.619963
2.005 0.622012
2.01 0.624026
2.015 0.626005
2.02 0.627949
2.025 0.629859
2.03 0.631735
2.035 0.633577
2.04 0.635386
2.045 0.637161
2.05 0.638904
2.055 0.640614
2.06 0.642291
2.065 0.643936
2.07 0.645549
2.075 0.647131
2.08 0.648682
2.085 0.650201
2.09 0.651689
2.095 0.653147
2.1 0.654575
2.105 0.655973
2.11 0.657341
2.115 0.658679
2.12 0.659989
2.125 0.661269
2.13 0.662521
2.135 0.663745
2.14 0.66494
2.145 0.666108
2.15 0.667248
2.155 0.668361
2.16 0.669446
2.165 0.670505
2.17 0.671538
2.175 0.672544
2.18 0.673525
2.185 0.674479
2.19 0.675408
2.195 0.676312
2.2 0.677191
2.205 0.678045
2.21 0.678875
2.215 0.679681
2.22 0.680463
2.225 0.681221
2.23 0.681955
2.235 0.682667
2.24 0.683355
2.245 0.684021
2.25 0.684665
2.255 0.685286
2.26 0.685885
2.265 0.686462
2.27 0.687018
2.275 0.687553
2.28 0.688067
2.285 0.688559
2.29 0.689032
2.295 0.689484
2.3 0.689916
2.305 0.690328
2.31 0.69072
2.315 0.691093
2.32 0.691446
2.325 0.691781
2.33 0.692097
2.335 0.692394
2.34 0.692673
2.345 0.692934
2.35 0.693177
2.355 0.693402
2.36 0.69361
2.365 0.6938
2.37 0.693974
2.375 0.69413
2.38 0.69427
2.385 0.694393
2.39 0.6945
2.395 0.69459
2.4 0.694665
2.405 0.694724
2.41 0.694768
2.415 0.694796
2.42 0.69481
2.425 0.694808
2.43 0.694791
2.435 0.69476
2.44 0.694714
2.445 0.694654
2.45 0.694581
2.455 0.694493
2.46 0.694391
2.465 0.694276
2.47 0.694148
2.475 0.694006
2.48 0.693852
2.485 0.693684
2.49 0.693504
2.495 0.693311
2.5 0.693106
2.505 0.692889
2.51 0.69266
2.515 0.692418
2.52 0.692165
2.525 0.691901
2.53 0.691625
2.535 0.691338
2.54 0.691039
2.545 0.69073
2.55 0.69041
2.555 0.690079
2.56 0.689737
2.565 0.689386
2.57 0.689024
2.575 0.688651
2.58 0.688269
2.585 0.687877
2.59 0.687476
2.595 0.687064
2.6 0.686644
2.605 0.686213
2.61 0.685774
2.615 0.685326
2.62 0.684869
2.625 0.684403
2.63 0.683928
2.635 0.683445
2.64 0.682953
2.645 0.682453
2.65 0.681945
2.655 0.681429
2.66 0.680905
2.665 0.680373
2.67 0.679833
2.675 0.679286
2.68 0.678731
2.685 0.678169
2.69 0.677599
2.695 0.677023
2.7 0.676439
2.705 0.675849
2.71 0.675251
2.715 0.674647
2.72 0.674036
2.725 0.673419
2.73 0.672795
2.735 0.672165
2.74 0.671528
2.745 0.670886
2.75 0.670237
2.755 0.669583
2.76 0.668922
2.765 0.668256
2.77 0.667584
2.775 0.666907
2.78 0.666224
2.785 0.665536
2.79 0.664842
2.795 0.664143
2.8 0.66344
2.805 0.662731
2.81 0.662017
2.815 0.661298
2.82 0.660574
2.825 0.659846
2.83 0.659113
2.835 0.658375
2.84 0.657633
2.845 0.656887
2.85 0.656136
2.855 0.655381
2.86 0.654622
2.865 0.653859
2.87 0.653092
2.875 0.65232
2.88 0.651545
2.885 0.650766
2.89 0.649984
2.895 0.649197
2.9 0.648407
2.905 0.647614
2.91 0.646817
2.915 0.646017
2.92 0.645213
2.925 0.644406
2.93 0.643596
2.935 0.642783
2.94 0.641966
2.945 0.641147
2.95 0.640325
2.955 0.6395
2.96 0.638671
2.965 0.637841
2.97 0.637007
2.975 0.636171
2.98 0.635332
2.985 0.634491
2.99 0.633647
2.995 0.6328
3 0.631952
3.005 0.631101
3.01 0.630247
3.015 0.629392
3.02 0.628534
3.025 0.627674
3.03 0.626812
3.035 0.625948
3.04 0.625083
3.045 0.624215
3.05 0.623345
3.055 0.622473
3.06 0.6216
3.065 0.620725
3.07 0.619848
3.075 0.61897
3.08 0.61809
3.085 0.617208
3.09 0.616325
3.095 0.615441
3.1 0.614555
3.105 0.613667
3.11 0.612779
3.115 0.611889
3.12 0.610997
3.125 0.610105
3.13 0.609211
3.135 0.608316
3.14 0.60742
3.145 0.606523
3.15 0.605625
3.155 0.604726
3.16 0.603826
3.165 0.602925
3.17 0.602023
3.175 0.601121
3.18 0.600217
3.185 0.599313
3.19 0.598408
3.195 0.597502
3.2 0.596596
3.205 0.595689
3.21 0.594781
3.215 0.593872
3.22 0.592964
3.225 0.592054
3.23 0.591144
3.235 0.590234
3.24 0.589323
3.245 0.588412
3.25 0.5875
3.255 0.586589
3.26 0.585676
3.265 0.584764
3.27 0.583851
3.275 0.582938
3.28 0.582025
3.285 0.581111
3.29 0.580198
3.295 0.579284
3.3 0.57837
3.305 0.577456
3.31 0.576542
3.315 0.575628
3.32 0.574714
3.325 0.5738
3.33 0.572886
3.335 0.571972
3.34 0.571058
3.345 0.570145
3.35 0.569231
3.355 0.568318
3.36 0.567404
3.365 0.566491
3.37 0.565578
3.375 0.564666
3.38 0.563753
3.385 0.562841
3.39 0.56193
3.395 0.561018
3.4 0.560107
3.405 0.559196
3.41 0.558286
3.415 0.557376
3.42 0.556466
3.425 0.555557
3.43 0.554648
3.435 0.55374
3.44 0.552832
3.445 0.551924
3.45 0.551017
3.455 0.550111
3.46 0.549205
3.465 0.5483
3.47 0.547396
3.475 0.546492
3.48 0.545588
3.485 0.544685
3.49 0.543783
3.495 0.542882
3.5 0.541981
3.505 0.541081
3.51 0.540181
3.515 0.539282
3.52 0.538384
3.525 0.537487
3.53 0.53659
3.535 0.535695
3.54 0.5348
3.545 0.533905
3.55 0.533012
3.555 0.532119
3.56 0.531227
3.565 0.530336
3.57 0.529446
3.575 0.528557
3.58 0.527669
3.585 0.526781
3.59 0.525894
3.595 0.525009
3.6 0.524124
3.605 0.52324
3.61 0.522357
3.615 0.521475
3.62 0.520594
3.625 0.519714
3.63 0.518835
3.635 0.517957
3.64 0.517079
3.645 0.516203
3.65 0.515328
3.655 0.514454
3.66 0.513581
3.665 0.512709
3.67 0.511838
3.675 0.510968
3.68 0.510099
3.685 0.509231
3.69 0.508365
3.695 0.507499
3.7 0.506634
3.705 0.505771
3.71 0.504909
3.715 0.504047
3.72 0.503187
3.725 0.502328
3.73 0.50147
3.735 0.500614
3.74 0.499758
3.745 0.498904
3.75 0.49805
3.755 0.497198
3.76 0.496347
3.765 0.495498
3.77 0.494649
3.775 0.493802
3.78 0.492956
3.785 0.492111
3.79 0.491267
3.795 0.490424
3.8 0.489583
3.805 0.488743
3.81 0.487904
3.815 0.487067
3.82 0.48623
3.825 0.485395
3.83 0.484561
3.835 0.483729
3.84 0.482897
3.845 0.482067
3.85 0.481238
3.855 0.480411
3.86 0.479584
3.865 0.478759
3.87 0.477936
3.875 0.477113
3.88 0.476292
3.885 0.475472
3.89 0.474654
3.895 0.473836
3.9 0.47302
3.905 0.472206
3.91 0.471392
3.915 0.47058
3.92 0.469769
3.925 0.46896
3.93 0.468152
3.935 0.467345
3.94 0.46654
3.945 0.465736
3.95 0.464933
3.955 0.464131
3.96 0.463331
3.965 0.462533
3.97 0.461735
3.975 0.460939
3.98 0.460144
3.985 0.459351
3.99 0.458559
3.995 0.457768
4 0.456979
4.005 0.456191
4.01 0.455404
4.015 0.454619
4.02 0.453835
4.025 0.453053
4.03 0.452271
4.035 0.451492
4.04 0.450713
4.045 0.449936
4.05 0.44916
4.055 0.448386
4.06 0.447613
4.065 0.446841
4.07 0.446071
4.075 0.445302
4.08 0.444535
4.085 0.443769
4.09 0.443004
4.095 0.442241
4.1 0.441479
4.105 0.440718
4.11 0.439959
4.115 0.439201
4.12 0.438445
4.125 0.43769
4.13 0.436936
4.135 0.436184
4.14 0.435433
4.145 0.434683
4.15 0.433935
4.155 0.433189
4.16 0.432443
4.165 0.431699
4.17 0.430957
4.175 0.430215
4.18 0.429476
4.185 0.428737
4.19 0.428
4.195 0.427264
4.2 0.42653
4.205 0.425797
4.21 0.425066
4.215 0.424336
4.22 0.423607
4.225 0.42288
4.23 0.422154
4.235 0.421429
4.24 0.420706
4.245 0.419984
4.25 0.419264
4.255 0.418545
4.26 0.417827
4.265 0.417111
4.27 0.416396
4.275 0.415682
4.28 0.41497
4.285 0.414259
4.29 0.41355
4.295 0.412842
4.3 0.412135
4.305 0.41143
4.31 0.410726
4.315 0.410023
4.32 0.409322
4.325 0.408622
4.33 0.407924
4.335 0.407227
4.34 0.406531
4.345 0.405837
4.35 0.405144
4.355 0.404452
4.36 0.403762
4.365 0.403073
4.37 0.402386
4.375 0.4017
4.38 0.401015
4.385 0.400332
4.39 0.39965
4.395 0.398969
4.4 0.39829
4.405 0.397612
4.41 0.396935
4.415 0.39626
4.42 0.395586
4.425 0.394913
4.43 0.394242
4.435 0.393572
4.44 0.392903
4.445 0.392236
4.45 0.39157
4.455 0.390906
4.46 0.390243
4.465 0.389581
4.47 0.38892
4.475 0.388261
4.48 0.387603
4.485 0.386947
4.49 0.386292
4.495 0.385638
4.5 0.384985
4.505 0.384334
4.51 0.383684
4.515 0.383035
4.52 0.382388
4.525 0.381742
4.53 0.381098
4.535 0.380454
4.54 0.379812
4.545 0.379172
4.55 0.378532
4.555 0.377894
4.56 0.377257
4.565 0.376622
4.57 0.375988
4.575 0.375355
4.58 0.374723
4.585 0.374093
4.59 0.373464
4.595 0.372836
4.6 0.37221
4.605 0.371585
4.61 0.370961
4.615 0.370339
4.62 0.369717
4.625 0.369097
4.63 0.368479
4.635 0.367861
4.64 0.367245
4.645 0.36663
4.65 0.366017
4.655 0.365404
4.66 0.364793
4.665 0.364183
4.67 0.363575
4.675 0.362968
4.68 0.362362
4.685 0.361757
4.69 0.361153
4.695 0.360551
4.7 0.35995
4.705 0.35935
4.71 0.358752
4.715 0.358155
4.72 0.357559
4.725 0.356964
4.73 0.35637
4.735 0.355778
4.74 0.355187
4.745 0.354597
4.75 0.354008
4.755 0.353421
4.76 0.352835
4.765 0.35225
4.77 0.351666
4.775 0.351084
4.78 0.350502
4.785 0.349922
4.79 0.349343
4.795 0.348766
4.8 0.348189
4.805 0.347614
4.81 0.34704
4.815 0.346467
4.82 0.345896
4.825 0.345325
4.83 0.344756
4.835 0.344188
4.84 0.343621
4.845 0.343055
4.85 0.342491
4.855 0.341928
4.86 0.341365
4.865 0.340805
4.87 0.340245
4.875 0.339686
4.88 0.339129
4.885 0.338572
4.89 0.338017
4.895 0.337463
4.9 0.336911
4.905 0.336359
4.91 0.335809
4.915 0.335259
4.92 0.334711
4.925 0.334164
4.93 0.333618
4.935 0.333074
4.94 0.33253
4.945 0.331988
4.95 0.331447
4.955 0.330907
4.96 0.330368
4.965 0.32983
4.97 0.329293
4.975 0.328757
4.98 0.328223
4.985 0.32769
4.99 0.327157
4.995 0.326626
5 0.326096
5.005 0.325568
5.01 0.32504
5.015 0.324513
5.02 0.323988
5.025 0.323463
5.03 0.32294
5.035 0.322418
5.04 0.321897
5.045 0.321377
5.05 0.320858
5.055 0.32034
5.06 0.319823
5.065 0.319308
5.07 0.318793
5.075 0.318279
5.08 0.317767
5.085 0.317256
5.09 0.316746
5.095 0.316236
5.1 0.315728
5.105 0.315221
5.11 0.314715
5.115 0.31421
5.12 0.313707
5.125 0.313204
5.13 0.312702
5.135 0.312202
5.14 0.311702
5.145 0.311203
5.15 0.310706
5.155 0.310209
5.16 0.309714
5.165 0.30922
5.17 0.308726
5.175 0.308234
5.18 0.307743
5.185 0.307253
5.19 0.306764
5.195 0.306275
5.2 0.305788
5.205 0.305302
5.21 0.304817
5.215 0.304333
5.22 0.30385
5.225 0.303368
5.23 0.302887
5.235 0.302407
5.24 0.301928
5.245 0.30145
5.25 0.300973
5.255 0.300497
5.26 0.300022
5.265 0.299548
5.27 0.299075
5.275 0.298603
5.28 0.298132
5.285 0.297662
5.29 0.297193
5.295 0.296725
5.3 0.296258
5.305 0.295792
5.31 0.295327
5.315 0.294863
5.32 0.2944
5.325 0.293938
5.33 0.293477
5.335 0.293016
5.34 0.292557
5.345 0.292099
5.35 0.291641
5.355 0.291185
5.36 0.29073
5.365 0.290275
5.37 0.289822
5.375 0.289369
5.38 0.288918
5.385 0.288467
5.39 0.288017
5.395 0.287568
5.4 0.287121
5.405 0.286674
5.41 0.286228
5.415 0.285783
5.42 0.285339
5.425 0.284895
5.43 0.284453
5.435 0.284012
5.44 0.283571
5.445 0.283132
5.45 0.282693
5.455 0.282256
5.46 0.281819
5.465 0.281383
5.47 0.280948
5.475 0.280514
5.48 0.280081
5.485 0.279649
5.49 0.279218
5.495 0.278787
5.5 0.278358
5.505 0.277929
5.51 0.277501
5.515 0.277075
5.52 0.276649
5.525 0.276224
5.53 0.2758
5.535 0.275376
5.54 0.274954
5.545 0.274532
5.55 0.274112
5.555 0.273692
5.56 0.273273
5.565 0.272855
5.57 0.272438
5.575 0.272022
5.58 0.271606
5.585 0.271192
5.59 0.270778
5.595 0.270365
5.6 0.269953
5.605 0.269542
5.61 0.269132
5.615 0.268722
5.62 0.268314
5.625 0.267906
5.63 0.267499
5.635 0.267093
5.64 0.266688
5.645 0.266283
5.65 0.26588
5.655 0.265477
5.66 0.265075
5.665 0.264674
5.67 0.264274
5.675 0.263875
5.68 0.263476
5.685 0.263079
5.69 0.262682
5.695 0.262286
5.7 0.26189
5.705 0.261496
5.71 0.261102
5.715 0.260709
5.72 0.260317
5.725 0.259926
5.73 0.259536
5.735 0.259146
5.74 0.258757
5.745 0.258369
5.75 0.257982
5.755 0.257596
5.76 0.25721
5.765 0.256825
5.77 0.256441
5.775 0.256058
5.78 0.255676
5.785 0.255294
5.79 0.254913
5.795 0.254533
5.8 0.254154
5.805 0.253775
5.81 0.253397
5.815 0.25302
5.82 0.252644
5.825 0.252269
5.83 0.251894
5.835 0.25152
5.84 0.251147
5.845 0.250774
5.85 0.250403
5.855 0.250032
5.86 0.249662
5.865 0.249292
5.87 0.248924
5.875 0.248556
5.88 0.248189
5.885 0.247823
5.89 0.247457
5.895 0.247092
5.9 0.246728
5.905 0.246365
5.91 0.246002
5.915 0.24564
5.92 0.245279
5.925 0.244918
5.93 0.244559
5.935 0.2442
5.94 0.243842
5.945 0.243484
5.95 0.243127
5.955 0.242771
5.96 0.242416
5.965 0.242061
5.97 0.241707
5.975 0.241354
5.98 0.241002
5.985 0.24065
5.99 0.240299
5.995 0.239949
6 0.239599
6.005 0.23925
6.01 0.238902
6.015 0.238554
6.02 0.238207
6.025 0.237861
6.03 0.237516
6.035 0.237171
6.04 0.236827
6.045 0.236484
6.05 0.236141
6.055 0.235799
6.06 0.235458
6.065 0.235117
6.07 0.234778
6.075 0.234438
6.08 0.2341
6.085 0.233762
6.09 0.233425
6.095 0.233088
6.1 0.232753
6.105 0.232418
6.11 0.232083
6.115 0.231749
6.12 0.231416
6.125 0.231084
6.13 0.230752
6.135 0.230421
6.14 0.23009
6.145 0.229761
6.15 0.229431
6.155 0.229103
6.16 0.228775
6.165 0.228448
6.17 0.228121
6.175 0.227796
6.18 0.22747
6.185 0.227146
6.19 0.226822
6.195 0.226499
6.2 0.226176
6.205 0.225854
6.21 0.225533
6.215 0.225212
6.22 0.224892
6.225 0.224572
6.23 0.224254
6.235 0.223935
6.24 0.223618
6.245 0.223301
6.25 0.222985
6.255 0.222669
6.26 0.222354
6.265 0.22204
6.27 0.221726
6.275 0.221413
6.28 0.2211
6.285 0.220788
6.29 0.220477
6.295 0.220166
6.3 0.219856
6.305 0.219547
6.31 0.219238
6.315 0.21893
6.32 0.218622
6.325 0.218315
6.33 0.218009
6.335 0.217703
6.34 0.217398
6.345 0.217093
6.35 0.216789
6.355 0.216486
6.36 0.216183
6.365 0.215881
6.37 0.215579
6.375 0.215278
6.38 0.214978
6.385 0.214678
6.39 0.214378
6.395 0.21408
6.4 0.213782
6.405 0.213484
6.41 0.213187
6.415 0.212891
6.42 0.212595
6.425 0.2123
6.43 0.212005
6.435 0.211711
6.44 0.211418
6.445 0.211125
6.45 0.210833
6.455 0.210541
6.46 0.21025
6.465 0.209959
6.47 0.209669
6.475 0.20938
6.48 0.209091
6.485 0.208802
6.49 0.208515
6.495 0.208227
6.5 0.207941
6.505 0.207654
6.51 0.207369
6.515 0.207084
6.52 0.206799
6.525 0.206516
6.53 0.206232
6.535 0.205949
6.54 0.205667
6.545 0.205385
6.55 0.205104
6.555 0.204824
6.56 0.204544
6.565 0.204264
6.57 0.203985
6.575 0.203707
6.58 0.203429
6.585 0.203151
6.59 0.202874
6.595 0.202598
6.6 0.202322
6.605 0.202047
6.61 0.201772
6.615 0.201498
6.62 0.201224
6.625 0.200951
6.63 0.200679
6.635 0.200407
6.64 0.200135
6.645 0.199864
6.65 0.199593
6.655 0.199323
6.66 0.199054
6.665 0.198785
6.67 0.198516
6.675 0.198249
6.68 0.197981
6.685 0.197714
6.69 0.197448
6.695 0.197182
6.7 0.196916
6.705 0.196652
6.71 0.196387
6.715 0.196123
6.72 0.19586
6.725 0.195597
6.73 0.195335
6.735 0.195073
6.74 0.194811
6.745 0.19455
6.75 0.19429
6.755 0.19403
6.76 0.193771
6.765 0.193512
6.77 0.193253
6.775 0.192996
6.78 0.192738
6.785 0.192481
6.79 0.192225
6.795 0.191969
6.8 0.191713
6.805 0.191458
6.81 0.191204
6.815 0.19095
6.82 0.190696
6.825 0.190443
6.83 0.19019
6.835 0.189938
6.84 0.189687
6.845 0.189435
6.85 0.189185
6.855 0.188934
6.86 0.188685
6.865 0.188435
6.87 0.188187
6.875 0.187938
6.88 0.18769
6.885 0.187443
6.89 0.187196
6.895 0.186949
6.9 0.186703
6.905 0.186458
6.91 0.186213
6.915 0.185968
6.92 0.185724
6.925 0.18548
6.93 0.185237
6.935 0.184994
6.94 0.184752
6.945 0.18451
6.95 0.184268
6.955 0.184027
6.96 0.183787
6.965 0.183546
6.97 0.183307
6.975 0.183067
6.98 0.182829
6.985 0.18259
6.99 0.182352
6.995 0.182115
7 0.181878
7.005 0.181641
7.01 0.181405
7.015 0.18117
7.02 0.180934
7.025 0.180699
7.03 0.180465
7.035 0.180231
7.04 0.179998
7.045 0.179764
7.05 0.179532
7.055 0.1793
7.06 0.179068
7.065 0.178836
7.07 0.178605
7.075 0.178375
7.08 0.178145
7.085 0.177915
7.09 0.177686
7.095 0.177457
7.1 0.177229
7.105 0.177001
7.11 0.176773
7.115 0.176546
7.12 0.176319
7.125 0.176093
7.13 0.175867
7.135 0.175642
7.14 0.175417
7.145 0.175192
7.15 0.174968
7.155 0.174744
7.16 0.17452
7.165 0.174297
7.17 0.174075
7.175 0.173853
7.18 0.173631
7.185 0.173409
7.19 0.173188
7.195 0.172968
7.2 0.172748
7.205 0.172528
7.21 0.172308
7.215 0.172089
7.22 0.171871
7.225 0.171653
7.23 0.171435
7.235 0.171218
7.24 0.171001
7.245 0.170784
7.25 0.170568
7.255 0.170352
7.26 0.170137
7.265 0.169921
7.27 0.169707
7.275 0.169493
7.28 0.169279
7.285 0.169065
7.29 0.168852
7.295 0.168639
7.3 0.168427
7.305 0.168215
7.31 0.168004
7.315 0.167792
7.32 0.167582
7.325 0.167371
7.33 0.167161
7.335 0.166952
7.34 0.166742
7.345 0.166533
7.35 0.166325
7.355 0.166117
7.36 0.165909
7.365 0.165702
7.37 0.165495
7.375 0.165288
7.38 0.165082
7.385 0.164876
7.39 0.16467
7.395 0.164465
7.4 0.16426
7.405 0.164056
7.41 0.163852
7.415 0.163648
7.42 0.163444
7.425 0.163242
7.43 0.163039
7.435 0.162837
7.44 0.162635
7.445 0.162433
7.45 0.162232
7.455 0.162031
7.46 0.161831
7.465 0.161631
7.47 0.161431
7.475 0.161231
7.48 0.161032
7.485 0.160834
7.49 0.160635
7.495 0.160437
7.5 0.16024
7.505 0.160042
7.51 0.159845
7.515 0.159649
7.52 0.159453
7.525 0.159257
7.53 0.159061
7.535 0.158866
7.54 0.158671
7.545 0.158477
7.55 0.158282
7.555 0.158089
7.56 0.157895
7.565 0.157702
7.57 0.157509
7.575 0.157317
7.58 0.157125
7.585 0.156933
7.59 0.156741
7.595 0.15655
7.6 0.156359
7.605 0.156169
7.61 0.155979
7.615 0.155789
7.62 0.1556
7.625 0.155411
7.63 0.155222
7.635 0.155033
7.64 0.154845
7.645 0.154657
7.65 0.15447
7.655 0.154283
7.66 0.154096
7.665 0.15391
7.67 0.153723
7.675 0.153538
7.68 0.153352
7.685 0.153167
7.69 0.152982
7.695 0.152797
7.7 0.152613
7.705 0.152429
7.71 0.152246
7.715 0.152063
7.72 0.15188
7.725 0.151697
7.73 0.151515
7.735 0.151333
7.74 0.151151
7.745 0.15097
7.75 0.150789
7.755 0.150608
7.76 0.150427
7.765 0.150247
7.77 0.150068
7.775 0.149888
7.78 0.149709
7.785 0.14953
7.79 0.149352
7.795 0.149173
7.8 0.148995
7.805 0.148818
7.81 0.14864
7.815 0.148463
7.82 0.148287
7.825 0.14811
7.83 0.147934
7.835 0.147758
7.84 0.147583
7.845 0.147408
7.85 0.147233
7.855 0.147058
7.86 0.146884
7.865 0.14671
7.87 0.146536
7.875 0.146363
7.88 0.14619
7.885 0.146017
7.89 0.145844
7.895 0.145672
7.9 0.1455
7.905 0.145328
7.91 0.145157
7.915 0.144986
7.92 0.144815
7.925 0.144645
7.93 0.144475
7.935 0.144305
7.94 0.144135
7.945 0.143966
7.95 0.143797
7.955 0.143628
7.96 0.14346
7.965 0.143291
7.97 0.143124
7.975 0.142956
7.98 0.142789
7.985 0.142622
7.99 0.142455
7.995 0.142288
8 0.142122
8.005 0.141956
8.01 0.141791
8.015 0.141625
8.02 0.14146
8.025 0.141296
8.03 0.141131
8.035 0.140967
8.04 0.140803
8.045 0.140639
8.05 0.140476
8.055 0.140313
8.06 0.14015
8.065 0.139987
8.07 0.139825
8.075 0.139663
8.08 0.139501
8.085 0.13934
8.09 0.139178
8.095 0.139018
8.1 0.138857
8.105 0.138696
8.11 0.138536
8.115 0.138376
8.12 0.138217
8.125 0.138058
8.13 0.137898
8.135 0.13774
8.14 0.137581
8.145 0.137423
8.15 0.137265
8.155 0.137107
8.16 0.13695
8.165 0.136792
8.17 0.136635
8.175 0.136479
8.18 0.136322
8.185 0.136166
8.19 0.13601
8.195 0.135855
8.2 0.135699
8.205 0.135544
8.21 0.135389
8.215 0.135235
8.22 0.13508
8.225 0.134926
8.23 0.134772
8.235 0.134619
8.24 0.134465
8.245 0.134312
8.25 0.134159
8.255 0.134007
8.26 0.133854
8.265 0.133702
8.27 0.133551
8.275 0.133399
8.28 0.133248
8.285 0.133097
8.29 0.132946
8.295 0.132795
8.3 0.132645
8.305 0.132495
8.31 0.132345
8.315 0.132195
8.32 0.132046
8.325 0.131897
8.33 0.131748
8.335 0.131599
8.34 0.131451
8.345 0.131303
8.35 0.131155
8.355 0.131007
8.36 0.13086
8.365 0.130713
8.37 0.130566
8.375 0.130419
8.38 0.130273
8.385 0.130126
8.39 0.12998
8.395 0.129835
8.4 0.129689
8.405 0.129544
8.41 0.129399
8.415 0.129254
8.42 0.12911
8.425 0.128965
8.43 0.128821
8.435 0.128677
8.44 0.128534
8.445 0.12839
8.45 0.128247
8.455 0.128104
8.46 0.127962
8.465 0.127819
8.47 0.127677
8.475 0.127535
8.48 0.127393
8.485 0.127252
8.49 0.12711
8.495 0.126969
8.5 0.126829
8.505 0.126688
8.51 0.126548
8.515 0.126407
8.52 0.126267
8.525 0.126128
8.53 0.125988
8.535 0.125849
8.54 0.12571
8.545 0.125571
8.55 0.125433
8.555 0.125294
8.56 0.125156
8.565 0.125018
8.57 0.12488
8.575 0.124743
8.58 0.124606
8.585 0.124469
8.59 0.124332
8.595 0.124195
8.6 0.124059
8.605 0.123923
8.61 0.123787
8.615 0.123651
8.62 0.123515
8.625 0.12338
8.63 0.123245
8.635 0.12311
8.64 0.122976
8.645 0.122841
8.65 0.122707
8.655 0.122573
8.66 0.122439
8.665 0.122306
8.67 0.122172
8.675 0.122039
8.68 0.121906
8.685 0.121773
8.69 0.121641
8.695 0.121508
8.7 0.121376
8.705 0.121245
8.71 0.121113
8.715 0.120981
8.72 0.12085
8.725 0.120719
8.73 0.120588
8.735 0.120458
8.74 0.120327
8.745 0.120197
8.75 0.120067
8.755 0.119937
8.76 0.119807
8.765 0.119678
8.77 0.119549
8.775 0.11942
8.78 0.119291
8.785 0.119162
8.79 0.119034
8.795 0.118906
8.8 0.118778
8.805 0.11865
8.81 0.118522
8.815 0.118395
8.82 0.118268
8.825 0.118141
8.83 0.118014
8.835 0.117887
8.84 0.117761
8.845 0.117635
8.85 0.117509
8.855 0.117383
8.86 0.117257
8.865 0.117132
8.87 0.117007
8.875 0.116882
8.88 0.116757
8.885 0.116632
8.89 0.116508
8.895 0.116384
8.9 0.116259
8.905 0.116136
8.91 0.116012
8.915 0.115888
8.92 0.115765
8.925 0.115642
8.93 0.115519
8.935 0.115396
8.94 0.115274
8.945 0.115152
8.95 0.115029
8.955 0.114908
8.96 0.114786
8.965 0.114664
8.97 0.114543
8.975 0.114422
8.98 0.114301
8.985 0.11418
8.99 0.114059
8.995 0.113939
9 0.113818
9.005 0.113698
9.01 0.113578
9.015 0.113459
9.02 0.113339
9.025 0.11322
9.03 0.113101
9.035 0.112982
9.04 0.112863
9.045 0.112744
9.05 0.112626
9.055 0.112508
9.06 0.11239
9.065 0.112272
9.07 0.112154
9.075 0.112037
9.08 0.111919
9.085 0.111802
9.09 0.111685
9.095 0.111568
9.1 0.111452
9.105 0.111335
9.11 0.111219
9.115 0.111103
9.12 0.110987
9.125 0.110871
9.13 0.110756
9.135 0.11064
9.14 0.110525
9.145 0.11041
9.15 0.110295
9.155 0.11018
9.16 0.110066
9.165 0.109952
9.17 0.109837
9.175 0.109723
9.18 0.10961
9.185 0.109496
9.19 0.109383
9.195 0.109269
9.2 0.109156
9.205 0.109043
9.21 0.10893
9.215 0.108818
9.22 0.108705
9.225 0.108593
9.23 0.108481
9.235 0.108369
9.24 0.108257
9.245 0.108146
9.25 0.108034
9.255 0.107923
9.26 0.107812
9.265 0.107701
9.27 0.10759
9.275 0.10748
9.28 0.107369
9.285 0.107259
9.29 0.107149
9.295 0.107039
9.3 0.106929
9.305 0.10682
9.31 0.10671
9.315 0.106601
9.32 0.106492
9.325 0.106383
9.33 0.106274
9.335 0.106165
9.34 0.106057
9.345 0.105949
9.35 0.105841
9.355 0.105733
9.36 0.105625
9.365 0.105517
9.37 0.10541
9.375 0.105302
9.38 0.105195
9.385 0.105088
9.39 0.104981
9.395 0.104875
9.4 0.104768
9.405 0.104662
9.41 0.104556
9.415 0.104449
9.42 0.104344
9.425 0.104238
9.43 0.104132
9.435 0.104027
9.44 0.103922
9.445 0.103816
9.45 0.103712
9.455 0.103607
9.46 0.103502
9.465 0.103398
9.47 0.103293
9.475 0.103189
9.48 0.103085
9.485 0.102981
9.49 0.102877
9.495 0.102774
9.5 0.10267
9.505 0.102567
9.51 0.102464
9.515 0.102361
9.52 0.102258
9.525 0.102156
9.53 0.102053
9.535 0.101951
9.54 0.101849
9.545 0.101747
9.55 0.101645
9.555 0.101543
9.56 0.101441
9.565 0.10134
9.57 0.101239
9.575 0.101137
9.58 0.101036
9.585 0.100936
9.59 0.100835
9.595 0.100734
9.6 0.100634
9.605 0.100534
9.61 0.100433
9.615 0.100333
9.62 0.100234
9.625 0.100134
9.63 0.100034
9.635 0.099935
9.64 0.0998358
9.645 0.0997367
9.65 0.0996377
9.655 0.0995389
9.66 0.0994402
9.665 0.0993417
9.67 0.0992433
9.675 0.0991451
9.68 0.099047
9.685 0.098949
9.69 0.0988512
9.695 0.0987535
9.7 0.098656
9.705 0.0985586
9.71 0.0984613
9.715 0.0983642
9.72 0.0982672
9.725 0.0981704
9.73 0.0980737
9.735 0.0979772
9.74 0.0978808
9.745 0.0977845
9.75 0.0976884
9.755 0.0975924
9.76 0.0974965
9.765 0.0974008
9.77 0.0973052
9.775 0.0972098
9.78 0.0971145
9.785 0.0970193
9.79 0.0969243
9.795 0.0968294
9.8 0.0967346
9.805 0.09664
9.81 0.0965455
9.815 0.0964512
9.82 0.096357
9.825 0.0962629
9.83 0.0961689
9.835 0.0960751
9.84 0.0959815
9.845 0.0958879
9.85 0.0957945
9.855 0.0957012
9.86 0.0956081
9.865 0.0955151
9.87 0.0954222
9.875 0.0953295
9.88 0.0952369
9.885 0.0951444
9.89 0.095052
9.895 0.0949598
9.9 0.0948677
9.905 0.0947758
9.91 0.094684
9.915 0.0945923
9.92 0.0945007
9.925 0.0944093
9.93 0.094318
9.935 0.0942268
9.94 0.0941358
9.945 0.0940449
9.95 0.0939541
9.955 0.0938634
9.96 0.0937729
9.965 0.0936825
9.97 0.0935923
9.975 0.0935021
9.98 0.0934121
9.985 0.0933222
9.99 0.0932325
9.995 0.0931428
