0 -nan
0.005 0.840257
0.01 0.235106
0.015 0.909427
0.02 0.575491
0.025 0.390834
0.03 0.0141898
0.035 0.231407
0.04 0.288015
0.045 0.217216
0.05 0.152451
0.055 0.136149
0.06 0.160284
0.065 0.205833
0.07 0.257462
0.075 0.305953
0.08 0.34687
0.085 0.378774
0.09 0.401857
0.095 0.417077
0.1 0.425662
0.105 0.428851
0.11 0.427774
0.115 0.423402
0.12 0.416545
0.125 0.407862
0.13 0.397879
0.135 0.387013
0.14 0.375591
0.145 0.363864
0.15 0.352027
0.155 0.340225
0.16 0.32857
0.165 0.317142
0.17 0.306
0.175 0.295182
0.18 0.284717
0.185 0.27462
0.19 0.264899
0.195 0.255557
0.2 0.24659
0.205 0.237992
0.21 0.229754
0.215 0.221866
0.22 0.214316
0.225 0.207092
0.23 0.20018
0.235 0.193568
0.24 0.187242
0.245 0.181189
0.25 0.175398
0.255 0.169855
0.26 0.164549
0.265 0.159468
0.27 0.154601
0.275 0.149939
0.28 0.14547
0.285 0.141186
0.29 0.137076
0.295 0.133134
0.3 0.12935
0.305 0.125717
0.31 0.122227
0.315 0.118874
0.32 0.115651
0.325 0.112552
0.33 0.10957
0.335 0.106701
0.34 0.103939
0.345 0.101279
0.35 0.0987157
0.355 0.0962456
0.36 0.093864
0.365 0.091567
0.37 0.0893508
0.375 0.0872117
0.38 0.0851464
0.385 0.0831516
0.39 0.0812242
0.395 0.0793614
0.4 0.0775604
0.405 0.0758185
0.41 0.0741333
0.415 0.0725024
0.42 0.0709236
0.425 0.0693946
0.43 0.0679136
0.435 0.0664786
0.44 0.0650877
0.445 0.0637391
0.45 0.0624313
0.455 0.0611626
0.46 0.0599315
0.465 0.0587366
0.47 0.0575764
0.475 0.0564498
0.48 0.0553553
0.485 0.0542919
0.49 0.0532584
0.495 0.0522537
0.5 0.0512768
0.505 0.0503266
0.51 0.0494022
0.515 0.0485028
0.52 0.0476273
0.525 0.046775
0.53 0.0459452
0.535 0.0451369
0.54 0.0443495
0.545 0.0435824
0.55 0.0428347
0.555 0.0421059
0.56 0.0413953
0.565 0.0407024
0.57 0.0400265
0.575 0.0393672
0.58 0.0387238
0.585 0.0380959
0.59 0.0374831
0.595 0.0368848
0.6 0.0363005
0.605 0.0357299
0.61 0.0351725
0.615 0.0346279
0.62 0.0340958
0.625 0.0335758
0.63 0.0330674
0.635 0.0325705
0.64 0.0320845
0.645 0.0316093
0.65 0.0311444
0.655 0.0306897
0.66 0.0302447
0.665 0.0298093
0.67 0.0293832
0.675 0.0289661
0.68 0.0285577
0.685 0.0281579
0.69 0.0277663
0.695 0.0273828
0.7 0.0270071
0.705 0.026639
0.71 0.0262784
0.715 0.025925
0.72 0.0255787
0.725 0.0252391
0.73 0.0249063
0.735 0.02458
0.74 0.02426
0.745 0.0239461
0.75 0.0236383
0.755 0.0233364
0.76 0.0230401
0.765 0.0227495
0.77 0.0224643
0.775 0.0221843
0.78 0.0219096
0.785 0.0216399
0.79 0.0213751
0.795 0.0211151
0.8 0.0208599
0.805 0.0206092
0.81 0.0203629
0.815 0.0201211
0.82 0.0198834
0.825 0.01965
0.83 0.0194206
0.835 0.0191952
0.84 0.0189737
0.845 0.018756
0.85 0.018542
0.855 0.0183316
0.86 0.0181248
0.865 0.0179214
0.87 0.0177214
0.875 0.0175248
0.88 0.0173313
0.885 0.0171411
0.89 0.0169539
0.895 0.0167698
0.9 0.0165887
0.905 0.0164105
0.91 0.0162351
0.915 0.0160625
0.92 0.0158926
0.925 0.0157254
0.93 0.0155608
0.935 0.0153988
0.94 0.0152393
0.945 0.0150822
0.95 0.0149275
0.955 0.0147753
0.96 0.0146253
0.965 0.0144775
0.97 0.014332
0.975 0.0141887
0.98 0.0140475
0.985 0.0139084
0.99 0.0137714
0.995 0.0136363
1 0.0135033
1.005 0.0133721
1.01 0.0132429
1.015 0.0131155
1.02 0.0129899
1.025 0.0128662
1.03 0.0127441
1.035 0.0126239
1.04 0.0125052
1.045 0.0123883
1.05 0.012273
1.055 0.0121593
1.06 0.0120471
1.065 0.0119365
1.07 0.0118274
1.075 0.0117198
1.08 0.0116136
1.085 0.0115089
1.09 0.0114056
1.095 0.0113037
1.1 0.0112031
1.105 0.0111039
1.11 0.0110059
1.115 0.0109093
1.12 0.0108139
1.125 0.0107197
1.13 0.0106268
1.135 0.0105351
1.14 0.0104446
1.145 0.0103552
1.15 0.0102669
1.155 0.0101798
1.16 0.0100938
1.165 0.0100089
1.17 0.009925
1.175 0.00984218
1.18 0.00976038
1.185 0.0096796
1.19 0.00959982
1.195 0.00952102
1.2 0.00944318
1.205 0.00936629
1.21 0.00929033
1.215 0.0092153
1.22 0.00914116
1.225 0.00906792
1.23 0.00899555
1.235 0.00892404
1.24 0.00885338
1.245 0.00878355
1.25 0.00871454
1.255 0.00864635
1.26 0.00857894
1.265 0.00851233
1.27 0.00844648
1.275 0.00838139
1.28 0.00831705
1.285 0.00825345
1.29 0.00819058
1.295 0.00812841
1.3 0.00806695
1.305 0.00800619
1.31 0.00794611
1.315 0.0078867
1.32 0.00782795
1.325 0.00776986
1.33 0.0077124
1.335 0.00765559
1.34 0.00759939
1.345 0.00754382
1.35 0.00748885
1.355 0.00743447
1.36 0.00738069
1.365 0.00732748
1.37 0.00727485
1.375 0.00722279
1.38 0.00717127
1.385 0.00712031
1.39 0.00706989
1.395 0.00702
1.4 0.00697063
1.405 0.00692179
1.41 0.00687345
1.415 0.00682562
1.42 0.00677829
1.425 0.00673144
1.43 0.00668508
1.435 0.0066392
1.44 0.00659378
1.445 0.00654883
1.45 0.00650434
1.455 0.00646029
1.46 0.0064167
1.465 0.00637354
1.47 0.00633082
1.475 0.00628852
1.48 0.00624664
1.485 0.00620518
1.49 0.00616414
1.495 0.00612349
1.5 0.00608325
1.505 0.0060434
1.51 0.00600395
1.515 0.00596487
1.52 0.00592618
1.525 0.00588786
1.53 0.00584991
1.535 0.00581233
1.54 0.00577511
1.545 0.00573824
1.55 0.00570172
1.555 0.00566555
1.56 0.00562973
1.565 0.00559424
1.57 0.00555909
1.575 0.00552426
1.58 0.00548977
1.585 0.00545559
1.59 0.00542173
1.595 0.00538819
1.6 0.00535495
1.605 0.00532203
1.61 0.0052894
1.615 0.00525707
1.62 0.00522504
1.625 0.0051933
1.63 0.00516185
1.635 0.00513068
1.64 0.0050998
1.645 0.00506919
1.65 0.00503885
1.655 0.00500879
1.66 0.00497899
1.665 0.00494946
1.67 0.00492019
1.675 0.00489118
1.68 0.00486243
1.685 0.00483393
1.69 0.00480567
1.695 0.00477767
1.7 0.00474991
1.705 0.00472239
1.71 0.0046951
1.715 0.00466806
1.72 0.00464124
1.725 0.00461466
1.73 0.0045883
1.735 0.00456217
1.74 0.00453626
1.745 0.00451057
1.75 0.0044851
1.755 0.00445984
1.76 0.0044348
1.765 0.00440996
1.77 0.00438534
1.775 0.00436091
1.78 0.0043367
1.785 0.00431268
1.79 0.00428886
1.795 0.00426524
1.8 0.00424181
1.805 0.00421858
1.81 0.00419553
1.815 0.00417268
1.82 0.00415001
1.825 0.00412752
1.83 0.00410522
1.835 0.00408309
1.84 0.00406115
1.845 0.00403938
1.85 0.00401778
1.855 0.00399636
1.86 0.00397511
1.865 0.00395403
1.87 0.00393311
1.875 0.00391236
1.88 0.00389177
1.885 0.00387135
1.89 0.00385108
1.895 0.00383098
1.9 0.00381103
1.905 0.00379124
1.91 0.0037716
1.915 0.00375211
1.92 0.00373277
1.925 0.00371358
1.93 0.00369454
1.935 0.00367565
1.94 0.0036569
1.945 0.00363829
1.95 0.00361982
1.955 0.0036015
1.96 0.00358331
1.965 0.00356526
1.97 0.00354734
1.975 0.00352957
1.98 0.00351192
1.985 0.00349441
1.99 0.00347702
1.995 0.00345977
2 0.00344264
2.005 0.00342564
2.01 0.00340877
2.015 0.00339202
2.02 0.00337539
2.025 0.00335889
2.03 0.0033425
2.035 0.00332624
2.04 0.00331009
2.045 0.00329406
2.05 0.00327815
2.055 0.00326235
2.06 0.00324667
2.065 0.0032311
2.07 0.00321564
2.075 0.00320029
2.08 0.00318505
2.085 0.00316992
2.09 0.00315489
2.095 0.00313997
2.1 0.00312516
2.105 0.00311046
2.11 0.00309585
2.115 0.00308135
2.12 0.00306695
2.125 0.00305265
2.13 0.00303845
2.135 0.00302435
2.14 0.00301035
2.145 0.00299645
2.15 0.00298264
2.155 0.00296892
2.16 0.0029553
2.165 0.00294177
2.17 0.00292834
2.175 0.002915
2.18 0.00290175
2.185 0.00288859
2.19 0.00287551
2.195 0.00286253
2.2 0.00284963
2.205 0.00283683
2.21 0.0028241
2.215 0.00281147
2.22 0.00279891
2.225 0.00278644
2.23 0.00277406
2.235 0.00276175
2.24 0.00274953
2.245 0.00273739
2.25 0.00272533
2.255 0.00271335
2.26 0.00270145
2.265 0.00268962
2.27 0.00267788
2.275 0.00266621
2.28 0.00265461
2.285 0.00264309
2.29 0.00263165
2.295 0.00262028
2.3 0.00260898
2.305 0.00259776
2.31 0.00258661
2.315 0.00257553
2.32 0.00256452
2.325 0.00255358
2.33 0.00254271
2.335 0.00253191
2.34 0.00252118
2.345 0.00251052
2.35 0.00249992
2.355 0.0024894
2.36 0.00247893
2.365 0.00246854
2.37 0.00245821
2.375 0.00244794
2.38 0.00243774
2.385 0.0024276
2.39 0.00241752
2.395 0.00240751
2.4 0.00239756
2.405 0.00238767
2.41 0.00237784
2.415 0.00236808
2.42 0.00235837
2.425 0.00234872
2.43 0.00233913
2.435 0.0023296
2.44 0.00232013
2.445 0.00231071
2.45 0.00230135
2.455 0.00229205
2.46 0.00228281
2.465 0.00227362
2.47 0.00226449
2.475 0.00225541
2.48 0.00224638
2.485 0.00223741
2.49 0.0022285
2.495 0.00221963
2.5 0.00221082
2.505 0.00220206
2.51 0.00219336
2.515 0.0021847
2.52 0.0021761
2.525 0.00216755
2.53 0.00215904
2.535 0.00215059
2.54 0.00214219
2.545 0.00213383
2.55 0.00212553
2.555 0.00211727
2.56 0.00210906
2.565 0.0021009
2.57 0.00209279
2.575 0.00208472
2.58 0.0020767
2.585 0.00206872
2.59 0.00206079
2.595 0.00205291
2.6 0.00204507
2.605 0.00203728
2.61 0.00202953
2.615 0.00202183
2.62 0.00201417
2.625 0.00200655
2.63 0.00199897
2.635 0.00199144
2.64 0.00198395
2.645 0.0019765
2.65 0.0019691
2.655 0.00196174
2.66 0.00195441
2.665 0.00194713
2.67 0.00193989
2.675 0.00193269
2.68 0.00192553
2.685 0.00191841
2.69 0.00191133
2.695 0.00190428
2.7 0.00189728
2.705 0.00189032
2.71 0.00188339
2.715 0.0018765
2.72 0.00186965
2.725 0.00186284
2.73 0.00185606
2.735 0.00184932
2.74 0.00184262
2.745 0.00183595
2.75 0.00182932
2.755 0.00182272
2.76 0.00181617
2.765 0.00180964
2.77 0.00180315
2.775 0.0017967
2.78 0.00179028
2.785 0.00178389
2.79 0.00177754
2.795 0.00177123
2.8 0.00176494
2.805 0.00175869
2.81 0.00175248
2.815 0.00174629
2.82 0.00174014
2.825 0.00173402
2.83 0.00172794
2.835 0.00172188
2.84 0.00171586
2.845 0.00170987
2.85 0.00170391
2.855 0.00169798
2.86 0.00169208
2.865 0.00168621
2.87 0.00168037
2.875 0.00167457
2.88 0.00166879
2.885 0.00166304
2.89 0.00165733
2.895 0.00165164
2.9 0.00164598
2.905 0.00164035
2.91 0.00163475
2.915 0.00162918
2.92 0.00162363
2.925 0.00161812
2.93 0.00161263
2.935 0.00160717
2.94 0.00160174
2.945 0.00159633
2.95 0.00159096
2.955 0.00158561
2.96 0.00158028
2.965 0.00157499
2.97 0.00156972
2.975 0.00156447
2.98 0.00155926
2.985 0.00155407
2.99 0.0015489
2.995 0.00154376
3 0.00153865
3.005 0.00153356
3.01 0.00152849
3.015 0.00152346
3.02 0.00151844
3.025 0.00151345
3.03 0.00150849
3.035 0.00150355
3.04 0.00149863
3.045 0.00149374
3.05 0.00148887
3.055 0.00148403
3.06 0.00147921
3.065 0.00147441
3.07 0.00146964
3.075 0.00146489
3.08 0.00146016
3.085 0.00145546
3.09 0.00145077
3.095 0.00144611
3.1 0.00144148
3.105 0.00143686
3.11 0.00143227
3.115 0.0014277
3.12 0.00142315
3.125 0.00141862
3.13 0.00141412
3.135 0.00140963
3.14 0.00140517
3.145 0.00140073
3.15 0.00139631
3.155 0.00139191
3.16 0.00138753
3.165 0.00138317
3.17 0.00137883
3.175 0.00137451
3.18 0.00137022
3.185 0.00136594
3.19 0.00136168
3.195 0.00135745
3.2 0.00135323
3.205 0.00134903
3.21 0.00134485
3.215 0.00134069
3.22 0.00133655
3.225 0.00133243
3.23 0.00132833
3.235 0.00132425
3.24 0.00132018
3.245 0.00131614
3.25 0.00131211
3.255 0.0013081
3.26 0.00130411
3.265 0.00130014
3.27 0.00129619
3.275 0.00129225
3.28 0.00128833
3.285 0.00128443
3.29 0.00128055
3.295 0.00127669
3.3 0.00127284
3.305 0.00126901
3.31 0.0012652
3.315 0.0012614
3.32 0.00125762
3.325 0.00125386
3.33 0.00125012
3.335 0.00124639
3.34 0.00124268
3.345 0.00123898
3.35 0.0012353
3.355 0.00123164
3.36 0.001228
3.365 0.00122437
3.37 0.00122075
3.375 0.00121716
3.38 0.00121357
3.385 0.00121001
3.39 0.00120646
3.395 0.00120292
3.4 0.0011994
3.405 0.0011959
3.41 0.00119241
3.415 0.00118894
3.42 0.00118548
3.425 0.00118204
3.43 0.00117861
3.435 0.0011752
3.44 0.0011718
3.445 0.00116842
3.45 0.00116505
3.455 0.00116169
3.46 0.00115835
3.465 0.00115503
3.47 0.00115172
3.475 0.00114842
3.48 0.00114514
3.485 0.00114187
3.49 0.00113861
3.495 0.00113537
3.5 0.00113215
3.505 0.00112893
3.51 0.00112573
3.515 0.00112255
3.52 0.00111937
3.525 0.00111621
3.53 0.00111307
3.535 0.00110994
3.54 0.00110682
3.545 0.00110371
3.55 0.00110062
3.555 0.00109754
3.56 0.00109447
3.565 0.00109142
3.57 0.00108837
3.575 0.00108534
3.58 0.00108233
3.585 0.00107932
3.59 0.00107633
3.595 0.00107335
3.6 0.00107039
3.605 0.00106743
3.61 0.00106449
3.615 0.00106156
3.62 0.00105864
3.625 0.00105574
3.63 0.00105284
3.635 0.00104996
3.64 0.00104709
3.645 0.00104423
3.65 0.00104139
3.655 0.00103855
3.66 0.00103573
3.665 0.00103292
3.67 0.00103012
3.675 0.00102733
3.68 0.00102455
3.685 0.00102178
3.69 0.00101903
3.695 0.00101628
3.7 0.00101355
3.705 0.00101083
3.71 0.00100811
3.715 0.00100541
3.72 0.00100272
3.725 0.00100005
3.73 0.000997377
3.735 0.00099472
3.74 0.000992073
3.745 0.000989437
3.75 0.000986811
3.755 0.000984196
3.76 0.000981591
3.765 0.000978996
3.77 0.000976411
3.775 0.000973837
3.78 0.000971273
3.785 0.000968719
3.79 0.000966175
3.795 0.000963642
3.8 0.000961118
3.805 0.000958604
3.81 0.000956099
3.815 0.000953605
3.82 0.000951121
3.825 0.000948646
3.83 0.00094618
3.835 0.000943725
3.84 0.000941279
3.845 0.000938842
3.85 0.000936415
3.855 0.000933997
3.86 0.000931588
3.865 0.000929189
3.87 0.000926799
3.875 0.000924419
3.88 0.000922047
3.885 0.000919685
3.89 0.000917332
3.895 0.000914987
3.9 0.000912652
3.905 0.000910325
3.91 0.000908008
3.915 0.000905699
3.92 0.000903399
3.925 0.000901108
3.93 0.000898826
3.935 0.000896552
3.94 0.000894287
3.945 0.00089203
3.95 0.000889782
3.955 0.000887542
3.96 0.000885311
3.965 0.000883089
3.97 0.000880874
3.975 0.000878668
3.98 0.00087647
3.985 0.000874281
3.99 0.000872099
3.995 0.000869926
4 0.000867761
4.005 0.000865604
4.01 0.000863455
4.015 0.000861314
4.02 0.000859181
4.025 0.000857056
4.03 0.000854939
4.035 0.000852829
4.04 0.000850727
4.045 0.000848634
4.05 0.000846547
4.055 0.000844469
4.06 0.000842398
4.065 0.000840335
4.07 0.000838279
4.075 0.000836231
4.08 0.00083419
4.085 0.000832157
4.09 0.000830132
4.095 0.000828113
4.1 0.000826102
4.105 0.000824098
4.11 0.000822102
4.115 0.000820113
4.12 0.000818131
4.125 0.000816156
4.13 0.000814188
4.135 0.000812228
4.14 0.000810274
4.145 0.000808328
4.15 0.000806389
4.155 0.000804456
4.16 0.000802531
4.165 0.000800612
4.17 0.0007987
4.175 0.000796795
4.18 0.000794897
4.185 0.000793006
4.19 0.000791121
4.195 0.000789243
4.2 0.000787372
4.205 0.000785508
4.21 0.00078365
4.215 0.000781798
4.22 0.000779954
4.225 0.000778115
4.23 0.000776283
4.235 0.000774458
4.24 0.000772639
4.245 0.000770827
4.25 0.000769021
4.255 0.000767221
4.26 0.000765427
4.265 0.00076364
4.27 0.000761859
4.275 0.000760084
4.28 0.000758316
4.285 0.000756553
4.29 0.000754797
4.295 0.000753047
4.3 0.000751303
4.305 0.000749565
4.31 0.000747833
4.315 0.000746107
4.32 0.000744387
4.325 0.000742673
4.33 0.000740965
4.335 0.000739262
4.34 0.000737566
4.345 0.000735875
4.35 0.000734191
4.355 0.000732512
4.36 0.000730838
4.365 0.000729171
4.37 0.000727509
4.375 0.000725853
4.38 0.000724202
4.385 0.000722558
4.39 0.000720918
4.395 0.000719284
4.4 0.000717656
4.405 0.000716034
4.41 0.000714417
4.415 0.000712805
4.42 0.000711199
4.425 0.000709598
4.43 0.000708002
4.435 0.000706412
4.44 0.000704828
4.445 0.000703248
4.45 0.000701674
4.455 0.000700105
4.46 0.000698542
4.465 0.000696984
4.47 0.00069543
4.475 0.000693883
4.48 0.00069234
4.485 0.000690802
4.49 0.00068927
4.495 0.000687742
4.5 0.00068622
4.505 0.000684703
4.51 0.00068319
4.515 0.000681683
4.52 0.000680181
4.525 0.000678684
4.53 0.000677191
4.535 0.000675704
4.54 0.000674221
4.545 0.000672744
4.55 0.000671271
4.555 0.000669803
4.56 0.00066834
4.565 0.000666881
4.57 0.000665427
4.575 0.000663979
4.58 0.000662534
4.585 0.000661095
4.59 0.00065966
4.595 0.00065823
4.6 0.000656805
4.605 0.000655384
4.61 0.000653968
4.615 0.000652556
4.62 0.000651149
4.625 0.000649746
4.63 0.000648348
4.635 0.000646955
4.64 0.000645566
4.645 0.000644181
4.65 0.000642801
4.655 0.000641425
4.66 0.000640054
4.665 0.000638687
4.67 0.000637325
4.675 0.000635967
4.68 0.000634613
4.685 0.000633263
4.69 0.000631918
4.695 0.000630577
4.7 0.000629241
4.705 0.000627908
4.71 0.00062658
4.715 0.000625256
4.72 0.000623936
4.725 0.000622621
4.73 0.000621309
4.735 0.000620002
4.74 0.000618699
4.745 0.0006174
4.75 0.000616105
4.755 0.000614814
4.76 0.000613527
4.765 0.000612244
4.77 0.000610965
4.775 0.00060969
4.78 0.00060842
4.785 0.000607153
4.79 0.00060589
4.795 0.000604631
4.8 0.000603376
4.805 0.000602125
4.81 0.000600877
4.815 0.000599634
4.82 0.000598395
4.825 0.000597159
4.83 0.000595927
4.835 0.000594699
4.84 0.000593475
4.845 0.000592254
4.85 0.000591037
4.855 0.000589824
4.86 0.000588615
4.865 0.00058741
4.87 0.000586208
4.875 0.00058501
4.88 0.000583815
4.885 0.000582624
4.89 0.000581437
4.895 0.000580253
4.9 0.000579074
4.905 0.000577897
4.91 0.000576724
4.915 0.000575555
4.92 0.000574389
4.925 0.000573227
4.93 0.000572069
4.935 0.000570914
4.94 0.000569762
4.945 0.000568614
4.95 0.000567469
4.955 0.000566328
4.96 0.00056519
4.965 0.000564056
4.97 0.000562925
4.975 0.000561797
4.98 0.000560673
4.985 0.000559552
4.99 0.000558435
4.995 0.000557321
5 0.00055621
5.005 0.000555103
5.01 0.000553999
5.015 0.000552898
5.02 0.0005518
5.025 0.000550706
5.03 0.000549615
5.035 0.000548527
5.04 0.000547442
5.045 0.000546361
5.05 0.000545283
5.055 0.000544208
5.06 0.000543136
5.065 0.000542068
5.07 0.000541002
5.075 0.00053994
5.08 0.00053888
5.085 0.000537824
5.09 0.000536771
5.095 0.000535721
5.1 0.000534675
5.105 0.000533631
5.11 0.00053259
5.115 0.000531552
5.12 0.000530518
5.125 0.000529486
5.13 0.000528457
5.135 0.000527432
5.14 0.000526409
5.145 0.000525389
5.15 0.000524373
5.155 0.000523359
5.16 0.000522348
5.165 0.00052134
5.17 0.000520335
5.175 0.000519333
5.18 0.000518334
5.185 0.000517338
5.19 0.000516344
5.195 0.000515353
5.2 0.000514366
5.205 0.000513381
5.21 0.000512399
5.215 0.000511419
5.22 0.000510443
5.225 0.000509469
5.23 0.000508498
5.235 0.00050753
5.24 0.000506565
5.245 0.000505602
5.25 0.000504642
5.255 0.000503685
5.26 0.000502731
5.265 0.000501779
5.27 0.00050083
5.275 0.000499884
5.28 0.00049894
5.285 0.000497999
5.29 0.000497061
5.295 0.000496125
5.3 0.000495192
5.305 0.000494262
5.31 0.000493334
5.315 0.000492409
5.32 0.000491486
5.325 0.000490566
5.33 0.000489649
5.335 0.000488734
5.34 0.000487822
5.345 0.000486912
5.35 0.000486005
5.355 0.0004851
5.36 0.000484198
5.365 0.000483299
5.37 0.000482402
5.375 0.000481507
5.38 0.000480615
5.385 0.000479725
5.39 0.000478838
5.395 0.000477953
5.4 0.000477071
5.405 0.000476191
5.41 0.000475314
5.415 0.000474439
5.42 0.000473566
5.425 0.000472696
5.43 0.000471828
5.435 0.000470963
5.44 0.0004701
5.445 0.00046924
5.45 0.000468381
5.455 0.000467525
5.46 0.000466672
5.465 0.000465821
5.47 0.000464972
5.475 0.000464125
5.48 0.000463281
5.485 0.000462439
5.49 0.000461599
5.495 0.000460762
5.5 0.000459927
5.505 0.000459094
5.51 0.000458263
5.515 0.000457435
5.52 0.000456609
5.525 0.000455785
5.53 0.000454963
5.535 0.000454144
5.54 0.000453327
5.545 0.000452512
5.55 0.000451699
5.555 0.000450888
5.56 0.00045008
5.565 0.000449274
5.57 0.00044847
5.575 0.000447668
5.58 0.000446868
5.585 0.00044607
5.59 0.000445275
5.595 0.000444481
5.6 0.00044369
5.605 0.000442901
5.61 0.000442114
5.615 0.000441329
5.62 0.000440546
5.625 0.000439765
5.63 0.000438986
5.635 0.00043821
5.64 0.000437435
5.645 0.000436663
5.65 0.000435892
5.655 0.000435124
5.66 0.000434357
5.665 0.000433593
5.67 0.000432831
5.675 0.00043207
5.68 0.000431312
5.685 0.000430555
5.69 0.000429801
5.695 0.000429049
5.7 0.000428298
5.705 0.00042755
5.71 0.000426803
5.715 0.000426059
5.72 0.000425316
5.725 0.000424575
5.73 0.000423837
5.735 0.0004231
5.74 0.000422365
5.745 0.000421632
5.75 0.000420901
5.755 0.000420172
5.76 0.000419444
5.765 0.000418719
5.77 0.000417995
5.775 0.000417274
5.78 0.000416554
5.785 0.000415836
5.79 0.00041512
5.795 0.000414406
5.8 0.000413693
5.805 0.000412983
5.81 0.000412274
5.815 0.000411567
5.82 0.000410862
5.825 0.000410159
5.83 0.000409458
5.835 0.000408758
5.84 0.00040806
5.845 0.000407364
5.85 0.00040667
5.855 0.000405977
5.86 0.000405286
5.865 0.000404597
5.87 0.00040391
5.875 0.000403225
5.88 0.000402541
5.885 0.000401859
5.89 0.000401179
5.895 0.0004005
5.9 0.000399823
5.905 0.000399148
5.91 0.000398475
5.915 0.000397803
5.92 0.000397133
5.925 0.000396465
5.93 0.000395798
5.935 0.000395133
5.94 0.00039447
5.945 0.000393808
5.95 0.000393148
5.955 0.00039249
5.96 0.000391833
5.965 0.000391178
5.97 0.000390525
5.975 0.000389873
5.98 0.000389223
5.985 0.000388575
5.99 0.000387928
5.995 0.000387282
6 0.000386639
6.005 0.000385997
6.01 0.000385356
6.015 0.000384718
6.02 0.00038408
6.025 0.000383445
6.03 0.000382811
6.035 0.000382178
6.04 0.000381547
6.045 0.000380918
6.05 0.00038029
6.055 0.000379664
6.06 0.000379039
6.065 0.000378416
6.07 0.000377794
6.075 0.000377174
6.08 0.000376555
6.085 0.000375938
6.09 0.000375323
6.095 0.000374709
6.1 0.000374096
6.105 0.000373485
6.11 0.000372875
6.115 0.000372267
6.12 0.000371661
6.125 0.000371056
6.13 0.000370452
6.135 0.00036985
6.14 0.000369249
6.145 0.00036865
6.15 0.000368052
6.155 0.000367456
6.16 0.000366861
6.165 0.000366268
6.17 0.000365676
6.175 0.000365085
6.18 0.000364496
6.185 0.000363908
6.19 0.000363322
6.195 0.000362737
6.2 0.000362154
6.205 0.000361572
6.21 0.000360991
6.215 0.000360412
6.22 0.000359834
6.225 0.000359258
6.23 0.000358683
6.235 0.000358109
6.24 0.000357537
6.245 0.000356966
6.25 0.000356396
6.255 0.000355828
6.26 0.000355261
6.265 0.000354695
6.27 0.000354131
6.275 0.000353568
6.28 0.000353007
6.285 0.000352447
6.29 0.000351888
6.295 0.000351331
6.3 0.000350774
6.305 0.00035022
6.31 0.000349666
6.315 0.000349114
6.32 0.000348563
6.325 0.000348013
6.33 0.000347465
6.335 0.000346918
6.34 0.000346372
6.345 0.000345828
6.35 0.000345285
6.355 0.000344743
6.36 0.000344202
6.365 0.000343663
6.37 0.000343125
6.375 0.000342588
6.38 0.000342053
6.385 0.000341518
6.39 0.000340985
6.395 0.000340453
6.4 0.000339923
6.405 0.000339394
6.41 0.000338866
6.415 0.000338339
6.42 0.000337813
6.425 0.000337289
6.43 0.000336766
6.435 0.000336244
6.44 0.000335723
6.445 0.000335203
6.45 0.000334685
6.455 0.000334168
6.46 0.000333652
6.465 0.000333137
6.47 0.000332624
6.475 0.000332111
6.48 0.0003316
6.485 0.00033109
6.49 0.000330581
6.495 0.000330074
6.5 0.000329567
6.505 0.000329062
6.51 0.000328558
6.515 0.000328055
6.52 0.000327553
6.525 0.000327052
6.53 0.000326553
6.535 0.000326054
6.54 0.000325557
6.545 0.000325061
6.55 0.000324566
6.555 0.000324072
6.56 0.000323579
6.565 0.000323088
6.57 0.000322597
6.575 0.000322108
6.58 0.00032162
6.585 0.000321133
6.59 0.000320647
6.595 0.000320162
6.6 0.000319678
6.605 0.000319195
6.61 0.000318713
6.615 0.000318233
6.62 0.000317753
6.625 0.000317275
6.63 0.000316798
6.635 0.000316321
6.64 0.000315846
6.645 0.000315372
6.65 0.000314899
6.655 0.000314427
6.66 0.000313956
6.665 0.000313486
6.67 0.000313018
6.675 0.00031255
6.68 0.000312083
6.685 0.000311618
6.69 0.000311153
6.695 0.000310689
6.7 0.000310227
6.705 0.000309765
6.71 0.000309305
6.715 0.000308845
6.72 0.000308387
6.725 0.00030793
6.73 0.000307473
6.735 0.000307018
6.74 0.000306563
6.745 0.00030611
6.75 0.000305658
6.755 0.000305206
6.76 0.000304756
6.765 0.000304307
6.77 0.000303858
6.775 0.000303411
6.78 0.000302964
6.785 0.000302519
6.79 0.000302075
6.795 0.000301631
6.8 0.000301189
6.805 0.000300747
6.81 0.000300307
6.815 0.000299867
6.82 0.000299429
6.825 0.000298991
6.83 0.000298554
6.835 0.000298119
6.84 0.000297684
6.845 0.00029725
6.85 0.000296817
6.855 0.000296385
6.86 0.000295954
6.865 0.000295524
6.87 0.000295095
6.875 0.000294667
6.88 0.00029424
6.885 0.000293813
6.89 0.000293388
6.895 0.000292964
6.9 0.00029254
6.905 0.000292117
6.91 0.000291696
6.915 0.000291275
6.92 0.000290855
6.925 0.000290436
6.93 0.000290018
6.935 0.000289601
6.94 0.000289185
6.945 0.000288769
6.95 0.000288355
6.955 0.000287941
6.96 0.000287528
6.965 0.000287117
6.97 0.000286706
6.975 0.000286296
6.98 0.000285886
6.985 0.000285478
6.99 0.000285071
6.995 0.000284664
7 0.000284258
7.005 0.000283854
7.01 0.00028345
7.015 0.000283047
7.02 0.000282644
7.025 0.000282243
7.03 0.000281843
7.035 0.000281443
7.04 0.000281044
7.045 0.000280646
7.05 0.000280249
7.055 0.000279853
7.06 0.000279457
7.065 0.000279063
7.07 0.000278669
7.075 0.000278276
7.08 0.000277884
7.085 0.000277493
7.09 0.000277102
7.095 0.000276712
7.1 0.000276324
7.105 0.000275936
7.11 0.000275549
7.115 0.000275162
7.12 0.000274777
7.125 0.000274392
7.13 0.000274008
7.135 0.000273625
7.14 0.000273243
7.145 0.000272861
7.15 0.00027248
7.155 0.0002721
7.16 0.000271721
7.165 0.000271343
7.17 0.000270965
7.175 0.000270589
7.18 0.000270213
7.185 0.000269837
7.19 0.000269463
7.195 0.000269089
7.2 0.000268717
7.205 0.000268344
7.21 0.000267973
7.215 0.000267603
7.22 0.000267233
7.225 0.000266864
7.23 0.000266496
7.235 0.000266128
7.24 0.000265761
7.245 0.000265395
7.25 0.00026503
7.255 0.000264666
7.26 0.000264302
7.265 0.000263939
7.27 0.000263577
7.275 0.000263215
7.28 0.000262855
7.285 0.000262495
7.29 0.000262135
7.295 0.000261777
7.3 0.000261419
7.305 0.000261062
7.31 0.000260706
7.315 0.00026035
7.32 0.000259995
7.325 0.000259641
7.33 0.000259288
7.335 0.000258935
7.34 0.000258583
7.345 0.000258232
7.35 0.000257882
7.355 0.000257532
7.36 0.000257183
7.365 0.000256834
7.37 0.000256487
7.375 0.00025614
7.38 0.000255793
7.385 0.000255448
7.39 0.000255103
7.395 0.000254759
7.4 0.000254415
7.405 0.000254072
7.41 0.00025373
7.415 0.000253389
7.42 0.000253048
7.425 0.000252708
7.43 0.000252369
7.435 0.00025203
7.44 0.000251692
7.445 0.000251355
7.45 0.000251018
7.455 0.000250682
7.46 0.000250347
7.465 0.000250012
7.47 0.000249678
7.475 0.000249345
7.48 0.000249013
7.485 0.000248681
7.49 0.000248349
7.495 0.000248019
7.5 0.000247689
7.505 0.00024736
7.51 0.000247031
7.515 0.000246703
7.52 0.000246376
7.525 0.000246049
7.53 0.000245723
7.535 0.000245398
7.54 0.000245073
7.545 0.000244749
7.55 0.000244425
7.555 0.000244102
7.56 0.00024378
7.565 0.000243459
7.57 0.000243138
7.575 0.000242818
7.58 0.000242498
7.585 0.000242179
7.59 0.000241861
7.595 0.000241543
7.6 0.000241226
7.605 0.000240909
7.61 0.000240593
7.615 0.000240278
7.62 0.000239964
7.625 0.00023965
7.63 0.000239336
7.635 0.000239023
7.64 0.000238711
7.645 0.0002384
7.65 0.000238089
7.655 0.000237778
7.66 0.000237469
7.665 0.000237159
7.67 0.000236851
7.675 0.000236543
7.68 0.000236236
7.685 0.000235929
7.69 0.000235623
7.695 0.000235317
7.7 0.000235012
7.705 0.000234708
7.71 0.000234404
7.715 0.000234101
7.72 0.000233799
7.725 0.000233497
7.73 0.000233195
7.735 0.000232894
7.74 0.000232594
7.745 0.000232294
7.75 0.000231995
7.755 0.000231697
7.76 0.000231399
7.765 0.000231102
7.77 0.000230805
7.775 0.000230509
7.78 0.000230213
7.785 0.000229918
7.79 0.000229623
7.795 0.000229329
7.8 0.000229036
7.805 0.000228743
7.81 0.000228451
7.815 0.000228159
7.82 0.000227868
7.825 0.000227578
7.83 0.000227288
7.835 0.000226998
7.84 0.000226709
7.845 0.000226421
7.85 0.000226133
7.855 0.000225846
7.86 0.000225559
7.865 0.000225273
7.87 0.000224987
7.875 0.000224702
7.88 0.000224418
7.885 0.000224134
7.89 0.00022385
7.895 0.000223567
7.9 0.000223285
7.905 0.000223003
7.91 0.000222722
7.915 0.000222441
7.92 0.00022216
7.925 0.000221881
7.93 0.000221602
7.935 0.000221323
7.94 0.000221045
7.945 0.000220767
7.95 0.00022049
7.955 0.000220213
7.96 0.000219937
7.965 0.000219662
7.97 0.000219387
7.975 0.000219112
7.98 0.000218838
7.985 0.000218565
7.99 0.000218292
7.995 0.000218019
8 0.000217747
8.005 0.000217476
8.01 0.000217205
8.015 0.000216935
8.02 0.000216665
8.025 0.000216395
8.03 0.000216126
8.035 0.000215858
8.04 0.00021559
8.045 0.000215323
8.05 0.000215056
8.055 0.000214789
8.06 0.000214523
8.065 0.000214258
8.07 0.000213993
8.075 0.000213728
8.08 0.000213464
8.085 0.000213201
8.09 0.000212938
8.095 0.000212675
8.1 0.000212413
8.105 0.000212152
8.11 0.000211891
8.115 0.00021163
8.12 0.00021137
8.125 0.000211111
8.13 0.000210851
8.135 0.000210593
8.14 0.000210335
8.145 0.000210077
8.15 0.00020982
8.155 0.000209563
8.16 0.000209307
8.165 0.000209051
8.17 0.000208795
8.175 0.000208541
8.18 0.000208286
8.185 0.000208032
8.19 0.000207779
8.195 0.000207526
8.2 0.000207273
8.205 0.000207021
8.21 0.000206769
8.215 0.000206518
8.22 0.000206268
8.225 0.000206017
8.23 0.000205767
8.235 0.000205518
8.24 0.000205269
8.245 0.000205021
8.25 0.000204773
8.255 0.000204525
8.26 0.000204278
8.265 0.000204031
8.27 0.000203785
8.275 0.000203539
8.28 0.000203294
8.285 0.000203049
8.29 0.000202805
8.295 0.000202561
8.3 0.000202317
8.305 0.000202074
8.31 0.000201831
8.315 0.000201589
8.32 0.000201347
8.325 0.000201106
8.33 0.000200865
8.335 0.000200625
8.34 0.000200384
8.345 0.000200145
8.35 0.000199906
8.355 0.000199667
8.36 0.000199429
8.365 0.000199191
8.37 0.000198953
8.375 0.000198716
8.38 0.000198479
8.385 0.000198243
8.39 0.000198007
8.395 0.000197772
8.4 0.000197537
8.405 0.000197302
8.41 0.000197068
8.415 0.000196835
8.42 0.000196601
8.425 0.000196368
8.43 0.000196136
8.435 0.000195904
8.44 0.000195672
8.445 0.000195441
8.45 0.00019521
8.455 0.00019498
8.46 0.00019475
8.465 0.00019452
8.47 0.000194291
8.475 0.000194062
8.48 0.000193834
8.485 0.000193606
8.49 0.000193378
8.495 0.000193151
8.5 0.000192924
8.505 0.000192698
8.51 0.000192472
8.515 0.000192246
8.52 0.000192021
8.525 0.000191796
8.53 0.000191572
8.535 0.000191348
8.54 0.000191124
8.545 0.000190901
8.55 0.000190678
8.555 0.000190456
8.56 0.000190233
8.565 0.000190012
8.57 0.00018979
8.575 0.00018957
8.58 0.000189349
8.585 0.000189129
8.59 0.000188909
8.595 0.00018869
8.6 0.000188471
8.605 0.000188252
8.61 0.000188034
8.615 0.000187816
8.62 0.000187599
8.625 0.000187382
8.63 0.000187165
8.635 0.000186949
8.64 0.000186733
8.645 0.000186517
8.65 0.000186302
8.655 0.000186087
8.66 0.000185873
8.665 0.000185658
8.67 0.000185445
8.675 0.000185231
8.68 0.000185018
8.685 0.000184806
8.69 0.000184594
8.695 0.000184382
8.7 0.00018417
8.705 0.000183959
8.71 0.000183748
8.715 0.000183538
8.72 0.000183328
8.725 0.000183118
8.73 0.000182909
8.735 0.0001827
8.74 0.000182491
8.745 0.000182283
8.75 0.000182075
8.755 0.000181867
8.76 0.00018166
8.765 0.000181453
8.77 0.000181247
8.775 0.00018104
8.78 0.000180835
8.785 0.000180629
8.79 0.000180424
8.795 0.000180219
8.8 0.000180015
8.805 0.000179811
8.81 0.000179607
8.815 0.000179404
8.82 0.000179201
8.825 0.000178998
8.83 0.000178796
8.835 0.000178594
8.84 0.000178392
8.845 0.000178191
8.85 0.00017799
8.855 0.000177789
8.86 0.000177589
8.865 0.000177389
8.87 0.000177189
8.875 0.00017699
8.88 0.000176791
8.885 0.000176593
8.89 0.000176394
8.895 0.000176196
8.9 0.000175999
8.905 0.000175801
8.91 0.000175605
8.915 0.000175408
8.92 0.000175212
8.925 0.000175016
8.93 0.00017482
8.935 0.000174625
8.94 0.00017443
8.945 0.000174235
8.95 0.000174041
8.955 0.000173847
8.96 0.000173653
8.965 0.00017346
8.97 0.000173267
8.975 0.000173074
8.98 0.000172882
8.985 0.00017269
8.99 0.000172498
8.995 0.000172307
9 0.000172116
9.005 0.000171925
9.01 0.000171734
9.015 0.000171544
9.02 0.000171354
9.025 0.000171165
9.03 0.000170976
9.035 0.000170787
9.04 0.000170598
9.045 0.00017041
9.05 0.000170222
9.055 0.000170034
9.06 0.000169847
9.065 0.00016966
9.07 0.000169473
9.075 0.000169287
9.08 0.000169101
9.085 0.000168915
9.09 0.000168729
9.095 0.000168544
9.1 0.000168359
9.105 0.000168175
9.11 0.000167991
9.115 0.000167807
9.12 0.000167623
9.125 0.00016744
9.13 0.000167257
9.135 0.000167074
9.14 0.000166891
9.145 0.000166709
9.15 0.000166527
9.155 0.000166346
9.16 0.000166164
9.165 0.000165983
9.17 0.000165803
9.175 0.000165622
9.18 0.000165442
9.185 0.000165263
9.19 0.000165083
9.195 0.000164904
9.2 0.000164725
9.205 0.000164546
9.21 0.000164368
9.215 0.00016419
9.22 0.000164012
9.225 0.000163835
9.23 0.000163657
9.235 0.000163481
9.24 0.000163304
9.245 0.000163128
9.25 0.000162952
9.255 0.000162776
9.26 0.0001626
9.265 0.000162425
9.27 0.00016225
9.275 0.000162076
9.28 0.000161901
9.285 0.000161727
9.29 0.000161554
9.295 0.00016138
9.3 0.000161207
9.305 0.000161034
9.31 0.000160861
9.315 0.000160689
9.32 0.000160517
9.325 0.000160345
9.33 0.000160173
9.335 0.000160002
9.34 0.000159831
9.345 0.00015966
9.35 0.00015949
9.355 0.00015932
9.36 0.00015915
9.365 0.00015898
9.37 0.000158811
9.375 0.000158642
9.38 0.000158473
9.385 0.000158304
9.39 0.000158136
9.395 0.000157968
9.4 0.0001578
9.405 0.000157633
9.41 0.000157466
9.415 0.000157299
9.42 0.000157132
9.425 0.000156965
9.43 0.000156799
9.435 0.000156633
9.44 0.000156468
9.445 0.000156302
9.45 0.000156137
9.455 0.000155972
9.46 0.000155808
9.465 0.000155644
9.47 0.000155479
9.475 0.000155316
9.48 0.000155152
9.485 0.000154989
9.49 0.000154826
9.495 0.000154663
9.5 0.000154501
9.505 0.000154338
9.51 0.000154176
9.515 0.000154014
9.52 0.000153853
9.525 0.000153692
9.53 0.000153531
9.535 0.00015337
9.54 0.00015321
9.545 0.000153049
9.55 0.000152889
9.555 0.00015273
9.56 0.00015257
9.565 0.000152411
9.57 0.000152252
9.575 0.000152093
9.58 0.000151935
9.585 0.000151776
9.59 0.000151618
9.595 0.000151461
9.6 0.000151303
9.605 0.000151146
9.61 0.000150989
9.615 0.000150832
9.62 0.000150676
9.625 0.000150519
9.63 0.000150363
9.635 0.000150208
9.64 0.000150052
9.645 0.000149897
9.65 0.000149742
9.655 0.000149587
9.66 0.000149432
9.665 0.000149278
9.67 0.000149124
9.675 0.00014897
9.68 0.000148816
9.685 0.000148663
9.69 0.00014851
9.695 0.000148357
9.7 0.000148204
9.705 0.000148052
9.71 0.000147899
9.715 0.000147747
9.72 0.000147596
9.725 0.000147444
9.73 0.000147293
9.735 0.000147142
9.74 0.000146991
9.745 0.000146841
9.75 0.00014669
9.755 0.00014654
9.76 0.00014639
9.765 0.000146241
9.77 0.000146091
9.775 0.000145942
9.78 0.000145793
9.785 0.000145644
9.79 0.000145496
9.795 0.000145347
9.8 0.000145199
9.805 0.000145051
9.81 0.000144904
9.815 0.000144756
9.82 0.000144609
9.825 0.000144462
9.83 0.000144316
9.835 0.000144169
9.84 0.000144023
9.845 0.000143877
9.85 0.000143731
9.855 0.000143585
9.86 0.00014344
9.865 0.000143295
9.87 0.00014315
9.875 0.000143005
9.88 0.000142861
9.885 0.000142716
9.89 0.000142572
9.895 0.000142429
9.9 0.000142285
9.905 0.000142142
9.91 0.000141998
9.915 0.000141855
9.92 0.000141713
9.925 0.00014157
9.93 0.000141428
9.935 0.000141286
9.94 0.000141144
9.945 0.000141002
9.95 0.000140861
9.955 0.000140719
9.96 0.000140578
9.965 0.000140437
9.97 0.000140297
9.975 0.000140156
9.98 0.000140016
9.985 0.000139876
9.99 0.000139736
9.995 0.000139597
