0 -nan
0.005 0.841
0.01 0.231877
0.015 0.918166
0.02 0.582607
0.025 0.385247
0.03 0.0161497
0.035 0.235965
0.04 0.288062
0.045 0.213651
0.05 0.14832
0.055 0.133612
0.06 0.160262
0.065 0.208424
0.07 0.262356
0.075 0.312696
0.08 0.355
0.085 0.387882
0.09 0.411604
0.095 0.427195
0.1 0.435945
0.105 0.439144
0.11 0.437963
0.115 0.433406
0.12 0.426307
0.125 0.417344
0.13 0.407057
0.135 0.395873
0.14 0.384128
0.145 0.372078
0.15 0.359922
0.155 0.347809
0.16 0.335851
0.165 0.32413
0.17 0.312706
0.175 0.301619
0.18 0.290896
0.185 0.280553
0.19 0.270597
0.195 0.261031
0.2 0.251851
0.205 0.24305
0.21 0.23462
0.215 0.226549
0.22 0.218824
0.225 0.211434
0.23 0.204365
0.235 0.197603
0.24 0.191134
0.245 0.184946
0.25 0.179025
0.255 0.173359
0.26 0.167935
0.265 0.162742
0.27 0.157768
0.275 0.153004
0.28 0.148437
0.285 0.14406
0.29 0.139862
0.295 0.135834
0.3 0.131969
0.305 0.128258
0.31 0.124693
0.315 0.121269
0.32 0.117977
0.325 0.114812
0.33 0.111767
0.335 0.108837
0.34 0.106017
0.345 0.103301
0.35 0.100684
0.355 0.0981621
0.36 0.0957307
0.365 0.0933858
0.37 0.0911235
0.375 0.0889399
0.38 0.0868318
0.385 0.0847957
0.39 0.0828285
0.395 0.0809272
0.4 0.0790891
0.405 0.0773114
0.41 0.0755916
0.415 0.0739273
0.42 0.0723161
0.425 0.070756
0.43 0.0692447
0.435 0.0677804
0.44 0.0663612
0.445 0.0649853
0.45 0.0636509
0.455 0.0623564
0.46 0.0611004
0.465 0.0598813
0.47 0.0586977
0.475 0.0575483
0.48 0.0564318
0.485 0.055347
0.49 0.0542927
0.495 0.0532679
0.5 0.0522713
0.505 0.0513021
0.51 0.0503592
0.515 0.0494417
0.52 0.0485487
0.525 0.0476794
0.53 0.046833
0.535 0.0460086
0.54 0.0452056
0.545 0.0444231
0.55 0.0436606
0.555 0.0429173
0.56 0.0421926
0.565 0.0414859
0.57 0.0407966
0.575 0.0401242
0.58 0.0394682
0.585 0.0388279
0.59 0.0382029
0.595 0.0375928
0.6 0.036997
0.605 0.0364151
0.61 0.0358467
0.615 0.0352914
0.62 0.0347489
0.625 0.0342186
0.63 0.0337002
0.635 0.0331935
0.64 0.032698
0.645 0.0322134
0.65 0.0317395
0.655 0.0312758
0.66 0.0308222
0.665 0.0303782
0.67 0.0299438
0.675 0.0295185
0.68 0.0291021
0.685 0.0286945
0.69 0.0282953
0.695 0.0279043
0.7 0.0275213
0.705 0.027146
0.71 0.0267784
0.715 0.0264181
0.72 0.026065
0.725 0.0257189
0.73 0.0253796
0.735 0.0250469
0.74 0.0247207
0.745 0.0244008
0.75 0.024087
0.755 0.0237792
0.76 0.0234772
0.765 0.0231809
0.77 0.0228901
0.775 0.0226048
0.78 0.0223247
0.785 0.0220498
0.79 0.0217799
0.795 0.0215149
0.8 0.0212547
0.805 0.0209991
0.81 0.0207482
0.815 0.0205016
0.82 0.0202594
0.825 0.0200215
0.83 0.0197877
0.835 0.0195579
0.84 0.0193322
0.845 0.0191102
0.85 0.0188921
0.855 0.0186777
0.86 0.0184669
0.865 0.0182596
0.87 0.0180558
0.875 0.0178553
0.88 0.0176582
0.885 0.0174643
0.89 0.0172735
0.895 0.0170859
0.9 0.0169013
0.905 0.0167196
0.91 0.0165408
0.915 0.0163649
0.92 0.0161918
0.925 0.0160214
0.93 0.0158537
0.935 0.0156885
0.94 0.015526
0.945 0.0153659
0.95 0.0152083
0.955 0.0150531
0.96 0.0149002
0.965 0.0147497
0.97 0.0146014
0.975 0.0144553
0.98 0.0143114
0.985 0.0141697
0.99 0.01403
0.995 0.0138924
1 0.0137568
1.005 0.0136231
1.01 0.0134914
1.015 0.0133616
1.02 0.0132337
1.025 0.0131075
1.03 0.0129832
1.035 0.0128606
1.04 0.0127397
1.045 0.0126206
1.05 0.012503
1.055 0.0123872
1.06 0.0122729
1.065 0.0121602
1.07 0.012049
1.075 0.0119393
1.08 0.0118312
1.085 0.0117244
1.09 0.0116192
1.095 0.0115153
1.1 0.0114128
1.105 0.0113117
1.11 0.0112119
1.115 0.0111134
1.12 0.0110162
1.125 0.0109203
1.13 0.0108256
1.135 0.0107321
1.14 0.0106399
1.145 0.0105488
1.15 0.0104589
1.155 0.0103701
1.16 0.0102825
1.165 0.0101959
1.17 0.0101105
1.175 0.0100261
1.18 0.00994272
1.185 0.00986041
1.19 0.00977911
1.195 0.00969882
1.2 0.00961951
1.205 0.00954116
1.21 0.00946377
1.215 0.00938731
1.22 0.00931177
1.225 0.00923714
1.23 0.0091634
1.235 0.00909054
1.24 0.00901854
1.245 0.0089474
1.25 0.00887709
1.255 0.0088076
1.26 0.00873892
1.265 0.00867105
1.27 0.00860396
1.275 0.00853764
1.28 0.00847209
1.285 0.00840728
1.29 0.00834322
1.295 0.00827989
1.3 0.00821727
1.305 0.00815536
1.31 0.00809414
1.315 0.00803361
1.32 0.00797375
1.325 0.00791456
1.33 0.00785603
1.335 0.00779814
1.34 0.00774089
1.345 0.00768426
1.35 0.00762826
1.355 0.00757286
1.36 0.00751806
1.365 0.00746385
1.37 0.00741023
1.375 0.00735718
1.38 0.0073047
1.385 0.00725278
1.39 0.00720141
1.395 0.00715058
1.4 0.00710029
1.405 0.00705052
1.41 0.00700128
1.415 0.00695255
1.42 0.00690432
1.425 0.00685659
1.43 0.00680936
1.435 0.00676261
1.44 0.00671634
1.445 0.00667055
1.45 0.00662522
1.455 0.00658035
1.46 0.00653593
1.465 0.00649196
1.47 0.00644844
1.475 0.00640534
1.48 0.00636268
1.485 0.00632044
1.49 0.00627863
1.495 0.00623722
1.5 0.00619622
1.505 0.00615563
1.51 0.00611543
1.515 0.00607562
1.52 0.0060362
1.525 0.00599716
1.53 0.0059585
1.535 0.00592021
1.54 0.00588229
1.545 0.00584473
1.55 0.00580753
1.555 0.00577069
1.56 0.00573419
1.565 0.00569804
1.57 0.00566222
1.575 0.00562675
1.58 0.0055916
1.585 0.00555679
1.59 0.00552229
1.595 0.00548812
1.6 0.00545426
1.605 0.00542072
1.61 0.00538748
1.615 0.00535455
1.62 0.00532192
1.625 0.00528958
1.63 0.00525754
1.635 0.00522579
1.64 0.00519433
1.645 0.00516314
1.65 0.00513224
1.655 0.00510162
1.66 0.00507126
1.665 0.00504118
1.67 0.00501136
1.675 0.00498181
1.68 0.00495252
1.685 0.00492348
1.69 0.0048947
1.695 0.00486617
1.7 0.00483789
1.705 0.00480985
1.71 0.00478206
1.715 0.00475451
1.72 0.00472719
1.725 0.00470011
1.73 0.00467326
1.735 0.00464664
1.74 0.00462025
1.745 0.00459408
1.75 0.00456813
1.755 0.0045424
1.76 0.00451689
1.765 0.00449159
1.77 0.0044665
1.775 0.00444163
1.78 0.00441696
1.785 0.00439249
1.79 0.00436823
1.795 0.00434417
1.8 0.0043203
1.805 0.00429663
1.81 0.00427316
1.815 0.00424987
1.82 0.00422678
1.825 0.00420387
1.83 0.00418115
1.835 0.00415862
1.84 0.00413626
1.845 0.00411409
1.85 0.00409209
1.855 0.00407027
1.86 0.00404862
1.865 0.00402714
1.87 0.00400584
1.875 0.0039847
1.88 0.00396373
1.885 0.00394292
1.89 0.00392228
1.895 0.0039018
1.9 0.00388148
1.905 0.00386132
1.91 0.00384131
1.915 0.00382146
1.92 0.00380176
1.925 0.00378221
1.93 0.00376282
1.935 0.00374357
1.94 0.00372447
1.945 0.00370552
1.95 0.00368671
1.955 0.00366804
1.96 0.00364951
1.965 0.00363113
1.97 0.00361288
1.975 0.00359477
1.98 0.00357679
1.985 0.00355895
1.99 0.00354125
1.995 0.00352367
2 0.00350623
2.005 0.00348891
2.01 0.00347172
2.015 0.00345466
2.02 0.00343772
2.025 0.00342091
2.03 0.00340422
2.035 0.00338765
2.04 0.00337121
2.045 0.00335488
2.05 0.00333867
2.055 0.00332258
2.06 0.0033066
2.065 0.00329074
2.07 0.00327499
2.075 0.00325936
2.08 0.00324384
2.085 0.00322842
2.09 0.00321312
2.095 0.00319793
2.1 0.00318284
2.105 0.00316786
2.11 0.00315298
2.115 0.00313821
2.12 0.00312354
2.125 0.00310898
2.13 0.00309452
2.135 0.00308015
2.14 0.00306589
2.145 0.00305173
2.15 0.00303766
2.155 0.00302369
2.16 0.00300982
2.165 0.00299604
2.17 0.00298236
2.175 0.00296877
2.18 0.00295527
2.185 0.00294186
2.19 0.00292855
2.195 0.00291532
2.2 0.00290219
2.205 0.00288914
2.21 0.00287618
2.215 0.00286331
2.22 0.00285052
2.225 0.00283782
2.23 0.00282521
2.235 0.00281268
2.24 0.00280023
2.245 0.00278786
2.25 0.00277558
2.255 0.00276337
2.26 0.00275125
2.265 0.0027392
2.27 0.00272724
2.275 0.00271535
2.28 0.00270354
2.285 0.00269181
2.29 0.00268015
2.295 0.00266857
2.3 0.00265707
2.305 0.00264563
2.31 0.00263428
2.315 0.00262299
2.32 0.00261178
2.325 0.00260064
2.33 0.00258957
2.335 0.00257857
2.34 0.00256764
2.345 0.00255678
2.35 0.00254598
2.355 0.00253526
2.36 0.0025246
2.365 0.00251402
2.37 0.00250349
2.375 0.00249304
2.38 0.00248264
2.385 0.00247232
2.39 0.00246206
2.395 0.00245186
2.4 0.00244172
2.405 0.00243165
2.41 0.00242164
2.415 0.00241169
2.42 0.0024018
2.425 0.00239198
2.43 0.00238221
2.435 0.0023725
2.44 0.00236285
2.445 0.00235326
2.45 0.00234373
2.455 0.00233426
2.46 0.00232484
2.465 0.00231548
2.47 0.00230618
2.475 0.00229693
2.48 0.00228774
2.485 0.00227861
2.49 0.00226952
2.495 0.0022605
2.5 0.00225152
2.505 0.0022426
2.51 0.00223373
2.515 0.00222492
2.52 0.00221616
2.525 0.00220744
2.53 0.00219878
2.535 0.00219017
2.54 0.00218162
2.545 0.00217311
2.55 0.00216465
2.555 0.00215624
2.56 0.00214788
2.565 0.00213956
2.57 0.0021313
2.575 0.00212308
2.58 0.00211491
2.585 0.00210679
2.59 0.00209872
2.595 0.00209069
2.6 0.0020827
2.605 0.00207476
2.61 0.00206687
2.615 0.00205902
2.62 0.00205122
2.625 0.00204346
2.63 0.00203575
2.635 0.00202808
2.64 0.00202045
2.645 0.00201286
2.65 0.00200532
2.655 0.00199782
2.66 0.00199036
2.665 0.00198295
2.67 0.00197557
2.675 0.00196824
2.68 0.00196095
2.685 0.00195369
2.69 0.00194648
2.695 0.00193931
2.7 0.00193217
2.705 0.00192508
2.71 0.00191803
2.715 0.00191101
2.72 0.00190403
2.725 0.00189709
2.73 0.00189019
2.735 0.00188333
2.74 0.0018765
2.745 0.00186971
2.75 0.00186296
2.755 0.00185624
2.76 0.00184956
2.765 0.00184291
2.77 0.00183631
2.775 0.00182973
2.78 0.00182319
2.785 0.00181669
2.79 0.00181022
2.795 0.00180379
2.8 0.00179739
2.805 0.00179102
2.81 0.00178469
2.815 0.00177839
2.82 0.00177213
2.825 0.0017659
2.83 0.0017597
2.835 0.00175353
2.84 0.0017474
2.845 0.00174129
2.85 0.00173522
2.855 0.00172918
2.86 0.00172318
2.865 0.0017172
2.87 0.00171126
2.875 0.00170534
2.88 0.00169946
2.885 0.00169361
2.89 0.00168778
2.895 0.00168199
2.9 0.00167623
2.905 0.00167049
2.91 0.00166479
2.915 0.00165911
2.92 0.00165347
2.925 0.00164785
2.93 0.00164226
2.935 0.0016367
2.94 0.00163117
2.945 0.00162566
2.95 0.00162019
2.955 0.00161474
2.96 0.00160932
2.965 0.00160392
2.97 0.00159856
2.975 0.00159321
2.98 0.0015879
2.985 0.00158261
2.99 0.00157735
2.995 0.00157212
3 0.00156691
3.005 0.00156173
3.01 0.00155657
3.015 0.00155144
3.02 0.00154633
3.025 0.00154125
3.03 0.0015362
3.035 0.00153116
3.04 0.00152616
3.045 0.00152118
3.05 0.00151622
3.055 0.00151129
3.06 0.00150638
3.065 0.00150149
3.07 0.00149663
3.075 0.00149179
3.08 0.00148698
3.085 0.00148218
3.09 0.00147742
3.095 0.00147267
3.1 0.00146795
3.105 0.00146325
3.11 0.00145857
3.115 0.00145391
3.12 0.00144928
3.125 0.00144467
3.13 0.00144008
3.135 0.00143551
3.14 0.00143097
3.145 0.00142645
3.15 0.00142194
3.155 0.00141746
3.16 0.001413
3.165 0.00140856
3.17 0.00140415
3.175 0.00139975
3.18 0.00139537
3.185 0.00139102
3.19 0.00138668
3.195 0.00138236
3.2 0.00137807
3.205 0.00137379
3.21 0.00136954
3.215 0.0013653
3.22 0.00136109
3.225 0.00135689
3.23 0.00135271
3.235 0.00134855
3.24 0.00134441
3.245 0.00134029
3.25 0.00133619
3.255 0.00133211
3.26 0.00132805
3.265 0.001324
3.27 0.00131998
3.275 0.00131597
3.28 0.00131198
3.285 0.00130801
3.29 0.00130405
3.295 0.00130012
3.3 0.0012962
3.305 0.0012923
3.31 0.00128841
3.315 0.00128455
3.32 0.0012807
3.325 0.00127687
3.33 0.00127306
3.335 0.00126926
3.34 0.00126548
3.345 0.00126172
3.35 0.00125797
3.355 0.00125424
3.36 0.00125053
3.365 0.00124683
3.37 0.00124315
3.375 0.00123949
3.38 0.00123584
3.385 0.00123221
3.39 0.00122859
3.395 0.00122499
3.4 0.00122141
3.405 0.00121784
3.41 0.00121429
3.415 0.00121075
3.42 0.00120723
3.425 0.00120372
3.43 0.00120023
3.435 0.00119676
3.44 0.00119329
3.445 0.00118985
3.45 0.00118642
3.455 0.001183
3.46 0.0011796
3.465 0.00117621
3.47 0.00117284
3.475 0.00116948
3.48 0.00116614
3.485 0.00116281
3.49 0.0011595
3.495 0.0011562
3.5 0.00115291
3.505 0.00114964
3.51 0.00114638
3.515 0.00114313
3.52 0.0011399
3.525 0.00113669
3.53 0.00113348
3.535 0.00113029
3.54 0.00112711
3.545 0.00112395
3.55 0.0011208
3.555 0.00111766
3.56 0.00111454
3.565 0.00111143
3.57 0.00110833
3.575 0.00110525
3.58 0.00110217
3.585 0.00109912
3.59 0.00109607
3.595 0.00109304
3.6 0.00109001
3.605 0.00108701
3.61 0.00108401
3.615 0.00108103
3.62 0.00107805
3.625 0.00107509
3.63 0.00107215
3.635 0.00106921
3.64 0.00106629
3.645 0.00106338
3.65 0.00106048
3.655 0.00105759
3.66 0.00105472
3.665 0.00105185
3.67 0.001049
3.675 0.00104616
3.68 0.00104333
3.685 0.00104051
3.69 0.00103771
3.695 0.00103491
3.7 0.00103213
3.705 0.00102936
3.71 0.00102659
3.715 0.00102384
3.72 0.0010211
3.725 0.00101838
3.73 0.00101566
3.735 0.00101295
3.74 0.00101026
3.745 0.00100757
3.75 0.0010049
3.755 0.00100223
3.76 0.000999582
3.765 0.000996939
3.77 0.000994307
3.775 0.000991686
3.78 0.000989074
3.785 0.000986473
3.79 0.000983883
3.795 0.000981302
3.8 0.000978732
3.805 0.000976172
3.81 0.000973621
3.815 0.000971081
3.82 0.000968551
3.825 0.00096603
3.83 0.00096352
3.835 0.000961019
3.84 0.000958528
3.845 0.000956046
3.85 0.000953574
3.855 0.000951112
3.86 0.000948659
3.865 0.000946216
3.87 0.000943782
3.875 0.000941358
3.88 0.000938942
3.885 0.000936537
3.89 0.00093414
3.895 0.000931752
3.9 0.000929374
3.905 0.000927005
3.91 0.000924645
3.915 0.000922294
3.92 0.000919951
3.925 0.000917618
3.93 0.000915294
3.935 0.000912978
3.94 0.000910671
3.945 0.000908373
3.95 0.000906084
3.955 0.000903803
3.96 0.000901531
3.965 0.000899267
3.97 0.000897012
3.975 0.000894765
3.98 0.000892527
3.985 0.000890297
3.99 0.000888076
3.995 0.000885862
4 0.000883657
4.005 0.000881461
4.01 0.000879272
4.015 0.000877092
4.02 0.00087492
4.025 0.000872755
4.03 0.000870599
4.035 0.000868451
4.04 0.000866311
4.045 0.000864178
4.05 0.000862054
4.055 0.000859937
4.06 0.000857828
4.065 0.000855727
4.07 0.000853633
4.075 0.000851548
4.08 0.000849469
4.085 0.000847399
4.09 0.000845336
4.095 0.00084328
4.1 0.000841232
4.105 0.000839192
4.11 0.000837159
4.115 0.000835133
4.12 0.000833115
4.125 0.000831103
4.13 0.0008291
4.135 0.000827103
4.14 0.000825114
4.145 0.000823131
4.15 0.000821156
4.155 0.000819188
4.16 0.000817227
4.165 0.000815274
4.17 0.000813327
4.175 0.000811387
4.18 0.000809454
4.185 0.000807528
4.19 0.000805608
4.195 0.000803696
4.2 0.00080179
4.205 0.000799892
4.21 0.000797999
4.215 0.000796114
4.22 0.000794235
4.225 0.000792363
4.23 0.000790498
4.235 0.000788639
4.24 0.000786787
4.245 0.000784941
4.25 0.000783101
4.255 0.000781268
4.26 0.000779442
4.265 0.000777622
4.27 0.000775808
4.275 0.000774001
4.28 0.0007722
4.285 0.000770405
4.29 0.000768617
4.295 0.000766834
4.3 0.000765058
4.305 0.000763288
4.31 0.000761524
4.315 0.000759767
4.32 0.000758015
4.325 0.000756269
4.33 0.00075453
4.335 0.000752796
4.34 0.000751069
4.345 0.000749347
4.35 0.000747631
4.355 0.000745921
4.36 0.000744217
4.365 0.000742519
4.37 0.000740827
4.375 0.00073914
4.38 0.00073746
4.385 0.000735784
4.39 0.000734115
4.395 0.000732451
4.4 0.000730793
4.405 0.000729141
4.41 0.000727494
4.415 0.000725853
4.42 0.000724217
4.425 0.000722587
4.43 0.000720962
4.435 0.000719343
4.44 0.000717729
4.445 0.00071612
4.45 0.000714517
4.455 0.00071292
4.46 0.000711328
4.465 0.000709741
4.47 0.000708159
4.475 0.000706583
4.48 0.000705012
4.485 0.000703446
4.49 0.000701885
4.495 0.00070033
4.5 0.000698779
4.505 0.000697234
4.51 0.000695694
4.515 0.000694159
4.52 0.000692629
4.525 0.000691105
4.53 0.000689585
4.535 0.00068807
4.54 0.00068656
4.545 0.000685055
4.55 0.000683555
4.555 0.000682061
4.56 0.00068057
4.565 0.000679085
4.57 0.000677605
4.575 0.000676129
4.58 0.000674659
4.585 0.000673193
4.59 0.000671732
4.595 0.000670275
4.6 0.000668824
4.605 0.000667377
4.61 0.000665935
4.615 0.000664497
4.62 0.000663064
4.625 0.000661636
4.63 0.000660212
4.635 0.000658793
4.64 0.000657378
4.645 0.000655968
4.65 0.000654563
4.655 0.000653162
4.66 0.000651766
4.665 0.000650374
4.67 0.000648986
4.675 0.000647603
4.68 0.000646224
4.685 0.00064485
4.69 0.00064348
4.695 0.000642115
4.7 0.000640754
4.705 0.000639397
4.71 0.000638044
4.715 0.000636696
4.72 0.000635352
4.725 0.000634012
4.73 0.000632677
4.735 0.000631345
4.74 0.000630018
4.745 0.000628695
4.75 0.000627376
4.755 0.000626062
4.76 0.000624751
4.765 0.000623445
4.77 0.000622143
4.775 0.000620844
4.78 0.00061955
4.785 0.00061826
4.79 0.000616974
4.795 0.000615692
4.8 0.000614414
4.805 0.00061314
4.81 0.00061187
4.815 0.000610603
4.82 0.000609341
4.825 0.000608083
4.83 0.000606828
4.835 0.000605578
4.84 0.000604331
4.845 0.000603088
4.85 0.000601849
4.855 0.000600614
4.86 0.000599382
4.865 0.000598155
4.87 0.000596931
4.875 0.000595711
4.88 0.000594494
4.885 0.000593281
4.89 0.000592072
4.895 0.000590867
4.9 0.000589666
4.905 0.000588468
4.91 0.000587273
4.915 0.000586083
4.92 0.000584895
4.925 0.000583712
4.93 0.000582532
4.935 0.000581356
4.94 0.000580183
4.945 0.000579014
4.95 0.000577848
4.955 0.000576686
4.96 0.000575527
4.965 0.000574372
4.97 0.000573221
4.975 0.000572072
4.98 0.000570928
4.985 0.000569786
4.99 0.000568648
4.995 0.000567514
5 0.000566383
5.005 0.000565255
5.01 0.00056413
5.015 0.000563009
5.02 0.000561892
5.025 0.000560777
5.03 0.000559666
5.035 0.000558559
5.04 0.000557454
5.045 0.000556353
5.05 0.000555255
5.055 0.00055416
5.06 0.000553069
5.065 0.00055198
5.07 0.000550895
5.075 0.000549814
5.08 0.000548735
5.085 0.000547659
5.09 0.000546587
5.095 0.000545518
5.1 0.000544452
5.105 0.000543389
5.11 0.000542329
5.115 0.000541272
5.12 0.000540219
5.125 0.000539168
5.13 0.000538121
5.135 0.000537076
5.14 0.000536035
5.145 0.000534996
5.15 0.000533961
5.155 0.000532929
5.16 0.000531899
5.165 0.000530873
5.17 0.000529849
5.175 0.000528829
5.18 0.000527811
5.185 0.000526797
5.19 0.000525785
5.195 0.000524776
5.2 0.00052377
5.205 0.000522767
5.21 0.000521767
5.215 0.00052077
5.22 0.000519776
5.225 0.000518784
5.23 0.000517796
5.235 0.00051681
5.24 0.000515827
5.245 0.000514846
5.25 0.000513869
5.255 0.000512894
5.26 0.000511922
5.265 0.000510953
5.27 0.000509987
5.275 0.000509023
5.28 0.000508062
5.285 0.000507104
5.29 0.000506148
5.295 0.000505196
5.3 0.000504245
5.305 0.000503298
5.31 0.000502353
5.315 0.000501411
5.32 0.000500472
5.325 0.000499535
5.33 0.0004986
5.335 0.000497669
5.34 0.00049674
5.345 0.000495813
5.35 0.00049489
5.355 0.000493968
5.36 0.00049305
5.365 0.000492134
5.37 0.00049122
5.375 0.000490309
5.38 0.000489401
5.385 0.000488495
5.39 0.000487591
5.395 0.00048669
5.4 0.000485792
5.405 0.000484896
5.41 0.000484003
5.415 0.000483112
5.42 0.000482223
5.425 0.000481337
5.43 0.000480453
5.435 0.000479572
5.44 0.000478693
5.445 0.000477817
5.45 0.000476943
5.455 0.000476071
5.46 0.000475202
5.465 0.000474335
5.47 0.000473471
5.475 0.000472609
5.48 0.000471749
5.485 0.000470891
5.49 0.000470036
5.495 0.000469184
5.5 0.000468333
5.505 0.000467485
5.51 0.000466639
5.515 0.000465796
5.52 0.000464955
5.525 0.000464116
5.53 0.000463279
5.535 0.000462444
5.54 0.000461612
5.545 0.000460782
5.55 0.000459955
5.555 0.000459129
5.56 0.000458306
5.565 0.000457485
5.57 0.000456666
5.575 0.000455849
5.58 0.000455035
5.585 0.000454223
5.59 0.000453413
5.595 0.000452605
5.6 0.000451799
5.605 0.000450995
5.61 0.000450194
5.615 0.000449394
5.62 0.000448597
5.625 0.000447802
5.63 0.000447009
5.635 0.000446218
5.64 0.000445429
5.645 0.000444643
5.65 0.000443858
5.655 0.000443076
5.66 0.000442295
5.665 0.000441517
5.67 0.00044074
5.675 0.000439966
5.68 0.000439194
5.685 0.000438423
5.69 0.000437655
5.695 0.000436889
5.7 0.000436125
5.705 0.000435363
5.71 0.000434602
5.715 0.000433844
5.72 0.000433088
5.725 0.000432334
5.73 0.000431582
5.735 0.000430831
5.74 0.000430083
5.745 0.000429336
5.75 0.000428592
5.755 0.000427849
5.76 0.000427109
5.765 0.00042637
5.77 0.000425633
5.775 0.000424898
5.78 0.000424166
5.785 0.000423434
5.79 0.000422705
5.795 0.000421978
5.8 0.000421253
5.805 0.000420529
5.81 0.000419807
5.815 0.000419087
5.82 0.000418369
5.825 0.000417653
5.83 0.000416939
5.835 0.000416227
5.84 0.000415516
5.845 0.000414807
5.85 0.0004141
5.855 0.000413395
5.86 0.000412691
5.865 0.00041199
5.87 0.00041129
5.875 0.000410592
5.88 0.000409896
5.885 0.000409201
5.89 0.000408508
5.895 0.000407817
5.9 0.000407128
5.905 0.000406441
5.91 0.000405755
5.915 0.000405071
5.92 0.000404389
5.925 0.000403708
5.93 0.000403029
5.935 0.000402352
5.94 0.000401677
5.945 0.000401003
5.95 0.000400331
5.955 0.00039966
5.96 0.000398992
5.965 0.000398325
5.97 0.000397659
5.975 0.000396996
5.98 0.000396334
5.985 0.000395673
5.99 0.000395015
5.995 0.000394358
6 0.000393702
6.005 0.000393049
6.01 0.000392396
6.015 0.000391746
6.02 0.000391097
6.025 0.00039045
6.03 0.000389804
6.035 0.00038916
6.04 0.000388517
6.045 0.000387876
6.05 0.000387237
6.055 0.000386599
6.06 0.000385963
6.065 0.000385329
6.07 0.000384695
6.075 0.000384064
6.08 0.000383434
6.085 0.000382806
6.09 0.000382179
6.095 0.000381554
6.1 0.00038093
6.105 0.000380308
6.11 0.000379687
6.115 0.000379068
6.12 0.00037845
6.125 0.000377834
6.13 0.000377219
6.135 0.000376606
6.14 0.000375994
6.145 0.000375384
6.15 0.000374775
6.155 0.000374168
6.16 0.000373562
6.165 0.000372958
6.17 0.000372355
6.175 0.000371754
6.18 0.000371154
6.185 0.000370555
6.19 0.000369958
6.195 0.000369363
6.2 0.000368769
6.205 0.000368176
6.21 0.000367585
6.215 0.000366995
6.22 0.000366407
6.225 0.00036582
6.23 0.000365234
6.235 0.00036465
6.24 0.000364067
6.245 0.000363486
6.25 0.000362905
6.255 0.000362327
6.26 0.00036175
6.265 0.000361174
6.27 0.000360599
6.275 0.000360026
6.28 0.000359454
6.285 0.000358884
6.29 0.000358315
6.295 0.000357747
6.3 0.000357181
6.305 0.000356616
6.31 0.000356052
6.315 0.00035549
6.32 0.000354929
6.325 0.000354369
6.33 0.000353811
6.335 0.000353254
6.34 0.000352698
6.345 0.000352144
6.35 0.000351591
6.355 0.000351039
6.36 0.000350488
6.365 0.000349939
6.37 0.000349391
6.375 0.000348845
6.38 0.000348299
6.385 0.000347755
6.39 0.000347213
6.395 0.000346671
6.4 0.000346131
6.405 0.000345592
6.41 0.000345054
6.415 0.000344518
6.42 0.000343982
6.425 0.000343448
6.43 0.000342916
6.435 0.000342384
6.44 0.000341854
6.445 0.000341325
6.45 0.000340797
6.455 0.00034027
6.46 0.000339745
6.465 0.000339221
6.47 0.000338698
6.475 0.000338176
6.48 0.000337656
6.485 0.000337136
6.49 0.000336618
6.495 0.000336101
6.5 0.000335586
6.505 0.000335071
6.51 0.000334558
6.515 0.000334045
6.52 0.000333534
6.525 0.000333025
6.53 0.000332516
6.535 0.000332008
6.54 0.000331502
6.545 0.000330997
6.55 0.000330493
6.555 0.00032999
6.56 0.000329488
6.565 0.000328988
6.57 0.000328488
6.575 0.00032799
6.58 0.000327493
6.585 0.000326996
6.59 0.000326502
6.595 0.000326008
6.6 0.000325515
6.605 0.000325023
6.61 0.000324533
6.615 0.000324044
6.62 0.000323555
6.625 0.000323068
6.63 0.000322582
6.635 0.000322097
6.64 0.000321613
6.645 0.000321131
6.65 0.000320649
6.655 0.000320168
6.66 0.000319689
6.665 0.00031921
6.67 0.000318733
6.675 0.000318257
6.68 0.000317781
6.685 0.000317307
6.69 0.000316834
6.695 0.000316362
6.7 0.000315891
6.705 0.000315421
6.71 0.000314952
6.715 0.000314484
6.72 0.000314017
6.725 0.000313552
6.73 0.000313087
6.735 0.000312623
6.74 0.000312161
6.745 0.000311699
6.75 0.000311238
6.755 0.000310779
6.76 0.00031032
6.765 0.000309862
6.77 0.000309406
6.775 0.00030895
6.78 0.000308496
6.785 0.000308042
6.79 0.00030759
6.795 0.000307138
6.8 0.000306688
6.805 0.000306238
6.81 0.000305789
6.815 0.000305342
6.82 0.000304895
6.825 0.00030445
6.83 0.000304005
6.835 0.000303561
6.84 0.000303118
6.845 0.000302677
6.85 0.000302236
6.855 0.000301796
6.86 0.000301357
6.865 0.000300919
6.87 0.000300482
6.875 0.000300046
6.88 0.000299611
6.885 0.000299177
6.89 0.000298744
6.895 0.000298312
6.9 0.000297881
6.905 0.00029745
6.91 0.000297021
6.915 0.000296592
6.92 0.000296165
6.925 0.000295738
6.93 0.000295312
6.935 0.000294888
6.94 0.000294464
6.945 0.000294041
6.95 0.000293619
6.955 0.000293197
6.96 0.000292777
6.965 0.000292358
6.97 0.000291939
6.975 0.000291522
6.98 0.000291105
6.985 0.000290689
6.99 0.000290275
6.995 0.000289861
7 0.000289447
7.005 0.000289035
7.01 0.000288624
7.015 0.000288213
7.02 0.000287804
7.025 0.000287395
7.03 0.000286987
7.035 0.00028658
7.04 0.000286174
7.045 0.000285769
7.05 0.000285365
7.055 0.000284961
7.06 0.000284558
7.065 0.000284157
7.07 0.000283756
7.075 0.000283355
7.08 0.000282956
7.085 0.000282558
7.09 0.00028216
7.095 0.000281763
7.1 0.000281367
7.105 0.000280972
7.11 0.000280578
7.115 0.000280185
7.12 0.000279792
7.125 0.0002794
7.13 0.000279009
7.135 0.000278619
7.14 0.00027823
7.145 0.000277841
7.15 0.000277454
7.155 0.000277067
7.16 0.000276681
7.165 0.000276296
7.17 0.000275911
7.175 0.000275527
7.18 0.000275145
7.185 0.000274763
7.19 0.000274381
7.195 0.000274001
7.2 0.000273621
7.205 0.000273242
7.21 0.000272864
7.215 0.000272487
7.22 0.00027211
7.225 0.000271735
7.23 0.00027136
7.235 0.000270985
7.24 0.000270612
7.245 0.000270239
7.25 0.000269867
7.255 0.000269496
7.26 0.000269126
7.265 0.000268756
7.27 0.000268388
7.275 0.000268019
7.28 0.000267652
7.285 0.000267286
7.29 0.00026692
7.295 0.000266555
7.3 0.00026619
7.305 0.000265827
7.31 0.000265464
7.315 0.000265102
7.32 0.000264741
7.325 0.00026438
7.33 0.00026402
7.335 0.000263661
7.34 0.000263303
7.345 0.000262945
7.35 0.000262588
7.355 0.000262232
7.36 0.000261876
7.365 0.000261521
7.37 0.000261167
7.375 0.000260814
7.38 0.000260462
7.385 0.00026011
7.39 0.000259758
7.395 0.000259408
7.4 0.000259058
7.405 0.000258709
7.41 0.000258361
7.415 0.000258013
7.42 0.000257666
7.425 0.00025732
7.43 0.000256974
7.435 0.00025663
7.44 0.000256285
7.445 0.000255942
7.45 0.000255599
7.455 0.000255257
7.46 0.000254916
7.465 0.000254575
7.47 0.000254235
7.475 0.000253895
7.48 0.000253557
7.485 0.000253219
7.49 0.000252881
7.495 0.000252545
7.5 0.000252209
7.505 0.000251874
7.51 0.000251539
7.515 0.000251205
7.52 0.000250872
7.525 0.000250539
7.53 0.000250207
7.535 0.000249876
7.54 0.000249545
7.545 0.000249215
7.55 0.000248886
7.555 0.000248557
7.56 0.000248229
7.565 0.000247901
7.57 0.000247575
7.575 0.000247249
7.58 0.000246923
7.585 0.000246598
7.59 0.000246274
7.595 0.000245951
7.6 0.000245628
7.605 0.000245305
7.61 0.000244984
7.615 0.000244663
7.62 0.000244342
7.625 0.000244023
7.63 0.000243703
7.635 0.000243385
7.64 0.000243067
7.645 0.00024275
7.65 0.000242433
7.655 0.000242117
7.66 0.000241802
7.665 0.000241487
7.67 0.000241173
7.675 0.000240859
7.68 0.000240546
7.685 0.000240234
7.69 0.000239922
7.695 0.000239611
7.7 0.000239301
7.705 0.000238991
7.71 0.000238681
7.715 0.000238373
7.72 0.000238065
7.725 0.000237757
7.73 0.00023745
7.735 0.000237144
7.74 0.000236838
7.745 0.000236533
7.75 0.000236228
7.755 0.000235924
7.76 0.000235621
7.765 0.000235318
7.77 0.000235016
7.775 0.000234714
7.78 0.000234413
7.785 0.000234113
7.79 0.000233813
7.795 0.000233514
7.8 0.000233215
7.805 0.000232917
7.81 0.000232619
7.815 0.000232322
7.82 0.000232026
7.825 0.00023173
7.83 0.000231434
7.835 0.00023114
7.84 0.000230846
7.845 0.000230552
7.85 0.000230259
7.855 0.000229966
7.86 0.000229674
7.865 0.000229383
7.87 0.000229092
7.875 0.000228802
7.88 0.000228512
7.885 0.000228223
7.89 0.000227934
7.895 0.000227646
7.9 0.000227359
7.905 0.000227071
7.91 0.000226785
7.915 0.000226499
7.92 0.000226214
7.925 0.000225929
7.93 0.000225645
7.935 0.000225361
7.94 0.000225078
7.945 0.000224795
7.95 0.000224513
7.955 0.000224231
7.96 0.00022395
7.965 0.000223669
7.97 0.000223389
7.975 0.00022311
7.98 0.000222831
7.985 0.000222552
7.99 0.000222274
7.995 0.000221997
8 0.00022172
8.005 0.000221444
8.01 0.000221168
8.015 0.000220892
8.02 0.000220617
8.025 0.000220343
8.03 0.000220069
8.035 0.000219796
8.04 0.000219523
8.045 0.000219251
8.05 0.000218979
8.055 0.000218708
8.06 0.000218437
8.065 0.000218167
8.07 0.000217897
8.075 0.000217627
8.08 0.000217359
8.085 0.00021709
8.09 0.000216823
8.095 0.000216555
8.1 0.000216289
8.105 0.000216022
8.11 0.000215756
8.115 0.000215491
8.12 0.000215226
8.125 0.000214962
8.13 0.000214698
8.135 0.000214435
8.14 0.000214172
8.145 0.000213909
8.15 0.000213647
8.155 0.000213386
8.16 0.000213125
8.165 0.000212864
8.17 0.000212604
8.175 0.000212345
8.18 0.000212086
8.185 0.000211827
8.19 0.000211569
8.195 0.000211311
8.2 0.000211054
8.205 0.000210798
8.21 0.000210541
8.215 0.000210286
8.22 0.00021003
8.225 0.000209775
8.23 0.000209521
8.235 0.000209267
8.24 0.000209014
8.245 0.000208761
8.25 0.000208508
8.255 0.000208256
8.26 0.000208004
8.265 0.000207753
8.27 0.000207503
8.275 0.000207252
8.28 0.000207002
8.285 0.000206753
8.29 0.000206504
8.295 0.000206256
8.3 0.000206008
8.305 0.00020576
8.31 0.000205513
8.315 0.000205266
8.32 0.00020502
8.325 0.000204774
8.33 0.000204529
8.335 0.000204284
8.34 0.00020404
8.345 0.000203796
8.35 0.000203552
8.355 0.000203309
8.36 0.000203066
8.365 0.000202824
8.37 0.000202582
8.375 0.000202341
8.38 0.0002021
8.385 0.000201859
8.39 0.000201619
8.395 0.000201379
8.4 0.00020114
8.405 0.000200901
8.41 0.000200663
8.415 0.000200425
8.42 0.000200187
8.425 0.00019995
8.43 0.000199713
8.435 0.000199477
8.44 0.000199241
8.445 0.000199006
8.45 0.000198771
8.455 0.000198536
8.46 0.000198302
8.465 0.000198068
8.47 0.000197835
8.475 0.000197602
8.48 0.000197369
8.485 0.000197137
8.49 0.000196905
8.495 0.000196674
8.5 0.000196443
8.505 0.000196212
8.51 0.000195982
8.515 0.000195753
8.52 0.000195523
8.525 0.000195294
8.53 0.000195066
8.535 0.000194838
8.54 0.00019461
8.545 0.000194383
8.55 0.000194156
8.555 0.000193929
8.56 0.000193703
8.565 0.000193477
8.57 0.000193252
8.575 0.000193027
8.58 0.000192803
8.585 0.000192578
8.59 0.000192355
8.595 0.000192131
8.6 0.000191908
8.605 0.000191686
8.61 0.000191464
8.615 0.000191242
8.62 0.00019102
8.625 0.000190799
8.63 0.000190579
8.635 0.000190358
8.64 0.000190138
8.645 0.000189919
8.65 0.0001897
8.655 0.000189481
8.66 0.000189263
8.665 0.000189045
8.67 0.000188827
8.675 0.00018861
8.68 0.000188393
8.685 0.000188176
8.69 0.00018796
8.695 0.000187744
8.7 0.000187529
8.705 0.000187314
8.71 0.000187099
8.715 0.000186885
8.72 0.000186671
8.725 0.000186458
8.73 0.000186244
8.735 0.000186032
8.74 0.000185819
8.745 0.000185607
8.75 0.000185395
8.755 0.000185184
8.76 0.000184973
8.765 0.000184762
8.77 0.000184552
8.775 0.000184342
8.78 0.000184133
8.785 0.000183923
8.79 0.000183714
8.795 0.000183506
8.8 0.000183298
8.805 0.00018309
8.81 0.000182883
8.815 0.000182676
8.82 0.000182469
8.825 0.000182262
8.83 0.000182056
8.835 0.000181851
8.84 0.000181645
8.845 0.00018144
8.85 0.000181236
8.855 0.000181031
8.86 0.000180828
8.865 0.000180624
8.87 0.000180421
8.875 0.000180218
8.88 0.000180015
8.885 0.000179813
8.89 0.000179611
8.895 0.00017941
8.9 0.000179208
8.905 0.000179007
8.91 0.000178807
8.915 0.000178607
8.92 0.000178407
8.925 0.000178207
8.93 0.000178008
8.935 0.000177809
8.94 0.000177611
8.945 0.000177413
8.95 0.000177215
8.955 0.000177017
8.96 0.00017682
8.965 0.000176623
8.97 0.000176427
8.975 0.00017623
8.98 0.000176034
8.985 0.000175839
8.99 0.000175644
8.995 0.000175449
9 0.000175254
9.005 0.00017506
9.01 0.000174866
9.015 0.000174672
9.02 0.000174479
9.025 0.000174286
9.03 0.000174093
9.035 0.000173901
9.04 0.000173709
9.045 0.000173517
9.05 0.000173326
9.055 0.000173135
9.06 0.000172944
9.065 0.000172754
9.07 0.000172564
9.075 0.000172374
9.08 0.000172184
9.085 0.000171995
9.09 0.000171806
9.095 0.000171618
9.1 0.000171429
9.105 0.000171241
9.11 0.000171054
9.115 0.000170866
9.12 0.000170679
9.125 0.000170493
9.13 0.000170306
9.135 0.00017012
9.14 0.000169934
9.145 0.000169749
9.15 0.000169564
9.155 0.000169379
9.16 0.000169194
9.165 0.00016901
9.17 0.000168826
9.175 0.000168642
9.18 0.000168459
9.185 0.000168276
9.19 0.000168093
9.195 0.000167911
9.2 0.000167728
9.205 0.000167547
9.21 0.000167365
9.215 0.000167184
9.22 0.000167003
9.225 0.000166822
9.23 0.000166642
9.235 0.000166461
9.24 0.000166282
9.245 0.000166102
9.25 0.000165923
9.255 0.000165744
9.26 0.000165565
9.265 0.000165387
9.27 0.000165209
9.275 0.000165031
9.28 0.000164853
9.285 0.000164676
9.29 0.000164499
9.295 0.000164323
9.3 0.000164146
9.305 0.00016397
9.31 0.000163794
9.315 0.000163619
9.32 0.000163443
9.325 0.000163268
9.33 0.000163094
9.335 0.000162919
9.34 0.000162745
9.345 0.000162571
9.35 0.000162398
9.355 0.000162225
9.36 0.000162052
9.365 0.000161879
9.37 0.000161706
9.375 0.000161534
9.38 0.000161362
9.385 0.000161191
9.39 0.000161019
9.395 0.000160848
9.4 0.000160677
9.405 0.000160507
9.41 0.000160337
9.415 0.000160167
9.42 0.000159997
9.425 0.000159827
9.43 0.000159658
9.435 0.000159489
9.44 0.000159321
9.445 0.000159152
9.45 0.000158984
9.455 0.000158816
9.46 0.000158649
9.465 0.000158481
9.47 0.000158314
9.475 0.000158147
9.48 0.000157981
9.485 0.000157815
9.49 0.000157649
9.495 0.000157483
9.5 0.000157317
9.505 0.000157152
9.51 0.000156987
9.515 0.000156822
9.52 0.000156658
9.525 0.000156494
9.53 0.00015633
9.535 0.000156166
9.54 0.000156003
9.545 0.00015584
9.55 0.000155677
9.555 0.000155514
9.56 0.000155352
9.565 0.00015519
9.57 0.000155028
9.575 0.000154866
9.58 0.000154705
9.585 0.000154544
9.59 0.000154383
9.595 0.000154222
9.6 0.000154062
9.605 0.000153902
9.61 0.000153742
9.615 0.000153582
9.62 0.000153423
9.625 0.000153264
9.63 0.000153105
9.635 0.000152946
9.64 0.000152788
9.645 0.000152629
9.65 0.000152472
9.655 0.000152314
9.66 0.000152157
9.665 0.000151999
9.67 0.000151842
9.675 0.000151686
9.68 0.000151529
9.685 0.000151373
9.69 0.000151217
9.695 0.000151061
9.7 0.000150906
9.705 0.000150751
9.71 0.000150596
9.715 0.000150441
9.72 0.000150287
9.725 0.000150132
9.73 0.000149978
9.735 0.000149824
9.74 0.000149671
9.745 0.000149517
9.75 0.000149364
9.755 0.000149212
9.76 0.000149059
9.765 0.000148907
9.77 0.000148754
9.775 0.000148602
9.78 0.000148451
9.785 0.000148299
9.79 0.000148148
9.795 0.000147997
9.8 0.000147846
9.805 0.000147696
9.81 0.000147545
9.815 0.000147395
9.82 0.000147246
9.825 0.000147096
9.83 0.000146947
9.835 0.000146797
9.84 0.000146648
9.845 0.0001465
9.85 0.000146351
9.855 0.000146203
9.86 0.000146055
9.865 0.000145907
9.87 0.00014576
9.875 0.000145612
9.88 0.000145465
9.885 0.000145318
9.89 0.000145171
9.895 0.000145025
9.9 0.000144879
9.905 0.000144733
9.91 0.000144587
9.915 0.000144441
9.92 0.000144296
9.925 0.000144151
9.93 0.000144006
9.935 0.000143861
9.94 0.000143717
9.945 0.000143572
9.95 0.000143428
9.955 0.000143284
9.96 0.000143141
9.965 0.000142997
9.97 0.000142854
9.975 0.000142711
9.98 0.000142569
9.985 0.000142426
9.99 0.000142284
9.995 0.000142142
