0, -nan 
0.001, 0.24007 
0.002, 0.242249 
0.003, 0.0512233 
0.004, 0.469059 
0.005, 0.182688 
0.006, 0.234144 
0.007, 0.492888 
0.008, 0.200004 
0.009, 0.311236 
0.01, 0.113329 
0.011, 0.522037 
0.012, 0.247358 
0.013, 0.0246117 
0.014, 0.284998 
0.015, 0.362824 
0.016, 0.341817 
0.017, 0.132156 
0.018, 0.108918 
0.019, 0.00488844 
0.02, 0.00279409 
0.021, 0.069302 
0.022, 0.0980887 
0.023, 0.379542 
0.024, 0.2272 
0.025, 0.306884 
0.026, 0.325264 
0.027, 0.255881 
0.028, 0.364354 
0.029, 0.392815 
0.03, 0.197848 
0.031, 0.227767 
0.032, 0.247843 
0.033, 0.0960842 
0.034, 0.0296905 
0.035, 0.0195293 
0.036, 0.0131921 
0.037, 0.00463949 
0.038, 0.00289009 
0.039, 0.0116437 
0.04, 0.0157363 
0.041, 0.00209936 
0.042, 0.0170969 
0.043, 0.0792208 
0.044, 0.0523582 
0.045, 0.0306677 
0.046, 0.153201 
0.047, 0.0626843 
0.048, 0.14896 
0.049, 0.156391 
0.05, 0.142263 
0.051, 0.221816 
0.052, 0.173734 
0.053, 0.241883 
0.054, 0.251492 
0.055, 0.208328 
0.056, 0.36568 
0.057, 0.172837 
0.058, 0.401614 
0.059, 0.288661 
0.06, 0.259609 
0.061, 0.466775 
0.062, 0.269994 
0.063, 0.315936 
0.064, 0.501914 
0.065, 0.312884 
0.066, 0.29834 
0.067, 0.517924 
0.068, 0.426146 
0.069, 0.267048 
0.07, 0.427095 
0.071, 0.552661 
0.072, 0.386289 
0.073, 0.284878 
0.074, 0.450836 
0.075, 0.57019 
0.076, 0.436545 
0.077, 0.292262 
0.078, 0.376058 
0.079, 0.548763 
0.08, 0.549757 
0.081, 0.387124 
0.082, 0.292279 
0.083, 0.386212 
0.084, 0.540948 
0.085, 0.566713 
0.086, 0.440134 
0.087, 0.308582 
0.088, 0.310712 
0.089, 0.435729 
0.09, 0.553503 
0.091, 0.552817 
0.092, 0.439596 
0.093, 0.316523 
0.094, 0.284709 
0.095, 0.362716 
0.096, 0.482893 
0.097, 0.552707 
0.098, 0.524027 
0.099, 0.420537 
0.1, 0.312922 
0.101, 0.267889 
0.102, 0.307737 
0.103, 0.402768 
0.104, 0.494713 
0.105, 0.532295 
0.106, 0.497526 
0.107, 0.410792 
0.108, 0.316095 
0.109, 0.257244 
0.11, 0.257755 
0.111, 0.312876 
0.112, 0.39502 
0.113, 0.467909 
0.114, 0.502124 
0.115, 0.485671 
0.116, 0.426421 
0.117, 0.346944 
0.118, 0.274904 
0.119, 0.233105 
0.12, 0.232575 
0.121, 0.270408 
0.122, 0.332241 
0.123, 0.397821 
0.124, 0.447506 
0.125, 0.467692 
0.126, 0.453827 
0.127, 0.41061 
0.128, 0.349784 
0.129, 0.286464 
0.13, 0.235153 
0.131, 0.206424 
0.132, 0.204963 
0.133, 0.229159 
0.134, 0.272116 
0.135, 0.323635 
0.136, 0.372604 
0.137, 0.409269 
0.138, 0.426938 
0.139, 0.422905 
0.14, 0.398528 
0.141, 0.358578 
0.142, 0.31009 
0.143, 0.260972 
0.144, 0.21865 
0.145, 0.188956 
0.146, 0.175397 
0.147, 0.178865 
0.148, 0.197763 
0.149, 0.228467 
0.15, 0.266021 
0.151, 0.304923 
0.152, 0.339889 
0.153, 0.366501 
0.154, 0.381674 
0.155, 0.383896 
0.156, 0.373264 
0.157, 0.351321 
0.158, 0.320752 
0.159, 0.284988 
0.16, 0.247773 
0.161, 0.212749 
0.162, 0.183099 
0.163, 0.161272 
0.164, 0.148813 
0.165, 0.146298 
0.166, 0.15337 
0.167, 0.168845 
0.168, 0.190896 
0.169, 0.217258 
0.17, 0.245461 
0.171, 0.273043 
0.172, 0.297751 
0.173, 0.317696 
0.174, 0.331467 
0.175, 0.338195 
0.176, 0.337574 
0.177, 0.329831 
0.178, 0.315672 
0.179, 0.29619 
0.18, 0.272762 
0.181, 0.246937 
0.182, 0.220321 
0.183, 0.194474 
0.184, 0.170816 
0.185, 0.150558 
0.186, 0.134641 
0.187, 0.123706 
0.188, 0.118086 
0.189, 0.117803 
0.19, 0.1226 
0.191, 0.131969 
0.192, 0.1452 
0.193, 0.161433 
0.194, 0.179711 
0.195, 0.199033 
0.196, 0.218408 
0.197, 0.236897 
0.198, 0.253655 
0.199, 0.26796 
0.2, 0.279238 
0.201, 0.287073 
0.202, 0.291218 
0.203, 0.291589 
0.204, 0.288258 
0.205, 0.28144 
0.206, 0.27147 
0.207, 0.258788 
0.208, 0.243909 
0.209, 0.227401 
0.21, 0.209862 
0.211, 0.191894 
0.212, 0.174082 
0.213, 0.156976 
0.214, 0.141076 
0.215, 0.126815 
0.216, 0.114554 
0.217, 0.104572 
0.218, 0.0970642 
0.219, 0.0921418 
0.22, 0.0898341 
0.221, 0.0900932 
0.222, 0.0928002 
0.223, 0.0977739 
0.224, 0.10478 
0.225, 0.11354 
0.226, 0.123744 
0.227, 0.135059 
0.228, 0.14714 
0.229, 0.15964 
0.23, 0.172217 
0.231, 0.184546 
0.232, 0.196323 
0.233, 0.207271 
0.234, 0.217147 
0.235, 0.225742 
0.236, 0.232888 
0.237, 0.238457 
0.238, 0.242359 
0.239, 0.244546 
0.24, 0.245009 
0.241, 0.243773 
0.242, 0.240899 
0.243, 0.236475 
0.244, 0.230618 
0.245, 0.223467 
0.246, 0.21518 
0.247, 0.205928 
0.248, 0.195893 
0.249, 0.185263 
0.25, 0.174229 
0.251, 0.16298 
0.252, 0.1517 
0.253, 0.140566 
0.254, 0.129747 
0.255, 0.119396 
0.256, 0.109653 
0.257, 0.100644 
0.258, 0.0924767 
0.259, 0.0852402 
0.26, 0.0790072 
0.261, 0.0738316 
0.262, 0.0697497 
0.263, 0.06678 
0.264, 0.0649244 
0.265, 0.0641692 
0.266, 0.0644857 
0.267, 0.0658319 
0.268, 0.0681534 
0.269, 0.0713853 
0.27, 0.0754535 
0.271, 0.080276 
0.272, 0.0857646 
0.273, 0.0918264 
0.274, 0.0983653 
0.275, 0.105283 
0.276, 0.112481 
0.277, 0.119862 
0.278, 0.127329 
0.279, 0.13479 
0.28, 0.142154 
0.281, 0.149338 
0.282, 0.156262 
0.283, 0.162853 
0.284, 0.169045 
0.285, 0.174776 
0.286, 0.179996 
0.287, 0.184659 
0.288, 0.188728 
0.289, 0.192171 
0.29, 0.194967 
0.291, 0.1971 
0.292, 0.198561 
0.293, 0.199349 
0.294, 0.199469 
0.295, 0.198932 
0.296, 0.197754 
0.297, 0.195957 
0.298, 0.193568 
0.299, 0.190616 
0.3, 0.187138 
0.301, 0.18317 
0.302, 0.178754 
0.303, 0.173931 
0.304, 0.168748 
0.305, 0.163249 
0.306, 0.157483 
0.307, 0.151495 
0.308, 0.145335 
0.309, 0.139047 
0.31, 0.132681 
0.311, 0.126279 
0.312, 0.119887 
0.313, 0.113546 
0.314, 0.107298 
0.315, 0.101181 
0.316, 0.0952305 
0.317, 0.0894807 
0.318, 0.0839627 
0.319, 0.078705 
0.32, 0.0737335 
0.321, 0.0690711 
0.322, 0.0647381 
0.323, 0.0607518 
0.324, 0.0571267 
0.325, 0.0538747 
0.326, 0.0510048 
0.327, 0.0485234 
0.328, 0.0464343 
0.329, 0.0447387 
0.33, 0.0434357 
0.331, 0.0425218 
0.332, 0.0419916 
0.333, 0.0418376 
0.334, 0.0420504 
0.335, 0.0426189 
0.336, 0.0435303 
0.337, 0.0447704 
0.338, 0.0463238 
0.339, 0.0481738 
0.34, 0.0503026 
0.341, 0.0526918 
0.342, 0.0553221 
0.343, 0.0581736 
0.344, 0.0612259 
0.345, 0.0644583 
0.346, 0.0678499 
0.347, 0.0713797 
0.348, 0.0750267 
0.349, 0.0787701 
0.35, 0.0825891 
0.351, 0.0864634 
0.352, 0.0903732 
0.353, 0.0942988 
0.354, 0.0982215 
0.355, 0.102123 
0.356, 0.105985 
0.357, 0.109792 
0.358, 0.113527 
0.359, 0.117174 
0.36, 0.12072 
0.361, 0.124151 
0.362, 0.127454 
0.363, 0.130617 
0.364, 0.13363 
0.365, 0.136483 
0.366, 0.139167 
0.367, 0.141674 
0.368, 0.143997 
0.369, 0.14613 
0.37, 0.148068 
0.371, 0.149806 
0.372, 0.151342 
0.373, 0.152672 
0.374, 0.153795 
0.375, 0.15471 
0.376, 0.155418 
0.377, 0.155918 
0.378, 0.156212 
0.379, 0.156303 
0.38, 0.156192 
0.381, 0.155884 
0.382, 0.155381 
0.383, 0.15469 
0.384, 0.153813 
0.385, 0.152758 
0.386, 0.15153 
0.387, 0.150134 
0.388, 0.148578 
0.389, 0.146869 
0.39, 0.145013 
0.391, 0.143019 
0.392, 0.140893 
0.393, 0.138644 
0.394, 0.13628 
0.395, 0.133809 
0.396, 0.131238 
0.397, 0.128577 
0.398, 0.125834 
0.399, 0.123016 
0.4, 0.120133 
0.401, 0.117193 
0.402, 0.114203 
0.403, 0.111172 
0.404, 0.108107 
0.405, 0.105018 
0.406, 0.10191 
0.407, 0.098793 
0.408, 0.095673 
0.409, 0.0925575 
0.41, 0.0894536 
0.411, 0.0863679 
0.412, 0.0833071 
0.413, 0.0802774 
0.414, 0.0772849 
0.415, 0.0743355 
0.416, 0.0714346 
0.417, 0.0685877 
0.418, 0.0657996 
0.419, 0.0630752 
0.42, 0.060419 
0.421, 0.0578351 
0.422, 0.0553275 
0.423, 0.0528999 
0.424, 0.0505557 
0.425, 0.0482979 
0.426, 0.0461295 
0.427, 0.0440529 
0.428, 0.0420705 
0.429, 0.0401844 
0.43, 0.0383963 
0.431, 0.0367078 
0.432, 0.0351202 
0.433, 0.0336346 
0.434, 0.0322517 
0.435, 0.0309722 
0.436, 0.0297963 
0.437, 0.0287244 
0.438, 0.0277563 
0.439, 0.0268917 
0.44, 0.0261302 
0.441, 0.0254712 
0.442, 0.0249139 
0.443, 0.0244572 
0.444, 0.0241001 
0.445, 0.0238411 
0.446, 0.023679 
0.447, 0.0236119 
0.448, 0.0236383 
0.449, 0.0237563 
0.45, 0.0239639 
0.451, 0.024259 
0.452, 0.0246395 
0.453, 0.0251031 
0.454, 0.0256473 
0.455, 0.0262699 
0.456, 0.0269682 
0.457, 0.0277397 
0.458, 0.0285818 
0.459, 0.0294917 
0.46, 0.0304668 
0.461, 0.0315042 
0.462, 0.0326012 
0.463, 0.0337549 
0.464, 0.0349625 
0.465, 0.036221 
0.466, 0.0375277 
0.467, 0.0388796 
0.468, 0.0402739 
0.469, 0.0417077 
0.47, 0.043178 
0.471, 0.0446821 
0.472, 0.0462171 
0.473, 0.0477802 
0.474, 0.0493686 
0.475, 0.0509796 
0.476, 0.0526103 
0.477, 0.0542582 
0.478, 0.0559205 
0.479, 0.0575947 
0.48, 0.0592782 
0.481, 0.0609685 
0.482, 0.0626631 
0.483, 0.0643596 
0.484, 0.0660556 
0.485, 0.0677489 
0.486, 0.0694371 
0.487, 0.0711181 
0.488, 0.0727898 
0.489, 0.07445 
0.49, 0.0760969 
0.491, 0.0777283 
0.492, 0.0793426 
0.493, 0.0809378 
0.494, 0.0825121 
0.495, 0.0840641 
0.496, 0.0855919 
0.497, 0.087094 
0.498, 0.0885691 
0.499, 0.0900156 
0.5, 0.0914322 
0.501, 0.0928176 
0.502, 0.0941706 
0.503, 0.0954901 
0.504, 0.096775 
0.505, 0.0980242 
0.506, 0.0992368 
0.507, 0.100412 
0.508, 0.101549 
0.509, 0.102646 
0.51, 0.103704 
0.511, 0.104721 
0.512, 0.105698 
0.513, 0.106632 
0.514, 0.107525 
0.515, 0.108375 
0.516, 0.109182 
0.517, 0.109946 
0.518, 0.110667 
0.519, 0.111344 
0.52, 0.111977 
0.521, 0.112566 
0.522, 0.113112 
0.523, 0.113613 
0.524, 0.11407 
0.525, 0.114484 
0.526, 0.114854 
0.527, 0.11518 
0.528, 0.115462 
0.529, 0.115702 
0.53, 0.115898 
0.531, 0.116052 
0.532, 0.116164 
0.533, 0.116234 
0.534, 0.116262 
0.535, 0.11625 
0.536, 0.116196 
0.537, 0.116103 
0.538, 0.11597 
0.539, 0.115798 
0.54, 0.115588 
0.541, 0.115339 
0.542, 0.115054 
0.543, 0.114732 
0.544, 0.114374 
0.545, 0.11398 
0.546, 0.113552 
0.547, 0.11309 
0.548, 0.112595 
0.549, 0.112068 
0.55, 0.111509 
0.551, 0.110919 
0.552, 0.110298 
0.553, 0.109649 
0.554, 0.10897 
0.555, 0.108264 
0.556, 0.107531 
0.557, 0.106772 
0.558, 0.105987 
0.559, 0.105178 
0.56, 0.104345 
0.561, 0.103489 
0.562, 0.102611 
0.563, 0.101711 
0.564, 0.100792 
0.565, 0.0998522 
0.566, 0.0988939 
0.567, 0.0979177 
0.568, 0.0969243 
0.569, 0.0959145 
0.57, 0.0948891 
0.571, 0.0938491 
0.572, 0.0927951 
0.573, 0.091728 
0.574, 0.0906485 
0.575, 0.0895575 
0.576, 0.0884556 
0.577, 0.0873438 
0.578, 0.0862228 
0.579, 0.0850932 
0.58, 0.083956 
0.581, 0.0828117 
0.582, 0.0816612 
0.583, 0.0805051 
0.584, 0.0793442 
0.585, 0.0781791 
0.586, 0.0770106 
0.587, 0.0758394 
0.588, 0.074666 
0.589, 0.0734913 
0.59, 0.0723157 
0.591, 0.07114 
0.592, 0.0699647 
0.593, 0.0687906 
0.594, 0.0676181 
0.595, 0.0664479 
0.596, 0.0652806 
0.597, 0.0641167 
0.598, 0.0629567 
0.599, 0.0618013 
0.6, 0.0606508 
0.601, 0.059506 
0.602, 0.0583672 
0.603, 0.0572349 
0.604, 0.0561097 
0.605, 0.0549919 
0.606, 0.0538821 
0.607, 0.0527807 
0.608, 0.051688 
0.609, 0.0506046 
0.61, 0.0495308 
0.611, 0.048467 
0.612, 0.0474136 
0.613, 0.0463709 
0.614, 0.0453394 
0.615, 0.0443193 
0.616, 0.0433109 
0.617, 0.0423146 
0.618, 0.0413307 
0.619, 0.0403595 
0.62, 0.0394013 
0.621, 0.0384563 
0.622, 0.0375247 
0.623, 0.0366069 
0.624, 0.0357031 
0.625, 0.0348134 
0.626, 0.0339381 
0.627, 0.0330774 
0.628, 0.0322315 
0.629, 0.0314006 
0.63, 0.0305848 
0.631, 0.0297843 
0.632, 0.0289993 
0.633, 0.0282298 
0.634, 0.0274761 
0.635, 0.0267381 
0.636, 0.0260161 
0.637, 0.0253101 
0.638, 0.0246203 
0.639, 0.0239467 
0.64, 0.0232893 
0.641, 0.0226483 
0.642, 0.0220237 
0.643, 0.0214155 
0.644, 0.0208238 
0.645, 0.0202486 
0.646, 0.01969 
0.647, 0.0191479 
0.648, 0.0186223 
0.649, 0.0181134 
0.65, 0.0176209 
0.651, 0.017145 
0.652, 0.0166856 
0.653, 0.0162427 
0.654, 0.0158162 
0.655, 0.0154061 
0.656, 0.0150124 
0.657, 0.014635 
0.658, 0.0142739 
0.659, 0.0139289 
0.66, 0.0136 
0.661, 0.0132871 
0.662, 0.0129902 
0.663, 0.0127091 
0.664, 0.0124439 
0.665, 0.0121942 
0.666, 0.0119602 
0.667, 0.0117416 
0.668, 0.0115383 
0.669, 0.0113503 
0.67, 0.0111774 
0.671, 0.0110195 
0.672, 0.0108765 
0.673, 0.0107482 
0.674, 0.0106345 
0.675, 0.0105352 
0.676, 0.0104503 
0.677, 0.0103796 
0.678, 0.0103229 
0.679, 0.01028 
0.68, 0.0102509 
0.681, 0.0102354 
0.682, 0.0102333 
0.683, 0.0102444 
0.684, 0.0102687 
0.685, 0.0103059 
0.686, 0.0103558 
0.687, 0.0104183 
0.688, 0.0104933 
0.689, 0.0105805 
0.69, 0.0106798 
0.691, 0.0107909 
0.692, 0.0109139 
0.693, 0.0110483 
0.694, 0.0111942 
0.695, 0.0113512 
0.696, 0.0115192 
0.697, 0.0116981 
0.698, 0.0118876 
0.699, 0.0120876 
0.7, 0.0122979 
0.701, 0.0125183 
0.702, 0.0127485 
0.703, 0.0129886 
0.704, 0.0132381 
0.705, 0.013497 
0.706, 0.0137651 
0.707, 0.0140421 
0.708, 0.014328 
0.709, 0.0146225 
0.71, 0.0149254 
0.711, 0.0152365 
0.712, 0.0155557 
0.713, 0.0158828 
0.714, 0.0162176 
0.715, 0.0165598 
0.716, 0.0169094 
0.717, 0.0172662 
0.718, 0.0176298 
0.719, 0.0180003 
0.72, 0.0183774 
0.721, 0.0187609 
0.722, 0.0191506 
0.723, 0.0195463 
0.724, 0.019948 
0.725, 0.0203554 
0.726, 0.0207682 
0.727, 0.0211865 
0.728, 0.0216099 
0.729, 0.0220384 
0.73, 0.0224716 
0.731, 0.0229096 
0.732, 0.023352 
0.733, 0.0237988 
0.734, 0.0242498 
0.735, 0.0247048 
0.736, 0.0251636 
0.737, 0.0256261 
0.738, 0.0260921 
0.739, 0.0265614 
0.74, 0.027034 
0.741, 0.0275097 
0.742, 0.0279882 
0.743, 0.0284694 
0.744, 0.0289533 
0.745, 0.0294396 
0.746, 0.0299282 
0.747, 0.0304189 
0.748, 0.0309116 
0.749, 0.0314062 
0.75, 0.0319025 
0.751, 0.0324004 
0.752, 0.0328997 
0.753, 0.0334004 
0.754, 0.0339022 
0.755, 0.034405 
0.756, 0.0349087 
0.757, 0.0354132 
0.758, 0.0359183 
0.759, 0.036424 
0.76, 0.03693 
0.761, 0.0374364 
0.762, 0.0379428 
0.763, 0.0384493 
0.764, 0.0389557 
0.765, 0.0394619 
0.766, 0.0399678 
0.767, 0.0404733 
0.768, 0.0409782 
0.769, 0.0414824 
0.77, 0.0419859 
0.771, 0.0424885 
0.772, 0.0429902 
0.773, 0.0434908 
0.774, 0.0439902 
0.775, 0.0444883 
0.776, 0.0449851 
0.777, 0.0454804 
0.778, 0.0459742 
0.779, 0.0464663 
0.78, 0.0469567 
0.781, 0.0474452 
0.782, 0.0479318 
0.783, 0.0484165 
0.784, 0.048899 
0.785, 0.0493794 
0.786, 0.0498575 
0.787, 0.0503334 
0.788, 0.0508068 
0.789, 0.0512777 
0.79, 0.0517461 
0.791, 0.0522119 
0.792, 0.052675 
0.793, 0.0531353 
0.794, 0.0535928 
0.795, 0.0540474 
0.796, 0.054499 
0.797, 0.0549476 
0.798, 0.0553932 
0.799, 0.0558356 
0.8, 0.0562747 
0.801, 0.0567107 
0.802, 0.0571433 
0.803, 0.0575726 
0.804, 0.0579984 
0.805, 0.0584208 
0.806, 0.0588396 
0.807, 0.0592549 
0.808, 0.0596666 
0.809, 0.0600746 
0.81, 0.0604789 
0.811, 0.0608794 
0.812, 0.0612762 
0.813, 0.0616692 
0.814, 0.0620582 
0.815, 0.0624434 
0.816, 0.0628246 
0.817, 0.0632019 
0.818, 0.0635751 
0.819, 0.0639444 
0.82, 0.0643095 
0.821, 0.0646705 
0.822, 0.0650274 
0.823, 0.0653802 
0.824, 0.0657287 
0.825, 0.0660731 
0.826, 0.0664132 
0.827, 0.0667491 
0.828, 0.0670807 
0.829, 0.0674079 
0.83, 0.0677309 
0.831, 0.0680495 
0.832, 0.0683638 
0.833, 0.0686737 
0.834, 0.0689792 
0.835, 0.0692803 
0.836, 0.069577 
0.837, 0.0698693 
0.838, 0.0701571 
0.839, 0.0704405 
0.84, 0.0707194 
0.841, 0.0709938 
0.842, 0.0712638 
0.843, 0.0715293 
0.844, 0.0717903 
0.845, 0.0720467 
0.846, 0.0722987 
0.847, 0.0725462 
0.848, 0.0727892 
0.849, 0.0730277 
0.85, 0.0732616 
0.851, 0.0734911 
0.852, 0.073716 
0.853, 0.0739365 
0.854, 0.0741524 
0.855, 0.0743638 
0.856, 0.0745707 
0.857, 0.0747731 
0.858, 0.0749711 
0.859, 0.0751645 
0.86, 0.0753535 
0.861, 0.075538 
0.862, 0.075718 
0.863, 0.0758936 
0.864, 0.0760647 
0.865, 0.0762313 
0.866, 0.0763936 
0.867, 0.0765514 
0.868, 0.0767048 
0.869, 0.0768538 
0.87, 0.0769985 
0.871, 0.0771387 
0.872, 0.0772746 
0.873, 0.0774062 
0.874, 0.0775334 
0.875, 0.0776563 
0.876, 0.0777749 
0.877, 0.0778892 
0.878, 0.0779992 
0.879, 0.078105 
0.88, 0.0782066 
0.881, 0.0783039 
0.882, 0.078397 
0.883, 0.078486 
0.884, 0.0785708 
0.885, 0.0786514 
0.886, 0.0787279 
0.887, 0.0788003 
0.888, 0.0788686 
0.889, 0.0789329 
0.89, 0.0789931 
0.891, 0.0790492 
0.892, 0.0791014 
0.893, 0.0791496 
0.894, 0.0791938 
0.895, 0.0792341 
0.896, 0.0792705 
0.897, 0.079303 
0.898, 0.0793316 
0.899, 0.0793564 
0.9, 0.0793774 
0.901, 0.0793946 
0.902, 0.079408 
0.903, 0.0794176 
0.904, 0.0794235 
0.905, 0.0794257 
0.906, 0.0794243 
0.907, 0.0794192 
0.908, 0.0794105 
0.909, 0.0793982 
0.91, 0.0793823 
0.911, 0.0793629 
0.912, 0.0793399 
0.913, 0.0793135 
0.914, 0.0792836 
0.915, 0.0792502 
0.916, 0.0792135 
0.917, 0.0791733 
0.918, 0.0791298 
0.919, 0.079083 
0.92, 0.0790329 
0.921, 0.0789795 
0.922, 0.0789228 
0.923, 0.0788629 
0.924, 0.0787998 
0.925, 0.0787336 
0.926, 0.0786642 
0.927, 0.0785917 
0.928, 0.0785162 
0.929, 0.0784375 
0.93, 0.0783559 
0.931, 0.0782712 
0.932, 0.0781836 
0.933, 0.078093 
0.934, 0.0779996 
0.935, 0.0779032 
0.936, 0.077804 
0.937, 0.0777019 
0.938, 0.0775971 
0.939, 0.0774895 
0.94, 0.0773791 
0.941, 0.077266 
0.942, 0.0771503 
0.943, 0.0770318 
0.944, 0.0769108 
0.945, 0.0767871 
0.946, 0.0766609 
0.947, 0.0765321 
0.948, 0.0764008 
0.949, 0.076267 
0.95, 0.0761308 
0.951, 0.0759921 
0.952, 0.075851 
0.953, 0.0757076 
0.954, 0.0755618 
0.955, 0.0754136 
0.956, 0.0752632 
0.957, 0.0751105 
0.958, 0.0749556 
0.959, 0.0747985 
0.96, 0.0746392 
0.961, 0.0744777 
0.962, 0.0743141 
0.963, 0.0741484 
0.964, 0.0739806 
0.965, 0.0738108 
0.966, 0.073639 
0.967, 0.0734652 
0.968, 0.0732894 
0.969, 0.0731117 
0.97, 0.0729321 
0.971, 0.0727506 
0.972, 0.0725672 
0.973, 0.072382 
0.974, 0.072195 
0.975, 0.0720063 
0.976, 0.0718158 
0.977, 0.0716235 
0.978, 0.0714296 
0.979, 0.071234 
0.98, 0.0710367 
0.981, 0.0708378 
0.982, 0.0706374 
0.983, 0.0704353 
0.984, 0.0702318 
0.985, 0.0700267 
0.986, 0.0698201 
0.987, 0.069612 
0.988, 0.0694025 
0.989, 0.0691916 
0.99, 0.0689793 
0.991, 0.0687656 
0.992, 0.0685506 
0.993, 0.0683342 
0.994, 0.0681166 
0.995, 0.0678977 
0.996, 0.0676775 
0.997, 0.0674562 
0.998, 0.0672336 
0.999, 0.0670098 
1, 0.0667849 
1.001, 0.0665589 
1.002, 0.0663317 
1.003, 0.0661035 
1.004, 0.0658742 
1.005, 0.0656438 
1.006, 0.0654125 
1.007, 0.0651801 
1.008, 0.0649468 
1.009, 0.0647125 
1.01, 0.0644773 
1.011, 0.0642412 
1.012, 0.0640043 
1.013, 0.0637664 
1.014, 0.0635277 
1.015, 0.0632882 
1.016, 0.0630479 
1.017, 0.0628068 
1.018, 0.062565 
1.019, 0.0623224 
1.02, 0.0620791 
1.021, 0.0618351 
1.022, 0.0615904 
1.023, 0.0613451 
1.024, 0.0610991 
1.025, 0.0608525 
1.026, 0.0606053 
1.027, 0.0603576 
1.028, 0.0601093 
1.029, 0.0598604 
1.03, 0.059611 
1.031, 0.0593612 
1.032, 0.0591108 
1.033, 0.05886 
1.034, 0.0586087 
1.035, 0.058357 
1.036, 0.0581049 
1.037, 0.0578524 
1.038, 0.0575996 
1.039, 0.0573463 
1.04, 0.0570928 
1.041, 0.0568389 
1.042, 0.0565847 
1.043, 0.0563302 
1.044, 0.0560755 
1.045, 0.0558205 
1.046, 0.0555652 
1.047, 0.0553098 
1.048, 0.0550541 
1.049, 0.0547983 
1.05, 0.0545422 
1.051, 0.0542861 
1.052, 0.0540297 
1.053, 0.0537733 
1.054, 0.0535167 
1.055, 0.0532601 
1.056, 0.0530034 
1.057, 0.0527466 
1.058, 0.0524897 
1.059, 0.0522329 
1.06, 0.051976 
1.061, 0.0517191 
1.062, 0.0514622 
1.063, 0.0512053 
1.064, 0.0509485 
1.065, 0.0506917 
1.066, 0.050435 
1.067, 0.0501783 
1.068, 0.0499218 
1.069, 0.0496653 
1.07, 0.049409 
1.071, 0.0491528 
1.072, 0.0488967 
1.073, 0.0486408 
1.074, 0.0483851 
1.075, 0.0481295 
1.076, 0.0478742 
1.077, 0.047619 
1.078, 0.0473641 
1.079, 0.0471094 
1.08, 0.0468549 
1.081, 0.0466007 
1.082, 0.0463468 
1.083, 0.0460931 
1.084, 0.0458397 
1.085, 0.0455866 
1.086, 0.0453339 
1.087, 0.0450814 
1.088, 0.0448293 
1.089, 0.0445775 
1.09, 0.0443261 
1.091, 0.044075 
1.092, 0.0438243 
1.093, 0.043574 
1.094, 0.0433241 
1.095, 0.0430746 
1.096, 0.0428254 
1.097, 0.0425768 
1.098, 0.0423285 
1.099, 0.0420807 
1.1, 0.0418333 
1.101, 0.0415864 
1.102, 0.04134 
1.103, 0.041094 
1.104, 0.0408486 
1.105, 0.0406036 
1.106, 0.0403591 
1.107, 0.0401151 
1.108, 0.0398717 
1.109, 0.0396288 
1.11, 0.0393864 
1.111, 0.0391446 
1.112, 0.0389033 
1.113, 0.0386626 
1.114, 0.0384224 
1.115, 0.0381828 
1.116, 0.0379438 
1.117, 0.0377054 
1.118, 0.0374676 
1.119, 0.0372304 
1.12, 0.0369938 
1.121, 0.0367578 
1.122, 0.0365225 
1.123, 0.0362877 
1.124, 0.0360537 
1.125, 0.0358202 
1.126, 0.0355874 
1.127, 0.0353553 
1.128, 0.0351238 
1.129, 0.034893 
1.13, 0.0346629 
1.131, 0.0344335 
1.132, 0.0342047 
1.133, 0.0339767 
1.134, 0.0337493 
1.135, 0.0335226 
1.136, 0.0332967 
1.137, 0.0330715 
1.138, 0.0328469 
1.139, 0.0326232 
1.14, 0.0324001 
1.141, 0.0321778 
1.142, 0.0319562 
1.143, 0.0317354 
1.144, 0.0315153 
1.145, 0.031296 
1.146, 0.0310774 
1.147, 0.0308596 
1.148, 0.0306425 
1.149, 0.0304263 
1.15, 0.0302108 
1.151, 0.0299961 
1.152, 0.0297822 
1.153, 0.029569 
1.154, 0.0293567 
1.155, 0.0291451 
1.156, 0.0289344 
1.157, 0.0287244 
1.158, 0.0285153 
1.159, 0.028307 
1.16, 0.0280994 
1.161, 0.0278928 
1.162, 0.0276869 
1.163, 0.0274818 
1.164, 0.0272776 
1.165, 0.0270742 
1.166, 0.0268716 
1.167, 0.0266699 
1.168, 0.026469 
1.169, 0.026269 
1.17, 0.0260698 
1.171, 0.0258714 
1.172, 0.0256739 
1.173, 0.0254772 
1.174, 0.0252814 
1.175, 0.0250865 
1.176, 0.0248924 
1.177, 0.0246992 
1.178, 0.0245068 
1.179, 0.0243153 
1.18, 0.0241247 
1.181, 0.0239349 
1.182, 0.023746 
1.183, 0.023558 
1.184, 0.0233708 
1.185, 0.0231845 
1.186, 0.0229991 
1.187, 0.0228146 
1.188, 0.022631 
1.189, 0.0224482 
1.19, 0.0222664 
1.191, 0.0220854 
1.192, 0.0219053 
1.193, 0.021726 
1.194, 0.0215477 
1.195, 0.0213703 
1.196, 0.0211937 
1.197, 0.0210181 
1.198, 0.0208433 
1.199, 0.0206694 
1.2, 0.0204964 
1.201, 0.0203244 
1.202, 0.0201532 
1.203, 0.0199829 
1.204, 0.0198135 
1.205, 0.019645 
1.206, 0.0194774 
1.207, 0.0193107 
1.208, 0.0191449 
1.209, 0.01898 
1.21, 0.018816 
1.211, 0.0186529 
1.212, 0.0184906 
1.213, 0.0183293 
1.214, 0.0181689 
1.215, 0.0180094 
1.216, 0.0178508 
1.217, 0.0176931 
1.218, 0.0175363 
1.219, 0.0173804 
1.22, 0.0172254 
1.221, 0.0170713 
1.222, 0.0169181 
1.223, 0.0167658 
1.224, 0.0166144 
1.225, 0.0164639 
1.226, 0.0163143 
1.227, 0.0161656 
1.228, 0.0160178 
1.229, 0.0158708 
1.23, 0.0157248 
1.231, 0.0155797 
1.232, 0.0154355 
1.233, 0.0152922 
1.234, 0.0151497 
1.235, 0.0150082 
1.236, 0.0148675 
1.237, 0.0147278 
1.238, 0.0145889 
1.239, 0.014451 
1.24, 0.0143139 
1.241, 0.0141777 
1.242, 0.0140424 
1.243, 0.013908 
1.244, 0.0137744 
1.245, 0.0136418 
1.246, 0.01351 
1.247, 0.0133792 
1.248, 0.0132492 
1.249, 0.01312 
1.25, 0.0129918 
1.251, 0.0128645 
1.252, 0.012738 
1.253, 0.0126124 
1.254, 0.0124876 
1.255, 0.0123638 
1.256, 0.0122408 
1.257, 0.0121187 
1.258, 0.0119975 
1.259, 0.0118771 
1.26, 0.0117576 
1.261, 0.0116389 
1.262, 0.0115212 
1.263, 0.0114042 
1.264, 0.0112882 
1.265, 0.011173 
1.266, 0.0110586 
1.267, 0.0109452 
1.268, 0.0108325 
1.269, 0.0107208 
1.27, 0.0106098 
1.271, 0.0104998 
1.272, 0.0103905 
1.273, 0.0102821 
1.274, 0.0101746 
1.275, 0.0100679 
1.276, 0.00996206 
1.277, 0.00985705 
1.278, 0.00975287 
1.279, 0.00964952 
1.28, 0.00954701 
1.281, 0.00944533 
1.282, 0.00934449 
1.283, 0.00924446 
1.284, 0.00914527 
1.285, 0.00904689 
1.286, 0.00894934 
1.287, 0.00885261 
1.288, 0.0087567 
1.289, 0.0086616 
1.29, 0.00856732 
1.291, 0.00847384 
1.292, 0.00838118 
1.293, 0.00828933 
1.294, 0.00819828 
1.295, 0.00810803 
1.296, 0.00801858 
1.297, 0.00792994 
1.298, 0.00784209 
1.299, 0.00775503 
1.3, 0.00766877 
1.301, 0.0075833 
1.302, 0.00749861 
1.303, 0.00741471 
1.304, 0.0073316 
1.305, 0.00724927 
1.306, 0.00716771 
1.307, 0.00708693 
1.308, 0.00700693 
1.309, 0.0069277 
1.31, 0.00684924 
1.311, 0.00677155 
1.312, 0.00669462 
1.313, 0.00661846 
1.314, 0.00654306 
1.315, 0.00646841 
1.316, 0.00639453 
1.317, 0.00632139 
1.318, 0.00624901 
1.319, 0.00617737 
1.32, 0.00610649 
1.321, 0.00603634 
1.322, 0.00596694 
1.323, 0.00589828 
1.324, 0.00583036 
1.325, 0.00576317 
1.326, 0.00569671 
1.327, 0.00563098 
1.328, 0.00556598 
1.329, 0.0055017 
1.33, 0.00543815 
1.331, 0.00537531 
1.332, 0.0053132 
1.333, 0.00525179 
1.334, 0.0051911 
1.335, 0.00513112 
1.336, 0.00507185 
1.337, 0.00501328 
1.338, 0.00495542 
1.339, 0.00489826 
1.34, 0.00484179 
1.341, 0.00478601 
1.342, 0.00473093 
1.343, 0.00467654 
1.344, 0.00462284 
1.345, 0.00456982 
1.346, 0.00451749 
1.347, 0.00446583 
1.348, 0.00441485 
1.349, 0.00436455 
1.35, 0.00431491 
1.351, 0.00426595 
1.352, 0.00421765 
1.353, 0.00417002 
1.354, 0.00412305 
1.355, 0.00407674 
1.356, 0.00403108 
1.357, 0.00398608 
1.358, 0.00394173 
1.359, 0.00389803 
1.36, 0.00385498 
1.361, 0.00381257 
1.362, 0.0037708 
1.363, 0.00372967 
1.364, 0.00368918 
1.365, 0.00364932 
1.366, 0.00361009 
1.367, 0.00357148 
1.368, 0.00353351 
1.369, 0.00349616 
1.37, 0.00345942 
1.371, 0.00342331 
1.372, 0.00338781 
1.373, 0.00335292 
1.374, 0.00331865 
1.375, 0.00328498 
1.376, 0.00325192 
1.377, 0.00321945 
1.378, 0.00318759 
1.379, 0.00315633 
1.38, 0.00312566 
1.381, 0.00309558 
1.382, 0.00306609 
1.383, 0.00303719 
1.384, 0.00300888 
1.385, 0.00298114 
1.386, 0.00295399 
1.387, 0.00292741 
1.388, 0.0029014 
1.389, 0.00287597 
1.39, 0.0028511 
1.391, 0.00282681 
1.392, 0.00280307 
1.393, 0.0027799 
1.394, 0.00275728 
1.395, 0.00273522 
1.396, 0.00271372 
1.397, 0.00269276 
1.398, 0.00267236 
1.399, 0.0026525 
1.4, 0.00263318 
1.401, 0.00261441 
1.402, 0.00259617 
1.403, 0.00257847 
1.404, 0.0025613 
1.405, 0.00254466 
1.406, 0.00252855 
1.407, 0.00251296 
1.408, 0.0024979 
1.409, 0.00248336 
1.41, 0.00246934 
1.411, 0.00245583 
1.412, 0.00244284 
1.413, 0.00243035 
1.414, 0.00241838 
1.415, 0.00240691 
1.416, 0.00239594 
1.417, 0.00238547 
1.418, 0.0023755 
1.419, 0.00236603 
1.42, 0.00235705 
1.421, 0.00234856 
1.422, 0.00234055 
1.423, 0.00233304 
1.424, 0.002326 
1.425, 0.00231945 
1.426, 0.00231338 
1.427, 0.00230778 
1.428, 0.00230265 
1.429, 0.002298 
1.43, 0.00229381 
1.431, 0.00229009 
1.432, 0.00228683 
1.433, 0.00228404 
1.434, 0.0022817 
1.435, 0.00227982 
1.436, 0.0022784 
1.437, 0.00227742 
1.438, 0.0022769 
1.439, 0.00227682 
1.44, 0.00227718 
1.441, 0.00227799 
1.442, 0.00227924 
1.443, 0.00228092 
1.444, 0.00228304 
1.445, 0.00228559 
1.446, 0.00228857 
1.447, 0.00229198 
1.448, 0.00229582 
1.449, 0.00230008 
1.45, 0.00230476 
1.451, 0.00230985 
1.452, 0.00231537 
1.453, 0.00232129 
1.454, 0.00232763 
1.455, 0.00233438 
1.456, 0.00234154 
1.457, 0.0023491 
1.458, 0.00235706 
1.459, 0.00236542 
1.46, 0.00237418 
1.461, 0.00238333 
1.462, 0.00239288 
1.463, 0.00240282 
1.464, 0.00241315 
1.465, 0.00242387 
1.466, 0.00243496 
1.467, 0.00244644 
1.468, 0.00245831 
1.469, 0.00247054 
1.47, 0.00248316 
1.471, 0.00249614 
1.472, 0.0025095 
1.473, 0.00252323 
1.474, 0.00253732 
1.475, 0.00255178 
1.476, 0.00256659 
1.477, 0.00258177 
1.478, 0.00259731 
1.479, 0.0026132 
1.48, 0.00262945 
1.481, 0.00264605 
1.482, 0.00266299 
1.483, 0.00268029 
1.484, 0.00269792 
1.485, 0.00271591 
1.486, 0.00273423 
1.487, 0.00275289 
1.488, 0.00277189 
1.489, 0.00279122 
1.49, 0.00281088 
1.491, 0.00283087 
1.492, 0.0028512 
1.493, 0.00287184 
1.494, 0.00289282 
1.495, 0.00291411 
1.496, 0.00293572 
1.497, 0.00295766 
1.498, 0.0029799 
1.499, 0.00300246 
1.5, 0.00302534 
1.501, 0.00304852 
1.502, 0.00307201 
1.503, 0.00309581 
1.504, 0.00311991 
1.505, 0.00314431 
1.506, 0.00316901 
1.507, 0.00319401 
1.508, 0.0032193 
1.509, 0.00324489 
1.51, 0.00327077 
1.511, 0.00329694 
1.512, 0.0033234 
1.513, 0.00335014 
1.514, 0.00337717 
1.515, 0.00340448 
1.516, 0.00343207 
1.517, 0.00345994 
1.518, 0.00348809 
1.519, 0.00351651 
1.52, 0.0035452 
1.521, 0.00357416 
1.522, 0.0036034 
1.523, 0.0036329 
1.524, 0.00366266 
1.525, 0.00369269 
1.526, 0.00372298 
1.527, 0.00375353 
1.528, 0.00378433 
1.529, 0.0038154 
1.53, 0.00384671 
1.531, 0.00387828 
1.532, 0.0039101 
1.533, 0.00394217 
1.534, 0.00397448 
1.535, 0.00400704 
1.536, 0.00403984 
1.537, 0.00407289 
1.538, 0.00410617 
1.539, 0.0041397 
1.54, 0.00417345 
1.541, 0.00420745 
1.542, 0.00424167 
1.543, 0.00427613 
1.544, 0.00431082 
1.545, 0.00434573 
1.546, 0.00438087 
1.547, 0.00441623 
1.548, 0.00445182 
1.549, 0.00448762 
1.55, 0.00452365 
1.551, 0.00455989 
1.552, 0.00459635 
1.553, 0.00463302 
1.554, 0.00466991 
1.555, 0.004707 
1.556, 0.00474431 
1.557, 0.00478182 
1.558, 0.00481954 
1.559, 0.00485746 
1.56, 0.00489558 
1.561, 0.00493391 
1.562, 0.00497243 
1.563, 0.00501115 
1.564, 0.00505007 
1.565, 0.00508918 
1.566, 0.00512849 
1.567, 0.00516798 
1.568, 0.00520767 
1.569, 0.00524754 
1.57, 0.0052876 
1.571, 0.00532785 
1.572, 0.00536828 
1.573, 0.00540889 
1.574, 0.00544968 
1.575, 0.00549065 
1.576, 0.0055318 
1.577, 0.00557312 
1.578, 0.00561462 
1.579, 0.00565629 
1.58, 0.00569813 
1.581, 0.00574015 
1.582, 0.00578233 
1.583, 0.00582467 
1.584, 0.00586719 
1.585, 0.00590986 
1.586, 0.0059527 
1.587, 0.0059957 
1.588, 0.00603886 
1.589, 0.00608218 
1.59, 0.00612566 
1.591, 0.00616929 
1.592, 0.00621307 
1.593, 0.00625701 
1.594, 0.0063011 
1.595, 0.00634533 
1.596, 0.00638972 
1.597, 0.00643425 
1.598, 0.00647893 
1.599, 0.00652375 
1.6, 0.00656872 
1.601, 0.00661383 
1.602, 0.00665907 
1.603, 0.00670446 
1.604, 0.00674998 
1.605, 0.00679564 
1.606, 0.00684143 
1.607, 0.00688736 
1.608, 0.00693342 
1.609, 0.00697961 
1.61, 0.00702593 
1.611, 0.00707238 
1.612, 0.00711895 
1.613, 0.00716565 
1.614, 0.00721247 
1.615, 0.00725942 
1.616, 0.00730649 
1.617, 0.00735368 
1.618, 0.00740099 
1.619, 0.00744841 
1.62, 0.00749596 
1.621, 0.00754361 
1.622, 0.00759139 
1.623, 0.00763927 
1.624, 0.00768727 
1.625, 0.00773538 
1.626, 0.0077836 
1.627, 0.00783192 
1.628, 0.00788035 
1.629, 0.00792889 
1.63, 0.00797753 
1.631, 0.00802628 
1.632, 0.00807513 
1.633, 0.00812408 
1.634, 0.00817313 
1.635, 0.00822227 
1.636, 0.00827152 
1.637, 0.00832086 
1.638, 0.0083703 
1.639, 0.00841983 
1.64, 0.00846945 
1.641, 0.00851917 
1.642, 0.00856897 
1.643, 0.00861887 
1.644, 0.00866885 
1.645, 0.00871892 
1.646, 0.00876908 
1.647, 0.00881933 
1.648, 0.00886965 
1.649, 0.00892006 
1.65, 0.00897055 
1.651, 0.00902113 
1.652, 0.00907178 
1.653, 0.00912251 
1.654, 0.00917332 
1.655, 0.00922421 
1.656, 0.00927517 
1.657, 0.0093262 
1.658, 0.00937731 
1.659, 0.00942849 
1.66, 0.00947974 
1.661, 0.00953107 
1.662, 0.00958246 
1.663, 0.00963392 
1.664, 0.00968545 
1.665, 0.00973704 
1.666, 0.0097887 
1.667, 0.00984043 
1.668, 0.00989222 
1.669, 0.00994407 
1.67, 0.00999598 
1.671, 0.0100479 
1.672, 0.0101 
1.673, 0.0101521 
1.674, 0.0102042 
1.675, 0.0102564 
1.676, 0.0103087 
1.677, 0.010361 
1.678, 0.0104134 
1.679, 0.0104658 
1.68, 0.0105183 
1.681, 0.0105708 
1.682, 0.0106234 
1.683, 0.010676 
1.684, 0.0107287 
1.685, 0.0107814 
1.686, 0.0108341 
1.687, 0.010887 
1.688, 0.0109398 
1.689, 0.0109927 
1.69, 0.0110457 
1.691, 0.0110986 
1.692, 0.0111517 
1.693, 0.0112047 
1.694, 0.0112578 
1.695, 0.011311 
1.696, 0.0113642 
1.697, 0.0114174 
1.698, 0.0114706 
1.699, 0.0115239 
1.7, 0.0115773 
1.701, 0.0116306 
1.702, 0.011684 
1.703, 0.0117374 
1.704, 0.0117909 
1.705, 0.0118444 
1.706, 0.0118979 
1.707, 0.0119514 
1.708, 0.012005 
1.709, 0.0120586 
1.71, 0.0121122 
1.711, 0.0121659 
1.712, 0.0122196 
1.713, 0.0122733 
1.714, 0.012327 
1.715, 0.0123807 
1.716, 0.0124345 
1.717, 0.0124883 
1.718, 0.0125421 
1.719, 0.0125959 
1.72, 0.0126498 
1.721, 0.0127036 
1.722, 0.0127575 
1.723, 0.0128114 
1.724, 0.0128653 
1.725, 0.0129193 
1.726, 0.0129732 
1.727, 0.0130272 
1.728, 0.0130812 
1.729, 0.0131351 
1.73, 0.0131891 
1.731, 0.0132431 
1.732, 0.0132972 
1.733, 0.0133512 
1.734, 0.0134052 
1.735, 0.0134593 
1.736, 0.0135133 
1.737, 0.0135674 
1.738, 0.0136215 
1.739, 0.0136755 
1.74, 0.0137296 
1.741, 0.0137837 
1.742, 0.0138378 
1.743, 0.0138918 
1.744, 0.0139459 
1.745, 0.014 
1.746, 0.0140541 
1.747, 0.0141082 
1.748, 0.0141623 
1.749, 0.0142164 
1.75, 0.0142705 
1.751, 0.0143246 
1.752, 0.0143787 
1.753, 0.0144327 
1.754, 0.0144868 
1.755, 0.0145409 
1.756, 0.014595 
1.757, 0.014649 
1.758, 0.0147031 
1.759, 0.0147571 
1.76, 0.0148112 
1.761, 0.0148652 
1.762, 0.0149192 
1.763, 0.0149732 
1.764, 0.0150272 
1.765, 0.0150812 
1.766, 0.0151352 
1.767, 0.0151892 
1.768, 0.0152431 
1.769, 0.0152971 
1.77, 0.015351 
1.771, 0.0154049 
1.772, 0.0154588 
1.773, 0.0155127 
1.774, 0.0155666 
1.775, 0.0156205 
1.776, 0.0156743 
1.777, 0.0157281 
1.778, 0.015782 
1.779, 0.0158358 
1.78, 0.0158895 
1.781, 0.0159433 
1.782, 0.015997 
1.783, 0.0160507 
1.784, 0.0161044 
1.785, 0.0161581 
1.786, 0.0162117 
1.787, 0.0162654 
1.788, 0.016319 
1.789, 0.0163726 
1.79, 0.0164261 
1.791, 0.0164797 
1.792, 0.0165332 
1.793, 0.0165867 
1.794, 0.0166401 
1.795, 0.0166936 
1.796, 0.016747 
1.797, 0.0168004 
1.798, 0.0168537 
1.799, 0.016907 
1.8, 0.0169604 
1.801, 0.0170136 
1.802, 0.0170669 
1.803, 0.0171201 
1.804, 0.0171733 
1.805, 0.0172264 
1.806, 0.0172795 
1.807, 0.0173326 
1.808, 0.0173857 
1.809, 0.0174387 
1.81, 0.0174917 
1.811, 0.0175447 
1.812, 0.0175976 
1.813, 0.0176505 
1.814, 0.0177034 
1.815, 0.0177562 
1.816, 0.017809 
1.817, 0.0178618 
1.818, 0.0179145 
1.819, 0.0179672 
1.82, 0.0180198 
1.821, 0.0180724 
1.822, 0.018125 
1.823, 0.0181775 
1.824, 0.01823 
1.825, 0.0182825 
1.826, 0.0183349 
1.827, 0.0183873 
1.828, 0.0184397 
1.829, 0.018492 
1.83, 0.0185442 
1.831, 0.0185964 
1.832, 0.0186486 
1.833, 0.0187008 
1.834, 0.0187529 
1.835, 0.0188049 
1.836, 0.0188569 
1.837, 0.0189089 
1.838, 0.0189609 
1.839, 0.0190127 
1.84, 0.0190646 
1.841, 0.0191164 
1.842, 0.0191681 
1.843, 0.0192198 
1.844, 0.0192715 
1.845, 0.0193231 
1.846, 0.0193747 
1.847, 0.0194262 
1.848, 0.0194777 
1.849, 0.0195291 
1.85, 0.0195805 
1.851, 0.0196319 
1.852, 0.0196832 
1.853, 0.0197344 
1.854, 0.0197856 
1.855, 0.0198368 
1.856, 0.0198878 
1.857, 0.0199389 
1.858, 0.0199899 
1.859, 0.0200409 
1.86, 0.0200918 
1.861, 0.0201426 
1.862, 0.0201934 
1.863, 0.0202442 
1.864, 0.0202948 
1.865, 0.0203455 
1.866, 0.0203961 
1.867, 0.0204466 
1.868, 0.0204971 
1.869, 0.0205476 
1.87, 0.0205979 
1.871, 0.0206483 
1.872, 0.0206986 
1.873, 0.0207488 
1.874, 0.020799 
1.875, 0.0208491 
1.876, 0.0208991 
1.877, 0.0209491 
1.878, 0.0209991 
1.879, 0.021049 
1.88, 0.0210988 
1.881, 0.0211486 
1.882, 0.0211984 
1.883, 0.021248 
1.884, 0.0212977 
1.885, 0.0213472 
1.886, 0.0213967 
1.887, 0.0214462 
1.888, 0.0214956 
1.889, 0.0215449 
1.89, 0.0215942 
1.891, 0.0216434 
1.892, 0.0216926 
1.893, 0.0217417 
1.894, 0.0217907 
1.895, 0.0218397 
1.896, 0.0218886 
1.897, 0.0219375 
1.898, 0.0219863 
1.899, 0.022035 
1.9, 0.0220837 
1.901, 0.0221323 
1.902, 0.0221809 
1.903, 0.0222294 
1.904, 0.0222779 
1.905, 0.0223263 
1.906, 0.0223746 
1.907, 0.0224228 
1.908, 0.022471 
1.909, 0.0225192 
1.91, 0.0225673 
1.911, 0.0226153 
1.912, 0.0226632 
1.913, 0.0227111 
1.914, 0.022759 
1.915, 0.0228067 
1.916, 0.0228544 
1.917, 0.0229021 
1.918, 0.0229496 
1.919, 0.0229972 
1.92, 0.0230446 
1.921, 0.023092 
1.922, 0.0231393 
1.923, 0.0231866 
1.924, 0.0232338 
1.925, 0.0232809 
1.926, 0.023328 
1.927, 0.023375 
1.928, 0.0234219 
1.929, 0.0234688 
1.93, 0.0235156 
1.931, 0.0235623 
1.932, 0.023609 
1.933, 0.0236556 
1.934, 0.0237021 
1.935, 0.0237486 
1.936, 0.023795 
1.937, 0.0238414 
1.938, 0.0238876 
1.939, 0.0239339 
1.94, 0.02398 
1.941, 0.0240261 
1.942, 0.0240721 
1.943, 0.024118 
1.944, 0.0241639 
1.945, 0.0242097 
1.946, 0.0242555 
1.947, 0.0243011 
1.948, 0.0243467 
1.949, 0.0243923 
1.95, 0.0244378 
1.951, 0.0244832 
1.952, 0.0245285 
1.953, 0.0245738 
1.954, 0.024619 
1.955, 0.0246641 
1.956, 0.0247091 
1.957, 0.0247541 
1.958, 0.0247991 
1.959, 0.0248439 
1.96, 0.0248887 
1.961, 0.0249334 
1.962, 0.0249781 
1.963, 0.0250226 
1.964, 0.0250671 
1.965, 0.0251116 
1.966, 0.0251559 
1.967, 0.0252002 
1.968, 0.0252445 
1.969, 0.0252886 
1.97, 0.0253327 
1.971, 0.0253767 
1.972, 0.0254207 
1.973, 0.0254646 
1.974, 0.0255084 
1.975, 0.0255521 
1.976, 0.0255958 
1.977, 0.0256394 
1.978, 0.0256829 
1.979, 0.0257263 
1.98, 0.0257697 
1.981, 0.025813 
1.982, 0.0258563 
1.983, 0.0258994 
1.984, 0.0259425 
1.985, 0.0259855 
1.986, 0.0260285 
1.987, 0.0260714 
1.988, 0.0261142 
1.989, 0.0261569 
1.99, 0.0261996 
1.991, 0.0262422 
1.992, 0.0262847 
1.993, 0.0263272 
1.994, 0.0263695 
1.995, 0.0264118 
1.996, 0.0264541 
1.997, 0.0264962 
1.998, 0.0265383 
1.999, 0.0265803 
2, 0.0266223 
2.001, 0.0266641 
2.002, 0.0267059 
2.003, 0.0267477 
2.004, 0.0267893 
2.005, 0.0268309 
2.006, 0.0268724 
2.007, 0.0269138 
2.008, 0.0269552 
2.009, 0.0269965 
2.01, 0.0270377 
2.011, 0.0270789 
2.012, 0.0271199 
2.013, 0.0271609 
2.014, 0.0272018 
2.015, 0.0272427 
2.016, 0.0272835 
2.017, 0.0273242 
2.018, 0.0273648 
2.019, 0.0274054 
2.02, 0.0274458 
2.021, 0.0274863 
2.022, 0.0275266 
2.023, 0.0275669 
2.024, 0.027607 
2.025, 0.0276472 
2.026, 0.0276872 
2.027, 0.0277272 
2.028, 0.0277671 
2.029, 0.0278069 
2.03, 0.0278466 
2.031, 0.0278863 
2.032, 0.0279259 
2.033, 0.0279654 
2.034, 0.0280049 
2.035, 0.0280443 
2.036, 0.0280836 
2.037, 0.0281228 
2.038, 0.0281619 
2.039, 0.028201 
2.04, 0.02824 
2.041, 0.028279 
2.042, 0.0283178 
2.043, 0.0283566 
2.044, 0.0283953 
2.045, 0.028434 
2.046, 0.0284725 
2.047, 0.028511 
2.048, 0.0285494 
2.049, 0.0285878 
2.05, 0.028626 
2.051, 0.0286642 
2.052, 0.0287023 
2.053, 0.0287404 
2.054, 0.0287783 
2.055, 0.0288162 
2.056, 0.0288541 
2.057, 0.0288918 
2.058, 0.0289295 
2.059, 0.0289671 
2.06, 0.0290046 
2.061, 0.029042 
2.062, 0.0290794 
2.063, 0.0291167 
2.064, 0.0291539 
2.065, 0.0291911 
2.066, 0.0292282 
2.067, 0.0292652 
2.068, 0.0293021 
2.069, 0.0293389 
2.07, 0.0293757 
2.071, 0.0294124 
2.072, 0.0294491 
2.073, 0.0294856 
2.074, 0.0295221 
2.075, 0.0295585 
2.076, 0.0295948 
2.077, 0.0296311 
2.078, 0.0296673 
2.079, 0.0297034 
2.08, 0.0297394 
2.081, 0.0297754 
2.082, 0.0298113 
2.083, 0.0298471 
2.084, 0.0298828 
2.085, 0.0299185 
2.086, 0.0299541 
2.087, 0.0299896 
2.088, 0.030025 
2.089, 0.0300604 
2.09, 0.0300957 
2.091, 0.0301309 
2.092, 0.0301661 
2.093, 0.0302011 
2.094, 0.0302361 
2.095, 0.0302711 
2.096, 0.0303059 
2.097, 0.0303407 
2.098, 0.0303754 
2.099, 0.03041 
2.1, 0.0304446 
2.101, 0.0304791 
2.102, 0.0305135 
2.103, 0.0305478 
2.104, 0.0305821 
2.105, 0.0306162 
2.106, 0.0306504 
2.107, 0.0306844 
2.108, 0.0307184 
2.109, 0.0307522 
2.11, 0.0307861 
2.111, 0.0308198 
2.112, 0.0308535 
2.113, 0.0308871 
2.114, 0.0309206 
2.115, 0.030954 
2.116, 0.0309874 
2.117, 0.0310207 
2.118, 0.0310539 
2.119, 0.0310871 
2.12, 0.0311202 
2.121, 0.0311532 
2.122, 0.0311861 
2.123, 0.031219 
2.124, 0.0312518 
2.125, 0.0312845 
2.126, 0.0313171 
2.127, 0.0313497 
2.128, 0.0313822 
2.129, 0.0314146 
2.13, 0.0314469 
2.131, 0.0314792 
2.132, 0.0315114 
2.133, 0.0315436 
2.134, 0.0315756 
2.135, 0.0316076 
2.136, 0.0316395 
2.137, 0.0316713 
2.138, 0.0317031 
2.139, 0.0317348 
2.14, 0.0317664 
2.141, 0.031798 
2.142, 0.0318294 
2.143, 0.0318608 
2.144, 0.0318922 
2.145, 0.0319234 
2.146, 0.0319546 
2.147, 0.0319857 
2.148, 0.0320168 
2.149, 0.0320477 
2.15, 0.0320786 
2.151, 0.0321095 
2.152, 0.0321402 
2.153, 0.0321709 
2.154, 0.0322015 
2.155, 0.032232 
2.156, 0.0322625 
2.157, 0.0322929 
2.158, 0.0323232 
2.159, 0.0323535 
2.16, 0.0323836 
2.161, 0.0324137 
2.162, 0.0324438 
2.163, 0.0324737 
2.164, 0.0325036 
2.165, 0.0325335 
2.166, 0.0325632 
2.167, 0.0325929 
2.168, 0.0326225 
2.169, 0.032652 
2.17, 0.0326815 
2.171, 0.0327109 
2.172, 0.0327402 
2.173, 0.0327694 
2.174, 0.0327986 
2.175, 0.0328277 
2.176, 0.0328568 
2.177, 0.0328857 
2.178, 0.0329146 
2.179, 0.0329435 
2.18, 0.0329722 
2.181, 0.0330009 
2.182, 0.0330295 
2.183, 0.033058 
2.184, 0.0330865 
2.185, 0.0331149 
2.186, 0.0331433 
2.187, 0.0331715 
2.188, 0.0331997 
2.189, 0.0332278 
2.19, 0.0332559 
2.191, 0.0332839 
2.192, 0.0333118 
2.193, 0.0333396 
2.194, 0.0333674 
2.195, 0.0333951 
2.196, 0.0334227 
2.197, 0.0334503 
2.198, 0.0334778 
2.199, 0.0335052 
2.2, 0.0335326 
2.201, 0.0335598 
2.202, 0.0335871 
2.203, 0.0336142 
2.204, 0.0336413 
2.205, 0.0336683 
2.206, 0.0336952 
2.207, 0.0337221 
2.208, 0.0337489 
2.209, 0.0337756 
2.21, 0.0338023 
2.211, 0.0338289 
2.212, 0.0338554 
2.213, 0.0338819 
2.214, 0.0339083 
2.215, 0.0339346 
2.216, 0.0339608 
2.217, 0.033987 
2.218, 0.0340131 
2.219, 0.0340392 
2.22, 0.0340652 
2.221, 0.0340911 
2.222, 0.0341169 
2.223, 0.0341427 
2.224, 0.0341684 
2.225, 0.0341941 
2.226, 0.0342196 
2.227, 0.0342451 
2.228, 0.0342706 
2.229, 0.0342959 
2.23, 0.0343212 
2.231, 0.0343465 
2.232, 0.0343717 
2.233, 0.0343968 
2.234, 0.0344218 
2.235, 0.0344468 
2.236, 0.0344717 
2.237, 0.0344965 
2.238, 0.0345213 
2.239, 0.034546 
2.24, 0.0345706 
2.241, 0.0345952 
2.242, 0.0346197 
2.243, 0.0346441 
2.244, 0.0346685 
2.245, 0.0346928 
2.246, 0.034717 
2.247, 0.0347412 
2.248, 0.0347653 
2.249, 0.0347893 
2.25, 0.0348133 
2.251, 0.0348372 
2.252, 0.034861 
2.253, 0.0348848 
2.254, 0.0349085 
2.255, 0.0349321 
2.256, 0.0349557 
2.257, 0.0349792 
2.258, 0.0350027 
2.259, 0.0350261 
2.26, 0.0350494 
2.261, 0.0350726 
2.262, 0.0350958 
2.263, 0.0351189 
2.264, 0.035142 
2.265, 0.035165 
2.266, 0.0351879 
2.267, 0.0352108 
2.268, 0.0352336 
2.269, 0.0352563 
2.27, 0.035279 
2.271, 0.0353016 
2.272, 0.0353241 
2.273, 0.0353466 
2.274, 0.035369 
2.275, 0.0353913 
2.276, 0.0354136 
2.277, 0.0354358 
2.278, 0.035458 
2.279, 0.0354801 
2.28, 0.0355021 
2.281, 0.0355241 
2.282, 0.035546 
2.283, 0.0355678 
2.284, 0.0355896 
2.285, 0.0356113 
2.286, 0.035633 
2.287, 0.0356545 
2.288, 0.0356761 
2.289, 0.0356975 
2.29, 0.0357189 
2.291, 0.0357403 
2.292, 0.0357615 
2.293, 0.0357827 
2.294, 0.0358039 
2.295, 0.035825 
2.296, 0.035846 
2.297, 0.0358669 
2.298, 0.0358878 
2.299, 0.0359087 
2.3, 0.0359294 
2.301, 0.0359502 
2.302, 0.0359708 
2.303, 0.0359914 
2.304, 0.0360119 
2.305, 0.0360324 
2.306, 0.0360528 
2.307, 0.0360731 
2.308, 0.0360934 
2.309, 0.0361136 
2.31, 0.0361338 
2.311, 0.0361539 
2.312, 0.0361739 
2.313, 0.0361939 
2.314, 0.0362138 
2.315, 0.0362336 
2.316, 0.0362534 
2.317, 0.0362732 
2.318, 0.0362928 
2.319, 0.0363125 
2.32, 0.036332 
2.321, 0.0363515 
2.322, 0.0363709 
2.323, 0.0363903 
2.324, 0.0364096 
2.325, 0.0364288 
2.326, 0.036448 
2.327, 0.0364672 
2.328, 0.0364862 
2.329, 0.0365052 
2.33, 0.0365242 
2.331, 0.0365431 
2.332, 0.0365619 
2.333, 0.0365807 
2.334, 0.0365994 
2.335, 0.036618 
2.336, 0.0366366 
2.337, 0.0366552 
2.338, 0.0366737 
2.339, 0.0366921 
2.34, 0.0367104 
2.341, 0.0367287 
2.342, 0.036747 
2.343, 0.0367652 
2.344, 0.0367833 
2.345, 0.0368013 
2.346, 0.0368194 
2.347, 0.0368373 
2.348, 0.0368552 
2.349, 0.036873 
2.35, 0.0368908 
2.351, 0.0369085 
2.352, 0.0369262 
2.353, 0.0369438 
2.354, 0.0369613 
2.355, 0.0369788 
2.356, 0.0369962 
2.357, 0.0370136 
2.358, 0.0370309 
2.359, 0.0370482 
2.36, 0.0370654 
2.361, 0.0370825 
2.362, 0.0370996 
2.363, 0.0371167 
2.364, 0.0371336 
2.365, 0.0371506 
2.366, 0.0371674 
2.367, 0.0371842 
2.368, 0.037201 
2.369, 0.0372177 
2.37, 0.0372343 
2.371, 0.0372509 
2.372, 0.0372674 
2.373, 0.0372839 
2.374, 0.0373003 
2.375, 0.0373166 
2.376, 0.0373329 
2.377, 0.0373492 
2.378, 0.0373654 
2.379, 0.0373815 
2.38, 0.0373976 
2.381, 0.0374136 
2.382, 0.0374296 
2.383, 0.0374455 
2.384, 0.0374613 
2.385, 0.0374771 
2.386, 0.0374929 
2.387, 0.0375086 
2.388, 0.0375242 
2.389, 0.0375398 
2.39, 0.0375553 
2.391, 0.0375708 
2.392, 0.0375862 
2.393, 0.0376016 
2.394, 0.0376169 
2.395, 0.0376322 
2.396, 0.0376474 
2.397, 0.0376625 
2.398, 0.0376776 
2.399, 0.0376927 
2.4, 0.0377076 
2.401, 0.0377226 
2.402, 0.0377375 
2.403, 0.0377523 
2.404, 0.0377671 
2.405, 0.0377818 
2.406, 0.0377965 
2.407, 0.0378111 
2.408, 0.0378256 
2.409, 0.0378401 
2.41, 0.0378546 
2.411, 0.037869 
2.412, 0.0378834 
2.413, 0.0378977 
2.414, 0.0379119 
2.415, 0.0379261 
2.416, 0.0379402 
2.417, 0.0379543 
2.418, 0.0379684 
2.419, 0.0379823 
2.42, 0.0379963 
2.421, 0.0380102 
2.422, 0.038024 
2.423, 0.0380378 
2.424, 0.0380515 
2.425, 0.0380652 
2.426, 0.0380788 
2.427, 0.0380924 
2.428, 0.0381059 
2.429, 0.0381193 
2.43, 0.0381328 
2.431, 0.0381461 
2.432, 0.0381594 
2.433, 0.0381727 
2.434, 0.0381859 
2.435, 0.0381991 
2.436, 0.0382122 
2.437, 0.0382253 
2.438, 0.0382383 
2.439, 0.0382512 
2.44, 0.0382641 
2.441, 0.038277 
2.442, 0.0382898 
2.443, 0.0383026 
2.444, 0.0383153 
2.445, 0.0383279 
2.446, 0.0383405 
2.447, 0.0383531 
2.448, 0.0383656 
2.449, 0.0383781 
2.45, 0.0383905 
2.451, 0.0384029 
2.452, 0.0384152 
2.453, 0.0384274 
2.454, 0.0384396 
2.455, 0.0384518 
2.456, 0.0384639 
2.457, 0.038476 
2.458, 0.038488 
2.459, 0.0385 
2.46, 0.0385119 
2.461, 0.0385238 
2.462, 0.0385356 
2.463, 0.0385474 
2.464, 0.0385591 
2.465, 0.0385708 
2.466, 0.0385824 
2.467, 0.038594 
2.468, 0.0386055 
2.469, 0.038617 
2.47, 0.0386285 
2.471, 0.0386398 
2.472, 0.0386512 
2.473, 0.0386625 
2.474, 0.0386737 
2.475, 0.0386849 
2.476, 0.0386961 
2.477, 0.0387072 
2.478, 0.0387183 
2.479, 0.0387293 
2.48, 0.0387402 
2.481, 0.0387511 
2.482, 0.038762 
2.483, 0.0387728 
2.484, 0.0387836 
2.485, 0.0387944 
2.486, 0.038805 
2.487, 0.0388157 
2.488, 0.0388263 
2.489, 0.0388368 
2.49, 0.0388473 
2.491, 0.0388578 
2.492, 0.0388682 
2.493, 0.0388785 
2.494, 0.0388888 
2.495, 0.0388991 
2.496, 0.0389093 
2.497, 0.0389195 
2.498, 0.0389297 
2.499, 0.0389397 
2.5, 0.0389498 
2.501, 0.0389598 
2.502, 0.0389697 
2.503, 0.0389796 
2.504, 0.0389895 
2.505, 0.0389993 
2.506, 0.0390091 
2.507, 0.0390188 
2.508, 0.0390285 
2.509, 0.0390381 
2.51, 0.0390477 
2.511, 0.0390573 
2.512, 0.0390668 
2.513, 0.0390762 
2.514, 0.0390856 
2.515, 0.039095 
2.516, 0.0391043 
2.517, 0.0391136 
2.518, 0.0391229 
2.519, 0.039132 
2.52, 0.0391412 
2.521, 0.0391503 
2.522, 0.0391594 
2.523, 0.0391684 
2.524, 0.0391774 
2.525, 0.0391863 
2.526, 0.0391952 
2.527, 0.039204 
2.528, 0.0392128 
2.529, 0.0392216 
2.53, 0.0392303 
2.531, 0.039239 
2.532, 0.0392476 
2.533, 0.0392562 
2.534, 0.0392647 
2.535, 0.0392732 
2.536, 0.0392817 
2.537, 0.0392901 
2.538, 0.0392985 
2.539, 0.0393068 
2.54, 0.0393151 
2.541, 0.0393234 
2.542, 0.0393316 
2.543, 0.0393397 
2.544, 0.0393479 
2.545, 0.0393559 
2.546, 0.039364 
2.547, 0.039372 
2.548, 0.0393799 
2.549, 0.0393878 
2.55, 0.0393957 
2.551, 0.0394035 
2.552, 0.0394113 
2.553, 0.0394191 
2.554, 0.0394268 
2.555, 0.0394344 
2.556, 0.0394421 
2.557, 0.0394497 
2.558, 0.0394572 
2.559, 0.0394647 
2.56, 0.0394722 
2.561, 0.0394796 
2.562, 0.039487 
2.563, 0.0394943 
2.564, 0.0395016 
2.565, 0.0395089 
2.566, 0.0395161 
2.567, 0.0395233 
2.568, 0.0395304 
2.569, 0.0395375 
2.57, 0.0395445 
2.571, 0.0395516 
2.572, 0.0395585 
2.573, 0.0395655 
2.574, 0.0395724 
2.575, 0.0395792 
2.576, 0.0395861 
2.577, 0.0395928 
2.578, 0.0395996 
2.579, 0.0396063 
2.58, 0.0396129 
2.581, 0.0396196 
2.582, 0.0396262 
2.583, 0.0396327 
2.584, 0.0396392 
2.585, 0.0396457 
2.586, 0.0396521 
2.587, 0.0396585 
2.588, 0.0396648 
2.589, 0.0396712 
2.59, 0.0396774 
2.591, 0.0396837 
2.592, 0.0396899 
2.593, 0.039696 
2.594, 0.0397021 
2.595, 0.0397082 
2.596, 0.0397143 
2.597, 0.0397203 
2.598, 0.0397263 
2.599, 0.0397322 
2.6, 0.0397381 
2.601, 0.0397439 
2.602, 0.0397498 
2.603, 0.0397555 
2.604, 0.0397613 
2.605, 0.039767 
2.606, 0.0397727 
2.607, 0.0397783 
2.608, 0.0397839 
2.609, 0.0397894 
2.61, 0.039795 
2.611, 0.0398004 
2.612, 0.0398059 
2.613, 0.0398113 
2.614, 0.0398167 
2.615, 0.039822 
2.616, 0.0398273 
2.617, 0.0398326 
2.618, 0.0398378 
2.619, 0.039843 
2.62, 0.0398481 
2.621, 0.0398533 
2.622, 0.0398583 
2.623, 0.0398634 
2.624, 0.0398684 
2.625, 0.0398734 
2.626, 0.0398783 
2.627, 0.0398832 
2.628, 0.0398881 
2.629, 0.0398929 
2.63, 0.0398977 
2.631, 0.0399025 
2.632, 0.0399072 
2.633, 0.0399119 
2.634, 0.0399165 
2.635, 0.0399211 
2.636, 0.0399257 
2.637, 0.0399303 
2.638, 0.0399348 
2.639, 0.0399393 
2.64, 0.0399437 
2.641, 0.0399481 
2.642, 0.0399525 
2.643, 0.0399568 
2.644, 0.0399611 
2.645, 0.0399654 
2.646, 0.0399696 
2.647, 0.0399738 
2.648, 0.039978 
2.649, 0.0399821 
2.65, 0.0399862 
2.651, 0.0399903 
2.652, 0.0399943 
2.653, 0.0399983 
2.654, 0.0400023 
2.655, 0.0400062 
2.656, 0.0400101 
2.657, 0.0400139 
2.658, 0.0400178 
2.659, 0.0400216 
2.66, 0.0400253 
2.661, 0.040029 
2.662, 0.0400327 
2.663, 0.0400364 
2.664, 0.04004 
2.665, 0.0400436 
2.666, 0.0400472 
2.667, 0.0400507 
2.668, 0.0400542 
2.669, 0.0400577 
2.67, 0.0400611 
2.671, 0.0400645 
2.672, 0.0400678 
2.673, 0.0400712 
2.674, 0.0400745 
2.675, 0.0400777 
2.676, 0.040081 
2.677, 0.0400842 
2.678, 0.0400873 
2.679, 0.0400905 
2.68, 0.0400936 
2.681, 0.0400966 
2.682, 0.0400997 
2.683, 0.0401027 
2.684, 0.0401056 
2.685, 0.0401086 
2.686, 0.0401115 
2.687, 0.0401144 
2.688, 0.0401172 
2.689, 0.04012 
2.69, 0.0401228 
2.691, 0.0401256 
2.692, 0.0401283 
2.693, 0.040131 
2.694, 0.0401336 
2.695, 0.0401363 
2.696, 0.0401389 
2.697, 0.0401414 
2.698, 0.040144 
2.699, 0.0401465 
2.7, 0.0401489 
2.701, 0.0401514 
2.702, 0.0401538 
2.703, 0.0401562 
2.704, 0.0401585 
2.705, 0.0401608 
2.706, 0.0401631 
2.707, 0.0401654 
2.708, 0.0401676 
2.709, 0.0401698 
2.71, 0.040172 
2.711, 0.0401741 
2.712, 0.0401762 
2.713, 0.0401783 
2.714, 0.0401803 
2.715, 0.0401823 
2.716, 0.0401843 
2.717, 0.0401863 
2.718, 0.0401882 
2.719, 0.0401901 
2.72, 0.040192 
2.721, 0.0401938 
2.722, 0.0401956 
2.723, 0.0401974 
2.724, 0.0401991 
2.725, 0.0402008 
2.726, 0.0402025 
2.727, 0.0402042 
2.728, 0.0402058 
2.729, 0.0402074 
2.73, 0.040209 
2.731, 0.0402105 
2.732, 0.0402121 
2.733, 0.0402135 
2.734, 0.040215 
2.735, 0.0402164 
2.736, 0.0402178 
2.737, 0.0402192 
2.738, 0.0402205 
2.739, 0.0402219 
2.74, 0.0402231 
2.741, 0.0402244 
2.742, 0.0402256 
2.743, 0.0402268 
2.744, 0.040228 
2.745, 0.0402291 
2.746, 0.0402303 
2.747, 0.0402313 
2.748, 0.0402324 
2.749, 0.0402334 
2.75, 0.0402344 
2.751, 0.0402354 
2.752, 0.0402364 
2.753, 0.0402373 
2.754, 0.0402382 
2.755, 0.040239 
2.756, 0.0402399 
2.757, 0.0402407 
2.758, 0.0402415 
2.759, 0.0402422 
2.76, 0.040243 
2.761, 0.0402437 
2.762, 0.0402443 
2.763, 0.040245 
2.764, 0.0402456 
2.765, 0.0402462 
2.766, 0.0402468 
2.767, 0.0402473 
2.768, 0.0402478 
2.769, 0.0402483 
2.77, 0.0402488 
2.771, 0.0402492 
2.772, 0.0402496 
2.773, 0.04025 
2.774, 0.0402503 
2.775, 0.0402507 
2.776, 0.040251 
2.777, 0.0402512 
2.778, 0.0402515 
2.779, 0.0402517 
2.78, 0.0402519 
2.781, 0.0402521 
2.782, 0.0402522 
2.783, 0.0402523 
2.784, 0.0402524 
2.785, 0.0402525 
2.786, 0.0402525 
2.787, 0.0402526 
2.788, 0.0402525 
2.789, 0.0402525 
2.79, 0.0402525 
2.791, 0.0402524 
2.792, 0.0402523 
2.793, 0.0402521 
2.794, 0.0402519 
2.795, 0.0402518 
2.796, 0.0402515 
2.797, 0.0402513 
2.798, 0.040251 
2.799, 0.0402508 
2.8, 0.0402504 
2.801, 0.0402501 
2.802, 0.0402497 
2.803, 0.0402493 
2.804, 0.0402489 
2.805, 0.0402485 
2.806, 0.040248 
2.807, 0.0402475 
2.808, 0.040247 
2.809, 0.0402465 
2.81, 0.0402459 
2.811, 0.0402453 
2.812, 0.0402447 
2.813, 0.0402441 
2.814, 0.0402434 
2.815, 0.0402428 
2.816, 0.040242 
2.817, 0.0402413 
2.818, 0.0402406 
2.819, 0.0402398 
2.82, 0.040239 
2.821, 0.0402382 
2.822, 0.0402373 
2.823, 0.0402364 
2.824, 0.0402355 
2.825, 0.0402346 
2.826, 0.0402337 
2.827, 0.0402327 
2.828, 0.0402317 
2.829, 0.0402307 
2.83, 0.0402296 
2.831, 0.0402286 
2.832, 0.0402275 
2.833, 0.0402264 
2.834, 0.0402253 
2.835, 0.0402241 
2.836, 0.0402229 
2.837, 0.0402217 
2.838, 0.0402205 
2.839, 0.0402192 
2.84, 0.040218 
2.841, 0.0402167 
2.842, 0.0402154 
2.843, 0.040214 
2.844, 0.0402127 
2.845, 0.0402113 
2.846, 0.0402099 
2.847, 0.0402084 
2.848, 0.040207 
2.849, 0.0402055 
2.85, 0.040204 
2.851, 0.0402025 
2.852, 0.040201 
2.853, 0.0401994 
2.854, 0.0401978 
2.855, 0.0401962 
2.856, 0.0401946 
2.857, 0.0401929 
2.858, 0.0401912 
2.859, 0.0401895 
2.86, 0.0401878 
2.861, 0.0401861 
2.862, 0.0401843 
2.863, 0.0401825 
2.864, 0.0401807 
2.865, 0.0401789 
2.866, 0.0401771 
2.867, 0.0401752 
2.868, 0.0401733 
2.869, 0.0401714 
2.87, 0.0401695 
2.871, 0.0401675 
2.872, 0.0401655 
2.873, 0.0401635 
2.874, 0.0401615 
2.875, 0.0401595 
2.876, 0.0401574 
2.877, 0.0401553 
2.878, 0.0401532 
2.879, 0.0401511 
2.88, 0.040149 
2.881, 0.0401468 
2.882, 0.0401446 
2.883, 0.0401424 
2.884, 0.0401402 
2.885, 0.0401379 
2.886, 0.0401357 
2.887, 0.0401334 
2.888, 0.0401311 
2.889, 0.0401287 
2.89, 0.0401264 
2.891, 0.040124 
2.892, 0.0401216 
2.893, 0.0401192 
2.894, 0.0401168 
2.895, 0.0401143 
2.896, 0.0401118 
2.897, 0.0401093 
2.898, 0.0401068 
2.899, 0.0401043 
2.9, 0.0401017 
2.901, 0.0400992 
2.902, 0.0400966 
2.903, 0.040094 
2.904, 0.0400913 
2.905, 0.0400887 
2.906, 0.040086 
2.907, 0.0400833 
2.908, 0.0400806 
2.909, 0.0400779 
2.91, 0.0400751 
2.911, 0.0400724 
2.912, 0.0400696 
2.913, 0.0400668 
2.914, 0.0400639 
2.915, 0.0400611 
2.916, 0.0400582 
2.917, 0.0400553 
2.918, 0.0400524 
2.919, 0.0400495 
2.92, 0.0400466 
2.921, 0.0400436 
2.922, 0.0400406 
2.923, 0.0400376 
2.924, 0.0400346 
2.925, 0.0400316 
2.926, 0.0400285 
2.927, 0.0400254 
2.928, 0.0400223 
2.929, 0.0400192 
2.93, 0.0400161 
2.931, 0.040013 
2.932, 0.0400098 
2.933, 0.0400066 
2.934, 0.0400034 
2.935, 0.0400002 
2.936, 0.0399969 
2.937, 0.0399937 
2.938, 0.0399904 
2.939, 0.0399871 
2.94, 0.0399838 
2.941, 0.0399804 
2.942, 0.0399771 
2.943, 0.0399737 
2.944, 0.0399703 
2.945, 0.0399669 
2.946, 0.0399635 
2.947, 0.0399601 
2.948, 0.0399566 
2.949, 0.0399531 
2.95, 0.0399496 
2.951, 0.0399461 
2.952, 0.0399426 
2.953, 0.0399391 
2.954, 0.0399355 
2.955, 0.0399319 
2.956, 0.0399283 
2.957, 0.0399247 
2.958, 0.0399211 
2.959, 0.0399174 
2.96, 0.0399137 
2.961, 0.0399101 
2.962, 0.0399064 
2.963, 0.0399026 
2.964, 0.0398989 
2.965, 0.0398951 
2.966, 0.0398914 
2.967, 0.0398876 
2.968, 0.0398838 
2.969, 0.03988 
2.97, 0.0398761 
2.971, 0.0398723 
2.972, 0.0398684 
2.973, 0.0398645 
2.974, 0.0398606 
2.975, 0.0398567 
2.976, 0.0398527 
2.977, 0.0398488 
2.978, 0.0398448 
2.979, 0.0398408 
2.98, 0.0398368 
2.981, 0.0398328 
2.982, 0.0398287 
2.983, 0.0398247 
2.984, 0.0398206 
2.985, 0.0398165 
2.986, 0.0398124 
2.987, 0.0398083 
2.988, 0.0398042 
2.989, 0.0398 
2.99, 0.0397958 
2.991, 0.0397917 
2.992, 0.0397875 
2.993, 0.0397832 
2.994, 0.039779 
2.995, 0.0397748 
2.996, 0.0397705 
2.997, 0.0397662 
2.998, 0.0397619 
2.999, 0.0397576 
3, 0.0397533 
3.001, 0.0397489 
3.002, 0.0397446 
3.003, 0.0397402 
3.004, 0.0397358 
3.005, 0.0397314 
3.006, 0.039727 
3.007, 0.0397225 
3.008, 0.0397181 
3.009, 0.0397136 
3.01, 0.0397091 
3.011, 0.0397046 
3.012, 0.0397001 
3.013, 0.0396956 
3.014, 0.039691 
3.015, 0.0396865 
3.016, 0.0396819 
3.017, 0.0396773 
3.018, 0.0396727 
3.019, 0.0396681 
3.02, 0.0396635 
3.021, 0.0396588 
3.022, 0.0396542 
3.023, 0.0396495 
3.024, 0.0396448 
3.025, 0.0396401 
3.026, 0.0396353 
3.027, 0.0396306 
3.028, 0.0396259 
3.029, 0.0396211 
3.03, 0.0396163 
3.031, 0.0396115 
3.032, 0.0396067 
3.033, 0.0396019 
3.034, 0.039597 
3.035, 0.0395922 
3.036, 0.0395873 
3.037, 0.0395824 
3.038, 0.0395775 
3.039, 0.0395726 
3.04, 0.0395677 
3.041, 0.0395628 
3.042, 0.0395578 
3.043, 0.0395528 
3.044, 0.0395478 
3.045, 0.0395429 
3.046, 0.0395378 
3.047, 0.0395328 
3.048, 0.0395278 
3.049, 0.0395227 
3.05, 0.0395177 
3.051, 0.0395126 
3.052, 0.0395075 
3.053, 0.0395024 
3.054, 0.0394973 
3.055, 0.0394921 
3.056, 0.039487 
3.057, 0.0394818 
3.058, 0.0394766 
3.059, 0.0394715 
3.06, 0.0394662 
3.061, 0.039461 
3.062, 0.0394558 
3.063, 0.0394506 
3.064, 0.0394453 
3.065, 0.03944 
3.066, 0.0394347 
3.067, 0.0394295 
3.068, 0.0394241 
3.069, 0.0394188 
3.07, 0.0394135 
3.071, 0.0394081 
3.072, 0.0394028 
3.073, 0.0393974 
3.074, 0.039392 
3.075, 0.0393866 
3.076, 0.0393812 
3.077, 0.0393758 
3.078, 0.0393703 
3.079, 0.0393649 
3.08, 0.0393594 
3.081, 0.0393539 
3.082, 0.0393484 
3.083, 0.0393429 
3.084, 0.0393374 
3.085, 0.0393319 
3.086, 0.0393263 
3.087, 0.0393208 
3.088, 0.0393152 
3.089, 0.0393096 
3.09, 0.0393041 
3.091, 0.0392984 
3.092, 0.0392928 
3.093, 0.0392872 
3.094, 0.0392816 
3.095, 0.0392759 
3.096, 0.0392702 
3.097, 0.0392646 
3.098, 0.0392589 
3.099, 0.0392532 
3.1, 0.0392474 
3.101, 0.0392417 
3.102, 0.039236 
3.103, 0.0392302 
3.104, 0.0392245 
3.105, 0.0392187 
3.106, 0.0392129 
3.107, 0.0392071 
3.108, 0.0392013 
3.109, 0.0391955 
3.11, 0.0391896 
3.111, 0.0391838 
3.112, 0.0391779 
3.113, 0.0391721 
3.114, 0.0391662 
3.115, 0.0391603 
3.116, 0.0391544 
3.117, 0.0391485 
3.118, 0.0391425 
3.119, 0.0391366 
3.12, 0.0391306 
3.121, 0.0391247 
3.122, 0.0391187 
3.123, 0.0391127 
3.124, 0.0391067 
3.125, 0.0391007 
3.126, 0.0390947 
3.127, 0.0390886 
3.128, 0.0390826 
3.129, 0.0390765 
3.13, 0.0390705 
3.131, 0.0390644 
3.132, 0.0390583 
3.133, 0.0390522 
3.134, 0.0390461 
3.135, 0.03904 
3.136, 0.0390338 
3.137, 0.0390277 
3.138, 0.0390215 
3.139, 0.0390154 
3.14, 0.0390092 
3.141, 0.039003 
3.142, 0.0389968 
3.143, 0.0389906 
3.144, 0.0389844 
3.145, 0.0389782 
3.146, 0.0389719 
3.147, 0.0389657 
3.148, 0.0389594 
3.149, 0.0389531 
3.15, 0.0389468 
3.151, 0.0389405 
3.152, 0.0389342 
3.153, 0.0389279 
3.154, 0.0389216 
3.155, 0.0389153 
3.156, 0.0389089 
3.157, 0.0389025 
3.158, 0.0388962 
3.159, 0.0388898 
3.16, 0.0388834 
3.161, 0.038877 
3.162, 0.0388706 
3.163, 0.0388642 
3.164, 0.0388577 
3.165, 0.0388513 
3.166, 0.0388449 
3.167, 0.0388384 
3.168, 0.0388319 
3.169, 0.0388254 
3.17, 0.0388189 
3.171, 0.0388124 
3.172, 0.0388059 
3.173, 0.0387994 
3.174, 0.0387929 
3.175, 0.0387863 
3.176, 0.0387798 
3.177, 0.0387732 
3.178, 0.0387667 
3.179, 0.0387601 
3.18, 0.0387535 
3.181, 0.0387469 
3.182, 0.0387403 
3.183, 0.0387336 
3.184, 0.038727 
3.185, 0.0387204 
3.186, 0.0387137 
3.187, 0.0387071 
3.188, 0.0387004 
3.189, 0.0386937 
3.19, 0.038687 
3.191, 0.0386803 
3.192, 0.0386736 
3.193, 0.0386669 
3.194, 0.0386602 
3.195, 0.0386535 
3.196, 0.0386467 
3.197, 0.03864 
3.198, 0.0386332 
3.199, 0.0386264 
3.2, 0.0386196 
3.201, 0.0386129 
3.202, 0.0386061 
3.203, 0.0385992 
3.204, 0.0385924 
3.205, 0.0385856 
3.206, 0.0385788 
3.207, 0.0385719 
3.208, 0.0385651 
3.209, 0.0385582 
3.21, 0.0385513 
3.211, 0.0385444 
3.212, 0.0385376 
3.213, 0.0385307 
3.214, 0.0385238 
3.215, 0.0385168 
3.216, 0.0385099 
3.217, 0.038503 
3.218, 0.038496 
3.219, 0.0384891 
3.22, 0.0384821 
3.221, 0.0384751 
3.222, 0.0384682 
3.223, 0.0384612 
3.224, 0.0384542 
3.225, 0.0384472 
3.226, 0.0384402 
3.227, 0.0384331 
3.228, 0.0384261 
3.229, 0.0384191 
3.23, 0.038412 
3.231, 0.038405 
3.232, 0.0383979 
3.233, 0.0383908 
3.234, 0.0383838 
3.235, 0.0383767 
3.236, 0.0383696 
3.237, 0.0383625 
3.238, 0.0383554 
3.239, 0.0383482 
3.24, 0.0383411 
3.241, 0.038334 
3.242, 0.0383268 
3.243, 0.0383197 
3.244, 0.0383125 
3.245, 0.0383053 
3.246, 0.0382981 
3.247, 0.038291 
3.248, 0.0382838 
3.249, 0.0382766 
3.25, 0.0382694 
3.251, 0.0382621 
3.252, 0.0382549 
3.253, 0.0382477 
3.254, 0.0382404 
3.255, 0.0382332 
3.256, 0.0382259 
3.257, 0.0382186 
3.258, 0.0382114 
3.259, 0.0382041 
3.26, 0.0381968 
3.261, 0.0381895 
3.262, 0.0381822 
3.263, 0.0381749 
3.264, 0.0381676 
3.265, 0.0381602 
3.266, 0.0381529 
3.267, 0.0381456 
3.268, 0.0381382 
3.269, 0.0381308 
3.27, 0.0381235 
3.271, 0.0381161 
3.272, 0.0381087 
3.273, 0.0381013 
3.274, 0.0380939 
3.275, 0.0380865 
3.276, 0.0380791 
3.277, 0.0380717 
3.278, 0.0380643 
3.279, 0.0380568 
3.28, 0.0380494 
3.281, 0.038042 
3.282, 0.0380345 
3.283, 0.038027 
3.284, 0.0380196 
3.285, 0.0380121 
3.286, 0.0380046 
3.287, 0.0379971 
3.288, 0.0379896 
3.289, 0.0379821 
3.29, 0.0379746 
3.291, 0.0379671 
3.292, 0.0379596 
3.293, 0.037952 
3.294, 0.0379445 
3.295, 0.0379369 
3.296, 0.0379294 
3.297, 0.0379218 
3.298, 0.0379143 
3.299, 0.0379067 
3.3, 0.0378991 
3.301, 0.0378915 
3.302, 0.0378839 
3.303, 0.0378763 
3.304, 0.0378687 
3.305, 0.0378611 
3.306, 0.0378535 
3.307, 0.0378458 
3.308, 0.0378382 
3.309, 0.0378306 
3.31, 0.0378229 
3.311, 0.0378152 
3.312, 0.0378076 
3.313, 0.0377999 
3.314, 0.0377922 
3.315, 0.0377846 
3.316, 0.0377769 
3.317, 0.0377692 
3.318, 0.0377615 
3.319, 0.0377538 
3.32, 0.0377461 
3.321, 0.0377383 
3.322, 0.0377306 
3.323, 0.0377229 
3.324, 0.0377151 
3.325, 0.0377074 
3.326, 0.0376996 
3.327, 0.0376919 
3.328, 0.0376841 
3.329, 0.0376763 
3.33, 0.0376686 
3.331, 0.0376608 
3.332, 0.037653 
3.333, 0.0376452 
3.334, 0.0376374 
3.335, 0.0376296 
3.336, 0.0376218 
3.337, 0.0376139 
3.338, 0.0376061 
3.339, 0.0375983 
3.34, 0.0375904 
3.341, 0.0375826 
3.342, 0.0375747 
3.343, 0.0375669 
3.344, 0.037559 
3.345, 0.0375512 
3.346, 0.0375433 
3.347, 0.0375354 
3.348, 0.0375275 
3.349, 0.0375196 
3.35, 0.0375117 
3.351, 0.0375038 
3.352, 0.0374959 
3.353, 0.037488 
3.354, 0.0374801 
3.355, 0.0374722 
3.356, 0.0374642 
3.357, 0.0374563 
3.358, 0.0374483 
3.359, 0.0374404 
3.36, 0.0374324 
3.361, 0.0374245 
3.362, 0.0374165 
3.363, 0.0374085 
3.364, 0.0374006 
3.365, 0.0373926 
3.366, 0.0373846 
3.367, 0.0373766 
3.368, 0.0373686 
3.369, 0.0373606 
3.37, 0.0373526 
3.371, 0.0373446 
3.372, 0.0373365 
3.373, 0.0373285 
3.374, 0.0373205 
3.375, 0.0373124 
3.376, 0.0373044 
3.377, 0.0372963 
3.378, 0.0372883 
3.379, 0.0372802 
3.38, 0.0372722 
3.381, 0.0372641 
3.382, 0.037256 
3.383, 0.037248 
3.384, 0.0372399 
3.385, 0.0372318 
3.386, 0.0372237 
3.387, 0.0372156 
3.388, 0.0372075 
3.389, 0.0371994 
3.39, 0.0371912 
3.391, 0.0371831 
3.392, 0.037175 
3.393, 0.0371669 
3.394, 0.0371587 
3.395, 0.0371506 
3.396, 0.0371425 
3.397, 0.0371343 
3.398, 0.0371261 
3.399, 0.037118 
3.4, 0.0371098 
3.401, 0.0371016 
3.402, 0.0370935 
3.403, 0.0370853 
3.404, 0.0370771 
3.405, 0.0370689 
3.406, 0.0370607 
3.407, 0.0370525 
3.408, 0.0370443 
3.409, 0.0370361 
3.41, 0.0370279 
3.411, 0.0370197 
3.412, 0.0370115 
3.413, 0.0370032 
3.414, 0.036995 
3.415, 0.0369868 
3.416, 0.0369785 
3.417, 0.0369703 
3.418, 0.036962 
3.419, 0.0369538 
3.42, 0.0369455 
3.421, 0.0369372 
3.422, 0.036929 
3.423, 0.0369207 
3.424, 0.0369124 
3.425, 0.0369041 
3.426, 0.0368959 
3.427, 0.0368876 
3.428, 0.0368793 
3.429, 0.036871 
3.43, 0.0368627 
3.431, 0.0368544 
3.432, 0.036846 
3.433, 0.0368377 
3.434, 0.0368294 
3.435, 0.0368211 
3.436, 0.0368128 
3.437, 0.0368044 
3.438, 0.0367961 
3.439, 0.0367877 
3.44, 0.0367794 
3.441, 0.036771 
3.442, 0.0367627 
3.443, 0.0367543 
3.444, 0.036746 
3.445, 0.0367376 
3.446, 0.0367292 
3.447, 0.0367208 
3.448, 0.0367125 
3.449, 0.0367041 
3.45, 0.0366957 
3.451, 0.0366873 
3.452, 0.0366789 
3.453, 0.0366705 
3.454, 0.0366621 
3.455, 0.0366537 
3.456, 0.0366453 
3.457, 0.0366369 
3.458, 0.0366284 
3.459, 0.03662 
3.46, 0.0366116 
3.461, 0.0366032 
3.462, 0.0365947 
3.463, 0.0365863 
3.464, 0.0365778 
3.465, 0.0365694 
3.466, 0.0365609 
3.467, 0.0365525 
3.468, 0.036544 
3.469, 0.0365356 
3.47, 0.0365271 
3.471, 0.0365186 
3.472, 0.0365102 
3.473, 0.0365017 
3.474, 0.0364932 
3.475, 0.0364847 
3.476, 0.0364762 
3.477, 0.0364677 
3.478, 0.0364592 
3.479, 0.0364507 
3.48, 0.0364422 
3.481, 0.0364337 
3.482, 0.0364252 
3.483, 0.0364167 
3.484, 0.0364082 
3.485, 0.0363997 
3.486, 0.0363911 
3.487, 0.0363826 
3.488, 0.0363741 
3.489, 0.0363655 
3.49, 0.036357 
3.491, 0.0363485 
3.492, 0.0363399 
3.493, 0.0363314 
3.494, 0.0363228 
3.495, 0.0363143 
3.496, 0.0363057 
3.497, 0.0362971 
3.498, 0.0362886 
3.499, 0.03628 
3.5, 0.0362714 
3.501, 0.0362629 
3.502, 0.0362543 
3.503, 0.0362457 
3.504, 0.0362371 
3.505, 0.0362285 
3.506, 0.0362199 
3.507, 0.0362113 
3.508, 0.0362027 
3.509, 0.0361941 
3.51, 0.0361855 
3.511, 0.0361769 
3.512, 0.0361683 
3.513, 0.0361597 
3.514, 0.0361511 
3.515, 0.0361425 
3.516, 0.0361338 
3.517, 0.0361252 
3.518, 0.0361166 
3.519, 0.036108 
3.52, 0.0360993 
3.521, 0.0360907 
3.522, 0.036082 
3.523, 0.0360734 
3.524, 0.0360648 
3.525, 0.0360561 
3.526, 0.0360475 
3.527, 0.0360388 
3.528, 0.0360301 
3.529, 0.0360215 
3.53, 0.0360128 
3.531, 0.0360041 
3.532, 0.0359955 
3.533, 0.0359868 
3.534, 0.0359781 
3.535, 0.0359694 
3.536, 0.0359608 
3.537, 0.0359521 
3.538, 0.0359434 
3.539, 0.0359347 
3.54, 0.035926 
3.541, 0.0359173 
3.542, 0.0359086 
3.543, 0.0358999 
3.544, 0.0358912 
3.545, 0.0358825 
3.546, 0.0358738 
3.547, 0.0358651 
3.548, 0.0358564 
3.549, 0.0358477 
3.55, 0.0358389 
3.551, 0.0358302 
3.552, 0.0358215 
3.553, 0.0358128 
3.554, 0.035804 
3.555, 0.0357953 
3.556, 0.0357866 
3.557, 0.0357778 
3.558, 0.0357691 
3.559, 0.0357603 
3.56, 0.0357516 
3.561, 0.0357429 
3.562, 0.0357341 
3.563, 0.0357254 
3.564, 0.0357166 
3.565, 0.0357078 
3.566, 0.0356991 
3.567, 0.0356903 
3.568, 0.0356816 
3.569, 0.0356728 
3.57, 0.035664 
3.571, 0.0356552 
3.572, 0.0356465 
3.573, 0.0356377 
3.574, 0.0356289 
3.575, 0.0356201 
3.576, 0.0356113 
3.577, 0.0356026 
3.578, 0.0355938 
3.579, 0.035585 
3.58, 0.0355762 
3.581, 0.0355674 
3.582, 0.0355586 
3.583, 0.0355498 
3.584, 0.035541 
3.585, 0.0355322 
3.586, 0.0355234 
3.587, 0.0355146 
3.588, 0.0355058 
3.589, 0.035497 
3.59, 0.0354881 
3.591, 0.0354793 
3.592, 0.0354705 
3.593, 0.0354617 
3.594, 0.0354529 
3.595, 0.035444 
3.596, 0.0354352 
3.597, 0.0354264 
3.598, 0.0354176 
3.599, 0.0354087 
3.6, 0.0353999 
3.601, 0.0353911 
3.602, 0.0353822 
3.603, 0.0353734 
3.604, 0.0353645 
3.605, 0.0353557 
3.606, 0.0353468 
3.607, 0.035338 
3.608, 0.0353291 
3.609, 0.0353203 
3.61, 0.0353114 
3.611, 0.0353026 
3.612, 0.0352937 
3.613, 0.0352849 
3.614, 0.035276 
3.615, 0.0352671 
3.616, 0.0352583 
3.617, 0.0352494 
3.618, 0.0352405 
3.619, 0.0352317 
3.62, 0.0352228 
3.621, 0.0352139 
3.622, 0.035205 
3.623, 0.0351962 
3.624, 0.0351873 
3.625, 0.0351784 
3.626, 0.0351695 
3.627, 0.0351606 
3.628, 0.0351517 
3.629, 0.0351428 
3.63, 0.035134 
3.631, 0.0351251 
3.632, 0.0351162 
3.633, 0.0351073 
3.634, 0.0350984 
3.635, 0.0350895 
3.636, 0.0350806 
3.637, 0.0350717 
3.638, 0.0350628 
3.639, 0.0350539 
3.64, 0.035045 
3.641, 0.0350361 
3.642, 0.0350271 
3.643, 0.0350182 
3.644, 0.0350093 
3.645, 0.0350004 
3.646, 0.0349915 
3.647, 0.0349826 
3.648, 0.0349736 
3.649, 0.0349647 
3.65, 0.0349558 
3.651, 0.0349469 
3.652, 0.034938 
3.653, 0.034929 
3.654, 0.0349201 
3.655, 0.0349112 
3.656, 0.0349022 
3.657, 0.0348933 
3.658, 0.0348844 
3.659, 0.0348754 
3.66, 0.0348665 
3.661, 0.0348576 
3.662, 0.0348486 
3.663, 0.0348397 
3.664, 0.0348308 
3.665, 0.0348218 
3.666, 0.0348129 
3.667, 0.0348039 
3.668, 0.034795 
3.669, 0.034786 
3.67, 0.0347771 
3.671, 0.0347681 
3.672, 0.0347592 
3.673, 0.0347502 
3.674, 0.0347413 
3.675, 0.0347323 
3.676, 0.0347234 
3.677, 0.0347144 
3.678, 0.0347054 
3.679, 0.0346965 
3.68, 0.0346875 
3.681, 0.0346786 
3.682, 0.0346696 
3.683, 0.0346606 
3.684, 0.0346517 
3.685, 0.0346427 
3.686, 0.0346337 
3.687, 0.0346248 
3.688, 0.0346158 
3.689, 0.0346068 
3.69, 0.0345978 
3.691, 0.0345889 
3.692, 0.0345799 
3.693, 0.0345709 
3.694, 0.0345619 
3.695, 0.034553 
3.696, 0.034544 
3.697, 0.034535 
3.698, 0.034526 
3.699, 0.034517 
3.7, 0.0345081 
3.701, 0.0344991 
3.702, 0.0344901 
3.703, 0.0344811 
3.704, 0.0344721 
3.705, 0.0344631 
3.706, 0.0344541 
3.707, 0.0344452 
3.708, 0.0344362 
3.709, 0.0344272 
3.71, 0.0344182 
3.711, 0.0344092 
3.712, 0.0344002 
3.713, 0.0343912 
3.714, 0.0343822 
3.715, 0.0343732 
3.716, 0.0343642 
3.717, 0.0343552 
3.718, 0.0343462 
3.719, 0.0343372 
3.72, 0.0343282 
3.721, 0.0343192 
3.722, 0.0343102 
3.723, 0.0343012 
3.724, 0.0342922 
3.725, 0.0342832 
3.726, 0.0342742 
3.727, 0.0342652 
3.728, 0.0342562 
3.729, 0.0342472 
3.73, 0.0342382 
3.731, 0.0342291 
3.732, 0.0342201 
3.733, 0.0342111 
3.734, 0.0342021 
3.735, 0.0341931 
3.736, 0.0341841 
3.737, 0.0341751 
3.738, 0.0341661 
3.739, 0.0341571 
3.74, 0.034148 
3.741, 0.034139 
3.742, 0.03413 
3.743, 0.034121 
3.744, 0.034112 
3.745, 0.034103 
3.746, 0.0340939 
3.747, 0.0340849 
3.748, 0.0340759 
3.749, 0.0340669 
3.75, 0.0340579 
3.751, 0.0340488 
3.752, 0.0340398 
3.753, 0.0340308 
3.754, 0.0340218 
3.755, 0.0340127 
3.756, 0.0340037 
3.757, 0.0339947 
3.758, 0.0339857 
3.759, 0.0339766 
3.76, 0.0339676 
3.761, 0.0339586 
3.762, 0.0339496 
3.763, 0.0339405 
3.764, 0.0339315 
3.765, 0.0339225 
3.766, 0.0339135 
3.767, 0.0339044 
3.768, 0.0338954 
3.769, 0.0338864 
3.77, 0.0338773 
3.771, 0.0338683 
3.772, 0.0338593 
3.773, 0.0338502 
3.774, 0.0338412 
3.775, 0.0338322 
3.776, 0.0338231 
3.777, 0.0338141 
3.778, 0.0338051 
3.779, 0.0337961 
3.78, 0.033787 
3.781, 0.033778 
3.782, 0.0337689 
3.783, 0.0337599 
3.784, 0.0337509 
3.785, 0.0337418 
3.786, 0.0337328 
3.787, 0.0337238 
3.788, 0.0337147 
3.789, 0.0337057 
3.79, 0.0336967 
3.791, 0.0336876 
3.792, 0.0336786 
3.793, 0.0336696 
3.794, 0.0336605 
3.795, 0.0336515 
3.796, 0.0336424 
3.797, 0.0336334 
3.798, 0.0336244 
3.799, 0.0336153 
3.8, 0.0336063 
3.801, 0.0335973 
3.802, 0.0335882 
3.803, 0.0335792 
3.804, 0.0335701 
3.805, 0.0335611 
3.806, 0.0335521 
3.807, 0.033543 
3.808, 0.033534 
3.809, 0.0335249 
3.81, 0.0335159 
3.811, 0.0335069 
3.812, 0.0334978 
3.813, 0.0334888 
3.814, 0.0334797 
3.815, 0.0334707 
3.816, 0.0334617 
3.817, 0.0334526 
3.818, 0.0334436 
3.819, 0.0334345 
3.82, 0.0334255 
3.821, 0.0334165 
3.822, 0.0334074 
3.823, 0.0333984 
3.824, 0.0333893 
3.825, 0.0333803 
3.826, 0.0333713 
3.827, 0.0333622 
3.828, 0.0333532 
3.829, 0.0333442 
3.83, 0.0333351 
3.831, 0.0333261 
3.832, 0.033317 
3.833, 0.033308 
3.834, 0.033299 
3.835, 0.0332899 
3.836, 0.0332809 
3.837, 0.0332718 
3.838, 0.0332628 
3.839, 0.0332538 
3.84, 0.0332447 
3.841, 0.0332357 
3.842, 0.0332266 
3.843, 0.0332176 
3.844, 0.0332086 
3.845, 0.0331995 
3.846, 0.0331905 
3.847, 0.0331815 
3.848, 0.0331724 
3.849, 0.0331634 
3.85, 0.0331543 
3.851, 0.0331453 
3.852, 0.0331363 
3.853, 0.0331272 
3.854, 0.0331182 
3.855, 0.0331092 
3.856, 0.0331001 
3.857, 0.0330911 
3.858, 0.0330821 
3.859, 0.033073 
3.86, 0.033064 
3.861, 0.0330549 
3.862, 0.0330459 
3.863, 0.0330369 
3.864, 0.0330278 
3.865, 0.0330188 
3.866, 0.0330098 
3.867, 0.0330007 
3.868, 0.0329917 
3.869, 0.0329827 
3.87, 0.0329736 
3.871, 0.0329646 
3.872, 0.0329556 
3.873, 0.0329466 
3.874, 0.0329375 
3.875, 0.0329285 
3.876, 0.0329195 
3.877, 0.0329104 
3.878, 0.0329014 
3.879, 0.0328924 
3.88, 0.0328833 
3.881, 0.0328743 
3.882, 0.0328653 
3.883, 0.0328563 
3.884, 0.0328472 
3.885, 0.0328382 
3.886, 0.0328292 
3.887, 0.0328202 
3.888, 0.0328111 
3.889, 0.0328021 
3.89, 0.0327931 
3.891, 0.0327841 
3.892, 0.032775 
3.893, 0.032766 
3.894, 0.032757 
3.895, 0.032748 
3.896, 0.0327389 
3.897, 0.0327299 
3.898, 0.0327209 
3.899, 0.0327119 
3.9, 0.0327029 
3.901, 0.0326938 
3.902, 0.0326848 
3.903, 0.0326758 
3.904, 0.0326668 
3.905, 0.0326578 
3.906, 0.0326488 
3.907, 0.0326397 
3.908, 0.0326307 
3.909, 0.0326217 
3.91, 0.0326127 
3.911, 0.0326037 
3.912, 0.0325947 
3.913, 0.0325857 
3.914, 0.0325766 
3.915, 0.0325676 
3.916, 0.0325586 
3.917, 0.0325496 
3.918, 0.0325406 
3.919, 0.0325316 
3.92, 0.0325226 
3.921, 0.0325136 
3.922, 0.0325046 
3.923, 0.0324956 
3.924, 0.0324865 
3.925, 0.0324775 
3.926, 0.0324685 
3.927, 0.0324595 
3.928, 0.0324505 
3.929, 0.0324415 
3.93, 0.0324325 
3.931, 0.0324235 
3.932, 0.0324145 
3.933, 0.0324055 
3.934, 0.0323965 
3.935, 0.0323875 
3.936, 0.0323785 
3.937, 0.0323695 
3.938, 0.0323605 
3.939, 0.0323515 
3.94, 0.0323425 
3.941, 0.0323335 
3.942, 0.0323245 
3.943, 0.0323156 
3.944, 0.0323066 
3.945, 0.0322976 
3.946, 0.0322886 
3.947, 0.0322796 
3.948, 0.0322706 
3.949, 0.0322616 
3.95, 0.0322526 
3.951, 0.0322436 
3.952, 0.0322346 
3.953, 0.0322257 
3.954, 0.0322167 
3.955, 0.0322077 
3.956, 0.0321987 
3.957, 0.0321897 
3.958, 0.0321807 
3.959, 0.0321718 
3.96, 0.0321628 
3.961, 0.0321538 
3.962, 0.0321448 
3.963, 0.0321358 
3.964, 0.0321269 
3.965, 0.0321179 
3.966, 0.0321089 
3.967, 0.0320999 
3.968, 0.032091 
3.969, 0.032082 
3.97, 0.032073 
3.971, 0.0320641 
3.972, 0.0320551 
3.973, 0.0320461 
3.974, 0.0320372 
3.975, 0.0320282 
3.976, 0.0320192 
3.977, 0.0320103 
3.978, 0.0320013 
3.979, 0.0319923 
3.98, 0.0319834 
3.981, 0.0319744 
3.982, 0.0319654 
3.983, 0.0319565 
3.984, 0.0319475 
3.985, 0.0319386 
3.986, 0.0319296 
3.987, 0.0319206 
3.988, 0.0319117 
3.989, 0.0319027 
3.99, 0.0318938 
3.991, 0.0318848 
3.992, 0.0318759 
3.993, 0.0318669 
3.994, 0.031858 
3.995, 0.031849 
3.996, 0.0318401 
3.997, 0.0318311 
3.998, 0.0318222 
3.999, 0.0318132 
4, 0.0318043 
4.001, 0.0317954 
4.002, 0.0317864 
4.003, 0.0317775 
4.004, 0.0317685 
4.005, 0.0317596 
4.006, 0.0317507 
4.007, 0.0317417 
4.008, 0.0317328 
4.009, 0.0317239 
4.01, 0.0317149 
4.011, 0.031706 
4.012, 0.0316971 
4.013, 0.0316881 
4.014, 0.0316792 
4.015, 0.0316703 
4.016, 0.0316613 
4.017, 0.0316524 
4.018, 0.0316435 
4.019, 0.0316346 
4.02, 0.0316257 
4.021, 0.0316167 
4.022, 0.0316078 
4.023, 0.0315989 
4.024, 0.03159 
4.025, 0.0315811 
4.026, 0.0315721 
4.027, 0.0315632 
4.028, 0.0315543 
4.029, 0.0315454 
4.03, 0.0315365 
4.031, 0.0315276 
4.032, 0.0315187 
4.033, 0.0315098 
4.034, 0.0315009 
4.035, 0.0314919 
4.036, 0.031483 
4.037, 0.0314741 
4.038, 0.0314652 
4.039, 0.0314563 
4.04, 0.0314474 
4.041, 0.0314385 
4.042, 0.0314296 
4.043, 0.0314207 
4.044, 0.0314119 
4.045, 0.031403 
4.046, 0.0313941 
4.047, 0.0313852 
4.048, 0.0313763 
4.049, 0.0313674 
4.05, 0.0313585 
4.051, 0.0313496 
4.052, 0.0313407 
4.053, 0.0313319 
4.054, 0.031323 
4.055, 0.0313141 
4.056, 0.0313052 
4.057, 0.0312963 
4.058, 0.0312874 
4.059, 0.0312786 
4.06, 0.0312697 
4.061, 0.0312608 
4.062, 0.031252 
4.063, 0.0312431 
4.064, 0.0312342 
4.065, 0.0312253 
4.066, 0.0312165 
4.067, 0.0312076 
4.068, 0.0311987 
4.069, 0.0311899 
4.07, 0.031181 
4.071, 0.0311722 
4.072, 0.0311633 
4.073, 0.0311544 
4.074, 0.0311456 
4.075, 0.0311367 
4.076, 0.0311279 
4.077, 0.031119 
4.078, 0.0311102 
4.079, 0.0311013 
4.08, 0.0310925 
4.081, 0.0310836 
4.082, 0.0310748 
4.083, 0.0310659 
4.084, 0.0310571 
4.085, 0.0310482 
4.086, 0.0310394 
4.087, 0.0310306 
4.088, 0.0310217 
4.089, 0.0310129 
4.09, 0.031004 
4.091, 0.0309952 
4.092, 0.0309864 
4.093, 0.0309775 
4.094, 0.0309687 
4.095, 0.0309599 
4.096, 0.0309511 
4.097, 0.0309422 
4.098, 0.0309334 
4.099, 0.0309246 
4.1, 0.0309158 
4.101, 0.0309069 
4.102, 0.0308981 
4.103, 0.0308893 
4.104, 0.0308805 
4.105, 0.0308717 
4.106, 0.0308629 
4.107, 0.030854 
4.108, 0.0308452 
4.109, 0.0308364 
4.11, 0.0308276 
4.111, 0.0308188 
4.112, 0.03081 
4.113, 0.0308012 
4.114, 0.0307924 
4.115, 0.0307836 
4.116, 0.0307748 
4.117, 0.030766 
4.118, 0.0307572 
4.119, 0.0307484 
4.12, 0.0307396 
4.121, 0.0307308 
4.122, 0.030722 
4.123, 0.0307133 
4.124, 0.0307045 
4.125, 0.0306957 
4.126, 0.0306869 
4.127, 0.0306781 
4.128, 0.0306693 
4.129, 0.0306605 
4.13, 0.0306518 
4.131, 0.030643 
4.132, 0.0306342 
4.133, 0.0306254 
4.134, 0.0306167 
4.135, 0.0306079 
4.136, 0.0305991 
4.137, 0.0305904 
4.138, 0.0305816 
4.139, 0.0305728 
4.14, 0.0305641 
4.141, 0.0305553 
4.142, 0.0305466 
4.143, 0.0305378 
4.144, 0.030529 
4.145, 0.0305203 
4.146, 0.0305115 
4.147, 0.0305028 
4.148, 0.030494 
4.149, 0.0304853 
4.15, 0.0304765 
4.151, 0.0304678 
4.152, 0.030459 
4.153, 0.0304503 
4.154, 0.0304416 
4.155, 0.0304328 
4.156, 0.0304241 
4.157, 0.0304153 
4.158, 0.0304066 
4.159, 0.0303979 
4.16, 0.0303891 
4.161, 0.0303804 
4.162, 0.0303717 
4.163, 0.030363 
4.164, 0.0303542 
4.165, 0.0303455 
4.166, 0.0303368 
4.167, 0.0303281 
4.168, 0.0303193 
4.169, 0.0303106 
4.17, 0.0303019 
4.171, 0.0302932 
4.172, 0.0302845 
4.173, 0.0302758 
4.174, 0.0302671 
4.175, 0.0302584 
4.176, 0.0302497 
4.177, 0.0302409 
4.178, 0.0302322 
4.179, 0.0302235 
4.18, 0.0302148 
4.181, 0.0302061 
4.182, 0.0301975 
4.183, 0.0301888 
4.184, 0.0301801 
4.185, 0.0301714 
4.186, 0.0301627 
4.187, 0.030154 
4.188, 0.0301453 
4.189, 0.0301366 
4.19, 0.0301279 
4.191, 0.0301193 
4.192, 0.0301106 
4.193, 0.0301019 
4.194, 0.0300932 
4.195, 0.0300846 
4.196, 0.0300759 
4.197, 0.0300672 
4.198, 0.0300585 
4.199, 0.0300499 
4.2, 0.0300412 
4.201, 0.0300326 
4.202, 0.0300239 
4.203, 0.0300152 
4.204, 0.0300066 
4.205, 0.0299979 
4.206, 0.0299893 
4.207, 0.0299806 
4.208, 0.029972 
4.209, 0.0299633 
4.21, 0.0299547 
4.211, 0.029946 
4.212, 0.0299374 
4.213, 0.0299287 
4.214, 0.0299201 
4.215, 0.0299114 
4.216, 0.0299028 
4.217, 0.0298942 
4.218, 0.0298855 
4.219, 0.0298769 
4.22, 0.0298683 
4.221, 0.0298596 
4.222, 0.029851 
4.223, 0.0298424 
4.224, 0.0298338 
4.225, 0.0298251 
4.226, 0.0298165 
4.227, 0.0298079 
4.228, 0.0297993 
4.229, 0.0297907 
4.23, 0.0297821 
4.231, 0.0297734 
4.232, 0.0297648 
4.233, 0.0297562 
4.234, 0.0297476 
4.235, 0.029739 
4.236, 0.0297304 
4.237, 0.0297218 
4.238, 0.0297132 
4.239, 0.0297046 
4.24, 0.029696 
4.241, 0.0296874 
4.242, 0.0296788 
4.243, 0.0296703 
4.244, 0.0296617 
4.245, 0.0296531 
4.246, 0.0296445 
4.247, 0.0296359 
4.248, 0.0296273 
4.249, 0.0296188 
4.25, 0.0296102 
4.251, 0.0296016 
4.252, 0.029593 
4.253, 0.0295845 
4.254, 0.0295759 
4.255, 0.0295673 
4.256, 0.0295588 
4.257, 0.0295502 
4.258, 0.0295416 
4.259, 0.0295331 
4.26, 0.0295245 
4.261, 0.029516 
4.262, 0.0295074 
4.263, 0.0294988 
4.264, 0.0294903 
4.265, 0.0294817 
4.266, 0.0294732 
4.267, 0.0294646 
4.268, 0.0294561 
4.269, 0.0294476 
4.27, 0.029439 
4.271, 0.0294305 
4.272, 0.029422 
4.273, 0.0294134 
4.274, 0.0294049 
4.275, 0.0293964 
4.276, 0.0293878 
4.277, 0.0293793 
4.278, 0.0293708 
4.279, 0.0293623 
4.28, 0.0293537 
4.281, 0.0293452 
4.282, 0.0293367 
4.283, 0.0293282 
4.284, 0.0293197 
4.285, 0.0293112 
4.286, 0.0293026 
4.287, 0.0292941 
4.288, 0.0292856 
4.289, 0.0292771 
4.29, 0.0292686 
4.291, 0.0292601 
4.292, 0.0292516 
4.293, 0.0292431 
4.294, 0.0292346 
4.295, 0.0292261 
4.296, 0.0292177 
4.297, 0.0292092 
4.298, 0.0292007 
4.299, 0.0291922 
4.3, 0.0291837 
4.301, 0.0291752 
4.302, 0.0291668 
4.303, 0.0291583 
4.304, 0.0291498 
4.305, 0.0291413 
4.306, 0.0291329 
4.307, 0.0291244 
4.308, 0.0291159 
4.309, 0.0291075 
4.31, 0.029099 
4.311, 0.0290905 
4.312, 0.0290821 
4.313, 0.0290736 
4.314, 0.0290652 
4.315, 0.0290567 
4.316, 0.0290483 
4.317, 0.0290398 
4.318, 0.0290314 
4.319, 0.0290229 
4.32, 0.0290145 
4.321, 0.029006 
4.322, 0.0289976 
4.323, 0.0289892 
4.324, 0.0289807 
4.325, 0.0289723 
4.326, 0.0289638 
4.327, 0.0289554 
4.328, 0.028947 
4.329, 0.0289386 
4.33, 0.0289301 
4.331, 0.0289217 
4.332, 0.0289133 
4.333, 0.0289049 
4.334, 0.0288965 
4.335, 0.0288881 
4.336, 0.0288796 
4.337, 0.0288712 
4.338, 0.0288628 
4.339, 0.0288544 
4.34, 0.028846 
4.341, 0.0288376 
4.342, 0.0288292 
4.343, 0.0288208 
4.344, 0.0288124 
4.345, 0.028804 
4.346, 0.0287956 
4.347, 0.0287872 
4.348, 0.0287789 
4.349, 0.0287705 
4.35, 0.0287621 
4.351, 0.0287537 
4.352, 0.0287453 
4.353, 0.028737 
4.354, 0.0287286 
4.355, 0.0287202 
4.356, 0.0287118 
4.357, 0.0287035 
4.358, 0.0286951 
4.359, 0.0286867 
4.36, 0.0286784 
4.361, 0.02867 
4.362, 0.0286616 
4.363, 0.0286533 
4.364, 0.0286449 
4.365, 0.0286366 
4.366, 0.0286282 
4.367, 0.0286199 
4.368, 0.0286115 
4.369, 0.0286032 
4.37, 0.0285948 
4.371, 0.0285865 
4.372, 0.0285782 
4.373, 0.0285698 
4.374, 0.0285615 
4.375, 0.0285532 
4.376, 0.0285448 
4.377, 0.0285365 
4.378, 0.0285282 
4.379, 0.0285199 
4.38, 0.0285115 
4.381, 0.0285032 
4.382, 0.0284949 
4.383, 0.0284866 
4.384, 0.0284783 
4.385, 0.02847 
4.386, 0.0284616 
4.387, 0.0284533 
4.388, 0.028445 
4.389, 0.0284367 
4.39, 0.0284284 
4.391, 0.0284201 
4.392, 0.0284118 
4.393, 0.0284035 
4.394, 0.0283952 
4.395, 0.028387 
4.396, 0.0283787 
4.397, 0.0283704 
4.398, 0.0283621 
4.399, 0.0283538 
4.4, 0.0283455 
4.401, 0.0283373 
4.402, 0.028329 
4.403, 0.0283207 
4.404, 0.0283124 
4.405, 0.0283042 
4.406, 0.0282959 
4.407, 0.0282876 
4.408, 0.0282794 
4.409, 0.0282711 
4.41, 0.0282628 
4.411, 0.0282546 
4.412, 0.0282463 
4.413, 0.0282381 
4.414, 0.0282298 
4.415, 0.0282216 
4.416, 0.0282133 
4.417, 0.0282051 
4.418, 0.0281968 
4.419, 0.0281886 
4.42, 0.0281804 
4.421, 0.0281721 
4.422, 0.0281639 
4.423, 0.0281557 
4.424, 0.0281474 
4.425, 0.0281392 
4.426, 0.028131 
4.427, 0.0281228 
4.428, 0.0281145 
4.429, 0.0281063 
4.43, 0.0280981 
4.431, 0.0280899 
4.432, 0.0280817 
4.433, 0.0280735 
4.434, 0.0280653 
4.435, 0.0280571 
4.436, 0.0280488 
4.437, 0.0280406 
4.438, 0.0280324 
4.439, 0.0280242 
4.44, 0.0280161 
4.441, 0.0280079 
4.442, 0.0279997 
4.443, 0.0279915 
4.444, 0.0279833 
4.445, 0.0279751 
4.446, 0.0279669 
4.447, 0.0279587 
4.448, 0.0279506 
4.449, 0.0279424 
4.45, 0.0279342 
4.451, 0.027926 
4.452, 0.0279179 
4.453, 0.0279097 
4.454, 0.0279015 
4.455, 0.0278934 
4.456, 0.0278852 
4.457, 0.0278771 
4.458, 0.0278689 
4.459, 0.0278608 
4.46, 0.0278526 
4.461, 0.0278445 
4.462, 0.0278363 
4.463, 0.0278282 
4.464, 0.02782 
4.465, 0.0278119 
4.466, 0.0278037 
4.467, 0.0277956 
4.468, 0.0277875 
4.469, 0.0277793 
4.47, 0.0277712 
4.471, 0.0277631 
4.472, 0.027755 
4.473, 0.0277468 
4.474, 0.0277387 
4.475, 0.0277306 
4.476, 0.0277225 
4.477, 0.0277144 
4.478, 0.0277062 
4.479, 0.0276981 
4.48, 0.02769 
4.481, 0.0276819 
4.482, 0.0276738 
4.483, 0.0276657 
4.484, 0.0276576 
4.485, 0.0276495 
4.486, 0.0276414 
4.487, 0.0276333 
4.488, 0.0276252 
4.489, 0.0276171 
4.49, 0.0276091 
4.491, 0.027601 
4.492, 0.0275929 
4.493, 0.0275848 
4.494, 0.0275767 
4.495, 0.0275687 
4.496, 0.0275606 
4.497, 0.0275525 
4.498, 0.0275445 
4.499, 0.0275364 
4.5, 0.0275283 
4.501, 0.0275203 
4.502, 0.0275122 
4.503, 0.0275041 
4.504, 0.0274961 
4.505, 0.027488 
4.506, 0.02748 
4.507, 0.0274719 
4.508, 0.0274639 
4.509, 0.0274558 
4.51, 0.0274478 
4.511, 0.0274398 
4.512, 0.0274317 
4.513, 0.0274237 
4.514, 0.0274157 
4.515, 0.0274076 
4.516, 0.0273996 
4.517, 0.0273916 
4.518, 0.0273835 
4.519, 0.0273755 
4.52, 0.0273675 
4.521, 0.0273595 
4.522, 0.0273515 
4.523, 0.0273435 
4.524, 0.0273354 
4.525, 0.0273274 
4.526, 0.0273194 
4.527, 0.0273114 
4.528, 0.0273034 
4.529, 0.0272954 
4.53, 0.0272874 
4.531, 0.0272794 
4.532, 0.0272714 
4.533, 0.0272635 
4.534, 0.0272555 
4.535, 0.0272475 
4.536, 0.0272395 
4.537, 0.0272315 
4.538, 0.0272235 
4.539, 0.0272156 
4.54, 0.0272076 
4.541, 0.0271996 
4.542, 0.0271916 
4.543, 0.0271837 
4.544, 0.0271757 
4.545, 0.0271677 
4.546, 0.0271598 
4.547, 0.0271518 
4.548, 0.0271439 
4.549, 0.0271359 
4.55, 0.027128 
4.551, 0.02712 
4.552, 0.0271121 
4.553, 0.0271041 
4.554, 0.0270962 
4.555, 0.0270882 
4.556, 0.0270803 
4.557, 0.0270724 
4.558, 0.0270644 
4.559, 0.0270565 
4.56, 0.0270486 
4.561, 0.0270406 
4.562, 0.0270327 
4.563, 0.0270248 
4.564, 0.0270169 
4.565, 0.0270089 
4.566, 0.027001 
4.567, 0.0269931 
4.568, 0.0269852 
4.569, 0.0269773 
4.57, 0.0269694 
4.571, 0.0269615 
4.572, 0.0269536 
4.573, 0.0269457 
4.574, 0.0269378 
4.575, 0.0269299 
4.576, 0.026922 
4.577, 0.0269141 
4.578, 0.0269062 
4.579, 0.0268983 
4.58, 0.0268904 
4.581, 0.0268826 
4.582, 0.0268747 
4.583, 0.0268668 
4.584, 0.0268589 
4.585, 0.0268511 
4.586, 0.0268432 
4.587, 0.0268353 
4.588, 0.0268275 
4.589, 0.0268196 
4.59, 0.0268117 
4.591, 0.0268039 
4.592, 0.026796 
4.593, 0.0267882 
4.594, 0.0267803 
4.595, 0.0267725 
4.596, 0.0267646 
4.597, 0.0267568 
4.598, 0.0267489 
4.599, 0.0267411 
4.6, 0.0267332 
4.601, 0.0267254 
4.602, 0.0267176 
4.603, 0.0267097 
4.604, 0.0267019 
4.605, 0.0266941 
4.606, 0.0266863 
4.607, 0.0266784 
4.608, 0.0266706 
4.609, 0.0266628 
4.61, 0.026655 
4.611, 0.0266472 
4.612, 0.0266394 
4.613, 0.0266315 
4.614, 0.0266237 
4.615, 0.0266159 
4.616, 0.0266081 
4.617, 0.0266003 
4.618, 0.0265925 
4.619, 0.0265847 
4.62, 0.0265769 
4.621, 0.0265692 
4.622, 0.0265614 
4.623, 0.0265536 
4.624, 0.0265458 
4.625, 0.026538 
4.626, 0.0265302 
4.627, 0.0265225 
4.628, 0.0265147 
4.629, 0.0265069 
4.63, 0.0264991 
4.631, 0.0264914 
4.632, 0.0264836 
4.633, 0.0264759 
4.634, 0.0264681 
4.635, 0.0264603 
4.636, 0.0264526 
4.637, 0.0264448 
4.638, 0.0264371 
4.639, 0.0264293 
4.64, 0.0264216 
4.641, 0.0264138 
4.642, 0.0264061 
4.643, 0.0263984 
4.644, 0.0263906 
4.645, 0.0263829 
4.646, 0.0263751 
4.647, 0.0263674 
4.648, 0.0263597 
4.649, 0.026352 
4.65, 0.0263442 
4.651, 0.0263365 
4.652, 0.0263288 
4.653, 0.0263211 
4.654, 0.0263134 
4.655, 0.0263057 
4.656, 0.0262979 
4.657, 0.0262902 
4.658, 0.0262825 
4.659, 0.0262748 
4.66, 0.0262671 
4.661, 0.0262594 
4.662, 0.0262517 
4.663, 0.026244 
4.664, 0.0262364 
4.665, 0.0262287 
4.666, 0.026221 
4.667, 0.0262133 
4.668, 0.0262056 
4.669, 0.0261979 
4.67, 0.0261903 
4.671, 0.0261826 
4.672, 0.0261749 
4.673, 0.0261672 
4.674, 0.0261596 
4.675, 0.0261519 
4.676, 0.0261442 
4.677, 0.0261366 
4.678, 0.0261289 
4.679, 0.0261213 
4.68, 0.0261136 
4.681, 0.026106 
4.682, 0.0260983 
4.683, 0.0260907 
4.684, 0.026083 
4.685, 0.0260754 
4.686, 0.0260677 
4.687, 0.0260601 
4.688, 0.0260525 
4.689, 0.0260448 
4.69, 0.0260372 
4.691, 0.0260296 
4.692, 0.0260219 
4.693, 0.0260143 
4.694, 0.0260067 
4.695, 0.0259991 
4.696, 0.0259915 
4.697, 0.0259839 
4.698, 0.0259762 
4.699, 0.0259686 
4.7, 0.025961 
4.701, 0.0259534 
4.702, 0.0259458 
4.703, 0.0259382 
4.704, 0.0259306 
4.705, 0.025923 
4.706, 0.0259154 
4.707, 0.0259078 
4.708, 0.0259002 
4.709, 0.0258927 
4.71, 0.0258851 
4.711, 0.0258775 
4.712, 0.0258699 
4.713, 0.0258623 
4.714, 0.0258548 
4.715, 0.0258472 
4.716, 0.0258396 
4.717, 0.0258321 
4.718, 0.0258245 
4.719, 0.0258169 
4.72, 0.0258094 
4.721, 0.0258018 
4.722, 0.0257943 
4.723, 0.0257867 
4.724, 0.0257791 
4.725, 0.0257716 
4.726, 0.025764 
4.727, 0.0257565 
4.728, 0.025749 
4.729, 0.0257414 
4.73, 0.0257339 
4.731, 0.0257264 
4.732, 0.0257188 
4.733, 0.0257113 
4.734, 0.0257038 
4.735, 0.0256962 
4.736, 0.0256887 
4.737, 0.0256812 
4.738, 0.0256737 
4.739, 0.0256662 
4.74, 0.0256586 
4.741, 0.0256511 
4.742, 0.0256436 
4.743, 0.0256361 
4.744, 0.0256286 
4.745, 0.0256211 
4.746, 0.0256136 
4.747, 0.0256061 
4.748, 0.0255986 
4.749, 0.0255911 
4.75, 0.0255836 
4.751, 0.0255761 
4.752, 0.0255687 
4.753, 0.0255612 
4.754, 0.0255537 
4.755, 0.0255462 
4.756, 0.0255387 
4.757, 0.0255313 
4.758, 0.0255238 
4.759, 0.0255163 
4.76, 0.0255089 
4.761, 0.0255014 
4.762, 0.0254939 
4.763, 0.0254865 
4.764, 0.025479 
4.765, 0.0254716 
4.766, 0.0254641 
4.767, 0.0254566 
4.768, 0.0254492 
4.769, 0.0254418 
4.77, 0.0254343 
4.771, 0.0254269 
4.772, 0.0254194 
4.773, 0.025412 
4.774, 0.0254046 
4.775, 0.0253971 
4.776, 0.0253897 
4.777, 0.0253823 
4.778, 0.0253748 
4.779, 0.0253674 
4.78, 0.02536 
4.781, 0.0253526 
4.782, 0.0253452 
4.783, 0.0253378 
4.784, 0.0253303 
4.785, 0.0253229 
4.786, 0.0253155 
4.787, 0.0253081 
4.788, 0.0253007 
4.789, 0.0252933 
4.79, 0.0252859 
4.791, 0.0252785 
4.792, 0.0252711 
4.793, 0.0252638 
4.794, 0.0252564 
4.795, 0.025249 
4.796, 0.0252416 
4.797, 0.0252342 
4.798, 0.0252268 
4.799, 0.0252195 
4.8, 0.0252121 
4.801, 0.0252047 
4.802, 0.0251974 
4.803, 0.02519 
4.804, 0.0251826 
4.805, 0.0251753 
4.806, 0.0251679 
4.807, 0.0251605 
4.808, 0.0251532 
4.809, 0.0251458 
4.81, 0.0251385 
4.811, 0.0251311 
4.812, 0.0251238 
4.813, 0.0251164 
4.814, 0.0251091 
4.815, 0.0251018 
4.816, 0.0250944 
4.817, 0.0250871 
4.818, 0.0250798 
4.819, 0.0250724 
4.82, 0.0250651 
4.821, 0.0250578 
4.822, 0.0250505 
4.823, 0.0250432 
4.824, 0.0250358 
4.825, 0.0250285 
4.826, 0.0250212 
4.827, 0.0250139 
4.828, 0.0250066 
4.829, 0.0249993 
4.83, 0.024992 
4.831, 0.0249847 
4.832, 0.0249774 
4.833, 0.0249701 
4.834, 0.0249628 
4.835, 0.0249555 
4.836, 0.0249482 
4.837, 0.0249409 
4.838, 0.0249336 
4.839, 0.0249264 
4.84, 0.0249191 
4.841, 0.0249118 
4.842, 0.0249045 
4.843, 0.0248973 
4.844, 0.02489 
4.845, 0.0248827 
4.846, 0.0248755 
4.847, 0.0248682 
4.848, 0.0248609 
4.849, 0.0248537 
4.85, 0.0248464 
4.851, 0.0248392 
4.852, 0.0248319 
4.853, 0.0248247 
4.854, 0.0248174 
4.855, 0.0248102 
4.856, 0.0248029 
4.857, 0.0247957 
4.858, 0.0247884 
4.859, 0.0247812 
4.86, 0.024774 
4.861, 0.0247668 
4.862, 0.0247595 
4.863, 0.0247523 
4.864, 0.0247451 
4.865, 0.0247379 
4.866, 0.0247306 
4.867, 0.0247234 
4.868, 0.0247162 
4.869, 0.024709 
4.87, 0.0247018 
4.871, 0.0246946 
4.872, 0.0246874 
4.873, 0.0246802 
4.874, 0.024673 
4.875, 0.0246658 
4.876, 0.0246586 
4.877, 0.0246514 
4.878, 0.0246442 
4.879, 0.024637 
4.88, 0.0246298 
4.881, 0.0246226 
4.882, 0.0246155 
4.883, 0.0246083 
4.884, 0.0246011 
4.885, 0.0245939 
4.886, 0.0245868 
4.887, 0.0245796 
4.888, 0.0245724 
4.889, 0.0245653 
4.89, 0.0245581 
4.891, 0.0245509 
4.892, 0.0245438 
4.893, 0.0245366 
4.894, 0.0245295 
4.895, 0.0245223 
4.896, 0.0245152 
4.897, 0.024508 
4.898, 0.0245009 
4.899, 0.0244937 
4.9, 0.0244866 
4.901, 0.0244795 
4.902, 0.0244723 
4.903, 0.0244652 
4.904, 0.0244581 
4.905, 0.0244509 
4.906, 0.0244438 
4.907, 0.0244367 
4.908, 0.0244296 
4.909, 0.0244225 
4.91, 0.0244153 
4.911, 0.0244082 
4.912, 0.0244011 
4.913, 0.024394 
4.914, 0.0243869 
4.915, 0.0243798 
4.916, 0.0243727 
4.917, 0.0243656 
4.918, 0.0243585 
4.919, 0.0243514 
4.92, 0.0243443 
4.921, 0.0243372 
4.922, 0.0243301 
4.923, 0.024323 
4.924, 0.024316 
4.925, 0.0243089 
4.926, 0.0243018 
4.927, 0.0242947 
4.928, 0.0242877 
4.929, 0.0242806 
4.93, 0.0242735 
4.931, 0.0242664 
4.932, 0.0242594 
4.933, 0.0242523 
4.934, 0.0242453 
4.935, 0.0242382 
4.936, 0.0242312 
4.937, 0.0242241 
4.938, 0.024217 
4.939, 0.02421 
4.94, 0.024203 
4.941, 0.0241959 
4.942, 0.0241889 
4.943, 0.0241818 
4.944, 0.0241748 
4.945, 0.0241678 
4.946, 0.0241607 
4.947, 0.0241537 
4.948, 0.0241467 
4.949, 0.0241397 
4.95, 0.0241326 
4.951, 0.0241256 
4.952, 0.0241186 
4.953, 0.0241116 
4.954, 0.0241046 
4.955, 0.0240976 
4.956, 0.0240905 
4.957, 0.0240835 
4.958, 0.0240765 
4.959, 0.0240695 
4.96, 0.0240625 
4.961, 0.0240555 
4.962, 0.0240485 
4.963, 0.0240416 
4.964, 0.0240346 
4.965, 0.0240276 
4.966, 0.0240206 
4.967, 0.0240136 
4.968, 0.0240066 
4.969, 0.0239996 
4.97, 0.0239927 
4.971, 0.0239857 
4.972, 0.0239787 
4.973, 0.0239718 
4.974, 0.0239648 
4.975, 0.0239578 
4.976, 0.0239509 
4.977, 0.0239439 
4.978, 0.023937 
4.979, 0.02393 
4.98, 0.023923 
4.981, 0.0239161 
4.982, 0.0239091 
4.983, 0.0239022 
4.984, 0.0238953 
4.985, 0.0238883 
4.986, 0.0238814 
4.987, 0.0238744 
4.988, 0.0238675 
4.989, 0.0238606 
4.99, 0.0238537 
4.991, 0.0238467 
4.992, 0.0238398 
4.993, 0.0238329 
4.994, 0.023826 
4.995, 0.023819 
4.996, 0.0238121 
4.997, 0.0238052 
4.998, 0.0237983 
4.999, 0.0237914 
