0 -nan
0.005 0.922227
0.01 0.362485
0.015 0.0200474
0.02 0.09121
0.025 0.573219
0.03 0.0738934
0.035 0.0405648
0.04 0.72803
0.045 0.0351073
0.05 0.249738
0.055 0.299
0.06 0.145317
0.065 0.441225
0.07 0.194808
0.075 0.624416
0.08 0.636031
0.085 0.519089
0.09 0.221934
0.095 0.0097642
0.1 0.356299
0.105 0.21235
0.11 0.136634
0.115 0.239524
0.12 0.154804
0.125 0.135443
0.13 0.237632
0.135 0.0849783
0.14 0.17086
0.145 0.188716
0.15 0.122655
0.155 0.13668
0.16 0.15708
0.165 0.151728
0.17 0.158118
0.175 0.157741
0.18 0.131032
0.185 0.115117
0.19 0.144086
0.195 0.192736
0.2 0.207498
0.205 0.168993
0.21 0.109711
0.215 0.0799256
0.22 0.104871
0.225 0.169462
0.23 0.234032
0.235 0.262098
0.24 0.240099
0.245 0.180553
0.25 0.111835
0.255 0.0632178
0.26 0.0530453
0.265 0.0838585
0.27 0.144291
0.275 0.215122
0.28 0.276347
0.285 0.312825
0.29 0.317323
0.295 0.29087
0.3 0.241091
0.305 0.179458
0.31 0.11836
0.315 0.0686515
0.32 0.0380182
0.325 0.0302529
0.33 0.0453206
0.335 0.0799999
0.34 0.128851
0.345 0.185286
0.35 0.242562
0.355 0.294592
0.36 0.336509
0.365 0.36498
0.37 0.378301
0.375 0.376298
0.38 0.360112
0.385 0.3319
0.39 0.294508
0.395 0.251148
0.4 0.205108
0.405 0.159514
0.41 0.117142
0.415 0.0802915
0.42 0.0507153
0.425 0.0295941
0.43 0.0175513
0.435 0.0146971
0.44 0.0206936
0.445 0.0348325
0.45 0.0561186
0.455 0.0833527
0.46 0.115211
0.465 0.150315
0.47 0.187296
0.475 0.224843
0.48 0.261746
0.485 0.296925
0.49 0.32945
0.495 0.358554
0.5 0.383636
0.505 0.404257
0.51 0.420139
0.515 0.431147
0.52 0.437279
0.525 0.43865
0.53 0.435473
0.535 0.428046
0.54 0.416732
0.545 0.401946
0.55 0.384136
0.555 0.363773
0.56 0.341338
0.565 0.31731
0.57 0.292158
0.575 0.266332
0.58 0.240259
0.585 0.214336
0.59 0.188926
0.595 0.164359
0.6 0.140925
0.605 0.118879
0.61 0.0984347
0.615 0.079772
0.62 0.0630337
0.625 0.0483283
0.63 0.0357323
0.635 0.0252922
0.64 0.0170268
0.645 0.0109299
0.65 0.00697267
0.655 0.00510616
0.66 0.00526396
0.665 0.00736452
0.67 0.0113135
0.675 0.0170059
0.68 0.0243284
0.685 0.033161
0.69 0.0433789
0.695 0.0548543
0.7 0.0674576
0.705 0.081059
0.71 0.0955295
0.715 0.110742
0.72 0.126572
0.725 0.1429
0.73 0.159608
0.735 0.176585
0.74 0.193725
0.745 0.210927
0.75 0.228096
0.755 0.245143
0.76 0.261987
0.765 0.278549
0.77 0.29476
0.775 0.310556
0.78 0.325879
0.785 0.340677
0.79 0.354903
0.795 0.368516
0.8 0.381483
0.805 0.393771
0.81 0.405356
0.815 0.416217
0.82 0.426338
0.825 0.435707
0.83 0.444316
0.835 0.452161
0.84 0.459239
0.845 0.465553
0.85 0.471109
0.855 0.475913
0.86 0.479975
0.865 0.483309
0.87 0.485926
0.875 0.487845
0.88 0.489081
0.885 0.489654
0.89 0.489584
0.895 0.488892
0.9 0.4876
0.905 0.48573
0.91 0.483307
0.915 0.480352
0.92 0.476891
0.925 0.472948
0.93 0.468548
0.935 0.463714
0.94 0.458472
0.945 0.452845
0.95 0.446857
0.955 0.440534
0.96 0.433897
0.965 0.42697
0.97 0.419776
0.975 0.412337
0.98 0.404675
0.985 0.39681
0.99 0.388765
0.995 0.380558
1 0.372209
1.005 0.363737
1.01 0.35516
1.015 0.346496
1.02 0.337762
1.025 0.328973
1.03 0.320147
1.035 0.311297
1.04 0.302438
1.045 0.293583
1.05 0.284746
1.055 0.27594
1.06 0.267175
1.065 0.258464
1.07 0.249816
1.075 0.241242
1.08 0.232752
1.085 0.224354
1.09 0.216057
1.095 0.207868
1.1 0.199795
1.105 0.191844
1.11 0.184023
1.115 0.176336
1.12 0.16879
1.125 0.161389
1.13 0.154137
1.135 0.14704
1.14 0.1401
1.145 0.133321
1.15 0.126707
1.155 0.120259
1.16 0.11398
1.165 0.107872
1.17 0.101937
1.175 0.0961767
1.18 0.0905914
1.185 0.0851824
1.19 0.0799502
1.195 0.0748953
1.2 0.0700178
1.205 0.0653176
1.21 0.0607946
1.215 0.0564482
1.22 0.0522778
1.225 0.0482827
1.23 0.0444617
1.235 0.0408139
1.24 0.037338
1.245 0.0340326
1.25 0.0308961
1.255 0.0279269
1.26 0.0251233
1.265 0.0224834
1.27 0.0200054
1.275 0.0176871
1.28 0.0155266
1.285 0.0135215
1.29 0.0116698
1.295 0.00996903
1.3 0.00841693
1.305 0.00701108
1.31 0.00574904
1.315 0.00462834
1.32 0.00364646
1.325 0.00280087
1.33 0.00208901
1.335 0.00150828
1.34 0.00105609
1.345 0.00072982
1.35 0.000526854
1.355 0.000444561
1.36 0.000480309
1.365 0.000631465
1.37 0.000895402
1.375 0.0012695
1.38 0.00175113
1.385 0.0023377
1.39 0.00302661
1.395 0.00381529
1.4 0.00470116
1.405 0.00568169
1.41 0.00675436
1.415 0.00791665
1.42 0.00916609
1.425 0.0105002
1.43 0.0119166
1.435 0.0134128
1.44 0.0149865
1.445 0.0166354
1.45 0.018357
1.455 0.0201491
1.46 0.0220095
1.465 0.023936
1.47 0.0259262
1.475 0.0279781
1.48 0.0300895
1.485 0.0322583
1.49 0.0344825
1.495 0.0367601
1.5 0.0390889
1.505 0.0414671
1.51 0.0438928
1.515 0.0463639
1.52 0.0488788
1.525 0.0514355
1.53 0.0540322
1.535 0.0566672
1.54 0.0593388
1.545 0.0620453
1.55 0.064785
1.555 0.0675563
1.56 0.0703575
1.565 0.0731873
1.57 0.0760439
1.575 0.078926
1.58 0.081832
1.585 0.0847606
1.59 0.0877103
1.595 0.0906798
1.6 0.0936678
1.605 0.0966729
1.61 0.0996939
1.615 0.102729
1.62 0.105779
1.625 0.10884
1.63 0.111912
1.635 0.114995
1.64 0.118086
1.645 0.121185
1.65 0.124291
1.655 0.127402
1.66 0.130519
1.665 0.133639
1.67 0.136762
1.675 0.139887
1.68 0.143013
1.685 0.146139
1.69 0.149264
1.695 0.152389
1.7 0.155511
1.705 0.158629
1.71 0.161745
1.715 0.164855
1.72 0.167961
1.725 0.171061
1.73 0.174154
1.735 0.17724
1.74 0.180318
1.745 0.183388
1.75 0.186449
1.755 0.189501
1.76 0.192543
1.765 0.195573
1.77 0.198593
1.775 0.201602
1.78 0.204598
1.785 0.207582
1.79 0.210553
1.795 0.21351
1.8 0.216454
1.805 0.219383
1.81 0.222298
1.815 0.225199
1.82 0.228084
1.825 0.230953
1.83 0.233806
1.835 0.236643
1.84 0.239464
1.845 0.242268
1.85 0.245055
1.855 0.247824
1.86 0.250576
1.865 0.25331
1.87 0.256026
1.875 0.258724
1.88 0.261403
1.885 0.264064
1.89 0.266706
1.895 0.269329
1.9 0.271932
1.905 0.274517
1.91 0.277082
1.915 0.279627
1.92 0.282152
1.925 0.284658
1.93 0.287143
1.935 0.289609
1.94 0.292054
1.945 0.29448
1.95 0.296884
1.955 0.299269
1.96 0.301633
1.965 0.303976
1.97 0.306299
1.975 0.308601
1.98 0.310882
1.985 0.313143
1.99 0.315383
1.995 0.317602
2 0.3198
2.005 0.321978
2.01 0.324135
2.015 0.326271
2.02 0.328386
2.025 0.33048
2.03 0.332554
2.035 0.334606
2.04 0.336638
2.045 0.33865
2.05 0.34064
2.055 0.34261
2.06 0.344559
2.065 0.346488
2.07 0.348396
2.075 0.350283
2.08 0.352151
2.085 0.353997
2.09 0.355823
2.095 0.35763
2.1 0.359415
2.105 0.361181
2.11 0.362926
2.115 0.364652
2.12 0.366357
2.125 0.368043
2.13 0.369709
2.135 0.371355
2.14 0.372982
2.145 0.374588
2.15 0.376176
2.155 0.377744
2.16 0.379293
2.165 0.380822
2.17 0.382332
2.175 0.383824
2.18 0.385296
2.185 0.38675
2.19 0.388185
2.195 0.389601
2.2 0.390999
2.205 0.392378
2.21 0.393739
2.215 0.395082
2.22 0.396406
2.225 0.397713
2.23 0.399001
2.235 0.400272
2.24 0.401525
2.245 0.402761
2.25 0.403979
2.255 0.40518
2.26 0.406363
2.265 0.40753
2.27 0.408679
2.275 0.409811
2.28 0.410927
2.285 0.412026
2.29 0.413108
2.295 0.414174
2.3 0.415223
2.305 0.416257
2.31 0.417274
2.315 0.418275
2.32 0.41926
2.325 0.42023
2.33 0.421184
2.335 0.422122
2.34 0.423045
2.345 0.423952
2.35 0.424845
2.355 0.425722
2.36 0.426584
2.365 0.427432
2.37 0.428264
2.375 0.429083
2.38 0.429886
2.385 0.430675
2.39 0.43145
2.395 0.432211
2.4 0.432958
2.405 0.433691
2.41 0.43441
2.415 0.435115
2.42 0.435807
2.425 0.436485
2.43 0.43715
2.435 0.437801
2.44 0.43844
2.445 0.439065
2.45 0.439678
2.455 0.440277
2.46 0.440864
2.465 0.441439
2.47 0.442001
2.475 0.44255
2.48 0.443087
2.485 0.443612
2.49 0.444126
2.495 0.444627
2.5 0.445116
2.505 0.445594
2.51 0.446059
2.515 0.446514
2.52 0.446957
2.525 0.447389
2.53 0.447809
2.535 0.448218
2.54 0.448617
2.545 0.449004
2.55 0.449381
2.555 0.449747
2.56 0.450102
2.565 0.450447
2.57 0.450782
2.575 0.451106
2.58 0.45142
2.585 0.451724
2.59 0.452018
2.595 0.452301
2.6 0.452576
2.605 0.45284
2.61 0.453095
2.615 0.45334
2.62 0.453576
2.625 0.453802
2.63 0.454019
2.635 0.454227
2.64 0.454426
2.645 0.454616
2.65 0.454797
2.655 0.454969
2.66 0.455133
2.665 0.455288
2.67 0.455434
2.675 0.455572
2.68 0.455701
2.685 0.455822
2.69 0.455935
2.695 0.45604
2.7 0.456137
2.705 0.456226
2.71 0.456306
2.715 0.45638
2.72 0.456445
2.725 0.456503
2.73 0.456553
2.735 0.456596
2.74 0.456631
2.745 0.456659
2.75 0.45668
2.755 0.456694
2.76 0.4567
2.765 0.4567
2.77 0.456692
2.775 0.456678
2.78 0.456657
2.785 0.456629
2.79 0.456594
2.795 0.456553
2.8 0.456506
2.805 0.456452
2.81 0.456392
2.815 0.456325
2.82 0.456252
2.825 0.456173
2.83 0.456088
2.835 0.455997
2.84 0.4559
2.845 0.455797
2.85 0.455688
2.855 0.455573
2.86 0.455453
2.865 0.455327
2.87 0.455195
2.875 0.455058
2.88 0.454916
2.885 0.454768
2.89 0.454615
2.895 0.454457
2.9 0.454293
2.905 0.454124
2.91 0.45395
2.915 0.453772
2.92 0.453588
2.925 0.453399
2.93 0.453206
2.935 0.453007
2.94 0.452804
2.945 0.452596
2.95 0.452384
2.955 0.452167
2.96 0.451945
2.965 0.45172
2.97 0.451489
2.975 0.451254
2.98 0.451015
2.985 0.450772
2.99 0.450525
2.995 0.450273
3 0.450017
3.005 0.449758
3.01 0.449494
3.015 0.449226
3.02 0.448954
3.025 0.448679
3.03 0.4484
3.035 0.448116
3.04 0.44783
3.045 0.447539
3.05 0.447245
3.055 0.446948
3.06 0.446646
3.065 0.446342
3.07 0.446034
3.075 0.445722
3.08 0.445407
3.085 0.445089
3.09 0.444768
3.095 0.444443
3.1 0.444115
3.105 0.443784
3.11 0.44345
3.115 0.443113
3.12 0.442773
3.125 0.44243
3.13 0.442084
3.135 0.441735
3.14 0.441383
3.145 0.441028
3.15 0.440671
3.155 0.44031
3.16 0.439947
3.165 0.439582
3.17 0.439214
3.175 0.438843
3.18 0.438469
3.185 0.438093
3.19 0.437715
3.195 0.437334
3.2 0.436951
3.205 0.436565
3.21 0.436177
3.215 0.435787
3.22 0.435394
3.225 0.434999
3.23 0.434602
3.235 0.434202
3.24 0.433801
3.245 0.433397
3.25 0.432992
3.255 0.432584
3.26 0.432174
3.265 0.431762
3.27 0.431348
3.275 0.430932
3.28 0.430515
3.285 0.430095
3.29 0.429674
3.295 0.42925
3.3 0.428825
3.305 0.428399
3.31 0.42797
3.315 0.42754
3.32 0.427108
3.325 0.426674
3.33 0.426239
3.335 0.425802
3.34 0.425363
3.345 0.424923
3.35 0.424482
3.355 0.424039
3.36 0.423594
3.365 0.423148
3.37 0.422701
3.375 0.422252
3.38 0.421802
3.385 0.42135
3.39 0.420897
3.395 0.420443
3.4 0.419987
3.405 0.419531
3.41 0.419073
3.415 0.418613
3.42 0.418153
3.425 0.417691
3.43 0.417228
3.435 0.416765
3.44 0.4163
3.445 0.415833
3.45 0.415366
3.455 0.414898
3.46 0.414429
3.465 0.413958
3.47 0.413487
3.475 0.413015
3.48 0.412542
3.485 0.412068
3.49 0.411593
3.495 0.411117
3.5 0.41064
3.505 0.410162
3.51 0.409684
3.515 0.409205
3.52 0.408725
3.525 0.408244
3.53 0.407762
3.535 0.40728
3.54 0.406797
3.545 0.406313
3.55 0.405828
3.555 0.405343
3.56 0.404857
3.565 0.404371
3.57 0.403884
3.575 0.403396
3.58 0.402908
3.585 0.402419
3.59 0.401929
3.595 0.401439
3.6 0.400949
3.605 0.400458
3.61 0.399966
3.615 0.399474
3.62 0.398982
3.625 0.398489
3.63 0.397995
3.635 0.397501
3.64 0.397007
3.645 0.396512
3.65 0.396017
3.655 0.395522
3.66 0.395026
3.665 0.39453
3.67 0.394033
3.675 0.393536
3.68 0.393039
3.685 0.392542
3.69 0.392044
3.695 0.391546
3.7 0.391048
3.705 0.390549
3.71 0.390051
3.715 0.389552
3.72 0.389053
3.725 0.388553
3.73 0.388054
3.735 0.387554
3.74 0.387054
3.745 0.386554
3.75 0.386054
3.755 0.385553
3.76 0.385053
3.765 0.384552
3.77 0.384052
3.775 0.383551
3.78 0.38305
3.785 0.382549
3.79 0.382048
3.795 0.381547
3.8 0.381046
3.805 0.380545
3.81 0.380044
3.815 0.379542
3.82 0.379041
3.825 0.37854
3.83 0.378039
3.835 0.377538
3.84 0.377037
3.845 0.376536
3.85 0.376035
3.855 0.375534
3.86 0.375033
3.865 0.374532
3.87 0.374031
3.875 0.373531
3.88 0.37303
3.885 0.37253
3.89 0.37203
3.895 0.371529
3.9 0.371029
3.905 0.370529
3.91 0.37003
3.915 0.36953
3.92 0.369031
3.925 0.368531
3.93 0.368032
3.935 0.367533
3.94 0.367035
3.945 0.366536
3.95 0.366038
3.955 0.36554
3.96 0.365042
3.965 0.364544
3.97 0.364047
3.975 0.363549
3.98 0.363052
3.985 0.362556
3.99 0.362059
3.995 0.361563
4 0.361067
4.005 0.360572
4.01 0.360076
4.015 0.359581
4.02 0.359086
4.025 0.358592
4.03 0.358098
4.035 0.357604
4.04 0.35711
4.045 0.356617
4.05 0.356124
4.055 0.355631
4.06 0.355139
4.065 0.354647
4.07 0.354156
4.075 0.353664
4.08 0.353174
4.085 0.352683
4.09 0.352193
4.095 0.351703
4.1 0.351214
4.105 0.350725
4.11 0.350236
4.115 0.349748
4.12 0.34926
4.125 0.348773
4.13 0.348286
4.135 0.347799
4.14 0.347313
4.145 0.346827
4.15 0.346342
4.155 0.345857
4.16 0.345372
4.165 0.344888
4.17 0.344404
4.175 0.343921
4.18 0.343438
4.185 0.342956
4.19 0.342474
4.195 0.341993
4.2 0.341512
4.205 0.341031
4.21 0.340551
4.215 0.340072
4.22 0.339593
4.225 0.339114
4.23 0.338636
4.235 0.338158
4.24 0.337681
4.245 0.337204
4.25 0.336728
4.255 0.336252
4.26 0.335777
4.265 0.335302
4.27 0.334828
4.275 0.334354
4.28 0.333881
4.285 0.333408
4.29 0.332936
4.295 0.332465
4.3 0.331993
4.305 0.331523
4.31 0.331053
4.315 0.330583
4.32 0.330114
4.325 0.329646
4.33 0.329178
4.335 0.32871
4.34 0.328243
4.345 0.327777
4.35 0.327311
4.355 0.326846
4.36 0.326381
4.365 0.325917
4.37 0.325453
4.375 0.32499
4.38 0.324528
4.385 0.324066
4.39 0.323605
4.395 0.323144
4.4 0.322683
4.405 0.322224
4.41 0.321765
4.415 0.321306
4.42 0.320848
4.425 0.320391
4.43 0.319934
4.435 0.319478
4.44 0.319022
4.445 0.318567
4.45 0.318112
4.455 0.317659
4.46 0.317205
4.465 0.316752
4.47 0.3163
4.475 0.315849
4.48 0.315398
4.485 0.314947
4.49 0.314498
4.495 0.314048
4.5 0.3136
4.505 0.313152
4.51 0.312704
4.515 0.312258
4.52 0.311811
4.525 0.311366
4.53 0.310921
4.535 0.310476
4.54 0.310033
4.545 0.309589
4.55 0.309147
4.555 0.308705
4.56 0.308264
4.565 0.307823
4.57 0.307383
4.575 0.306943
4.58 0.306504
4.585 0.306066
4.59 0.305628
4.595 0.305191
4.6 0.304755
4.605 0.304319
4.61 0.303884
4.615 0.303449
4.62 0.303015
4.625 0.302582
4.63 0.302149
4.635 0.301717
4.64 0.301286
4.645 0.300855
4.65 0.300425
4.655 0.299995
4.66 0.299566
4.665 0.299138
4.67 0.29871
4.675 0.298283
4.68 0.297857
4.685 0.297431
4.69 0.297006
4.695 0.296581
4.7 0.296157
4.705 0.295734
4.71 0.295311
4.715 0.294889
4.72 0.294468
4.725 0.294047
4.73 0.293627
4.735 0.293208
4.74 0.292789
4.745 0.29237
4.75 0.291953
4.755 0.291536
4.76 0.29112
4.765 0.290704
4.77 0.290289
4.775 0.289874
4.78 0.289461
4.785 0.289047
4.79 0.288635
4.795 0.288223
4.8 0.287812
4.805 0.287401
4.81 0.286991
4.815 0.286582
4.82 0.286173
4.825 0.285765
4.83 0.285358
4.835 0.284951
4.84 0.284545
4.845 0.284139
4.85 0.283734
4.855 0.28333
4.86 0.282926
4.865 0.282523
4.87 0.282121
4.875 0.281719
4.88 0.281318
4.885 0.280918
4.89 0.280518
4.895 0.280119
4.9 0.27972
4.905 0.279322
4.91 0.278925
4.915 0.278528
4.92 0.278132
4.925 0.277737
4.93 0.277342
4.935 0.276948
4.94 0.276555
4.945 0.276162
4.95 0.27577
4.955 0.275378
4.96 0.274987
4.965 0.274597
4.97 0.274207
4.975 0.273818
4.98 0.27343
4.985 0.273042
4.99 0.272655
4.995 0.272268
5 0.271882
5.005 0.271497
5.01 0.271112
5.015 0.270728
5.02 0.270345
5.025 0.269962
5.03 0.26958
5.035 0.269199
5.04 0.268818
5.045 0.268438
5.05 0.268058
5.055 0.267679
5.06 0.267301
5.065 0.266923
5.07 0.266546
5.075 0.266169
5.08 0.265793
5.085 0.265418
5.09 0.265044
5.095 0.26467
5.1 0.264296
5.105 0.263924
5.11 0.263551
5.115 0.26318
5.12 0.262809
5.125 0.262439
5.13 0.262069
5.135 0.2617
5.14 0.261332
5.145 0.260964
5.15 0.260597
5.155 0.26023
5.16 0.259864
5.165 0.259499
5.17 0.259134
5.175 0.25877
5.18 0.258406
5.185 0.258044
5.19 0.257681
5.195 0.25732
5.2 0.256959
5.205 0.256598
5.21 0.256238
5.215 0.255879
5.22 0.255521
5.225 0.255163
5.23 0.254805
5.235 0.254448
5.24 0.254092
5.245 0.253737
5.25 0.253382
5.255 0.253027
5.26 0.252673
5.265 0.25232
5.27 0.251968
5.275 0.251616
5.28 0.251264
5.285 0.250914
5.29 0.250563
5.295 0.250214
5.3 0.249865
5.305 0.249516
5.31 0.249169
5.315 0.248822
5.32 0.248475
5.325 0.248129
5.33 0.247784
5.335 0.247439
5.34 0.247094
5.345 0.246751
5.35 0.246408
5.355 0.246065
5.36 0.245723
5.365 0.245382
5.37 0.245042
5.375 0.244701
5.38 0.244362
5.385 0.244023
5.39 0.243685
5.395 0.243347
5.4 0.24301
5.405 0.242673
5.41 0.242337
5.415 0.242002
5.42 0.241667
5.425 0.241332
5.43 0.240999
5.435 0.240666
5.44 0.240333
5.445 0.240001
5.45 0.23967
5.455 0.239339
5.46 0.239009
5.465 0.238679
5.47 0.23835
5.475 0.238021
5.48 0.237693
5.485 0.237366
5.49 0.237039
5.495 0.236713
5.5 0.236387
5.505 0.236062
5.51 0.235737
5.515 0.235413
5.52 0.23509
5.525 0.234767
5.53 0.234445
5.535 0.234123
5.54 0.233802
5.545 0.233481
5.55 0.233161
5.555 0.232842
5.56 0.232523
5.565 0.232204
5.57 0.231886
5.575 0.231569
5.58 0.231252
5.585 0.230936
5.59 0.23062
5.595 0.230305
5.6 0.229991
5.605 0.229677
5.61 0.229363
5.615 0.22905
5.62 0.228738
5.625 0.228426
5.63 0.228115
5.635 0.227804
5.64 0.227494
5.645 0.227185
5.65 0.226875
5.655 0.226567
5.66 0.226259
5.665 0.225951
5.67 0.225644
5.675 0.225338
5.68 0.225032
5.685 0.224727
5.69 0.224422
5.695 0.224118
5.7 0.223814
5.705 0.223511
5.71 0.223208
5.715 0.222906
5.72 0.222604
5.725 0.222303
5.73 0.222003
5.735 0.221703
5.74 0.221403
5.745 0.221104
5.75 0.220806
5.755 0.220508
5.76 0.220211
5.765 0.219914
5.77 0.219617
5.775 0.219322
5.78 0.219026
5.785 0.218731
5.79 0.218437
5.795 0.218143
5.8 0.21785
5.805 0.217557
5.81 0.217265
5.815 0.216973
5.82 0.216682
5.825 0.216391
5.83 0.216101
5.835 0.215812
5.84 0.215522
5.845 0.215234
5.85 0.214946
5.855 0.214658
5.86 0.214371
5.865 0.214084
5.87 0.213798
5.875 0.213512
5.88 0.213227
5.885 0.212943
5.89 0.212659
5.895 0.212375
5.9 0.212092
5.905 0.211809
5.91 0.211527
5.915 0.211245
5.92 0.210964
5.925 0.210684
5.93 0.210403
5.935 0.210124
5.94 0.209845
5.945 0.209566
5.95 0.209288
5.955 0.20901
5.96 0.208733
5.965 0.208456
5.97 0.20818
5.975 0.207904
5.98 0.207629
5.985 0.207354
5.99 0.207079
5.995 0.206806
6 0.206532
6.005 0.206259
6.01 0.205987
6.015 0.205715
6.02 0.205444
6.025 0.205173
6.03 0.204902
6.035 0.204632
6.04 0.204363
6.045 0.204093
6.05 0.203825
6.055 0.203557
6.06 0.203289
6.065 0.203022
6.07 0.202755
6.075 0.202489
6.08 0.202223
6.085 0.201958
6.09 0.201693
6.095 0.201428
6.1 0.201164
6.105 0.200901
6.11 0.200638
6.115 0.200375
6.12 0.200113
6.125 0.199852
6.13 0.19959
6.135 0.19933
6.14 0.199069
6.145 0.19881
6.15 0.19855
6.155 0.198291
6.16 0.198033
6.165 0.197775
6.17 0.197517
6.175 0.19726
6.18 0.197004
6.185 0.196747
6.19 0.196492
6.195 0.196236
6.2 0.195982
6.205 0.195727
6.21 0.195473
6.215 0.19522
6.22 0.194967
6.225 0.194714
6.23 0.194462
6.235 0.19421
6.24 0.193959
6.245 0.193708
6.25 0.193457
6.255 0.193207
6.26 0.192958
6.265 0.192709
6.27 0.19246
6.275 0.192212
6.28 0.191964
6.285 0.191716
6.29 0.191469
6.295 0.191223
6.3 0.190977
6.305 0.190731
6.31 0.190486
6.315 0.190241
6.32 0.189997
6.325 0.189753
6.33 0.189509
6.335 0.189266
6.34 0.189023
6.345 0.188781
6.35 0.188539
6.355 0.188298
6.36 0.188057
6.365 0.187816
6.37 0.187576
6.375 0.187336
6.38 0.187097
6.385 0.186858
6.39 0.186619
6.395 0.186381
6.4 0.186143
6.405 0.185906
6.41 0.185669
6.415 0.185433
6.42 0.185197
6.425 0.184961
6.43 0.184726
6.435 0.184491
6.44 0.184257
6.445 0.184023
6.45 0.183789
6.455 0.183556
6.46 0.183323
6.465 0.183091
6.47 0.182859
6.475 0.182627
6.48 0.182396
6.485 0.182165
6.49 0.181935
6.495 0.181705
6.5 0.181475
6.505 0.181246
6.51 0.181017
6.515 0.180789
6.52 0.180561
6.525 0.180333
6.53 0.180106
6.535 0.179879
6.54 0.179652
6.545 0.179426
6.55 0.179201
6.555 0.178975
6.56 0.178751
6.565 0.178526
6.57 0.178302
6.575 0.178078
6.58 0.177855
6.585 0.177632
6.59 0.177409
6.595 0.177187
6.6 0.176965
6.605 0.176744
6.61 0.176523
6.615 0.176302
6.62 0.176082
6.625 0.175862
6.63 0.175642
6.635 0.175423
6.64 0.175205
6.645 0.174986
6.65 0.174768
6.655 0.17455
6.66 0.174333
6.665 0.174116
6.67 0.1739
6.675 0.173684
6.68 0.173468
6.685 0.173252
6.69 0.173037
6.695 0.172823
6.7 0.172608
6.705 0.172394
6.71 0.172181
6.715 0.171967
6.72 0.171755
6.725 0.171542
6.73 0.17133
6.735 0.171118
6.74 0.170907
6.745 0.170696
6.75 0.170485
6.755 0.170275
6.76 0.170065
6.765 0.169855
6.77 0.169646
6.775 0.169437
6.78 0.169229
6.785 0.16902
6.79 0.168812
6.795 0.168605
6.8 0.168398
6.805 0.168191
6.81 0.167985
6.815 0.167779
6.82 0.167573
6.825 0.167368
6.83 0.167163
6.835 0.166958
6.84 0.166754
6.845 0.16655
6.85 0.166346
6.855 0.166143
6.86 0.16594
6.865 0.165737
6.87 0.165535
6.875 0.165333
6.88 0.165131
6.885 0.16493
6.89 0.164729
6.895 0.164529
6.9 0.164329
6.905 0.164129
6.91 0.163929
6.915 0.16373
6.92 0.163531
6.925 0.163333
6.93 0.163134
6.935 0.162937
6.94 0.162739
6.945 0.162542
6.95 0.162345
6.955 0.162148
6.96 0.161952
6.965 0.161756
6.97 0.161561
6.975 0.161366
6.98 0.161171
6.985 0.160976
6.99 0.160782
6.995 0.160588
7 0.160395
7.005 0.160201
7.01 0.160008
7.015 0.159816
7.02 0.159624
7.025 0.159432
7.03 0.15924
7.035 0.159049
7.04 0.158858
7.045 0.158667
7.05 0.158477
7.055 0.158287
7.06 0.158097
7.065 0.157908
7.07 0.157719
7.075 0.15753
7.08 0.157342
7.085 0.157153
7.09 0.156966
7.095 0.156778
7.1 0.156591
7.105 0.156404
7.11 0.156218
7.115 0.156031
7.12 0.155845
7.125 0.15566
7.13 0.155474
7.135 0.155289
7.14 0.155105
7.145 0.15492
7.15 0.154736
7.155 0.154553
7.16 0.154369
7.165 0.154186
7.17 0.154003
7.175 0.153821
7.18 0.153638
7.185 0.153456
7.19 0.153275
7.195 0.153093
7.2 0.152912
7.205 0.152732
7.21 0.152551
7.215 0.152371
7.22 0.152191
7.225 0.152012
7.23 0.151832
7.235 0.151653
7.24 0.151475
7.245 0.151296
7.25 0.151118
7.255 0.150941
7.26 0.150763
7.265 0.150586
7.27 0.150409
7.275 0.150233
7.28 0.150056
7.285 0.14988
7.29 0.149705
7.295 0.149529
7.3 0.149354
7.305 0.149179
7.31 0.149005
7.315 0.14883
7.32 0.148656
7.325 0.148483
7.33 0.148309
7.335 0.148136
7.34 0.147963
7.345 0.147791
7.35 0.147618
7.355 0.147446
7.36 0.147275
7.365 0.147103
7.37 0.146932
7.375 0.146761
7.38 0.146591
7.385 0.14642
7.39 0.14625
7.395 0.146081
7.4 0.145911
7.405 0.145742
7.41 0.145573
7.415 0.145404
7.42 0.145236
7.425 0.145068
7.43 0.1449
7.435 0.144732
7.44 0.144565
7.445 0.144398
7.45 0.144232
7.455 0.144065
7.46 0.143899
7.465 0.143733
7.47 0.143567
7.475 0.143402
7.48 0.143237
7.485 0.143072
7.49 0.142907
7.495 0.142743
7.5 0.142579
7.505 0.142415
7.51 0.142252
7.515 0.142089
7.52 0.141926
7.525 0.141763
7.53 0.141601
7.535 0.141438
7.54 0.141276
7.545 0.141115
7.55 0.140953
7.555 0.140792
7.56 0.140631
7.565 0.140471
7.57 0.140311
7.575 0.14015
7.58 0.139991
7.585 0.139831
7.59 0.139672
7.595 0.139513
7.6 0.139354
7.605 0.139195
7.61 0.139037
7.615 0.138879
7.62 0.138721
7.625 0.138564
7.63 0.138407
7.635 0.13825
7.64 0.138093
7.645 0.137936
7.65 0.13778
7.655 0.137624
7.66 0.137468
7.665 0.137313
7.67 0.137157
7.675 0.137002
7.68 0.136848
7.685 0.136693
7.69 0.136539
7.695 0.136385
7.7 0.136231
7.705 0.136078
7.71 0.135924
7.715 0.135771
7.72 0.135619
7.725 0.135466
7.73 0.135314
7.735 0.135162
7.74 0.13501
7.745 0.134858
7.75 0.134707
7.755 0.134556
7.76 0.134405
7.765 0.134254
7.77 0.134104
7.775 0.133954
7.78 0.133804
7.785 0.133654
7.79 0.133505
7.795 0.133356
7.8 0.133207
7.805 0.133058
7.81 0.13291
7.815 0.132762
7.82 0.132614
7.825 0.132466
7.83 0.132318
7.835 0.132171
7.84 0.132024
7.845 0.131877
7.85 0.131731
7.855 0.131584
7.86 0.131438
7.865 0.131292
7.87 0.131147
7.875 0.131001
7.88 0.130856
7.885 0.130711
7.89 0.130566
7.895 0.130422
7.9 0.130278
7.905 0.130133
7.91 0.12999
7.915 0.129846
7.92 0.129703
7.925 0.12956
7.93 0.129417
7.935 0.129274
7.94 0.129131
7.945 0.128989
7.95 0.128847
7.955 0.128705
7.96 0.128564
7.965 0.128422
7.97 0.128281
7.975 0.12814
7.98 0.128
7.985 0.127859
7.99 0.127719
7.995 0.127579
8 0.127439
8.005 0.1273
8.01 0.12716
8.015 0.127021
8.02 0.126882
8.025 0.126743
8.03 0.126605
8.035 0.126467
8.04 0.126328
8.045 0.126191
8.05 0.126053
8.055 0.125916
8.06 0.125778
8.065 0.125641
8.07 0.125505
8.075 0.125368
8.08 0.125232
8.085 0.125095
8.09 0.12496
8.095 0.124824
8.1 0.124688
8.105 0.124553
8.11 0.124418
8.115 0.124283
8.12 0.124148
8.125 0.124014
8.13 0.12388
8.135 0.123746
8.14 0.123612
8.145 0.123478
8.15 0.123345
8.155 0.123211
8.16 0.123078
8.165 0.122946
8.17 0.122813
8.175 0.122681
8.18 0.122548
8.185 0.122416
8.19 0.122285
8.195 0.122153
8.2 0.122022
8.205 0.121891
8.21 0.12176
8.215 0.121629
8.22 0.121498
8.225 0.121368
8.23 0.121238
8.235 0.121108
8.24 0.120978
8.245 0.120848
8.25 0.120719
8.255 0.12059
8.26 0.120461
8.265 0.120332
8.27 0.120204
8.275 0.120075
8.28 0.119947
8.285 0.119819
8.29 0.119691
8.295 0.119564
8.3 0.119436
8.305 0.119309
8.31 0.119182
8.315 0.119055
8.32 0.118929
8.325 0.118802
8.33 0.118676
8.335 0.11855
8.34 0.118424
8.345 0.118298
8.35 0.118173
8.355 0.118048
8.36 0.117923
8.365 0.117798
8.37 0.117673
8.375 0.117548
8.38 0.117424
8.385 0.1173
8.39 0.117176
8.395 0.117052
8.4 0.116929
8.405 0.116805
8.41 0.116682
8.415 0.116559
8.42 0.116436
8.425 0.116314
8.43 0.116191
8.435 0.116069
8.44 0.115947
8.445 0.115825
8.45 0.115703
8.455 0.115582
8.46 0.11546
8.465 0.115339
8.47 0.115218
8.475 0.115097
8.48 0.114977
8.485 0.114856
8.49 0.114736
8.495 0.114616
8.5 0.114496
8.505 0.114376
8.51 0.114257
8.515 0.114138
8.52 0.114018
8.525 0.113899
8.53 0.113781
8.535 0.113662
8.54 0.113544
8.545 0.113425
8.55 0.113307
8.555 0.113189
8.56 0.113071
8.565 0.112954
8.57 0.112837
8.575 0.112719
8.58 0.112602
8.585 0.112485
8.59 0.112369
8.595 0.112252
8.6 0.112136
8.605 0.11202
8.61 0.111904
8.615 0.111788
8.62 0.111672
8.625 0.111557
8.63 0.111441
8.635 0.111326
8.64 0.111211
8.645 0.111097
8.65 0.110982
8.655 0.110868
8.66 0.110753
8.665 0.110639
8.67 0.110525
8.675 0.110411
8.68 0.110298
8.685 0.110184
8.69 0.110071
8.695 0.109958
8.7 0.109845
8.705 0.109732
8.71 0.10962
8.715 0.109507
8.72 0.109395
8.725 0.109283
8.73 0.109171
8.735 0.109059
8.74 0.108948
8.745 0.108836
8.75 0.108725
8.755 0.108614
8.76 0.108503
8.765 0.108392
8.77 0.108282
8.775 0.108171
8.78 0.108061
8.785 0.107951
8.79 0.107841
8.795 0.107731
8.8 0.107621
8.805 0.107512
8.81 0.107403
8.815 0.107293
8.82 0.107184
8.825 0.107076
8.83 0.106967
8.835 0.106858
8.84 0.10675
8.845 0.106642
8.85 0.106534
8.855 0.106426
8.86 0.106318
8.865 0.106211
8.87 0.106103
8.875 0.105996
8.88 0.105889
8.885 0.105782
8.89 0.105675
8.895 0.105569
8.9 0.105462
8.905 0.105356
8.91 0.10525
8.915 0.105144
8.92 0.105038
8.925 0.104932
8.93 0.104827
8.935 0.104721
8.94 0.104616
8.945 0.104511
8.95 0.104406
8.955 0.104301
8.96 0.104197
8.965 0.104092
8.97 0.103988
8.975 0.103884
8.98 0.10378
8.985 0.103676
8.99 0.103572
8.995 0.103468
9 0.103365
9.005 0.103262
9.01 0.103159
9.015 0.103056
9.02 0.102953
9.025 0.10285
9.03 0.102748
9.035 0.102645
9.04 0.102543
9.045 0.102441
9.05 0.102339
9.055 0.102237
9.06 0.102136
9.065 0.102034
9.07 0.101933
9.075 0.101832
9.08 0.101731
9.085 0.10163
9.09 0.101529
9.095 0.101428
9.1 0.101328
9.105 0.101227
9.11 0.101127
9.115 0.101027
9.12 0.100927
9.125 0.100828
9.13 0.100728
9.135 0.100628
9.14 0.100529
9.145 0.10043
9.15 0.100331
9.155 0.100232
9.16 0.100133
9.165 0.100035
9.17 0.0999362
9.175 0.0998378
9.18 0.0997396
9.185 0.0996416
9.19 0.0995437
9.195 0.0994459
9.2 0.0993483
9.205 0.0992508
9.21 0.0991534
9.215 0.0990562
9.22 0.0989591
9.225 0.0988622
9.23 0.0987653
9.235 0.0986687
9.24 0.0985721
9.245 0.0984758
9.25 0.0983795
9.255 0.0982834
9.26 0.0981874
9.265 0.0980915
9.27 0.0979958
9.275 0.0979003
9.28 0.0978048
9.285 0.0977095
9.29 0.0976143
9.295 0.0975193
9.3 0.0974244
9.305 0.0973296
9.31 0.097235
9.315 0.0971405
9.32 0.0970461
9.325 0.0969519
9.33 0.0968578
9.335 0.0967638
9.34 0.09667
9.345 0.0965763
9.35 0.0964827
9.355 0.0963893
9.36 0.096296
9.365 0.0962028
9.37 0.0961098
9.375 0.0960168
9.38 0.0959241
9.385 0.0958314
9.39 0.0957389
9.395 0.0956465
9.4 0.0955542
9.405 0.0954621
9.41 0.0953701
9.415 0.0952782
9.42 0.0951865
9.425 0.0950948
9.43 0.0950034
9.435 0.094912
9.44 0.0948208
9.445 0.0947296
9.45 0.0946387
9.455 0.0945478
9.46 0.0944571
9.465 0.0943665
9.47 0.094276
9.475 0.0941857
9.48 0.0940954
9.485 0.0940054
9.49 0.0939154
9.495 0.0938255
9.5 0.0937358
9.505 0.0936462
9.51 0.0935568
9.515 0.0934674
9.52 0.0933782
9.525 0.0932891
9.53 0.0932001
9.535 0.0931113
9.54 0.0930225
9.545 0.0929339
9.55 0.0928455
9.555 0.0927571
9.56 0.0926689
9.565 0.0925807
9.57 0.0924927
9.575 0.0924049
9.58 0.0923171
9.585 0.0922295
9.59 0.092142
9.595 0.0920546
9.6 0.0919673
9.605 0.0918802
9.61 0.0917932
9.615 0.0917063
9.62 0.0916195
9.625 0.0915328
9.63 0.0914463
9.635 0.0913599
9.64 0.0912735
9.645 0.0911874
9.65 0.0911013
9.655 0.0910153
9.66 0.0909295
9.665 0.0908438
9.67 0.0907582
9.675 0.0906727
9.68 0.0905874
9.685 0.0905021
9.69 0.090417
9.695 0.090332
9.7 0.0902471
9.705 0.0901623
9.71 0.0900776
9.715 0.0899931
9.72 0.0899087
9.725 0.0898243
9.73 0.0897401
9.735 0.089656
9.74 0.0895721
9.745 0.0894882
9.75 0.0894045
9.755 0.0893209
9.76 0.0892373
9.765 0.0891539
9.77 0.0890707
9.775 0.0889875
9.78 0.0889044
9.785 0.0888215
9.79 0.0887386
9.795 0.0886559
9.8 0.0885733
9.805 0.0884908
9.81 0.0884084
9.815 0.0883262
9.82 0.088244
9.825 0.088162
9.83 0.08808
9.835 0.0879982
9.84 0.0879165
9.845 0.0878349
9.85 0.0877534
9.855 0.087672
9.86 0.0875907
9.865 0.0875096
9.87 0.0874285
9.875 0.0873476
9.88 0.0872667
9.885 0.087186
9.89 0.0871054
9.895 0.0870249
9.9 0.0869445
9.905 0.0868642
9.91 0.086784
9.915 0.0867039
9.92 0.086624
9.925 0.0865441
9.93 0.0864643
9.935 0.0863847
9.94 0.0863052
9.945 0.0862257
9.95 0.0861464
9.955 0.0860672
9.96 0.0859881
9.965 0.0859091
9.97 0.0858302
9.975 0.0857514
9.98 0.0856727
9.985 0.0855941
9.99 0.0855156
9.995 0.0854373
