0 -nan
0.005 0.0637596
0.01 0.0785518
0.015 0.263046
0.02 0.410039
0.025 0.130183
0.03 0.884115
0.035 0.734407
0.04 0.272234
0.045 0.0500671
0.05 0.0844585
0.055 0.248213
0.06 0.441545
0.065 0.613544
0.07 0.746082
0.075 0.837718
0.08 0.893862
0.085 0.921799
0.09 0.9285
0.095 0.919852
0.1 0.900513
0.105 0.874036
0.11 0.84306
0.115 0.809512
0.12 0.774772
0.125 0.739813
0.13 0.705308
0.135 0.671708
0.14 0.639307
0.145 0.608281
0.15 0.578726
0.155 0.550678
0.16 0.524136
0.165 0.499069
0.17 0.475427
0.175 0.453151
0.18 0.432175
0.185 0.412429
0.19 0.393842
0.195 0.376344
0.2 0.359869
0.205 0.34435
0.21 0.329726
0.215 0.315938
0.22 0.302931
0.225 0.290655
0.23 0.279059
0.235 0.268101
0.24 0.257737
0.245 0.247928
0.25 0.238639
0.255 0.229837
0.26 0.221488
0.265 0.213566
0.27 0.206042
0.275 0.198893
0.28 0.192094
0.285 0.185625
0.29 0.179465
0.295 0.173595
0.3 0.168
0.305 0.162661
0.31 0.157565
0.315 0.152698
0.32 0.148046
0.325 0.143597
0.33 0.13934
0.335 0.135265
0.34 0.131362
0.345 0.127621
0.35 0.124033
0.355 0.120591
0.36 0.117287
0.365 0.114115
0.37 0.111066
0.375 0.108136
0.38 0.105317
0.385 0.102605
0.39 0.0999949
0.395 0.097481
0.4 0.095059
0.405 0.0927246
0.41 0.0904737
0.415 0.0883023
0.42 0.0862069
0.425 0.084184
0.43 0.0822304
0.435 0.080343
0.44 0.0785189
0.445 0.0767552
0.45 0.0750495
0.455 0.0733993
0.46 0.0718021
0.465 0.0702558
0.47 0.0687583
0.475 0.0673075
0.48 0.0659016
0.485 0.0645388
0.49 0.0632173
0.495 0.0619355
0.5 0.0606918
0.505 0.0594848
0.51 0.0583131
0.515 0.0571753
0.52 0.0560701
0.525 0.0549963
0.53 0.0539527
0.535 0.0529383
0.54 0.0519519
0.545 0.0509926
0.55 0.0500593
0.555 0.0491512
0.56 0.0482674
0.565 0.0474069
0.57 0.0465691
0.575 0.0457531
0.58 0.0449582
0.585 0.0441836
0.59 0.0434287
0.595 0.0426929
0.6 0.0419754
0.605 0.0412757
0.61 0.0405933
0.615 0.0399275
0.62 0.0392778
0.625 0.0386437
0.63 0.0380248
0.635 0.0374205
0.64 0.0368304
0.645 0.036254
0.65 0.035691
0.655 0.0351409
0.66 0.0346033
0.665 0.0340779
0.67 0.0335643
0.675 0.0330622
0.68 0.0325711
0.685 0.0320909
0.69 0.0316211
0.695 0.0311615
0.7 0.0307118
0.705 0.0302717
0.71 0.029841
0.715 0.0294193
0.72 0.0290064
0.725 0.0286022
0.73 0.0282062
0.735 0.0278184
0.74 0.0274385
0.745 0.0270663
0.75 0.0267016
0.755 0.0263441
0.76 0.0259938
0.765 0.0256503
0.77 0.0253136
0.775 0.0249835
0.78 0.0246597
0.785 0.0243421
0.79 0.0240306
0.795 0.0237251
0.8 0.0234253
0.805 0.0231311
0.81 0.0228424
0.815 0.022559
0.82 0.0222809
0.825 0.0220078
0.83 0.0217397
0.835 0.0214765
0.84 0.021218
0.845 0.0209641
0.85 0.0207148
0.855 0.0204698
0.86 0.0202291
0.865 0.0199927
0.87 0.0197603
0.875 0.019532
0.88 0.0193076
0.885 0.019087
0.89 0.0188701
0.895 0.0186569
0.9 0.0184473
0.905 0.0182412
0.91 0.0180385
0.915 0.0178392
0.92 0.0176431
0.925 0.0174503
0.93 0.0172606
0.935 0.0170739
0.94 0.0168902
0.945 0.0167095
0.95 0.0165317
0.955 0.0163567
0.96 0.0161844
0.965 0.0160148
0.97 0.0158479
0.975 0.0156835
0.98 0.0155217
0.985 0.0153624
0.99 0.0152055
0.995 0.015051
1 0.0148989
1.005 0.014749
1.01 0.0146013
1.015 0.0144559
1.02 0.0143126
1.025 0.0141715
1.03 0.0140324
1.035 0.0138953
1.04 0.0137602
1.045 0.0136271
1.05 0.0134959
1.055 0.0133666
1.06 0.0132391
1.065 0.0131135
1.07 0.0129896
1.075 0.0128674
1.08 0.012747
1.085 0.0126282
1.09 0.0125111
1.095 0.0123956
1.1 0.0122817
1.105 0.0121694
1.11 0.0120586
1.115 0.0119493
1.12 0.0118414
1.125 0.0117351
1.13 0.0116301
1.135 0.0115265
1.14 0.0114243
1.145 0.0113235
1.15 0.011224
1.155 0.0111258
1.16 0.0110289
1.165 0.0109332
1.17 0.0108388
1.175 0.0107455
1.18 0.0106535
1.185 0.0105627
1.19 0.010473
1.195 0.0103844
1.2 0.010297
1.205 0.0102106
1.21 0.0101254
1.215 0.0100412
1.22 0.00995801
1.225 0.00987587
1.23 0.00979475
1.235 0.00971462
1.24 0.00963547
1.245 0.00955728
1.25 0.00948003
1.255 0.00940372
1.26 0.00932832
1.265 0.00925383
1.27 0.00918022
1.275 0.00910748
1.28 0.00903561
1.285 0.00896458
1.29 0.00889438
1.295 0.008825
1.3 0.00875643
1.305 0.00868865
1.31 0.00862166
1.315 0.00855544
1.32 0.00848997
1.325 0.00842526
1.33 0.00836128
1.335 0.00829802
1.34 0.00823548
1.345 0.00817364
1.35 0.00811249
1.355 0.00805203
1.36 0.00799224
1.365 0.00793311
1.37 0.00787463
1.375 0.0078168
1.38 0.0077596
1.385 0.00770302
1.39 0.00764706
1.395 0.00759171
1.4 0.00753696
1.405 0.00748279
1.41 0.00742921
1.415 0.00737619
1.42 0.00732375
1.425 0.00727186
1.43 0.00722051
1.435 0.00716971
1.44 0.00711945
1.445 0.0070697
1.45 0.00702048
1.455 0.00697177
1.46 0.00692356
1.465 0.00687585
1.47 0.00682863
1.475 0.0067819
1.48 0.00673564
1.485 0.00668986
1.49 0.00664454
1.495 0.00659967
1.5 0.00655526
1.505 0.0065113
1.51 0.00646777
1.515 0.00642468
1.52 0.00638202
1.525 0.00633978
1.53 0.00629796
1.535 0.00625655
1.54 0.00621555
1.545 0.00617495
1.55 0.00613474
1.555 0.00609493
1.56 0.0060555
1.565 0.00601645
1.57 0.00597778
1.575 0.00593948
1.58 0.00590155
1.585 0.00586398
1.59 0.00582676
1.595 0.0057899
1.6 0.00575338
1.605 0.00571721
1.61 0.00568138
1.615 0.00564589
1.62 0.00561073
1.625 0.00557589
1.63 0.00554137
1.635 0.00550718
1.64 0.0054733
1.645 0.00543973
1.65 0.00540647
1.655 0.00537352
1.66 0.00534086
1.665 0.0053085
1.67 0.00527643
1.675 0.00524465
1.68 0.00521316
1.685 0.00518195
1.69 0.00515102
1.695 0.00512037
1.7 0.00508999
1.705 0.00505987
1.71 0.00503003
1.715 0.00500044
1.72 0.00497112
1.725 0.00494205
1.73 0.00491324
1.735 0.00488468
1.74 0.00485636
1.745 0.0048283
1.75 0.00480047
1.755 0.00477288
1.76 0.00474553
1.765 0.00471842
1.77 0.00469153
1.775 0.00466488
1.78 0.00463845
1.785 0.00461225
1.79 0.00458626
1.795 0.0045605
1.8 0.00453495
1.805 0.00450961
1.81 0.00448449
1.815 0.00445958
1.82 0.00443487
1.825 0.00441037
1.83 0.00438607
1.835 0.00436197
1.84 0.00433806
1.845 0.00431436
1.85 0.00429084
1.855 0.00426752
1.86 0.00424439
1.865 0.00422145
1.87 0.00419869
1.875 0.00417611
1.88 0.00415372
1.885 0.0041315
1.89 0.00410946
1.895 0.0040876
1.9 0.00406591
1.905 0.0040444
1.91 0.00402305
1.915 0.00400188
1.92 0.00398087
1.925 0.00396002
1.93 0.00393934
1.935 0.00391882
1.94 0.00389846
1.945 0.00387825
1.95 0.00385821
1.955 0.00383831
1.96 0.00381858
1.965 0.00379899
1.97 0.00377955
1.975 0.00376027
1.98 0.00374112
1.985 0.00372213
1.99 0.00370328
1.995 0.00368457
2 0.003666
2.005 0.00364758
2.01 0.00362929
2.015 0.00361114
2.02 0.00359312
2.025 0.00357524
2.03 0.00355749
2.035 0.00353988
2.04 0.00352239
2.045 0.00350503
2.05 0.00348781
2.055 0.0034707
2.06 0.00345373
2.065 0.00343687
2.07 0.00342014
2.075 0.00340354
2.08 0.00338705
2.085 0.00337068
2.09 0.00335443
2.095 0.0033383
2.1 0.00332228
2.105 0.00330638
2.11 0.00329059
2.115 0.00327492
2.12 0.00325935
2.125 0.0032439
2.13 0.00322856
2.135 0.00321332
2.14 0.0031982
2.145 0.00318318
2.15 0.00316826
2.155 0.00315345
2.16 0.00313874
2.165 0.00312414
2.17 0.00310963
2.175 0.00309523
2.18 0.00308093
2.185 0.00306673
2.19 0.00305262
2.195 0.00303861
2.2 0.0030247
2.205 0.00301088
2.21 0.00299716
2.215 0.00298353
2.22 0.00296999
2.225 0.00295655
2.23 0.00294319
2.235 0.00292993
2.24 0.00291676
2.245 0.00290367
2.25 0.00289067
2.255 0.00287776
2.26 0.00286494
2.265 0.0028522
2.27 0.00283955
2.275 0.00282698
2.28 0.00281449
2.285 0.00280208
2.29 0.00278976
2.295 0.00277752
2.3 0.00276536
2.305 0.00275328
2.31 0.00274127
2.315 0.00272935
2.32 0.0027175
2.325 0.00270573
2.33 0.00269404
2.335 0.00268242
2.34 0.00267088
2.345 0.00265941
2.35 0.00264801
2.355 0.00263669
2.36 0.00262544
2.365 0.00261426
2.37 0.00260316
2.375 0.00259212
2.38 0.00258115
2.385 0.00257026
2.39 0.00255943
2.395 0.00254867
2.4 0.00253798
2.405 0.00252735
2.41 0.0025168
2.415 0.0025063
2.42 0.00249588
2.425 0.00248551
2.43 0.00247522
2.435 0.00246498
2.44 0.00245481
2.445 0.0024447
2.45 0.00243466
2.455 0.00242468
2.46 0.00241475
2.465 0.00240489
2.47 0.00239509
2.475 0.00238535
2.48 0.00237567
2.485 0.00236604
2.49 0.00235648
2.495 0.00234697
2.5 0.00233752
2.505 0.00232813
2.51 0.00231879
2.515 0.00230951
2.52 0.00230028
2.525 0.00229111
2.53 0.002282
2.535 0.00227294
2.54 0.00226393
2.545 0.00225498
2.55 0.00224608
2.555 0.00223723
2.56 0.00222843
2.565 0.00221969
2.57 0.002211
2.575 0.00220235
2.58 0.00219376
2.585 0.00218522
2.59 0.00217673
2.595 0.00216829
2.6 0.0021599
2.605 0.00215155
2.61 0.00214325
2.615 0.00213501
2.62 0.00212681
2.625 0.00211865
2.63 0.00211054
2.635 0.00210248
2.64 0.00209447
2.645 0.0020865
2.65 0.00207858
2.655 0.0020707
2.66 0.00206287
2.665 0.00205508
2.67 0.00204733
2.675 0.00203963
2.68 0.00203197
2.685 0.00202436
2.69 0.00201678
2.695 0.00200925
2.7 0.00200177
2.705 0.00199432
2.71 0.00198691
2.715 0.00197955
2.72 0.00197223
2.725 0.00196495
2.73 0.0019577
2.735 0.0019505
2.74 0.00194334
2.745 0.00193622
2.75 0.00192913
2.755 0.00192209
2.76 0.00191508
2.765 0.00190811
2.77 0.00190118
2.775 0.00189429
2.78 0.00188743
2.785 0.00188061
2.79 0.00187383
2.795 0.00186709
2.8 0.00186038
2.805 0.00185371
2.81 0.00184707
2.815 0.00184047
2.82 0.0018339
2.825 0.00182737
2.83 0.00182088
2.835 0.00181442
2.84 0.00180799
2.845 0.0018016
2.85 0.00179524
2.855 0.00178891
2.86 0.00178262
2.865 0.00177636
2.87 0.00177013
2.875 0.00176394
2.88 0.00175778
2.885 0.00175165
2.89 0.00174555
2.895 0.00173949
2.9 0.00173346
2.905 0.00172745
2.91 0.00172148
2.915 0.00171554
2.92 0.00170963
2.925 0.00170375
2.93 0.0016979
2.935 0.00169209
2.94 0.0016863
2.945 0.00168054
2.95 0.00167481
2.955 0.00166911
2.96 0.00166344
2.965 0.00165779
2.97 0.00165218
2.975 0.00164659
2.98 0.00164104
2.985 0.00163551
2.99 0.00163001
2.995 0.00162453
3 0.00161909
3.005 0.00161367
3.01 0.00160828
3.015 0.00160291
3.02 0.00159757
3.025 0.00159226
3.03 0.00158698
3.035 0.00158172
3.04 0.00157649
3.045 0.00157128
3.05 0.0015661
3.055 0.00156094
3.06 0.00155581
3.065 0.00155071
3.07 0.00154563
3.075 0.00154058
3.08 0.00153555
3.085 0.00153054
3.09 0.00152556
3.095 0.0015206
3.1 0.00151567
3.105 0.00151076
3.11 0.00150588
3.115 0.00150102
3.12 0.00149618
3.125 0.00149136
3.13 0.00148657
3.135 0.00148181
3.14 0.00147706
3.145 0.00147234
3.15 0.00146764
3.155 0.00146296
3.16 0.00145831
3.165 0.00145367
3.17 0.00144906
3.175 0.00144447
3.18 0.00143991
3.185 0.00143536
3.19 0.00143084
3.195 0.00142633
3.2 0.00142185
3.205 0.00141739
3.21 0.00141295
3.215 0.00140853
3.22 0.00140414
3.225 0.00139976
3.23 0.0013954
3.235 0.00139107
3.24 0.00138675
3.245 0.00138245
3.25 0.00137818
3.255 0.00137392
3.26 0.00136968
3.265 0.00136546
3.27 0.00136127
3.275 0.00135709
3.28 0.00135293
3.285 0.00134879
3.29 0.00134467
3.295 0.00134056
3.3 0.00133648
3.305 0.00133242
3.31 0.00132837
3.315 0.00132434
3.32 0.00132033
3.325 0.00131634
3.33 0.00131237
3.335 0.00130841
3.34 0.00130447
3.345 0.00130055
3.35 0.00129665
3.355 0.00129276
3.36 0.0012889
3.365 0.00128505
3.37 0.00128121
3.375 0.0012774
3.38 0.0012736
3.385 0.00126982
3.39 0.00126605
3.395 0.0012623
3.4 0.00125857
3.405 0.00125486
3.41 0.00125116
3.415 0.00124747
3.42 0.00124381
3.425 0.00124016
3.43 0.00123652
3.435 0.00123291
3.44 0.0012293
3.445 0.00122572
3.45 0.00122215
3.455 0.00121859
3.46 0.00121505
3.465 0.00121153
3.47 0.00120802
3.475 0.00120452
3.48 0.00120104
3.485 0.00119758
3.49 0.00119413
3.495 0.0011907
3.5 0.00118728
3.505 0.00118387
3.51 0.00118049
3.515 0.00117711
3.52 0.00117375
3.525 0.0011704
3.53 0.00116707
3.535 0.00116375
3.54 0.00116045
3.545 0.00115716
3.55 0.00115388
3.555 0.00115062
3.56 0.00114737
3.565 0.00114414
3.57 0.00114092
3.575 0.00113771
3.58 0.00113452
3.585 0.00113134
3.59 0.00112817
3.595 0.00112502
3.6 0.00112188
3.605 0.00111875
3.61 0.00111563
3.615 0.00111253
3.62 0.00110945
3.625 0.00110637
3.63 0.00110331
3.635 0.00110026
3.64 0.00109722
3.645 0.00109419
3.65 0.00109118
3.655 0.00108818
3.66 0.0010852
3.665 0.00108222
3.67 0.00107926
3.675 0.00107631
3.68 0.00107337
3.685 0.00107044
3.69 0.00106753
3.695 0.00106462
3.7 0.00106173
3.705 0.00105885
3.71 0.00105598
3.715 0.00105313
3.72 0.00105028
3.725 0.00104745
3.73 0.00104463
3.735 0.00104182
3.74 0.00103902
3.745 0.00103623
3.75 0.00103346
3.755 0.00103069
3.76 0.00102794
3.765 0.00102519
3.77 0.00102246
3.775 0.00101974
3.78 0.00101703
3.785 0.00101433
3.79 0.00101164
3.795 0.00100896
3.8 0.0010063
3.805 0.00100364
3.81 0.00100099
3.815 0.000998355
3.82 0.00099573
3.825 0.000993114
3.83 0.000990509
3.835 0.000987914
3.84 0.00098533
3.845 0.000982755
3.85 0.000980191
3.855 0.000977636
3.86 0.000975092
3.865 0.000972557
3.87 0.000970033
3.875 0.000967518
3.88 0.000965013
3.885 0.000962518
3.89 0.000960032
3.895 0.000957556
3.9 0.000955089
3.905 0.000952632
3.91 0.000950185
3.915 0.000947747
3.92 0.000945318
3.925 0.000942898
3.93 0.000940488
3.935 0.000938087
3.94 0.000935695
3.945 0.000933313
3.95 0.000930939
3.955 0.000928575
3.96 0.000926219
3.965 0.000923873
3.97 0.000921535
3.975 0.000919206
3.98 0.000916886
3.985 0.000914575
3.99 0.000912273
3.995 0.000909979
4 0.000907694
4.005 0.000905417
4.01 0.000903149
4.015 0.00090089
4.02 0.000898639
4.025 0.000896396
4.03 0.000894162
4.035 0.000891936
4.04 0.000889719
4.045 0.000887509
4.05 0.000885308
4.055 0.000883115
4.06 0.00088093
4.065 0.000878754
4.07 0.000876585
4.075 0.000874424
4.08 0.000872272
4.085 0.000870127
4.09 0.00086799
4.095 0.000865861
4.1 0.00086374
4.105 0.000861627
4.11 0.000859521
4.115 0.000857423
4.12 0.000855333
4.125 0.000853251
4.13 0.000851176
4.135 0.000849108
4.14 0.000847048
4.145 0.000844996
4.15 0.000842951
4.155 0.000840913
4.16 0.000838883
4.165 0.00083686
4.17 0.000834845
4.175 0.000832836
4.18 0.000830835
4.185 0.000828842
4.19 0.000826855
4.195 0.000824875
4.2 0.000822903
4.205 0.000820938
4.21 0.000818979
4.215 0.000817028
4.22 0.000815084
4.225 0.000813146
4.23 0.000811216
4.235 0.000809292
4.24 0.000807375
4.245 0.000805465
4.25 0.000803562
4.255 0.000801665
4.26 0.000799775
4.265 0.000797892
4.27 0.000796016
4.275 0.000794146
4.28 0.000792283
4.285 0.000790426
4.29 0.000788576
4.295 0.000786732
4.3 0.000784894
4.305 0.000783064
4.31 0.000781239
4.315 0.000779421
4.32 0.000777609
4.325 0.000775804
4.33 0.000774005
4.335 0.000772212
4.34 0.000770425
4.345 0.000768644
4.35 0.00076687
4.355 0.000765102
4.36 0.00076334
4.365 0.000761584
4.37 0.000759834
4.375 0.00075809
4.38 0.000756352
4.385 0.00075462
4.39 0.000752894
4.395 0.000751174
4.4 0.000749459
4.405 0.000747751
4.41 0.000746048
4.415 0.000744352
4.42 0.000742661
4.425 0.000740975
4.43 0.000739296
4.435 0.000737622
4.44 0.000735954
4.445 0.000734292
4.45 0.000732635
4.455 0.000730984
4.46 0.000729338
4.465 0.000727698
4.47 0.000726063
4.475 0.000724434
4.48 0.00072281
4.485 0.000721192
4.49 0.00071958
4.495 0.000717972
4.5 0.00071637
4.505 0.000714774
4.51 0.000713182
4.515 0.000711597
4.52 0.000710016
4.525 0.00070844
4.53 0.00070687
4.535 0.000705305
4.54 0.000703746
4.545 0.000702191
4.55 0.000700642
4.555 0.000699097
4.56 0.000697558
4.565 0.000696024
4.57 0.000694495
4.575 0.000692971
4.58 0.000691452
4.585 0.000689937
4.59 0.000688428
4.595 0.000686924
4.6 0.000685425
4.605 0.000683931
4.61 0.000682441
4.615 0.000680957
4.62 0.000679477
4.625 0.000678002
4.63 0.000676532
4.635 0.000675066
4.64 0.000673606
4.645 0.00067215
4.65 0.000670699
4.655 0.000669252
4.66 0.000667811
4.665 0.000666373
4.67 0.000664941
4.675 0.000663513
4.68 0.00066209
4.685 0.000660671
4.69 0.000659257
4.695 0.000657847
4.7 0.000656442
4.705 0.000655041
4.71 0.000653645
4.715 0.000652254
4.72 0.000650866
4.725 0.000649484
4.73 0.000648105
4.735 0.000646731
4.74 0.000645361
4.745 0.000643996
4.75 0.000642635
4.755 0.000641278
4.76 0.000639926
4.765 0.000638578
4.77 0.000637234
4.775 0.000635894
4.78 0.000634559
4.785 0.000633228
4.79 0.000631901
4.795 0.000630578
4.8 0.000629259
4.805 0.000627944
4.81 0.000626634
4.815 0.000625328
4.82 0.000624025
4.825 0.000622727
4.83 0.000621433
4.835 0.000620143
4.84 0.000618857
4.845 0.000617574
4.85 0.000616296
4.855 0.000615022
4.86 0.000613752
4.865 0.000612485
4.87 0.000611223
4.875 0.000609965
4.88 0.00060871
4.885 0.000607459
4.89 0.000606212
4.895 0.000604969
4.9 0.00060373
4.905 0.000602494
4.91 0.000601263
4.915 0.000600035
4.92 0.000598811
4.925 0.00059759
4.93 0.000596374
4.935 0.000595161
4.94 0.000593952
4.945 0.000592746
4.95 0.000591544
4.955 0.000590346
4.96 0.000589151
4.965 0.00058796
4.97 0.000586773
4.975 0.000585589
4.98 0.000584409
4.985 0.000583232
4.99 0.000582059
4.995 0.000580889
5 0.000579723
5.005 0.000578561
5.01 0.000577402
5.015 0.000576246
5.02 0.000575094
5.025 0.000573945
5.03 0.0005728
5.035 0.000571658
5.04 0.00057052
5.045 0.000569385
5.05 0.000568253
5.055 0.000567125
5.06 0.000566
5.065 0.000564879
5.07 0.00056376
5.075 0.000562646
5.08 0.000561534
5.085 0.000560426
5.09 0.000559321
5.095 0.000558219
5.1 0.00055712
5.105 0.000556025
5.11 0.000554933
5.115 0.000553844
5.12 0.000552759
5.125 0.000551676
5.13 0.000550597
5.135 0.000549521
5.14 0.000548448
5.145 0.000547378
5.15 0.000546311
5.155 0.000545248
5.16 0.000544187
5.165 0.00054313
5.17 0.000542076
5.175 0.000541025
5.18 0.000539976
5.185 0.000538931
5.19 0.000537889
5.195 0.00053685
5.2 0.000535814
5.205 0.000534781
5.21 0.000533751
5.215 0.000532724
5.22 0.0005317
5.225 0.000530678
5.23 0.00052966
5.235 0.000528645
5.24 0.000527632
5.245 0.000526623
5.25 0.000525616
5.255 0.000524612
5.26 0.000523612
5.265 0.000522614
5.27 0.000521618
5.275 0.000520626
5.28 0.000519637
5.285 0.00051865
5.29 0.000517666
5.295 0.000516685
5.3 0.000515707
5.305 0.000514731
5.31 0.000513758
5.315 0.000512788
5.32 0.000511821
5.325 0.000510857
5.33 0.000509895
5.335 0.000508936
5.34 0.00050798
5.345 0.000507026
5.35 0.000506075
5.355 0.000505127
5.36 0.000504181
5.365 0.000503238
5.37 0.000502297
5.375 0.00050136
5.38 0.000500425
5.385 0.000499492
5.39 0.000498562
5.395 0.000497635
5.4 0.00049671
5.405 0.000495788
5.41 0.000494869
5.415 0.000493952
5.42 0.000493037
5.425 0.000492125
5.43 0.000491216
5.435 0.000490309
5.44 0.000489404
5.445 0.000488503
5.45 0.000487603
5.455 0.000486706
5.46 0.000485812
5.465 0.00048492
5.47 0.00048403
5.475 0.000483143
5.48 0.000482259
5.485 0.000481376
5.49 0.000480497
5.495 0.000479619
5.5 0.000478744
5.505 0.000477872
5.51 0.000477002
5.515 0.000476134
5.52 0.000475268
5.525 0.000474405
5.53 0.000473544
5.535 0.000472686
5.54 0.00047183
5.545 0.000470976
5.55 0.000470125
5.555 0.000469276
5.56 0.000468429
5.565 0.000467584
5.57 0.000466742
5.575 0.000465902
5.58 0.000465064
5.585 0.000464229
5.59 0.000463395
5.595 0.000462564
5.6 0.000461736
5.605 0.000460909
5.61 0.000460085
5.615 0.000459263
5.62 0.000458443
5.625 0.000457625
5.63 0.00045681
5.635 0.000455996
5.64 0.000455185
5.645 0.000454376
5.65 0.000453569
5.655 0.000452765
5.66 0.000451962
5.665 0.000451162
5.67 0.000450363
5.675 0.000449567
5.68 0.000448773
5.685 0.000447981
5.69 0.000447191
5.695 0.000446403
5.7 0.000445618
5.705 0.000444834
5.71 0.000444052
5.715 0.000443273
5.72 0.000442495
5.725 0.00044172
5.73 0.000440946
5.735 0.000440175
5.74 0.000439406
5.745 0.000438638
5.75 0.000437873
5.755 0.00043711
5.76 0.000436348
5.765 0.000435589
5.77 0.000434832
5.775 0.000434076
5.78 0.000433323
5.785 0.000432572
5.79 0.000431822
5.795 0.000431074
5.8 0.000430329
5.805 0.000429585
5.81 0.000428843
5.815 0.000428104
5.82 0.000427366
5.825 0.00042663
5.83 0.000425895
5.835 0.000425163
5.84 0.000424433
5.845 0.000423704
5.85 0.000422978
5.855 0.000422253
5.86 0.00042153
5.865 0.000420809
5.87 0.00042009
5.875 0.000419373
5.88 0.000418657
5.885 0.000417944
5.89 0.000417232
5.895 0.000416522
5.9 0.000415814
5.905 0.000415107
5.91 0.000414403
5.915 0.0004137
5.92 0.000412999
5.925 0.000412299
5.93 0.000411602
5.935 0.000410906
5.94 0.000410212
5.945 0.00040952
5.95 0.00040883
5.955 0.000408141
5.96 0.000407454
5.965 0.000406769
5.97 0.000406085
5.975 0.000405404
5.98 0.000404724
5.985 0.000404045
5.99 0.000403369
5.995 0.000402694
6 0.00040202
6.005 0.000401349
6.01 0.000400679
6.015 0.000400011
6.02 0.000399344
6.025 0.000398679
6.03 0.000398016
6.035 0.000397355
6.04 0.000396695
6.045 0.000396036
6.05 0.00039538
6.055 0.000394725
6.06 0.000394071
6.065 0.00039342
6.07 0.000392769
6.075 0.000392121
6.08 0.000391474
6.085 0.000390829
6.09 0.000390185
6.095 0.000389543
6.1 0.000388902
6.105 0.000388263
6.11 0.000387626
6.115 0.00038699
6.12 0.000386356
6.125 0.000385723
6.13 0.000385092
6.135 0.000384462
6.14 0.000383834
6.145 0.000383208
6.15 0.000382583
6.155 0.000381959
6.16 0.000381337
6.165 0.000380717
6.17 0.000380098
6.175 0.00037948
6.18 0.000378865
6.185 0.00037825
6.19 0.000377637
6.195 0.000377026
6.2 0.000376416
6.205 0.000375807
6.21 0.0003752
6.215 0.000374595
6.22 0.000373991
6.225 0.000373388
6.23 0.000372787
6.235 0.000372187
6.24 0.000371589
6.245 0.000370992
6.25 0.000370397
6.255 0.000369803
6.26 0.000369211
6.265 0.000368619
6.27 0.00036803
6.275 0.000367442
6.28 0.000366855
6.285 0.000366269
6.29 0.000365685
6.295 0.000365103
6.3 0.000364521
6.305 0.000363941
6.31 0.000363363
6.315 0.000362786
6.32 0.00036221
6.325 0.000361636
6.33 0.000361063
6.335 0.000360491
6.34 0.000359921
6.345 0.000359352
6.35 0.000358784
6.355 0.000358218
6.36 0.000357653
6.365 0.00035709
6.37 0.000356527
6.375 0.000355966
6.38 0.000355407
6.385 0.000354849
6.39 0.000354292
6.395 0.000353736
6.4 0.000353182
6.405 0.000352629
6.41 0.000352077
6.415 0.000351526
6.42 0.000350977
6.425 0.000350429
6.43 0.000349883
6.435 0.000349338
6.44 0.000348793
6.445 0.000348251
6.45 0.000347709
6.455 0.000347169
6.46 0.00034663
6.465 0.000346092
6.47 0.000345556
6.475 0.000345021
6.48 0.000344487
6.485 0.000343954
6.49 0.000343422
6.495 0.000342892
6.5 0.000342363
6.505 0.000341835
6.51 0.000341309
6.515 0.000340783
6.52 0.000340259
6.525 0.000339736
6.53 0.000339214
6.535 0.000338694
6.54 0.000338174
6.545 0.000337656
6.55 0.000337139
6.555 0.000336623
6.56 0.000336109
6.565 0.000335595
6.57 0.000335083
6.575 0.000334572
6.58 0.000334062
6.585 0.000333553
6.59 0.000333046
6.595 0.000332539
6.6 0.000332034
6.605 0.00033153
6.61 0.000331027
6.615 0.000330525
6.62 0.000330024
6.625 0.000329525
6.63 0.000329026
6.635 0.000328529
6.64 0.000328033
6.645 0.000327538
6.65 0.000327044
6.655 0.000326551
6.66 0.000326059
6.665 0.000325569
6.67 0.000325079
6.675 0.000324591
6.68 0.000324103
6.685 0.000323617
6.69 0.000323132
6.695 0.000322648
6.7 0.000322165
6.705 0.000321683
6.71 0.000321203
6.715 0.000320723
6.72 0.000320244
6.725 0.000319767
6.73 0.00031929
6.735 0.000318815
6.74 0.000318341
6.745 0.000317867
6.75 0.000317395
6.755 0.000316924
6.76 0.000316454
6.765 0.000315985
6.77 0.000315517
6.775 0.00031505
6.78 0.000314584
6.785 0.000314119
6.79 0.000313655
6.795 0.000313192
6.8 0.00031273
6.805 0.000312269
6.81 0.000311809
6.815 0.000311351
6.82 0.000310893
6.825 0.000310436
6.83 0.00030998
6.835 0.000309525
6.84 0.000309072
6.845 0.000308619
6.85 0.000308167
6.855 0.000307716
6.86 0.000307267
6.865 0.000306818
6.87 0.00030637
6.875 0.000305923
6.88 0.000305477
6.885 0.000305032
6.89 0.000304588
6.895 0.000304145
6.9 0.000303703
6.905 0.000303262
6.91 0.000302822
6.915 0.000302383
6.92 0.000301945
6.925 0.000301508
6.93 0.000301072
6.935 0.000300636
6.94 0.000300202
6.945 0.000299768
6.95 0.000299336
6.955 0.000298904
6.96 0.000298474
6.965 0.000298044
6.97 0.000297615
6.975 0.000297187
6.98 0.00029676
6.985 0.000296334
6.99 0.000295909
6.995 0.000295485
7 0.000295062
7.005 0.00029464
7.01 0.000294218
7.015 0.000293798
7.02 0.000293378
7.025 0.000292959
7.03 0.000292541
7.035 0.000292124
7.04 0.000291708
7.045 0.000291293
7.05 0.000290879
7.055 0.000290465
7.06 0.000290053
7.065 0.000289641
7.07 0.00028923
7.075 0.000288821
7.08 0.000288412
7.085 0.000288003
7.09 0.000287596
7.095 0.00028719
7.1 0.000286784
7.105 0.000286379
7.11 0.000285976
7.115 0.000285573
7.12 0.00028517
7.125 0.000284769
7.13 0.000284369
7.135 0.000283969
7.14 0.00028357
7.145 0.000283172
7.15 0.000282775
7.155 0.000282379
7.16 0.000281984
7.165 0.000281589
7.17 0.000281195
7.175 0.000280802
7.18 0.00028041
7.185 0.000280019
7.19 0.000279628
7.195 0.000279239
7.2 0.00027885
7.205 0.000278462
7.21 0.000278074
7.215 0.000277688
7.22 0.000277302
7.225 0.000276918
7.23 0.000276534
7.235 0.00027615
7.24 0.000275768
7.245 0.000275386
7.25 0.000275005
7.255 0.000274625
7.26 0.000274246
7.265 0.000273868
7.27 0.00027349
7.275 0.000273113
7.28 0.000272737
7.285 0.000272362
7.29 0.000271987
7.295 0.000271613
7.3 0.00027124
7.305 0.000270868
7.31 0.000270496
7.315 0.000270126
7.32 0.000269756
7.325 0.000269386
7.33 0.000269018
7.335 0.00026865
7.34 0.000268283
7.345 0.000267917
7.35 0.000267552
7.355 0.000267187
7.36 0.000266823
7.365 0.00026646
7.37 0.000266097
7.375 0.000265736
7.38 0.000265375
7.385 0.000265014
7.39 0.000264655
7.395 0.000264296
7.4 0.000263938
7.405 0.000263581
7.41 0.000263224
7.415 0.000262868
7.42 0.000262513
7.425 0.000262158
7.43 0.000261805
7.435 0.000261452
7.44 0.000261099
7.445 0.000260748
7.45 0.000260397
7.455 0.000260047
7.46 0.000259697
7.465 0.000259348
7.47 0.000259
7.475 0.000258653
7.48 0.000258306
7.485 0.00025796
7.49 0.000257615
7.495 0.00025727
7.5 0.000256927
7.505 0.000256583
7.51 0.000256241
7.515 0.000255899
7.52 0.000255558
7.525 0.000255217
7.53 0.000254878
7.535 0.000254538
7.54 0.0002542
7.545 0.000253862
7.55 0.000253525
7.555 0.000253189
7.56 0.000252853
7.565 0.000252518
7.57 0.000252183
7.575 0.00025185
7.58 0.000251517
7.585 0.000251184
7.59 0.000250852
7.595 0.000250521
7.6 0.000250191
7.605 0.000249861
7.61 0.000249532
7.615 0.000249203
7.62 0.000248876
7.625 0.000248548
7.63 0.000248222
7.635 0.000247896
7.64 0.000247571
7.645 0.000247246
7.65 0.000246922
7.655 0.000246599
7.66 0.000246276
7.665 0.000245954
7.67 0.000245632
7.675 0.000245311
7.68 0.000244991
7.685 0.000244672
7.69 0.000244353
7.695 0.000244034
7.7 0.000243717
7.705 0.0002434
7.71 0.000243083
7.715 0.000242767
7.72 0.000242452
7.725 0.000242137
7.73 0.000241823
7.735 0.00024151
7.74 0.000241197
7.745 0.000240885
7.75 0.000240573
7.755 0.000240262
7.76 0.000239952
7.765 0.000239642
7.77 0.000239333
7.775 0.000239024
7.78 0.000238716
7.785 0.000238409
7.79 0.000238102
7.795 0.000237796
7.8 0.00023749
7.805 0.000237185
7.81 0.000236881
7.815 0.000236577
7.82 0.000236274
7.825 0.000235971
7.83 0.000235669
7.835 0.000235368
7.84 0.000235067
7.845 0.000234766
7.85 0.000234466
7.855 0.000234167
7.86 0.000233869
7.865 0.000233571
7.87 0.000233273
7.875 0.000232976
7.88 0.00023268
7.885 0.000232384
7.89 0.000232089
7.895 0.000231794
7.9 0.0002315
7.905 0.000231206
7.91 0.000230913
7.915 0.000230621
7.92 0.000230329
7.925 0.000230038
7.93 0.000229747
7.935 0.000229457
7.94 0.000229167
7.945 0.000228878
7.95 0.000228589
7.955 0.000228301
7.96 0.000228014
7.965 0.000227727
7.97 0.00022744
7.975 0.000227154
7.98 0.000226869
7.985 0.000226584
7.99 0.0002263
7.995 0.000226016
8 0.000225733
8.005 0.00022545
8.01 0.000225168
8.015 0.000224887
8.02 0.000224606
8.025 0.000224325
8.03 0.000224045
8.035 0.000223766
8.04 0.000223487
8.045 0.000223208
8.05 0.00022293
8.055 0.000222653
8.06 0.000222376
8.065 0.0002221
8.07 0.000221824
8.075 0.000221548
8.08 0.000221273
8.085 0.000220999
8.09 0.000220725
8.095 0.000220452
8.1 0.000220179
8.105 0.000219907
8.11 0.000219635
8.115 0.000219364
8.12 0.000219093
8.125 0.000218823
8.13 0.000218553
8.135 0.000218284
8.14 0.000218015
8.145 0.000217747
8.15 0.000217479
8.155 0.000217211
8.16 0.000216945
8.165 0.000216678
8.17 0.000216412
8.175 0.000216147
8.18 0.000215882
8.185 0.000215618
8.19 0.000215354
8.195 0.000215091
8.2 0.000214828
8.205 0.000214565
8.21 0.000214303
8.215 0.000214042
8.22 0.000213781
8.225 0.00021352
8.23 0.00021326
8.235 0.000213001
8.24 0.000212742
8.245 0.000212483
8.25 0.000212225
8.255 0.000211967
8.26 0.00021171
8.265 0.000211453
8.27 0.000211197
8.275 0.000210941
8.28 0.000210686
8.285 0.000210431
8.29 0.000210176
8.295 0.000209922
8.3 0.000209669
8.305 0.000209416
8.31 0.000209163
8.315 0.000208911
8.32 0.00020866
8.325 0.000208408
8.33 0.000208158
8.335 0.000207907
8.34 0.000207657
8.345 0.000207408
8.35 0.000207159
8.355 0.000206911
8.36 0.000206662
8.365 0.000206415
8.37 0.000206168
8.375 0.000205921
8.38 0.000205675
8.385 0.000205429
8.39 0.000205183
8.395 0.000204938
8.4 0.000204694
8.405 0.00020445
8.41 0.000204206
8.415 0.000203963
8.42 0.00020372
8.425 0.000203478
8.43 0.000203236
8.435 0.000202994
8.44 0.000202753
8.445 0.000202513
8.45 0.000202272
8.455 0.000202033
8.46 0.000201793
8.465 0.000201554
8.47 0.000201316
8.475 0.000201078
8.48 0.00020084
8.485 0.000200603
8.49 0.000200366
8.495 0.00020013
8.5 0.000199894
8.505 0.000199658
8.51 0.000199423
8.515 0.000199188
8.52 0.000198954
8.525 0.00019872
8.53 0.000198487
8.535 0.000198254
8.54 0.000198021
8.545 0.000197789
8.55 0.000197557
8.555 0.000197325
8.56 0.000197094
8.565 0.000196864
8.57 0.000196633
8.575 0.000196404
8.58 0.000196174
8.585 0.000195945
8.59 0.000195717
8.595 0.000195488
8.6 0.00019526
8.605 0.000195033
8.61 0.000194806
8.615 0.000194579
8.62 0.000194353
8.625 0.000194127
8.63 0.000193902
8.635 0.000193677
8.64 0.000193452
8.645 0.000193228
8.65 0.000193004
8.655 0.000192781
8.66 0.000192557
8.665 0.000192335
8.67 0.000192112
8.675 0.00019189
8.68 0.000191669
8.685 0.000191448
8.69 0.000191227
8.695 0.000191006
8.7 0.000190786
8.705 0.000190567
8.71 0.000190348
8.715 0.000190129
8.72 0.00018991
8.725 0.000189692
8.73 0.000189474
8.735 0.000189257
8.74 0.00018904
8.745 0.000188823
8.75 0.000188607
8.755 0.000188391
8.76 0.000188175
8.765 0.00018796
8.77 0.000187746
8.775 0.000187531
8.78 0.000187317
8.785 0.000187103
8.79 0.00018689
8.795 0.000186677
8.8 0.000186464
8.805 0.000186252
8.81 0.00018604
8.815 0.000185829
8.82 0.000185618
8.825 0.000185407
8.83 0.000185196
8.835 0.000184986
8.84 0.000184777
8.845 0.000184567
8.85 0.000184358
8.855 0.00018415
8.86 0.000183941
8.865 0.000183733
8.87 0.000183526
8.875 0.000183319
8.88 0.000183112
8.885 0.000182905
8.89 0.000182699
8.895 0.000182493
8.9 0.000182288
8.905 0.000182083
8.91 0.000181878
8.915 0.000181673
8.92 0.000181469
8.925 0.000181265
8.93 0.000181062
8.935 0.000180859
8.94 0.000180656
8.945 0.000180454
8.95 0.000180252
8.955 0.00018005
8.96 0.000179849
8.965 0.000179648
8.97 0.000179447
8.975 0.000179247
8.98 0.000179046
8.985 0.000178847
8.99 0.000178647
8.995 0.000178448
9 0.00017825
9.005 0.000178051
9.01 0.000177853
9.015 0.000177656
9.02 0.000177458
9.025 0.000177261
9.03 0.000177064
9.035 0.000176868
9.04 0.000176672
9.045 0.000176476
9.05 0.000176281
9.055 0.000176086
9.06 0.000175891
9.065 0.000175696
9.07 0.000175502
9.075 0.000175309
9.08 0.000175115
9.085 0.000174922
9.09 0.000174729
9.095 0.000174537
9.1 0.000174344
9.105 0.000174152
9.11 0.000173961
9.115 0.00017377
9.12 0.000173579
9.125 0.000173388
9.13 0.000173198
9.135 0.000173008
9.14 0.000172818
9.145 0.000172629
9.15 0.00017244
9.155 0.000172251
9.16 0.000172062
9.165 0.000171874
9.17 0.000171687
9.175 0.000171499
9.18 0.000171312
9.185 0.000171125
9.19 0.000170938
9.195 0.000170752
9.2 0.000170566
9.205 0.00017038
9.21 0.000170195
9.215 0.00017001
9.22 0.000169825
9.225 0.000169641
9.23 0.000169456
9.235 0.000169273
9.24 0.000169089
9.245 0.000168906
9.25 0.000168723
9.255 0.00016854
9.26 0.000168358
9.265 0.000168176
9.27 0.000167994
9.275 0.000167812
9.28 0.000167631
9.285 0.00016745
9.29 0.00016727
9.295 0.000167089
9.3 0.000166909
9.305 0.000166729
9.31 0.00016655
9.315 0.000166371
9.32 0.000166192
9.325 0.000166013
9.33 0.000165835
9.335 0.000165657
9.34 0.000165479
9.345 0.000165302
9.35 0.000165125
9.355 0.000164948
9.36 0.000164771
9.365 0.000164595
9.37 0.000164419
9.375 0.000164243
9.38 0.000164068
9.385 0.000163892
9.39 0.000163718
9.395 0.000163543
9.4 0.000163369
9.405 0.000163195
9.41 0.000163021
9.415 0.000162847
9.42 0.000162674
9.425 0.000162501
9.43 0.000162328
9.435 0.000162156
9.44 0.000161984
9.445 0.000161812
9.45 0.00016164
9.455 0.000161469
9.46 0.000161298
9.465 0.000161127
9.47 0.000160957
9.475 0.000160787
9.48 0.000160617
9.485 0.000160447
9.49 0.000160278
9.495 0.000160108
9.5 0.00015994
9.505 0.000159771
9.51 0.000159603
9.515 0.000159435
9.52 0.000159267
9.525 0.000159099
9.53 0.000158932
9.535 0.000158765
9.54 0.000158598
9.545 0.000158432
9.55 0.000158265
9.555 0.000158099
9.56 0.000157934
9.565 0.000157768
9.57 0.000157603
9.575 0.000157438
9.58 0.000157273
9.585 0.000157109
9.59 0.000156945
9.595 0.000156781
9.6 0.000156617
9.605 0.000156454
9.61 0.000156291
9.615 0.000156128
9.62 0.000155965
9.625 0.000155803
9.63 0.000155641
9.635 0.000155479
9.64 0.000155317
9.645 0.000155156
9.65 0.000154995
9.655 0.000154834
9.66 0.000154674
9.665 0.000154513
9.67 0.000154353
9.675 0.000154193
9.68 0.000154034
9.685 0.000153874
9.69 0.000153715
9.695 0.000153556
9.7 0.000153398
9.705 0.000153239
9.71 0.000153081
9.715 0.000152923
9.72 0.000152766
9.725 0.000152608
9.73 0.000152451
9.735 0.000152294
9.74 0.000152137
9.745 0.000151981
9.75 0.000151825
9.755 0.000151669
9.76 0.000151513
9.765 0.000151358
9.77 0.000151202
9.775 0.000151048
9.78 0.000150893
9.785 0.000150738
9.79 0.000150584
9.795 0.00015043
9.8 0.000150276
9.805 0.000150123
9.81 0.000149969
9.815 0.000149816
9.82 0.000149663
9.825 0.000149511
9.83 0.000149358
9.835 0.000149206
9.84 0.000149054
9.845 0.000148902
9.85 0.000148751
9.855 0.0001486
9.86 0.000148449
9.865 0.000148298
9.87 0.000148147
9.875 0.000147997
9.88 0.000147847
9.885 0.000147697
9.89 0.000147548
9.895 0.000147398
9.9 0.000147249
9.905 0.0001471
9.91 0.000146951
9.915 0.000146803
9.92 0.000146654
9.925 0.000146506
9.93 0.000146359
9.935 0.000146211
9.94 0.000146064
9.945 0.000145916
9.95 0.00014577
9.955 0.000145623
9.96 0.000145476
9.965 0.00014533
9.97 0.000145184
9.975 0.000145038
9.98 0.000144893
9.985 0.000144747
9.99 0.000144602
9.995 0.000144457
