0 -nan
0.005 0.0484821
0.01 0.0812909
0.015 0.345109
0.02 0.420179
0.025 0.0805585
0.03 0.826134
0.035 0.817528
0.04 0.401841
0.045 0.132386
0.05 0.0877557
0.055 0.178605
0.06 0.31808
0.065 0.455772
0.07 0.569772
0.075 0.654241
0.08 0.710856
0.085 0.744095
0.09 0.758949
0.095 0.759961
0.1 0.750905
0.105 0.734772
0.11 0.713858
0.115 0.689885
0.12 0.664132
0.125 0.637525
0.13 0.610732
0.135 0.584223
0.14 0.558322
0.145 0.533245
0.15 0.509128
0.155 0.48605
0.16 0.46405
0.165 0.443135
0.17 0.423293
0.175 0.404496
0.18 0.386708
0.185 0.369887
0.19 0.353987
0.195 0.33896
0.2 0.324759
0.205 0.311337
0.21 0.298648
0.215 0.286649
0.22 0.275298
0.225 0.264555
0.23 0.254383
0.235 0.244745
0.24 0.23561
0.245 0.226945
0.25 0.218722
0.255 0.210913
0.26 0.203494
0.265 0.19644
0.27 0.189729
0.275 0.183342
0.28 0.177257
0.285 0.171459
0.29 0.165929
0.295 0.160652
0.3 0.155615
0.305 0.150802
0.31 0.146202
0.315 0.141803
0.32 0.137593
0.325 0.133562
0.33 0.129701
0.335 0.126001
0.34 0.122452
0.345 0.119048
0.35 0.11578
0.355 0.112641
0.36 0.109626
0.365 0.106727
0.37 0.103939
0.375 0.101257
0.38 0.098675
0.385 0.0961886
0.39 0.0937933
0.395 0.0914847
0.4 0.0892587
0.405 0.0871116
0.41 0.0850397
0.415 0.0830396
0.42 0.081108
0.425 0.0792421
0.43 0.0774387
0.435 0.0756954
0.44 0.0740093
0.445 0.0723782
0.45 0.0707996
0.455 0.0692714
0.46 0.0677915
0.465 0.066358
0.47 0.0649688
0.475 0.0636222
0.48 0.0623166
0.485 0.0610502
0.49 0.0598217
0.495 0.0586294
0.5 0.057472
0.505 0.0563482
0.51 0.0552566
0.515 0.0541962
0.52 0.0531656
0.525 0.0521639
0.53 0.0511899
0.535 0.0502427
0.54 0.0493213
0.545 0.0484248
0.55 0.0475523
0.555 0.0467029
0.56 0.0458759
0.565 0.0450705
0.57 0.0442859
0.575 0.0435214
0.58 0.0427765
0.585 0.0420503
0.59 0.0413423
0.595 0.0406519
0.6 0.0399785
0.605 0.0393216
0.61 0.0386806
0.615 0.0380551
0.62 0.0374445
0.625 0.0368484
0.63 0.0362663
0.635 0.0356978
0.64 0.0351424
0.645 0.0345999
0.65 0.0340697
0.655 0.0335515
0.66 0.033045
0.665 0.0325498
0.67 0.0320656
0.675 0.0315921
0.68 0.0311289
0.685 0.0306757
0.69 0.0302323
0.695 0.0297985
0.7 0.0293738
0.705 0.0289581
0.71 0.0285511
0.715 0.0281526
0.72 0.0277623
0.725 0.02738
0.73 0.0270056
0.735 0.0266387
0.74 0.0262792
0.745 0.0259269
0.75 0.0255816
0.755 0.0252432
0.76 0.0249113
0.765 0.024586
0.77 0.0242669
0.775 0.023954
0.78 0.0236471
0.785 0.023346
0.79 0.0230506
0.795 0.0227607
0.8 0.0224763
0.805 0.0221971
0.81 0.0219231
0.815 0.0216541
0.82 0.02139
0.825 0.0211307
0.83 0.020876
0.835 0.020626
0.84 0.0203803
0.845 0.020139
0.85 0.019902
0.855 0.0196691
0.86 0.0194402
0.865 0.0192153
0.87 0.0189943
0.875 0.018777
0.88 0.0185635
0.885 0.0183535
0.89 0.0181471
0.895 0.0179441
0.9 0.0177445
0.905 0.0175482
0.91 0.0173551
0.915 0.0171652
0.92 0.0169784
0.925 0.0167946
0.93 0.0166138
0.935 0.0164358
0.94 0.0162607
0.945 0.0160884
0.95 0.0159188
0.955 0.0157518
0.96 0.0155875
0.965 0.0154257
0.97 0.0152664
0.975 0.0151095
0.98 0.0149551
0.985 0.014803
0.99 0.0146532
0.995 0.0145056
1 0.0143603
1.005 0.0142171
1.01 0.0140761
1.015 0.0139371
1.02 0.0138002
1.025 0.0136653
1.03 0.0135323
1.035 0.0134013
1.04 0.0132722
1.045 0.0131449
1.05 0.0130194
1.055 0.0128957
1.06 0.0127738
1.065 0.0126536
1.07 0.0125351
1.075 0.0124182
1.08 0.0123029
1.085 0.0121893
1.09 0.0120772
1.095 0.0119666
1.1 0.0118576
1.105 0.01175
1.11 0.0116439
1.115 0.0115392
1.12 0.0114359
1.125 0.011334
1.13 0.0112334
1.135 0.0111342
1.14 0.0110363
1.145 0.0109396
1.15 0.0108443
1.155 0.0107501
1.16 0.0106572
1.165 0.0105655
1.17 0.0104749
1.175 0.0103855
1.18 0.0102973
1.185 0.0102102
1.19 0.0101241
1.195 0.0100392
1.2 0.00995528
1.205 0.00987244
1.21 0.00979062
1.215 0.00970981
1.22 0.00963
1.225 0.00955116
1.23 0.00947329
1.235 0.00939637
1.24 0.00932037
1.245 0.0092453
1.25 0.00917112
1.255 0.00909783
1.26 0.00902542
1.265 0.00895386
1.27 0.00888316
1.275 0.00881328
1.28 0.00874422
1.285 0.00867598
1.29 0.00860852
1.295 0.00854185
1.3 0.00847595
1.305 0.0084108
1.31 0.00834641
1.315 0.00828275
1.32 0.00821981
1.325 0.00815759
1.33 0.00809607
1.335 0.00803524
1.34 0.0079751
1.345 0.00791562
1.35 0.00785681
1.355 0.00779865
1.36 0.00774113
1.365 0.00768425
1.37 0.00762799
1.375 0.00757234
1.38 0.0075173
1.385 0.00746286
1.39 0.007409
1.395 0.00735573
1.4 0.00730302
1.405 0.00725088
1.41 0.0071993
1.415 0.00714826
1.42 0.00709777
1.425 0.0070478
1.43 0.00699837
1.435 0.00694944
1.44 0.00690103
1.445 0.00685313
1.45 0.00680572
1.455 0.0067588
1.46 0.00671236
1.465 0.0066664
1.47 0.0066209
1.475 0.00657588
1.48 0.0065313
1.485 0.00648718
1.49 0.00644351
1.495 0.00640027
1.5 0.00635747
1.505 0.0063151
1.51 0.00627314
1.515 0.0062316
1.52 0.00619048
1.525 0.00614976
1.53 0.00610944
1.535 0.00606951
1.54 0.00602997
1.545 0.00599082
1.55 0.00595205
1.555 0.00591365
1.56 0.00587562
1.565 0.00583796
1.57 0.00580066
1.575 0.00576371
1.58 0.00572711
1.585 0.00569087
1.59 0.00565496
1.595 0.0056194
1.6 0.00558416
1.605 0.00554926
1.61 0.00551468
1.615 0.00548043
1.62 0.00544649
1.625 0.00541287
1.63 0.00537956
1.635 0.00534655
1.64 0.00531384
1.645 0.00528144
1.65 0.00524933
1.655 0.00521751
1.66 0.00518598
1.665 0.00515473
1.67 0.00512377
1.675 0.00509308
1.68 0.00506267
1.685 0.00503253
1.69 0.00500266
1.695 0.00497305
1.7 0.0049437
1.705 0.00491462
1.71 0.00488579
1.715 0.00485721
1.72 0.00482888
1.725 0.0048008
1.73 0.00477296
1.735 0.00474536
1.74 0.004718
1.745 0.00469088
1.75 0.00466399
1.755 0.00463733
1.76 0.0046109
1.765 0.00458469
1.77 0.00455871
1.775 0.00453295
1.78 0.0045074
1.785 0.00448207
1.79 0.00445695
1.795 0.00443204
1.8 0.00440734
1.805 0.00438285
1.81 0.00435856
1.815 0.00433447
1.82 0.00431058
1.825 0.00428688
1.83 0.00426339
1.835 0.00424008
1.84 0.00421696
1.845 0.00419404
1.85 0.00417129
1.855 0.00414874
1.86 0.00412636
1.865 0.00410417
1.87 0.00408215
1.875 0.00406031
1.88 0.00403865
1.885 0.00401716
1.89 0.00399584
1.895 0.00397468
1.9 0.0039537
1.905 0.00393288
1.91 0.00391223
1.915 0.00389173
1.92 0.0038714
1.925 0.00385123
1.93 0.00383121
1.935 0.00381135
1.94 0.00379164
1.945 0.00377209
1.95 0.00375268
1.955 0.00373343
1.96 0.00371432
1.965 0.00369536
1.97 0.00367655
1.975 0.00365787
1.98 0.00363934
1.985 0.00362095
1.99 0.0036027
1.995 0.00358459
2 0.00356661
2.005 0.00354877
2.01 0.00353106
2.015 0.00351348
2.02 0.00349603
2.025 0.00347872
2.03 0.00346153
2.035 0.00344447
2.04 0.00342753
2.045 0.00341072
2.05 0.00339403
2.055 0.00337746
2.06 0.00336102
2.065 0.00334469
2.07 0.00332849
2.075 0.0033124
2.08 0.00329642
2.085 0.00328057
2.09 0.00326482
2.095 0.00324919
2.1 0.00323367
2.105 0.00321826
2.11 0.00320297
2.115 0.00318778
2.12 0.00317269
2.125 0.00315772
2.13 0.00314285
2.135 0.00312809
2.14 0.00311342
2.145 0.00309887
2.15 0.00308441
2.155 0.00307005
2.16 0.0030558
2.165 0.00304164
2.17 0.00302758
2.175 0.00301362
2.18 0.00299976
2.185 0.00298599
2.19 0.00297231
2.195 0.00295873
2.2 0.00294524
2.205 0.00293185
2.21 0.00291854
2.215 0.00290533
2.22 0.0028922
2.225 0.00287916
2.23 0.00286621
2.235 0.00285335
2.24 0.00284058
2.245 0.00282789
2.25 0.00281528
2.255 0.00280276
2.26 0.00279032
2.265 0.00277797
2.27 0.00276569
2.275 0.0027535
2.28 0.00274139
2.285 0.00272936
2.29 0.0027174
2.295 0.00270553
2.3 0.00269373
2.305 0.00268201
2.31 0.00267037
2.315 0.0026588
2.32 0.00264731
2.325 0.00263589
2.33 0.00262454
2.335 0.00261327
2.34 0.00260207
2.345 0.00259094
2.35 0.00257988
2.355 0.0025689
2.36 0.00255798
2.365 0.00254713
2.37 0.00253636
2.375 0.00252565
2.38 0.002515
2.385 0.00250443
2.39 0.00249392
2.395 0.00248348
2.4 0.0024731
2.405 0.00246279
2.41 0.00245254
2.415 0.00244236
2.42 0.00243223
2.425 0.00242218
2.43 0.00241218
2.435 0.00240225
2.44 0.00239237
2.445 0.00238256
2.45 0.00237281
2.455 0.00236312
2.46 0.00235348
2.465 0.00234391
2.47 0.00233439
2.475 0.00232493
2.48 0.00231553
2.485 0.00230619
2.49 0.0022969
2.495 0.00228767
2.5 0.00227849
2.505 0.00226937
2.51 0.00226031
2.515 0.00225129
2.52 0.00224233
2.525 0.00223343
2.53 0.00222458
2.535 0.00221578
2.54 0.00220703
2.545 0.00219833
2.55 0.00218969
2.555 0.0021811
2.56 0.00217255
2.565 0.00216406
2.57 0.00215562
2.575 0.00214722
2.58 0.00213888
2.585 0.00213058
2.59 0.00212233
2.595 0.00211413
2.6 0.00210598
2.605 0.00209787
2.61 0.00208981
2.615 0.0020818
2.62 0.00207383
2.625 0.00206591
2.63 0.00205803
2.635 0.0020502
2.64 0.00204241
2.645 0.00203467
2.65 0.00202697
2.655 0.00201932
2.66 0.0020117
2.665 0.00200413
2.67 0.00199661
2.675 0.00198912
2.68 0.00198168
2.685 0.00197428
2.69 0.00196692
2.695 0.00195961
2.7 0.00195233
2.705 0.00194509
2.71 0.00193789
2.715 0.00193074
2.72 0.00192362
2.725 0.00191654
2.73 0.0019095
2.735 0.0019025
2.74 0.00189554
2.745 0.00188862
2.75 0.00188173
2.755 0.00187488
2.76 0.00186807
2.765 0.0018613
2.77 0.00185456
2.775 0.00184786
2.78 0.0018412
2.785 0.00183457
2.79 0.00182798
2.795 0.00182142
2.8 0.0018149
2.805 0.00180841
2.81 0.00180196
2.815 0.00179554
2.82 0.00178915
2.825 0.0017828
2.83 0.00177649
2.835 0.00177021
2.84 0.00176396
2.845 0.00175774
2.85 0.00175156
2.855 0.00174541
2.86 0.00173929
2.865 0.0017332
2.87 0.00172715
2.875 0.00172112
2.88 0.00171513
2.885 0.00170917
2.89 0.00170324
2.895 0.00169734
2.9 0.00169148
2.905 0.00168564
2.91 0.00167983
2.915 0.00167405
2.92 0.00166831
2.925 0.00166259
2.93 0.0016569
2.935 0.00165124
2.94 0.00164561
2.945 0.00164001
2.95 0.00163443
2.955 0.00162889
2.96 0.00162337
2.965 0.00161788
2.97 0.00161242
2.975 0.00160699
2.98 0.00160158
2.985 0.0015962
2.99 0.00159085
2.995 0.00158553
3 0.00158023
3.005 0.00157496
3.01 0.00156971
3.015 0.00156449
3.02 0.0015593
3.025 0.00155413
3.03 0.00154899
3.035 0.00154387
3.04 0.00153878
3.045 0.00153371
3.05 0.00152867
3.055 0.00152366
3.06 0.00151867
3.065 0.0015137
3.07 0.00150876
3.075 0.00150384
3.08 0.00149894
3.085 0.00149407
3.09 0.00148922
3.095 0.0014844
3.1 0.0014796
3.105 0.00147482
3.11 0.00147007
3.115 0.00146534
3.12 0.00146063
3.125 0.00145595
3.13 0.00145128
3.135 0.00144664
3.14 0.00144202
3.145 0.00143743
3.15 0.00143285
3.155 0.0014283
3.16 0.00142377
3.165 0.00141926
3.17 0.00141477
3.175 0.0014103
3.18 0.00140586
3.185 0.00140143
3.19 0.00139703
3.195 0.00139265
3.2 0.00138829
3.205 0.00138394
3.21 0.00137962
3.215 0.00137532
3.22 0.00137104
3.225 0.00136678
3.23 0.00136254
3.235 0.00135831
3.24 0.00135411
3.245 0.00134993
3.25 0.00134576
3.255 0.00134162
3.26 0.0013375
3.265 0.00133339
3.27 0.0013293
3.275 0.00132523
3.28 0.00132118
3.285 0.00131715
3.29 0.00131314
3.295 0.00130914
3.3 0.00130517
3.305 0.00130121
3.31 0.00129727
3.315 0.00129335
3.32 0.00128944
3.325 0.00128555
3.33 0.00128169
3.335 0.00127783
3.34 0.001274
3.345 0.00127018
3.35 0.00126638
3.355 0.0012626
3.36 0.00125883
3.365 0.00125508
3.37 0.00125135
3.375 0.00124763
3.38 0.00124393
3.385 0.00124025
3.39 0.00123658
3.395 0.00123293
3.4 0.0012293
3.405 0.00122568
3.41 0.00122207
3.415 0.00121849
3.42 0.00121492
3.425 0.00121136
3.43 0.00120782
3.435 0.0012043
3.44 0.00120079
3.445 0.00119729
3.45 0.00119382
3.455 0.00119035
3.46 0.0011869
3.465 0.00118347
3.47 0.00118005
3.475 0.00117665
3.48 0.00117326
3.485 0.00116989
3.49 0.00116653
3.495 0.00116318
3.5 0.00115985
3.505 0.00115653
3.51 0.00115323
3.515 0.00114994
3.52 0.00114667
3.525 0.00114341
3.53 0.00114016
3.535 0.00113693
3.54 0.00113371
3.545 0.00113051
3.55 0.00112731
3.555 0.00112414
3.56 0.00112097
3.565 0.00111782
3.57 0.00111468
3.575 0.00111156
3.58 0.00110844
3.585 0.00110535
3.59 0.00110226
3.595 0.00109919
3.6 0.00109613
3.605 0.00109308
3.61 0.00109005
3.615 0.00108702
3.62 0.00108401
3.625 0.00108102
3.63 0.00107803
3.635 0.00107506
3.64 0.0010721
3.645 0.00106915
3.65 0.00106622
3.655 0.00106329
3.66 0.00106038
3.665 0.00105748
3.67 0.00105459
3.675 0.00105172
3.68 0.00104885
3.685 0.001046
3.69 0.00104316
3.695 0.00104033
3.7 0.00103751
3.705 0.00103471
3.71 0.00103191
3.715 0.00102913
3.72 0.00102636
3.725 0.00102359
3.73 0.00102084
3.735 0.00101811
3.74 0.00101538
3.745 0.00101266
3.75 0.00100995
3.755 0.00100726
3.76 0.00100457
3.765 0.0010019
3.77 0.000999237
3.775 0.000996584
3.78 0.000993942
3.785 0.00099131
3.79 0.000988689
3.795 0.000986078
3.8 0.000983478
3.805 0.000980887
3.81 0.000978307
3.815 0.000975738
3.82 0.000973178
3.825 0.000970628
3.83 0.000968088
3.835 0.000965559
3.84 0.000963039
3.845 0.000960529
3.85 0.000958029
3.855 0.000955538
3.86 0.000953058
3.865 0.000950587
3.87 0.000948125
3.875 0.000945673
3.88 0.000943231
3.885 0.000940798
3.89 0.000938374
3.895 0.00093596
3.9 0.000933555
3.905 0.000931159
3.91 0.000928773
3.915 0.000926396
3.92 0.000924027
3.925 0.000921668
3.93 0.000919318
3.935 0.000916977
3.94 0.000914645
3.945 0.000912322
3.95 0.000910007
3.955 0.000907701
3.96 0.000905404
3.965 0.000903116
3.97 0.000900837
3.975 0.000898566
3.98 0.000896303
3.985 0.00089405
3.99 0.000891804
3.995 0.000889567
4 0.000887339
4.005 0.000885119
4.01 0.000882907
4.015 0.000880703
4.02 0.000878508
4.025 0.000876321
4.03 0.000874142
4.035 0.000871971
4.04 0.000869808
4.045 0.000867654
4.05 0.000865507
4.055 0.000863368
4.06 0.000861237
4.065 0.000859114
4.07 0.000856999
4.075 0.000854892
4.08 0.000852792
4.085 0.000850701
4.09 0.000848616
4.095 0.00084654
4.1 0.000844471
4.105 0.00084241
4.11 0.000840356
4.115 0.00083831
4.12 0.000836271
4.125 0.000834239
4.13 0.000832215
4.135 0.000830199
4.14 0.000828189
4.145 0.000826187
4.15 0.000824192
4.155 0.000822205
4.16 0.000820224
4.165 0.000818251
4.17 0.000816285
4.175 0.000814326
4.18 0.000812374
4.185 0.000810429
4.19 0.000808491
4.195 0.00080656
4.2 0.000804636
4.205 0.000802718
4.21 0.000800808
4.215 0.000798904
4.22 0.000797007
4.225 0.000795117
4.23 0.000793234
4.235 0.000791357
4.24 0.000789487
4.245 0.000787623
4.25 0.000785767
4.255 0.000783916
4.26 0.000782072
4.265 0.000780235
4.27 0.000778404
4.275 0.00077658
4.28 0.000774762
4.285 0.00077295
4.29 0.000771145
4.295 0.000769346
4.3 0.000767553
4.305 0.000765767
4.31 0.000763987
4.315 0.000762213
4.32 0.000760445
4.325 0.000758683
4.33 0.000756928
4.335 0.000755178
4.34 0.000753435
4.345 0.000751698
4.35 0.000749966
4.355 0.000748241
4.36 0.000746521
4.365 0.000744808
4.37 0.0007431
4.375 0.000741398
4.38 0.000739702
4.385 0.000738012
4.39 0.000736328
4.395 0.000734649
4.4 0.000732977
4.405 0.000731309
4.41 0.000729648
4.415 0.000727992
4.42 0.000726342
4.425 0.000724697
4.43 0.000723058
4.435 0.000721425
4.44 0.000719797
4.445 0.000718175
4.45 0.000716558
4.455 0.000714946
4.46 0.00071334
4.465 0.000711739
4.47 0.000710144
4.475 0.000708554
4.48 0.00070697
4.485 0.00070539
4.49 0.000703816
4.495 0.000702248
4.5 0.000700684
4.505 0.000699126
4.51 0.000697573
4.515 0.000696025
4.52 0.000694482
4.525 0.000692945
4.53 0.000691412
4.535 0.000689885
4.54 0.000688362
4.545 0.000686845
4.55 0.000685332
4.555 0.000683825
4.56 0.000682323
4.565 0.000680825
4.57 0.000679333
4.575 0.000677845
4.58 0.000676362
4.585 0.000674884
4.59 0.000673411
4.595 0.000671943
4.6 0.00067048
4.605 0.000669021
4.61 0.000667567
4.615 0.000666118
4.62 0.000664673
4.625 0.000663234
4.63 0.000661798
4.635 0.000660368
4.64 0.000658942
4.645 0.000657521
4.65 0.000656104
4.655 0.000654692
4.66 0.000653285
4.665 0.000651882
4.67 0.000650483
4.675 0.000649089
4.68 0.0006477
4.685 0.000646315
4.69 0.000644934
4.695 0.000643558
4.7 0.000642186
4.705 0.000640819
4.71 0.000639456
4.715 0.000638097
4.72 0.000636743
4.725 0.000635393
4.73 0.000634047
4.735 0.000632706
4.74 0.000631368
4.745 0.000630035
4.75 0.000628707
4.755 0.000627382
4.76 0.000626062
4.765 0.000624745
4.77 0.000623433
4.775 0.000622125
4.78 0.000620822
4.785 0.000619522
4.79 0.000618226
4.795 0.000616935
4.8 0.000615647
4.805 0.000614363
4.81 0.000613084
4.815 0.000611808
4.82 0.000610537
4.825 0.000609269
4.83 0.000608005
4.835 0.000606746
4.84 0.00060549
4.845 0.000604238
4.85 0.00060299
4.855 0.000601746
4.86 0.000600505
4.865 0.000599269
4.87 0.000598036
4.875 0.000596807
4.88 0.000595582
4.885 0.000594361
4.89 0.000593143
4.895 0.000591929
4.9 0.000590719
4.905 0.000589513
4.91 0.00058831
4.915 0.000587111
4.92 0.000585915
4.925 0.000584724
4.93 0.000583536
4.935 0.000582351
4.94 0.00058117
4.945 0.000579993
4.95 0.000578819
4.955 0.000577649
4.96 0.000576482
4.965 0.000575319
4.97 0.000574159
4.975 0.000573003
4.98 0.000571851
4.985 0.000570702
4.99 0.000569556
4.995 0.000568414
5 0.000567275
5.005 0.00056614
5.01 0.000565008
5.015 0.000563879
5.02 0.000562754
5.025 0.000561632
5.03 0.000560514
5.035 0.000559398
5.04 0.000558287
5.045 0.000557178
5.05 0.000556073
5.055 0.000554971
5.06 0.000553872
5.065 0.000552777
5.07 0.000551685
5.075 0.000550596
5.08 0.00054951
5.085 0.000548428
5.09 0.000547348
5.095 0.000546272
5.1 0.000545199
5.105 0.000544129
5.11 0.000543063
5.115 0.000541999
5.12 0.000540939
5.125 0.000539882
5.13 0.000538827
5.135 0.000537776
5.14 0.000536728
5.145 0.000535683
5.15 0.000534641
5.155 0.000533602
5.16 0.000532567
5.165 0.000531534
5.17 0.000530504
5.175 0.000529477
5.18 0.000528453
5.185 0.000527432
5.19 0.000526414
5.195 0.000525399
5.2 0.000524387
5.205 0.000523378
5.21 0.000522372
5.215 0.000521368
5.22 0.000520368
5.225 0.00051937
5.23 0.000518376
5.235 0.000517384
5.24 0.000516395
5.245 0.000515409
5.25 0.000514425
5.255 0.000513445
5.26 0.000512467
5.265 0.000511492
5.27 0.00051052
5.275 0.00050955
5.28 0.000508584
5.285 0.00050762
5.29 0.000506659
5.295 0.0005057
5.3 0.000504745
5.305 0.000503792
5.31 0.000502841
5.315 0.000501894
5.32 0.000500949
5.325 0.000500006
5.33 0.000499067
5.335 0.00049813
5.34 0.000497195
5.345 0.000496264
5.35 0.000495334
5.355 0.000494408
5.36 0.000493484
5.365 0.000492563
5.37 0.000491644
5.375 0.000490728
5.38 0.000489814
5.385 0.000488903
5.39 0.000487995
5.395 0.000487089
5.4 0.000486185
5.405 0.000485284
5.41 0.000484386
5.415 0.00048349
5.42 0.000482596
5.425 0.000481705
5.43 0.000480817
5.435 0.00047993
5.44 0.000479047
5.445 0.000478166
5.45 0.000477287
5.455 0.00047641
5.46 0.000475537
5.465 0.000474665
5.47 0.000473796
5.475 0.000472929
5.48 0.000472065
5.485 0.000471203
5.49 0.000470343
5.495 0.000469486
5.5 0.000468631
5.505 0.000467778
5.51 0.000466928
5.515 0.00046608
5.52 0.000465234
5.525 0.000464391
5.53 0.000463549
5.535 0.000462711
5.54 0.000461874
5.545 0.00046104
5.55 0.000460208
5.555 0.000459378
5.56 0.000458551
5.565 0.000457725
5.57 0.000456902
5.575 0.000456081
5.58 0.000455263
5.585 0.000454446
5.59 0.000453632
5.595 0.00045282
5.6 0.00045201
5.605 0.000451202
5.61 0.000450397
5.615 0.000449593
5.62 0.000448792
5.625 0.000447993
5.63 0.000447196
5.635 0.000446401
5.64 0.000445608
5.645 0.000444818
5.65 0.000444029
5.655 0.000443243
5.66 0.000442459
5.665 0.000441676
5.67 0.000440896
5.675 0.000440118
5.68 0.000439342
5.685 0.000438568
5.69 0.000437796
5.695 0.000437026
5.7 0.000436258
5.705 0.000435492
5.71 0.000434728
5.715 0.000433966
5.72 0.000433207
5.725 0.000432449
5.73 0.000431693
5.735 0.000430939
5.74 0.000430187
5.745 0.000429437
5.75 0.000428689
5.755 0.000427943
5.76 0.000427199
5.765 0.000426457
5.77 0.000425717
5.775 0.000424978
5.78 0.000424242
5.785 0.000423507
5.79 0.000422775
5.795 0.000422044
5.8 0.000421315
5.805 0.000420588
5.81 0.000419863
5.815 0.00041914
5.82 0.000418419
5.825 0.0004177
5.83 0.000416982
5.835 0.000416266
5.84 0.000415552
5.845 0.00041484
5.85 0.00041413
5.855 0.000413422
5.86 0.000412715
5.865 0.000412011
5.87 0.000411308
5.875 0.000410606
5.88 0.000409907
5.885 0.000409209
5.89 0.000408514
5.895 0.00040782
5.9 0.000407127
5.905 0.000406437
5.91 0.000405748
5.915 0.000405061
5.92 0.000404376
5.925 0.000403692
5.93 0.000403011
5.935 0.000402331
5.94 0.000401652
5.945 0.000400976
5.95 0.000400301
5.955 0.000399627
5.96 0.000398956
5.965 0.000398286
5.97 0.000397618
5.975 0.000396951
5.98 0.000396287
5.985 0.000395624
5.99 0.000394962
5.995 0.000394302
6 0.000393644
6.005 0.000392988
6.01 0.000392333
6.015 0.00039168
6.02 0.000391028
6.025 0.000390378
6.03 0.00038973
6.035 0.000389083
6.04 0.000388438
6.045 0.000387794
6.05 0.000387152
6.055 0.000386512
6.06 0.000385873
6.065 0.000385236
6.07 0.0003846
6.075 0.000383966
6.08 0.000383334
6.085 0.000382703
6.09 0.000382074
6.095 0.000381446
6.1 0.00038082
6.105 0.000380195
6.11 0.000379572
6.115 0.00037895
6.12 0.00037833
6.125 0.000377712
6.13 0.000377094
6.135 0.000376479
6.14 0.000375865
6.145 0.000375252
6.15 0.000374641
6.155 0.000374032
6.16 0.000373424
6.165 0.000372817
6.17 0.000372212
6.175 0.000371608
6.18 0.000371006
6.185 0.000370405
6.19 0.000369806
6.195 0.000369208
6.2 0.000368612
6.205 0.000368017
6.21 0.000367423
6.215 0.000366831
6.22 0.000366241
6.225 0.000365652
6.23 0.000365064
6.235 0.000364478
6.24 0.000363893
6.245 0.000363309
6.25 0.000362727
6.255 0.000362146
6.26 0.000361567
6.265 0.000360989
6.27 0.000360412
6.275 0.000359837
6.28 0.000359263
6.285 0.000358691
6.29 0.00035812
6.295 0.00035755
6.3 0.000356982
6.305 0.000356415
6.31 0.000355849
6.315 0.000355285
6.32 0.000354722
6.325 0.00035416
6.33 0.0003536
6.335 0.000353041
6.34 0.000352483
6.345 0.000351927
6.35 0.000351372
6.355 0.000350818
6.36 0.000350266
6.365 0.000349715
6.37 0.000349165
6.375 0.000348617
6.38 0.000348069
6.385 0.000347524
6.39 0.000346979
6.395 0.000346436
6.4 0.000345893
6.405 0.000345353
6.41 0.000344813
6.415 0.000344275
6.42 0.000343738
6.425 0.000343202
6.43 0.000342668
6.435 0.000342134
6.44 0.000341602
6.445 0.000341072
6.45 0.000340542
6.455 0.000340014
6.46 0.000339487
6.465 0.000338961
6.47 0.000338436
6.475 0.000337913
6.48 0.000337391
6.485 0.00033687
6.49 0.00033635
6.495 0.000335831
6.5 0.000335314
6.505 0.000334798
6.51 0.000334283
6.515 0.000333769
6.52 0.000333256
6.525 0.000332745
6.53 0.000332235
6.535 0.000331725
6.54 0.000331217
6.545 0.000330711
6.55 0.000330205
6.555 0.000329701
6.56 0.000329197
6.565 0.000328695
6.57 0.000328194
6.575 0.000327694
6.58 0.000327196
6.585 0.000326698
6.59 0.000326202
6.595 0.000325706
6.6 0.000325212
6.605 0.000324719
6.61 0.000324227
6.615 0.000323736
6.62 0.000323247
6.625 0.000322758
6.63 0.000322271
6.635 0.000321784
6.64 0.000321299
6.645 0.000320815
6.65 0.000320332
6.655 0.00031985
6.66 0.000319369
6.665 0.000318889
6.67 0.00031841
6.675 0.000317933
6.68 0.000317456
6.685 0.000316981
6.69 0.000316506
6.695 0.000316033
6.7 0.00031556
6.705 0.000315089
6.71 0.000314619
6.715 0.00031415
6.72 0.000313682
6.725 0.000313215
6.73 0.000312748
6.735 0.000312283
6.74 0.00031182
6.745 0.000311357
6.75 0.000310895
6.755 0.000310434
6.76 0.000309974
6.765 0.000309515
6.77 0.000309057
6.775 0.000308601
6.78 0.000308145
6.785 0.00030769
6.79 0.000307236
6.795 0.000306784
6.8 0.000306332
6.805 0.000305881
6.81 0.000305431
6.815 0.000304983
6.82 0.000304535
6.825 0.000304088
6.83 0.000303642
6.835 0.000303197
6.84 0.000302753
6.845 0.000302311
6.85 0.000301869
6.855 0.000301428
6.86 0.000300988
6.865 0.000300549
6.87 0.000300111
6.875 0.000299673
6.88 0.000299237
6.885 0.000298802
6.89 0.000298368
6.895 0.000297935
6.9 0.000297502
6.905 0.000297071
6.91 0.00029664
6.915 0.000296211
6.92 0.000295782
6.925 0.000295354
6.93 0.000294928
6.935 0.000294502
6.94 0.000294077
6.945 0.000293653
6.95 0.00029323
6.955 0.000292808
6.96 0.000292386
6.965 0.000291966
6.97 0.000291547
6.975 0.000291128
6.98 0.000290711
6.985 0.000290294
6.99 0.000289878
6.995 0.000289463
7 0.000289049
7.005 0.000288636
7.01 0.000288224
7.015 0.000287812
7.02 0.000287402
7.025 0.000286992
7.03 0.000286583
7.035 0.000286175
7.04 0.000285768
7.045 0.000285362
7.05 0.000284957
7.055 0.000284552
7.06 0.000284149
7.065 0.000283746
7.07 0.000283344
7.075 0.000282943
7.08 0.000282543
7.085 0.000282144
7.09 0.000281745
7.095 0.000281348
7.1 0.000280951
7.105 0.000280555
7.11 0.00028016
7.115 0.000279766
7.12 0.000279372
7.125 0.00027898
7.13 0.000278588
7.135 0.000278197
7.14 0.000277807
7.145 0.000277417
7.15 0.000277029
7.155 0.000276641
7.16 0.000276254
7.165 0.000275868
7.17 0.000275483
7.175 0.000275099
7.18 0.000274715
7.185 0.000274332
7.19 0.00027395
7.195 0.000273569
7.2 0.000273188
7.205 0.000272809
7.21 0.00027243
7.215 0.000272052
7.22 0.000271675
7.225 0.000271298
7.23 0.000270922
7.235 0.000270547
7.24 0.000270173
7.245 0.0002698
7.25 0.000269427
7.255 0.000269055
7.26 0.000268684
7.265 0.000268314
7.27 0.000267945
7.275 0.000267576
7.28 0.000267208
7.285 0.00026684
7.29 0.000266474
7.295 0.000266108
7.3 0.000265743
7.305 0.000265379
7.31 0.000265016
7.315 0.000264653
7.32 0.000264291
7.325 0.00026393
7.33 0.000263569
7.335 0.000263209
7.34 0.00026285
7.345 0.000262492
7.35 0.000262134
7.355 0.000261777
7.36 0.000261421
7.365 0.000261066
7.37 0.000260711
7.375 0.000260357
7.38 0.000260004
7.385 0.000259652
7.39 0.0002593
7.395 0.000258949
7.4 0.000258598
7.405 0.000258249
7.41 0.0002579
7.415 0.000257551
7.42 0.000257204
7.425 0.000256857
7.43 0.000256511
7.435 0.000256166
7.44 0.000255821
7.445 0.000255477
7.45 0.000255133
7.455 0.000254791
7.46 0.000254449
7.465 0.000254108
7.47 0.000253767
7.475 0.000253427
7.48 0.000253088
7.485 0.000252749
7.49 0.000252411
7.495 0.000252074
7.5 0.000251738
7.505 0.000251402
7.51 0.000251067
7.515 0.000250732
7.52 0.000250398
7.525 0.000250065
7.53 0.000249733
7.535 0.000249401
7.54 0.00024907
7.545 0.000248739
7.55 0.000248409
7.555 0.00024808
7.56 0.000247752
7.565 0.000247424
7.57 0.000247096
7.575 0.00024677
7.58 0.000246444
7.585 0.000246119
7.59 0.000245794
7.595 0.00024547
7.6 0.000245147
7.605 0.000244824
7.61 0.000244502
7.615 0.00024418
7.62 0.000243859
7.625 0.000243539
7.63 0.00024322
7.635 0.000242901
7.64 0.000242582
7.645 0.000242265
7.65 0.000241948
7.655 0.000241631
7.66 0.000241315
7.665 0.000241
7.67 0.000240686
7.675 0.000240372
7.68 0.000240058
7.685 0.000239745
7.69 0.000239433
7.695 0.000239122
7.7 0.000238811
7.705 0.000238501
7.71 0.000238191
7.715 0.000237882
7.72 0.000237573
7.725 0.000237265
7.73 0.000236958
7.735 0.000236651
7.74 0.000236345
7.745 0.00023604
7.75 0.000235735
7.755 0.00023543
7.76 0.000235127
7.765 0.000234823
7.77 0.000234521
7.775 0.000234219
7.78 0.000233917
7.785 0.000233617
7.79 0.000233316
7.795 0.000233017
7.8 0.000232718
7.805 0.000232419
7.81 0.000232121
7.815 0.000231824
7.82 0.000231527
7.825 0.000231231
7.83 0.000230935
7.835 0.00023064
7.84 0.000230345
7.845 0.000230052
7.85 0.000229758
7.855 0.000229465
7.86 0.000229173
7.865 0.000228881
7.87 0.00022859
7.875 0.000228299
7.88 0.000228009
7.885 0.00022772
7.89 0.000227431
7.895 0.000227143
7.9 0.000226855
7.905 0.000226567
7.91 0.000226281
7.915 0.000225994
7.92 0.000225709
7.925 0.000225424
7.93 0.000225139
7.935 0.000224855
7.94 0.000224571
7.945 0.000224288
7.95 0.000224006
7.955 0.000223724
7.96 0.000223443
7.965 0.000223162
7.97 0.000222881
7.975 0.000222602
7.98 0.000222322
7.985 0.000222044
7.99 0.000221765
7.995 0.000221488
8 0.00022121
8.005 0.000220934
8.01 0.000220658
8.015 0.000220382
8.02 0.000220107
8.025 0.000219832
8.03 0.000219558
8.035 0.000219285
8.04 0.000219012
8.045 0.000218739
8.05 0.000218467
8.055 0.000218196
8.06 0.000217925
8.065 0.000217654
8.07 0.000217384
8.075 0.000217114
8.08 0.000216845
8.085 0.000216577
8.09 0.000216309
8.095 0.000216041
8.1 0.000215774
8.105 0.000215508
8.11 0.000215242
8.115 0.000214976
8.12 0.000214711
8.125 0.000214447
8.13 0.000214183
8.135 0.000213919
8.14 0.000213656
8.145 0.000213393
8.15 0.000213131
8.155 0.000212869
8.16 0.000212608
8.165 0.000212348
8.17 0.000212087
8.175 0.000211828
8.18 0.000211568
8.185 0.00021131
8.19 0.000211051
8.195 0.000210794
8.2 0.000210536
8.205 0.000210279
8.21 0.000210023
8.215 0.000209767
8.22 0.000209511
8.225 0.000209256
8.23 0.000209002
8.235 0.000208748
8.24 0.000208494
8.245 0.000208241
8.25 0.000207988
8.255 0.000207736
8.26 0.000207484
8.265 0.000207233
8.27 0.000206982
8.275 0.000206732
8.28 0.000206482
8.285 0.000206232
8.29 0.000205983
8.295 0.000205735
8.3 0.000205486
8.305 0.000205239
8.31 0.000204991
8.315 0.000204745
8.32 0.000204498
8.325 0.000204252
8.33 0.000204007
8.335 0.000203762
8.34 0.000203517
8.345 0.000203273
8.35 0.000203029
8.355 0.000202786
8.36 0.000202543
8.365 0.000202301
8.37 0.000202059
8.375 0.000201817
8.38 0.000201576
8.385 0.000201336
8.39 0.000201095
8.395 0.000200856
8.4 0.000200616
8.405 0.000200377
8.41 0.000200139
8.415 0.000199901
8.42 0.000199663
8.425 0.000199426
8.43 0.000199189
8.435 0.000198952
8.44 0.000198716
8.445 0.000198481
8.45 0.000198246
8.455 0.000198011
8.46 0.000197777
8.465 0.000197543
8.47 0.000197309
8.475 0.000197076
8.48 0.000196844
8.485 0.000196611
8.49 0.00019638
8.495 0.000196148
8.5 0.000195917
8.505 0.000195686
8.51 0.000195456
8.515 0.000195226
8.52 0.000194997
8.525 0.000194768
8.53 0.00019454
8.535 0.000194311
8.54 0.000194084
8.545 0.000193856
8.55 0.000193629
8.555 0.000193403
8.56 0.000193176
8.565 0.000192951
8.57 0.000192725
8.575 0.0001925
8.58 0.000192276
8.585 0.000192051
8.59 0.000191828
8.595 0.000191604
8.6 0.000191381
8.605 0.000191159
8.61 0.000190936
8.615 0.000190714
8.62 0.000190493
8.625 0.000190272
8.63 0.000190051
8.635 0.000189831
8.64 0.000189611
8.645 0.000189391
8.65 0.000189172
8.655 0.000188953
8.66 0.000188735
8.665 0.000188517
8.67 0.000188299
8.675 0.000188082
8.68 0.000187865
8.685 0.000187648
8.69 0.000187432
8.695 0.000187216
8.7 0.000187001
8.705 0.000186786
8.71 0.000186571
8.715 0.000186357
8.72 0.000186143
8.725 0.000185929
8.73 0.000185716
8.735 0.000185503
8.74 0.000185291
8.745 0.000185079
8.75 0.000184867
8.755 0.000184656
8.76 0.000184445
8.765 0.000184234
8.77 0.000184024
8.775 0.000183814
8.78 0.000183604
8.785 0.000183395
8.79 0.000183186
8.795 0.000182978
8.8 0.000182769
8.805 0.000182562
8.81 0.000182354
8.815 0.000182147
8.82 0.00018194
8.825 0.000181734
8.83 0.000181528
8.835 0.000181322
8.84 0.000181117
8.845 0.000180912
8.85 0.000180707
8.855 0.000180503
8.86 0.000180299
8.865 0.000180095
8.87 0.000179892
8.875 0.000179689
8.88 0.000179487
8.885 0.000179284
8.89 0.000179083
8.895 0.000178881
8.9 0.00017868
8.905 0.000178479
8.91 0.000178278
8.915 0.000178078
8.92 0.000177878
8.925 0.000177679
8.93 0.00017748
8.935 0.000177281
8.94 0.000177082
8.945 0.000176884
8.95 0.000176686
8.955 0.000176489
8.96 0.000176292
8.965 0.000176095
8.97 0.000175898
8.975 0.000175702
8.98 0.000175506
8.985 0.000175311
8.99 0.000175115
8.995 0.000174921
9 0.000174726
9.005 0.000174532
9.01 0.000174338
9.015 0.000174144
9.02 0.000173951
9.025 0.000173758
9.03 0.000173565
9.035 0.000173373
9.04 0.000173181
9.045 0.00017299
9.05 0.000172798
9.055 0.000172607
9.06 0.000172416
9.065 0.000172226
9.07 0.000172036
9.075 0.000171846
9.08 0.000171657
9.085 0.000171468
9.09 0.000171279
9.095 0.00017109
9.1 0.000170902
9.105 0.000170714
9.11 0.000170527
9.115 0.000170339
9.12 0.000170152
9.125 0.000169966
9.13 0.000169779
9.135 0.000169593
9.14 0.000169408
9.145 0.000169222
9.15 0.000169037
9.155 0.000168852
9.16 0.000168668
9.165 0.000168483
9.17 0.000168299
9.175 0.000168116
9.18 0.000167933
9.185 0.000167749
9.19 0.000167567
9.195 0.000167384
9.2 0.000167202
9.205 0.00016702
9.21 0.000166839
9.215 0.000166658
9.22 0.000166477
9.225 0.000166296
9.23 0.000166116
9.235 0.000165936
9.24 0.000165756
9.245 0.000165576
9.25 0.000165397
9.255 0.000165218
9.26 0.00016504
9.265 0.000164861
9.27 0.000164683
9.275 0.000164506
9.28 0.000164328
9.285 0.000164151
9.29 0.000163974
9.295 0.000163798
9.3 0.000163621
9.305 0.000163445
9.31 0.000163269
9.315 0.000163094
9.32 0.000162919
9.325 0.000162744
9.33 0.000162569
9.335 0.000162395
9.34 0.000162221
9.345 0.000162047
9.35 0.000161874
9.355 0.000161701
9.36 0.000161528
9.365 0.000161355
9.37 0.000161183
9.375 0.00016101
9.38 0.000160839
9.385 0.000160667
9.39 0.000160496
9.395 0.000160325
9.4 0.000160154
9.405 0.000159984
9.41 0.000159813
9.415 0.000159644
9.42 0.000159474
9.425 0.000159304
9.43 0.000159135
9.435 0.000158967
9.44 0.000158798
9.445 0.00015863
9.45 0.000158462
9.455 0.000158294
9.46 0.000158126
9.465 0.000157959
9.47 0.000157792
9.475 0.000157626
9.48 0.000157459
9.485 0.000157293
9.49 0.000157127
9.495 0.000156961
9.5 0.000156796
9.505 0.000156631
9.51 0.000156466
9.515 0.000156301
9.52 0.000156137
9.525 0.000155973
9.53 0.000155809
9.535 0.000155646
9.54 0.000155482
9.545 0.000155319
9.55 0.000155156
9.555 0.000154994
9.56 0.000154832
9.565 0.000154669
9.57 0.000154508
9.575 0.000154346
9.58 0.000154185
9.585 0.000154024
9.59 0.000153863
9.595 0.000153703
9.6 0.000153542
9.605 0.000153382
9.61 0.000153223
9.615 0.000153063
9.62 0.000152904
9.625 0.000152745
9.63 0.000152586
9.635 0.000152427
9.64 0.000152269
9.645 0.000152111
9.65 0.000151953
9.655 0.000151796
9.66 0.000151639
9.665 0.000151482
9.67 0.000151325
9.675 0.000151168
9.68 0.000151012
9.685 0.000150856
9.69 0.0001507
9.695 0.000150544
9.7 0.000150389
9.705 0.000150234
9.71 0.000150079
9.715 0.000149924
9.72 0.00014977
9.725 0.000149616
9.73 0.000149462
9.735 0.000149308
9.74 0.000149155
9.745 0.000149002
9.75 0.000148849
9.755 0.000148696
9.76 0.000148543
9.765 0.000148391
9.77 0.000148239
9.775 0.000148087
9.78 0.000147936
9.785 0.000147784
9.79 0.000147633
9.795 0.000147482
9.8 0.000147332
9.805 0.000147181
9.81 0.000147031
9.815 0.000146881
9.82 0.000146732
9.825 0.000146582
9.83 0.000146433
9.835 0.000146284
9.84 0.000146135
9.845 0.000145986
9.85 0.000145838
9.855 0.00014569
9.86 0.000145542
9.865 0.000145394
9.87 0.000145247
9.875 0.0001451
9.88 0.000144953
9.885 0.000144806
9.89 0.000144659
9.895 0.000144513
9.9 0.000144367
9.905 0.000144221
9.91 0.000144075
9.915 0.00014393
9.92 0.000143785
9.925 0.00014364
9.93 0.000143495
9.935 0.00014335
9.94 0.000143206
9.945 0.000143062
9.95 0.000142918
9.955 0.000142774
9.96 0.000142631
9.965 0.000142487
9.97 0.000142344
9.975 0.000142201
9.98 0.000142059
9.985 0.000141916
9.99 0.000141774
9.995 0.000141632
