0 -nan
0.005 0.845465
0.01 0.236578
0.015 0.915325
0.02 0.581043
0.025 0.391459
0.03 0.0148363
0.035 0.234829
0.04 0.290852
0.045 0.218361
0.05 0.152476
0.055 0.135888
0.06 0.160314
0.065 0.206431
0.07 0.258703
0.075 0.307796
0.08 0.349224
0.085 0.381535
0.09 0.404922
0.095 0.420357
0.1 0.429081
0.105 0.43235
0.11 0.431303
0.115 0.426925
0.12 0.420033
0.125 0.411294
0.13 0.40124
0.135 0.390292
0.14 0.37878
0.145 0.366959
0.15 0.355025
0.155 0.343127
0.16 0.331375
0.165 0.319851
0.17 0.308614
0.175 0.297705
0.18 0.287151
0.185 0.276968
0.19 0.267164
0.195 0.257742
0.2 0.248698
0.205 0.240026
0.21 0.231718
0.215 0.223762
0.22 0.216147
0.225 0.208861
0.23 0.201889
0.235 0.19522
0.24 0.18884
0.245 0.182736
0.25 0.176894
0.255 0.171304
0.26 0.165952
0.265 0.160827
0.27 0.155919
0.275 0.151216
0.28 0.146709
0.285 0.142388
0.29 0.138243
0.295 0.134267
0.3 0.130451
0.305 0.126786
0.31 0.123267
0.315 0.119885
0.32 0.116634
0.325 0.113508
0.33 0.110501
0.335 0.107607
0.34 0.104821
0.345 0.102138
0.35 0.0995534
0.355 0.0970621
0.36 0.0946602
0.365 0.0923435
0.37 0.0901083
0.375 0.0879509
0.38 0.085868
0.385 0.0838561
0.39 0.0819123
0.395 0.0800335
0.4 0.0782171
0.405 0.0764604
0.41 0.0747608
0.415 0.073116
0.42 0.0715236
0.425 0.0699817
0.43 0.0684881
0.435 0.0670408
0.44 0.065638
0.445 0.0642779
0.45 0.062959
0.455 0.0616795
0.46 0.0604379
0.465 0.0592328
0.47 0.0580627
0.475 0.0569265
0.48 0.0558228
0.485 0.0547503
0.49 0.053708
0.495 0.0526948
0.5 0.0517095
0.505 0.0507513
0.51 0.049819
0.515 0.0489119
0.52 0.048029
0.525 0.0471695
0.53 0.0463326
0.535 0.0455175
0.54 0.0447234
0.545 0.0439497
0.55 0.0431957
0.555 0.0424607
0.56 0.0417441
0.565 0.0410453
0.57 0.0403637
0.575 0.0396987
0.58 0.0390499
0.585 0.0384167
0.59 0.0377987
0.595 0.0371953
0.6 0.0366061
0.605 0.0360306
0.61 0.0354685
0.615 0.0349193
0.62 0.0343827
0.625 0.0338583
0.63 0.0333456
0.635 0.0328444
0.64 0.0323544
0.645 0.0318751
0.65 0.0314063
0.655 0.0309477
0.66 0.030499
0.665 0.0300599
0.67 0.0296302
0.675 0.0292096
0.68 0.0287977
0.685 0.0283945
0.69 0.0279996
0.695 0.0276129
0.7 0.027234
0.705 0.0268628
0.71 0.0264992
0.715 0.0261428
0.72 0.0257935
0.725 0.0254511
0.73 0.0251155
0.735 0.0247864
0.74 0.0244637
0.745 0.0241472
0.75 0.0238368
0.755 0.0235323
0.76 0.0232335
0.765 0.0229404
0.77 0.0226528
0.775 0.0223705
0.78 0.0220935
0.785 0.0218215
0.79 0.0215545
0.795 0.0212923
0.8 0.0210349
0.805 0.020782
0.81 0.0205337
0.815 0.0202898
0.82 0.0200502
0.825 0.0198148
0.83 0.0195835
0.835 0.0193562
0.84 0.0191328
0.845 0.0189133
0.85 0.0186975
0.855 0.0184853
0.86 0.0182767
0.865 0.0180716
0.87 0.01787
0.875 0.0176717
0.88 0.0174766
0.885 0.0172847
0.89 0.017096
0.895 0.0169104
0.9 0.0167277
0.905 0.016548
0.91 0.0163711
0.915 0.016197
0.92 0.0160257
0.925 0.0158571
0.93 0.0156912
0.935 0.0155278
0.94 0.0153669
0.945 0.0152085
0.95 0.0150526
0.955 0.014899
0.96 0.0147477
0.965 0.0145988
0.97 0.0144521
0.975 0.0143075
0.98 0.0141652
0.985 0.0140249
0.99 0.0138867
0.995 0.0137505
1 0.0136163
1.005 0.0134841
1.01 0.0133537
1.015 0.0132253
1.02 0.0130987
1.025 0.0129739
1.03 0.0128508
1.035 0.0127295
1.04 0.0126099
1.045 0.012492
1.05 0.0123757
1.055 0.012261
1.06 0.0121479
1.065 0.0120364
1.07 0.0119264
1.075 0.0118179
1.08 0.0117108
1.085 0.0116052
1.09 0.011501
1.095 0.0113982
1.1 0.0112968
1.105 0.0111967
1.11 0.011098
1.115 0.0110005
1.12 0.0109043
1.125 0.0108094
1.13 0.0107157
1.135 0.0106232
1.14 0.0105319
1.145 0.0104418
1.15 0.0103528
1.155 0.0102649
1.16 0.0101782
1.165 0.0100926
1.17 0.010008
1.175 0.00992446
1.18 0.00984198
1.185 0.00976053
1.19 0.00968007
1.195 0.00960061
1.2 0.00952212
1.205 0.00944458
1.21 0.00936799
1.215 0.00929232
1.22 0.00921757
1.225 0.00914371
1.23 0.00907073
1.235 0.00899862
1.24 0.00892737
1.245 0.00885695
1.25 0.00878737
1.255 0.0087186
1.26 0.00865063
1.265 0.00858346
1.27 0.00851706
1.275 0.00845142
1.28 0.00838655
1.285 0.00832241
1.29 0.00825901
1.295 0.00819632
1.3 0.00813435
1.305 0.00807307
1.31 0.00801249
1.315 0.00795258
1.32 0.00789334
1.325 0.00783476
1.33 0.00777683
1.335 0.00771953
1.34 0.00766287
1.345 0.00760683
1.35 0.00755139
1.355 0.00749657
1.36 0.00744233
1.365 0.00738868
1.37 0.00733561
1.375 0.0072831
1.38 0.00723116
1.385 0.00717977
1.39 0.00712893
1.395 0.00707862
1.4 0.00702884
1.405 0.00697959
1.41 0.00693085
1.415 0.00688261
1.42 0.00683488
1.425 0.00678765
1.43 0.0067409
1.435 0.00669463
1.44 0.00664883
1.445 0.0066035
1.45 0.00655864
1.455 0.00651423
1.46 0.00647026
1.465 0.00642675
1.47 0.00638366
1.475 0.00634101
1.48 0.00629879
1.485 0.00625698
1.49 0.00621559
1.495 0.00617461
1.5 0.00613403
1.505 0.00609384
1.51 0.00605406
1.515 0.00601466
1.52 0.00597564
1.525 0.005937
1.53 0.00589873
1.535 0.00586084
1.54 0.0058233
1.545 0.00578613
1.55 0.0057493
1.555 0.00571283
1.56 0.00567671
1.565 0.00564092
1.57 0.00560548
1.575 0.00557036
1.58 0.00553557
1.585 0.00550111
1.59 0.00546697
1.595 0.00543315
1.6 0.00539963
1.605 0.00536643
1.61 0.00533353
1.615 0.00530093
1.62 0.00526863
1.625 0.00523663
1.63 0.00520491
1.635 0.00517348
1.64 0.00514234
1.645 0.00511147
1.65 0.00508089
1.655 0.00505057
1.66 0.00502053
1.665 0.00499075
1.67 0.00496124
1.675 0.00493198
1.68 0.00490299
1.685 0.00487425
1.69 0.00484576
1.695 0.00481752
1.7 0.00478952
1.705 0.00476177
1.71 0.00473426
1.715 0.00470699
1.72 0.00467995
1.725 0.00465314
1.73 0.00462657
1.735 0.00460022
1.74 0.00457409
1.745 0.00454819
1.75 0.0045225
1.755 0.00449703
1.76 0.00447178
1.765 0.00444674
1.77 0.0044219
1.775 0.00439728
1.78 0.00437286
1.785 0.00434864
1.79 0.00432462
1.795 0.0043008
1.8 0.00427718
1.805 0.00425375
1.81 0.00423052
1.815 0.00420747
1.82 0.00418461
1.825 0.00416193
1.83 0.00413944
1.835 0.00411713
1.84 0.00409501
1.845 0.00407305
1.85 0.00405128
1.855 0.00402968
1.86 0.00400825
1.865 0.00398699
1.87 0.0039659
1.875 0.00394497
1.88 0.00392422
1.885 0.00390362
1.89 0.00388319
1.895 0.00386291
1.9 0.0038428
1.905 0.00382284
1.91 0.00380303
1.915 0.00378338
1.92 0.00376388
1.925 0.00374453
1.93 0.00372533
1.935 0.00370628
1.94 0.00368737
1.945 0.00366861
1.95 0.00364999
1.955 0.00363151
1.96 0.00361317
1.965 0.00359497
1.97 0.00357691
1.975 0.00355898
1.98 0.00354119
1.985 0.00352353
1.99 0.003506
1.995 0.0034886
2 0.00347133
2.005 0.00345419
2.01 0.00343717
2.015 0.00342028
2.02 0.00340352
2.025 0.00338688
2.03 0.00337036
2.035 0.00335395
2.04 0.00333767
2.045 0.00332151
2.05 0.00330546
2.055 0.00328953
2.06 0.00327372
2.065 0.00325802
2.07 0.00324243
2.075 0.00322695
2.08 0.00321158
2.085 0.00319633
2.09 0.00318118
2.095 0.00316614
2.1 0.0031512
2.105 0.00313637
2.11 0.00312165
2.115 0.00310702
2.12 0.0030925
2.125 0.00307809
2.13 0.00306377
2.135 0.00304955
2.14 0.00303543
2.145 0.00302141
2.15 0.00300748
2.155 0.00299365
2.16 0.00297992
2.165 0.00296628
2.17 0.00295274
2.175 0.00293928
2.18 0.00292592
2.185 0.00291265
2.19 0.00289947
2.195 0.00288638
2.2 0.00287337
2.205 0.00286046
2.21 0.00284763
2.215 0.00283488
2.22 0.00282223
2.225 0.00280965
2.23 0.00279716
2.235 0.00278476
2.24 0.00277243
2.245 0.00276019
2.25 0.00274803
2.255 0.00273595
2.26 0.00272395
2.265 0.00271202
2.27 0.00270018
2.275 0.00268841
2.28 0.00267672
2.285 0.00266511
2.29 0.00265357
2.295 0.0026421
2.3 0.00263071
2.305 0.00261939
2.31 0.00260815
2.315 0.00259698
2.32 0.00258588
2.325 0.00257485
2.33 0.00256389
2.335 0.002553
2.34 0.00254218
2.345 0.00253143
2.35 0.00252074
2.355 0.00251013
2.36 0.00249958
2.365 0.00248909
2.37 0.00247868
2.375 0.00246833
2.38 0.00245804
2.385 0.00244781
2.39 0.00243766
2.395 0.00242756
2.4 0.00241753
2.405 0.00240755
2.41 0.00239764
2.415 0.00238779
2.42 0.00237801
2.425 0.00236828
2.43 0.00235861
2.435 0.002349
2.44 0.00233945
2.445 0.00232995
2.45 0.00232052
2.455 0.00231114
2.46 0.00230182
2.465 0.00229255
2.47 0.00228334
2.475 0.00227419
2.48 0.00226509
2.485 0.00225604
2.49 0.00224705
2.495 0.00223811
2.5 0.00222923
2.505 0.0022204
2.51 0.00221162
2.515 0.00220289
2.52 0.00219422
2.525 0.00218559
2.53 0.00217702
2.535 0.0021685
2.54 0.00216002
2.545 0.0021516
2.55 0.00214322
2.555 0.0021349
2.56 0.00212662
2.565 0.00211839
2.57 0.00211021
2.575 0.00210207
2.58 0.00209399
2.585 0.00208594
2.59 0.00207795
2.595 0.00207
2.6 0.0020621
2.605 0.00205424
2.61 0.00204643
2.615 0.00203866
2.62 0.00203093
2.625 0.00202325
2.63 0.00201561
2.635 0.00200802
2.64 0.00200047
2.645 0.00199296
2.65 0.00198549
2.655 0.00197807
2.66 0.00197068
2.665 0.00196334
2.67 0.00195604
2.675 0.00194878
2.68 0.00194156
2.685 0.00193438
2.69 0.00192724
2.695 0.00192013
2.7 0.00191307
2.705 0.00190605
2.71 0.00189906
2.715 0.00189212
2.72 0.00188521
2.725 0.00187834
2.73 0.00187151
2.735 0.00186471
2.74 0.00185795
2.745 0.00185123
2.75 0.00184454
2.755 0.00183789
2.76 0.00183128
2.765 0.0018247
2.77 0.00181816
2.775 0.00181165
2.78 0.00180518
2.785 0.00179874
2.79 0.00179234
2.795 0.00178597
2.8 0.00177963
2.805 0.00177333
2.81 0.00176706
2.815 0.00176083
2.82 0.00175462
2.825 0.00174845
2.83 0.00174232
2.835 0.00173621
2.84 0.00173014
2.845 0.0017241
2.85 0.00171809
2.855 0.00171211
2.86 0.00170616
2.865 0.00170024
2.87 0.00169436
2.875 0.0016885
2.88 0.00168268
2.885 0.00167688
2.89 0.00167112
2.895 0.00166538
2.9 0.00165968
2.905 0.001654
2.91 0.00164835
2.915 0.00164273
2.92 0.00163714
2.925 0.00163158
2.93 0.00162605
2.935 0.00162054
2.94 0.00161507
2.945 0.00160962
2.95 0.0016042
2.955 0.0015988
2.96 0.00159343
2.965 0.00158809
2.97 0.00158278
2.975 0.00157749
2.98 0.00157223
2.985 0.001567
2.99 0.00156179
2.995 0.00155661
3 0.00155145
3.005 0.00154632
3.01 0.00154121
3.015 0.00153613
3.02 0.00153108
3.025 0.00152605
3.03 0.00152104
3.035 0.00151606
3.04 0.0015111
3.045 0.00150617
3.05 0.00150126
3.055 0.00149638
3.06 0.00149152
3.065 0.00148668
3.07 0.00148187
3.075 0.00147708
3.08 0.00147231
3.085 0.00146757
3.09 0.00146284
3.095 0.00145815
3.1 0.00145347
3.105 0.00144882
3.11 0.00144419
3.115 0.00143958
3.12 0.00143499
3.125 0.00143043
3.13 0.00142588
3.135 0.00142136
3.14 0.00141686
3.145 0.00141238
3.15 0.00140792
3.155 0.00140349
3.16 0.00139907
3.165 0.00139468
3.17 0.0013903
3.175 0.00138595
3.18 0.00138162
3.185 0.0013773
3.19 0.00137301
3.195 0.00136874
3.2 0.00136449
3.205 0.00136025
3.21 0.00135604
3.215 0.00135184
3.22 0.00134767
3.225 0.00134352
3.23 0.00133938
3.235 0.00133526
3.24 0.00133116
3.245 0.00132709
3.25 0.00132303
3.255 0.00131898
3.26 0.00131496
3.265 0.00131096
3.27 0.00130697
3.275 0.001303
3.28 0.00129905
3.285 0.00129512
3.29 0.0012912
3.295 0.00128731
3.3 0.00128343
3.305 0.00127956
3.31 0.00127572
3.315 0.00127189
3.32 0.00126808
3.325 0.00126429
3.33 0.00126051
3.335 0.00125676
3.34 0.00125301
3.345 0.00124929
3.35 0.00124558
3.355 0.00124189
3.36 0.00123821
3.365 0.00123455
3.37 0.00123091
3.375 0.00122728
3.38 0.00122367
3.385 0.00122007
3.39 0.00121649
3.395 0.00121293
3.4 0.00120938
3.405 0.00120585
3.41 0.00120233
3.415 0.00119883
3.42 0.00119534
3.425 0.00119187
3.43 0.00118841
3.435 0.00118497
3.44 0.00118155
3.445 0.00117813
3.45 0.00117474
3.455 0.00117136
3.46 0.00116799
3.465 0.00116463
3.47 0.0011613
3.475 0.00115797
3.48 0.00115466
3.485 0.00115136
3.49 0.00114808
3.495 0.00114482
3.5 0.00114156
3.505 0.00113832
3.51 0.00113509
3.515 0.00113188
3.52 0.00112868
3.525 0.0011255
3.53 0.00112233
3.535 0.00111917
3.54 0.00111602
3.545 0.00111289
3.55 0.00110977
3.555 0.00110666
3.56 0.00110357
3.565 0.00110049
3.57 0.00109742
3.575 0.00109437
3.58 0.00109133
3.585 0.0010883
3.59 0.00108528
3.595 0.00108228
3.6 0.00107929
3.605 0.00107631
3.61 0.00107334
3.615 0.00107039
3.62 0.00106745
3.625 0.00106452
3.63 0.0010616
3.635 0.00105869
3.64 0.0010558
3.645 0.00105292
3.65 0.00105005
3.655 0.00104719
3.66 0.00104434
3.665 0.00104151
3.67 0.00103868
3.675 0.00103587
3.68 0.00103307
3.685 0.00103028
3.69 0.0010275
3.695 0.00102473
3.7 0.00102198
3.705 0.00101923
3.71 0.0010165
3.715 0.00101377
3.72 0.00101106
3.725 0.00100836
3.73 0.00100567
3.735 0.00100299
3.74 0.00100032
3.745 0.000997664
3.75 0.000995016
3.755 0.000992379
3.76 0.000989752
3.765 0.000987136
3.77 0.00098453
3.775 0.000981935
3.78 0.000979349
3.785 0.000976774
3.79 0.000974209
3.795 0.000971654
3.8 0.000969109
3.805 0.000966574
3.81 0.000964049
3.815 0.000961534
3.82 0.000959029
3.825 0.000956533
3.83 0.000954047
3.835 0.000951571
3.84 0.000949105
3.845 0.000946648
3.85 0.0009442
3.855 0.000941763
3.86 0.000939334
3.865 0.000936915
3.87 0.000934505
3.875 0.000932105
3.88 0.000929713
3.885 0.000927331
3.89 0.000924958
3.895 0.000922595
3.9 0.00092024
3.905 0.000917894
3.91 0.000915557
3.915 0.000913229
3.92 0.00091091
3.925 0.0009086
3.93 0.000906299
3.935 0.000904006
3.94 0.000901722
3.945 0.000899446
3.95 0.00089718
3.955 0.000894921
3.96 0.000892672
3.965 0.00089043
3.97 0.000888198
3.975 0.000885973
3.98 0.000883757
3.985 0.000881549
3.99 0.00087935
3.995 0.000877158
4 0.000874975
4.005 0.0008728
4.01 0.000870633
4.015 0.000868475
4.02 0.000866324
4.025 0.000864181
4.03 0.000862046
4.035 0.000859919
4.04 0.0008578
4.045 0.000855689
4.05 0.000853585
4.055 0.000851489
4.06 0.000849401
4.065 0.000847321
4.07 0.000845248
4.075 0.000843183
4.08 0.000841125
4.085 0.000839075
4.09 0.000837033
4.095 0.000834997
4.1 0.00083297
4.105 0.000830949
4.11 0.000828936
4.115 0.000826931
4.12 0.000824932
4.125 0.000822941
4.13 0.000820957
4.135 0.00081898
4.14 0.00081701
4.145 0.000815048
4.15 0.000813092
4.155 0.000811143
4.16 0.000809202
4.165 0.000807267
4.17 0.00080534
4.175 0.000803419
4.18 0.000801505
4.185 0.000799598
4.19 0.000797698
4.195 0.000795804
4.2 0.000793917
4.205 0.000792037
4.21 0.000790164
4.215 0.000788297
4.22 0.000786437
4.225 0.000784583
4.23 0.000782736
4.235 0.000780896
4.24 0.000779062
4.245 0.000777234
4.25 0.000775413
4.255 0.000773598
4.26 0.00077179
4.265 0.000769988
4.27 0.000768192
4.275 0.000766402
4.28 0.000764619
4.285 0.000762842
4.29 0.000761071
4.295 0.000759307
4.3 0.000757548
4.305 0.000755796
4.31 0.000754049
4.315 0.000752309
4.32 0.000750574
4.325 0.000748846
4.33 0.000747124
4.335 0.000745407
4.34 0.000743697
4.345 0.000741992
4.35 0.000740293
4.355 0.0007386
4.36 0.000736913
4.365 0.000735232
4.37 0.000733556
4.375 0.000731886
4.38 0.000730222
4.385 0.000728563
4.39 0.00072691
4.395 0.000725263
4.4 0.000723621
4.405 0.000721985
4.41 0.000720355
4.415 0.000718729
4.42 0.00071711
4.425 0.000715496
4.43 0.000713887
4.435 0.000712284
4.44 0.000710686
4.445 0.000709093
4.45 0.000707506
4.455 0.000705924
4.46 0.000704348
4.465 0.000702777
4.47 0.000701211
4.475 0.00069965
4.48 0.000698094
4.485 0.000696544
4.49 0.000694999
4.495 0.000693458
4.5 0.000691923
4.505 0.000690394
4.51 0.000688869
4.515 0.000687349
4.52 0.000685834
4.525 0.000684324
4.53 0.00068282
4.535 0.00068132
4.54 0.000679825
4.545 0.000678335
4.55 0.00067685
4.555 0.00067537
4.56 0.000673894
4.565 0.000672424
4.57 0.000670958
4.575 0.000669497
4.58 0.000668041
4.585 0.000666589
4.59 0.000665143
4.595 0.000663701
4.6 0.000662263
4.605 0.000660831
4.61 0.000659403
4.615 0.000657979
4.62 0.00065656
4.625 0.000655146
4.63 0.000653737
4.635 0.000652332
4.64 0.000650931
4.645 0.000649535
4.65 0.000648143
4.655 0.000646756
4.66 0.000645374
4.665 0.000643995
4.67 0.000642621
4.675 0.000641252
4.68 0.000639887
4.685 0.000638526
4.69 0.00063717
4.695 0.000635818
4.7 0.00063447
4.705 0.000633127
4.71 0.000631787
4.715 0.000630452
4.72 0.000629122
4.725 0.000627795
4.73 0.000626473
4.735 0.000625155
4.74 0.00062384
4.745 0.000622531
4.75 0.000621225
4.755 0.000619923
4.76 0.000618626
4.765 0.000617332
4.77 0.000616043
4.775 0.000614757
4.78 0.000613476
4.785 0.000612198
4.79 0.000610925
4.795 0.000609656
4.8 0.00060839
4.805 0.000607129
4.81 0.000605871
4.815 0.000604617
4.82 0.000603367
4.825 0.000602121
4.83 0.000600879
4.835 0.000599641
4.84 0.000598406
4.845 0.000597176
4.85 0.000595949
4.855 0.000594726
4.86 0.000593507
4.865 0.000592291
4.87 0.000591079
4.875 0.000589871
4.88 0.000588667
4.885 0.000587466
4.89 0.000586269
4.895 0.000585075
4.9 0.000583886
4.905 0.000582699
4.91 0.000581517
4.915 0.000580338
4.92 0.000579163
4.925 0.000577991
4.93 0.000576822
4.935 0.000575658
4.94 0.000574497
4.945 0.000573339
4.95 0.000572185
4.955 0.000571034
4.96 0.000569887
4.965 0.000568743
4.97 0.000567603
4.975 0.000566466
4.98 0.000565332
4.985 0.000564202
4.99 0.000563075
4.995 0.000561952
5 0.000560832
5.005 0.000559715
5.01 0.000558602
5.015 0.000557492
5.02 0.000556385
5.025 0.000555282
5.03 0.000554182
5.035 0.000553085
5.04 0.000551991
5.045 0.000550901
5.05 0.000549814
5.055 0.00054873
5.06 0.000547649
5.065 0.000546572
5.07 0.000545497
5.075 0.000544426
5.08 0.000543358
5.085 0.000542293
5.09 0.000541231
5.095 0.000540173
5.1 0.000539117
5.105 0.000538065
5.11 0.000537015
5.115 0.000535969
5.12 0.000534926
5.125 0.000533886
5.13 0.000532848
5.135 0.000531814
5.14 0.000530783
5.145 0.000529755
5.15 0.00052873
5.155 0.000527708
5.16 0.000526688
5.165 0.000525672
5.17 0.000524659
5.175 0.000523648
5.18 0.000522641
5.185 0.000521636
5.19 0.000520634
5.195 0.000519635
5.2 0.00051864
5.205 0.000517646
5.21 0.000516656
5.215 0.000515669
5.22 0.000514684
5.225 0.000513702
5.23 0.000512723
5.235 0.000511747
5.24 0.000510774
5.245 0.000509803
5.25 0.000508835
5.255 0.00050787
5.26 0.000506908
5.265 0.000505948
5.27 0.000504991
5.275 0.000504037
5.28 0.000503086
5.285 0.000502137
5.29 0.000501191
5.295 0.000500247
5.3 0.000499307
5.305 0.000498368
5.31 0.000497433
5.315 0.0004965
5.32 0.00049557
5.325 0.000494642
5.33 0.000493717
5.335 0.000492795
5.34 0.000491875
5.345 0.000490958
5.35 0.000490043
5.355 0.000489131
5.36 0.000488221
5.365 0.000487314
5.37 0.00048641
5.375 0.000485508
5.38 0.000484608
5.385 0.000483711
5.39 0.000482816
5.395 0.000481924
5.4 0.000481035
5.405 0.000480148
5.41 0.000479263
5.415 0.000478381
5.42 0.000477501
5.425 0.000476624
5.43 0.000475749
5.435 0.000474876
5.44 0.000474006
5.445 0.000473138
5.45 0.000472273
5.455 0.00047141
5.46 0.000470549
5.465 0.000469691
5.47 0.000468835
5.475 0.000467981
5.48 0.00046713
5.485 0.000466281
5.49 0.000465434
5.495 0.00046459
5.5 0.000463748
5.505 0.000462908
5.51 0.000462071
5.515 0.000461235
5.52 0.000460402
5.525 0.000459572
5.53 0.000458743
5.535 0.000457917
5.54 0.000457093
5.545 0.000456271
5.55 0.000455452
5.555 0.000454634
5.56 0.000453819
5.565 0.000453006
5.57 0.000452195
5.575 0.000451387
5.58 0.00045058
5.585 0.000449776
5.59 0.000448974
5.595 0.000448174
5.6 0.000447376
5.605 0.00044658
5.61 0.000445787
5.615 0.000444995
5.62 0.000444206
5.625 0.000443419
5.63 0.000442633
5.635 0.00044185
5.64 0.000441069
5.645 0.00044029
5.65 0.000439513
5.655 0.000438739
5.66 0.000437966
5.665 0.000437195
5.67 0.000436426
5.675 0.00043566
5.68 0.000434895
5.685 0.000434132
5.69 0.000433372
5.695 0.000432613
5.7 0.000431856
5.705 0.000431102
5.71 0.000430349
5.715 0.000429598
5.72 0.000428849
5.725 0.000428102
5.73 0.000427358
5.735 0.000426615
5.74 0.000425874
5.745 0.000425135
5.75 0.000424397
5.755 0.000423662
5.76 0.000422929
5.765 0.000422197
5.77 0.000421468
5.775 0.00042074
5.78 0.000420014
5.785 0.000419291
5.79 0.000418569
5.795 0.000417848
5.8 0.00041713
5.805 0.000416414
5.81 0.000415699
5.815 0.000414986
5.82 0.000414275
5.825 0.000413566
5.83 0.000412859
5.835 0.000412154
5.84 0.00041145
5.845 0.000410748
5.85 0.000410048
5.855 0.00040935
5.86 0.000408653
5.865 0.000407958
5.87 0.000407265
5.875 0.000406574
5.88 0.000405885
5.885 0.000405197
5.89 0.000404511
5.895 0.000403827
5.9 0.000403145
5.905 0.000402464
5.91 0.000401785
5.915 0.000401107
5.92 0.000400432
5.925 0.000399758
5.93 0.000399086
5.935 0.000398415
5.94 0.000397747
5.945 0.000397079
5.95 0.000396414
5.955 0.00039575
5.96 0.000395088
5.965 0.000394428
5.97 0.000393769
5.975 0.000393112
5.98 0.000392456
5.985 0.000391802
5.99 0.00039115
5.995 0.0003905
6 0.000389851
6.005 0.000389203
6.01 0.000388558
6.015 0.000387913
6.02 0.000387271
6.025 0.00038663
6.03 0.000385991
6.035 0.000385353
6.04 0.000384717
6.045 0.000384082
6.05 0.000383449
6.055 0.000382817
6.06 0.000382187
6.065 0.000381559
6.07 0.000380932
6.075 0.000380307
6.08 0.000379683
6.085 0.000379061
6.09 0.00037844
6.095 0.000377821
6.1 0.000377204
6.105 0.000376587
6.11 0.000375973
6.115 0.00037536
6.12 0.000374748
6.125 0.000374138
6.13 0.000373529
6.135 0.000372922
6.14 0.000372316
6.145 0.000371712
6.15 0.00037111
6.155 0.000370508
6.16 0.000369908
6.165 0.00036931
6.17 0.000368713
6.175 0.000368118
6.18 0.000367524
6.185 0.000366931
6.19 0.00036634
6.195 0.00036575
6.2 0.000365162
6.205 0.000364575
6.21 0.00036399
6.215 0.000363406
6.22 0.000362823
6.225 0.000362242
6.23 0.000361662
6.235 0.000361083
6.24 0.000360506
6.245 0.000359931
6.25 0.000359356
6.255 0.000358783
6.26 0.000358212
6.265 0.000357642
6.27 0.000357073
6.275 0.000356505
6.28 0.000355939
6.285 0.000355374
6.29 0.000354811
6.295 0.000354249
6.3 0.000353688
6.305 0.000353129
6.31 0.00035257
6.315 0.000352014
6.32 0.000351458
6.325 0.000350904
6.33 0.000350351
6.335 0.0003498
6.34 0.000349249
6.345 0.0003487
6.35 0.000348153
6.355 0.000347606
6.36 0.000347061
6.365 0.000346517
6.37 0.000345975
6.375 0.000345434
6.38 0.000344894
6.385 0.000344355
6.39 0.000343817
6.395 0.000343281
6.4 0.000342746
6.405 0.000342213
6.41 0.00034168
6.415 0.000341149
6.42 0.000340619
6.425 0.00034009
6.43 0.000339563
6.435 0.000339036
6.44 0.000338511
6.445 0.000337988
6.45 0.000337465
6.455 0.000336944
6.46 0.000336423
6.465 0.000335904
6.47 0.000335386
6.475 0.00033487
6.48 0.000334354
6.485 0.00033384
6.49 0.000333327
6.495 0.000332815
6.5 0.000332305
6.505 0.000331795
6.51 0.000331287
6.515 0.00033078
6.52 0.000330274
6.525 0.000329769
6.53 0.000329265
6.535 0.000328763
6.54 0.000328261
6.545 0.000327761
6.55 0.000327262
6.555 0.000326764
6.56 0.000326267
6.565 0.000325771
6.57 0.000325277
6.575 0.000324783
6.58 0.000324291
6.585 0.0003238
6.59 0.00032331
6.595 0.000322821
6.6 0.000322333
6.605 0.000321846
6.61 0.00032136
6.615 0.000320876
6.62 0.000320392
6.625 0.00031991
6.63 0.000319429
6.635 0.000318949
6.64 0.00031847
6.645 0.000317991
6.65 0.000317515
6.655 0.000317039
6.66 0.000316564
6.665 0.00031609
6.67 0.000315617
6.675 0.000315146
6.68 0.000314675
6.685 0.000314206
6.69 0.000313737
6.695 0.00031327
6.7 0.000312803
6.705 0.000312338
6.71 0.000311874
6.715 0.00031141
6.72 0.000310948
6.725 0.000310487
6.73 0.000310027
6.735 0.000309568
6.74 0.00030911
6.745 0.000308652
6.75 0.000308196
6.755 0.000307741
6.76 0.000307287
6.765 0.000306834
6.77 0.000306382
6.775 0.000305931
6.78 0.000305481
6.785 0.000305032
6.79 0.000304583
6.795 0.000304136
6.8 0.00030369
6.805 0.000303245
6.81 0.000302801
6.815 0.000302358
6.82 0.000301915
6.825 0.000301474
6.83 0.000301034
6.835 0.000300595
6.84 0.000300156
6.845 0.000299719
6.85 0.000299282
6.855 0.000298847
6.86 0.000298412
6.865 0.000297979
6.87 0.000297546
6.875 0.000297114
6.88 0.000296683
6.885 0.000296254
6.89 0.000295825
6.895 0.000295397
6.9 0.00029497
6.905 0.000294543
6.91 0.000294118
6.915 0.000293694
6.92 0.000293271
6.925 0.000292848
6.93 0.000292427
6.935 0.000292006
6.94 0.000291586
6.945 0.000291167
6.95 0.000290749
6.955 0.000290332
6.96 0.000289916
6.965 0.000289501
6.97 0.000289087
6.975 0.000288673
6.98 0.000288261
6.985 0.000287849
6.99 0.000287438
6.995 0.000287028
7 0.000286619
7.005 0.000286211
7.01 0.000285804
7.015 0.000285397
7.02 0.000284992
7.025 0.000284587
7.03 0.000284183
7.035 0.00028378
7.04 0.000283378
7.045 0.000282977
7.05 0.000282576
7.055 0.000282177
7.06 0.000281778
7.065 0.00028138
7.07 0.000280983
7.075 0.000280587
7.08 0.000280192
7.085 0.000279797
7.09 0.000279403
7.095 0.00027901
7.1 0.000278618
7.105 0.000278227
7.11 0.000277837
7.115 0.000277447
7.12 0.000277059
7.125 0.000276671
7.13 0.000276283
7.135 0.000275897
7.14 0.000275512
7.145 0.000275127
7.15 0.000274743
7.155 0.00027436
7.16 0.000273978
7.165 0.000273596
7.17 0.000273216
7.175 0.000272836
7.18 0.000272457
7.185 0.000272078
7.19 0.000271701
7.195 0.000271324
7.2 0.000270948
7.205 0.000270573
7.21 0.000270199
7.215 0.000269825
7.22 0.000269452
7.225 0.00026908
7.23 0.000268709
7.235 0.000268338
7.24 0.000267968
7.245 0.000267599
7.25 0.000267231
7.255 0.000266864
7.26 0.000266497
7.265 0.000266131
7.27 0.000265766
7.275 0.000265401
7.28 0.000265038
7.285 0.000264675
7.29 0.000264312
7.295 0.000263951
7.3 0.00026359
7.305 0.00026323
7.31 0.000262871
7.315 0.000262512
7.32 0.000262155
7.325 0.000261797
7.33 0.000261441
7.335 0.000261086
7.34 0.000260731
7.345 0.000260376
7.35 0.000260023
7.355 0.00025967
7.36 0.000259318
7.365 0.000258967
7.37 0.000258616
7.375 0.000258267
7.38 0.000257917
7.385 0.000257569
7.39 0.000257221
7.395 0.000256874
7.4 0.000256528
7.405 0.000256182
7.41 0.000255837
7.415 0.000255493
7.42 0.000255149
7.425 0.000254807
7.43 0.000254464
7.435 0.000254123
7.44 0.000253782
7.445 0.000253442
7.45 0.000253103
7.455 0.000252764
7.46 0.000252426
7.465 0.000252089
7.47 0.000251752
7.475 0.000251416
7.48 0.00025108
7.485 0.000250746
7.49 0.000250412
7.495 0.000250078
7.5 0.000249746
7.505 0.000249414
7.51 0.000249082
7.515 0.000248752
7.52 0.000248422
7.525 0.000248092
7.53 0.000247763
7.535 0.000247435
7.54 0.000247108
7.545 0.000246781
7.55 0.000246455
7.555 0.000246129
7.56 0.000245805
7.565 0.00024548
7.57 0.000245157
7.575 0.000244834
7.58 0.000244512
7.585 0.00024419
7.59 0.000243869
7.595 0.000243549
7.6 0.000243229
7.605 0.00024291
7.61 0.000242591
7.615 0.000242273
7.62 0.000241956
7.625 0.00024164
7.63 0.000241324
7.635 0.000241008
7.64 0.000240693
7.645 0.000240379
7.65 0.000240066
7.655 0.000239753
7.66 0.000239441
7.665 0.000239129
7.67 0.000238818
7.675 0.000238507
7.68 0.000238197
7.685 0.000237888
7.69 0.000237579
7.695 0.000237271
7.7 0.000236964
7.705 0.000236657
7.71 0.000236351
7.715 0.000236045
7.72 0.00023574
7.725 0.000235435
7.73 0.000235132
7.735 0.000234828
7.74 0.000234525
7.745 0.000234223
7.75 0.000233922
7.755 0.000233621
7.76 0.00023332
7.765 0.000233021
7.77 0.000232721
7.775 0.000232423
7.78 0.000232125
7.785 0.000231827
7.79 0.00023153
7.795 0.000231234
7.8 0.000230938
7.805 0.000230643
7.81 0.000230348
7.815 0.000230054
7.82 0.00022976
7.825 0.000229467
7.83 0.000229175
7.835 0.000228883
7.84 0.000228592
7.845 0.000228301
7.85 0.000228011
7.855 0.000227721
7.86 0.000227432
7.865 0.000227143
7.87 0.000226855
7.875 0.000226568
7.88 0.000226281
7.885 0.000225995
7.89 0.000225709
7.895 0.000225424
7.9 0.000225139
7.905 0.000224855
7.91 0.000224571
7.915 0.000224288
7.92 0.000224005
7.925 0.000223723
7.93 0.000223442
7.935 0.000223161
7.94 0.00022288
7.945 0.0002226
7.95 0.000222321
7.955 0.000222042
7.96 0.000221764
7.965 0.000221486
7.97 0.000221208
7.975 0.000220932
7.98 0.000220655
7.985 0.00022038
7.99 0.000220104
7.995 0.00021983
8 0.000219555
8.005 0.000219282
8.01 0.000219009
8.015 0.000218736
8.02 0.000218464
8.025 0.000218192
8.03 0.000217921
8.035 0.00021765
8.04 0.00021738
8.045 0.00021711
8.05 0.000216841
8.055 0.000216573
8.06 0.000216305
8.065 0.000216037
8.07 0.00021577
8.075 0.000215503
8.08 0.000215237
8.085 0.000214971
8.09 0.000214706
8.095 0.000214441
8.1 0.000214177
8.105 0.000213913
8.11 0.00021365
8.115 0.000213388
8.12 0.000213125
8.125 0.000212864
8.13 0.000212602
8.135 0.000212341
8.14 0.000212081
8.145 0.000211821
8.15 0.000211562
8.155 0.000211303
8.16 0.000211045
8.165 0.000210787
8.17 0.000210529
8.175 0.000210272
8.18 0.000210016
8.185 0.00020976
8.19 0.000209504
8.195 0.000209249
8.2 0.000208994
8.205 0.00020874
8.21 0.000208486
8.215 0.000208233
8.22 0.00020798
8.225 0.000207728
8.23 0.000207476
8.235 0.000207225
8.24 0.000206974
8.245 0.000206723
8.25 0.000206473
8.255 0.000206223
8.26 0.000205974
8.265 0.000205725
8.27 0.000205477
8.275 0.000205229
8.28 0.000204982
8.285 0.000204735
8.29 0.000204489
8.295 0.000204243
8.3 0.000203997
8.305 0.000203752
8.31 0.000203507
8.315 0.000203263
8.32 0.000203019
8.325 0.000202776
8.33 0.000202533
8.335 0.00020229
8.34 0.000202048
8.345 0.000201807
8.35 0.000201565
8.355 0.000201325
8.36 0.000201084
8.365 0.000200844
8.37 0.000200605
8.375 0.000200366
8.38 0.000200127
8.385 0.000199889
8.39 0.000199651
8.395 0.000199414
8.4 0.000199177
8.405 0.000198941
8.41 0.000198704
8.415 0.000198469
8.42 0.000198234
8.425 0.000197999
8.43 0.000197764
8.435 0.00019753
8.44 0.000197297
8.445 0.000197064
8.45 0.000196831
8.455 0.000196599
8.46 0.000196367
8.465 0.000196135
8.47 0.000195904
8.475 0.000195673
8.48 0.000195443
8.485 0.000195213
8.49 0.000194984
8.495 0.000194755
8.5 0.000194526
8.505 0.000194298
8.51 0.00019407
8.515 0.000193842
8.52 0.000193615
8.525 0.000193389
8.53 0.000193162
8.535 0.000192936
8.54 0.000192711
8.545 0.000192486
8.55 0.000192261
8.555 0.000192037
8.56 0.000191813
8.565 0.000191589
8.57 0.000191366
8.575 0.000191144
8.58 0.000190921
8.585 0.000190699
8.59 0.000190478
8.595 0.000190256
8.6 0.000190036
8.605 0.000189815
8.61 0.000189595
8.615 0.000189376
8.62 0.000189156
8.625 0.000188937
8.63 0.000188719
8.635 0.000188501
8.64 0.000188283
8.645 0.000188066
8.65 0.000187849
8.655 0.000187632
8.66 0.000187416
8.665 0.0001872
8.67 0.000186984
8.675 0.000186769
8.68 0.000186555
8.685 0.00018634
8.69 0.000186126
8.695 0.000185912
8.7 0.000185699
8.705 0.000185486
8.71 0.000185274
8.715 0.000185062
8.72 0.00018485
8.725 0.000184638
8.73 0.000184427
8.735 0.000184216
8.74 0.000184006
8.745 0.000183796
8.75 0.000183586
8.755 0.000183377
8.76 0.000183168
8.765 0.00018296
8.77 0.000182751
8.775 0.000182544
8.78 0.000182336
8.785 0.000182129
8.79 0.000181922
8.795 0.000181716
8.8 0.000181509
8.805 0.000181304
8.81 0.000181098
8.815 0.000180893
8.82 0.000180689
8.825 0.000180484
8.83 0.00018028
8.835 0.000180077
8.84 0.000179873
8.845 0.00017967
8.85 0.000179468
8.855 0.000179265
8.86 0.000179063
8.865 0.000178862
8.87 0.00017866
8.875 0.00017846
8.88 0.000178259
8.885 0.000178059
8.89 0.000177859
8.895 0.000177659
8.9 0.00017746
8.905 0.000177261
8.91 0.000177062
8.915 0.000176864
8.92 0.000176666
8.925 0.000176469
8.93 0.000176272
8.935 0.000176075
8.94 0.000175878
8.945 0.000175682
8.95 0.000175486
8.955 0.00017529
8.96 0.000175095
8.965 0.0001749
8.97 0.000174705
8.975 0.000174511
8.98 0.000174317
8.985 0.000174123
8.99 0.00017393
8.995 0.000173737
9 0.000173544
9.005 0.000173352
9.01 0.00017316
9.015 0.000172968
9.02 0.000172777
9.025 0.000172586
9.03 0.000172395
9.035 0.000172205
9.04 0.000172014
9.045 0.000171825
9.05 0.000171635
9.055 0.000171446
9.06 0.000171257
9.065 0.000171068
9.07 0.00017088
9.075 0.000170692
9.08 0.000170505
9.085 0.000170317
9.09 0.00017013
9.095 0.000169944
9.1 0.000169757
9.105 0.000169571
9.11 0.000169385
9.115 0.0001692
9.12 0.000169015
9.125 0.00016883
9.13 0.000168645
9.135 0.000168461
9.14 0.000168277
9.145 0.000168093
9.15 0.00016791
9.155 0.000167727
9.16 0.000167544
9.165 0.000167361
9.17 0.000167179
9.175 0.000166997
9.18 0.000166816
9.185 0.000166635
9.19 0.000166454
9.195 0.000166273
9.2 0.000166092
9.205 0.000165912
9.21 0.000165733
9.215 0.000165553
9.22 0.000165374
9.225 0.000165195
9.23 0.000165016
9.235 0.000164838
9.24 0.00016466
9.245 0.000164482
9.25 0.000164304
9.255 0.000164127
9.26 0.00016395
9.265 0.000163774
9.27 0.000163597
9.275 0.000163421
9.28 0.000163245
9.285 0.00016307
9.29 0.000162895
9.295 0.00016272
9.3 0.000162545
9.305 0.000162371
9.31 0.000162197
9.315 0.000162023
9.32 0.000161849
9.325 0.000161676
9.33 0.000161503
9.335 0.00016133
9.34 0.000161158
9.345 0.000160986
9.35 0.000160814
9.355 0.000160642
9.36 0.000160471
9.365 0.0001603
9.37 0.000160129
9.375 0.000159959
9.38 0.000159788
9.385 0.000159619
9.39 0.000159449
9.395 0.000159279
9.4 0.00015911
9.405 0.000158941
9.41 0.000158773
9.415 0.000158604
9.42 0.000158436
9.425 0.000158269
9.43 0.000158101
9.435 0.000157934
9.44 0.000157767
9.445 0.0001576
9.45 0.000157434
9.455 0.000157267
9.46 0.000157101
9.465 0.000156936
9.47 0.00015677
9.475 0.000156605
9.48 0.00015644
9.485 0.000156276
9.49 0.000156111
9.495 0.000155947
9.5 0.000155783
9.505 0.00015562
9.51 0.000155456
9.515 0.000155293
9.52 0.00015513
9.525 0.000154968
9.53 0.000154805
9.535 0.000154643
9.54 0.000154481
9.545 0.00015432
9.55 0.000154159
9.555 0.000153998
9.56 0.000153837
9.565 0.000153676
9.57 0.000153516
9.575 0.000153356
9.58 0.000153196
9.585 0.000153036
9.59 0.000152877
9.595 0.000152718
9.6 0.000152559
9.605 0.000152401
9.61 0.000152242
9.615 0.000152084
9.62 0.000151927
9.625 0.000151769
9.63 0.000151612
9.635 0.000151455
9.64 0.000151298
9.645 0.000151141
9.65 0.000150985
9.655 0.000150829
9.66 0.000150673
9.665 0.000150517
9.67 0.000150362
9.675 0.000150207
9.68 0.000150052
9.685 0.000149897
9.69 0.000149743
9.695 0.000149588
9.7 0.000149434
9.705 0.000149281
9.71 0.000149127
9.715 0.000148974
9.72 0.000148821
9.725 0.000148668
9.73 0.000148516
9.735 0.000148363
9.74 0.000148211
9.745 0.00014806
9.75 0.000147908
9.755 0.000147757
9.76 0.000147605
9.765 0.000147455
9.77 0.000147304
9.775 0.000147153
9.78 0.000147003
9.785 0.000146853
9.79 0.000146703
9.795 0.000146554
9.8 0.000146405
9.805 0.000146256
9.81 0.000146107
9.815 0.000145958
9.82 0.00014581
9.825 0.000145662
9.83 0.000145514
9.835 0.000145366
9.84 0.000145219
9.845 0.000145071
9.85 0.000144924
9.855 0.000144777
9.86 0.000144631
9.865 0.000144484
9.87 0.000144338
9.875 0.000144192
9.88 0.000144047
9.885 0.000143901
9.89 0.000143756
9.895 0.000143611
9.9 0.000143466
9.905 0.000143322
9.91 0.000143177
9.915 0.000143033
9.92 0.000142889
9.925 0.000142745
9.93 0.000142602
9.935 0.000142458
9.94 0.000142315
9.945 0.000142173
9.95 0.00014203
9.955 0.000141887
9.96 0.000141745
9.965 0.000141603
9.97 0.000141461
9.975 0.00014132
9.98 0.000141178
9.985 0.000141037
9.99 0.000140896
9.995 0.000140756
