0 -nan
0.005 0.964497
0.01 0.434693
0.015 0.0322769
0.02 0.13228
0.025 0.647006
0.03 0.0628811
0.035 0.0594794
0.04 0.699162
0.045 0.037561
0.05 0.325468
0.055 0.226133
0.06 0.0970236
0.065 0.535851
0.07 0.135265
0.075 0.580402
0.08 0.622162
0.085 0.484868
0.09 0.166866
0.095 0.0271252
0.1 0.412627
0.105 0.166982
0.11 0.189797
0.115 0.205161
0.12 0.203972
0.125 0.100388
0.13 0.269966
0.135 0.0928487
0.14 0.145109
0.145 0.218405
0.15 0.13682
0.155 0.111903
0.16 0.156908
0.165 0.178935
0.17 0.16607
0.175 0.13954
0.18 0.118691
0.185 0.125726
0.19 0.163039
0.195 0.198983
0.2 0.19702
0.205 0.153928
0.21 0.103384
0.215 0.0858067
0.22 0.11661
0.225 0.177844
0.23 0.233632
0.235 0.253585
0.24 0.228377
0.245 0.171204
0.25 0.108241
0.255 0.0655135
0.26 0.0587638
0.265 0.0894691
0.27 0.146746
0.275 0.212846
0.28 0.269487
0.285 0.302903
0.29 0.306557
0.295 0.281453
0.3 0.23463
0.305 0.176672
0.31 0.119049
0.315 0.0718638
0.32 0.0423426
0.325 0.0341431
0.33 0.0473847
0.335 0.0792119
0.34 0.124668
0.345 0.17767
0.35 0.231932
0.355 0.281718
0.36 0.32238
0.365 0.35067
0.37 0.364841
0.375 0.364578
0.38 0.350808
0.385 0.325433
0.39 0.291035
0.395 0.250571
0.4 0.207112
0.405 0.163606
0.41 0.122704
0.415 0.0866322
0.42 0.057123
0.425 0.0353798
0.43 0.0220862
0.435 0.0174419
0.44 0.0212184
0.445 0.0328287
0.45 0.0514029
0.455 0.0758647
0.46 0.105005
0.465 0.137548
0.47 0.172213
0.475 0.20776
0.48 0.243033
0.485 0.276989
0.49 0.308718
0.495 0.337457
0.5 0.362596
0.505 0.383676
0.51 0.400389
0.515 0.41256
0.52 0.420145
0.525 0.423211
0.53 0.421921
0.535 0.416523
0.54 0.40733
0.545 0.394709
0.55 0.379063
0.555 0.360822
0.56 0.340427
0.565 0.318326
0.57 0.294957
0.575 0.270748
0.58 0.246105
0.585 0.221409
0.59 0.197014
0.595 0.173241
0.6 0.150379
0.605 0.128682
0.61 0.108368
0.615 0.0896225
0.62 0.0725967
0.625 0.0574097
0.63 0.0441502
0.635 0.0328781
0.64 0.0236268
0.645 0.0164053
0.65 0.0112004
0.655 0.00797939
0.66 0.00669172
0.665 0.00727177
0.67 0.00964078
0.675 0.013709
0.68 0.0193774
0.685 0.0265402
0.69 0.0350855
0.695 0.044898
0.7 0.0558595
0.705 0.0678509
0.71 0.0807528
0.715 0.094447
0.72 0.108817
0.725 0.12375
0.73 0.139134
0.735 0.154864
0.74 0.170838
0.745 0.186958
0.75 0.203134
0.755 0.219277
0.76 0.235308
0.765 0.25115
0.77 0.266734
0.775 0.281995
0.78 0.296875
0.785 0.31132
0.79 0.325283
0.795 0.338721
0.8 0.351596
0.805 0.363877
0.81 0.375534
0.815 0.386544
0.82 0.396889
0.825 0.406552
0.83 0.415522
0.835 0.423791
0.84 0.431354
0.845 0.43821
0.85 0.44436
0.855 0.449808
0.86 0.45456
0.865 0.458624
0.87 0.462012
0.875 0.464735
0.88 0.466807
0.885 0.468245
0.89 0.469064
0.895 0.469282
0.9 0.468919
0.905 0.467993
0.91 0.466526
0.915 0.464537
0.92 0.46205
0.925 0.459084
0.93 0.455663
0.935 0.451808
0.94 0.447541
0.945 0.442885
0.95 0.437862
0.955 0.432494
0.96 0.426802
0.965 0.420808
0.97 0.414533
0.975 0.407997
0.98 0.401222
0.985 0.394227
0.99 0.387032
0.995 0.379655
1 0.372115
1.005 0.364431
1.01 0.356619
1.015 0.348696
1.02 0.340679
1.025 0.332584
1.03 0.324425
1.035 0.316217
1.04 0.307974
1.045 0.29971
1.05 0.291438
1.055 0.283169
1.06 0.274916
1.065 0.266689
1.07 0.258499
1.075 0.250357
1.08 0.242272
1.085 0.234252
1.09 0.226307
1.095 0.218445
1.1 0.210672
1.105 0.202997
1.11 0.195425
1.115 0.187963
1.12 0.180617
1.125 0.173391
1.13 0.166292
1.135 0.159322
1.14 0.152488
1.145 0.145792
1.15 0.139237
1.155 0.132828
1.16 0.126566
1.165 0.120454
1.17 0.114495
1.175 0.10869
1.18 0.103041
1.185 0.0975486
1.19 0.092215
1.195 0.0870407
1.2 0.0820263
1.205 0.0771722
1.21 0.0724786
1.215 0.0679457
1.22 0.0635733
1.225 0.059361
1.23 0.0553084
1.235 0.0514148
1.24 0.0476795
1.245 0.0441016
1.25 0.0406799
1.255 0.0374134
1.26 0.0343008
1.265 0.0313406
1.27 0.0285314
1.275 0.0258716
1.28 0.0233596
1.285 0.0209936
1.29 0.0187718
1.295 0.0166923
1.3 0.0147532
1.305 0.0129525
1.31 0.0112881
1.315 0.00975792
1.32 0.00835989
1.325 0.00709179
1.33 0.00595143
1.335 0.00493658
1.34 0.00404499
1.345 0.00327436
1.35 0.00262242
1.355 0.00208686
1.36 0.00166535
1.365 0.00135558
1.37 0.00115521
1.375 0.0010619
1.38 0.00107334
1.385 0.00118717
1.39 0.00140109
1.395 0.00171277
1.4 0.00211989
1.405 0.00262017
1.41 0.00321132
1.415 0.00389106
1.42 0.00465714
1.425 0.00550732
1.43 0.00643937
1.435 0.00745109
1.44 0.00854031
1.445 0.00970487
1.45 0.0109426
1.455 0.0122515
1.46 0.0136293
1.465 0.0150741
1.47 0.0165837
1.475 0.0181563
1.48 0.0197897
1.485 0.0214821
1.49 0.0232316
1.495 0.0250361
1.5 0.0268939
1.505 0.0288031
1.51 0.0307619
1.515 0.0327685
1.52 0.0348212
1.525 0.0369181
1.53 0.0390578
1.535 0.0412384
1.54 0.0434583
1.545 0.045716
1.55 0.0480099
1.555 0.0503383
1.56 0.0526999
1.565 0.0550931
1.57 0.0575164
1.575 0.0599685
1.58 0.0624479
1.585 0.0649532
1.59 0.0674832
1.595 0.0700365
1.6 0.0726118
1.605 0.0752079
1.61 0.0778235
1.615 0.0804575
1.62 0.0831086
1.625 0.0857758
1.63 0.0884578
1.635 0.0911536
1.64 0.0938622
1.645 0.0965825
1.65 0.0993134
1.655 0.102054
1.66 0.104803
1.665 0.10756
1.67 0.110324
1.675 0.113094
1.68 0.115869
1.685 0.118648
1.69 0.121431
1.695 0.124216
1.7 0.127003
1.705 0.12979
1.71 0.132579
1.715 0.135366
1.72 0.138153
1.725 0.140938
1.73 0.14372
1.735 0.146499
1.74 0.149274
1.745 0.152045
1.75 0.154811
1.755 0.157572
1.76 0.160326
1.765 0.163074
1.77 0.165814
1.775 0.168547
1.78 0.171272
1.785 0.173988
1.79 0.176695
1.795 0.179393
1.8 0.182081
1.805 0.184758
1.81 0.187425
1.815 0.19008
1.82 0.192724
1.825 0.195356
1.83 0.197976
1.835 0.200583
1.84 0.203177
1.845 0.205759
1.85 0.208326
1.855 0.210881
1.86 0.213421
1.865 0.215946
1.87 0.218457
1.875 0.220954
1.88 0.223435
1.885 0.225901
1.89 0.228352
1.895 0.230787
1.9 0.233207
1.905 0.23561
1.91 0.237997
1.915 0.240368
1.92 0.242722
1.925 0.245059
1.93 0.24738
1.935 0.249684
1.94 0.251971
1.945 0.254241
1.95 0.256493
1.955 0.258728
1.96 0.260946
1.965 0.263146
1.97 0.265328
1.975 0.267492
1.98 0.269639
1.985 0.271768
1.99 0.273879
1.995 0.275972
2 0.278048
2.005 0.280105
2.01 0.282144
2.015 0.284165
2.02 0.286167
2.025 0.288152
2.03 0.290118
2.035 0.292066
2.04 0.293996
2.045 0.295908
2.05 0.297802
2.055 0.299677
2.06 0.301534
2.065 0.303373
2.07 0.305194
2.075 0.306997
2.08 0.308782
2.085 0.310548
2.09 0.312297
2.095 0.314027
2.1 0.31574
2.105 0.317434
2.11 0.319111
2.115 0.320769
2.12 0.32241
2.125 0.324033
2.13 0.325639
2.135 0.327227
2.14 0.328797
2.145 0.330349
2.15 0.331884
2.155 0.333402
2.16 0.334902
2.165 0.336386
2.17 0.337851
2.175 0.3393
2.18 0.340732
2.185 0.342146
2.19 0.343544
2.195 0.344925
2.2 0.346289
2.205 0.347636
2.21 0.348967
2.215 0.350281
2.22 0.351578
2.225 0.35286
2.23 0.354125
2.235 0.355374
2.24 0.356606
2.245 0.357823
2.25 0.359024
2.255 0.360209
2.26 0.361378
2.265 0.362531
2.27 0.363669
2.275 0.364792
2.28 0.365899
2.285 0.366991
2.29 0.368067
2.295 0.369129
2.3 0.370175
2.305 0.371207
2.31 0.372224
2.315 0.373226
2.32 0.374213
2.325 0.375186
2.33 0.376145
2.335 0.377089
2.34 0.378019
2.345 0.378935
2.35 0.379836
2.355 0.380724
2.36 0.381598
2.365 0.382459
2.37 0.383305
2.375 0.384139
2.38 0.384958
2.385 0.385765
2.39 0.386558
2.395 0.387338
2.4 0.388105
2.405 0.388859
2.41 0.3896
2.415 0.390329
2.42 0.391044
2.425 0.391748
2.43 0.392439
2.435 0.393117
2.44 0.393783
2.445 0.394437
2.45 0.39508
2.455 0.39571
2.46 0.396328
2.465 0.396934
2.47 0.397529
2.475 0.398112
2.48 0.398684
2.485 0.399244
2.49 0.399794
2.495 0.400331
2.5 0.400858
2.505 0.401374
2.51 0.401879
2.515 0.402373
2.52 0.402856
2.525 0.403329
2.53 0.403791
2.535 0.404243
2.54 0.404684
2.545 0.405115
2.55 0.405536
2.555 0.405947
2.56 0.406348
2.565 0.406739
2.57 0.40712
2.575 0.407491
2.58 0.407853
2.585 0.408205
2.59 0.408548
2.595 0.408881
2.6 0.409205
2.605 0.40952
2.61 0.409826
2.615 0.410123
2.62 0.41041
2.625 0.410689
2.63 0.410959
2.635 0.41122
2.64 0.411473
2.645 0.411717
2.65 0.411953
2.655 0.41218
2.66 0.412399
2.665 0.41261
2.67 0.412813
2.675 0.413007
2.68 0.413194
2.685 0.413373
2.69 0.413543
2.695 0.413706
2.7 0.413862
2.705 0.41401
2.71 0.41415
2.715 0.414283
2.72 0.414408
2.725 0.414526
2.73 0.414637
2.735 0.41474
2.74 0.414837
2.745 0.414927
2.75 0.415009
2.755 0.415085
2.76 0.415154
2.765 0.415216
2.77 0.415271
2.775 0.41532
2.78 0.415362
2.785 0.415398
2.79 0.415428
2.795 0.415451
2.8 0.415467
2.805 0.415478
2.81 0.415482
2.815 0.415481
2.82 0.415473
2.825 0.415459
2.83 0.41544
2.835 0.415415
2.84 0.415383
2.845 0.415347
2.85 0.415304
2.855 0.415256
2.86 0.415202
2.865 0.415143
2.87 0.415079
2.875 0.415009
2.88 0.414934
2.885 0.414853
2.89 0.414768
2.895 0.414677
2.9 0.414581
2.905 0.41448
2.91 0.414375
2.915 0.414264
2.92 0.414149
2.925 0.414028
2.93 0.413903
2.935 0.413773
2.94 0.413639
2.945 0.4135
2.95 0.413357
2.955 0.413209
2.96 0.413056
2.965 0.412899
2.97 0.412738
2.975 0.412573
2.98 0.412403
2.985 0.412229
2.99 0.412051
2.995 0.411869
3 0.411683
3.005 0.411493
3.01 0.411299
3.015 0.411101
3.02 0.410899
3.025 0.410693
3.03 0.410484
3.035 0.410271
3.04 0.410054
3.045 0.409834
3.05 0.409609
3.055 0.409382
3.06 0.409151
3.065 0.408916
3.07 0.408678
3.075 0.408437
3.08 0.408192
3.085 0.407944
3.09 0.407692
3.095 0.407438
3.1 0.40718
3.105 0.406919
3.11 0.406655
3.115 0.406388
3.12 0.406118
3.125 0.405845
3.13 0.405569
3.135 0.40529
3.14 0.405008
3.145 0.404723
3.15 0.404436
3.155 0.404145
3.16 0.403852
3.165 0.403557
3.17 0.403258
3.175 0.402957
3.18 0.402654
3.185 0.402347
3.19 0.402039
3.195 0.401727
3.2 0.401414
3.205 0.401098
3.21 0.400779
3.215 0.400458
3.22 0.400135
3.225 0.399809
3.23 0.399482
3.235 0.399151
3.24 0.398819
3.245 0.398485
3.25 0.398148
3.255 0.397809
3.26 0.397468
3.265 0.397126
3.27 0.396781
3.275 0.396434
3.28 0.396085
3.285 0.395734
3.29 0.395381
3.295 0.395026
3.3 0.39467
3.305 0.394311
3.31 0.393951
3.315 0.393589
3.32 0.393225
3.325 0.392859
3.33 0.392492
3.335 0.392123
3.34 0.391752
3.345 0.39138
3.35 0.391006
3.355 0.390631
3.36 0.390254
3.365 0.389875
3.37 0.389495
3.375 0.389113
3.38 0.38873
3.385 0.388346
3.39 0.38796
3.395 0.387572
3.4 0.387184
3.405 0.386794
3.41 0.386402
3.415 0.386009
3.42 0.385615
3.425 0.38522
3.43 0.384823
3.435 0.384426
3.44 0.384027
3.445 0.383626
3.45 0.383225
3.455 0.382822
3.46 0.382419
3.465 0.382014
3.47 0.381608
3.475 0.381201
3.48 0.380793
3.485 0.380384
3.49 0.379974
3.495 0.379563
3.5 0.379151
3.505 0.378738
3.51 0.378324
3.515 0.377909
3.52 0.377494
3.525 0.377077
3.53 0.376659
3.535 0.376241
3.54 0.375822
3.545 0.375402
3.55 0.374981
3.555 0.374559
3.56 0.374137
3.565 0.373714
3.57 0.37329
3.575 0.372865
3.58 0.37244
3.585 0.372014
3.59 0.371587
3.595 0.37116
3.6 0.370732
3.605 0.370303
3.61 0.369874
3.615 0.369444
3.62 0.369013
3.625 0.368582
3.63 0.368151
3.635 0.367719
3.64 0.367286
3.645 0.366853
3.65 0.366419
3.655 0.365985
3.66 0.36555
3.665 0.365115
3.67 0.364679
3.675 0.364243
3.68 0.363807
3.685 0.36337
3.69 0.362932
3.695 0.362494
3.7 0.362056
3.705 0.361618
3.71 0.361179
3.715 0.36074
3.72 0.3603
3.725 0.35986
3.73 0.35942
3.735 0.35898
3.74 0.358539
3.745 0.358098
3.75 0.357657
3.755 0.357215
3.76 0.356773
3.765 0.356331
3.77 0.355889
3.775 0.355446
3.78 0.355004
3.785 0.354561
3.79 0.354118
3.795 0.353675
3.8 0.353231
3.805 0.352788
3.81 0.352344
3.815 0.3519
3.82 0.351456
3.825 0.351012
3.83 0.350568
3.835 0.350123
3.84 0.349679
3.845 0.349234
3.85 0.34879
3.855 0.348345
3.86 0.3479
3.865 0.347456
3.87 0.347011
3.875 0.346566
3.88 0.346121
3.885 0.345676
3.89 0.345232
3.895 0.344787
3.9 0.344342
3.905 0.343897
3.91 0.343452
3.915 0.343007
3.92 0.342563
3.925 0.342118
3.93 0.341673
3.935 0.341229
3.94 0.340784
3.945 0.34034
3.95 0.339895
3.955 0.339451
3.96 0.339007
3.965 0.338563
3.97 0.338119
3.975 0.337675
3.98 0.337231
3.985 0.336788
3.99 0.336344
3.995 0.335901
4 0.335458
4.005 0.335015
4.01 0.334572
4.015 0.334129
4.02 0.333686
4.025 0.333244
4.03 0.332802
4.035 0.33236
4.04 0.331918
4.045 0.331476
4.05 0.331035
4.055 0.330594
4.06 0.330153
4.065 0.329712
4.07 0.329271
4.075 0.328831
4.08 0.328391
4.085 0.327951
4.09 0.327512
4.095 0.327072
4.1 0.326633
4.105 0.326194
4.11 0.325756
4.115 0.325318
4.12 0.32488
4.125 0.324442
4.13 0.324004
4.135 0.323567
4.14 0.32313
4.145 0.322694
4.15 0.322258
4.155 0.321822
4.16 0.321386
4.165 0.320951
4.17 0.320516
4.175 0.320081
4.18 0.319647
4.185 0.319213
4.19 0.318779
4.195 0.318345
4.2 0.317912
4.205 0.31748
4.21 0.317047
4.215 0.316615
4.22 0.316184
4.225 0.315753
4.23 0.315322
4.235 0.314891
4.24 0.314461
4.245 0.314031
4.25 0.313602
4.255 0.313173
4.26 0.312744
4.265 0.312316
4.27 0.311888
4.275 0.31146
4.28 0.311033
4.285 0.310607
4.29 0.31018
4.295 0.309754
4.3 0.309329
4.305 0.308904
4.31 0.308479
4.315 0.308055
4.32 0.307631
4.325 0.307208
4.33 0.306785
4.335 0.306362
4.34 0.30594
4.345 0.305519
4.35 0.305097
4.355 0.304676
4.36 0.304256
4.365 0.303836
4.37 0.303417
4.375 0.302998
4.38 0.302579
4.385 0.302161
4.39 0.301743
4.395 0.301326
4.4 0.300909
4.405 0.300493
4.41 0.300077
4.415 0.299662
4.42 0.299247
4.425 0.298832
4.43 0.298418
4.435 0.298005
4.44 0.297592
4.445 0.297179
4.45 0.296767
4.455 0.296355
4.46 0.295944
4.465 0.295534
4.47 0.295123
4.475 0.294714
4.48 0.294305
4.485 0.293896
4.49 0.293488
4.495 0.29308
4.5 0.292673
4.505 0.292266
4.51 0.29186
4.515 0.291454
4.52 0.291049
4.525 0.290644
4.53 0.29024
4.535 0.289836
4.54 0.289433
4.545 0.28903
4.55 0.288628
4.555 0.288226
4.56 0.287825
4.565 0.287424
4.57 0.287024
4.575 0.286625
4.58 0.286225
4.585 0.285827
4.59 0.285429
4.595 0.285031
4.6 0.284634
4.605 0.284237
4.61 0.283841
4.615 0.283446
4.62 0.283051
4.625 0.282657
4.63 0.282263
4.635 0.281869
4.64 0.281476
4.645 0.281084
4.65 0.280692
4.655 0.280301
4.66 0.27991
4.665 0.27952
4.67 0.27913
4.675 0.278741
4.68 0.278352
4.685 0.277964
4.69 0.277577
4.695 0.27719
4.7 0.276803
4.705 0.276417
4.71 0.276032
4.715 0.275647
4.72 0.275263
4.725 0.274879
4.73 0.274496
4.735 0.274113
4.74 0.273731
4.745 0.273349
4.75 0.272968
4.755 0.272588
4.76 0.272208
4.765 0.271828
4.77 0.271449
4.775 0.271071
4.78 0.270693
4.785 0.270316
4.79 0.269939
4.795 0.269563
4.8 0.269187
4.805 0.268812
4.81 0.268438
4.815 0.268064
4.82 0.26769
4.825 0.267317
4.83 0.266945
4.835 0.266573
4.84 0.266202
4.845 0.265831
4.85 0.265461
4.855 0.265092
4.86 0.264723
4.865 0.264354
4.87 0.263986
4.875 0.263619
4.88 0.263252
4.885 0.262886
4.89 0.26252
4.895 0.262155
4.9 0.26179
4.905 0.261426
4.91 0.261062
4.915 0.260699
4.92 0.260337
4.925 0.259975
4.93 0.259614
4.935 0.259253
4.94 0.258893
4.945 0.258533
4.95 0.258174
4.955 0.257815
4.96 0.257457
4.965 0.2571
4.97 0.256743
4.975 0.256386
4.98 0.25603
4.985 0.255675
4.99 0.25532
4.995 0.254966
5 0.254613
5.005 0.25426
5.01 0.253907
5.015 0.253555
5.02 0.253204
5.025 0.252853
5.03 0.252502
5.035 0.252153
5.04 0.251803
5.045 0.251455
5.05 0.251107
5.055 0.250759
5.06 0.250412
5.065 0.250065
5.07 0.249719
5.075 0.249374
5.08 0.249029
5.085 0.248685
5.09 0.248341
5.095 0.247998
5.1 0.247655
5.105 0.247313
5.11 0.246972
5.115 0.246631
5.12 0.24629
5.125 0.24595
5.13 0.245611
5.135 0.245272
5.14 0.244934
5.145 0.244596
5.15 0.244259
5.155 0.243922
5.16 0.243586
5.165 0.24325
5.17 0.242915
5.175 0.242581
5.18 0.242247
5.185 0.241913
5.19 0.24158
5.195 0.241248
5.2 0.240916
5.205 0.240585
5.21 0.240254
5.215 0.239924
5.22 0.239594
5.225 0.239265
5.23 0.238936
5.235 0.238608
5.24 0.238281
5.245 0.237954
5.25 0.237627
5.255 0.237301
5.26 0.236976
5.265 0.236651
5.27 0.236327
5.275 0.236003
5.28 0.23568
5.285 0.235357
5.29 0.235035
5.295 0.234713
5.3 0.234392
5.305 0.234072
5.31 0.233751
5.315 0.233432
5.32 0.233113
5.325 0.232794
5.33 0.232476
5.335 0.232159
5.34 0.231842
5.345 0.231526
5.35 0.23121
5.355 0.230894
5.36 0.23058
5.365 0.230265
5.37 0.229952
5.375 0.229638
5.38 0.229326
5.385 0.229013
5.39 0.228702
5.395 0.22839
5.4 0.22808
5.405 0.22777
5.41 0.22746
5.415 0.227151
5.42 0.226842
5.425 0.226534
5.43 0.226227
5.435 0.22592
5.44 0.225613
5.445 0.225307
5.45 0.225002
5.455 0.224697
5.46 0.224392
5.465 0.224088
5.47 0.223785
5.475 0.223482
5.48 0.223179
5.485 0.222877
5.49 0.222576
5.495 0.222275
5.5 0.221974
5.505 0.221675
5.51 0.221375
5.515 0.221076
5.52 0.220778
5.525 0.22048
5.53 0.220183
5.535 0.219886
5.54 0.219589
5.545 0.219293
5.55 0.218998
5.555 0.218703
5.56 0.218409
5.565 0.218115
5.57 0.217821
5.575 0.217528
5.58 0.217236
5.585 0.216944
5.59 0.216653
5.595 0.216362
5.6 0.216071
5.605 0.215781
5.61 0.215492
5.615 0.215203
5.62 0.214914
5.625 0.214626
5.63 0.214339
5.635 0.214052
5.64 0.213765
5.645 0.213479
5.65 0.213194
5.655 0.212909
5.66 0.212624
5.665 0.21234
5.67 0.212056
5.675 0.211773
5.68 0.211491
5.685 0.211208
5.69 0.210927
5.695 0.210645
5.7 0.210365
5.705 0.210084
5.71 0.209805
5.715 0.209525
5.72 0.209247
5.725 0.208968
5.73 0.20869
5.735 0.208413
5.74 0.208136
5.745 0.207859
5.75 0.207583
5.755 0.207308
5.76 0.207033
5.765 0.206758
5.77 0.206484
5.775 0.206211
5.78 0.205937
5.785 0.205665
5.79 0.205392
5.795 0.205121
5.8 0.204849
5.805 0.204578
5.81 0.204308
5.815 0.204038
5.82 0.203769
5.825 0.2035
5.83 0.203231
5.835 0.202963
5.84 0.202695
5.845 0.202428
5.85 0.202161
5.855 0.201895
5.86 0.201629
5.865 0.201364
5.87 0.201099
5.875 0.200835
5.88 0.200571
5.885 0.200307
5.89 0.200044
5.895 0.199781
5.9 0.199519
5.905 0.199257
5.91 0.198996
5.915 0.198735
5.92 0.198475
5.925 0.198215
5.93 0.197955
5.935 0.197696
5.94 0.197438
5.945 0.19718
5.95 0.196922
5.955 0.196664
5.96 0.196408
5.965 0.196151
5.97 0.195895
5.975 0.19564
5.98 0.195385
5.985 0.19513
5.99 0.194876
5.995 0.194622
6 0.194368
6.005 0.194116
6.01 0.193863
6.015 0.193611
6.02 0.193359
6.025 0.193108
6.03 0.192857
6.035 0.192607
6.04 0.192357
6.045 0.192108
6.05 0.191859
6.055 0.19161
6.06 0.191362
6.065 0.191114
6.07 0.190867
6.075 0.19062
6.08 0.190373
6.085 0.190127
6.09 0.189881
6.095 0.189636
6.1 0.189391
6.105 0.189147
6.11 0.188903
6.115 0.188659
6.12 0.188416
6.125 0.188173
6.13 0.187931
6.135 0.187689
6.14 0.187448
6.145 0.187207
6.15 0.186966
6.155 0.186726
6.16 0.186486
6.165 0.186246
6.17 0.186007
6.175 0.185769
6.18 0.18553
6.185 0.185293
6.19 0.185055
6.195 0.184818
6.2 0.184582
6.205 0.184345
6.21 0.18411
6.215 0.183874
6.22 0.183639
6.225 0.183405
6.23 0.183171
6.235 0.182937
6.24 0.182703
6.245 0.18247
6.25 0.182238
6.255 0.182006
6.26 0.181774
6.265 0.181542
6.27 0.181311
6.275 0.181081
6.28 0.180851
6.285 0.180621
6.29 0.180391
6.295 0.180162
6.3 0.179934
6.305 0.179705
6.31 0.179478
6.315 0.17925
6.32 0.179023
6.325 0.178796
6.33 0.17857
6.335 0.178344
6.34 0.178119
6.345 0.177893
6.35 0.177669
6.355 0.177444
6.36 0.17722
6.365 0.176997
6.37 0.176773
6.375 0.17655
6.38 0.176328
6.385 0.176106
6.39 0.175884
6.395 0.175663
6.4 0.175442
6.405 0.175221
6.41 0.175001
6.415 0.174781
6.42 0.174562
6.425 0.174342
6.43 0.174124
6.435 0.173905
6.44 0.173687
6.445 0.17347
6.45 0.173253
6.455 0.173036
6.46 0.172819
6.465 0.172603
6.47 0.172387
6.475 0.172172
6.48 0.171957
6.485 0.171742
6.49 0.171528
6.495 0.171314
6.5 0.1711
6.505 0.170887
6.51 0.170674
6.515 0.170462
6.52 0.170249
6.525 0.170038
6.53 0.169826
6.535 0.169615
6.54 0.169404
6.545 0.169194
6.55 0.168984
6.555 0.168774
6.56 0.168565
6.565 0.168356
6.57 0.168148
6.575 0.167939
6.58 0.167731
6.585 0.167524
6.59 0.167317
6.595 0.16711
6.6 0.166903
6.605 0.166697
6.61 0.166491
6.615 0.166286
6.62 0.166081
6.625 0.165876
6.63 0.165672
6.635 0.165468
6.64 0.165264
6.645 0.165061
6.65 0.164858
6.655 0.164655
6.66 0.164453
6.665 0.164251
6.67 0.164049
6.675 0.163848
6.68 0.163647
6.685 0.163446
6.69 0.163246
6.695 0.163046
6.7 0.162846
6.705 0.162647
6.71 0.162448
6.715 0.162249
6.72 0.162051
6.725 0.161853
6.73 0.161655
6.735 0.161458
6.74 0.161261
6.745 0.161064
6.75 0.160868
6.755 0.160672
6.76 0.160476
6.765 0.160281
6.77 0.160086
6.775 0.159891
6.78 0.159697
6.785 0.159503
6.79 0.159309
6.795 0.159116
6.8 0.158923
6.805 0.15873
6.81 0.158538
6.815 0.158346
6.82 0.158154
6.825 0.157962
6.83 0.157771
6.835 0.15758
6.84 0.15739
6.845 0.1572
6.85 0.15701
6.855 0.15682
6.86 0.156631
6.865 0.156442
6.87 0.156254
6.875 0.156065
6.88 0.155877
6.885 0.15569
6.89 0.155502
6.895 0.155315
6.9 0.155129
6.905 0.154942
6.91 0.154756
6.915 0.15457
6.92 0.154385
6.925 0.1542
6.93 0.154015
6.935 0.15383
6.94 0.153646
6.945 0.153462
6.95 0.153279
6.955 0.153095
6.96 0.152912
6.965 0.15273
6.97 0.152547
6.975 0.152365
6.98 0.152183
6.985 0.152002
6.99 0.15182
6.995 0.15164
7 0.151459
7.005 0.151279
7.01 0.151099
7.015 0.150919
7.02 0.15074
7.025 0.15056
7.03 0.150382
7.035 0.150203
7.04 0.150025
7.045 0.149847
7.05 0.149669
7.055 0.149492
7.06 0.149315
7.065 0.149138
7.07 0.148962
7.075 0.148785
7.08 0.148609
7.085 0.148434
7.09 0.148259
7.095 0.148083
7.1 0.147909
7.105 0.147734
7.11 0.14756
7.115 0.147386
7.12 0.147213
7.125 0.147039
7.13 0.146866
7.135 0.146694
7.14 0.146521
7.145 0.146349
7.15 0.146177
7.155 0.146005
7.16 0.145834
7.165 0.145663
7.17 0.145492
7.175 0.145322
7.18 0.145152
7.185 0.144982
7.19 0.144812
7.195 0.144643
7.2 0.144473
7.205 0.144305
7.21 0.144136
7.215 0.143968
7.22 0.1438
7.225 0.143632
7.23 0.143465
7.235 0.143297
7.24 0.143131
7.245 0.142964
7.25 0.142798
7.255 0.142631
7.26 0.142466
7.265 0.1423
7.27 0.142135
7.275 0.14197
7.28 0.141805
7.285 0.141641
7.29 0.141476
7.295 0.141312
7.3 0.141149
7.305 0.140985
7.31 0.140822
7.315 0.140659
7.32 0.140497
7.325 0.140334
7.33 0.140172
7.335 0.14001
7.34 0.139849
7.345 0.139688
7.35 0.139527
7.355 0.139366
7.36 0.139205
7.365 0.139045
7.37 0.138885
7.375 0.138725
7.38 0.138566
7.385 0.138407
7.39 0.138248
7.395 0.138089
7.4 0.13793
7.405 0.137772
7.41 0.137614
7.415 0.137457
7.42 0.137299
7.425 0.137142
7.43 0.136985
7.435 0.136828
7.44 0.136672
7.445 0.136516
7.45 0.13636
7.455 0.136204
7.46 0.136049
7.465 0.135894
7.47 0.135739
7.475 0.135584
7.48 0.13543
7.485 0.135275
7.49 0.135121
7.495 0.134968
7.5 0.134814
7.505 0.134661
7.51 0.134508
7.515 0.134356
7.52 0.134203
7.525 0.134051
7.53 0.133899
7.535 0.133747
7.54 0.133596
7.545 0.133444
7.55 0.133293
7.555 0.133143
7.56 0.132992
7.565 0.132842
7.57 0.132692
7.575 0.132542
7.58 0.132393
7.585 0.132243
7.59 0.132094
7.595 0.131945
7.6 0.131797
7.605 0.131648
7.61 0.1315
7.615 0.131352
7.62 0.131205
7.625 0.131057
7.63 0.13091
7.635 0.130763
7.64 0.130616
7.645 0.13047
7.65 0.130324
7.655 0.130178
7.66 0.130032
7.665 0.129886
7.67 0.129741
7.675 0.129596
7.68 0.129451
7.685 0.129306
7.69 0.129162
7.695 0.129018
7.7 0.128874
7.705 0.12873
7.71 0.128586
7.715 0.128443
7.72 0.1283
7.725 0.128157
7.73 0.128015
7.735 0.127872
7.74 0.12773
7.745 0.127588
7.75 0.127447
7.755 0.127305
7.76 0.127164
7.765 0.127023
7.77 0.126882
7.775 0.126741
7.78 0.126601
7.785 0.126461
7.79 0.126321
7.795 0.126181
7.8 0.126042
7.805 0.125902
7.81 0.125763
7.815 0.125625
7.82 0.125486
7.825 0.125347
7.83 0.125209
7.835 0.125071
7.84 0.124934
7.845 0.124796
7.85 0.124659
7.855 0.124522
7.86 0.124385
7.865 0.124248
7.87 0.124112
7.875 0.123975
7.88 0.123839
7.885 0.123703
7.89 0.123568
7.895 0.123432
7.9 0.123297
7.905 0.123162
7.91 0.123027
7.915 0.122893
7.92 0.122759
7.925 0.122624
7.93 0.122491
7.935 0.122357
7.94 0.122223
7.945 0.12209
7.95 0.121957
7.955 0.121824
7.96 0.121691
7.965 0.121559
7.97 0.121426
7.975 0.121294
7.98 0.121163
7.985 0.121031
7.99 0.120899
7.995 0.120768
8 0.120637
8.005 0.120506
8.01 0.120376
8.015 0.120245
8.02 0.120115
8.025 0.119985
8.03 0.119855
8.035 0.119725
8.04 0.119596
8.045 0.119467
8.05 0.119338
8.055 0.119209
8.06 0.11908
8.065 0.118952
8.07 0.118823
8.075 0.118695
8.08 0.118568
8.085 0.11844
8.09 0.118312
8.095 0.118185
8.1 0.118058
8.105 0.117931
8.11 0.117804
8.115 0.117678
8.12 0.117552
8.125 0.117426
8.13 0.1173
8.135 0.117174
8.14 0.117048
8.145 0.116923
8.15 0.116798
8.155 0.116673
8.16 0.116548
8.165 0.116424
8.17 0.116299
8.175 0.116175
8.18 0.116051
8.185 0.115927
8.19 0.115804
8.195 0.11568
8.2 0.115557
8.205 0.115434
8.21 0.115311
8.215 0.115188
8.22 0.115066
8.225 0.114944
8.23 0.114822
8.235 0.1147
8.24 0.114578
8.245 0.114456
8.25 0.114335
8.255 0.114214
8.26 0.114093
8.265 0.113972
8.27 0.113851
8.275 0.113731
8.28 0.11361
8.285 0.11349
8.29 0.11337
8.295 0.113251
8.3 0.113131
8.305 0.113012
8.31 0.112893
8.315 0.112774
8.32 0.112655
8.325 0.112536
8.33 0.112418
8.335 0.112299
8.34 0.112181
8.345 0.112063
8.35 0.111946
8.355 0.111828
8.36 0.111711
8.365 0.111593
8.37 0.111476
8.375 0.111359
8.38 0.111243
8.385 0.111126
8.39 0.11101
8.395 0.110894
8.4 0.110778
8.405 0.110662
8.41 0.110546
8.415 0.110431
8.42 0.110315
8.425 0.1102
8.43 0.110085
8.435 0.10997
8.44 0.109856
8.445 0.109741
8.45 0.109627
8.455 0.109513
8.46 0.109399
8.465 0.109285
8.47 0.109172
8.475 0.109058
8.48 0.108945
8.485 0.108832
8.49 0.108719
8.495 0.108606
8.5 0.108494
8.505 0.108381
8.51 0.108269
8.515 0.108157
8.52 0.108045
8.525 0.107933
8.53 0.107822
8.535 0.10771
8.54 0.107599
8.545 0.107488
8.55 0.107377
8.555 0.107266
8.56 0.107156
8.565 0.107045
8.57 0.106935
8.575 0.106825
8.58 0.106715
8.585 0.106605
8.59 0.106496
8.595 0.106386
8.6 0.106277
8.605 0.106168
8.61 0.106059
8.615 0.10595
8.62 0.105841
8.625 0.105733
8.63 0.105625
8.635 0.105516
8.64 0.105408
8.645 0.105301
8.65 0.105193
8.655 0.105085
8.66 0.104978
8.665 0.104871
8.67 0.104764
8.675 0.104657
8.68 0.10455
8.685 0.104444
8.69 0.104337
8.695 0.104231
8.7 0.104125
8.705 0.104019
8.71 0.103913
8.715 0.103807
8.72 0.103702
8.725 0.103597
8.73 0.103491
8.735 0.103386
8.74 0.103281
8.745 0.103177
8.75 0.103072
8.755 0.102968
8.76 0.102864
8.765 0.102759
8.77 0.102655
8.775 0.102552
8.78 0.102448
8.785 0.102344
8.79 0.102241
8.795 0.102138
8.8 0.102035
8.805 0.101932
8.81 0.101829
8.815 0.101727
8.82 0.101624
8.825 0.101522
8.83 0.10142
8.835 0.101318
8.84 0.101216
8.845 0.101114
8.85 0.101013
8.855 0.100911
8.86 0.10081
8.865 0.100709
8.87 0.100608
8.875 0.100507
8.88 0.100406
8.885 0.100306
8.89 0.100205
8.895 0.100105
8.9 0.100005
8.905 0.099905
8.91 0.0998052
8.915 0.0997055
8.92 0.099606
8.925 0.0995066
8.93 0.0994074
8.935 0.0993083
8.94 0.0992093
8.945 0.0991105
8.95 0.0990119
8.955 0.0989133
8.96 0.0988149
8.965 0.0987167
8.97 0.0986186
8.975 0.0985206
8.98 0.0984228
8.985 0.0983251
8.99 0.0982276
8.995 0.0981302
9 0.0980329
9.005 0.0979358
9.01 0.0978388
9.015 0.097742
9.02 0.0976453
9.025 0.0975487
9.03 0.0974523
9.035 0.097356
9.04 0.0972598
9.045 0.0971638
9.05 0.0970679
9.055 0.0969722
9.06 0.0968766
9.065 0.0967811
9.07 0.0966858
9.075 0.0965906
9.08 0.0964955
9.085 0.0964006
9.09 0.0963058
9.095 0.0962112
9.1 0.0961166
9.105 0.0960223
9.11 0.095928
9.115 0.0958339
9.12 0.0957399
9.125 0.095646
9.13 0.0955523
9.135 0.0954587
9.14 0.0953653
9.145 0.095272
9.15 0.0951788
9.155 0.0950857
9.16 0.0949928
9.165 0.0949
9.17 0.0948074
9.175 0.0947148
9.18 0.0946224
9.185 0.0945302
9.19 0.094438
9.195 0.094346
9.2 0.0942541
9.205 0.0941624
9.21 0.0940708
9.215 0.0939793
9.22 0.0938879
9.225 0.0937967
9.23 0.0937056
9.235 0.0936146
9.24 0.0935237
9.245 0.093433
9.25 0.0933424
9.255 0.093252
9.26 0.0931616
9.265 0.0930714
9.27 0.0929813
9.275 0.0928914
9.28 0.0928016
9.285 0.0927118
9.29 0.0926223
9.295 0.0925328
9.3 0.0924435
9.305 0.0923543
9.31 0.0922652
9.315 0.0921762
9.32 0.0920874
9.325 0.0919987
9.33 0.0919101
9.335 0.0918217
9.34 0.0917333
9.345 0.0916451
9.35 0.091557
9.355 0.0914691
9.36 0.0913812
9.365 0.0912935
9.37 0.0912059
9.375 0.0911184
9.38 0.0910311
9.385 0.0909438
9.39 0.0908567
9.395 0.0907697
9.4 0.0906829
9.405 0.0905961
9.41 0.0905095
9.415 0.090423
9.42 0.0903366
9.425 0.0902503
9.43 0.0901642
9.435 0.0900782
9.44 0.0899923
9.445 0.0899065
9.45 0.0898208
9.455 0.0897352
9.46 0.0896498
9.465 0.0895645
9.47 0.0894793
9.475 0.0893942
9.48 0.0893092
9.485 0.0892244
9.49 0.0891397
9.495 0.0890551
9.5 0.0889706
9.505 0.0888862
9.51 0.0888019
9.515 0.0887178
9.52 0.0886337
9.525 0.0885498
9.53 0.088466
9.535 0.0883823
9.54 0.0882988
9.545 0.0882153
9.55 0.088132
9.555 0.0880488
9.56 0.0879656
9.565 0.0878826
9.57 0.0877998
9.575 0.087717
9.58 0.0876343
9.585 0.0875518
9.59 0.0874694
9.595 0.0873871
9.6 0.0873048
9.605 0.0872228
9.61 0.0871408
9.615 0.0870589
9.62 0.0869772
9.625 0.0868955
9.63 0.086814
9.635 0.0867326
9.64 0.0866512
9.645 0.0865701
9.65 0.086489
9.655 0.086408
9.66 0.0863271
9.665 0.0862464
9.67 0.0861657
9.675 0.0860852
9.68 0.0860047
9.685 0.0859244
9.69 0.0858442
9.695 0.0857641
9.7 0.0856841
9.705 0.0856042
9.71 0.0855245
9.715 0.0854448
9.72 0.0853652
9.725 0.0852858
9.73 0.0852065
9.735 0.0851272
9.74 0.0850481
9.745 0.0849691
9.75 0.0848902
9.755 0.0848113
9.76 0.0847326
9.765 0.0846541
9.77 0.0845756
9.775 0.0844972
9.78 0.0844189
9.785 0.0843407
9.79 0.0842627
9.795 0.0841847
9.8 0.0841069
9.805 0.0840291
9.81 0.0839515
9.815 0.0838739
9.82 0.0837965
9.825 0.0837192
9.83 0.0836419
9.835 0.0835648
9.84 0.0834878
9.845 0.0834109
9.85 0.083334
9.855 0.0832573
9.86 0.0831807
9.865 0.0831042
9.87 0.0830278
9.875 0.0829515
9.88 0.0828753
9.885 0.0827992
9.89 0.0827232
9.895 0.0826473
9.9 0.0825715
9.905 0.0824959
9.91 0.0824203
9.915 0.0823448
9.92 0.0822694
9.925 0.0821941
9.93 0.0821189
9.935 0.0820438
9.94 0.0819688
9.945 0.081894
9.95 0.0818192
9.955 0.0817445
9.96 0.0816699
9.965 0.0815954
9.97 0.081521
9.975 0.0814467
9.98 0.0813725
9.985 0.0812985
9.99 0.0812245
9.995 0.0811506
