0 -nan
0.005 0.212268
0.01 0.2399
0.015 0.612564
0.02 0.0985294
0.025 0.463961
0.03 0.373726
0.035 0.11
0.04 0.443267
0.045 0.0851995
0.05 0.276789
0.055 0.152673
0.06 0.317204
0.065 0.46868
0.07 0.379535
0.075 0.0285235
0.08 0.0206945
0.085 0.0450937
0.09 0.372072
0.095 0.929094
0.1 0.371855
0.105 0.331068
0.11 0.824067
0.115 0.197849
0.12 0.7529
0.125 0.49967
0.13 0.244498
0.135 0.989344
0.14 0.240092
0.145 0.279249
0.15 0.964785
0.155 0.560916
0.16 0.0465917
0.165 0.452
0.17 0.944701
0.175 0.709734
0.18 0.17288
0.185 0.0796743
0.19 0.48358
0.195 0.87673
0.2 0.86558
0.205 0.507973
0.21 0.140805
0.215 0.0408757
0.22 0.242188
0.225 0.577739
0.23 0.833397
0.235 0.879787
0.24 0.717412
0.245 0.443716
0.25 0.185998
0.255 0.0420319
0.26 0.0500871
0.265 0.189618
0.27 0.401842
0.275 0.616587
0.28 0.774931
0.285 0.842372
0.29 0.812002
0.295 0.700064
0.3 0.537388
0.305 0.359949
0.31 0.200843
0.315 0.0848803
0.32 0.0260496
0.325 0.0274538
0.33 0.0830113
0.335 0.180135
0.34 0.302698
0.345 0.433776
0.35 0.557847
0.355 0.66231
0.36 0.73831
0.365 0.780975
0.37 0.78917
0.375 0.76494
0.38 0.712772
0.385 0.638788
0.39 0.54998
0.395 0.453524
0.4 0.356229
0.405 0.264126
0.41 0.182191
0.415 0.114207
0.42 0.0627206
0.425 0.0290926
0.43 0.0136083
0.435 0.0156281
0.44 0.0337622
0.445 0.0660518
0.45 0.110145
0.455 0.163463
0.46 0.223341
0.465 0.287154
0.47 0.352411
0.475 0.416836
0.48 0.478419
0.485 0.535449
0.49 0.586533
0.495 0.630595
0.5 0.66687
0.505 0.694886
0.51 0.714436
0.515 0.72555
0.52 0.728465
0.525 0.723591
0.53 0.711476
0.535 0.69278
0.54 0.66824
0.545 0.638648
0.55 0.604824
0.555 0.567593
0.56 0.527773
0.565 0.486154
0.57 0.443488
0.575 0.400478
0.58 0.357775
0.585 0.315965
0.59 0.275574
0.595 0.23706
0.6 0.200819
0.605 0.167179
0.61 0.136408
0.615 0.108715
0.62 0.0842533
0.625 0.0631226
0.63 0.0453765
0.635 0.0310249
0.64 0.0200389
0.645 0.0123552
0.65 0.00788036
0.655 0.00649543
0.66 0.00805951
0.665 0.0124138
0.67 0.019385
0.675 0.0287888
0.68 0.040433
0.685 0.0541197
0.69 0.0696484
0.695 0.0868181
0.7 0.105429
0.705 0.125284
0.71 0.146191
0.715 0.167964
0.72 0.190422
0.725 0.213395
0.73 0.236717
0.735 0.260236
0.74 0.283804
0.745 0.307287
0.75 0.330558
0.755 0.353501
0.76 0.376008
0.765 0.397984
0.77 0.419339
0.775 0.439996
0.78 0.459884
0.785 0.478943
0.79 0.497119
0.795 0.514368
0.8 0.530651
0.805 0.545939
0.81 0.560206
0.815 0.573435
0.82 0.585614
0.825 0.596737
0.83 0.606801
0.835 0.615809
0.84 0.623769
0.845 0.630691
0.85 0.63659
0.855 0.641483
0.86 0.645391
0.865 0.648336
0.87 0.650343
0.875 0.65144
0.88 0.651655
0.885 0.651017
0.89 0.649559
0.895 0.647311
0.9 0.644307
0.905 0.640581
0.91 0.636166
0.915 0.631096
0.92 0.625406
0.925 0.61913
0.93 0.612301
0.935 0.604953
0.94 0.59712
0.945 0.588835
0.95 0.58013
0.955 0.571036
0.96 0.561586
0.965 0.551808
0.97 0.541734
0.975 0.531391
0.98 0.520808
0.985 0.510012
0.99 0.499029
0.995 0.487884
1 0.476603
1.005 0.465208
1.01 0.453721
1.015 0.442166
1.02 0.430562
1.025 0.418929
1.03 0.407287
1.035 0.395652
1.04 0.384044
1.045 0.372476
1.05 0.360966
1.055 0.349528
1.06 0.338175
1.065 0.32692
1.07 0.315777
1.075 0.304755
1.08 0.293865
1.085 0.283119
1.09 0.272524
1.095 0.26209
1.1 0.251824
1.105 0.241735
1.11 0.231827
1.115 0.222109
1.12 0.212584
1.125 0.203259
1.13 0.194138
1.135 0.185224
1.14 0.176522
1.145 0.168034
1.15 0.159764
1.155 0.151713
1.16 0.143883
1.165 0.136276
1.17 0.128894
1.175 0.121735
1.18 0.114802
1.185 0.108095
1.19 0.101613
1.195 0.0953557
1.2 0.0893229
1.205 0.0835136
1.21 0.0779267
1.215 0.0725609
1.22 0.0674147
1.225 0.0624864
1.23 0.0577742
1.235 0.053276
1.24 0.0489898
1.245 0.0449131
1.25 0.0410437
1.255 0.0373788
1.26 0.033916
1.265 0.0306523
1.27 0.0275851
1.275 0.0247113
1.28 0.022028
1.285 0.0195321
1.29 0.0172205
1.295 0.01509
1.3 0.0131375
1.305 0.0113595
1.31 0.00975298
1.315 0.00831447
1.32 0.00704068
1.325 0.00592824
1.33 0.0049738
1.335 0.00417398
1.34 0.00352541
1.345 0.00302471
1.35 0.0026685
1.355 0.00245343
1.36 0.00237615
1.365 0.00243331
1.37 0.00262159
1.375 0.00293769
1.38 0.00337833
1.385 0.00394026
1.39 0.00462025
1.395 0.00541509
1.4 0.00632163
1.405 0.00733672
1.41 0.00845725
1.415 0.00968018
1.42 0.0110024
1.425 0.0124211
1.43 0.0139331
1.435 0.0155356
1.44 0.0172258
1.445 0.0190007
1.45 0.0208576
1.455 0.0227938
1.46 0.0248065
1.465 0.0268932
1.47 0.029051
1.475 0.0312776
1.48 0.0335704
1.485 0.0359268
1.49 0.0383445
1.495 0.040821
1.5 0.0433541
1.505 0.0459414
1.51 0.0485806
1.515 0.0512696
1.52 0.0540062
1.525 0.0567882
1.53 0.0596135
1.535 0.0624802
1.54 0.0653863
1.545 0.0683297
1.55 0.0713087
1.555 0.0743212
1.56 0.0773655
1.565 0.0804399
1.57 0.0835426
1.575 0.0866718
1.58 0.0898259
1.585 0.0930034
1.59 0.0962025
1.595 0.0994219
1.6 0.10266
1.605 0.105915
1.61 0.109186
1.615 0.112472
1.62 0.11577
1.625 0.11908
1.63 0.122401
1.635 0.12573
1.64 0.129068
1.645 0.132413
1.65 0.135763
1.655 0.139117
1.66 0.142475
1.665 0.145836
1.67 0.149197
1.675 0.152559
1.68 0.155921
1.685 0.159281
1.69 0.162638
1.695 0.165992
1.7 0.169341
1.705 0.172686
1.71 0.176025
1.715 0.179357
1.72 0.182682
1.725 0.185998
1.73 0.189306
1.735 0.192604
1.74 0.195893
1.745 0.19917
1.75 0.202436
1.755 0.205689
1.76 0.208931
1.765 0.212159
1.77 0.215373
1.775 0.218573
1.78 0.221759
1.785 0.224929
1.79 0.228084
1.795 0.231223
1.8 0.234345
1.805 0.23745
1.81 0.240538
1.815 0.243609
1.82 0.246661
1.825 0.249695
1.83 0.252711
1.835 0.255707
1.84 0.258685
1.845 0.261642
1.85 0.26458
1.855 0.267498
1.86 0.270395
1.865 0.273272
1.87 0.276128
1.875 0.278963
1.88 0.281777
1.885 0.28457
1.89 0.287341
1.895 0.29009
1.9 0.292818
1.905 0.295523
1.91 0.298207
1.915 0.300868
1.92 0.303507
1.925 0.306123
1.93 0.308717
1.935 0.311288
1.94 0.313836
1.945 0.316362
1.95 0.318865
1.955 0.321345
1.96 0.323802
1.965 0.326236
1.97 0.328647
1.975 0.331035
1.98 0.333399
1.985 0.335741
1.99 0.33806
1.995 0.340355
2 0.342628
2.005 0.344877
2.01 0.347103
2.015 0.349307
2.02 0.351487
2.025 0.353644
2.03 0.355778
2.035 0.35789
2.04 0.359978
2.045 0.362044
2.05 0.364086
2.055 0.366106
2.06 0.368104
2.065 0.370079
2.07 0.372031
2.075 0.373961
2.08 0.375868
2.085 0.377753
2.09 0.379616
2.095 0.381457
2.1 0.383275
2.105 0.385072
2.11 0.386846
2.115 0.388599
2.12 0.39033
2.125 0.39204
2.13 0.393728
2.135 0.395395
2.14 0.39704
2.145 0.398664
2.15 0.400267
2.155 0.401849
2.16 0.40341
2.165 0.404951
2.17 0.406471
2.175 0.40797
2.18 0.409449
2.185 0.410907
2.19 0.412346
2.195 0.413764
2.2 0.415162
2.205 0.416541
2.21 0.4179
2.215 0.419239
2.22 0.420559
2.225 0.421859
2.23 0.423141
2.235 0.424403
2.24 0.425646
2.245 0.426871
2.25 0.428077
2.255 0.429264
2.26 0.430433
2.265 0.431584
2.27 0.432716
2.275 0.433831
2.28 0.434928
2.285 0.436006
2.29 0.437068
2.295 0.438111
2.3 0.439138
2.305 0.440147
2.31 0.441139
2.315 0.442114
2.32 0.443072
2.325 0.444014
2.33 0.444939
2.335 0.445847
2.34 0.44674
2.345 0.447616
2.35 0.448476
2.355 0.44932
2.36 0.450148
2.365 0.450961
2.37 0.451758
2.375 0.45254
2.38 0.453307
2.385 0.454058
2.39 0.454794
2.395 0.455516
2.4 0.456223
2.405 0.456915
2.41 0.457593
2.415 0.458256
2.42 0.458905
2.425 0.45954
2.43 0.460161
2.435 0.460768
2.44 0.461362
2.445 0.461941
2.45 0.462508
2.455 0.463061
2.46 0.4636
2.465 0.464127
2.47 0.46464
2.475 0.465141
2.48 0.465629
2.485 0.466104
2.49 0.466567
2.495 0.467018
2.5 0.467456
2.505 0.467882
2.51 0.468295
2.515 0.468697
2.52 0.469088
2.525 0.469466
2.53 0.469833
2.535 0.470188
2.54 0.470532
2.545 0.470865
2.55 0.471186
2.555 0.471497
2.56 0.471796
2.565 0.472085
2.57 0.472363
2.575 0.472631
2.58 0.472887
2.585 0.473134
2.59 0.47337
2.595 0.473596
2.6 0.473812
2.605 0.474018
2.61 0.474214
2.615 0.474401
2.62 0.474577
2.625 0.474744
2.63 0.474902
2.635 0.47505
2.64 0.475189
2.645 0.475319
2.65 0.475439
2.655 0.475551
2.66 0.475654
2.665 0.475748
2.67 0.475833
2.675 0.47591
2.68 0.475978
2.685 0.476038
2.69 0.476089
2.695 0.476132
2.7 0.476167
2.705 0.476194
2.71 0.476213
2.715 0.476223
2.72 0.476227
2.725 0.476222
2.73 0.47621
2.735 0.47619
2.74 0.476163
2.745 0.476128
2.75 0.476086
2.755 0.476037
2.76 0.47598
2.765 0.475917
2.77 0.475846
2.775 0.475769
2.78 0.475685
2.785 0.475594
2.79 0.475496
2.795 0.475392
2.8 0.475281
2.805 0.475164
2.81 0.47504
2.815 0.474911
2.82 0.474774
2.825 0.474632
2.83 0.474484
2.835 0.474329
2.84 0.474169
2.845 0.474003
2.85 0.473831
2.855 0.473653
2.86 0.473469
2.865 0.47328
2.87 0.473086
2.875 0.472886
2.88 0.47268
2.885 0.472469
2.89 0.472253
2.895 0.472032
2.9 0.471805
2.905 0.471574
2.91 0.471337
2.915 0.471096
2.92 0.470849
2.925 0.470598
2.93 0.470342
2.935 0.470081
2.94 0.469816
2.945 0.469546
2.95 0.469271
2.955 0.468992
2.96 0.468708
2.965 0.46842
2.97 0.468128
2.975 0.467832
2.98 0.467531
2.985 0.467226
2.99 0.466917
2.995 0.466604
3 0.466287
3.005 0.465966
3.01 0.465641
3.015 0.465312
3.02 0.46498
3.025 0.464643
3.03 0.464303
3.035 0.46396
3.04 0.463612
3.045 0.463262
3.05 0.462907
3.055 0.46255
3.06 0.462188
3.065 0.461824
3.07 0.461456
3.075 0.461085
3.08 0.46071
3.085 0.460333
3.09 0.459952
3.095 0.459568
3.1 0.459181
3.105 0.458792
3.11 0.458399
3.115 0.458003
3.12 0.457604
3.125 0.457203
3.13 0.456798
3.135 0.456391
3.14 0.455982
3.145 0.455569
3.15 0.455154
3.155 0.454736
3.16 0.454316
3.165 0.453893
3.17 0.453468
3.175 0.45304
3.18 0.45261
3.185 0.452177
3.19 0.451742
3.195 0.451305
3.2 0.450866
3.205 0.450424
3.21 0.44998
3.215 0.449534
3.22 0.449085
3.225 0.448635
3.23 0.448183
3.235 0.447728
3.24 0.447272
3.245 0.446813
3.25 0.446353
3.255 0.44589
3.26 0.445426
3.265 0.44496
3.27 0.444492
3.275 0.444023
3.28 0.443551
3.285 0.443078
3.29 0.442603
3.295 0.442127
3.3 0.441649
3.305 0.441169
3.31 0.440687
3.315 0.440204
3.32 0.43972
3.325 0.439234
3.33 0.438747
3.335 0.438258
3.34 0.437768
3.345 0.437276
3.35 0.436783
3.355 0.436288
3.36 0.435793
3.365 0.435296
3.37 0.434797
3.375 0.434298
3.38 0.433797
3.385 0.433295
3.39 0.432792
3.395 0.432288
3.4 0.431782
3.405 0.431276
3.41 0.430768
3.415 0.43026
3.42 0.42975
3.425 0.429239
3.43 0.428728
3.435 0.428215
3.44 0.427702
3.445 0.427187
3.45 0.426672
3.455 0.426155
3.46 0.425638
3.465 0.42512
3.47 0.424601
3.475 0.424082
3.48 0.423561
3.485 0.42304
3.49 0.422518
3.495 0.421995
3.5 0.421472
3.505 0.420948
3.51 0.420423
3.515 0.419898
3.52 0.419372
3.525 0.418845
3.53 0.418318
3.535 0.41779
3.54 0.417262
3.545 0.416733
3.55 0.416203
3.555 0.415673
3.56 0.415143
3.565 0.414612
3.57 0.41408
3.575 0.413548
3.58 0.413016
3.585 0.412483
3.59 0.41195
3.595 0.411417
3.6 0.410883
3.605 0.410348
3.61 0.409814
3.615 0.409279
3.62 0.408743
3.625 0.408208
3.63 0.407672
3.635 0.407136
3.64 0.406599
3.645 0.406063
3.65 0.405526
3.655 0.404989
3.66 0.404451
3.665 0.403914
3.67 0.403376
3.675 0.402838
3.68 0.4023
3.685 0.401762
3.69 0.401224
3.695 0.400685
3.7 0.400147
3.705 0.399608
3.71 0.399069
3.715 0.39853
3.72 0.397992
3.725 0.397453
3.73 0.396914
3.735 0.396375
3.74 0.395836
3.745 0.395297
3.75 0.394758
3.755 0.394219
3.76 0.39368
3.765 0.393141
3.77 0.392602
3.775 0.392063
3.78 0.391524
3.785 0.390986
3.79 0.390447
3.795 0.389908
3.8 0.38937
3.805 0.388832
3.81 0.388293
3.815 0.387755
3.82 0.387217
3.825 0.38668
3.83 0.386142
3.835 0.385605
3.84 0.385067
3.845 0.38453
3.85 0.383993
3.855 0.383457
3.86 0.38292
3.865 0.382384
3.87 0.381848
3.875 0.381312
3.88 0.380776
3.885 0.380241
3.89 0.379706
3.895 0.379171
3.9 0.378636
3.905 0.378102
3.91 0.377568
3.915 0.377034
3.92 0.376501
3.925 0.375968
3.93 0.375435
3.935 0.374902
3.94 0.37437
3.945 0.373838
3.95 0.373307
3.955 0.372776
3.96 0.372245
3.965 0.371714
3.97 0.371184
3.975 0.370655
3.98 0.370125
3.985 0.369596
3.99 0.369068
3.995 0.368539
4 0.368012
4.005 0.367484
4.01 0.366957
4.015 0.366431
4.02 0.365904
4.025 0.365379
4.03 0.364853
4.035 0.364328
4.04 0.363804
4.045 0.36328
4.05 0.362756
4.055 0.362233
4.06 0.361711
4.065 0.361189
4.07 0.360667
4.075 0.360146
4.08 0.359625
4.085 0.359105
4.09 0.358585
4.095 0.358065
4.1 0.357547
4.105 0.357028
4.11 0.356511
4.115 0.355993
4.12 0.355476
4.125 0.35496
4.13 0.354444
4.135 0.353929
4.14 0.353414
4.145 0.3529
4.15 0.352387
4.155 0.351874
4.16 0.351361
4.165 0.350849
4.17 0.350338
4.175 0.349827
4.18 0.349316
4.185 0.348806
4.19 0.348297
4.195 0.347789
4.2 0.34728
4.205 0.346773
4.21 0.346266
4.215 0.34576
4.22 0.345254
4.225 0.344749
4.23 0.344244
4.235 0.34374
4.24 0.343236
4.245 0.342734
4.25 0.342231
4.255 0.34173
4.26 0.341229
4.265 0.340728
4.27 0.340228
4.275 0.339729
4.28 0.33923
4.285 0.338732
4.29 0.338235
4.295 0.337738
4.3 0.337242
4.305 0.336747
4.31 0.336252
4.315 0.335757
4.32 0.335264
4.325 0.334771
4.33 0.334278
4.335 0.333787
4.34 0.333296
4.345 0.332805
4.35 0.332315
4.355 0.331826
4.36 0.331338
4.365 0.33085
4.37 0.330363
4.375 0.329876
4.38 0.32939
4.385 0.328905
4.39 0.32842
4.395 0.327936
4.4 0.327453
4.405 0.32697
4.41 0.326489
4.415 0.326007
4.42 0.325527
4.425 0.325047
4.43 0.324567
4.435 0.324089
4.44 0.323611
4.445 0.323133
4.45 0.322657
4.455 0.322181
4.46 0.321706
4.465 0.321231
4.47 0.320757
4.475 0.320284
4.48 0.319811
4.485 0.31934
4.49 0.318868
4.495 0.318398
4.5 0.317928
4.505 0.317459
4.51 0.316991
4.515 0.316523
4.52 0.316056
4.525 0.315589
4.53 0.315124
4.535 0.314659
4.54 0.314194
4.545 0.313731
4.55 0.313268
4.555 0.312806
4.56 0.312344
4.565 0.311883
4.57 0.311423
4.575 0.310964
4.58 0.310505
4.585 0.310047
4.59 0.30959
4.595 0.309133
4.6 0.308677
4.605 0.308222
4.61 0.307767
4.615 0.307313
4.62 0.30686
4.625 0.306408
4.63 0.305956
4.635 0.305505
4.64 0.305055
4.645 0.304605
4.65 0.304156
4.655 0.303708
4.66 0.30326
4.665 0.302814
4.67 0.302367
4.675 0.301922
4.68 0.301477
4.685 0.301033
4.69 0.30059
4.695 0.300147
4.7 0.299705
4.705 0.299264
4.71 0.298824
4.715 0.298384
4.72 0.297945
4.725 0.297507
4.73 0.297069
4.735 0.296632
4.74 0.296196
4.745 0.29576
4.75 0.295325
4.755 0.294891
4.76 0.294458
4.765 0.294025
4.77 0.293593
4.775 0.293162
4.78 0.292731
4.785 0.292301
4.79 0.291872
4.795 0.291443
4.8 0.291016
4.805 0.290588
4.81 0.290162
4.815 0.289736
4.82 0.289311
4.825 0.288887
4.83 0.288463
4.835 0.288041
4.84 0.287618
4.845 0.287197
4.85 0.286776
4.855 0.286356
4.86 0.285937
4.865 0.285518
4.87 0.2851
4.875 0.284683
4.88 0.284266
4.885 0.28385
4.89 0.283435
4.895 0.283021
4.9 0.282607
4.905 0.282194
4.91 0.281781
4.915 0.28137
4.92 0.280959
4.925 0.280548
4.93 0.280139
4.935 0.27973
4.94 0.279322
4.945 0.278914
4.95 0.278507
4.955 0.278101
4.96 0.277696
4.965 0.277291
4.97 0.276887
4.975 0.276484
4.98 0.276081
4.985 0.275679
4.99 0.275278
4.995 0.274877
5 0.274477
5.005 0.274078
5.01 0.273679
5.015 0.273282
5.02 0.272884
5.025 0.272488
5.03 0.272092
5.035 0.271697
5.04 0.271303
5.045 0.270909
5.05 0.270516
5.055 0.270123
5.06 0.269732
5.065 0.269341
5.07 0.26895
5.075 0.268561
5.08 0.268172
5.085 0.267783
5.09 0.267396
5.095 0.267009
5.1 0.266622
5.105 0.266237
5.11 0.265852
5.115 0.265468
5.12 0.265084
5.125 0.264701
5.13 0.264319
5.135 0.263937
5.14 0.263556
5.145 0.263176
5.15 0.262797
5.155 0.262418
5.16 0.262039
5.165 0.261662
5.17 0.261285
5.175 0.260909
5.18 0.260533
5.185 0.260158
5.19 0.259784
5.195 0.25941
5.2 0.259037
5.205 0.258665
5.21 0.258293
5.215 0.257922
5.22 0.257552
5.225 0.257182
5.23 0.256813
5.235 0.256445
5.24 0.256077
5.245 0.25571
5.25 0.255344
5.255 0.254978
5.26 0.254613
5.265 0.254249
5.27 0.253885
5.275 0.253522
5.28 0.253159
5.285 0.252797
5.29 0.252436
5.295 0.252075
5.3 0.251715
5.305 0.251356
5.31 0.250998
5.315 0.25064
5.32 0.250282
5.325 0.249925
5.33 0.249569
5.335 0.249214
5.34 0.248859
5.345 0.248505
5.35 0.248151
5.355 0.247798
5.36 0.247446
5.365 0.247094
5.37 0.246743
5.375 0.246393
5.38 0.246043
5.385 0.245694
5.39 0.245345
5.395 0.244998
5.4 0.24465
5.405 0.244304
5.41 0.243958
5.415 0.243612
5.42 0.243267
5.425 0.242923
5.43 0.24258
5.435 0.242237
5.44 0.241894
5.445 0.241553
5.45 0.241211
5.455 0.240871
5.46 0.240531
5.465 0.240192
5.47 0.239853
5.475 0.239515
5.48 0.239178
5.485 0.238841
5.49 0.238505
5.495 0.238169
5.5 0.237834
5.505 0.2375
5.51 0.237166
5.515 0.236833
5.52 0.2365
5.525 0.236168
5.53 0.235837
5.535 0.235506
5.54 0.235176
5.545 0.234846
5.55 0.234517
5.555 0.234189
5.56 0.233861
5.565 0.233534
5.57 0.233207
5.575 0.232881
5.58 0.232555
5.585 0.232231
5.59 0.231906
5.595 0.231583
5.6 0.231259
5.605 0.230937
5.61 0.230615
5.615 0.230294
5.62 0.229973
5.625 0.229653
5.63 0.229333
5.635 0.229014
5.64 0.228695
5.645 0.228378
5.65 0.22806
5.655 0.227743
5.66 0.227427
5.665 0.227112
5.67 0.226797
5.675 0.226482
5.68 0.226168
5.685 0.225855
5.69 0.225542
5.695 0.22523
5.7 0.224918
5.705 0.224607
5.71 0.224297
5.715 0.223987
5.72 0.223677
5.725 0.223369
5.73 0.22306
5.735 0.222753
5.74 0.222445
5.745 0.222139
5.75 0.221833
5.755 0.221527
5.76 0.221222
5.765 0.220918
5.77 0.220614
5.775 0.220311
5.78 0.220008
5.785 0.219706
5.79 0.219404
5.795 0.219103
5.8 0.218803
5.805 0.218503
5.81 0.218203
5.815 0.217904
5.82 0.217606
5.825 0.217308
5.83 0.217011
5.835 0.216714
5.84 0.216418
5.845 0.216122
5.85 0.215827
5.855 0.215532
5.86 0.215238
5.865 0.214945
5.87 0.214652
5.875 0.214359
5.88 0.214067
5.885 0.213776
5.89 0.213485
5.895 0.213195
5.9 0.212905
5.905 0.212615
5.91 0.212327
5.915 0.212038
5.92 0.211751
5.925 0.211463
5.93 0.211177
5.935 0.21089
5.94 0.210605
5.945 0.210319
5.95 0.210035
5.955 0.209751
5.96 0.209467
5.965 0.209184
5.97 0.208901
5.975 0.208619
5.98 0.208338
5.985 0.208057
5.99 0.207776
5.995 0.207496
6 0.207216
6.005 0.206937
6.01 0.206659
6.015 0.206381
6.02 0.206103
6.025 0.205826
6.03 0.20555
6.035 0.205273
6.04 0.204998
6.045 0.204723
6.05 0.204448
6.055 0.204174
6.06 0.203901
6.065 0.203628
6.07 0.203355
6.075 0.203083
6.08 0.202811
6.085 0.20254
6.09 0.20227
6.095 0.201999
6.1 0.20173
6.105 0.201461
6.11 0.201192
6.115 0.200924
6.12 0.200656
6.125 0.200389
6.13 0.200122
6.135 0.199856
6.14 0.19959
6.145 0.199325
6.15 0.19906
6.155 0.198795
6.16 0.198531
6.165 0.198268
6.17 0.198005
6.175 0.197743
6.18 0.197481
6.185 0.197219
6.19 0.196958
6.195 0.196697
6.2 0.196437
6.205 0.196178
6.21 0.195918
6.215 0.19566
6.22 0.195401
6.225 0.195144
6.23 0.194886
6.235 0.194629
6.24 0.194373
6.245 0.194117
6.25 0.193861
6.255 0.193606
6.26 0.193352
6.265 0.193098
6.27 0.192844
6.275 0.192591
6.28 0.192338
6.285 0.192086
6.29 0.191834
6.295 0.191582
6.3 0.191331
6.305 0.191081
6.31 0.190831
6.315 0.190581
6.32 0.190332
6.325 0.190083
6.33 0.189835
6.335 0.189587
6.34 0.18934
6.345 0.189093
6.35 0.188846
6.355 0.1886
6.36 0.188354
6.365 0.188109
6.37 0.187864
6.375 0.18762
6.38 0.187376
6.385 0.187133
6.39 0.18689
6.395 0.186647
6.4 0.186405
6.405 0.186163
6.41 0.185922
6.415 0.185681
6.42 0.18544
6.425 0.1852
6.43 0.184961
6.435 0.184722
6.44 0.184483
6.445 0.184245
6.45 0.184007
6.455 0.183769
6.46 0.183532
6.465 0.183295
6.47 0.183059
6.475 0.182823
6.48 0.182588
6.485 0.182353
6.49 0.182118
6.495 0.181884
6.5 0.181651
6.505 0.181417
6.51 0.181184
6.515 0.180952
6.52 0.18072
6.525 0.180488
6.53 0.180257
6.535 0.180026
6.54 0.179796
6.545 0.179565
6.55 0.179336
6.555 0.179107
6.56 0.178878
6.565 0.178649
6.57 0.178421
6.575 0.178194
6.58 0.177967
6.585 0.17774
6.59 0.177513
6.595 0.177287
6.6 0.177062
6.605 0.176836
6.61 0.176612
6.615 0.176387
6.62 0.176163
6.625 0.175939
6.63 0.175716
6.635 0.175493
6.64 0.175271
6.645 0.175049
6.65 0.174827
6.655 0.174606
6.66 0.174385
6.665 0.174164
6.67 0.173944
6.675 0.173725
6.68 0.173505
6.685 0.173286
6.69 0.173068
6.695 0.172849
6.7 0.172632
6.705 0.172414
6.71 0.172197
6.715 0.17198
6.72 0.171764
6.725 0.171548
6.73 0.171332
6.735 0.171117
6.74 0.170902
6.745 0.170688
6.75 0.170474
6.755 0.17026
6.76 0.170047
6.765 0.169834
6.77 0.169621
6.775 0.169409
6.78 0.169197
6.785 0.168986
6.79 0.168775
6.795 0.168564
6.8 0.168354
6.805 0.168144
6.81 0.167934
6.815 0.167725
6.82 0.167516
6.825 0.167307
6.83 0.167099
6.835 0.166891
6.84 0.166684
6.845 0.166477
6.85 0.16627
6.855 0.166064
6.86 0.165858
6.865 0.165652
6.87 0.165447
6.875 0.165242
6.88 0.165037
6.885 0.164833
6.89 0.164629
6.895 0.164426
6.9 0.164222
6.905 0.16402
6.91 0.163817
6.915 0.163615
6.92 0.163413
6.925 0.163212
6.93 0.163011
6.935 0.16281
6.94 0.162609
6.945 0.162409
6.95 0.16221
6.955 0.16201
6.96 0.161811
6.965 0.161613
6.97 0.161414
6.975 0.161216
6.98 0.161019
6.985 0.160821
6.99 0.160624
6.995 0.160428
7 0.160231
7.005 0.160035
7.01 0.15984
7.015 0.159644
7.02 0.159449
7.025 0.159255
7.03 0.15906
7.035 0.158866
7.04 0.158673
7.045 0.15848
7.05 0.158287
7.055 0.158094
7.06 0.157902
7.065 0.15771
7.07 0.157518
7.075 0.157327
7.08 0.157136
7.085 0.156945
7.09 0.156755
7.095 0.156565
7.1 0.156375
7.105 0.156186
7.11 0.155996
7.115 0.155808
7.12 0.155619
7.125 0.155431
7.13 0.155243
7.135 0.155056
7.14 0.154869
7.145 0.154682
7.15 0.154496
7.155 0.154309
7.16 0.154123
7.165 0.153938
7.17 0.153753
7.175 0.153568
7.18 0.153383
7.185 0.153199
7.19 0.153015
7.195 0.152831
7.2 0.152648
7.205 0.152465
7.21 0.152282
7.215 0.1521
7.22 0.151917
7.225 0.151736
7.23 0.151554
7.235 0.151373
7.24 0.151192
7.245 0.151011
7.25 0.150831
7.255 0.150651
7.26 0.150471
7.265 0.150292
7.27 0.150113
7.275 0.149934
7.28 0.149756
7.285 0.149578
7.29 0.1494
7.295 0.149222
7.3 0.149045
7.305 0.148868
7.31 0.148691
7.315 0.148515
7.32 0.148339
7.325 0.148163
7.33 0.147987
7.335 0.147812
7.34 0.147637
7.345 0.147463
7.35 0.147288
7.355 0.147114
7.36 0.14694
7.365 0.146767
7.37 0.146594
7.375 0.146421
7.38 0.146248
7.385 0.146076
7.39 0.145904
7.395 0.145732
7.4 0.145561
7.405 0.14539
7.41 0.145219
7.415 0.145048
7.42 0.144878
7.425 0.144708
7.43 0.144538
7.435 0.144369
7.44 0.144199
7.445 0.144031
7.45 0.143862
7.455 0.143694
7.46 0.143526
7.465 0.143358
7.47 0.14319
7.475 0.143023
7.48 0.142856
7.485 0.14269
7.49 0.142523
7.495 0.142357
7.5 0.142191
7.505 0.142026
7.51 0.14186
7.515 0.141695
7.52 0.141531
7.525 0.141366
7.53 0.141202
7.535 0.141038
7.54 0.140874
7.545 0.140711
7.55 0.140548
7.555 0.140385
7.56 0.140222
7.565 0.14006
7.57 0.139898
7.575 0.139736
7.58 0.139575
7.585 0.139413
7.59 0.139252
7.595 0.139092
7.6 0.138931
7.605 0.138771
7.61 0.138611
7.615 0.138451
7.62 0.138292
7.625 0.138133
7.63 0.137974
7.635 0.137815
7.64 0.137657
7.645 0.137499
7.65 0.137341
7.655 0.137183
7.66 0.137026
7.665 0.136869
7.67 0.136712
7.675 0.136556
7.68 0.136399
7.685 0.136243
7.69 0.136088
7.695 0.135932
7.7 0.135777
7.705 0.135622
7.71 0.135467
7.715 0.135312
7.72 0.135158
7.725 0.135004
7.73 0.13485
7.735 0.134697
7.74 0.134543
7.745 0.13439
7.75 0.134238
7.755 0.134085
7.76 0.133933
7.765 0.133781
7.77 0.133629
7.775 0.133477
7.78 0.133326
7.785 0.133175
7.79 0.133024
7.795 0.132874
7.8 0.132723
7.805 0.132573
7.81 0.132423
7.815 0.132274
7.82 0.132124
7.825 0.131975
7.83 0.131826
7.835 0.131678
7.84 0.131529
7.845 0.131381
7.85 0.131233
7.855 0.131086
7.86 0.130938
7.865 0.130791
7.87 0.130644
7.875 0.130497
7.88 0.130351
7.885 0.130204
7.89 0.130058
7.895 0.129913
7.9 0.129767
7.905 0.129622
7.91 0.129477
7.915 0.129332
7.92 0.129187
7.925 0.129043
7.93 0.128899
7.935 0.128755
7.94 0.128611
7.945 0.128467
7.95 0.128324
7.955 0.128181
7.96 0.128038
7.965 0.127896
7.97 0.127754
7.975 0.127611
7.98 0.12747
7.985 0.127328
7.99 0.127186
7.995 0.127045
8 0.126904
8.005 0.126763
8.01 0.126623
8.015 0.126483
8.02 0.126343
8.025 0.126203
8.03 0.126063
8.035 0.125924
8.04 0.125784
8.045 0.125645
8.05 0.125507
8.055 0.125368
8.06 0.12523
8.065 0.125092
8.07 0.124954
8.075 0.124816
8.08 0.124679
8.085 0.124541
8.09 0.124404
8.095 0.124268
8.1 0.124131
8.105 0.123995
8.11 0.123859
8.115 0.123723
8.12 0.123587
8.125 0.123451
8.13 0.123316
8.135 0.123181
8.14 0.123046
8.145 0.122912
8.15 0.122777
8.155 0.122643
8.16 0.122509
8.165 0.122375
8.17 0.122241
8.175 0.122108
8.18 0.121975
8.185 0.121842
8.19 0.121709
8.195 0.121576
8.2 0.121444
8.205 0.121312
8.21 0.12118
8.215 0.121048
8.22 0.120917
8.225 0.120785
8.23 0.120654
8.235 0.120523
8.24 0.120393
8.245 0.120262
8.25 0.120132
8.255 0.120002
8.26 0.119872
8.265 0.119742
8.27 0.119613
8.275 0.119483
8.28 0.119354
8.285 0.119226
8.29 0.119097
8.295 0.118968
8.3 0.11884
8.305 0.118712
8.31 0.118584
8.315 0.118456
8.32 0.118329
8.325 0.118202
8.33 0.118074
8.335 0.117948
8.34 0.117821
8.345 0.117694
8.35 0.117568
8.355 0.117442
8.36 0.117316
8.365 0.11719
8.37 0.117065
8.375 0.116939
8.38 0.116814
8.385 0.116689
8.39 0.116565
8.395 0.11644
8.4 0.116316
8.405 0.116191
8.41 0.116067
8.415 0.115944
8.42 0.11582
8.425 0.115697
8.43 0.115573
8.435 0.11545
8.44 0.115327
8.445 0.115205
8.45 0.115082
8.455 0.11496
8.46 0.114838
8.465 0.114716
8.47 0.114594
8.475 0.114473
8.48 0.114351
8.485 0.11423
8.49 0.114109
8.495 0.113988
8.5 0.113868
8.505 0.113747
8.51 0.113627
8.515 0.113507
8.52 0.113387
8.525 0.113267
8.53 0.113148
8.535 0.113029
8.54 0.112909
8.545 0.11279
8.55 0.112672
8.555 0.112553
8.56 0.112435
8.565 0.112316
8.57 0.112198
8.575 0.11208
8.58 0.111963
8.585 0.111845
8.59 0.111728
8.595 0.111611
8.6 0.111494
8.605 0.111377
8.61 0.11126
8.615 0.111144
8.62 0.111027
8.625 0.110911
8.63 0.110795
8.635 0.11068
8.64 0.110564
8.645 0.110449
8.65 0.110333
8.655 0.110218
8.66 0.110103
8.665 0.109989
8.67 0.109874
8.675 0.10976
8.68 0.109646
8.685 0.109531
8.69 0.109418
8.695 0.109304
8.7 0.10919
8.705 0.109077
8.71 0.108964
8.715 0.108851
8.72 0.108738
8.725 0.108625
8.73 0.108513
8.735 0.108401
8.74 0.108288
8.745 0.108176
8.75 0.108065
8.755 0.107953
8.76 0.107841
8.765 0.10773
8.77 0.107619
8.775 0.107508
8.78 0.107397
8.785 0.107286
8.79 0.107176
8.795 0.107066
8.8 0.106955
8.805 0.106845
8.81 0.106736
8.815 0.106626
8.82 0.106516
8.825 0.106407
8.83 0.106298
8.835 0.106189
8.84 0.10608
8.845 0.105971
8.85 0.105863
8.855 0.105754
8.86 0.105646
8.865 0.105538
8.87 0.10543
8.875 0.105322
8.88 0.105215
8.885 0.105107
8.89 0.105
8.895 0.104893
8.9 0.104786
8.905 0.104679
8.91 0.104573
8.915 0.104466
8.92 0.10436
8.925 0.104254
8.93 0.104148
8.935 0.104042
8.94 0.103936
8.945 0.103831
8.95 0.103725
8.955 0.10362
8.96 0.103515
8.965 0.10341
8.97 0.103305
8.975 0.103201
8.98 0.103096
8.985 0.102992
8.99 0.102888
8.995 0.102784
9 0.10268
9.005 0.102576
9.01 0.102473
9.015 0.102369
9.02 0.102266
9.025 0.102163
9.03 0.10206
9.035 0.101957
9.04 0.101855
9.045 0.101752
9.05 0.10165
9.055 0.101548
9.06 0.101446
9.065 0.101344
9.07 0.101242
9.075 0.101141
9.08 0.101039
9.085 0.100938
9.09 0.100837
9.095 0.100736
9.1 0.100635
9.105 0.100534
9.11 0.100434
9.115 0.100333
9.12 0.100233
9.125 0.100133
9.13 0.100033
9.135 0.099933
9.14 0.0998333
9.145 0.0997338
9.15 0.0996344
9.155 0.0995351
9.16 0.099436
9.165 0.0993371
9.17 0.0992383
9.175 0.0991396
9.18 0.099041
9.185 0.0989427
9.19 0.0988444
9.195 0.0987463
9.2 0.0986483
9.205 0.0985505
9.21 0.0984528
9.215 0.0983553
9.22 0.0982579
9.225 0.0981606
9.23 0.0980635
9.235 0.0979665
9.24 0.0978697
9.245 0.097773
9.25 0.0976764
9.255 0.09758
9.26 0.0974837
9.265 0.0973875
9.27 0.0972915
9.275 0.0971957
9.28 0.0970999
9.285 0.0970043
9.29 0.0969089
9.295 0.0968135
9.3 0.0967183
9.305 0.0966233
9.31 0.0965284
9.315 0.0964336
9.32 0.096339
9.325 0.0962444
9.33 0.0961501
9.335 0.0960558
9.34 0.0959617
9.345 0.0958677
9.35 0.0957739
9.355 0.0956802
9.36 0.0955866
9.365 0.0954932
9.37 0.0953999
9.375 0.0953067
9.38 0.0952137
9.385 0.0951208
9.39 0.095028
9.395 0.0949354
9.4 0.0948428
9.405 0.0947505
9.41 0.0946582
9.415 0.0945661
9.42 0.0944741
9.425 0.0943823
9.43 0.0942905
9.435 0.0941989
9.44 0.0941075
9.445 0.0940161
9.45 0.0939249
9.455 0.0938338
9.46 0.0937429
9.465 0.0936521
9.47 0.0935614
9.475 0.0934708
9.48 0.0933804
9.485 0.09329
9.49 0.0931999
9.495 0.0931098
9.5 0.0930199
9.505 0.0929301
9.51 0.0928404
9.515 0.0927508
9.52 0.0926614
9.525 0.0925721
9.53 0.0924829
9.535 0.0923939
9.54 0.092305
9.545 0.0922162
9.55 0.0921275
9.555 0.0920389
9.56 0.0919505
9.565 0.0918622
9.57 0.091774
9.575 0.091686
9.58 0.091598
9.585 0.0915102
9.59 0.0914225
9.595 0.091335
9.6 0.0912475
9.605 0.0911602
9.61 0.091073
9.615 0.0909859
9.62 0.090899
9.625 0.0908121
9.63 0.0907254
9.635 0.0906388
9.64 0.0905524
9.645 0.090466
9.65 0.0903798
9.655 0.0902937
9.66 0.0902077
9.665 0.0901218
9.67 0.0900361
9.675 0.0899504
9.68 0.0898649
9.685 0.0897795
9.69 0.0896942
9.695 0.0896091
9.7 0.089524
9.705 0.0894391
9.71 0.0893543
9.715 0.0892696
9.72 0.0891851
9.725 0.0891006
9.73 0.0890163
9.735 0.088932
9.74 0.0888479
9.745 0.088764
9.75 0.0886801
9.755 0.0885963
9.76 0.0885127
9.765 0.0884292
9.77 0.0883457
9.775 0.0882625
9.78 0.0881793
9.785 0.0880962
9.79 0.0880133
9.795 0.0879304
9.8 0.0878477
9.805 0.0877651
9.81 0.0876826
9.815 0.0876002
9.82 0.0875179
9.825 0.0874358
9.83 0.0873537
9.835 0.0872718
9.84 0.08719
9.845 0.0871083
9.85 0.0870267
9.855 0.0869452
9.86 0.0868638
9.865 0.0867825
9.87 0.0867014
9.875 0.0866204
9.88 0.0865394
9.885 0.0864586
9.89 0.0863779
9.895 0.0862973
9.9 0.0862168
9.905 0.0861364
9.91 0.0860562
9.915 0.085976
9.92 0.085896
9.925 0.085816
9.93 0.0857362
9.935 0.0856565
9.94 0.0855768
9.945 0.0854973
9.95 0.0854179
9.955 0.0853386
9.96 0.0852595
9.965 0.0851804
9.97 0.0851014
9.975 0.0850225
9.98 0.0849438
9.985 0.0848651
9.99 0.0847866
9.995 0.0847082
