0 -nan
0.005 0.889887
0.01 0.358011
0.015 0.736864
0.02 0.766185
0.025 0.331558
0.03 0.144098
0.035 0.5659
0.04 0.597449
0.045 0.388701
0.05 0.179164
0.055 0.0519966
0.06 0.00411581
0.065 0.00912549
0.07 0.0424379
0.075 0.0871036
0.08 0.133072
0.085 0.175096
0.09 0.21089
0.095 0.239856
0.1 0.262274
0.105 0.278832
0.11 0.29036
0.115 0.297685
0.12 0.301573
0.125 0.302691
0.13 0.301612
0.135 0.298813
0.14 0.294687
0.145 0.289557
0.15 0.283682
0.155 0.277272
0.16 0.270497
0.165 0.263488
0.17 0.256354
0.175 0.249176
0.18 0.24202
0.185 0.234937
0.19 0.227964
0.195 0.221131
0.2 0.21446
0.205 0.207964
0.21 0.201655
0.215 0.195538
0.22 0.189618
0.225 0.183896
0.23 0.178369
0.235 0.173036
0.24 0.167894
0.245 0.162938
0.25 0.158163
0.255 0.153564
0.26 0.149136
0.265 0.144871
0.27 0.140766
0.275 0.136813
0.28 0.133007
0.285 0.129342
0.29 0.125813
0.295 0.122413
0.3 0.119139
0.305 0.115983
0.31 0.112943
0.315 0.110012
0.32 0.107186
0.325 0.10446
0.33 0.101831
0.335 0.0992946
0.34 0.0968463
0.345 0.0944827
0.35 0.0922003
0.355 0.0899955
0.36 0.0878653
0.365 0.0858064
0.37 0.083816
0.375 0.0818912
0.38 0.0800293
0.385 0.0782278
0.39 0.0764842
0.395 0.0747962
0.4 0.0731615
0.405 0.0715781
0.41 0.0700439
0.415 0.0685569
0.42 0.0671154
0.425 0.0657176
0.43 0.0643617
0.435 0.0630463
0.44 0.0617696
0.445 0.0605304
0.45 0.0593272
0.455 0.0581586
0.46 0.0570234
0.465 0.0559204
0.47 0.0548483
0.475 0.0538061
0.48 0.0527927
0.485 0.0518071
0.49 0.0508483
0.495 0.0499153
0.5 0.0490073
0.505 0.0481234
0.51 0.0472627
0.515 0.0464245
0.52 0.0456081
0.525 0.0448126
0.53 0.0440374
0.535 0.0432818
0.54 0.0425452
0.545 0.041827
0.55 0.0411265
0.555 0.0404432
0.56 0.0397766
0.565 0.0391261
0.57 0.0384912
0.575 0.0378714
0.58 0.0372662
0.585 0.0366753
0.59 0.0360981
0.595 0.0355343
0.6 0.0349834
0.605 0.0344451
0.61 0.033919
0.615 0.0334047
0.62 0.0329019
0.625 0.0324102
0.63 0.0319293
0.635 0.0314589
0.64 0.0309988
0.645 0.0305486
0.65 0.030108
0.655 0.0296768
0.66 0.0292547
0.665 0.0288414
0.67 0.0284368
0.675 0.0280405
0.68 0.0276524
0.685 0.0272722
0.69 0.0268997
0.695 0.0265348
0.7 0.0261771
0.705 0.0258266
0.71 0.025483
0.715 0.0251462
0.72 0.024816
0.725 0.0244921
0.73 0.0241746
0.735 0.0238631
0.74 0.0235575
0.745 0.0232577
0.75 0.0229636
0.755 0.022675
0.76 0.0223918
0.765 0.0221137
0.77 0.0218408
0.775 0.0215729
0.78 0.0213099
0.785 0.0210516
0.79 0.0207979
0.795 0.0205488
0.8 0.0203041
0.805 0.0200637
0.81 0.0198275
0.815 0.0195955
0.82 0.0193674
0.825 0.0191434
0.83 0.0189231
0.835 0.0187066
0.84 0.0184938
0.845 0.0182846
0.85 0.0180789
0.855 0.0178766
0.86 0.0176777
0.865 0.017482
0.87 0.0172896
0.875 0.0171003
0.88 0.0169141
0.885 0.0167309
0.89 0.0165506
0.895 0.0163733
0.9 0.0161987
0.905 0.016027
0.91 0.0158579
0.915 0.0156914
0.92 0.0155276
0.925 0.0153663
0.93 0.0152075
0.935 0.0150511
0.94 0.0148972
0.945 0.0147455
0.95 0.0145962
0.955 0.0144491
0.96 0.0143042
0.965 0.0141615
0.97 0.0140209
0.975 0.0138823
0.98 0.0137458
0.985 0.0136113
0.99 0.0134788
0.995 0.0133481
1 0.0132194
1.005 0.0130925
1.01 0.0129674
1.015 0.0128441
1.02 0.0127225
1.025 0.0126026
1.03 0.0124845
1.035 0.0123679
1.04 0.012253
1.045 0.0121397
1.05 0.0120279
1.055 0.0119177
1.06 0.011809
1.065 0.0117017
1.07 0.0115959
1.075 0.0114915
1.08 0.0113886
1.085 0.0112869
1.09 0.0111867
1.095 0.0110878
1.1 0.0109901
1.105 0.0108938
1.11 0.0107987
1.115 0.0107048
1.12 0.0106122
1.125 0.0105207
1.13 0.0104305
1.135 0.0103413
1.14 0.0102534
1.145 0.0101665
1.15 0.0100807
1.155 0.00999602
1.16 0.00991238
1.165 0.00982978
1.17 0.00974822
1.175 0.00966765
1.18 0.00958809
1.185 0.00950949
1.19 0.00943186
1.195 0.00935517
1.2 0.00927941
1.205 0.00920456
1.21 0.00913062
1.215 0.00905756
1.22 0.00898537
1.225 0.00891403
1.23 0.00884355
1.235 0.00877389
1.24 0.00870505
1.245 0.00863701
1.25 0.00856977
1.255 0.00850331
1.26 0.00843762
1.265 0.00837268
1.27 0.00830849
1.275 0.00824503
1.28 0.0081823
1.285 0.00812027
1.29 0.00805895
1.295 0.00799832
1.3 0.00793837
1.305 0.00787908
1.31 0.00782046
1.315 0.00776249
1.32 0.00770516
1.325 0.00764846
1.33 0.00759239
1.335 0.00753692
1.34 0.00748206
1.345 0.0074278
1.35 0.00737412
1.355 0.00732103
1.36 0.0072685
1.365 0.00721653
1.37 0.00716512
1.375 0.00711426
1.38 0.00706393
1.385 0.00701414
1.39 0.00696486
1.395 0.00691611
1.4 0.00686786
1.405 0.00682012
1.41 0.00677287
1.415 0.00672611
1.42 0.00667983
1.425 0.00663403
1.43 0.0065887
1.435 0.00654382
1.44 0.00649941
1.445 0.00645544
1.45 0.00641192
1.455 0.00636883
1.46 0.00632618
1.465 0.00628396
1.47 0.00624215
1.475 0.00620076
1.48 0.00615978
1.485 0.0061192
1.49 0.00607903
1.495 0.00603924
1.5 0.00599985
1.505 0.00596083
1.51 0.0059222
1.515 0.00588394
1.52 0.00584605
1.525 0.00580853
1.53 0.00577136
1.535 0.00573455
1.54 0.00569809
1.545 0.00566197
1.55 0.0056262
1.555 0.00559077
1.56 0.00555566
1.565 0.00552089
1.57 0.00548644
1.575 0.00545232
1.58 0.00541851
1.585 0.00538501
1.59 0.00535182
1.595 0.00531894
1.6 0.00528636
1.605 0.00525407
1.61 0.00522209
1.615 0.00519039
1.62 0.00515898
1.625 0.00512785
1.63 0.00509701
1.635 0.00506644
1.64 0.00503614
1.645 0.00500612
1.65 0.00497636
1.655 0.00494687
1.66 0.00491764
1.665 0.00488866
1.67 0.00485995
1.675 0.00483148
1.68 0.00480326
1.685 0.00477529
1.69 0.00474756
1.695 0.00472007
1.7 0.00469282
1.705 0.00466581
1.71 0.00463903
1.715 0.00461247
1.72 0.00458615
1.725 0.00456005
1.73 0.00453417
1.735 0.00450851
1.74 0.00448306
1.745 0.00445783
1.75 0.00443282
1.755 0.00440801
1.76 0.00438341
1.765 0.00435902
1.77 0.00433483
1.775 0.00431084
1.78 0.00428704
1.785 0.00426345
1.79 0.00424005
1.795 0.00421684
1.8 0.00419381
1.805 0.00417098
1.81 0.00414834
1.815 0.00412587
1.82 0.00410359
1.825 0.00408149
1.83 0.00405957
1.835 0.00403782
1.84 0.00401625
1.845 0.00399484
1.85 0.00397361
1.855 0.00395255
1.86 0.00393166
1.865 0.00391093
1.87 0.00389036
1.875 0.00386995
1.88 0.00384971
1.885 0.00382962
1.89 0.00380969
1.895 0.00378992
1.9 0.00377029
1.905 0.00375082
1.91 0.0037315
1.915 0.00371233
1.92 0.00369331
1.925 0.00367443
1.93 0.0036557
1.935 0.00363711
1.94 0.00361866
1.945 0.00360035
1.95 0.00358218
1.955 0.00356414
1.96 0.00354624
1.965 0.00352848
1.97 0.00351085
1.975 0.00349335
1.98 0.00347598
1.985 0.00345874
1.99 0.00344163
1.995 0.00342464
2 0.00340778
2.005 0.00339105
2.01 0.00337443
2.015 0.00335794
2.02 0.00334157
2.025 0.00332532
2.03 0.00330918
2.035 0.00329317
2.04 0.00327727
2.045 0.00326148
2.05 0.00324581
2.055 0.00323025
2.06 0.0032148
2.065 0.00319946
2.07 0.00318424
2.075 0.00316912
2.08 0.0031541
2.085 0.0031392
2.09 0.0031244
2.095 0.0031097
2.1 0.00309511
2.105 0.00308062
2.11 0.00306623
2.115 0.00305194
2.12 0.00303775
2.125 0.00302366
2.13 0.00300967
2.135 0.00299577
2.14 0.00298197
2.145 0.00296827
2.15 0.00295465
2.155 0.00294114
2.16 0.00292771
2.165 0.00291438
2.17 0.00290114
2.175 0.00288798
2.18 0.00287492
2.185 0.00286195
2.19 0.00284906
2.195 0.00283626
2.2 0.00282354
2.205 0.00281091
2.21 0.00279837
2.215 0.00278591
2.22 0.00277353
2.225 0.00276123
2.23 0.00274902
2.235 0.00273689
2.24 0.00272483
2.245 0.00271286
2.25 0.00270096
2.255 0.00268915
2.26 0.00267741
2.265 0.00266574
2.27 0.00265416
2.275 0.00264264
2.28 0.00263121
2.285 0.00261984
2.29 0.00260855
2.295 0.00259734
2.3 0.00258619
2.305 0.00257512
2.31 0.00256412
2.315 0.00255318
2.32 0.00254232
2.325 0.00253153
2.33 0.0025208
2.335 0.00251015
2.34 0.00249956
2.345 0.00248903
2.35 0.00247858
2.355 0.00246819
2.36 0.00245786
2.365 0.0024476
2.37 0.0024374
2.375 0.00242727
2.38 0.0024172
2.385 0.00240719
2.39 0.00239725
2.395 0.00238736
2.4 0.00237754
2.405 0.00236778
2.41 0.00235807
2.415 0.00234843
2.42 0.00233885
2.425 0.00232932
2.43 0.00231985
2.435 0.00231044
2.44 0.00230109
2.445 0.00229179
2.45 0.00228255
2.455 0.00227337
2.46 0.00226424
2.465 0.00225516
2.47 0.00224614
2.475 0.00223718
2.48 0.00222827
2.485 0.00221941
2.49 0.0022106
2.495 0.00220185
2.5 0.00219314
2.505 0.00218449
2.51 0.00217589
2.515 0.00216734
2.52 0.00215884
2.525 0.0021504
2.53 0.002142
2.535 0.00213365
2.54 0.00212534
2.545 0.00211709
2.55 0.00210888
2.555 0.00210073
2.56 0.00209262
2.565 0.00208455
2.57 0.00207653
2.575 0.00206856
2.58 0.00206064
2.585 0.00205276
2.59 0.00204492
2.595 0.00203713
2.6 0.00202939
2.605 0.00202168
2.61 0.00201403
2.615 0.00200641
2.62 0.00199884
2.625 0.00199131
2.63 0.00198383
2.635 0.00197638
2.64 0.00196898
2.645 0.00196162
2.65 0.0019543
2.655 0.00194702
2.66 0.00193978
2.665 0.00193258
2.67 0.00192542
2.675 0.00191831
2.68 0.00191123
2.685 0.00190419
2.69 0.00189719
2.695 0.00189022
2.7 0.0018833
2.705 0.00187641
2.71 0.00186956
2.715 0.00186275
2.72 0.00185598
2.725 0.00184924
2.73 0.00184254
2.735 0.00183588
2.74 0.00182925
2.745 0.00182266
2.75 0.0018161
2.755 0.00180958
2.76 0.00180309
2.765 0.00179664
2.77 0.00179022
2.775 0.00178384
2.78 0.00177749
2.785 0.00177118
2.79 0.00176489
2.795 0.00175865
2.8 0.00175243
2.805 0.00174625
2.81 0.0017401
2.815 0.00173398
2.82 0.0017279
2.825 0.00172185
2.83 0.00171582
2.835 0.00170983
2.84 0.00170388
2.845 0.00169795
2.85 0.00169205
2.855 0.00168619
2.86 0.00168035
2.865 0.00167455
2.87 0.00166877
2.875 0.00166303
2.88 0.00165731
2.885 0.00165162
2.89 0.00164597
2.895 0.00164034
2.9 0.00163474
2.905 0.00162917
2.91 0.00162363
2.915 0.00161811
2.92 0.00161263
2.925 0.00160717
2.93 0.00160174
2.935 0.00159633
2.94 0.00159096
2.945 0.00158561
2.95 0.00158029
2.955 0.00157499
2.96 0.00156973
2.965 0.00156448
2.97 0.00155927
2.975 0.00155408
2.98 0.00154891
2.985 0.00154378
2.99 0.00153866
2.995 0.00153358
3 0.00152851
3.005 0.00152348
3.01 0.00151846
3.015 0.00151348
3.02 0.00150851
3.025 0.00150357
3.03 0.00149866
3.035 0.00149377
3.04 0.0014889
3.045 0.00148406
3.05 0.00147924
3.055 0.00147444
3.06 0.00146967
3.065 0.00146492
3.07 0.0014602
3.075 0.00145549
3.08 0.00145081
3.085 0.00144615
3.09 0.00144152
3.095 0.0014369
3.1 0.00143231
3.105 0.00142774
3.11 0.00142319
3.115 0.00141867
3.12 0.00141416
3.125 0.00140968
3.13 0.00140522
3.135 0.00140078
3.14 0.00139636
3.145 0.00139196
3.15 0.00138758
3.155 0.00138322
3.16 0.00137888
3.165 0.00137457
3.17 0.00137027
3.175 0.00136599
3.18 0.00136174
3.185 0.0013575
3.19 0.00135328
3.195 0.00134909
3.2 0.00134491
3.205 0.00134075
3.21 0.00133661
3.215 0.00133249
3.22 0.00132839
3.225 0.00132431
3.23 0.00132025
3.235 0.0013162
3.24 0.00131218
3.245 0.00130817
3.25 0.00130418
3.255 0.00130021
3.26 0.00129625
3.265 0.00129232
3.27 0.0012884
3.275 0.0012845
3.28 0.00128062
3.285 0.00127676
3.29 0.00127291
3.295 0.00126908
3.3 0.00126527
3.305 0.00126147
3.31 0.0012577
3.315 0.00125394
3.32 0.00125019
3.325 0.00124646
3.33 0.00124275
3.335 0.00123906
3.34 0.00123538
3.345 0.00123172
3.35 0.00122807
3.355 0.00122445
3.36 0.00122083
3.365 0.00121724
3.37 0.00121365
3.375 0.00121009
3.38 0.00120654
3.385 0.00120301
3.39 0.00119949
3.395 0.00119598
3.4 0.0011925
3.405 0.00118902
3.41 0.00118557
3.415 0.00118212
3.42 0.0011787
3.425 0.00117528
3.43 0.00117189
3.435 0.0011685
3.44 0.00116513
3.445 0.00116178
3.45 0.00115844
3.455 0.00115512
3.46 0.00115181
3.465 0.00114851
3.47 0.00114523
3.475 0.00114196
3.48 0.0011387
3.485 0.00113546
3.49 0.00113224
3.495 0.00112902
3.5 0.00112582
3.505 0.00112264
3.51 0.00111947
3.515 0.00111631
3.52 0.00111316
3.525 0.00111003
3.53 0.00110691
3.535 0.00110381
3.54 0.00110071
3.545 0.00109763
3.55 0.00109457
3.555 0.00109151
3.56 0.00108847
3.565 0.00108544
3.57 0.00108243
3.575 0.00107942
3.58 0.00107643
3.585 0.00107345
3.59 0.00107049
3.595 0.00106753
3.6 0.00106459
3.605 0.00106166
3.61 0.00105874
3.615 0.00105584
3.62 0.00105294
3.625 0.00105006
3.63 0.00104719
3.635 0.00104433
3.64 0.00104149
3.645 0.00103865
3.65 0.00103583
3.655 0.00103302
3.66 0.00103022
3.665 0.00102743
3.67 0.00102465
3.675 0.00102188
3.68 0.00101913
3.685 0.00101638
3.69 0.00101365
3.695 0.00101093
3.7 0.00100822
3.705 0.00100552
3.71 0.00100283
3.715 0.00100015
3.72 0.000997482
3.725 0.000994825
3.73 0.000992178
3.735 0.000989542
3.74 0.000986916
3.745 0.000984301
3.75 0.000981696
3.755 0.000979102
3.76 0.000976518
3.765 0.000973944
3.77 0.00097138
3.775 0.000968826
3.78 0.000966282
3.785 0.000963749
3.79 0.000961225
3.795 0.000958711
3.8 0.000956207
3.805 0.000953713
3.81 0.000951228
3.815 0.000948754
3.82 0.000946289
3.825 0.000943833
3.83 0.000941387
3.835 0.000938951
3.84 0.000936524
3.845 0.000934106
3.85 0.000931698
3.855 0.000929299
3.86 0.000926909
3.865 0.000924528
3.87 0.000922157
3.875 0.000919795
3.88 0.000917441
3.885 0.000915097
3.89 0.000912762
3.895 0.000910436
3.9 0.000908118
3.905 0.00090581
3.91 0.00090351
3.915 0.000901219
3.92 0.000898936
3.925 0.000896663
3.93 0.000894398
3.935 0.000892141
3.94 0.000889893
3.945 0.000887654
3.95 0.000885423
3.955 0.0008832
3.96 0.000880986
3.965 0.00087878
3.97 0.000876582
3.975 0.000874392
3.98 0.000872211
3.985 0.000870038
3.99 0.000867873
3.995 0.000865716
4 0.000863567
4.005 0.000861426
4.01 0.000859293
4.015 0.000857168
4.02 0.000855051
4.025 0.000852942
4.03 0.00085084
4.035 0.000848746
4.04 0.00084666
4.045 0.000844582
4.05 0.000842511
4.055 0.000840448
4.06 0.000838392
4.065 0.000836344
4.07 0.000834303
4.075 0.00083227
4.08 0.000830245
4.085 0.000828226
4.09 0.000826215
4.095 0.000824212
4.1 0.000822215
4.105 0.000820226
4.11 0.000818244
4.115 0.000816269
4.12 0.000814302
4.125 0.000812341
4.13 0.000810388
4.135 0.000808441
4.14 0.000806502
4.145 0.00080457
4.15 0.000802644
4.155 0.000800725
4.16 0.000798814
4.165 0.000796909
4.17 0.000795011
4.175 0.000793119
4.18 0.000791235
4.185 0.000789357
4.19 0.000787486
4.195 0.000785621
4.2 0.000783763
4.205 0.000781912
4.21 0.000780067
4.215 0.000778229
4.22 0.000776397
4.225 0.000774572
4.23 0.000772753
4.235 0.00077094
4.24 0.000769134
4.245 0.000767334
4.25 0.000765541
4.255 0.000763754
4.26 0.000761973
4.265 0.000760198
4.27 0.000758429
4.275 0.000756667
4.28 0.000754911
4.285 0.000753161
4.29 0.000751417
4.295 0.000749679
4.3 0.000747947
4.305 0.000746221
4.31 0.000744501
4.315 0.000742786
4.32 0.000741078
4.325 0.000739376
4.33 0.00073768
4.335 0.000735989
4.34 0.000734304
4.345 0.000732625
4.35 0.000730952
4.355 0.000729284
4.36 0.000727622
4.365 0.000725966
4.37 0.000724316
4.375 0.000722671
4.38 0.000721031
4.385 0.000719398
4.39 0.00071777
4.395 0.000716147
4.4 0.00071453
4.405 0.000712918
4.41 0.000711312
4.415 0.000709711
4.42 0.000708115
4.425 0.000706525
4.43 0.000704941
4.435 0.000703361
4.44 0.000701787
4.445 0.000700218
4.45 0.000698655
4.455 0.000697096
4.46 0.000695543
4.465 0.000693995
4.47 0.000692452
4.475 0.000690915
4.48 0.000689382
4.485 0.000687855
4.49 0.000686332
4.495 0.000684815
4.5 0.000683303
4.505 0.000681796
4.51 0.000680293
4.515 0.000678796
4.52 0.000677303
4.525 0.000675816
4.53 0.000674333
4.535 0.000672856
4.54 0.000671383
4.545 0.000669915
4.55 0.000668451
4.555 0.000666993
4.56 0.000665539
4.565 0.00066409
4.57 0.000662646
4.575 0.000661207
4.58 0.000659772
4.585 0.000658342
4.59 0.000656916
4.595 0.000655495
4.6 0.000654079
4.605 0.000652667
4.61 0.00065126
4.615 0.000649858
4.62 0.000648459
4.625 0.000647066
4.63 0.000645677
4.635 0.000644292
4.64 0.000642912
4.645 0.000641536
4.65 0.000640165
4.655 0.000638798
4.66 0.000637435
4.665 0.000636077
4.67 0.000634723
4.675 0.000633374
4.68 0.000632029
4.685 0.000630688
4.69 0.000629351
4.695 0.000628018
4.7 0.00062669
4.705 0.000625366
4.71 0.000624046
4.715 0.000622731
4.72 0.000621419
4.725 0.000620112
4.73 0.000618809
4.735 0.000617509
4.74 0.000616214
4.745 0.000614923
4.75 0.000613636
4.755 0.000612354
4.76 0.000611075
4.765 0.0006098
4.77 0.000608529
4.775 0.000607262
4.78 0.000605999
4.785 0.00060474
4.79 0.000603485
4.795 0.000602234
4.8 0.000600986
4.805 0.000599743
4.81 0.000598503
4.815 0.000597267
4.82 0.000596035
4.825 0.000594807
4.83 0.000593583
4.835 0.000592362
4.84 0.000591146
4.845 0.000589932
4.85 0.000588723
4.855 0.000587518
4.86 0.000586316
4.865 0.000585117
4.87 0.000583923
4.875 0.000582732
4.88 0.000581545
4.885 0.000580361
4.89 0.000579181
4.895 0.000578004
4.9 0.000576832
4.905 0.000575662
4.91 0.000574497
4.915 0.000573334
4.92 0.000572176
4.925 0.00057102
4.93 0.000569869
4.935 0.000568721
4.94 0.000567576
4.945 0.000566434
4.95 0.000565297
4.955 0.000564162
4.96 0.000563031
4.965 0.000561904
4.97 0.000560779
4.975 0.000559658
4.98 0.000558541
4.985 0.000557427
4.99 0.000556316
4.995 0.000555208
5 0.000554104
5.005 0.000553003
5.01 0.000551906
5.015 0.000550811
5.02 0.00054972
5.025 0.000548632
5.03 0.000547548
5.035 0.000546466
5.04 0.000545388
5.045 0.000544313
5.05 0.000543241
5.055 0.000542172
5.06 0.000541107
5.065 0.000540044
5.07 0.000538985
5.075 0.000537929
5.08 0.000536876
5.085 0.000535826
5.09 0.000534779
5.095 0.000533735
5.1 0.000532694
5.105 0.000531656
5.11 0.000530621
5.115 0.00052959
5.12 0.000528561
5.125 0.000527535
5.13 0.000526512
5.135 0.000525493
5.14 0.000524476
5.145 0.000523462
5.15 0.000522451
5.155 0.000521443
5.16 0.000520438
5.165 0.000519436
5.17 0.000518437
5.175 0.00051744
5.18 0.000516447
5.185 0.000515456
5.19 0.000514468
5.195 0.000513483
5.2 0.000512501
5.205 0.000511521
5.21 0.000510545
5.215 0.000509571
5.22 0.0005086
5.225 0.000507632
5.23 0.000506667
5.235 0.000505704
5.24 0.000504744
5.245 0.000503787
5.25 0.000502832
5.255 0.00050188
5.26 0.000500931
5.265 0.000499985
5.27 0.000499041
5.275 0.0004981
5.28 0.000497162
5.285 0.000496226
5.29 0.000495293
5.295 0.000494362
5.3 0.000493434
5.305 0.000492509
5.31 0.000491587
5.315 0.000490666
5.32 0.000489749
5.325 0.000488834
5.33 0.000487922
5.335 0.000487012
5.34 0.000486105
5.345 0.0004852
5.35 0.000484298
5.355 0.000483398
5.36 0.000482501
5.365 0.000481606
5.37 0.000480714
5.375 0.000479824
5.38 0.000478937
5.385 0.000478052
5.39 0.00047717
5.395 0.00047629
5.4 0.000475412
5.405 0.000474537
5.41 0.000473665
5.415 0.000472794
5.42 0.000471927
5.425 0.000471061
5.43 0.000470198
5.435 0.000469337
5.44 0.000468479
5.445 0.000467623
5.45 0.000466769
5.455 0.000465918
5.46 0.000465069
5.465 0.000464222
5.47 0.000463378
5.475 0.000462536
5.48 0.000461696
5.485 0.000460859
5.49 0.000460024
5.495 0.000459191
5.5 0.00045836
5.505 0.000457531
5.51 0.000456705
5.515 0.000455881
5.52 0.00045506
5.525 0.00045424
5.53 0.000453423
5.535 0.000452608
5.54 0.000451795
5.545 0.000450984
5.55 0.000450176
5.555 0.000449369
5.56 0.000448565
5.565 0.000447763
5.57 0.000446963
5.575 0.000446165
5.58 0.00044537
5.585 0.000444576
5.59 0.000443785
5.595 0.000442996
5.6 0.000442209
5.605 0.000441424
5.61 0.000440641
5.615 0.00043986
5.62 0.000439081
5.625 0.000438304
5.63 0.000437529
5.635 0.000436757
5.64 0.000435986
5.645 0.000435218
5.65 0.000434451
5.655 0.000433687
5.66 0.000432924
5.665 0.000432164
5.67 0.000431405
5.675 0.000430649
5.68 0.000429894
5.685 0.000429142
5.69 0.000428391
5.695 0.000427643
5.7 0.000426896
5.705 0.000426151
5.71 0.000425409
5.715 0.000424668
5.72 0.000423929
5.725 0.000423192
5.73 0.000422457
5.735 0.000421724
5.74 0.000420993
5.745 0.000420264
5.75 0.000419536
5.755 0.000418811
5.76 0.000418087
5.765 0.000417366
5.77 0.000416646
5.775 0.000415928
5.78 0.000415212
5.785 0.000414497
5.79 0.000413785
5.795 0.000413074
5.8 0.000412365
5.805 0.000411658
5.81 0.000410953
5.815 0.00041025
5.82 0.000409548
5.825 0.000408849
5.83 0.000408151
5.835 0.000407454
5.84 0.00040676
5.845 0.000406067
5.85 0.000405377
5.855 0.000404687
5.86 0.000404
5.865 0.000403315
5.87 0.000402631
5.875 0.000401949
5.88 0.000401268
5.885 0.00040059
5.89 0.000399913
5.895 0.000399237
5.9 0.000398564
5.905 0.000397892
5.91 0.000397222
5.915 0.000396554
5.92 0.000395887
5.925 0.000395222
5.93 0.000394558
5.935 0.000393897
5.94 0.000393237
5.945 0.000392578
5.95 0.000391922
5.955 0.000391267
5.96 0.000390613
5.965 0.000389961
5.97 0.000389311
5.975 0.000388663
5.98 0.000388016
5.985 0.00038737
5.99 0.000386727
5.995 0.000386084
6 0.000385444
6.005 0.000384805
6.01 0.000384168
6.015 0.000383532
6.02 0.000382898
6.025 0.000382265
6.03 0.000381634
6.035 0.000381005
6.04 0.000380377
6.045 0.00037975
6.05 0.000379126
6.055 0.000378502
6.06 0.000377881
6.065 0.00037726
6.07 0.000376642
6.075 0.000376024
6.08 0.000375409
6.085 0.000374795
6.09 0.000374182
6.095 0.000373571
6.1 0.000372961
6.105 0.000372353
6.11 0.000371746
6.115 0.000371141
6.12 0.000370538
6.125 0.000369935
6.13 0.000369335
6.135 0.000368735
6.14 0.000368137
6.145 0.000367541
6.15 0.000366946
6.155 0.000366353
6.16 0.00036576
6.165 0.00036517
6.17 0.000364581
6.175 0.000363993
6.18 0.000363406
6.185 0.000362822
6.19 0.000362238
6.195 0.000361656
6.2 0.000361075
6.205 0.000360496
6.21 0.000359918
6.215 0.000359341
6.22 0.000358766
6.225 0.000358192
6.23 0.00035762
6.235 0.000357049
6.24 0.000356479
6.245 0.000355911
6.25 0.000355344
6.255 0.000354778
6.26 0.000354214
6.265 0.000353651
6.27 0.00035309
6.275 0.00035253
6.28 0.000351971
6.285 0.000351413
6.29 0.000350857
6.295 0.000350302
6.3 0.000349748
6.305 0.000349196
6.31 0.000348645
6.315 0.000348095
6.32 0.000347547
6.325 0.000347
6.33 0.000346454
6.335 0.00034591
6.34 0.000345366
6.345 0.000344824
6.35 0.000344284
6.355 0.000343744
6.36 0.000343206
6.365 0.000342669
6.37 0.000342134
6.375 0.000341599
6.38 0.000341066
6.385 0.000340534
6.39 0.000340004
6.395 0.000339474
6.4 0.000338946
6.405 0.000338419
6.41 0.000337894
6.415 0.000337369
6.42 0.000336846
6.425 0.000336324
6.43 0.000335803
6.435 0.000335283
6.44 0.000334765
6.445 0.000334248
6.45 0.000333732
6.455 0.000333217
6.46 0.000332703
6.465 0.000332191
6.47 0.00033168
6.475 0.00033117
6.48 0.000330661
6.485 0.000330153
6.49 0.000329646
6.495 0.000329141
6.5 0.000328637
6.505 0.000328134
6.51 0.000327632
6.515 0.000327131
6.52 0.000326631
6.525 0.000326133
6.53 0.000325636
6.535 0.000325139
6.54 0.000324644
6.545 0.00032415
6.55 0.000323658
6.555 0.000323166
6.56 0.000322675
6.565 0.000322186
6.57 0.000321698
6.575 0.00032121
6.58 0.000320724
6.585 0.000320239
6.59 0.000319755
6.595 0.000319272
6.6 0.000318791
6.605 0.00031831
6.61 0.000317831
6.615 0.000317352
6.62 0.000316875
6.625 0.000316398
6.63 0.000315923
6.635 0.000315449
6.64 0.000314976
6.645 0.000314504
6.65 0.000314033
6.655 0.000313563
6.66 0.000313094
6.665 0.000312626
6.67 0.000312159
6.675 0.000311694
6.68 0.000311229
6.685 0.000310765
6.69 0.000310303
6.695 0.000309841
6.7 0.000309381
6.705 0.000308921
6.71 0.000308463
6.715 0.000308005
6.72 0.000307549
6.725 0.000307093
6.73 0.000306639
6.735 0.000306185
6.74 0.000305733
6.745 0.000305281
6.75 0.000304831
6.755 0.000304382
6.76 0.000303933
6.765 0.000303486
6.77 0.000303039
6.775 0.000302594
6.78 0.000302149
6.785 0.000301706
6.79 0.000301263
6.795 0.000300822
6.8 0.000300381
6.805 0.000299941
6.81 0.000299503
6.815 0.000299065
6.82 0.000298628
6.825 0.000298192
6.83 0.000297758
6.835 0.000297324
6.84 0.000296891
6.845 0.000296459
6.85 0.000296028
6.855 0.000295598
6.86 0.000295168
6.865 0.00029474
6.87 0.000294313
6.875 0.000293886
6.88 0.000293461
6.885 0.000293036
6.89 0.000292613
6.895 0.00029219
6.9 0.000291768
6.905 0.000291348
6.91 0.000290928
6.915 0.000290508
6.92 0.00029009
6.925 0.000289673
6.93 0.000289257
6.935 0.000288841
6.94 0.000288427
6.945 0.000288013
6.95 0.0002876
6.955 0.000287188
6.96 0.000286777
6.965 0.000286367
6.97 0.000285958
6.975 0.00028555
6.98 0.000285142
6.985 0.000284736
6.99 0.00028433
6.995 0.000283925
7 0.000283521
7.005 0.000283118
7.01 0.000282715
7.015 0.000282314
7.02 0.000281913
7.025 0.000281514
7.03 0.000281115
7.035 0.000280717
7.04 0.00028032
7.045 0.000279923
7.05 0.000279528
7.055 0.000279133
7.06 0.000278739
7.065 0.000278346
7.07 0.000277954
7.075 0.000277563
7.08 0.000277172
7.085 0.000276782
7.09 0.000276394
7.095 0.000276006
7.1 0.000275618
7.105 0.000275232
7.11 0.000274846
7.115 0.000274461
7.12 0.000274077
7.125 0.000273694
7.13 0.000273312
7.135 0.00027293
7.14 0.000272549
7.145 0.000272169
7.15 0.00027179
7.155 0.000271412
7.16 0.000271034
7.165 0.000270657
7.17 0.000270281
7.175 0.000269906
7.18 0.000269532
7.185 0.000269158
7.19 0.000268785
7.195 0.000268413
7.2 0.000268041
7.205 0.000267671
7.21 0.000267301
7.215 0.000266932
7.22 0.000266564
7.225 0.000266196
7.23 0.000265829
7.235 0.000265463
7.24 0.000265098
7.245 0.000264733
7.25 0.00026437
7.255 0.000264007
7.26 0.000263644
7.265 0.000263283
7.27 0.000262922
7.275 0.000262562
7.28 0.000262203
7.285 0.000261844
7.29 0.000261486
7.295 0.000261129
7.3 0.000260773
7.305 0.000260417
7.31 0.000260062
7.315 0.000259708
7.32 0.000259355
7.325 0.000259002
7.33 0.00025865
7.335 0.000258299
7.34 0.000257948
7.345 0.000257598
7.35 0.000257249
7.355 0.0002569
7.36 0.000256553
7.365 0.000256206
7.37 0.000255859
7.375 0.000255514
7.38 0.000255169
7.385 0.000254824
7.39 0.000254481
7.395 0.000254138
7.4 0.000253796
7.405 0.000253454
7.41 0.000253114
7.415 0.000252774
7.42 0.000252434
7.425 0.000252095
7.43 0.000251757
7.435 0.00025142
7.44 0.000251083
7.445 0.000250747
7.45 0.000250412
7.455 0.000250077
7.46 0.000249743
7.465 0.00024941
7.47 0.000249077
7.475 0.000248745
7.48 0.000248414
7.485 0.000248083
7.49 0.000247753
7.495 0.000247424
7.5 0.000247095
7.505 0.000246767
7.51 0.00024644
7.515 0.000246113
7.52 0.000245787
7.525 0.000245462
7.53 0.000245137
7.535 0.000244813
7.54 0.000244489
7.545 0.000244166
7.55 0.000243844
7.555 0.000243522
7.56 0.000243201
7.565 0.000242881
7.57 0.000242561
7.575 0.000242242
7.58 0.000241924
7.585 0.000241606
7.59 0.000241289
7.595 0.000240972
7.6 0.000240656
7.605 0.000240341
7.61 0.000240026
7.615 0.000239712
7.62 0.000239399
7.625 0.000239086
7.63 0.000238774
7.635 0.000238462
7.64 0.000238151
7.645 0.000237841
7.65 0.000237531
7.655 0.000237222
7.66 0.000236913
7.665 0.000236605
7.67 0.000236298
7.675 0.000235991
7.68 0.000235685
7.685 0.000235379
7.69 0.000235074
7.695 0.00023477
7.7 0.000234466
7.705 0.000234163
7.71 0.00023386
7.715 0.000233558
7.72 0.000233257
7.725 0.000232956
7.73 0.000232656
7.735 0.000232356
7.74 0.000232057
7.745 0.000231758
7.75 0.00023146
7.755 0.000231163
7.76 0.000230866
7.765 0.00023057
7.77 0.000230274
7.775 0.000229979
7.78 0.000229684
7.785 0.00022939
7.79 0.000229097
7.795 0.000228804
7.8 0.000228512
7.805 0.00022822
7.81 0.000227929
7.815 0.000227638
7.82 0.000227348
7.825 0.000227058
7.83 0.000226769
7.835 0.000226481
7.84 0.000226193
7.845 0.000225906
7.85 0.000225619
7.855 0.000225333
7.86 0.000225047
7.865 0.000224762
7.87 0.000224477
7.875 0.000224193
7.88 0.00022391
7.885 0.000223627
7.89 0.000223344
7.895 0.000223062
7.9 0.000222781
7.905 0.0002225
7.91 0.00022222
7.915 0.00022194
7.92 0.000221661
7.925 0.000221382
7.93 0.000221104
7.935 0.000220826
7.94 0.000220549
7.945 0.000220272
7.95 0.000219996
7.955 0.000219721
7.96 0.000219445
7.965 0.000219171
7.97 0.000218897
7.975 0.000218623
7.98 0.00021835
7.985 0.000218078
7.99 0.000217806
7.995 0.000217534
8 0.000217263
8.005 0.000216993
8.01 0.000216723
8.015 0.000216453
8.02 0.000216184
8.025 0.000215916
8.03 0.000215648
8.035 0.00021538
8.04 0.000215113
8.045 0.000214847
8.05 0.000214581
8.055 0.000214315
8.06 0.00021405
8.065 0.000213786
8.07 0.000213522
8.075 0.000213258
8.08 0.000212995
8.085 0.000212733
8.09 0.000212471
8.095 0.000212209
8.1 0.000211948
8.105 0.000211687
8.11 0.000211427
8.115 0.000211168
8.12 0.000210908
8.125 0.00021065
8.13 0.000210391
8.135 0.000210134
8.14 0.000209876
8.145 0.00020962
8.15 0.000209363
8.155 0.000209107
8.16 0.000208852
8.165 0.000208597
8.17 0.000208343
8.175 0.000208089
8.18 0.000207835
8.185 0.000207582
8.19 0.000207329
8.195 0.000207077
8.2 0.000206825
8.205 0.000206574
8.21 0.000206323
8.215 0.000206073
8.22 0.000205823
8.225 0.000205574
8.23 0.000205325
8.235 0.000205076
8.24 0.000204828
8.245 0.000204581
8.25 0.000204334
8.255 0.000204087
8.26 0.000203841
8.265 0.000203595
8.27 0.000203349
8.275 0.000203104
8.28 0.00020286
8.285 0.000202616
8.29 0.000202372
8.295 0.000202129
8.3 0.000201886
8.305 0.000201644
8.31 0.000201402
8.315 0.000201161
8.32 0.00020092
8.325 0.000200679
8.33 0.000200439
8.335 0.000200199
8.34 0.00019996
8.345 0.000199721
8.35 0.000199483
8.355 0.000199245
8.36 0.000199007
8.365 0.00019877
8.37 0.000198534
8.375 0.000198297
8.38 0.000198061
8.385 0.000197826
8.39 0.000197591
8.395 0.000197356
8.4 0.000197122
8.405 0.000196888
8.41 0.000196655
8.415 0.000196422
8.42 0.00019619
8.425 0.000195957
8.43 0.000195726
8.435 0.000195494
8.44 0.000195264
8.445 0.000195033
8.45 0.000194803
8.455 0.000194573
8.46 0.000194344
8.465 0.000194115
8.47 0.000193887
8.475 0.000193659
8.48 0.000193431
8.485 0.000193204
8.49 0.000192977
8.495 0.000192751
8.5 0.000192525
8.505 0.000192299
8.51 0.000192074
8.515 0.000191849
8.52 0.000191624
8.525 0.0001914
8.53 0.000191177
8.535 0.000190953
8.54 0.000190731
8.545 0.000190508
8.55 0.000190286
8.555 0.000190064
8.56 0.000189843
8.565 0.000189622
8.57 0.000189401
8.575 0.000189181
8.58 0.000188961
8.585 0.000188742
8.59 0.000188523
8.595 0.000188304
8.6 0.000188086
8.605 0.000187868
8.61 0.000187651
8.615 0.000187433
8.62 0.000187217
8.625 0.000187
8.63 0.000186784
8.635 0.000186569
8.64 0.000186353
8.645 0.000186139
8.65 0.000185924
8.655 0.00018571
8.66 0.000185496
8.665 0.000185283
8.67 0.00018507
8.675 0.000184857
8.68 0.000184645
8.685 0.000184433
8.69 0.000184221
8.695 0.00018401
8.7 0.000183799
8.705 0.000183589
8.71 0.000183379
8.715 0.000183169
8.72 0.000182959
8.725 0.00018275
8.73 0.000182542
8.735 0.000182333
8.74 0.000182125
8.745 0.000181918
8.75 0.00018171
8.755 0.000181504
8.76 0.000181297
8.765 0.000181091
8.77 0.000180885
8.775 0.000180679
8.78 0.000180474
8.785 0.00018027
8.79 0.000180065
8.795 0.000179861
8.8 0.000179657
8.805 0.000179454
8.81 0.000179251
8.815 0.000179048
8.82 0.000178846
8.825 0.000178644
8.83 0.000178442
8.835 0.000178241
8.84 0.00017804
8.845 0.000177839
8.85 0.000177639
8.855 0.000177439
8.86 0.000177239
8.865 0.00017704
8.87 0.000176841
8.875 0.000176642
8.88 0.000176444
8.885 0.000176246
8.89 0.000176048
8.895 0.000175851
8.9 0.000175654
8.905 0.000175457
8.91 0.000175261
8.915 0.000175065
8.92 0.000174869
8.925 0.000174674
8.93 0.000174479
8.935 0.000174284
8.94 0.00017409
8.945 0.000173896
8.95 0.000173702
8.955 0.000173509
8.96 0.000173315
8.965 0.000173123
8.97 0.00017293
8.975 0.000172738
8.98 0.000172546
8.985 0.000172355
8.99 0.000172164
8.995 0.000171973
9 0.000171783
9.005 0.000171592
9.01 0.000171402
9.015 0.000171213
9.02 0.000171024
9.025 0.000170835
9.03 0.000170646
9.035 0.000170458
9.04 0.00017027
9.045 0.000170082
9.05 0.000169895
9.055 0.000169708
9.06 0.000169521
9.065 0.000169334
9.07 0.000169148
9.075 0.000168963
9.08 0.000168777
9.085 0.000168592
9.09 0.000168407
9.095 0.000168222
9.1 0.000168038
9.105 0.000167854
9.11 0.00016767
9.115 0.000167487
9.12 0.000167304
9.125 0.000167121
9.13 0.000166938
9.135 0.000166756
9.14 0.000166574
9.145 0.000166393
9.15 0.000166211
9.155 0.00016603
9.16 0.00016585
9.165 0.000165669
9.17 0.000165489
9.175 0.000165309
9.18 0.00016513
9.185 0.00016495
9.19 0.000164771
9.195 0.000164593
9.2 0.000164414
9.205 0.000164236
9.21 0.000164059
9.215 0.000163881
9.22 0.000163704
9.225 0.000163527
9.23 0.00016335
9.235 0.000163174
9.24 0.000162998
9.245 0.000162822
9.25 0.000162646
9.255 0.000162471
9.26 0.000162296
9.265 0.000162122
9.27 0.000161947
9.275 0.000161773
9.28 0.000161599
9.285 0.000161426
9.29 0.000161253
9.295 0.00016108
9.3 0.000160907
9.305 0.000160734
9.31 0.000160562
9.315 0.00016039
9.32 0.000160219
9.325 0.000160048
9.33 0.000159877
9.335 0.000159706
9.34 0.000159535
9.345 0.000159365
9.35 0.000159195
9.355 0.000159025
9.36 0.000158856
9.365 0.000158687
9.37 0.000158518
9.375 0.000158349
9.38 0.000158181
9.385 0.000158013
9.39 0.000157845
9.395 0.000157678
9.4 0.00015751
9.405 0.000157343
9.41 0.000157177
9.415 0.00015701
9.42 0.000156844
9.425 0.000156678
9.43 0.000156512
9.435 0.000156347
9.44 0.000156182
9.445 0.000156017
9.45 0.000155852
9.455 0.000155688
9.46 0.000155524
9.465 0.00015536
9.47 0.000155196
9.475 0.000155033
9.48 0.00015487
9.485 0.000154707
9.49 0.000154545
9.495 0.000154382
9.5 0.00015422
9.505 0.000154059
9.51 0.000153897
9.515 0.000153736
9.52 0.000153575
9.525 0.000153414
9.53 0.000153253
9.535 0.000153093
9.54 0.000152933
9.545 0.000152773
9.55 0.000152614
9.555 0.000152455
9.56 0.000152296
9.565 0.000152137
9.57 0.000151978
9.575 0.00015182
9.58 0.000151662
9.585 0.000151504
9.59 0.000151347
9.595 0.000151189
9.6 0.000151032
9.605 0.000150875
9.61 0.000150719
9.615 0.000150563
9.62 0.000150407
9.625 0.000150251
9.63 0.000150095
9.635 0.00014994
9.64 0.000149785
9.645 0.00014963
9.65 0.000149475
9.655 0.000149321
9.66 0.000149167
9.665 0.000149013
9.67 0.000148859
9.675 0.000148706
9.68 0.000148552
9.685 0.0001484
9.69 0.000148247
9.695 0.000148094
9.7 0.000147942
9.705 0.00014779
9.71 0.000147638
9.715 0.000147487
9.72 0.000147335
9.725 0.000147184
9.73 0.000147033
9.735 0.000146883
9.74 0.000146732
9.745 0.000146582
9.75 0.000146432
9.755 0.000146283
9.76 0.000146133
9.765 0.000145984
9.77 0.000145835
9.775 0.000145686
9.78 0.000145538
9.785 0.000145389
9.79 0.000145241
9.795 0.000145093
9.8 0.000144946
9.805 0.000144798
9.81 0.000144651
9.815 0.000144504
9.82 0.000144357
9.825 0.000144211
9.83 0.000144065
9.835 0.000143918
9.84 0.000143773
9.845 0.000143627
9.85 0.000143482
9.855 0.000143336
9.86 0.000143191
9.865 0.000143047
9.87 0.000142902
9.875 0.000142758
9.88 0.000142614
9.885 0.00014247
9.89 0.000142326
9.895 0.000142183
9.9 0.00014204
9.905 0.000141896
9.91 0.000141754
9.915 0.000141611
9.92 0.000141469
9.925 0.000141327
9.93 0.000141185
9.935 0.000141043
9.94 0.000140901
9.945 0.00014076
9.95 0.000140619
9.955 0.000140478
9.96 0.000140338
9.965 0.000140197
9.97 0.000140057
9.975 0.000139917
9.98 0.000139777
9.985 0.000139637
9.99 0.000139498
9.995 0.000139359
