0 -nan
0.005 0.928368
0.01 0.365216
0.015 0.0197321
0.02 0.0918798
0.025 0.57688
0.03 0.0741992
0.035 0.0409547
0.04 0.73456
0.045 0.0350182
0.05 0.251216
0.055 0.300062
0.06 0.145304
0.065 0.443799
0.07 0.195018
0.075 0.627043
0.08 0.638801
0.085 0.521042
0.09 0.222442
0.095 0.010257
0.1 0.35827
0.105 0.212949
0.11 0.13823
0.115 0.240199
0.12 0.156547
0.125 0.136212
0.13 0.238869
0.135 0.0868706
0.14 0.171485
0.145 0.189873
0.15 0.125003
0.155 0.138001
0.16 0.157443
0.165 0.15326
0.17 0.160878
0.175 0.159795
0.18 0.131599
0.185 0.115513
0.19 0.145827
0.195 0.195796
0.2 0.210545
0.205 0.170813
0.21 0.11023
0.215 0.080098
0.22 0.105846
0.225 0.171805
0.23 0.237472
0.235 0.265799
0.24 0.243171
0.245 0.182479
0.25 0.112635
0.255 0.0633644
0.26 0.0532202
0.265 0.0846865
0.27 0.146147
0.275 0.218058
0.28 0.280119
0.285 0.317002
0.29 0.321413
0.295 0.294445
0.3 0.243866
0.305 0.181325
0.31 0.11939
0.315 0.0690535
0.32 0.0380886
0.325 0.0303179
0.33 0.0456849
0.335 0.0809077
0.34 0.130462
0.345 0.187666
0.35 0.245688
0.355 0.298364
0.36 0.340771
0.365 0.369542
0.37 0.382959
0.375 0.380856
0.38 0.364395
0.385 0.335767
0.39 0.297857
0.395 0.253922
0.4 0.207291
0.405 0.161129
0.41 0.118244
0.415 0.0809615
0.42 0.0510534
0.425 0.0297115
0.43 0.0175635
0.435 0.0147175
0.44 0.0208289
0.445 0.0351782
0.45 0.0567561
0.455 0.0843475
0.46 0.116611
0.465 0.152152
0.47 0.189584
0.475 0.227582
0.48 0.26492
0.485 0.300506
0.49 0.333402
0.495 0.36283
0.5 0.388184
0.505 0.409023
0.51 0.425063
0.515 0.436171
0.52 0.442345
0.525 0.443702
0.53 0.440459
0.535 0.432918
0.54 0.421447
0.545 0.406465
0.55 0.388426
0.555 0.367809
0.56 0.345098
0.565 0.320779
0.57 0.295326
0.575 0.269195
0.58 0.242817
0.585 0.216594
0.59 0.190892
0.595 0.166045
0.6 0.142347
0.605 0.120054
0.61 0.0993842
0.615 0.0805175
0.62 0.0635984
0.625 0.0487365
0.63 0.036009
0.635 0.0254626
0.64 0.0171162
0.645 0.0109631
0.65 0.00697408
0.655 0.00509939
0.66 0.00527168
0.665 0.00740833
0.67 0.0114138
0.675 0.0171818
0.68 0.0245975
0.685 0.0335396
0.69 0.0438818
0.695 0.0554947
0.7 0.0682472
0.705 0.0820081
0.71 0.0966468
0.715 0.112035
0.72 0.128047
0.725 0.14456
0.73 0.161457
0.735 0.178626
0.74 0.195958
0.745 0.213352
0.75 0.230712
0.755 0.247948
0.76 0.264977
0.765 0.281721
0.77 0.298109
0.775 0.314077
0.78 0.329565
0.785 0.344522
0.79 0.358901
0.795 0.37266
0.8 0.385764
0.805 0.398181
0.81 0.409888
0.815 0.420862
0.82 0.431088
0.825 0.440554
0.83 0.44925
0.835 0.457174
0.84 0.464322
0.845 0.470699
0.85 0.476308
0.855 0.481157
0.86 0.485257
0.865 0.488619
0.87 0.491258
0.875 0.49319
0.88 0.494432
0.885 0.495004
0.89 0.494927
0.895 0.49422
0.9 0.492907
0.905 0.49101
0.91 0.488553
0.915 0.48556
0.92 0.482055
0.925 0.478063
0.93 0.473609
0.935 0.468716
0.94 0.463411
0.945 0.457718
0.95 0.45166
0.955 0.445263
0.96 0.438549
0.965 0.431542
0.97 0.424266
0.975 0.416742
0.98 0.408993
0.985 0.401039
0.99 0.392903
0.995 0.384604
1 0.376161
1.005 0.367595
1.01 0.358922
1.015 0.350162
1.02 0.341331
1.025 0.332446
1.03 0.323521
1.035 0.314574
1.04 0.305617
1.045 0.296666
1.05 0.287732
1.055 0.278829
1.06 0.269969
1.065 0.261163
1.07 0.252421
1.075 0.243755
1.08 0.235173
1.085 0.226684
1.09 0.218297
1.095 0.21002
1.1 0.20186
1.105 0.193824
1.11 0.185918
1.115 0.178149
1.12 0.170522
1.125 0.163042
1.13 0.155713
1.135 0.14854
1.14 0.141527
1.145 0.134676
1.15 0.127991
1.155 0.121475
1.16 0.11513
1.165 0.108958
1.17 0.102961
1.175 0.0971396
1.18 0.0914957
1.185 0.08603
1.19 0.0807432
1.195 0.0756355
1.2 0.0707072
1.205 0.0659582
1.21 0.0613883
1.215 0.0569969
1.22 0.0527834
1.225 0.0487471
1.23 0.0448869
1.235 0.0412017
1.24 0.0376903
1.245 0.0343511
1.25 0.0311828
1.255 0.0281836
1.26 0.0253517
1.265 0.0226853
1.27 0.0201825
1.275 0.0178412
1.28 0.0156592
1.285 0.0136345
1.29 0.0117647
1.295 0.0100475
1.3 0.00848047
1.305 0.00706129
1.31 0.00578745
1.315 0.00465645
1.32 0.00366574
1.325 0.00281275
1.33 0.00209491
1.335 0.00150959
1.34 0.00105415
1.345 0.000725972
1.35 0.000522388
1.355 0.000440744
1.36 0.000478378
1.365 0.000632631
1.37 0.000900844
1.375 0.00128036
1.38 0.00176855
1.385 0.00236276
1.39 0.00306038
1.395 0.0038588
1.4 0.00475543
1.405 0.0057477
1.41 0.00683306
1.415 0.00800897
1.42 0.00927292
1.425 0.0106224
1.43 0.0120551
1.435 0.0135684
1.44 0.0151599
1.445 0.0168274
1.45 0.0185684
1.455 0.0203806
1.46 0.0222618
1.465 0.0242097
1.47 0.026222
1.475 0.0282966
1.48 0.0304314
1.485 0.0326242
1.49 0.0348728
1.495 0.0371754
1.5 0.0395298
1.505 0.041934
1.51 0.0443861
1.515 0.0468843
1.52 0.0494265
1.525 0.052011
1.53 0.0546359
1.535 0.0572996
1.54 0.0600001
1.545 0.0627358
1.55 0.0655051
1.555 0.0683063
1.56 0.0711378
1.565 0.073998
1.57 0.0768854
1.575 0.0797985
1.58 0.0827357
1.585 0.0856957
1.59 0.0886771
1.595 0.0916784
1.6 0.0946983
1.605 0.0977356
1.61 0.100789
1.615 0.103857
1.62 0.106938
1.625 0.110032
1.63 0.113138
1.635 0.116253
1.64 0.119377
1.645 0.122509
1.65 0.125648
1.655 0.128792
1.66 0.131942
1.665 0.135095
1.67 0.138251
1.675 0.141409
1.68 0.144568
1.685 0.147727
1.69 0.150886
1.695 0.154043
1.7 0.157198
1.705 0.16035
1.71 0.163498
1.715 0.166641
1.72 0.16978
1.725 0.172912
1.73 0.176038
1.735 0.179156
1.74 0.182267
1.745 0.185369
1.75 0.188463
1.755 0.191546
1.76 0.19462
1.765 0.197682
1.77 0.200734
1.775 0.203774
1.78 0.206801
1.785 0.209816
1.79 0.212818
1.795 0.215807
1.8 0.218781
1.805 0.221742
1.81 0.224687
1.815 0.227617
1.82 0.230532
1.825 0.233432
1.83 0.236315
1.835 0.239182
1.84 0.242032
1.845 0.244865
1.85 0.247681
1.855 0.250479
1.86 0.253259
1.865 0.256022
1.87 0.258766
1.875 0.261492
1.88 0.264199
1.885 0.266887
1.89 0.269556
1.895 0.272206
1.9 0.274837
1.905 0.277448
1.91 0.28004
1.915 0.282611
1.92 0.285163
1.925 0.287694
1.93 0.290206
1.935 0.292697
1.94 0.295167
1.945 0.297618
1.95 0.300047
1.955 0.302456
1.96 0.304844
1.965 0.307212
1.97 0.309559
1.975 0.311884
1.98 0.314189
1.985 0.316473
1.99 0.318736
1.995 0.320978
2 0.323199
2.005 0.325399
2.01 0.327578
2.015 0.329736
2.02 0.331873
2.025 0.333988
2.03 0.336083
2.035 0.338157
2.04 0.34021
2.045 0.342242
2.05 0.344253
2.055 0.346243
2.06 0.348212
2.065 0.35016
2.07 0.352087
2.075 0.353994
2.08 0.35588
2.085 0.357746
2.09 0.359591
2.095 0.361415
2.1 0.363219
2.105 0.365003
2.11 0.366766
2.115 0.368509
2.12 0.370232
2.125 0.371935
2.13 0.373618
2.135 0.37528
2.14 0.376923
2.145 0.378547
2.15 0.38015
2.155 0.381734
2.16 0.383298
2.165 0.384843
2.17 0.386369
2.175 0.387876
2.18 0.389363
2.185 0.390831
2.19 0.39228
2.195 0.393711
2.2 0.395123
2.205 0.396516
2.21 0.397891
2.215 0.399247
2.22 0.400585
2.225 0.401904
2.23 0.403206
2.235 0.40449
2.24 0.405755
2.245 0.407003
2.25 0.408234
2.255 0.409446
2.26 0.410642
2.265 0.41182
2.27 0.412981
2.275 0.414124
2.28 0.415251
2.285 0.416361
2.29 0.417454
2.295 0.41853
2.3 0.41959
2.305 0.420634
2.31 0.421661
2.315 0.422672
2.32 0.423667
2.325 0.424646
2.33 0.42561
2.335 0.426557
2.34 0.427489
2.345 0.428406
2.35 0.429307
2.355 0.430193
2.36 0.431064
2.365 0.43192
2.37 0.43276
2.375 0.433587
2.38 0.434398
2.385 0.435195
2.39 0.435978
2.395 0.436746
2.4 0.4375
2.405 0.43824
2.41 0.438966
2.415 0.439678
2.42 0.440376
2.425 0.441061
2.43 0.441732
2.435 0.44239
2.44 0.443035
2.445 0.443666
2.45 0.444285
2.455 0.44489
2.46 0.445483
2.465 0.446063
2.47 0.44663
2.475 0.447185
2.48 0.447727
2.485 0.448258
2.49 0.448776
2.495 0.449281
2.5 0.449775
2.505 0.450257
2.51 0.450728
2.515 0.451186
2.52 0.451634
2.525 0.452069
2.53 0.452494
2.535 0.452907
2.54 0.453309
2.545 0.4537
2.55 0.45408
2.555 0.45445
2.56 0.454808
2.565 0.455156
2.57 0.455494
2.575 0.455821
2.58 0.456138
2.585 0.456444
2.59 0.456741
2.595 0.457027
2.6 0.457304
2.605 0.457571
2.61 0.457828
2.615 0.458075
2.62 0.458313
2.625 0.458541
2.63 0.45876
2.635 0.45897
2.64 0.45917
2.645 0.459362
2.65 0.459544
2.655 0.459718
2.66 0.459883
2.665 0.460039
2.67 0.460186
2.675 0.460325
2.68 0.460455
2.685 0.460577
2.69 0.460691
2.695 0.460797
2.7 0.460894
2.705 0.460983
2.71 0.461065
2.715 0.461138
2.72 0.461204
2.725 0.461262
2.73 0.461312
2.735 0.461355
2.74 0.461391
2.745 0.461418
2.75 0.461439
2.755 0.461453
2.76 0.461459
2.765 0.461458
2.77 0.46145
2.775 0.461435
2.78 0.461413
2.785 0.461385
2.79 0.46135
2.795 0.461308
2.8 0.46126
2.805 0.461205
2.81 0.461143
2.815 0.461076
2.82 0.461002
2.825 0.460922
2.83 0.460835
2.835 0.460743
2.84 0.460644
2.845 0.46054
2.85 0.46043
2.855 0.460313
2.86 0.460192
2.865 0.460064
2.87 0.459931
2.875 0.459792
2.88 0.459648
2.885 0.459498
2.89 0.459343
2.895 0.459183
2.9 0.459017
2.905 0.458846
2.91 0.45867
2.915 0.458489
2.92 0.458303
2.925 0.458112
2.93 0.457916
2.935 0.457716
2.94 0.45751
2.945 0.4573
2.95 0.457085
2.955 0.456866
2.96 0.456641
2.965 0.456413
2.97 0.45618
2.975 0.455942
2.98 0.455701
2.985 0.455455
2.99 0.455204
2.995 0.45495
3 0.454691
3.005 0.454428
3.01 0.454161
3.015 0.453891
3.02 0.453616
3.025 0.453337
3.03 0.453055
3.035 0.452768
3.04 0.452478
3.045 0.452185
3.05 0.451887
3.055 0.451586
3.06 0.451282
3.065 0.450974
3.07 0.450662
3.075 0.450347
3.08 0.450029
3.085 0.449707
3.09 0.449382
3.095 0.449054
3.1 0.448722
3.105 0.448388
3.11 0.44805
3.115 0.447709
3.12 0.447365
3.125 0.447018
3.13 0.446668
3.135 0.446315
3.14 0.445959
3.145 0.445601
3.15 0.445239
3.155 0.444875
3.16 0.444508
3.165 0.444139
3.17 0.443766
3.175 0.443391
3.18 0.443014
3.185 0.442634
3.19 0.442251
3.195 0.441866
3.2 0.441479
3.205 0.441089
3.21 0.440696
3.215 0.440302
3.22 0.439905
3.225 0.439505
3.23 0.439104
3.235 0.4387
3.24 0.438294
3.245 0.437886
3.25 0.437476
3.255 0.437064
3.26 0.43665
3.265 0.436233
3.27 0.435815
3.275 0.435395
3.28 0.434972
3.285 0.434548
3.29 0.434122
3.295 0.433694
3.3 0.433265
3.305 0.432833
3.31 0.4324
3.315 0.431965
3.32 0.431528
3.325 0.43109
3.33 0.43065
3.335 0.430208
3.34 0.429765
3.345 0.42932
3.35 0.428874
3.355 0.428426
3.36 0.427977
3.365 0.427526
3.37 0.427074
3.375 0.42662
3.38 0.426165
3.385 0.425709
3.39 0.425251
3.395 0.424792
3.4 0.424331
3.405 0.42387
3.41 0.423407
3.415 0.422942
3.42 0.422477
3.425 0.42201
3.43 0.421543
3.435 0.421074
3.44 0.420604
3.445 0.420133
3.45 0.41966
3.455 0.419187
3.46 0.418713
3.465 0.418238
3.47 0.417761
3.475 0.417284
3.48 0.416806
3.485 0.416326
3.49 0.415846
3.495 0.415365
3.5 0.414884
3.505 0.414401
3.51 0.413917
3.515 0.413433
3.52 0.412948
3.525 0.412462
3.53 0.411975
3.535 0.411487
3.54 0.410999
3.545 0.41051
3.55 0.41002
3.555 0.40953
3.56 0.409039
3.565 0.408547
3.57 0.408055
3.575 0.407562
3.58 0.407069
3.585 0.406575
3.59 0.40608
3.595 0.405585
3.6 0.405089
3.605 0.404593
3.61 0.404096
3.615 0.403598
3.62 0.403101
3.625 0.402602
3.63 0.402104
3.635 0.401605
3.64 0.401105
3.645 0.400605
3.65 0.400105
3.655 0.399604
3.66 0.399103
3.665 0.398602
3.67 0.3981
3.675 0.397598
3.68 0.397095
3.685 0.396593
3.69 0.39609
3.695 0.395586
3.7 0.395083
3.705 0.394579
3.71 0.394075
3.715 0.393571
3.72 0.393066
3.725 0.392562
3.73 0.392057
3.735 0.391552
3.74 0.391047
3.745 0.390541
3.75 0.390036
3.755 0.38953
3.76 0.389024
3.765 0.388518
3.77 0.388012
3.775 0.387506
3.78 0.387
3.785 0.386494
3.79 0.385988
3.795 0.385481
3.8 0.384975
3.805 0.384469
3.81 0.383962
3.815 0.383456
3.82 0.382949
3.825 0.382443
3.83 0.381936
3.835 0.38143
3.84 0.380923
3.845 0.380417
3.85 0.379911
3.855 0.379405
3.86 0.378898
3.865 0.378392
3.87 0.377886
3.875 0.37738
3.88 0.376875
3.885 0.376369
3.89 0.375863
3.895 0.375358
3.9 0.374853
3.905 0.374347
3.91 0.373842
3.915 0.373338
3.92 0.372833
3.925 0.372328
3.93 0.371824
3.935 0.37132
3.94 0.370816
3.945 0.370312
3.95 0.369808
3.955 0.369305
3.96 0.368802
3.965 0.368299
3.97 0.367796
3.975 0.367294
3.98 0.366792
3.985 0.36629
3.99 0.365788
3.995 0.365287
4 0.364786
4.005 0.364285
4.01 0.363784
4.015 0.363284
4.02 0.362784
4.025 0.362284
4.03 0.361785
4.035 0.361286
4.04 0.360787
4.045 0.360289
4.05 0.35979
4.055 0.359293
4.06 0.358795
4.065 0.358298
4.07 0.357801
4.075 0.357305
4.08 0.356809
4.085 0.356313
4.09 0.355818
4.095 0.355323
4.1 0.354829
4.105 0.354335
4.11 0.353841
4.115 0.353347
4.12 0.352855
4.125 0.352362
4.13 0.35187
4.135 0.351378
4.14 0.350887
4.145 0.350396
4.15 0.349905
4.155 0.349415
4.16 0.348926
4.165 0.348437
4.17 0.347948
4.175 0.34746
4.18 0.346972
4.185 0.346484
4.19 0.345997
4.195 0.345511
4.2 0.345025
4.205 0.344539
4.21 0.344054
4.215 0.34357
4.22 0.343086
4.225 0.342602
4.23 0.342119
4.235 0.341636
4.24 0.341154
4.245 0.340672
4.25 0.340191
4.255 0.33971
4.26 0.33923
4.265 0.33875
4.27 0.338271
4.275 0.337793
4.28 0.337314
4.285 0.336837
4.29 0.33636
4.295 0.335883
4.3 0.335407
4.305 0.334931
4.31 0.334456
4.315 0.333982
4.32 0.333508
4.325 0.333035
4.33 0.332562
4.335 0.332089
4.34 0.331618
4.345 0.331146
4.35 0.330676
4.355 0.330206
4.36 0.329736
4.365 0.329267
4.37 0.328799
4.375 0.328331
4.38 0.327863
4.385 0.327397
4.39 0.32693
4.395 0.326465
4.4 0.326
4.405 0.325535
4.41 0.325071
4.415 0.324608
4.42 0.324145
4.425 0.323683
4.43 0.323221
4.435 0.32276
4.44 0.3223
4.445 0.32184
4.45 0.321381
4.455 0.320922
4.46 0.320464
4.465 0.320007
4.47 0.31955
4.475 0.319094
4.48 0.318638
4.485 0.318183
4.49 0.317728
4.495 0.317274
4.5 0.316821
4.505 0.316368
4.51 0.315916
4.515 0.315465
4.52 0.315014
4.525 0.314564
4.53 0.314114
4.535 0.313665
4.54 0.313217
4.545 0.312769
4.55 0.312322
4.555 0.311875
4.56 0.311429
4.565 0.310984
4.57 0.310539
4.575 0.310095
4.58 0.309652
4.585 0.309209
4.59 0.308767
4.595 0.308325
4.6 0.307884
4.605 0.307444
4.61 0.307004
4.615 0.306565
4.62 0.306126
4.625 0.305689
4.63 0.305251
4.635 0.304815
4.64 0.304379
4.645 0.303944
4.65 0.303509
4.655 0.303075
4.66 0.302641
4.665 0.302209
4.67 0.301776
4.675 0.301345
4.68 0.300914
4.685 0.300484
4.69 0.300054
4.695 0.299625
4.7 0.299197
4.705 0.298769
4.71 0.298342
4.715 0.297916
4.72 0.29749
4.725 0.297065
4.73 0.29664
4.735 0.296216
4.74 0.295793
4.745 0.295371
4.75 0.294949
4.755 0.294527
4.76 0.294107
4.765 0.293687
4.77 0.293267
4.775 0.292849
4.78 0.29243
4.785 0.292013
4.79 0.291596
4.795 0.29118
4.8 0.290764
4.805 0.29035
4.81 0.289935
4.815 0.289522
4.82 0.289109
4.825 0.288696
4.83 0.288285
4.835 0.287874
4.84 0.287463
4.845 0.287054
4.85 0.286645
4.855 0.286236
4.86 0.285828
4.865 0.285421
4.87 0.285015
4.875 0.284609
4.88 0.284203
4.885 0.283799
4.89 0.283395
4.895 0.282991
4.9 0.282589
4.905 0.282187
4.91 0.281785
4.915 0.281385
4.92 0.280984
4.925 0.280585
4.93 0.280186
4.935 0.279788
4.94 0.27939
4.945 0.278994
4.95 0.278597
4.955 0.278202
4.96 0.277807
4.965 0.277412
4.97 0.277019
4.975 0.276625
4.98 0.276233
4.985 0.275841
4.99 0.27545
4.995 0.27506
5 0.27467
5.005 0.27428
5.01 0.273892
5.015 0.273504
5.02 0.273116
5.025 0.27273
5.03 0.272344
5.035 0.271958
5.04 0.271573
5.045 0.271189
5.05 0.270806
5.055 0.270423
5.06 0.27004
5.065 0.269659
5.07 0.269278
5.075 0.268897
5.08 0.268518
5.085 0.268139
5.09 0.26776
5.095 0.267382
5.1 0.267005
5.105 0.266628
5.11 0.266252
5.115 0.265877
5.12 0.265502
5.125 0.265128
5.13 0.264755
5.135 0.264382
5.14 0.26401
5.145 0.263638
5.15 0.263267
5.155 0.262897
5.16 0.262527
5.165 0.262158
5.17 0.261789
5.175 0.261421
5.18 0.261054
5.185 0.260687
5.19 0.260321
5.195 0.259956
5.2 0.259591
5.205 0.259227
5.21 0.258864
5.215 0.258501
5.22 0.258138
5.225 0.257777
5.23 0.257415
5.235 0.257055
5.24 0.256695
5.245 0.256336
5.25 0.255977
5.255 0.255619
5.26 0.255262
5.265 0.254905
5.27 0.254549
5.275 0.254193
5.28 0.253838
5.285 0.253484
5.29 0.25313
5.295 0.252777
5.3 0.252424
5.305 0.252072
5.31 0.251721
5.315 0.25137
5.32 0.25102
5.325 0.25067
5.33 0.250321
5.335 0.249973
5.34 0.249625
5.345 0.249278
5.35 0.248931
5.355 0.248585
5.36 0.24824
5.365 0.247895
5.37 0.247551
5.375 0.247207
5.38 0.246864
5.385 0.246522
5.39 0.24618
5.395 0.245839
5.4 0.245498
5.405 0.245158
5.41 0.244818
5.415 0.244479
5.42 0.244141
5.425 0.243803
5.43 0.243466
5.435 0.24313
5.44 0.242794
5.445 0.242458
5.45 0.242123
5.455 0.241789
5.46 0.241455
5.465 0.241122
5.47 0.24079
5.475 0.240458
5.48 0.240127
5.485 0.239796
5.49 0.239466
5.495 0.239136
5.5 0.238807
5.505 0.238478
5.51 0.23815
5.515 0.237823
5.52 0.237496
5.525 0.23717
5.53 0.236844
5.535 0.236519
5.54 0.236195
5.545 0.235871
5.55 0.235547
5.555 0.235225
5.56 0.234902
5.565 0.234581
5.57 0.234259
5.575 0.233939
5.58 0.233619
5.585 0.233299
5.59 0.232981
5.595 0.232662
5.6 0.232344
5.605 0.232027
5.61 0.23171
5.615 0.231394
5.62 0.231079
5.625 0.230764
5.63 0.230449
5.635 0.230135
5.64 0.229822
5.645 0.229509
5.65 0.229197
5.655 0.228885
5.66 0.228574
5.665 0.228263
5.67 0.227953
5.675 0.227644
5.68 0.227335
5.685 0.227026
5.69 0.226718
5.695 0.226411
5.7 0.226104
5.705 0.225798
5.71 0.225492
5.715 0.225186
5.72 0.224882
5.725 0.224578
5.73 0.224274
5.735 0.223971
5.74 0.223668
5.745 0.223366
5.75 0.223065
5.755 0.222764
5.76 0.222463
5.765 0.222163
5.77 0.221864
5.775 0.221565
5.78 0.221267
5.785 0.220969
5.79 0.220671
5.795 0.220375
5.8 0.220078
5.805 0.219782
5.81 0.219487
5.815 0.219193
5.82 0.218898
5.825 0.218605
5.83 0.218311
5.835 0.218019
5.84 0.217727
5.845 0.217435
5.85 0.217144
5.855 0.216853
5.86 0.216563
5.865 0.216274
5.87 0.215984
5.875 0.215696
5.88 0.215408
5.885 0.21512
5.89 0.214833
5.895 0.214547
5.9 0.214261
5.905 0.213975
5.91 0.21369
5.915 0.213405
5.92 0.213121
5.925 0.212838
5.93 0.212555
5.935 0.212272
5.94 0.21199
5.945 0.211709
5.95 0.211427
5.955 0.211147
5.96 0.210867
5.965 0.210587
5.97 0.210308
5.975 0.210029
5.98 0.209751
5.985 0.209474
5.99 0.209197
5.995 0.20892
6 0.208644
6.005 0.208368
6.01 0.208093
6.015 0.207818
6.02 0.207544
6.025 0.20727
6.03 0.206997
6.035 0.206724
6.04 0.206452
6.045 0.20618
6.05 0.205908
6.055 0.205637
6.06 0.205367
6.065 0.205097
6.07 0.204828
6.075 0.204559
6.08 0.20429
6.085 0.204022
6.09 0.203754
6.095 0.203487
6.1 0.203221
6.105 0.202954
6.11 0.202689
6.115 0.202423
6.12 0.202159
6.125 0.201894
6.13 0.20163
6.135 0.201367
6.14 0.201104
6.145 0.200841
6.15 0.200579
6.155 0.200318
6.16 0.200057
6.165 0.199796
6.17 0.199536
6.175 0.199276
6.18 0.199017
6.185 0.198758
6.19 0.1985
6.195 0.198242
6.2 0.197984
6.205 0.197727
6.21 0.197471
6.215 0.197214
6.22 0.196959
6.225 0.196703
6.23 0.196449
6.235 0.196194
6.24 0.19594
6.245 0.195687
6.25 0.195434
6.255 0.195181
6.26 0.194929
6.265 0.194678
6.27 0.194426
6.275 0.194175
6.28 0.193925
6.285 0.193675
6.29 0.193426
6.295 0.193176
6.3 0.192928
6.305 0.19268
6.31 0.192432
6.315 0.192184
6.32 0.191938
6.325 0.191691
6.33 0.191445
6.335 0.191199
6.34 0.190954
6.345 0.190709
6.35 0.190465
6.355 0.190221
6.36 0.189978
6.365 0.189735
6.37 0.189492
6.375 0.18925
6.38 0.189008
6.385 0.188766
6.39 0.188525
6.395 0.188285
6.4 0.188045
6.405 0.187805
6.41 0.187566
6.415 0.187327
6.42 0.187088
6.425 0.18685
6.43 0.186613
6.435 0.186375
6.44 0.186138
6.445 0.185902
6.45 0.185666
6.455 0.18543
6.46 0.185195
6.465 0.18496
6.47 0.184726
6.475 0.184492
6.48 0.184259
6.485 0.184025
6.49 0.183793
6.495 0.18356
6.5 0.183328
6.505 0.183097
6.51 0.182866
6.515 0.182635
6.52 0.182404
6.525 0.182174
6.53 0.181945
6.535 0.181716
6.54 0.181487
6.545 0.181259
6.55 0.181031
6.555 0.180803
6.56 0.180576
6.565 0.180349
6.57 0.180123
6.575 0.179897
6.58 0.179671
6.585 0.179446
6.59 0.179221
6.595 0.178996
6.6 0.178772
6.605 0.178549
6.61 0.178325
6.615 0.178102
6.62 0.17788
6.625 0.177658
6.63 0.177436
6.635 0.177214
6.64 0.176993
6.645 0.176773
6.65 0.176552
6.655 0.176333
6.66 0.176113
6.665 0.175894
6.67 0.175675
6.675 0.175457
6.68 0.175239
6.685 0.175021
6.69 0.174804
6.695 0.174587
6.7 0.17437
6.705 0.174154
6.71 0.173938
6.715 0.173723
6.72 0.173508
6.725 0.173293
6.73 0.173079
6.735 0.172865
6.74 0.172651
6.745 0.172438
6.75 0.172225
6.755 0.172013
6.76 0.171801
6.765 0.171589
6.77 0.171378
6.775 0.171167
6.78 0.170956
6.785 0.170746
6.79 0.170536
6.795 0.170326
6.8 0.170117
6.805 0.169908
6.81 0.169699
6.815 0.169491
6.82 0.169283
6.825 0.169076
6.83 0.168869
6.835 0.168662
6.84 0.168455
6.845 0.168249
6.85 0.168044
6.855 0.167838
6.86 0.167633
6.865 0.167429
6.87 0.167224
6.875 0.16702
6.88 0.166817
6.885 0.166613
6.89 0.16641
6.895 0.166208
6.9 0.166005
6.905 0.165804
6.91 0.165602
6.915 0.165401
6.92 0.1652
6.925 0.164999
6.93 0.164799
6.935 0.164599
6.94 0.1644
6.945 0.1642
6.95 0.164002
6.955 0.163803
6.96 0.163605
6.965 0.163407
6.97 0.163209
6.975 0.163012
6.98 0.162815
6.985 0.162619
6.99 0.162423
6.995 0.162227
7 0.162031
7.005 0.161836
7.01 0.161641
7.015 0.161447
7.02 0.161252
7.025 0.161058
7.03 0.160865
7.035 0.160672
7.04 0.160479
7.045 0.160286
7.05 0.160094
7.055 0.159902
7.06 0.15971
7.065 0.159519
7.07 0.159328
7.075 0.159137
7.08 0.158947
7.085 0.158757
7.09 0.158567
7.095 0.158378
7.1 0.158188
7.105 0.158
7.11 0.157811
7.115 0.157623
7.12 0.157435
7.125 0.157248
7.13 0.15706
7.135 0.156874
7.14 0.156687
7.145 0.156501
7.15 0.156315
7.155 0.156129
7.16 0.155944
7.165 0.155759
7.17 0.155574
7.175 0.15539
7.18 0.155205
7.185 0.155022
7.19 0.154838
7.195 0.154655
7.2 0.154472
7.205 0.154289
7.21 0.154107
7.215 0.153925
7.22 0.153744
7.225 0.153562
7.23 0.153381
7.235 0.1532
7.24 0.15302
7.245 0.15284
7.25 0.15266
7.255 0.15248
7.26 0.152301
7.265 0.152122
7.27 0.151943
7.275 0.151765
7.28 0.151587
7.285 0.151409
7.29 0.151231
7.295 0.151054
7.3 0.150877
7.305 0.150701
7.31 0.150524
7.315 0.150348
7.32 0.150172
7.325 0.149997
7.33 0.149822
7.335 0.149647
7.34 0.149472
7.345 0.149298
7.35 0.149124
7.355 0.14895
7.36 0.148777
7.365 0.148603
7.37 0.14843
7.375 0.148258
7.38 0.148085
7.385 0.147913
7.39 0.147742
7.395 0.14757
7.4 0.147399
7.405 0.147228
7.41 0.147057
7.415 0.146887
7.42 0.146717
7.425 0.146547
7.43 0.146378
7.435 0.146208
7.44 0.146039
7.445 0.145871
7.45 0.145702
7.455 0.145534
7.46 0.145366
7.465 0.145199
7.47 0.145031
7.475 0.144864
7.48 0.144697
7.485 0.144531
7.49 0.144365
7.495 0.144199
7.5 0.144033
7.505 0.143867
7.51 0.143702
7.515 0.143537
7.52 0.143373
7.525 0.143208
7.53 0.143044
7.535 0.14288
7.54 0.142717
7.545 0.142554
7.55 0.14239
7.555 0.142228
7.56 0.142065
7.565 0.141903
7.57 0.141741
7.575 0.141579
7.58 0.141418
7.585 0.141257
7.59 0.141096
7.595 0.140935
7.6 0.140775
7.605 0.140614
7.61 0.140454
7.615 0.140295
7.62 0.140135
7.625 0.139976
7.63 0.139817
7.635 0.139659
7.64 0.1395
7.645 0.139342
7.65 0.139184
7.655 0.139027
7.66 0.13887
7.665 0.138712
7.67 0.138556
7.675 0.138399
7.68 0.138243
7.685 0.138087
7.69 0.137931
7.695 0.137775
7.7 0.13762
7.705 0.137465
7.71 0.13731
7.715 0.137155
7.72 0.137001
7.725 0.136847
7.73 0.136693
7.735 0.136539
7.74 0.136386
7.745 0.136233
7.75 0.13608
7.755 0.135927
7.76 0.135775
7.765 0.135623
7.77 0.135471
7.775 0.135319
7.78 0.135168
7.785 0.135017
7.79 0.134866
7.795 0.134715
7.8 0.134565
7.805 0.134414
7.81 0.134264
7.815 0.134115
7.82 0.133965
7.825 0.133816
7.83 0.133667
7.835 0.133518
7.84 0.13337
7.845 0.133221
7.85 0.133073
7.855 0.132925
7.86 0.132778
7.865 0.13263
7.87 0.132483
7.875 0.132336
7.88 0.13219
7.885 0.132043
7.89 0.131897
7.895 0.131751
7.9 0.131605
7.905 0.13146
7.91 0.131314
7.915 0.131169
7.92 0.131024
7.925 0.13088
7.93 0.130735
7.935 0.130591
7.94 0.130447
7.945 0.130304
7.95 0.13016
7.955 0.130017
7.96 0.129874
7.965 0.129731
7.97 0.129588
7.975 0.129446
7.98 0.129304
7.985 0.129162
7.99 0.12902
7.995 0.128879
8 0.128738
8.005 0.128597
8.01 0.128456
8.015 0.128315
8.02 0.128175
8.025 0.128035
8.03 0.127895
8.035 0.127755
8.04 0.127616
8.045 0.127476
8.05 0.127337
8.055 0.127198
8.06 0.12706
8.065 0.126921
8.07 0.126783
8.075 0.126645
8.08 0.126507
8.085 0.12637
8.09 0.126233
8.095 0.126096
8.1 0.125959
8.105 0.125822
8.11 0.125685
8.115 0.125549
8.12 0.125413
8.125 0.125277
8.13 0.125142
8.135 0.125006
8.14 0.124871
8.145 0.124736
8.15 0.124601
8.155 0.124467
8.16 0.124332
8.165 0.124198
8.17 0.124064
8.175 0.12393
8.18 0.123797
8.185 0.123664
8.19 0.12353
8.195 0.123397
8.2 0.123265
8.205 0.123132
8.21 0.123
8.215 0.122868
8.22 0.122736
8.225 0.122604
8.23 0.122473
8.235 0.122341
8.24 0.12221
8.245 0.122079
8.25 0.121949
8.255 0.121818
8.26 0.121688
8.265 0.121558
8.27 0.121428
8.275 0.121298
8.28 0.121169
8.285 0.121039
8.29 0.12091
8.295 0.120781
8.3 0.120653
8.305 0.120524
8.31 0.120396
8.315 0.120268
8.32 0.12014
8.325 0.120012
8.33 0.119885
8.335 0.119757
8.34 0.11963
8.345 0.119503
8.35 0.119376
8.355 0.11925
8.36 0.119124
8.365 0.118997
8.37 0.118871
8.375 0.118746
8.38 0.11862
8.385 0.118495
8.39 0.118369
8.395 0.118244
8.4 0.118119
8.405 0.117995
8.41 0.11787
8.415 0.117746
8.42 0.117622
8.425 0.117498
8.43 0.117374
8.435 0.117251
8.44 0.117128
8.445 0.117004
8.45 0.116881
8.455 0.116759
8.46 0.116636
8.465 0.116514
8.47 0.116392
8.475 0.116269
8.48 0.116148
8.485 0.116026
8.49 0.115904
8.495 0.115783
8.5 0.115662
8.505 0.115541
8.51 0.11542
8.515 0.1153
8.52 0.115179
8.525 0.115059
8.53 0.114939
8.535 0.114819
8.54 0.1147
8.545 0.11458
8.55 0.114461
8.555 0.114342
8.56 0.114223
8.565 0.114104
8.57 0.113985
8.575 0.113867
8.58 0.113749
8.585 0.113631
8.59 0.113513
8.595 0.113395
8.6 0.113278
8.605 0.11316
8.61 0.113043
8.615 0.112926
8.62 0.112809
8.625 0.112693
8.63 0.112576
8.635 0.11246
8.64 0.112344
8.645 0.112228
8.65 0.112112
8.655 0.111996
8.66 0.111881
8.665 0.111766
8.67 0.11165
8.675 0.111536
8.68 0.111421
8.685 0.111306
8.69 0.111192
8.695 0.111078
8.7 0.110963
8.705 0.11085
8.71 0.110736
8.715 0.110622
8.72 0.110509
8.725 0.110396
8.73 0.110283
8.735 0.11017
8.74 0.110057
8.745 0.109944
8.75 0.109832
8.755 0.10972
8.76 0.109608
8.765 0.109496
8.77 0.109384
8.775 0.109272
8.78 0.109161
8.785 0.10905
8.79 0.108939
8.795 0.108828
8.8 0.108717
8.805 0.108606
8.81 0.108496
8.815 0.108386
8.82 0.108276
8.825 0.108166
8.83 0.108056
8.835 0.107946
8.84 0.107837
8.845 0.107727
8.85 0.107618
8.855 0.107509
8.86 0.1074
8.865 0.107292
8.87 0.107183
8.875 0.107075
8.88 0.106967
8.885 0.106859
8.89 0.106751
8.895 0.106643
8.9 0.106536
8.905 0.106428
8.91 0.106321
8.915 0.106214
8.92 0.106107
8.925 0.106
8.93 0.105894
8.935 0.105787
8.94 0.105681
8.945 0.105575
8.95 0.105469
8.955 0.105363
8.96 0.105257
8.965 0.105152
8.97 0.105046
8.975 0.104941
8.98 0.104836
8.985 0.104731
8.99 0.104626
8.995 0.104522
9 0.104417
9.005 0.104313
9.01 0.104209
9.015 0.104105
9.02 0.104001
9.025 0.103897
9.03 0.103793
9.035 0.10369
9.04 0.103587
9.045 0.103484
9.05 0.103381
9.055 0.103278
9.06 0.103175
9.065 0.103073
9.07 0.10297
9.075 0.102868
9.08 0.102766
9.085 0.102664
9.09 0.102562
9.095 0.10246
9.1 0.102359
9.105 0.102258
9.11 0.102156
9.115 0.102055
9.12 0.101954
9.125 0.101854
9.13 0.101753
9.135 0.101653
9.14 0.101552
9.145 0.101452
9.15 0.101352
9.155 0.101252
9.16 0.101152
9.165 0.101053
9.17 0.100953
9.175 0.100854
9.18 0.100755
9.185 0.100656
9.19 0.100557
9.195 0.100458
9.2 0.100359
9.205 0.100261
9.21 0.100162
9.215 0.100064
9.22 0.0999661
9.225 0.0998682
9.23 0.0997704
9.235 0.0996727
9.24 0.0995752
9.245 0.0994778
9.25 0.0993806
9.255 0.0992835
9.26 0.0991865
9.265 0.0990897
9.27 0.098993
9.275 0.0988965
9.28 0.0988
9.285 0.0987038
9.29 0.0986076
9.295 0.0985116
9.3 0.0984157
9.305 0.09832
9.31 0.0982244
9.315 0.0981289
9.32 0.0980336
9.325 0.0979384
9.33 0.0978433
9.335 0.0977484
9.34 0.0976536
9.345 0.097559
9.35 0.0974644
9.355 0.09737
9.36 0.0972758
9.365 0.0971816
9.37 0.0970877
9.375 0.0969938
9.38 0.0969001
9.385 0.0968065
9.39 0.096713
9.395 0.0966196
9.4 0.0965264
9.405 0.0964334
9.41 0.0963404
9.415 0.0962476
9.42 0.0961549
9.425 0.0960624
9.43 0.0959699
9.435 0.0958776
9.44 0.0957855
9.445 0.0956934
9.45 0.0956015
9.455 0.0955097
9.46 0.0954181
9.465 0.0953266
9.47 0.0952352
9.475 0.0951439
9.48 0.0950528
9.485 0.0949617
9.49 0.0948708
9.495 0.0947801
9.5 0.0946894
9.505 0.0945989
9.51 0.0945086
9.515 0.0944183
9.52 0.0943282
9.525 0.0942382
9.53 0.0941483
9.535 0.0940585
9.54 0.0939689
9.545 0.0938794
9.55 0.09379
9.555 0.0937007
9.56 0.0936116
9.565 0.0935226
9.57 0.0934337
9.575 0.0933449
9.58 0.0932563
9.585 0.0931677
9.59 0.0930793
9.595 0.0929911
9.6 0.0929029
9.605 0.0928149
9.61 0.092727
9.615 0.0926392
9.62 0.0925515
9.625 0.0924639
9.63 0.0923765
9.635 0.0922892
9.64 0.092202
9.645 0.092115
9.65 0.092028
9.655 0.0919412
9.66 0.0918545
9.665 0.0917679
9.67 0.0916814
9.675 0.0915951
9.68 0.0915088
9.685 0.0914227
9.69 0.0913367
9.695 0.0912508
9.7 0.0911651
9.705 0.0910794
9.71 0.0909939
9.715 0.0909085
9.72 0.0908232
9.725 0.090738
9.73 0.0906529
9.735 0.090568
9.74 0.0904832
9.745 0.0903985
9.75 0.0903139
9.755 0.0902294
9.76 0.090145
9.765 0.0900608
9.77 0.0899766
9.775 0.0898926
9.78 0.0898087
9.785 0.0897249
9.79 0.0896412
9.795 0.0895577
9.8 0.0894742
9.805 0.0893909
9.81 0.0893076
9.815 0.0892245
9.82 0.0891415
9.825 0.0890586
9.83 0.0889759
9.835 0.0888932
9.84 0.0888107
9.845 0.0887282
9.85 0.0886459
9.855 0.0885637
9.86 0.0884816
9.865 0.0883996
9.87 0.0883177
9.875 0.0882359
9.88 0.0881543
9.885 0.0880727
9.89 0.0879913
9.895 0.0879099
9.9 0.0878287
9.905 0.0877476
9.91 0.0876666
9.915 0.0875857
9.92 0.0875049
9.925 0.0874243
9.93 0.0873437
9.935 0.0872632
9.94 0.0871829
9.945 0.0871026
9.95 0.0870225
9.955 0.0869425
9.96 0.0868626
9.965 0.0867828
9.97 0.0867031
9.975 0.0866235
9.98 0.086544
9.985 0.0864646
9.99 0.0863853
9.995 0.0863061
