0 -nan
0.005 0.249548
0.01 0.221991
0.015 0.410913
0.02 0.0759432
0.025 0.405837
0.03 0.327826
0.035 0.126753
0.04 0.655075
0.045 0.0169972
0.05 0.215156
0.055 0.0509379
0.06 0.140164
0.065 0.447073
0.07 0.186395
0.075 0.00136388
0.08 0.0387678
0.085 0.00869638
0.09 0.194563
0.095 0.783799
0.1 0.472916
0.105 0.174218
0.11 0.867972
0.115 0.0871945
0.12 0.844539
0.125 0.328137
0.13 0.380349
0.135 0.940477
0.14 0.123281
0.145 0.437112
0.15 0.994243
0.155 0.402604
0.16 0.0690669
0.165 0.64328
0.17 0.996696
0.175 0.573631
0.18 0.0846982
0.185 0.19176
0.19 0.694607
0.195 0.990433
0.2 0.805469
0.205 0.365083
0.21 0.0665334
0.215 0.120011
0.22 0.445537
0.225 0.801376
0.23 0.973349
0.235 0.888528
0.24 0.617792
0.245 0.306215
0.25 0.0904381
0.255 0.044372
0.26 0.165827
0.265 0.395129
0.27 0.648164
0.275 0.847893
0.28 0.944923
0.285 0.924653
0.29 0.803329
0.295 0.617561
0.3 0.411912
0.305 0.228005
0.31 0.0970371
0.315 0.0362091
0.32 0.0485882
0.325 0.125424
0.33 0.249809
0.335 0.400698
0.34 0.556571
0.345 0.698296
0.35 0.811018
0.355 0.885087
0.36 0.916168
0.365 0.904739
0.37 0.855188
0.375 0.774716
0.38 0.67221
0.385 0.557198
0.39 0.438976
0.395 0.32593
0.4 0.225068
0.405 0.141759
0.41 0.0796401
0.415 0.0406545
0.42 0.0252061
0.425 0.0323738
0.43 0.0601672
0.435 0.105797
0.44 0.165936
0.445 0.236966
0.45 0.315188
0.455 0.397002
0.46 0.479048
0.465 0.558312
0.47 0.632198
0.475 0.698567
0.48 0.755753
0.485 0.80256
0.49 0.838236
0.495 0.862439
0.5 0.875191
0.505 0.876834
0.51 0.867974
0.515 0.849431
0.52 0.822187
0.525 0.787344
0.53 0.746075
0.535 0.69959
0.54 0.649102
0.545 0.595796
0.55 0.54081
0.555 0.485212
0.56 0.429988
0.565 0.376033
0.57 0.324141
0.575 0.275004
0.58 0.22921
0.585 0.187245
0.59 0.149496
0.595 0.116254
0.6 0.0877225
0.605 0.0640232
0.61 0.0452019
0.615 0.0312371
0.62 0.0220473
0.625 0.0174987
0.63 0.0174124
0.635 0.0215717
0.64 0.0297285
0.645 0.0416103
0.65 0.0569254
0.655 0.0753686
0.66 0.0966264
0.665 0.120381
0.67 0.146313
0.675 0.174109
0.68 0.20346
0.685 0.234064
0.69 0.265634
0.695 0.297891
0.7 0.330573
0.705 0.363432
0.71 0.396237
0.715 0.428771
0.72 0.460835
0.725 0.492249
0.73 0.522846
0.735 0.552478
0.74 0.581013
0.745 0.608333
0.75 0.634339
0.755 0.658942
0.76 0.682071
0.765 0.703666
0.77 0.723679
0.775 0.742077
0.78 0.758833
0.785 0.773935
0.79 0.787377
0.795 0.799164
0.8 0.809308
0.805 0.817827
0.81 0.824748
0.815 0.830101
0.82 0.833923
0.825 0.836256
0.83 0.837144
0.835 0.836637
0.84 0.834785
0.845 0.831642
0.85 0.827265
0.855 0.821711
0.86 0.815038
0.865 0.807307
0.87 0.798576
0.875 0.788907
0.88 0.778358
0.885 0.766991
0.89 0.754863
0.895 0.742035
0.9 0.728562
0.905 0.714502
0.91 0.699909
0.915 0.684838
0.92 0.669341
0.925 0.653468
0.93 0.63727
0.935 0.620793
0.94 0.604084
0.945 0.587187
0.95 0.570144
0.955 0.552995
0.96 0.53578
0.965 0.518535
0.97 0.501296
0.975 0.484095
0.98 0.466966
0.985 0.449936
0.99 0.433036
0.995 0.416291
1 0.399726
1.005 0.383364
1.01 0.367228
1.015 0.351337
1.02 0.33571
1.025 0.320365
1.03 0.305317
1.035 0.290581
1.04 0.276171
1.045 0.262098
1.05 0.248373
1.055 0.235007
1.06 0.222007
1.065 0.209382
1.07 0.197138
1.075 0.18528
1.08 0.173814
1.085 0.162744
1.09 0.152071
1.095 0.1418
1.1 0.131931
1.105 0.122465
1.11 0.113403
1.115 0.104744
1.12 0.096487
1.125 0.0886306
1.13 0.0811727
1.135 0.0741109
1.14 0.0674423
1.145 0.0611633
1.15 0.0552705
1.155 0.0497595
1.16 0.0446259
1.165 0.0398651
1.17 0.035472
1.175 0.0314413
1.18 0.0277676
1.185 0.0244451
1.19 0.0214679
1.195 0.0188299
1.2 0.016525
1.205 0.0145467
1.21 0.0128886
1.215 0.0115441
1.22 0.0105066
1.225 0.00976923
1.23 0.00932533
1.235 0.00916804
1.24 0.00929047
1.245 0.00968576
1.25 0.010347
1.255 0.0112673
1.26 0.0124397
1.265 0.0138575
1.27 0.0155137
1.275 0.0174015
1.28 0.0195142
1.285 0.021845
1.29 0.0243873
1.295 0.0271344
1.3 0.0300798
1.305 0.0332171
1.31 0.0365397
1.315 0.0400414
1.32 0.0437159
1.325 0.0475571
1.33 0.0515588
1.335 0.0557152
1.34 0.0600201
1.345 0.064468
1.35 0.069053
1.355 0.0737695
1.36 0.0786121
1.365 0.0835752
1.37 0.0886537
1.375 0.0938422
1.38 0.0991357
1.385 0.104529
1.39 0.110018
1.395 0.115596
1.4 0.121261
1.405 0.127006
1.41 0.132828
1.415 0.138721
1.42 0.144683
1.425 0.150708
1.43 0.156793
1.435 0.162933
1.44 0.169125
1.445 0.175364
1.45 0.181648
1.455 0.187972
1.46 0.194333
1.465 0.200728
1.47 0.207153
1.475 0.213605
1.48 0.22008
1.485 0.226577
1.49 0.233092
1.495 0.239621
1.5 0.246163
1.505 0.252714
1.51 0.259272
1.515 0.265834
1.52 0.272398
1.525 0.278962
1.53 0.285523
1.535 0.292078
1.54 0.298626
1.545 0.305165
1.55 0.311692
1.555 0.318206
1.56 0.324704
1.565 0.331186
1.57 0.337648
1.575 0.34409
1.58 0.35051
1.585 0.356905
1.59 0.363276
1.595 0.369619
1.6 0.375935
1.605 0.38222
1.61 0.388475
1.615 0.394698
1.62 0.400888
1.625 0.407042
1.63 0.413162
1.635 0.419245
1.64 0.42529
1.645 0.431296
1.65 0.437264
1.655 0.44319
1.66 0.449076
1.665 0.454919
1.67 0.46072
1.675 0.466478
1.68 0.472191
1.685 0.47786
1.69 0.483483
1.695 0.48906
1.7 0.494591
1.705 0.500075
1.71 0.505511
1.715 0.5109
1.72 0.51624
1.725 0.521532
1.73 0.526774
1.735 0.531968
1.74 0.537111
1.745 0.542205
1.75 0.547249
1.755 0.552242
1.76 0.557184
1.765 0.562076
1.77 0.566917
1.775 0.571707
1.78 0.576445
1.785 0.581133
1.79 0.585769
1.795 0.590353
1.8 0.594886
1.805 0.599368
1.81 0.603798
1.815 0.608177
1.82 0.612504
1.825 0.61678
1.83 0.621004
1.835 0.625177
1.84 0.629299
1.845 0.633369
1.85 0.637389
1.855 0.641358
1.86 0.645276
1.865 0.649143
1.87 0.65296
1.875 0.656727
1.88 0.660443
1.885 0.66411
1.89 0.667726
1.895 0.671293
1.9 0.674811
1.905 0.67828
1.91 0.681699
1.915 0.68507
1.92 0.688393
1.925 0.691667
1.93 0.694893
1.935 0.698072
1.94 0.701203
1.945 0.704287
1.95 0.707324
1.955 0.710314
1.96 0.713258
1.965 0.716156
1.97 0.719008
1.975 0.721815
1.98 0.724577
1.985 0.727293
1.99 0.729965
1.995 0.732593
2 0.735177
2.005 0.737717
2.01 0.740214
2.015 0.742668
2.02 0.745079
2.025 0.747447
2.03 0.749774
2.035 0.752059
2.04 0.754303
2.045 0.756505
2.05 0.758667
2.055 0.760789
2.06 0.76287
2.065 0.764912
2.07 0.766914
2.075 0.768877
2.08 0.770801
2.085 0.772687
2.09 0.774535
2.095 0.776346
2.1 0.778118
2.105 0.779854
2.11 0.781553
2.115 0.783216
2.12 0.784843
2.125 0.786433
2.13 0.787989
2.135 0.789509
2.14 0.790995
2.145 0.792446
2.15 0.793864
2.155 0.795247
2.16 0.796597
2.165 0.797914
2.17 0.799198
2.175 0.80045
2.18 0.80167
2.185 0.802858
2.19 0.804014
2.195 0.805139
2.2 0.806234
2.205 0.807298
2.21 0.808331
2.215 0.809335
2.22 0.81031
2.225 0.811255
2.23 0.812171
2.235 0.813058
2.24 0.813917
2.245 0.814748
2.25 0.815551
2.255 0.816327
2.26 0.817075
2.265 0.817797
2.27 0.818492
2.275 0.819161
2.28 0.819804
2.285 0.820422
2.29 0.821014
2.295 0.82158
2.3 0.822122
2.305 0.82264
2.31 0.823133
2.315 0.823602
2.32 0.824047
2.325 0.824469
2.33 0.824868
2.335 0.825244
2.34 0.825597
2.345 0.825928
2.35 0.826236
2.355 0.826523
2.36 0.826788
2.365 0.827032
2.37 0.827255
2.375 0.827457
2.38 0.827638
2.385 0.827799
2.39 0.82794
2.395 0.828061
2.4 0.828162
2.405 0.828244
2.41 0.828307
2.415 0.828351
2.42 0.828376
2.425 0.828383
2.43 0.828372
2.435 0.828343
2.44 0.828296
2.445 0.828231
2.45 0.828149
2.455 0.82805
2.46 0.827934
2.465 0.827801
2.47 0.827652
2.475 0.827487
2.48 0.827306
2.485 0.827109
2.49 0.826896
2.495 0.826668
2.5 0.826424
2.505 0.826166
2.51 0.825893
2.515 0.825605
2.52 0.825302
2.525 0.824986
2.53 0.824655
2.535 0.824311
2.54 0.823953
2.545 0.823581
2.55 0.823196
2.555 0.822798
2.56 0.822387
2.565 0.821964
2.57 0.821527
2.575 0.821079
2.58 0.820617
2.585 0.820144
2.59 0.819659
2.595 0.819163
2.6 0.818654
2.605 0.818134
2.61 0.817603
2.615 0.817061
2.62 0.816508
2.625 0.815944
2.63 0.81537
2.635 0.814785
2.64 0.81419
2.645 0.813584
2.65 0.812969
2.655 0.812343
2.66 0.811708
2.665 0.811064
2.67 0.81041
2.675 0.809746
2.68 0.809073
2.685 0.808392
2.69 0.807701
2.695 0.807002
2.7 0.806294
2.705 0.805578
2.71 0.804853
2.715 0.80412
2.72 0.803379
2.725 0.80263
2.73 0.801873
2.735 0.801108
2.74 0.800336
2.745 0.799556
2.75 0.798769
2.755 0.797974
2.76 0.797173
2.765 0.796364
2.77 0.795548
2.775 0.794726
2.78 0.793897
2.785 0.793061
2.79 0.792219
2.795 0.791371
2.8 0.790516
2.805 0.789656
2.81 0.788789
2.815 0.787916
2.82 0.787037
2.825 0.786153
2.83 0.785263
2.835 0.784367
2.84 0.783466
2.845 0.78256
2.85 0.781649
2.855 0.780732
2.86 0.77981
2.865 0.778883
2.87 0.777952
2.875 0.777015
2.88 0.776074
2.885 0.775128
2.89 0.774178
2.895 0.773223
2.9 0.772264
2.905 0.771301
2.91 0.770333
2.915 0.769361
2.92 0.768386
2.925 0.767406
2.93 0.766423
2.935 0.765435
2.94 0.764444
2.945 0.763449
2.95 0.762451
2.955 0.761449
2.96 0.760444
2.965 0.759436
2.97 0.758424
2.975 0.757409
2.98 0.756391
2.985 0.75537
2.99 0.754345
2.995 0.753318
3 0.752288
3.005 0.751255
3.01 0.75022
3.015 0.749182
3.02 0.748141
3.025 0.747097
3.03 0.746052
3.035 0.745003
3.04 0.743953
3.045 0.7429
3.05 0.741845
3.055 0.740787
3.06 0.739728
3.065 0.738666
3.07 0.737603
3.075 0.736537
3.08 0.73547
3.085 0.7344
3.09 0.733329
3.095 0.732256
3.1 0.731182
3.105 0.730106
3.11 0.729028
3.115 0.727949
3.12 0.726868
3.125 0.725786
3.13 0.724702
3.135 0.723617
3.14 0.722531
3.145 0.721443
3.15 0.720354
3.155 0.719264
3.16 0.718173
3.165 0.717081
3.17 0.715988
3.175 0.714894
3.18 0.713799
3.185 0.712703
3.19 0.711606
3.195 0.710509
3.2 0.70941
3.205 0.708311
3.21 0.707211
3.215 0.70611
3.22 0.705009
3.225 0.703908
3.23 0.702805
3.235 0.701702
3.24 0.700599
3.245 0.699495
3.25 0.698391
3.255 0.697287
3.26 0.696182
3.265 0.695077
3.27 0.693971
3.275 0.692865
3.28 0.691759
3.285 0.690653
3.29 0.689547
3.295 0.688441
3.3 0.687334
3.305 0.686228
3.31 0.685121
3.315 0.684015
3.32 0.682909
3.325 0.681802
3.33 0.680696
3.335 0.67959
3.34 0.678484
3.345 0.677378
3.35 0.676272
3.355 0.675167
3.36 0.674062
3.365 0.672957
3.37 0.671852
3.375 0.670748
3.38 0.669644
3.385 0.668541
3.39 0.667438
3.395 0.666335
3.4 0.665233
3.405 0.664131
3.41 0.66303
3.415 0.66193
3.42 0.66083
3.425 0.65973
3.43 0.658631
3.435 0.657533
3.44 0.656435
3.445 0.655338
3.45 0.654241
3.455 0.653146
3.46 0.652051
3.465 0.650956
3.47 0.649863
3.475 0.64877
3.48 0.647678
3.485 0.646587
3.49 0.645497
3.495 0.644407
3.5 0.643318
3.505 0.642231
3.51 0.641144
3.515 0.640058
3.52 0.638973
3.525 0.637889
3.53 0.636805
3.535 0.635723
3.54 0.634642
3.545 0.633562
3.55 0.632483
3.555 0.631405
3.56 0.630327
3.565 0.629251
3.57 0.628176
3.575 0.627102
3.58 0.62603
3.585 0.624958
3.59 0.623887
3.595 0.622818
3.6 0.62175
3.605 0.620683
3.61 0.619617
3.615 0.618552
3.62 0.617489
3.625 0.616426
3.63 0.615365
3.635 0.614305
3.64 0.613247
3.645 0.612189
3.65 0.611133
3.655 0.610079
3.66 0.609025
3.665 0.607973
3.67 0.606922
3.675 0.605872
3.68 0.604824
3.685 0.603777
3.69 0.602732
3.695 0.601688
3.7 0.600645
3.705 0.599603
3.71 0.598563
3.715 0.597525
3.72 0.596487
3.725 0.595451
3.73 0.594417
3.735 0.593384
3.74 0.592352
3.745 0.591322
3.75 0.590294
3.755 0.589266
3.76 0.588241
3.765 0.587216
3.77 0.586193
3.775 0.585172
3.78 0.584152
3.785 0.583134
3.79 0.582117
3.795 0.581102
3.8 0.580088
3.805 0.579076
3.81 0.578065
3.815 0.577056
3.82 0.576048
3.825 0.575042
3.83 0.574037
3.835 0.573034
3.84 0.572033
3.845 0.571033
3.85 0.570034
3.855 0.569038
3.86 0.568042
3.865 0.567049
3.87 0.566057
3.875 0.565066
3.88 0.564078
3.885 0.56309
3.89 0.562105
3.895 0.561121
3.9 0.560138
3.905 0.559157
3.91 0.558178
3.915 0.557201
3.92 0.556225
3.925 0.555251
3.93 0.554278
3.935 0.553307
3.94 0.552337
3.945 0.55137
3.95 0.550404
3.955 0.549439
3.96 0.548476
3.965 0.547515
3.97 0.546556
3.975 0.545598
3.98 0.544642
3.985 0.543687
3.99 0.542735
3.995 0.541783
4 0.540834
4.005 0.539886
4.01 0.53894
4.015 0.537996
4.02 0.537053
4.025 0.536112
4.03 0.535172
4.035 0.534235
4.04 0.533298
4.045 0.532364
4.05 0.531431
4.055 0.5305
4.06 0.529571
4.065 0.528644
4.07 0.527718
4.075 0.526793
4.08 0.525871
4.085 0.52495
4.09 0.524031
4.095 0.523113
4.1 0.522198
4.105 0.521284
4.11 0.520371
4.115 0.519461
4.12 0.518552
4.125 0.517645
4.13 0.516739
4.135 0.515835
4.14 0.514933
4.145 0.514033
4.15 0.513134
4.155 0.512237
4.16 0.511341
4.165 0.510448
4.17 0.509556
4.175 0.508666
4.18 0.507777
4.185 0.50689
4.19 0.506005
4.195 0.505122
4.2 0.50424
4.205 0.50336
4.21 0.502482
4.215 0.501605
4.22 0.50073
4.225 0.499857
4.23 0.498985
4.235 0.498116
4.24 0.497247
4.245 0.496381
4.25 0.495516
4.255 0.494653
4.26 0.493792
4.265 0.492932
4.27 0.492074
4.275 0.491218
4.28 0.490363
4.285 0.48951
4.29 0.488659
4.295 0.48781
4.3 0.486962
4.305 0.486116
4.31 0.485271
4.315 0.484428
4.32 0.483587
4.325 0.482748
4.33 0.48191
4.335 0.481074
4.34 0.480239
4.345 0.479407
4.35 0.478576
4.355 0.477746
4.36 0.476918
4.365 0.476092
4.37 0.475268
4.375 0.474445
4.38 0.473624
4.385 0.472805
4.39 0.471987
4.395 0.471171
4.4 0.470357
4.405 0.469544
4.41 0.468733
4.415 0.467923
4.42 0.467115
4.425 0.466309
4.43 0.465505
4.435 0.464702
4.44 0.463901
4.445 0.463101
4.45 0.462303
4.455 0.461507
4.46 0.460712
4.465 0.459919
4.47 0.459128
4.475 0.458338
4.48 0.45755
4.485 0.456763
4.49 0.455978
4.495 0.455195
4.5 0.454413
4.505 0.453633
4.51 0.452855
4.515 0.452078
4.52 0.451303
4.525 0.450529
4.53 0.449757
4.535 0.448987
4.54 0.448218
4.545 0.447451
4.55 0.446685
4.555 0.445921
4.56 0.445158
4.565 0.444398
4.57 0.443638
4.575 0.442881
4.58 0.442125
4.585 0.44137
4.59 0.440617
4.595 0.439866
4.6 0.439116
4.605 0.438368
4.61 0.437621
4.615 0.436876
4.62 0.436132
4.625 0.435391
4.63 0.43465
4.635 0.433911
4.64 0.433174
4.645 0.432438
4.65 0.431704
4.655 0.430971
4.66 0.43024
4.665 0.429511
4.67 0.428783
4.675 0.428056
4.68 0.427331
4.685 0.426608
4.69 0.425886
4.695 0.425165
4.7 0.424447
4.705 0.423729
4.71 0.423013
4.715 0.422299
4.72 0.421586
4.725 0.420875
4.73 0.420165
4.735 0.419457
4.74 0.41875
4.745 0.418045
4.75 0.417341
4.755 0.416639
4.76 0.415938
4.765 0.415239
4.77 0.414541
4.775 0.413844
4.78 0.413149
4.785 0.412456
4.79 0.411764
4.795 0.411074
4.8 0.410385
4.805 0.409697
4.81 0.409011
4.815 0.408327
4.82 0.407643
4.825 0.406962
4.83 0.406281
4.835 0.405603
4.84 0.404925
4.845 0.404249
4.85 0.403575
4.855 0.402902
4.86 0.40223
4.865 0.40156
4.87 0.400891
4.875 0.400224
4.88 0.399558
4.885 0.398894
4.89 0.398231
4.895 0.397569
4.9 0.396909
4.905 0.39625
4.91 0.395593
4.915 0.394937
4.92 0.394282
4.925 0.393629
4.93 0.392977
4.935 0.392327
4.94 0.391678
4.945 0.39103
4.95 0.390384
4.955 0.389739
4.96 0.389095
4.965 0.388453
4.97 0.387812
4.975 0.387173
4.98 0.386535
4.985 0.385898
4.99 0.385263
4.995 0.384629
5 0.383997
5.005 0.383365
5.01 0.382736
5.015 0.382107
5.02 0.38148
5.025 0.380854
5.03 0.38023
5.035 0.379606
5.04 0.378985
5.045 0.378364
5.05 0.377745
5.055 0.377127
5.06 0.376511
5.065 0.375895
5.07 0.375281
5.075 0.374669
5.08 0.374058
5.085 0.373448
5.09 0.372839
5.095 0.372232
5.1 0.371626
5.105 0.371021
5.11 0.370417
5.115 0.369815
5.12 0.369214
5.125 0.368615
5.13 0.368016
5.135 0.367419
5.14 0.366824
5.145 0.366229
5.15 0.365636
5.155 0.365044
5.16 0.364453
5.165 0.363864
5.17 0.363276
5.175 0.362689
5.18 0.362103
5.185 0.361519
5.19 0.360935
5.195 0.360354
5.2 0.359773
5.205 0.359193
5.21 0.358615
5.215 0.358038
5.22 0.357463
5.225 0.356888
5.23 0.356315
5.235 0.355743
5.24 0.355172
5.245 0.354602
5.25 0.354034
5.255 0.353467
5.26 0.352901
5.265 0.352336
5.27 0.351773
5.275 0.35121
5.28 0.350649
5.285 0.350089
5.29 0.34953
5.295 0.348973
5.3 0.348416
5.305 0.347861
5.31 0.347307
5.315 0.346754
5.32 0.346203
5.325 0.345652
5.33 0.345103
5.335 0.344555
5.34 0.344008
5.345 0.343462
5.35 0.342917
5.355 0.342374
5.36 0.341831
5.365 0.34129
5.37 0.34075
5.375 0.340211
5.38 0.339674
5.385 0.339137
5.39 0.338601
5.395 0.338067
5.4 0.337534
5.405 0.337002
5.41 0.336471
5.415 0.335941
5.42 0.335412
5.425 0.334885
5.43 0.334358
5.435 0.333833
5.44 0.333309
5.445 0.332786
5.45 0.332264
5.455 0.331743
5.46 0.331223
5.465 0.330704
5.47 0.330187
5.475 0.32967
5.48 0.329155
5.485 0.328641
5.49 0.328127
5.495 0.327615
5.5 0.327104
5.505 0.326594
5.51 0.326085
5.515 0.325578
5.52 0.325071
5.525 0.324565
5.53 0.324061
5.535 0.323557
5.54 0.323055
5.545 0.322553
5.55 0.322053
5.555 0.321553
5.56 0.321055
5.565 0.320558
5.57 0.320062
5.575 0.319567
5.58 0.319073
5.585 0.31858
5.59 0.318088
5.595 0.317597
5.6 0.317107
5.605 0.316618
5.61 0.31613
5.615 0.315643
5.62 0.315157
5.625 0.314672
5.63 0.314189
5.635 0.313706
5.64 0.313224
5.645 0.312743
5.65 0.312264
5.655 0.311785
5.66 0.311307
5.665 0.31083
5.67 0.310355
5.675 0.30988
5.68 0.309406
5.685 0.308933
5.69 0.308462
5.695 0.307991
5.7 0.307521
5.705 0.307052
5.71 0.306584
5.715 0.306118
5.72 0.305652
5.725 0.305187
5.73 0.304723
5.735 0.30426
5.74 0.303798
5.745 0.303337
5.75 0.302877
5.755 0.302418
5.76 0.301959
5.765 0.301502
5.77 0.301046
5.775 0.300591
5.78 0.300136
5.785 0.299683
5.79 0.29923
5.795 0.298779
5.8 0.298328
5.805 0.297879
5.81 0.29743
5.815 0.296982
5.82 0.296535
5.825 0.296089
5.83 0.295644
5.835 0.2952
5.84 0.294757
5.845 0.294315
5.85 0.293873
5.855 0.293433
5.86 0.292993
5.865 0.292555
5.87 0.292117
5.875 0.29168
5.88 0.291244
5.885 0.290809
5.89 0.290375
5.895 0.289942
5.9 0.28951
5.905 0.289078
5.91 0.288648
5.915 0.288218
5.92 0.287789
5.925 0.287361
5.93 0.286934
5.935 0.286508
5.94 0.286083
5.945 0.285659
5.95 0.285235
5.955 0.284813
5.96 0.284391
5.965 0.28397
5.97 0.28355
5.975 0.283131
5.98 0.282712
5.985 0.282295
5.99 0.281878
5.995 0.281463
6 0.281048
6.005 0.280634
6.01 0.280221
6.015 0.279808
6.02 0.279397
6.025 0.278986
6.03 0.278576
6.035 0.278167
6.04 0.277759
6.045 0.277352
6.05 0.276945
6.055 0.27654
6.06 0.276135
6.065 0.275731
6.07 0.275328
6.075 0.274925
6.08 0.274524
6.085 0.274123
6.09 0.273723
6.095 0.273324
6.1 0.272926
6.105 0.272528
6.11 0.272131
6.115 0.271736
6.12 0.271341
6.125 0.270946
6.13 0.270553
6.135 0.27016
6.14 0.269768
6.145 0.269377
6.15 0.268987
6.155 0.268597
6.16 0.268209
6.165 0.267821
6.17 0.267434
6.175 0.267047
6.18 0.266662
6.185 0.266277
6.19 0.265893
6.195 0.26551
6.2 0.265127
6.205 0.264745
6.21 0.264365
6.215 0.263984
6.22 0.263605
6.225 0.263226
6.23 0.262848
6.235 0.262471
6.24 0.262095
6.245 0.261719
6.25 0.261344
6.255 0.26097
6.26 0.260597
6.265 0.260224
6.27 0.259853
6.275 0.259481
6.28 0.259111
6.285 0.258741
6.29 0.258373
6.295 0.258004
6.3 0.257637
6.305 0.25727
6.31 0.256904
6.315 0.256539
6.32 0.256175
6.325 0.255811
6.33 0.255448
6.335 0.255086
6.34 0.254724
6.345 0.254363
6.35 0.254003
6.355 0.253644
6.36 0.253285
6.365 0.252927
6.37 0.25257
6.375 0.252213
6.38 0.251857
6.385 0.251502
6.39 0.251147
6.395 0.250794
6.4 0.250441
6.405 0.250088
6.41 0.249737
6.415 0.249386
6.42 0.249035
6.425 0.248686
6.43 0.248337
6.435 0.247989
6.44 0.247641
6.445 0.247294
6.45 0.246948
6.455 0.246603
6.46 0.246258
6.465 0.245914
6.47 0.24557
6.475 0.245228
6.48 0.244886
6.485 0.244544
6.49 0.244204
6.495 0.243864
6.5 0.243524
6.505 0.243185
6.51 0.242847
6.515 0.24251
6.52 0.242173
6.525 0.241837
6.53 0.241502
6.535 0.241167
6.54 0.240833
6.545 0.240499
6.55 0.240167
6.555 0.239835
6.56 0.239503
6.565 0.239172
6.57 0.238842
6.575 0.238512
6.58 0.238184
6.585 0.237855
6.59 0.237528
6.595 0.237201
6.6 0.236874
6.605 0.236549
6.61 0.236224
6.615 0.235899
6.62 0.235575
6.625 0.235252
6.63 0.23493
6.635 0.234608
6.64 0.234286
6.645 0.233966
6.65 0.233646
6.655 0.233326
6.66 0.233007
6.665 0.232689
6.67 0.232371
6.675 0.232054
6.68 0.231738
6.685 0.231422
6.69 0.231107
6.695 0.230793
6.7 0.230479
6.705 0.230165
6.71 0.229853
6.715 0.229541
6.72 0.229229
6.725 0.228918
6.73 0.228608
6.735 0.228298
6.74 0.227989
6.745 0.22768
6.75 0.227373
6.755 0.227065
6.76 0.226758
6.765 0.226452
6.77 0.226147
6.775 0.225842
6.78 0.225537
6.785 0.225233
6.79 0.22493
6.795 0.224628
6.8 0.224325
6.805 0.224024
6.81 0.223723
6.815 0.223423
6.82 0.223123
6.825 0.222824
6.83 0.222525
6.835 0.222227
6.84 0.221929
6.845 0.221633
6.85 0.221336
6.855 0.22104
6.86 0.220745
6.865 0.22045
6.87 0.220156
6.875 0.219863
6.88 0.21957
6.885 0.219277
6.89 0.218985
6.895 0.218694
6.9 0.218403
6.905 0.218113
6.91 0.217823
6.915 0.217534
6.92 0.217246
6.925 0.216958
6.93 0.21667
6.935 0.216383
6.94 0.216097
6.945 0.215811
6.95 0.215526
6.955 0.215241
6.96 0.214956
6.965 0.214673
6.97 0.21439
6.975 0.214107
6.98 0.213825
6.985 0.213543
6.99 0.213262
6.995 0.212982
7 0.212702
7.005 0.212422
7.01 0.212143
7.015 0.211865
7.02 0.211587
7.025 0.211309
7.03 0.211032
7.035 0.210756
7.04 0.21048
7.045 0.210205
7.05 0.20993
7.055 0.209656
7.06 0.209382
7.065 0.209109
7.07 0.208836
7.075 0.208564
7.08 0.208292
7.085 0.208021
7.09 0.20775
7.095 0.20748
7.1 0.20721
7.105 0.206941
7.11 0.206672
7.115 0.206404
7.12 0.206136
7.125 0.205869
7.13 0.205602
7.135 0.205336
7.14 0.20507
7.145 0.204805
7.15 0.20454
7.155 0.204276
7.16 0.204012
7.165 0.203749
7.17 0.203486
7.175 0.203224
7.18 0.202962
7.185 0.2027
7.19 0.202439
7.195 0.202179
7.2 0.201919
7.205 0.20166
7.21 0.201401
7.215 0.201142
7.22 0.200884
7.225 0.200627
7.23 0.20037
7.235 0.200113
7.24 0.199857
7.245 0.199601
7.25 0.199346
7.255 0.199091
7.26 0.198837
7.265 0.198583
7.27 0.19833
7.275 0.198077
7.28 0.197825
7.285 0.197573
7.29 0.197321
7.295 0.19707
7.3 0.19682
7.305 0.19657
7.31 0.19632
7.315 0.196071
7.32 0.195822
7.325 0.195574
7.33 0.195326
7.335 0.195079
7.34 0.194832
7.345 0.194585
7.35 0.194339
7.355 0.194094
7.36 0.193848
7.365 0.193604
7.37 0.19336
7.375 0.193116
7.38 0.192872
7.385 0.192629
7.39 0.192387
7.395 0.192145
7.4 0.191903
7.405 0.191662
7.41 0.191421
7.415 0.191181
7.42 0.190941
7.425 0.190702
7.43 0.190463
7.435 0.190224
7.44 0.189986
7.445 0.189748
7.45 0.189511
7.455 0.189274
7.46 0.189038
7.465 0.188802
7.47 0.188566
7.475 0.188331
7.48 0.188096
7.485 0.187862
7.49 0.187628
7.495 0.187395
7.5 0.187162
7.505 0.186929
7.51 0.186697
7.515 0.186465
7.52 0.186233
7.525 0.186002
7.53 0.185772
7.535 0.185542
7.54 0.185312
7.545 0.185083
7.55 0.184854
7.555 0.184625
7.56 0.184397
7.565 0.184169
7.57 0.183942
7.575 0.183715
7.58 0.183489
7.585 0.183263
7.59 0.183037
7.595 0.182812
7.6 0.182587
7.605 0.182362
7.61 0.182138
7.615 0.181914
7.62 0.181691
7.625 0.181468
7.63 0.181246
7.635 0.181024
7.64 0.180802
7.645 0.18058
7.65 0.18036
7.655 0.180139
7.66 0.179919
7.665 0.179699
7.67 0.17948
7.675 0.179261
7.68 0.179042
7.685 0.178824
7.69 0.178606
7.695 0.178388
7.7 0.178171
7.705 0.177955
7.71 0.177738
7.715 0.177522
7.72 0.177307
7.725 0.177092
7.73 0.176877
7.735 0.176662
7.74 0.176448
7.745 0.176235
7.75 0.176021
7.755 0.175808
7.76 0.175596
7.765 0.175384
7.77 0.175172
7.775 0.17496
7.78 0.174749
7.785 0.174539
7.79 0.174328
7.795 0.174118
7.8 0.173909
7.805 0.173699
7.81 0.17349
7.815 0.173282
7.82 0.173074
7.825 0.172866
7.83 0.172659
7.835 0.172451
7.84 0.172245
7.845 0.172038
7.85 0.171832
7.855 0.171627
7.86 0.171421
7.865 0.171216
7.87 0.171012
7.875 0.170808
7.88 0.170604
7.885 0.1704
7.89 0.170197
7.895 0.169994
7.9 0.169792
7.905 0.16959
7.91 0.169388
7.915 0.169186
7.92 0.168985
7.925 0.168785
7.93 0.168584
7.935 0.168384
7.94 0.168184
7.945 0.167985
7.95 0.167786
7.955 0.167587
7.96 0.167389
7.965 0.167191
7.97 0.166993
7.975 0.166796
7.98 0.166599
7.985 0.166402
7.99 0.166206
7.995 0.16601
8 0.165814
8.005 0.165619
8.01 0.165424
8.015 0.16523
8.02 0.165035
8.025 0.164841
8.03 0.164648
8.035 0.164454
8.04 0.164261
8.045 0.164069
8.05 0.163876
8.055 0.163684
8.06 0.163493
8.065 0.163301
8.07 0.16311
8.075 0.16292
8.08 0.162729
8.085 0.162539
8.09 0.162349
8.095 0.16216
8.1 0.161971
8.105 0.161782
8.11 0.161594
8.115 0.161405
8.12 0.161218
8.125 0.16103
8.13 0.160843
8.135 0.160656
8.14 0.160469
8.145 0.160283
8.15 0.160097
8.155 0.159912
8.16 0.159726
8.165 0.159541
8.17 0.159357
8.175 0.159172
8.18 0.158988
8.185 0.158804
8.19 0.158621
8.195 0.158438
8.2 0.158255
8.205 0.158073
8.21 0.15789
8.215 0.157708
8.22 0.157527
8.225 0.157345
8.23 0.157164
8.235 0.156984
8.24 0.156803
8.245 0.156623
8.25 0.156443
8.255 0.156264
8.26 0.156085
8.265 0.155906
8.27 0.155727
8.275 0.155549
8.28 0.155371
8.285 0.155193
8.29 0.155016
8.295 0.154839
8.3 0.154662
8.305 0.154485
8.31 0.154309
8.315 0.154133
8.32 0.153957
8.325 0.153782
8.33 0.153607
8.335 0.153432
8.34 0.153258
8.345 0.153083
8.35 0.15291
8.355 0.152736
8.36 0.152563
8.365 0.15239
8.37 0.152217
8.375 0.152044
8.38 0.151872
8.385 0.1517
8.39 0.151528
8.395 0.151357
8.4 0.151186
8.405 0.151015
8.41 0.150845
8.415 0.150674
8.42 0.150504
8.425 0.150335
8.43 0.150165
8.435 0.149996
8.44 0.149827
8.445 0.149659
8.45 0.149491
8.455 0.149323
8.46 0.149155
8.465 0.148987
8.47 0.14882
8.475 0.148653
8.48 0.148487
8.485 0.14832
8.49 0.148154
8.495 0.147988
8.5 0.147823
8.505 0.147657
8.51 0.147492
8.515 0.147328
8.52 0.147163
8.525 0.146999
8.53 0.146835
8.535 0.146671
8.54 0.146508
8.545 0.146345
8.55 0.146182
8.555 0.146019
8.56 0.145857
8.565 0.145695
8.57 0.145533
8.575 0.145371
8.58 0.14521
8.585 0.145049
8.59 0.144888
8.595 0.144727
8.6 0.144567
8.605 0.144407
8.61 0.144247
8.615 0.144088
8.62 0.143929
8.625 0.14377
8.63 0.143611
8.635 0.143452
8.64 0.143294
8.645 0.143136
8.65 0.142978
8.655 0.142821
8.66 0.142664
8.665 0.142507
8.67 0.14235
8.675 0.142194
8.68 0.142037
8.685 0.141882
8.69 0.141726
8.695 0.14157
8.7 0.141415
8.705 0.14126
8.71 0.141105
8.715 0.140951
8.72 0.140797
8.725 0.140643
8.73 0.140489
8.735 0.140336
8.74 0.140182
8.745 0.140029
8.75 0.139877
8.755 0.139724
8.76 0.139572
8.765 0.13942
8.77 0.139268
8.775 0.139116
8.78 0.138965
8.785 0.138814
8.79 0.138663
8.795 0.138513
8.8 0.138362
8.805 0.138212
8.81 0.138062
8.815 0.137913
8.82 0.137763
8.825 0.137614
8.83 0.137465
8.835 0.137317
8.84 0.137168
8.845 0.13702
8.85 0.136872
8.855 0.136724
8.86 0.136577
8.865 0.136429
8.87 0.136282
8.875 0.136135
8.88 0.135989
8.885 0.135843
8.89 0.135696
8.895 0.13555
8.9 0.135405
8.905 0.135259
8.91 0.135114
8.915 0.134969
8.92 0.134824
8.925 0.13468
8.93 0.134536
8.935 0.134391
8.94 0.134248
8.945 0.134104
8.95 0.133961
8.955 0.133817
8.96 0.133674
8.965 0.133532
8.97 0.133389
8.975 0.133247
8.98 0.133105
8.985 0.132963
8.99 0.132821
8.995 0.13268
9 0.132539
9.005 0.132398
9.01 0.132257
9.015 0.132116
9.02 0.131976
9.025 0.131836
9.03 0.131696
9.035 0.131557
9.04 0.131417
9.045 0.131278
9.05 0.131139
9.055 0.131
9.06 0.130861
9.065 0.130723
9.07 0.130585
9.075 0.130447
9.08 0.130309
9.085 0.130172
9.09 0.130034
9.095 0.129897
9.1 0.12976
9.105 0.129624
9.11 0.129487
9.115 0.129351
9.12 0.129215
9.125 0.129079
9.13 0.128944
9.135 0.128808
9.14 0.128673
9.145 0.128538
9.15 0.128403
9.155 0.128269
9.16 0.128134
9.165 0.128
9.17 0.127866
9.175 0.127732
9.18 0.127599
9.185 0.127465
9.19 0.127332
9.195 0.127199
9.2 0.127067
9.205 0.126934
9.21 0.126802
9.215 0.12667
9.22 0.126538
9.225 0.126406
9.23 0.126274
9.235 0.126143
9.24 0.126012
9.245 0.125881
9.25 0.12575
9.255 0.12562
9.26 0.125489
9.265 0.125359
9.27 0.125229
9.275 0.1251
9.28 0.12497
9.285 0.124841
9.29 0.124711
9.295 0.124583
9.3 0.124454
9.305 0.124325
9.31 0.124197
9.315 0.124069
9.32 0.123941
9.325 0.123813
9.33 0.123685
9.335 0.123558
9.34 0.123431
9.345 0.123304
9.35 0.123177
9.355 0.12305
9.36 0.122924
9.365 0.122797
9.37 0.122671
9.375 0.122545
9.38 0.12242
9.385 0.122294
9.39 0.122169
9.395 0.122044
9.4 0.121919
9.405 0.121794
9.41 0.12167
9.415 0.121545
9.42 0.121421
9.425 0.121297
9.43 0.121173
9.435 0.12105
9.44 0.120926
9.445 0.120803
9.45 0.12068
9.455 0.120557
9.46 0.120434
9.465 0.120312
9.47 0.120189
9.475 0.120067
9.48 0.119945
9.485 0.119823
9.49 0.119702
9.495 0.11958
9.5 0.119459
9.505 0.119338
9.51 0.119217
9.515 0.119096
9.52 0.118976
9.525 0.118855
9.53 0.118735
9.535 0.118615
9.54 0.118495
9.545 0.118376
9.55 0.118256
9.555 0.118137
9.56 0.118018
9.565 0.117899
9.57 0.11778
9.575 0.117661
9.58 0.117543
9.585 0.117425
9.59 0.117307
9.595 0.117189
9.6 0.117071
9.605 0.116954
9.61 0.116836
9.615 0.116719
9.62 0.116602
9.625 0.116485
9.63 0.116368
9.635 0.116252
9.64 0.116136
9.645 0.116019
9.65 0.115903
9.655 0.115788
9.66 0.115672
9.665 0.115556
9.67 0.115441
9.675 0.115326
9.68 0.115211
9.685 0.115096
9.69 0.114981
9.695 0.114867
9.7 0.114753
9.705 0.114639
9.71 0.114525
9.715 0.114411
9.72 0.114297
9.725 0.114184
9.73 0.11407
9.735 0.113957
9.74 0.113844
9.745 0.113731
9.75 0.113619
9.755 0.113506
9.76 0.113394
9.765 0.113282
9.77 0.11317
9.775 0.113058
9.78 0.112946
9.785 0.112835
9.79 0.112723
9.795 0.112612
9.8 0.112501
9.805 0.11239
9.81 0.112279
9.815 0.112169
9.82 0.112059
9.825 0.111948
9.83 0.111838
9.835 0.111728
9.84 0.111619
9.845 0.111509
9.85 0.111399
9.855 0.11129
9.86 0.111181
9.865 0.111072
9.87 0.110963
9.875 0.110855
9.88 0.110746
9.885 0.110638
9.89 0.11053
9.895 0.110422
9.9 0.110314
9.905 0.110206
9.91 0.110098
9.915 0.109991
9.92 0.109884
9.925 0.109777
9.93 0.10967
9.935 0.109563
9.94 0.109456
9.945 0.10935
9.95 0.109243
9.955 0.109137
9.96 0.109031
9.965 0.108925
9.97 0.10882
9.975 0.108714
9.98 0.108608
9.985 0.108503
9.99 0.108398
9.995 0.108293
