0 -nan
0.005 0.946021
0.01 0.343709
0.015 0.0594791
0.02 0.0790538
0.025 0.787493
0.03 0.0666058
0.035 0.0431777
0.04 0.520242
0.045 0.0137064
0.05 0.316643
0.055 0.174337
0.06 0.0772072
0.065 0.686946
0.07 0.11605
0.075 0.631628
0.08 0.742802
0.085 0.565322
0.09 0.145852
0.095 0.116377
0.1 0.713204
0.105 0.144213
0.11 0.440345
0.115 0.215991
0.12 0.477516
0.125 0.0333547
0.13 0.563139
0.135 0.154949
0.14 0.119798
0.145 0.515828
0.15 0.251821
0.155 0.00771548
0.16 0.284417
0.165 0.478488
0.17 0.263325
0.175 0.0237541
0.18 0.0927432
0.185 0.33577
0.19 0.447937
0.195 0.329398
0.2 0.122303
0.205 0.0152503
0.21 0.0777426
0.215 0.242127
0.22 0.387104
0.225 0.427594
0.23 0.353719
0.235 0.216387
0.24 0.0870221
0.245 0.0203788
0.25 0.0359364
0.255 0.118951
0.26 0.233852
0.265 0.340897
0.27 0.409384
0.275 0.424439
0.28 0.387496
0.285 0.312387
0.29 0.21944
0.295 0.129656
0.3 0.06025
0.305 0.0220946
0.31 0.0190262
0.315 0.0485784
0.32 0.103604
0.325 0.174255
0.33 0.249894
0.335 0.320678
0.34 0.378662
0.345 0.418416
0.35 0.43719
0.355 0.434743
0.36 0.41293
0.365 0.375163
0.37 0.325834
0.375 0.269764
0.38 0.211732
0.385 0.156104
0.39 0.106564
0.395 0.0659659
0.4 0.0362586
0.405 0.0185049
0.41 0.0129483
0.415 0.0191231
0.42 0.0359872
0.425 0.0620644
0.43 0.0955851
0.435 0.134618
0.44 0.177184
0.445 0.221357
0.45 0.265339
0.455 0.307521
0.46 0.346518
0.465 0.381198
0.47 0.410687
0.475 0.434367
0.48 0.451864
0.485 0.463028
0.49 0.467911
0.495 0.466736
0.5 0.459871
0.505 0.4478
0.51 0.431096
0.515 0.410391
0.52 0.386357
0.525 0.359683
0.53 0.331053
0.535 0.301137
0.54 0.27057
0.545 0.23995
0.55 0.209824
0.555 0.180685
0.56 0.152968
0.565 0.127048
0.57 0.103241
0.575 0.0818022
0.58 0.0629318
0.585 0.0467746
0.59 0.0334253
0.595 0.0229316
0.6 0.0152987
0.605 0.0104939
0.61 0.00845082
0.615 0.00907368
0.62 0.012242
0.625 0.0178144
0.63 0.0256329
0.635 0.0355262
0.64 0.0473133
0.645 0.0608065
0.65 0.0758144
0.655 0.0921444
0.66 0.109605
0.665 0.128006
0.67 0.147165
0.675 0.166903
0.68 0.18705
0.685 0.207441
0.69 0.227924
0.695 0.248354
0.7 0.268597
0.705 0.288528
0.71 0.308034
0.715 0.327012
0.72 0.345368
0.725 0.36302
0.73 0.379894
0.735 0.395926
0.74 0.411063
0.745 0.425259
0.75 0.438475
0.755 0.450684
0.76 0.461863
0.765 0.471998
0.77 0.481079
0.775 0.489105
0.78 0.496079
0.785 0.502008
0.79 0.506906
0.795 0.510789
0.8 0.513679
0.805 0.515598
0.81 0.516574
0.815 0.516637
0.82 0.515817
0.825 0.51415
0.83 0.511668
0.835 0.50841
0.84 0.504412
0.845 0.499712
0.85 0.49435
0.855 0.488363
0.86 0.481792
0.865 0.474674
0.87 0.467049
0.875 0.458955
0.88 0.45043
0.885 0.441512
0.89 0.432236
0.895 0.422639
0.9 0.412756
0.905 0.40262
0.91 0.392264
0.915 0.381721
0.92 0.37102
0.925 0.360192
0.93 0.349265
0.935 0.338267
0.94 0.327223
0.945 0.316159
0.95 0.305097
0.955 0.294062
0.96 0.283074
0.965 0.272154
0.97 0.261321
0.975 0.250592
0.98 0.239985
0.985 0.229516
0.99 0.219199
0.995 0.209048
1 0.199077
1.005 0.189296
1.01 0.179717
1.015 0.170349
1.02 0.161203
1.025 0.152285
1.03 0.143604
1.035 0.135166
1.04 0.126978
1.045 0.119044
1.05 0.111368
1.055 0.103956
1.06 0.0968097
1.065 0.0899322
1.07 0.0833256
1.075 0.0769915
1.08 0.070931
1.085 0.0651447
1.09 0.0596327
1.095 0.0543948
1.1 0.0494302
1.105 0.044738
1.11 0.0403167
1.115 0.0361646
1.12 0.0322796
1.125 0.0286595
1.13 0.0253016
1.135 0.0222031
1.14 0.0193609
1.145 0.0167717
1.15 0.0144322
1.155 0.0123385
1.16 0.010487
1.165 0.00887361
1.17 0.0074943
1.175 0.00634487
1.18 0.00542099
1.185 0.00471828
1.19 0.00423223
1.195 0.00395831
1.2 0.0038919
1.205 0.00402834
1.21 0.00436293
1.215 0.00489094
1.22 0.00560761
1.225 0.00650818
1.23 0.00758786
1.235 0.00884188
1.24 0.0102655
1.245 0.0118539
1.25 0.0136023
1.255 0.0155062
1.26 0.0175606
1.265 0.0197611
1.27 0.022103
1.275 0.0245817
1.28 0.0271926
1.285 0.0299313
1.29 0.0327933
1.295 0.0357743
1.3 0.03887
1.305 0.042076
1.31 0.0453881
1.315 0.0488023
1.32 0.0523143
1.325 0.0559203
1.33 0.0596162
1.335 0.0633982
1.34 0.0672625
1.345 0.0712053
1.35 0.0752229
1.355 0.0793117
1.36 0.0834683
1.365 0.0876891
1.37 0.0919708
1.375 0.0963101
1.38 0.100704
1.385 0.105148
1.39 0.109641
1.395 0.114179
1.4 0.118758
1.405 0.123377
1.41 0.128032
1.415 0.132721
1.42 0.137441
1.425 0.142189
1.43 0.146963
1.435 0.15176
1.44 0.156578
1.445 0.161414
1.45 0.166267
1.455 0.171133
1.46 0.176012
1.465 0.1809
1.47 0.185796
1.475 0.190698
1.48 0.195604
1.485 0.200511
1.49 0.205419
1.495 0.210325
1.5 0.215228
1.505 0.220126
1.51 0.225018
1.515 0.229901
1.52 0.234776
1.525 0.239639
1.53 0.24449
1.535 0.249327
1.54 0.254149
1.545 0.258956
1.55 0.263745
1.555 0.268515
1.56 0.273266
1.565 0.277996
1.57 0.282705
1.575 0.28739
1.58 0.292053
1.585 0.29669
1.59 0.301302
1.595 0.305888
1.6 0.310447
1.605 0.314979
1.61 0.319481
1.615 0.323955
1.62 0.328398
1.625 0.332811
1.63 0.337193
1.635 0.341543
1.64 0.345861
1.645 0.350146
1.65 0.354398
1.655 0.358617
1.66 0.362801
1.665 0.36695
1.67 0.371065
1.675 0.375144
1.68 0.379188
1.685 0.383196
1.69 0.387167
1.695 0.391102
1.7 0.395
1.705 0.398861
1.71 0.402685
1.715 0.406471
1.72 0.41022
1.725 0.413931
1.73 0.417604
1.735 0.42124
1.74 0.424837
1.745 0.428395
1.75 0.431916
1.755 0.435398
1.76 0.438841
1.765 0.442246
1.77 0.445613
1.775 0.448941
1.78 0.452231
1.785 0.455482
1.79 0.458694
1.795 0.461869
1.8 0.465004
1.805 0.468102
1.81 0.471161
1.815 0.474182
1.82 0.477165
1.825 0.480109
1.83 0.483016
1.835 0.485885
1.84 0.488717
1.845 0.491511
1.85 0.494267
1.855 0.496986
1.86 0.499668
1.865 0.502313
1.87 0.504921
1.875 0.507492
1.88 0.510027
1.885 0.512526
1.89 0.514988
1.895 0.517415
1.9 0.519805
1.905 0.522161
1.91 0.52448
1.915 0.526765
1.92 0.529014
1.925 0.531229
1.93 0.533409
1.935 0.535555
1.94 0.537667
1.945 0.539744
1.95 0.541789
1.955 0.543799
1.96 0.545777
1.965 0.547721
1.97 0.549633
1.975 0.551512
1.98 0.553359
1.985 0.555174
1.99 0.556957
1.995 0.558709
2 0.560429
2.005 0.562118
2.01 0.563776
2.015 0.565404
2.02 0.567002
2.025 0.568569
2.03 0.570106
2.035 0.571614
2.04 0.573093
2.045 0.574542
2.05 0.575963
2.055 0.577355
2.06 0.578719
2.065 0.580055
2.07 0.581363
2.075 0.582643
2.08 0.583896
2.085 0.585122
2.09 0.586321
2.095 0.587493
2.1 0.588639
2.105 0.589759
2.11 0.590854
2.115 0.591922
2.12 0.592965
2.125 0.593984
2.13 0.594977
2.135 0.595946
2.14 0.59689
2.145 0.59781
2.15 0.598707
2.155 0.59958
2.16 0.600429
2.165 0.601255
2.17 0.602058
2.175 0.602839
2.18 0.603597
2.185 0.604333
2.19 0.605047
2.195 0.605739
2.2 0.60641
2.205 0.607059
2.21 0.607687
2.215 0.608295
2.22 0.608882
2.225 0.609448
2.23 0.609994
2.235 0.610521
2.24 0.611027
2.245 0.611514
2.25 0.611982
2.255 0.612431
2.26 0.612861
2.265 0.613272
2.27 0.613665
2.275 0.614039
2.28 0.614396
2.285 0.614734
2.29 0.615055
2.295 0.615359
2.3 0.615645
2.305 0.615915
2.31 0.616167
2.315 0.616403
2.32 0.616623
2.325 0.616826
2.33 0.617014
2.335 0.617185
2.34 0.617341
2.345 0.617481
2.35 0.617606
2.355 0.617716
2.36 0.617811
2.365 0.617891
2.37 0.617957
2.375 0.618008
2.38 0.618046
2.385 0.618069
2.39 0.618078
2.395 0.618074
2.4 0.618056
2.405 0.618025
2.41 0.61798
2.415 0.617923
2.42 0.617853
2.425 0.61777
2.43 0.617674
2.435 0.617566
2.44 0.617446
2.445 0.617314
2.45 0.61717
2.455 0.617015
2.46 0.616848
2.465 0.616669
2.47 0.616479
2.475 0.616278
2.48 0.616066
2.485 0.615843
2.49 0.61561
2.495 0.615366
2.5 0.615111
2.505 0.614846
2.51 0.614571
2.515 0.614286
2.52 0.613992
2.525 0.613687
2.53 0.613373
2.535 0.61305
2.54 0.612717
2.545 0.612375
2.55 0.612024
2.555 0.611664
2.56 0.611295
2.565 0.610917
2.57 0.610531
2.575 0.610136
2.58 0.609733
2.585 0.609322
2.59 0.608903
2.595 0.608476
2.6 0.608041
2.605 0.607598
2.61 0.607148
2.615 0.60669
2.62 0.606224
2.625 0.605751
2.63 0.605272
2.635 0.604785
2.64 0.604291
2.645 0.60379
2.65 0.603282
2.655 0.602768
2.66 0.602247
2.665 0.601719
2.67 0.601186
2.675 0.600646
2.68 0.600099
2.685 0.599547
2.69 0.598989
2.695 0.598425
2.7 0.597855
2.705 0.597279
2.71 0.596698
2.715 0.596111
2.72 0.595518
2.725 0.594921
2.73 0.594318
2.735 0.59371
2.74 0.593097
2.745 0.592478
2.75 0.591855
2.755 0.591227
2.76 0.590594
2.765 0.589957
2.77 0.589315
2.775 0.588668
2.78 0.588017
2.785 0.587362
2.79 0.586702
2.795 0.586038
2.8 0.58537
2.805 0.584697
2.81 0.584021
2.815 0.583341
2.82 0.582657
2.825 0.581969
2.83 0.581278
2.835 0.580582
2.84 0.579883
2.845 0.579181
2.85 0.578475
2.855 0.577766
2.86 0.577054
2.865 0.576338
2.87 0.575619
2.875 0.574896
2.88 0.574171
2.885 0.573443
2.89 0.572712
2.895 0.571978
2.9 0.57124
2.905 0.570501
2.91 0.569758
2.915 0.569013
2.92 0.568265
2.925 0.567515
2.93 0.566762
2.935 0.566007
2.94 0.565249
2.945 0.564489
2.95 0.563726
2.955 0.562962
2.96 0.562195
2.965 0.561426
2.97 0.560655
2.975 0.559881
2.98 0.559106
2.985 0.558329
2.99 0.55755
2.995 0.556769
3 0.555987
3.005 0.555202
3.01 0.554416
3.015 0.553628
3.02 0.552839
3.025 0.552048
3.03 0.551255
3.035 0.550461
3.04 0.549665
3.045 0.548868
3.05 0.54807
3.055 0.54727
3.06 0.546469
3.065 0.545666
3.07 0.544863
3.075 0.544058
3.08 0.543252
3.085 0.542445
3.09 0.541637
3.095 0.540828
3.1 0.540017
3.105 0.539206
3.11 0.538394
3.115 0.537581
3.12 0.536767
3.125 0.535952
3.13 0.535137
3.135 0.53432
3.14 0.533503
3.145 0.532686
3.15 0.531867
3.155 0.531048
3.16 0.530228
3.165 0.529408
3.17 0.528587
3.175 0.527766
3.18 0.526944
3.185 0.526122
3.19 0.525299
3.195 0.524476
3.2 0.523652
3.205 0.522828
3.21 0.522004
3.215 0.521179
3.22 0.520354
3.225 0.519529
3.23 0.518704
3.235 0.517878
3.24 0.517053
3.245 0.516227
3.25 0.515401
3.255 0.514575
3.26 0.513748
3.265 0.512922
3.27 0.512096
3.275 0.51127
3.28 0.510443
3.285 0.509617
3.29 0.508791
3.295 0.507965
3.3 0.507138
3.305 0.506313
3.31 0.505487
3.315 0.504661
3.32 0.503836
3.325 0.50301
3.33 0.502185
3.335 0.50136
3.34 0.500536
3.345 0.499711
3.35 0.498887
3.355 0.498064
3.36 0.49724
3.365 0.496417
3.37 0.495594
3.375 0.494772
3.38 0.49395
3.385 0.493129
3.39 0.492307
3.395 0.491487
3.4 0.490667
3.405 0.489847
3.41 0.489027
3.415 0.488209
3.42 0.48739
3.425 0.486573
3.43 0.485756
3.435 0.484939
3.44 0.484123
3.445 0.483307
3.45 0.482493
3.455 0.481678
3.46 0.480865
3.465 0.480052
3.47 0.47924
3.475 0.478428
3.48 0.477617
3.485 0.476807
3.49 0.475997
3.495 0.475188
3.5 0.47438
3.505 0.473573
3.51 0.472766
3.515 0.47196
3.52 0.471155
3.525 0.470351
3.53 0.469547
3.535 0.468745
3.54 0.467943
3.545 0.467142
3.55 0.466341
3.555 0.465542
3.56 0.464743
3.565 0.463946
3.57 0.463149
3.575 0.462353
3.58 0.461558
3.585 0.460764
3.59 0.45997
3.595 0.459178
3.6 0.458387
3.605 0.457596
3.61 0.456807
3.615 0.456018
3.62 0.455231
3.625 0.454444
3.63 0.453658
3.635 0.452874
3.64 0.45209
3.645 0.451307
3.65 0.450526
3.655 0.449745
3.66 0.448965
3.665 0.448187
3.67 0.447409
3.675 0.446632
3.68 0.445857
3.685 0.445082
3.69 0.444309
3.695 0.443536
3.7 0.442765
3.705 0.441995
3.71 0.441226
3.715 0.440458
3.72 0.439691
3.725 0.438925
3.73 0.43816
3.735 0.437396
3.74 0.436634
3.745 0.435872
3.75 0.435112
3.755 0.434353
3.76 0.433595
3.765 0.432838
3.77 0.432082
3.775 0.431327
3.78 0.430574
3.785 0.429821
3.79 0.42907
3.795 0.42832
3.8 0.427571
3.805 0.426824
3.81 0.426077
3.815 0.425332
3.82 0.424587
3.825 0.423844
3.83 0.423103
3.835 0.422362
3.84 0.421622
3.845 0.420884
3.85 0.420147
3.855 0.419411
3.86 0.418677
3.865 0.417943
3.87 0.417211
3.875 0.41648
3.88 0.41575
3.885 0.415022
3.89 0.414294
3.895 0.413568
3.9 0.412843
3.905 0.412119
3.91 0.411397
3.915 0.410676
3.92 0.409956
3.925 0.409237
3.93 0.408519
3.935 0.407803
3.94 0.407088
3.945 0.406374
3.95 0.405662
3.955 0.40495
3.96 0.40424
3.965 0.403532
3.97 0.402824
3.975 0.402118
3.98 0.401413
3.985 0.400709
3.99 0.400006
3.995 0.399305
4 0.398605
4.005 0.397906
4.01 0.397209
4.015 0.396512
4.02 0.395817
4.025 0.395124
4.03 0.394431
4.035 0.39374
4.04 0.39305
4.045 0.392361
4.05 0.391674
4.055 0.390988
4.06 0.390303
4.065 0.389619
4.07 0.388937
4.075 0.388256
4.08 0.387576
4.085 0.386898
4.09 0.386221
4.095 0.385545
4.1 0.38487
4.105 0.384197
4.11 0.383524
4.115 0.382854
4.12 0.382184
4.125 0.381516
4.13 0.380849
4.135 0.380183
4.14 0.379518
4.145 0.378855
4.15 0.378193
4.155 0.377532
4.16 0.376873
4.165 0.376215
4.17 0.375558
4.175 0.374902
4.18 0.374248
4.185 0.373595
4.19 0.372943
4.195 0.372293
4.2 0.371643
4.205 0.370995
4.21 0.370349
4.215 0.369703
4.22 0.369059
4.225 0.368416
4.23 0.367774
4.235 0.367134
4.24 0.366495
4.245 0.365857
4.25 0.36522
4.255 0.364585
4.26 0.363951
4.265 0.363318
4.27 0.362687
4.275 0.362056
4.28 0.361427
4.285 0.360799
4.29 0.360173
4.295 0.359548
4.3 0.358923
4.305 0.358301
4.31 0.357679
4.315 0.357059
4.32 0.35644
4.325 0.355822
4.33 0.355206
4.335 0.35459
4.34 0.353976
4.345 0.353363
4.35 0.352752
4.355 0.352142
4.36 0.351532
4.365 0.350925
4.37 0.350318
4.375 0.349713
4.38 0.349108
4.385 0.348506
4.39 0.347904
4.395 0.347303
4.4 0.346704
4.405 0.346106
4.41 0.34551
4.415 0.344914
4.42 0.34432
4.425 0.343727
4.43 0.343135
4.435 0.342544
4.44 0.341955
4.445 0.341366
4.45 0.340779
4.455 0.340194
4.46 0.339609
4.465 0.339026
4.47 0.338443
4.475 0.337863
4.48 0.337283
4.485 0.336704
4.49 0.336127
4.495 0.335551
4.5 0.334976
4.505 0.334402
4.51 0.333829
4.515 0.333258
4.52 0.332688
4.525 0.332119
4.53 0.331551
4.535 0.330984
4.54 0.330419
4.545 0.329855
4.55 0.329292
4.555 0.32873
4.56 0.328169
4.565 0.32761
4.57 0.327051
4.575 0.326494
4.58 0.325938
4.585 0.325383
4.59 0.324829
4.595 0.324277
4.6 0.323726
4.605 0.323175
4.61 0.322626
4.615 0.322078
4.62 0.321532
4.625 0.320986
4.63 0.320442
4.635 0.319898
4.64 0.319356
4.645 0.318815
4.65 0.318275
4.655 0.317737
4.66 0.317199
4.665 0.316663
4.67 0.316127
4.675 0.315593
4.68 0.31506
4.685 0.314528
4.69 0.313997
4.695 0.313468
4.7 0.312939
4.705 0.312412
4.71 0.311886
4.715 0.31136
4.72 0.310836
4.725 0.310313
4.73 0.309791
4.735 0.309271
4.74 0.308751
4.745 0.308233
4.75 0.307715
4.755 0.307199
4.76 0.306684
4.765 0.30617
4.77 0.305657
4.775 0.305145
4.78 0.304634
4.785 0.304124
4.79 0.303615
4.795 0.303108
4.8 0.302601
4.805 0.302096
4.81 0.301591
4.815 0.301088
4.82 0.300586
4.825 0.300085
4.83 0.299585
4.835 0.299086
4.84 0.298588
4.845 0.298091
4.85 0.297595
4.855 0.297101
4.86 0.296607
4.865 0.296114
4.87 0.295623
4.875 0.295132
4.88 0.294643
4.885 0.294154
4.89 0.293667
4.895 0.29318
4.9 0.292695
4.905 0.292211
4.91 0.291728
4.915 0.291245
4.92 0.290764
4.925 0.290284
4.93 0.289805
4.935 0.289327
4.94 0.28885
4.945 0.288374
4.95 0.287899
4.955 0.287425
4.96 0.286952
4.965 0.28648
4.97 0.286009
4.975 0.285539
4.98 0.28507
4.985 0.284602
4.99 0.284135
4.995 0.283669
5 0.283204
5.005 0.28274
5.01 0.282277
5.015 0.281815
5.02 0.281354
5.025 0.280894
5.03 0.280435
5.035 0.279977
5.04 0.27952
5.045 0.279064
5.05 0.278609
5.055 0.278155
5.06 0.277702
5.065 0.27725
5.07 0.276798
5.075 0.276348
5.08 0.275899
5.085 0.275451
5.09 0.275003
5.095 0.274557
5.1 0.274111
5.105 0.273667
5.11 0.273223
5.115 0.272781
5.12 0.272339
5.125 0.271898
5.13 0.271459
5.135 0.27102
5.14 0.270582
5.145 0.270145
5.15 0.269709
5.155 0.269274
5.16 0.26884
5.165 0.268407
5.17 0.267974
5.175 0.267543
5.18 0.267112
5.185 0.266683
5.19 0.266254
5.195 0.265827
5.2 0.2654
5.205 0.264974
5.21 0.264549
5.215 0.264125
5.22 0.263702
5.225 0.26328
5.23 0.262858
5.235 0.262438
5.24 0.262018
5.245 0.2616
5.25 0.261182
5.255 0.260765
5.26 0.260349
5.265 0.259934
5.27 0.25952
5.275 0.259106
5.28 0.258694
5.285 0.258282
5.29 0.257872
5.295 0.257462
5.3 0.257053
5.305 0.256645
5.31 0.256238
5.315 0.255831
5.32 0.255426
5.325 0.255021
5.33 0.254617
5.335 0.254215
5.34 0.253813
5.345 0.253411
5.35 0.253011
5.355 0.252612
5.36 0.252213
5.365 0.251815
5.37 0.251418
5.375 0.251022
5.38 0.250627
5.385 0.250232
5.39 0.249839
5.395 0.249446
5.4 0.249054
5.405 0.248663
5.41 0.248273
5.415 0.247884
5.42 0.247495
5.425 0.247107
5.43 0.24672
5.435 0.246334
5.44 0.245949
5.445 0.245564
5.45 0.245181
5.455 0.244798
5.46 0.244416
5.465 0.244034
5.47 0.243654
5.475 0.243274
5.48 0.242896
5.485 0.242518
5.49 0.24214
5.495 0.241764
5.5 0.241388
5.505 0.241013
5.51 0.240639
5.515 0.240266
5.52 0.239894
5.525 0.239522
5.53 0.239151
5.535 0.238781
5.54 0.238411
5.545 0.238043
5.55 0.237675
5.555 0.237308
5.56 0.236942
5.565 0.236576
5.57 0.236212
5.575 0.235848
5.58 0.235484
5.585 0.235122
5.59 0.23476
5.595 0.234399
5.6 0.234039
5.605 0.23368
5.61 0.233321
5.615 0.232963
5.62 0.232606
5.625 0.23225
5.63 0.231894
5.635 0.231539
5.64 0.231185
5.645 0.230832
5.65 0.230479
5.655 0.230127
5.66 0.229776
5.665 0.229426
5.67 0.229076
5.675 0.228727
5.68 0.228379
5.685 0.228031
5.69 0.227684
5.695 0.227338
5.7 0.226993
5.705 0.226648
5.71 0.226304
5.715 0.225961
5.72 0.225619
5.725 0.225277
5.73 0.224936
5.735 0.224595
5.74 0.224256
5.745 0.223917
5.75 0.223579
5.755 0.223241
5.76 0.222904
5.765 0.222568
5.77 0.222233
5.775 0.221898
5.78 0.221564
5.785 0.221231
5.79 0.220898
5.795 0.220566
5.8 0.220235
5.805 0.219904
5.81 0.219574
5.815 0.219245
5.82 0.218917
5.825 0.218589
5.83 0.218261
5.835 0.217935
5.84 0.217609
5.845 0.217284
5.85 0.21696
5.855 0.216636
5.86 0.216313
5.865 0.21599
5.87 0.215668
5.875 0.215347
5.88 0.215027
5.885 0.214707
5.89 0.214388
5.895 0.214069
5.9 0.213751
5.905 0.213434
5.91 0.213118
5.915 0.212802
5.92 0.212486
5.925 0.212172
5.93 0.211858
5.935 0.211544
5.94 0.211232
5.945 0.21092
5.95 0.210608
5.955 0.210298
5.96 0.209988
5.965 0.209678
5.97 0.209369
5.975 0.209061
5.98 0.208753
5.985 0.208447
5.99 0.20814
5.995 0.207834
6 0.207529
6.005 0.207225
6.01 0.206921
6.015 0.206618
6.02 0.206315
6.025 0.206013
6.03 0.205712
6.035 0.205411
6.04 0.205111
6.045 0.204812
6.05 0.204513
6.055 0.204214
6.06 0.203917
6.065 0.20362
6.07 0.203323
6.075 0.203027
6.08 0.202732
6.085 0.202437
6.09 0.202143
6.095 0.20185
6.1 0.201557
6.105 0.201265
6.11 0.200973
6.115 0.200682
6.12 0.200391
6.125 0.200101
6.13 0.199812
6.135 0.199523
6.14 0.199235
6.145 0.198947
6.15 0.19866
6.155 0.198374
6.16 0.198088
6.165 0.197803
6.17 0.197518
6.175 0.197234
6.18 0.19695
6.185 0.196667
6.19 0.196385
6.195 0.196103
6.2 0.195822
6.205 0.195541
6.21 0.195261
6.215 0.194981
6.22 0.194702
6.225 0.194424
6.23 0.194146
6.235 0.193868
6.24 0.193592
6.245 0.193315
6.25 0.19304
6.255 0.192764
6.26 0.19249
6.265 0.192216
6.27 0.191942
6.275 0.191669
6.28 0.191397
6.285 0.191125
6.29 0.190854
6.295 0.190583
6.3 0.190313
6.305 0.190043
6.31 0.189774
6.315 0.189505
6.32 0.189237
6.325 0.18897
6.33 0.188703
6.335 0.188436
6.34 0.18817
6.345 0.187905
6.35 0.18764
6.355 0.187375
6.36 0.187112
6.365 0.186848
6.37 0.186585
6.375 0.186323
6.38 0.186061
6.385 0.1858
6.39 0.185539
6.395 0.185279
6.4 0.185019
6.405 0.18476
6.41 0.184501
6.415 0.184243
6.42 0.183986
6.425 0.183728
6.43 0.183472
6.435 0.183216
6.44 0.18296
6.445 0.182705
6.45 0.18245
6.455 0.182196
6.46 0.181942
6.465 0.181689
6.47 0.181437
6.475 0.181185
6.48 0.180933
6.485 0.180682
6.49 0.180431
6.495 0.180181
6.5 0.179931
6.505 0.179682
6.51 0.179433
6.515 0.179185
6.52 0.178937
6.525 0.17869
6.53 0.178443
6.535 0.178197
6.54 0.177951
6.545 0.177706
6.55 0.177461
6.555 0.177217
6.56 0.176973
6.565 0.176729
6.57 0.176486
6.575 0.176244
6.58 0.176002
6.585 0.17576
6.59 0.175519
6.595 0.175279
6.6 0.175039
6.605 0.174799
6.61 0.17456
6.615 0.174321
6.62 0.174083
6.625 0.173845
6.63 0.173608
6.635 0.173371
6.64 0.173134
6.645 0.172898
6.65 0.172663
6.655 0.172428
6.66 0.172193
6.665 0.171959
6.67 0.171725
6.675 0.171492
6.68 0.171259
6.685 0.171027
6.69 0.170795
6.695 0.170564
6.7 0.170333
6.705 0.170102
6.71 0.169872
6.715 0.169642
6.72 0.169413
6.725 0.169184
6.73 0.168956
6.735 0.168728
6.74 0.168501
6.745 0.168274
6.75 0.168047
6.755 0.167821
6.76 0.167595
6.765 0.16737
6.77 0.167145
6.775 0.16692
6.78 0.166696
6.785 0.166473
6.79 0.16625
6.795 0.166027
6.8 0.165805
6.805 0.165583
6.81 0.165361
6.815 0.16514
6.82 0.164919
6.825 0.164699
6.83 0.164479
6.835 0.16426
6.84 0.164041
6.845 0.163823
6.85 0.163604
6.855 0.163387
6.86 0.163169
6.865 0.162953
6.87 0.162736
6.875 0.16252
6.88 0.162304
6.885 0.162089
6.89 0.161874
6.895 0.16166
6.9 0.161446
6.905 0.161232
6.91 0.161019
6.915 0.160806
6.92 0.160594
6.925 0.160382
6.93 0.16017
6.935 0.159959
6.94 0.159748
6.945 0.159538
6.95 0.159328
6.955 0.159118
6.96 0.158909
6.965 0.1587
6.97 0.158491
6.975 0.158283
6.98 0.158076
6.985 0.157868
6.99 0.157662
6.995 0.157455
7 0.157249
7.005 0.157043
7.01 0.156838
7.015 0.156633
7.02 0.156428
7.025 0.156224
7.03 0.15602
7.035 0.155817
7.04 0.155614
7.045 0.155411
7.05 0.155209
7.055 0.155007
7.06 0.154805
7.065 0.154604
7.07 0.154403
7.075 0.154203
7.08 0.154003
7.085 0.153803
7.09 0.153604
7.095 0.153405
7.1 0.153206
7.105 0.153008
7.11 0.15281
7.115 0.152613
7.12 0.152416
7.125 0.152219
7.13 0.152022
7.135 0.151826
7.14 0.151631
7.145 0.151435
7.15 0.151241
7.155 0.151046
7.16 0.150852
7.165 0.150658
7.17 0.150464
7.175 0.150271
7.18 0.150078
7.185 0.149886
7.19 0.149694
7.195 0.149502
7.2 0.149311
7.205 0.14912
7.21 0.148929
7.215 0.148739
7.22 0.148549
7.225 0.148359
7.23 0.14817
7.235 0.147981
7.24 0.147792
7.245 0.147604
7.25 0.147416
7.255 0.147229
7.26 0.147041
7.265 0.146855
7.27 0.146668
7.275 0.146482
7.28 0.146296
7.285 0.14611
7.29 0.145925
7.295 0.14574
7.3 0.145556
7.305 0.145372
7.31 0.145188
7.315 0.145004
7.32 0.144821
7.325 0.144638
7.33 0.144456
7.335 0.144274
7.34 0.144092
7.345 0.14391
7.35 0.143729
7.355 0.143548
7.36 0.143368
7.365 0.143188
7.37 0.143008
7.375 0.142828
7.38 0.142649
7.385 0.14247
7.39 0.142292
7.395 0.142113
7.4 0.141935
7.405 0.141758
7.41 0.14158
7.415 0.141403
7.42 0.141227
7.425 0.14105
7.43 0.140874
7.435 0.140699
7.44 0.140523
7.445 0.140348
7.45 0.140173
7.455 0.139999
7.46 0.139825
7.465 0.139651
7.47 0.139478
7.475 0.139304
7.48 0.139131
7.485 0.138959
7.49 0.138787
7.495 0.138615
7.5 0.138443
7.505 0.138272
7.51 0.138101
7.515 0.13793
7.52 0.137759
7.525 0.137589
7.53 0.137419
7.535 0.13725
7.54 0.137081
7.545 0.136912
7.55 0.136743
7.555 0.136575
7.56 0.136407
7.565 0.136239
7.57 0.136072
7.575 0.135904
7.58 0.135738
7.585 0.135571
7.59 0.135405
7.595 0.135239
7.6 0.135073
7.605 0.134908
7.61 0.134743
7.615 0.134578
7.62 0.134413
7.625 0.134249
7.63 0.134085
7.635 0.133922
7.64 0.133758
7.645 0.133595
7.65 0.133432
7.655 0.13327
7.66 0.133108
7.665 0.132946
7.67 0.132784
7.675 0.132623
7.68 0.132462
7.685 0.132301
7.69 0.132141
7.695 0.13198
7.7 0.13182
7.705 0.131661
7.71 0.131501
7.715 0.131342
7.72 0.131183
7.725 0.131025
7.73 0.130867
7.735 0.130709
7.74 0.130551
7.745 0.130394
7.75 0.130236
7.755 0.130079
7.76 0.129923
7.765 0.129766
7.77 0.12961
7.775 0.129455
7.78 0.129299
7.785 0.129144
7.79 0.128989
7.795 0.128834
7.8 0.12868
7.805 0.128525
7.81 0.128372
7.815 0.128218
7.82 0.128065
7.825 0.127911
7.83 0.127759
7.835 0.127606
7.84 0.127454
7.845 0.127302
7.85 0.12715
7.855 0.126998
7.86 0.126847
7.865 0.126696
7.87 0.126545
7.875 0.126395
7.88 0.126244
7.885 0.126094
7.89 0.125945
7.895 0.125795
7.9 0.125646
7.905 0.125497
7.91 0.125348
7.915 0.1252
7.92 0.125052
7.925 0.124904
7.93 0.124756
7.935 0.124609
7.94 0.124462
7.945 0.124315
7.95 0.124168
7.955 0.124022
7.96 0.123875
7.965 0.12373
7.97 0.123584
7.975 0.123438
7.98 0.123293
7.985 0.123148
7.99 0.123004
7.995 0.122859
8 0.122715
8.005 0.122571
8.01 0.122427
8.015 0.122284
8.02 0.122141
8.025 0.121998
8.03 0.121855
8.035 0.121713
8.04 0.12157
8.045 0.121428
8.05 0.121287
8.055 0.121145
8.06 0.121004
8.065 0.120863
8.07 0.120722
8.075 0.120581
8.08 0.120441
8.085 0.120301
8.09 0.120161
8.095 0.120022
8.1 0.119882
8.105 0.119743
8.11 0.119604
8.115 0.119465
8.12 0.119327
8.125 0.119189
8.13 0.119051
8.135 0.118913
8.14 0.118775
8.145 0.118638
8.15 0.118501
8.155 0.118364
8.16 0.118228
8.165 0.118091
8.17 0.117955
8.175 0.117819
8.18 0.117684
8.185 0.117548
8.19 0.117413
8.195 0.117278
8.2 0.117143
8.205 0.117009
8.21 0.116874
8.215 0.11674
8.22 0.116606
8.225 0.116473
8.23 0.116339
8.235 0.116206
8.24 0.116073
8.245 0.11594
8.25 0.115808
8.255 0.115675
8.26 0.115543
8.265 0.115411
8.27 0.11528
8.275 0.115148
8.28 0.115017
8.285 0.114886
8.29 0.114755
8.295 0.114625
8.3 0.114494
8.305 0.114364
8.31 0.114234
8.315 0.114104
8.32 0.113975
8.325 0.113846
8.33 0.113717
8.335 0.113588
8.34 0.113459
8.345 0.113331
8.35 0.113202
8.355 0.113074
8.36 0.112946
8.365 0.112819
8.37 0.112691
8.375 0.112564
8.38 0.112437
8.385 0.112311
8.39 0.112184
8.395 0.112058
8.4 0.111931
8.405 0.111806
8.41 0.11168
8.415 0.111554
8.42 0.111429
8.425 0.111304
8.43 0.111179
8.435 0.111054
8.44 0.11093
8.445 0.110805
8.45 0.110681
8.455 0.110557
8.46 0.110434
8.465 0.11031
8.47 0.110187
8.475 0.110064
8.48 0.109941
8.485 0.109818
8.49 0.109696
8.495 0.109574
8.5 0.109451
8.505 0.10933
8.51 0.109208
8.515 0.109086
8.52 0.108965
8.525 0.108844
8.53 0.108723
8.535 0.108602
8.54 0.108482
8.545 0.108361
8.55 0.108241
8.555 0.108121
8.56 0.108002
8.565 0.107882
8.57 0.107763
8.575 0.107644
8.58 0.107525
8.585 0.107406
8.59 0.107287
8.595 0.107169
8.6 0.107051
8.605 0.106933
8.61 0.106815
8.615 0.106697
8.62 0.10658
8.625 0.106462
8.63 0.106345
8.635 0.106229
8.64 0.106112
8.645 0.105995
8.65 0.105879
8.655 0.105763
8.66 0.105647
8.665 0.105531
8.67 0.105416
8.675 0.1053
8.68 0.105185
8.685 0.10507
8.69 0.104955
8.695 0.10484
8.7 0.104726
8.705 0.104612
8.71 0.104498
8.715 0.104384
8.72 0.10427
8.725 0.104156
8.73 0.104043
8.735 0.10393
8.74 0.103817
8.745 0.103704
8.75 0.103591
8.755 0.103479
8.76 0.103366
8.765 0.103254
8.77 0.103142
8.775 0.10303
8.78 0.102919
8.785 0.102807
8.79 0.102696
8.795 0.102585
8.8 0.102474
8.805 0.102363
8.81 0.102253
8.815 0.102142
8.82 0.102032
8.825 0.101922
8.83 0.101812
8.835 0.101703
8.84 0.101593
8.845 0.101484
8.85 0.101375
8.855 0.101266
8.86 0.101157
8.865 0.101048
8.87 0.10094
8.875 0.100831
8.88 0.100723
8.885 0.100615
8.89 0.100507
8.895 0.1004
8.9 0.100292
8.905 0.100185
8.91 0.100078
8.915 0.099971
8.92 0.0998642
8.925 0.0997575
8.93 0.0996511
8.935 0.0995448
8.94 0.0994386
8.945 0.0993327
8.95 0.0992269
8.955 0.0991212
8.96 0.0990158
8.965 0.0989104
8.97 0.0988053
8.975 0.0987003
8.98 0.0985955
8.985 0.0984908
8.99 0.0983863
8.995 0.098282
9 0.0981778
9.005 0.0980738
9.01 0.09797
9.015 0.0978663
9.02 0.0977628
9.025 0.0976594
9.03 0.0975562
9.035 0.0974531
9.04 0.0973503
9.045 0.0972475
9.05 0.0971449
9.055 0.0970425
9.06 0.0969403
9.065 0.0968382
9.07 0.0967362
9.075 0.0966345
9.08 0.0965328
9.085 0.0964314
9.09 0.09633
9.095 0.0962289
9.1 0.0961279
9.105 0.096027
9.11 0.0959263
9.115 0.0958258
9.12 0.0957254
9.125 0.0956252
9.13 0.0955251
9.135 0.0954252
9.14 0.0953254
9.145 0.0952258
9.15 0.0951263
9.155 0.095027
9.16 0.0949278
9.165 0.0948288
9.17 0.09473
9.175 0.0946313
9.18 0.0945327
9.185 0.0944343
9.19 0.094336
9.195 0.0942379
9.2 0.09414
9.205 0.0940422
9.21 0.0939445
9.215 0.093847
9.22 0.0937496
9.225 0.0936524
9.23 0.0935553
9.235 0.0934584
9.24 0.0933616
9.245 0.093265
9.25 0.0931685
9.255 0.0930722
9.26 0.092976
9.265 0.0928799
9.27 0.092784
9.275 0.0926883
9.28 0.0925927
9.285 0.0924972
9.29 0.0924019
9.295 0.0923067
9.3 0.0922117
9.305 0.0921168
9.31 0.092022
9.315 0.0919274
9.32 0.091833
9.325 0.0917387
9.33 0.0916445
9.335 0.0915504
9.34 0.0914566
9.345 0.0913628
9.35 0.0912692
9.355 0.0911757
9.36 0.0910824
9.365 0.0909892
9.37 0.0908961
9.375 0.0908032
9.38 0.0907104
9.385 0.0906178
9.39 0.0905253
9.395 0.090433
9.4 0.0903407
9.405 0.0902487
9.41 0.0901567
9.415 0.0900649
9.42 0.0899732
9.425 0.0898817
9.43 0.0897903
9.435 0.089699
9.44 0.0896079
9.445 0.0895169
9.45 0.0894261
9.455 0.0893354
9.46 0.0892448
9.465 0.0891543
9.47 0.089064
9.475 0.0889738
9.48 0.0888838
9.485 0.0887939
9.49 0.0887041
9.495 0.0886144
9.5 0.0885249
9.505 0.0884355
9.51 0.0883463
9.515 0.0882572
9.52 0.0881682
9.525 0.0880793
9.53 0.0879906
9.535 0.087902
9.54 0.0878136
9.545 0.0877252
9.55 0.087637
9.555 0.087549
9.56 0.087461
9.565 0.0873732
9.57 0.0872855
9.575 0.087198
9.58 0.0871106
9.585 0.0870233
9.59 0.0869361
9.595 0.0868491
9.6 0.0867622
9.605 0.0866754
9.61 0.0865887
9.615 0.0865022
9.62 0.0864158
9.625 0.0863295
9.63 0.0862434
9.635 0.0861574
9.64 0.0860715
9.645 0.0859857
9.65 0.0859
9.655 0.0858145
9.66 0.0857291
9.665 0.0856439
9.67 0.0855587
9.675 0.0854737
9.68 0.0853888
9.685 0.085304
9.69 0.0852194
9.695 0.0851348
9.7 0.0850504
9.705 0.0849662
9.71 0.084882
9.715 0.084798
9.72 0.0847141
9.725 0.0846303
9.73 0.0845466
9.735 0.084463
9.74 0.0843796
9.745 0.0842963
9.75 0.0842131
9.755 0.0841301
9.76 0.0840471
9.765 0.0839643
9.77 0.0838816
9.775 0.083799
9.78 0.0837165
9.785 0.0836342
9.79 0.083552
9.795 0.0834699
9.8 0.0833879
9.805 0.083306
9.81 0.0832242
9.815 0.0831426
9.82 0.0830611
9.825 0.0829797
9.83 0.0828984
9.835 0.0828172
9.84 0.0827362
9.845 0.0826553
9.85 0.0825744
9.855 0.0824937
9.86 0.0824131
9.865 0.0823327
9.87 0.0822523
9.875 0.0821721
9.88 0.082092
9.885 0.082012
9.89 0.0819321
9.895 0.0818523
9.9 0.0817726
9.905 0.0816931
9.91 0.0816136
9.915 0.0815343
9.92 0.0814551
9.925 0.081376
9.93 0.081297
9.935 0.0812181
9.94 0.0811394
9.945 0.0810607
9.95 0.0809822
9.955 0.0809038
9.96 0.0808254
9.965 0.0807472
9.97 0.0806692
9.975 0.0805912
9.98 0.0805133
9.985 0.0804355
9.99 0.0803579
9.995 0.0802804
