0 -nan
0.005 0.971634
0.01 0.415699
0.015 0.0552094
0.02 0.11935
0.025 0.75494
0.03 0.0413831
0.035 0.0428075
0.04 0.604811
0.045 0.0322152
0.05 0.373241
0.055 0.158812
0.06 0.0644682
0.065 0.702508
0.07 0.082354
0.075 0.546013
0.08 0.649231
0.085 0.466968
0.09 0.0898644
0.095 0.143949
0.1 0.658105
0.105 0.0829127
0.11 0.457153
0.115 0.137281
0.12 0.488449
0.125 0.00827531
0.13 0.49738
0.135 0.215835
0.14 0.0602774
0.145 0.464002
0.15 0.319447
0.155 0.0108518
0.16 0.20154
0.165 0.467681
0.17 0.341264
0.175 0.0637209
0.18 0.0408856
0.185 0.269938
0.19 0.456407
0.195 0.410198
0.2 0.202744
0.205 0.0329682
0.21 0.0313847
0.215 0.180577
0.22 0.365166
0.225 0.469168
0.23 0.44327
0.235 0.314781
0.24 0.155692
0.245 0.0392714
0.25 0.00887002
0.255 0.0678484
0.26 0.187411
0.265 0.323497
0.27 0.433977
0.275 0.490579
0.28 0.483666
0.285 0.420788
0.29 0.321317
0.295 0.209704
0.3 0.10932
0.305 0.0380661
0.31 0.00612829
0.315 0.0156886
0.32 0.0620907
0.325 0.135842
0.33 0.224891
0.335 0.316758
0.34 0.40023
0.345 0.466516
0.35 0.509846
0.355 0.527583
0.36 0.519957
0.365 0.489562
0.37 0.440712
0.375 0.378774
0.38 0.309533
0.385 0.238663
0.39 0.1713
0.395 0.111756
0.4 0.0633395
0.405 0.0282927
0.41 0.00780932
0.415 0.0021209
0.42 0.0106264
0.425 0.032049
0.43 0.0646029
0.435 0.106158
0.44 0.154394
0.445 0.206935
0.45 0.261466
0.455 0.315824
0.46 0.368065
0.465 0.416514
0.47 0.459792
0.475 0.496827
0.48 0.526853
0.485 0.549392
0.49 0.564238
0.495 0.571425
0.5 0.571197
0.505 0.563972
0.51 0.550313
0.515 0.530889
0.52 0.50645
0.525 0.477794
0.53 0.445745
0.535 0.411125
0.54 0.374743
0.545 0.337373
0.55 0.299741
0.555 0.262521
0.56 0.22632
0.565 0.191681
0.57 0.159075
0.575 0.128901
0.58 0.10149
0.585 0.077102
0.59 0.0559346
0.595 0.0381224
0.6 0.0237432
0.605 0.0128231
0.61 0.00534097
0.615 0.00123405
0.62 0.000402876
0.625 0.00271655
0.63 0.00801758
0.635 0.0161266
0.64 0.0268469
0.645 0.0399682
0.65 0.055271
0.655 0.0725295
0.66 0.0915149
0.665 0.111998
0.67 0.133753
0.675 0.156557
0.68 0.180193
0.685 0.204454
0.69 0.229139
0.695 0.254059
0.7 0.279036
0.705 0.303902
0.71 0.328502
0.715 0.352692
0.72 0.376341
0.725 0.39933
0.73 0.421551
0.735 0.442909
0.74 0.463321
0.745 0.482712
0.75 0.501022
0.755 0.518198
0.76 0.534198
0.765 0.548988
0.77 0.562543
0.775 0.574848
0.78 0.585893
0.785 0.595676
0.79 0.604201
0.795 0.611478
0.8 0.617523
0.805 0.622354
0.81 0.625998
0.815 0.628482
0.82 0.629838
0.825 0.6301
0.83 0.629306
0.835 0.627494
0.84 0.624707
0.845 0.620986
0.85 0.616376
0.855 0.610921
0.86 0.604667
0.865 0.597659
0.87 0.589944
0.875 0.581566
0.88 0.572572
0.885 0.563006
0.89 0.552914
0.895 0.542339
0.9 0.531324
0.905 0.519912
0.91 0.508144
0.915 0.49606
0.92 0.483698
0.925 0.471097
0.93 0.458293
0.935 0.445321
0.94 0.432216
0.945 0.419008
0.95 0.405731
0.955 0.392413
0.96 0.379083
0.965 0.365768
0.97 0.352494
0.975 0.339285
0.98 0.326165
0.985 0.313154
0.99 0.300274
0.995 0.287543
1 0.27498
1.005 0.262602
1.01 0.250423
1.015 0.238459
1.02 0.226723
1.025 0.215228
1.03 0.203984
1.035 0.193002
1.04 0.182291
1.045 0.17186
1.05 0.161716
1.055 0.151867
1.06 0.142317
1.065 0.133073
1.07 0.124138
1.075 0.115516
1.08 0.107211
1.085 0.0992239
1.09 0.0915574
1.095 0.0842125
1.1 0.0771898
1.105 0.0704896
1.11 0.0641114
1.115 0.0580544
1.12 0.0523175
1.125 0.0468991
1.13 0.0417971
1.135 0.0370091
1.14 0.0325326
1.145 0.0283645
1.15 0.0245016
1.155 0.0209403
1.16 0.0176769
1.165 0.0147074
1.17 0.0120276
1.175 0.00963313
1.18 0.00751944
1.185 0.00568184
1.19 0.00411551
1.195 0.00281548
1.2 0.0017767
1.205 0.000994014
1.21 0.000462185
1.215 0.000175905
1.22 0.00012981
1.225 0.000318484
1.23 0.000736477
1.235 0.00137831
1.24 0.00223848
1.245 0.00331148
1.25 0.00459179
1.255 0.00607392
1.26 0.00775235
1.265 0.00962161
1.27 0.0116762
1.275 0.0139108
1.28 0.01632
1.285 0.0188983
1.29 0.0216406
1.295 0.0245415
1.3 0.0275958
1.305 0.0307984
1.31 0.0341443
1.315 0.0376283
1.32 0.0412455
1.325 0.044991
1.33 0.04886
1.335 0.0528478
1.34 0.0569496
1.345 0.0611608
1.35 0.065477
1.355 0.0698937
1.36 0.0744064
1.365 0.079011
1.37 0.0837032
1.375 0.0884788
1.38 0.0933338
1.385 0.0982643
1.39 0.103266
1.395 0.108336
1.4 0.11347
1.405 0.118664
1.41 0.123915
1.415 0.12922
1.42 0.134574
1.425 0.139975
1.43 0.145419
1.435 0.150903
1.44 0.156425
1.445 0.161981
1.45 0.167568
1.455 0.173183
1.46 0.178824
1.465 0.184487
1.47 0.190171
1.475 0.195873
1.48 0.201589
1.485 0.207319
1.49 0.213058
1.495 0.218806
1.5 0.22456
1.505 0.230317
1.51 0.236076
1.515 0.241835
1.52 0.247591
1.525 0.253343
1.53 0.259089
1.535 0.264827
1.54 0.270556
1.545 0.276273
1.55 0.281978
1.555 0.287668
1.56 0.293342
1.565 0.298998
1.57 0.304636
1.575 0.310254
1.58 0.31585
1.585 0.321424
1.59 0.326974
1.595 0.332498
1.6 0.337997
1.605 0.343468
1.61 0.348911
1.615 0.354325
1.62 0.359709
1.625 0.365062
1.63 0.370382
1.635 0.37567
1.64 0.380924
1.645 0.386144
1.65 0.391329
1.655 0.396478
1.66 0.401591
1.665 0.406667
1.67 0.411705
1.675 0.416705
1.68 0.421666
1.685 0.426588
1.69 0.431471
1.695 0.436313
1.7 0.441115
1.705 0.445876
1.71 0.450596
1.715 0.455274
1.72 0.45991
1.725 0.464503
1.73 0.469055
1.735 0.473563
1.74 0.478029
1.745 0.482451
1.75 0.48683
1.755 0.491166
1.76 0.495457
1.765 0.499705
1.77 0.503909
1.775 0.508069
1.78 0.512185
1.785 0.516256
1.79 0.520283
1.795 0.524266
1.8 0.528205
1.805 0.532099
1.81 0.535949
1.815 0.539755
1.82 0.543517
1.825 0.547234
1.83 0.550907
1.835 0.554536
1.84 0.558121
1.845 0.561662
1.85 0.565159
1.855 0.568613
1.86 0.572022
1.865 0.575389
1.87 0.578712
1.875 0.581992
1.88 0.585228
1.885 0.588422
1.89 0.591573
1.895 0.594682
1.9 0.597748
1.905 0.600772
1.91 0.603754
1.915 0.606694
1.92 0.609593
1.925 0.61245
1.93 0.615266
1.935 0.618041
1.94 0.620776
1.945 0.623469
1.95 0.626123
1.955 0.628736
1.96 0.63131
1.965 0.633844
1.97 0.636339
1.975 0.638795
1.98 0.641212
1.985 0.64359
1.99 0.645931
1.995 0.648233
2 0.650497
2.005 0.652724
2.01 0.654914
2.015 0.657066
2.02 0.659182
2.025 0.661262
2.03 0.663306
2.035 0.665313
2.04 0.667285
2.045 0.669222
2.05 0.671124
2.055 0.672991
2.06 0.674823
2.065 0.676621
2.07 0.678386
2.075 0.680117
2.08 0.681814
2.085 0.683479
2.09 0.68511
2.095 0.686709
2.1 0.688276
2.105 0.689812
2.11 0.691315
2.115 0.692787
2.12 0.694228
2.125 0.695638
2.13 0.697018
2.135 0.698367
2.14 0.699687
2.145 0.700977
2.15 0.702237
2.155 0.703469
2.16 0.704671
2.165 0.705845
2.17 0.706991
2.175 0.708109
2.18 0.709199
2.185 0.710261
2.19 0.711297
2.195 0.712305
2.2 0.713287
2.205 0.714242
2.21 0.715172
2.215 0.716075
2.22 0.716953
2.225 0.717806
2.23 0.718633
2.235 0.719436
2.24 0.720214
2.245 0.720968
2.25 0.721698
2.255 0.722404
2.26 0.723087
2.265 0.723746
2.27 0.724382
2.275 0.724996
2.28 0.725587
2.285 0.726156
2.29 0.726702
2.295 0.727227
2.3 0.727731
2.305 0.728213
2.31 0.728674
2.315 0.729114
2.32 0.729533
2.325 0.729932
2.33 0.730311
2.335 0.73067
2.34 0.73101
2.345 0.73133
2.35 0.73163
2.355 0.731912
2.36 0.732175
2.365 0.732419
2.37 0.732645
2.375 0.732853
2.38 0.733043
2.385 0.733215
2.39 0.733369
2.395 0.733506
2.4 0.733626
2.405 0.73373
2.41 0.733816
2.415 0.733886
2.42 0.73394
2.425 0.733977
2.43 0.733999
2.435 0.734005
2.44 0.733996
2.445 0.733971
2.45 0.733931
2.455 0.733876
2.46 0.733806
2.465 0.733722
2.47 0.733623
2.475 0.73351
2.48 0.733383
2.485 0.733242
2.49 0.733087
2.495 0.732919
2.5 0.732738
2.505 0.732543
2.51 0.732335
2.515 0.732115
2.52 0.731882
2.525 0.731636
2.53 0.731378
2.535 0.731108
2.54 0.730826
2.545 0.730532
2.55 0.730226
2.555 0.729909
2.56 0.72958
2.565 0.72924
2.57 0.728889
2.575 0.728527
2.58 0.728154
2.585 0.72777
2.59 0.727376
2.595 0.726972
2.6 0.726557
2.605 0.726132
2.61 0.725698
2.615 0.725253
2.62 0.724799
2.625 0.724336
2.63 0.723862
2.635 0.72338
2.64 0.722889
2.645 0.722388
2.65 0.721879
2.655 0.72136
2.66 0.720834
2.665 0.720298
2.67 0.719755
2.675 0.719203
2.68 0.718642
2.685 0.718074
2.69 0.717498
2.695 0.716914
2.7 0.716323
2.705 0.715724
2.71 0.715117
2.715 0.714503
2.72 0.713882
2.725 0.713254
2.73 0.712618
2.735 0.711976
2.74 0.711327
2.745 0.710671
2.75 0.710009
2.755 0.70934
2.76 0.708665
2.765 0.707984
2.77 0.707296
2.775 0.706602
2.78 0.705902
2.785 0.705197
2.79 0.704485
2.795 0.703768
2.8 0.703045
2.805 0.702317
2.81 0.701583
2.815 0.700844
2.82 0.7001
2.825 0.69935
2.83 0.698595
2.835 0.697836
2.84 0.697071
2.845 0.696302
2.85 0.695527
2.855 0.694749
2.86 0.693965
2.865 0.693177
2.87 0.692385
2.875 0.691588
2.88 0.690787
2.885 0.689982
2.89 0.689173
2.895 0.688359
2.9 0.687542
2.905 0.68672
2.91 0.685895
2.915 0.685067
2.92 0.684234
2.925 0.683398
2.93 0.682558
2.935 0.681715
2.94 0.680868
2.945 0.680018
2.95 0.679165
2.955 0.678308
2.96 0.677449
2.965 0.676586
2.97 0.67572
2.975 0.674852
2.98 0.67398
2.985 0.673106
2.99 0.672228
2.995 0.671348
3 0.670466
3.005 0.66958
3.01 0.668693
3.015 0.667802
3.02 0.666909
3.025 0.666014
3.03 0.665117
3.035 0.664217
3.04 0.663315
3.045 0.662411
3.05 0.661505
3.055 0.660596
3.06 0.659686
3.065 0.658773
3.07 0.657859
3.075 0.656943
3.08 0.656025
3.085 0.655105
3.09 0.654184
3.095 0.653261
3.1 0.652336
3.105 0.651409
3.11 0.650481
3.115 0.649552
3.12 0.648621
3.125 0.647689
3.13 0.646755
3.135 0.64582
3.14 0.644884
3.145 0.643946
3.15 0.643007
3.155 0.642067
3.16 0.641126
3.165 0.640184
3.17 0.639241
3.175 0.638297
3.18 0.637351
3.185 0.636405
3.19 0.635458
3.195 0.63451
3.2 0.633561
3.205 0.632612
3.21 0.631662
3.215 0.63071
3.22 0.629759
3.225 0.628806
3.23 0.627853
3.235 0.6269
3.24 0.625945
3.245 0.624991
3.25 0.624035
3.255 0.62308
3.26 0.622124
3.265 0.621167
3.27 0.62021
3.275 0.619253
3.28 0.618295
3.285 0.617337
3.29 0.616379
3.295 0.615421
3.3 0.614462
3.305 0.613503
3.31 0.612544
3.315 0.611585
3.32 0.610626
3.325 0.609667
3.33 0.608708
3.335 0.607748
3.34 0.606789
3.345 0.60583
3.35 0.604871
3.355 0.603911
3.36 0.602952
3.365 0.601993
3.37 0.601035
3.375 0.600076
3.38 0.599118
3.385 0.598159
3.39 0.597201
3.395 0.596244
3.4 0.595286
3.405 0.594329
3.41 0.593372
3.415 0.592415
3.42 0.591459
3.425 0.590503
3.43 0.589548
3.435 0.588593
3.44 0.587638
3.445 0.586684
3.45 0.585731
3.455 0.584778
3.46 0.583825
3.465 0.582873
3.47 0.581921
3.475 0.58097
3.48 0.58002
3.485 0.57907
3.49 0.57812
3.495 0.577172
3.5 0.576224
3.505 0.575276
3.51 0.57433
3.515 0.573383
3.52 0.572438
3.525 0.571494
3.53 0.57055
3.535 0.569606
3.54 0.568664
3.545 0.567722
3.55 0.566782
3.555 0.565842
3.56 0.564902
3.565 0.563964
3.57 0.563026
3.575 0.56209
3.58 0.561154
3.585 0.560219
3.59 0.559285
3.595 0.558351
3.6 0.557419
3.605 0.556488
3.61 0.555557
3.615 0.554628
3.62 0.553699
3.625 0.552772
3.63 0.551845
3.635 0.550919
3.64 0.549995
3.645 0.549071
3.65 0.548148
3.655 0.547227
3.66 0.546306
3.665 0.545387
3.67 0.544468
3.675 0.543551
3.68 0.542635
3.685 0.541719
3.69 0.540805
3.695 0.539892
3.7 0.53898
3.705 0.538069
3.71 0.53716
3.715 0.536251
3.72 0.535344
3.725 0.534437
3.73 0.533532
3.735 0.532628
3.74 0.531726
3.745 0.530824
3.75 0.529924
3.755 0.529024
3.76 0.528126
3.765 0.527229
3.77 0.526334
3.775 0.525439
3.78 0.524546
3.785 0.523654
3.79 0.522764
3.795 0.521874
3.8 0.520986
3.805 0.520099
3.81 0.519213
3.815 0.518329
3.82 0.517445
3.825 0.516564
3.83 0.515683
3.835 0.514804
3.84 0.513926
3.845 0.513049
3.85 0.512173
3.855 0.511299
3.86 0.510426
3.865 0.509555
3.87 0.508685
3.875 0.507816
3.88 0.506948
3.885 0.506082
3.89 0.505217
3.895 0.504354
3.9 0.503491
3.905 0.502631
3.91 0.501771
3.915 0.500913
3.92 0.500056
3.925 0.499201
3.93 0.498347
3.935 0.497494
3.94 0.496643
3.945 0.495793
3.95 0.494944
3.955 0.494097
3.96 0.493251
3.965 0.492407
3.97 0.491564
3.975 0.490722
3.98 0.489882
3.985 0.489043
3.99 0.488206
3.995 0.487369
4 0.486535
4.005 0.485702
4.01 0.48487
4.015 0.484039
4.02 0.48321
4.025 0.482383
4.03 0.481557
4.035 0.480732
4.04 0.479908
4.045 0.479086
4.05 0.478266
4.055 0.477447
4.06 0.476629
4.065 0.475813
4.07 0.474998
4.075 0.474185
4.08 0.473373
4.085 0.472562
4.09 0.471753
4.095 0.470946
4.1 0.470139
4.105 0.469335
4.11 0.468531
4.115 0.467729
4.12 0.466929
4.125 0.46613
4.13 0.465332
4.135 0.464536
4.14 0.463741
4.145 0.462948
4.15 0.462156
4.155 0.461366
4.16 0.460577
4.165 0.459789
4.17 0.459003
4.175 0.458219
4.18 0.457436
4.185 0.456654
4.19 0.455874
4.195 0.455095
4.2 0.454317
4.205 0.453541
4.21 0.452767
4.215 0.451994
4.22 0.451222
4.225 0.450452
4.23 0.449683
4.235 0.448916
4.24 0.44815
4.245 0.447386
4.25 0.446623
4.255 0.445861
4.26 0.445101
4.265 0.444343
4.27 0.443586
4.275 0.44283
4.28 0.442076
4.285 0.441323
4.29 0.440571
4.295 0.439821
4.3 0.439073
4.305 0.438326
4.31 0.43758
4.315 0.436836
4.32 0.436093
4.325 0.435352
4.33 0.434612
4.335 0.433873
4.34 0.433136
4.345 0.432401
4.35 0.431666
4.355 0.430934
4.36 0.430202
4.365 0.429472
4.37 0.428744
4.375 0.428017
4.38 0.427291
4.385 0.426567
4.39 0.425844
4.395 0.425123
4.4 0.424403
4.405 0.423684
4.41 0.422967
4.415 0.422251
4.42 0.421537
4.425 0.420824
4.43 0.420113
4.435 0.419403
4.44 0.418694
4.445 0.417987
4.45 0.417281
4.455 0.416577
4.46 0.415873
4.465 0.415172
4.47 0.414472
4.475 0.413773
4.48 0.413075
4.485 0.412379
4.49 0.411685
4.495 0.410991
4.5 0.4103
4.505 0.409609
4.51 0.40892
4.515 0.408232
4.52 0.407546
4.525 0.406861
4.53 0.406178
4.535 0.405495
4.54 0.404815
4.545 0.404135
4.55 0.403457
4.555 0.40278
4.56 0.402105
4.565 0.401431
4.57 0.400759
4.575 0.400087
4.58 0.399418
4.585 0.398749
4.59 0.398082
4.595 0.397416
4.6 0.396752
4.605 0.396089
4.61 0.395427
4.615 0.394767
4.62 0.394108
4.625 0.39345
4.63 0.392794
4.635 0.392139
4.64 0.391485
4.645 0.390833
4.65 0.390182
4.655 0.389532
4.66 0.388884
4.665 0.388237
4.67 0.387591
4.675 0.386947
4.68 0.386304
4.685 0.385662
4.69 0.385022
4.695 0.384383
4.7 0.383745
4.705 0.383109
4.71 0.382474
4.715 0.38184
4.72 0.381207
4.725 0.380576
4.73 0.379946
4.735 0.379318
4.74 0.37869
4.745 0.378064
4.75 0.37744
4.755 0.376816
4.76 0.376194
4.765 0.375573
4.77 0.374954
4.775 0.374336
4.78 0.373719
4.785 0.373103
4.79 0.372488
4.795 0.371875
4.8 0.371263
4.805 0.370653
4.81 0.370043
4.815 0.369435
4.82 0.368829
4.825 0.368223
4.83 0.367619
4.835 0.367016
4.84 0.366414
4.845 0.365813
4.85 0.365214
4.855 0.364616
4.86 0.364019
4.865 0.363424
4.87 0.362829
4.875 0.362236
4.88 0.361644
4.885 0.361054
4.89 0.360464
4.895 0.359876
4.9 0.359289
4.905 0.358704
4.91 0.358119
4.915 0.357536
4.92 0.356954
4.925 0.356373
4.93 0.355793
4.935 0.355215
4.94 0.354638
4.945 0.354062
4.95 0.353487
4.955 0.352913
4.96 0.352341
4.965 0.35177
4.97 0.3512
4.975 0.350631
4.98 0.350063
4.985 0.349497
4.99 0.348932
4.995 0.348368
5 0.347805
5.005 0.347243
5.01 0.346682
5.015 0.346123
5.02 0.345565
5.025 0.345008
5.03 0.344452
5.035 0.343897
5.04 0.343344
5.045 0.342791
5.05 0.34224
5.055 0.34169
5.06 0.341141
5.065 0.340593
5.07 0.340047
5.075 0.339501
5.08 0.338957
5.085 0.338414
5.09 0.337871
5.095 0.337331
5.1 0.336791
5.105 0.336252
5.11 0.335714
5.115 0.335178
5.12 0.334643
5.125 0.334109
5.13 0.333575
5.135 0.333043
5.14 0.332513
5.145 0.331983
5.15 0.331454
5.155 0.330927
5.16 0.3304
5.165 0.329875
5.17 0.329351
5.175 0.328828
5.18 0.328306
5.185 0.327785
5.19 0.327265
5.195 0.326746
5.2 0.326228
5.205 0.325712
5.21 0.325196
5.215 0.324682
5.22 0.324169
5.225 0.323656
5.23 0.323145
5.235 0.322635
5.24 0.322126
5.245 0.321618
5.25 0.321111
5.255 0.320605
5.26 0.3201
5.265 0.319596
5.27 0.319094
5.275 0.318592
5.28 0.318091
5.285 0.317592
5.29 0.317093
5.295 0.316596
5.3 0.316099
5.305 0.315604
5.31 0.315109
5.315 0.314616
5.32 0.314124
5.325 0.313633
5.33 0.313142
5.335 0.312653
5.34 0.312165
5.345 0.311678
5.35 0.311191
5.355 0.310706
5.36 0.310222
5.365 0.309739
5.37 0.309257
5.375 0.308775
5.38 0.308295
5.385 0.307816
5.39 0.307338
5.395 0.306861
5.4 0.306385
5.405 0.30591
5.41 0.305435
5.415 0.304962
5.42 0.30449
5.425 0.304019
5.43 0.303548
5.435 0.303079
5.44 0.302611
5.445 0.302144
5.45 0.301677
5.455 0.301212
5.46 0.300747
5.465 0.300284
5.47 0.299821
5.475 0.29936
5.48 0.298899
5.485 0.29844
5.49 0.297981
5.495 0.297523
5.5 0.297067
5.505 0.296611
5.51 0.296156
5.515 0.295702
5.52 0.295249
5.525 0.294797
5.53 0.294346
5.535 0.293896
5.54 0.293446
5.545 0.292998
5.55 0.292551
5.555 0.292104
5.56 0.291659
5.565 0.291214
5.57 0.29077
5.575 0.290328
5.58 0.289886
5.585 0.289445
5.59 0.289005
5.595 0.288566
5.6 0.288127
5.605 0.28769
5.61 0.287254
5.615 0.286818
5.62 0.286383
5.625 0.28595
5.63 0.285517
5.635 0.285085
5.64 0.284654
5.645 0.284224
5.65 0.283794
5.655 0.283366
5.66 0.282939
5.665 0.282512
5.67 0.282086
5.675 0.281661
5.68 0.281237
5.685 0.280814
5.69 0.280392
5.695 0.27997
5.7 0.27955
5.705 0.27913
5.71 0.278711
5.715 0.278293
5.72 0.277876
5.725 0.27746
5.73 0.277045
5.735 0.27663
5.74 0.276216
5.745 0.275804
5.75 0.275392
5.755 0.27498
5.76 0.27457
5.765 0.274161
5.77 0.273752
5.775 0.273344
5.78 0.272937
5.785 0.272531
5.79 0.272126
5.795 0.271721
5.8 0.271318
5.805 0.270915
5.81 0.270513
5.815 0.270112
5.82 0.269711
5.825 0.269312
5.83 0.268913
5.835 0.268515
5.84 0.268118
5.845 0.267722
5.85 0.267326
5.855 0.266932
5.86 0.266538
5.865 0.266145
5.87 0.265752
5.875 0.265361
5.88 0.26497
5.885 0.26458
5.89 0.264191
5.895 0.263803
5.9 0.263415
5.905 0.263028
5.91 0.262642
5.915 0.262257
5.92 0.261873
5.925 0.261489
5.93 0.261106
5.935 0.260724
5.94 0.260343
5.945 0.259962
5.95 0.259583
5.955 0.259204
5.96 0.258825
5.965 0.258448
5.97 0.258071
5.975 0.257695
5.98 0.25732
5.985 0.256946
5.99 0.256572
5.995 0.256199
6 0.255827
6.005 0.255455
6.01 0.255085
6.015 0.254715
6.02 0.254346
6.025 0.253977
6.03 0.253609
6.035 0.253242
6.04 0.252876
6.045 0.252511
6.05 0.252146
6.055 0.251782
6.06 0.251419
6.065 0.251056
6.07 0.250694
6.075 0.250333
6.08 0.249973
6.085 0.249613
6.09 0.249254
6.095 0.248896
6.1 0.248538
6.105 0.248181
6.11 0.247825
6.115 0.24747
6.12 0.247115
6.125 0.246761
6.13 0.246408
6.135 0.246056
6.14 0.245704
6.145 0.245352
6.15 0.245002
6.155 0.244652
6.16 0.244303
6.165 0.243955
6.17 0.243607
6.175 0.24326
6.18 0.242914
6.185 0.242568
6.19 0.242223
6.195 0.241879
6.2 0.241536
6.205 0.241193
6.21 0.240851
6.215 0.240509
6.22 0.240168
6.225 0.239828
6.23 0.239489
6.235 0.23915
6.24 0.238812
6.245 0.238474
6.25 0.238137
6.255 0.237801
6.26 0.237466
6.265 0.237131
6.27 0.236797
6.275 0.236463
6.28 0.23613
6.285 0.235798
6.29 0.235467
6.295 0.235136
6.3 0.234806
6.305 0.234476
6.31 0.234147
6.315 0.233819
6.32 0.233491
6.325 0.233164
6.33 0.232838
6.335 0.232512
6.34 0.232187
6.345 0.231863
6.35 0.231539
6.355 0.231216
6.36 0.230893
6.365 0.230571
6.37 0.23025
6.375 0.229929
6.38 0.229609
6.385 0.22929
6.39 0.228971
6.395 0.228653
6.4 0.228335
6.405 0.228019
6.41 0.227702
6.415 0.227387
6.42 0.227072
6.425 0.226757
6.43 0.226443
6.435 0.22613
6.44 0.225817
6.445 0.225506
6.45 0.225194
6.455 0.224883
6.46 0.224573
6.465 0.224264
6.47 0.223955
6.475 0.223646
6.48 0.223338
6.485 0.223031
6.49 0.222725
6.495 0.222419
6.5 0.222113
6.505 0.221808
6.51 0.221504
6.515 0.221201
6.52 0.220898
6.525 0.220595
6.53 0.220293
6.535 0.219992
6.54 0.219691
6.545 0.219391
6.55 0.219092
6.555 0.218793
6.56 0.218494
6.565 0.218196
6.57 0.217899
6.575 0.217602
6.58 0.217306
6.585 0.217011
6.59 0.216716
6.595 0.216421
6.6 0.216128
6.605 0.215834
6.61 0.215542
6.615 0.215249
6.62 0.214958
6.625 0.214667
6.63 0.214376
6.635 0.214086
6.64 0.213797
6.645 0.213508
6.65 0.21322
6.655 0.212932
6.66 0.212645
6.665 0.212359
6.67 0.212072
6.675 0.211787
6.68 0.211502
6.685 0.211218
6.69 0.210934
6.695 0.21065
6.7 0.210368
6.705 0.210085
6.71 0.209804
6.715 0.209522
6.72 0.209242
6.725 0.208962
6.73 0.208682
6.735 0.208403
6.74 0.208124
6.745 0.207846
6.75 0.207569
6.755 0.207292
6.76 0.207015
6.765 0.20674
6.77 0.206464
6.775 0.206189
6.78 0.205915
6.785 0.205641
6.79 0.205368
6.795 0.205095
6.8 0.204823
6.805 0.204551
6.81 0.20428
6.815 0.204009
6.82 0.203739
6.825 0.203469
6.83 0.2032
6.835 0.202931
6.84 0.202663
6.845 0.202395
6.85 0.202128
6.855 0.201861
6.86 0.201595
6.865 0.201329
6.87 0.201064
6.875 0.200799
6.88 0.200535
6.885 0.200271
6.89 0.200008
6.895 0.199745
6.9 0.199483
6.905 0.199221
6.91 0.19896
6.915 0.198699
6.92 0.198439
6.925 0.198179
6.93 0.19792
6.935 0.197661
6.94 0.197403
6.945 0.197145
6.95 0.196888
6.955 0.196631
6.96 0.196374
6.965 0.196118
6.97 0.195863
6.975 0.195608
6.98 0.195353
6.985 0.195099
6.99 0.194846
6.995 0.194592
7 0.19434
7.005 0.194088
7.01 0.193836
7.015 0.193585
7.02 0.193334
7.025 0.193083
7.03 0.192834
7.035 0.192584
7.04 0.192335
7.045 0.192087
7.05 0.191839
7.055 0.191591
7.06 0.191344
7.065 0.191097
7.07 0.190851
7.075 0.190605
7.08 0.19036
7.085 0.190115
7.09 0.189871
7.095 0.189627
7.1 0.189384
7.105 0.18914
7.11 0.188898
7.115 0.188656
7.12 0.188414
7.125 0.188173
7.13 0.187932
7.135 0.187691
7.14 0.187452
7.145 0.187212
7.15 0.186973
7.155 0.186734
7.16 0.186496
7.165 0.186258
7.17 0.186021
7.175 0.185784
7.18 0.185548
7.185 0.185312
7.19 0.185076
7.195 0.184841
7.2 0.184606
7.205 0.184372
7.21 0.184138
7.215 0.183904
7.22 0.183671
7.225 0.183439
7.23 0.183206
7.235 0.182975
7.24 0.182743
7.245 0.182512
7.25 0.182282
7.255 0.182052
7.26 0.181822
7.265 0.181593
7.27 0.181364
7.275 0.181135
7.28 0.180907
7.285 0.18068
7.29 0.180452
7.295 0.180226
7.3 0.179999
7.305 0.179773
7.31 0.179548
7.315 0.179323
7.32 0.179098
7.325 0.178873
7.33 0.178649
7.335 0.178426
7.34 0.178203
7.345 0.17798
7.35 0.177758
7.355 0.177536
7.36 0.177314
7.365 0.177093
7.37 0.176872
7.375 0.176652
7.38 0.176432
7.385 0.176212
7.39 0.175993
7.395 0.175774
7.4 0.175556
7.405 0.175338
7.41 0.17512
7.415 0.174903
7.42 0.174686
7.425 0.174469
7.43 0.174253
7.435 0.174038
7.44 0.173822
7.445 0.173607
7.45 0.173393
7.455 0.173179
7.46 0.172965
7.465 0.172751
7.47 0.172538
7.475 0.172326
7.48 0.172113
7.485 0.171902
7.49 0.17169
7.495 0.171479
7.5 0.171268
7.505 0.171058
7.51 0.170848
7.515 0.170638
7.52 0.170429
7.525 0.17022
7.53 0.170011
7.535 0.169803
7.54 0.169595
7.545 0.169388
7.55 0.169181
7.555 0.168974
7.56 0.168767
7.565 0.168561
7.57 0.168356
7.575 0.168151
7.58 0.167946
7.585 0.167741
7.59 0.167537
7.595 0.167333
7.6 0.16713
7.605 0.166926
7.61 0.166724
7.615 0.166521
7.62 0.166319
7.625 0.166117
7.63 0.165916
7.635 0.165715
7.64 0.165514
7.645 0.165314
7.65 0.165114
7.655 0.164915
7.66 0.164715
7.665 0.164516
7.67 0.164318
7.675 0.16412
7.68 0.163922
7.685 0.163724
7.69 0.163527
7.695 0.16333
7.7 0.163134
7.705 0.162937
7.71 0.162742
7.715 0.162546
7.72 0.162351
7.725 0.162156
7.73 0.161962
7.735 0.161768
7.74 0.161574
7.745 0.16138
7.75 0.161187
7.755 0.160994
7.76 0.160802
7.765 0.16061
7.77 0.160418
7.775 0.160227
7.78 0.160035
7.785 0.159845
7.79 0.159654
7.795 0.159464
7.8 0.159274
7.805 0.159085
7.81 0.158896
7.815 0.158707
7.82 0.158518
7.825 0.15833
7.83 0.158142
7.835 0.157955
7.84 0.157767
7.845 0.15758
7.85 0.157394
7.855 0.157208
7.86 0.157022
7.865 0.156836
7.87 0.156651
7.875 0.156466
7.88 0.156281
7.885 0.156097
7.89 0.155912
7.895 0.155729
7.9 0.155545
7.905 0.155362
7.91 0.155179
7.915 0.154997
7.92 0.154815
7.925 0.154633
7.93 0.154451
7.935 0.15427
7.94 0.154089
7.945 0.153908
7.95 0.153728
7.955 0.153548
7.96 0.153368
7.965 0.153189
7.97 0.15301
7.975 0.152831
7.98 0.152652
7.985 0.152474
7.99 0.152296
7.995 0.152119
8 0.151941
8.005 0.151764
8.01 0.151588
8.015 0.151411
8.02 0.151235
8.025 0.151059
8.03 0.150884
8.035 0.150709
8.04 0.150534
8.045 0.150359
8.05 0.150185
8.055 0.150011
8.06 0.149837
8.065 0.149663
8.07 0.14949
8.075 0.149317
8.08 0.149145
8.085 0.148972
8.09 0.1488
8.095 0.148629
8.1 0.148457
8.105 0.148286
8.11 0.148115
8.115 0.147945
8.12 0.147774
8.125 0.147604
8.13 0.147435
8.135 0.147265
8.14 0.147096
8.145 0.146927
8.15 0.146758
8.155 0.14659
8.16 0.146422
8.165 0.146254
8.17 0.146087
8.175 0.14592
8.18 0.145753
8.185 0.145586
8.19 0.14542
8.195 0.145254
8.2 0.145088
8.205 0.144922
8.21 0.144757
8.215 0.144592
8.22 0.144427
8.225 0.144263
8.23 0.144098
8.235 0.143935
8.24 0.143771
8.245 0.143608
8.25 0.143444
8.255 0.143282
8.26 0.143119
8.265 0.142957
8.27 0.142795
8.275 0.142633
8.28 0.142471
8.285 0.14231
8.29 0.142149
8.295 0.141988
8.3 0.141828
8.305 0.141668
8.31 0.141508
8.315 0.141348
8.32 0.141189
8.325 0.14103
8.33 0.140871
8.335 0.140712
8.34 0.140554
8.345 0.140396
8.35 0.140238
8.355 0.14008
8.36 0.139923
8.365 0.139766
8.37 0.139609
8.375 0.139453
8.38 0.139296
8.385 0.13914
8.39 0.138985
8.395 0.138829
8.4 0.138674
8.405 0.138519
8.41 0.138364
8.415 0.138209
8.42 0.138055
8.425 0.137901
8.43 0.137747
8.435 0.137594
8.44 0.137441
8.445 0.137288
8.45 0.137135
8.455 0.136982
8.46 0.13683
8.465 0.136678
8.47 0.136526
8.475 0.136375
8.48 0.136223
8.485 0.136072
8.49 0.135921
8.495 0.135771
8.5 0.13562
8.505 0.13547
8.51 0.135321
8.515 0.135171
8.52 0.135022
8.525 0.134872
8.53 0.134724
8.535 0.134575
8.54 0.134426
8.545 0.134278
8.55 0.13413
8.555 0.133983
8.56 0.133835
8.565 0.133688
8.57 0.133541
8.575 0.133394
8.58 0.133248
8.585 0.133101
8.59 0.132955
8.595 0.13281
8.6 0.132664
8.605 0.132519
8.61 0.132374
8.615 0.132229
8.62 0.132084
8.625 0.13194
8.63 0.131795
8.635 0.131651
8.64 0.131508
8.645 0.131364
8.65 0.131221
8.655 0.131078
8.66 0.130935
8.665 0.130792
8.67 0.13065
8.675 0.130508
8.68 0.130366
8.685 0.130224
8.69 0.130083
8.695 0.129942
8.7 0.129801
8.705 0.12966
8.71 0.129519
8.715 0.129379
8.72 0.129239
8.725 0.129099
8.73 0.128959
8.735 0.12882
8.74 0.12868
8.745 0.128541
8.75 0.128403
8.755 0.128264
8.76 0.128126
8.765 0.127987
8.77 0.12785
8.775 0.127712
8.78 0.127574
8.785 0.127437
8.79 0.1273
8.795 0.127163
8.8 0.127026
8.805 0.12689
8.81 0.126754
8.815 0.126618
8.82 0.126482
8.825 0.126346
8.83 0.126211
8.835 0.126076
8.84 0.125941
8.845 0.125806
8.85 0.125672
8.855 0.125537
8.86 0.125403
8.865 0.125269
8.87 0.125136
8.875 0.125002
8.88 0.124869
8.885 0.124736
8.89 0.124603
8.895 0.12447
8.9 0.124338
8.905 0.124206
8.91 0.124074
8.915 0.123942
8.92 0.12381
8.925 0.123679
8.93 0.123548
8.935 0.123417
8.94 0.123286
8.945 0.123155
8.95 0.123025
8.955 0.122894
8.96 0.122764
8.965 0.122635
8.97 0.122505
8.975 0.122376
8.98 0.122246
8.985 0.122117
8.99 0.121989
8.995 0.12186
9 0.121732
9.005 0.121603
9.01 0.121475
9.015 0.121348
9.02 0.12122
9.025 0.121093
9.03 0.120965
9.035 0.120838
9.04 0.120712
9.045 0.120585
9.05 0.120458
9.055 0.120332
9.06 0.120206
9.065 0.12008
9.07 0.119955
9.075 0.119829
9.08 0.119704
9.085 0.119579
9.09 0.119454
9.095 0.119329
9.1 0.119205
9.105 0.11908
9.11 0.118956
9.115 0.118832
9.12 0.118708
9.125 0.118585
9.13 0.118461
9.135 0.118338
9.14 0.118215
9.145 0.118092
9.15 0.11797
9.155 0.117847
9.16 0.117725
9.165 0.117603
9.17 0.117481
9.175 0.117359
9.18 0.117238
9.185 0.117116
9.19 0.116995
9.195 0.116874
9.2 0.116753
9.205 0.116633
9.21 0.116512
9.215 0.116392
9.22 0.116272
9.225 0.116152
9.23 0.116032
9.235 0.115913
9.24 0.115794
9.245 0.115674
9.25 0.115555
9.255 0.115437
9.26 0.115318
9.265 0.115199
9.27 0.115081
9.275 0.114963
9.28 0.114845
9.285 0.114727
9.29 0.11461
9.295 0.114492
9.3 0.114375
9.305 0.114258
9.31 0.114141
9.315 0.114025
9.32 0.113908
9.325 0.113792
9.33 0.113676
9.335 0.11356
9.34 0.113444
9.345 0.113328
9.35 0.113213
9.355 0.113097
9.36 0.112982
9.365 0.112867
9.37 0.112753
9.375 0.112638
9.38 0.112524
9.385 0.112409
9.39 0.112295
9.395 0.112181
9.4 0.112067
9.405 0.111954
9.41 0.11184
9.415 0.111727
9.42 0.111614
9.425 0.111501
9.43 0.111388
9.435 0.111276
9.44 0.111163
9.445 0.111051
9.45 0.110939
9.455 0.110827
9.46 0.110715
9.465 0.110604
9.47 0.110492
9.475 0.110381
9.48 0.11027
9.485 0.110159
9.49 0.110048
9.495 0.109938
9.5 0.109827
9.505 0.109717
9.51 0.109607
9.515 0.109497
9.52 0.109387
9.525 0.109277
9.53 0.109168
9.535 0.109059
9.54 0.108949
9.545 0.108841
9.55 0.108732
9.555 0.108623
9.56 0.108514
9.565 0.108406
9.57 0.108298
9.575 0.10819
9.58 0.108082
9.585 0.107974
9.59 0.107867
9.595 0.107759
9.6 0.107652
9.605 0.107545
9.61 0.107438
9.615 0.107331
9.62 0.107225
9.625 0.107118
9.63 0.107012
9.635 0.106906
9.64 0.1068
9.645 0.106694
9.65 0.106588
9.655 0.106483
9.66 0.106377
9.665 0.106272
9.67 0.106167
9.675 0.106062
9.68 0.105957
9.685 0.105852
9.69 0.105748
9.695 0.105644
9.7 0.105539
9.705 0.105435
9.71 0.105332
9.715 0.105228
9.72 0.105124
9.725 0.105021
9.73 0.104918
9.735 0.104814
9.74 0.104711
9.745 0.104609
9.75 0.104506
9.755 0.104403
9.76 0.104301
9.765 0.104199
9.77 0.104097
9.775 0.103995
9.78 0.103893
9.785 0.103791
9.79 0.10369
9.795 0.103588
9.8 0.103487
9.805 0.103386
9.81 0.103285
9.815 0.103184
9.82 0.103084
9.825 0.102983
9.83 0.102883
9.835 0.102783
9.84 0.102683
9.845 0.102583
9.85 0.102483
9.855 0.102383
9.86 0.102284
9.865 0.102185
9.87 0.102085
9.875 0.101986
9.88 0.101887
9.885 0.101789
9.89 0.10169
9.895 0.101591
9.9 0.101493
9.905 0.101395
9.91 0.101297
9.915 0.101199
9.92 0.101101
9.925 0.101003
9.93 0.100906
9.935 0.100808
9.94 0.100711
9.945 0.100614
9.95 0.100517
9.955 0.10042
9.96 0.100323
9.965 0.100227
9.97 0.10013
9.975 0.100034
9.98 0.099938
9.985 0.099842
9.99 0.0997461
9.995 0.0996504
