0 -nan
0.005 0.0614463
0.01 0.0756979
0.015 0.252834
0.02 0.412758
0.025 0.134549
0.03 0.886774
0.035 0.730537
0.04 0.268717
0.045 0.049084
0.05 0.084654
0.055 0.247783
0.06 0.439358
0.065 0.609181
0.07 0.739588
0.075 0.829375
0.08 0.884037
0.085 0.910859
0.09 0.916776
0.095 0.907623
0.1 0.888006
0.105 0.86143
0.11 0.830493
0.115 0.797088
0.12 0.762568
0.125 0.727884
0.13 0.693691
0.135 0.66043
0.14 0.628382
0.145 0.597716
0.15 0.568523
0.155 0.540834
0.16 0.514645
0.165 0.489922
0.17 0.466616
0.175 0.444664
0.18 0.424001
0.185 0.404555
0.19 0.386257
0.195 0.369036
0.2 0.352825
0.205 0.33756
0.21 0.323178
0.215 0.309622
0.22 0.296837
0.225 0.284771
0.23 0.273378
0.235 0.262612
0.24 0.252432
0.245 0.2428
0.25 0.233679
0.255 0.225036
0.26 0.216842
0.265 0.209066
0.27 0.201683
0.275 0.194668
0.28 0.187998
0.285 0.181652
0.29 0.17561
0.295 0.169854
0.3 0.164367
0.305 0.159132
0.31 0.154136
0.315 0.149364
0.32 0.144805
0.325 0.140444
0.33 0.136273
0.335 0.132279
0.34 0.128455
0.345 0.124789
0.35 0.121275
0.355 0.117903
0.36 0.114667
0.365 0.111559
0.37 0.108573
0.375 0.105704
0.38 0.102944
0.385 0.100288
0.39 0.0977324
0.395 0.0952712
0.4 0.0929001
0.405 0.0906149
0.41 0.0884115
0.415 0.0862862
0.42 0.0842353
0.425 0.0822556
0.43 0.0803437
0.435 0.0784967
0.44 0.0767117
0.445 0.074986
0.45 0.0733171
0.455 0.0717025
0.46 0.0701399
0.465 0.0686272
0.47 0.0671623
0.475 0.0657431
0.48 0.064368
0.485 0.0630349
0.49 0.0617424
0.495 0.0604888
0.5 0.0592725
0.505 0.0580921
0.51 0.0569463
0.515 0.0558336
0.52 0.0547529
0.525 0.0537029
0.53 0.0526826
0.535 0.0516907
0.54 0.0507264
0.545 0.0497885
0.55 0.0488761
0.555 0.0479884
0.56 0.0471243
0.565 0.0462833
0.57 0.0454643
0.575 0.0446667
0.58 0.0438897
0.585 0.0431326
0.59 0.0423948
0.595 0.0416756
0.6 0.0409744
0.605 0.0402907
0.61 0.0396237
0.615 0.0389731
0.62 0.0383382
0.625 0.0377186
0.63 0.0371138
0.635 0.0365233
0.64 0.0359467
0.645 0.0353836
0.65 0.0348335
0.655 0.034296
0.66 0.0337708
0.665 0.0332575
0.67 0.0327557
0.675 0.0322652
0.68 0.0317855
0.685 0.0313163
0.69 0.0308574
0.695 0.0304085
0.7 0.0299692
0.705 0.0295393
0.71 0.0291185
0.715 0.0287066
0.72 0.0283034
0.725 0.0279085
0.73 0.0275218
0.735 0.0271431
0.74 0.026772
0.745 0.0264085
0.75 0.0260523
0.755 0.0257032
0.76 0.0253611
0.765 0.0250257
0.77 0.0246968
0.775 0.0243744
0.78 0.0240582
0.785 0.0237481
0.79 0.023444
0.795 0.0231456
0.8 0.0228529
0.805 0.0225656
0.81 0.0222837
0.815 0.022007
0.82 0.0217355
0.825 0.0214689
0.83 0.0212071
0.835 0.0209501
0.84 0.0206977
0.845 0.0204499
0.85 0.0202064
0.855 0.0199672
0.86 0.0197323
0.865 0.0195014
0.87 0.0192746
0.875 0.0190517
0.88 0.0188326
0.885 0.0186173
0.89 0.0184056
0.895 0.0181975
0.9 0.0179929
0.905 0.0177917
0.91 0.0175938
0.915 0.0173993
0.92 0.0172079
0.925 0.0170196
0.93 0.0168344
0.935 0.0166523
0.94 0.016473
0.945 0.0162966
0.95 0.016123
0.955 0.0159522
0.96 0.0157841
0.965 0.0156186
0.97 0.0154556
0.975 0.0152952
0.98 0.0151373
0.985 0.0149818
0.99 0.0148287
0.995 0.0146779
1 0.0145294
1.005 0.0143831
1.01 0.0142391
1.015 0.0140971
1.02 0.0139573
1.025 0.0138195
1.03 0.0136838
1.035 0.0135501
1.04 0.0134182
1.045 0.0132883
1.05 0.0131603
1.055 0.0130341
1.06 0.0129097
1.065 0.0127871
1.07 0.0126662
1.075 0.012547
1.08 0.0124295
1.085 0.0123137
1.09 0.0121994
1.095 0.0120867
1.1 0.0119756
1.105 0.0118659
1.11 0.0117578
1.115 0.0116512
1.12 0.011546
1.125 0.0114422
1.13 0.0113398
1.135 0.0112387
1.14 0.011139
1.145 0.0110406
1.15 0.0109435
1.155 0.0108477
1.16 0.0107532
1.165 0.0106598
1.17 0.0105677
1.175 0.0104767
1.18 0.010387
1.185 0.0102983
1.19 0.0102108
1.195 0.0101244
1.2 0.0100391
1.205 0.0099549
1.21 0.00987172
1.215 0.00978958
1.22 0.00970845
1.225 0.00962833
1.23 0.00954919
1.235 0.00947102
1.24 0.00939381
1.245 0.00931754
1.25 0.00924218
1.255 0.00916774
1.26 0.00909419
1.265 0.00902152
1.27 0.00894972
1.275 0.00887877
1.28 0.00880866
1.285 0.00873937
1.29 0.0086709
1.295 0.00860322
1.3 0.00853634
1.305 0.00847023
1.31 0.00840488
1.315 0.00834029
1.32 0.00827643
1.325 0.00821331
1.33 0.0081509
1.335 0.0080892
1.34 0.0080282
1.345 0.00796788
1.35 0.00790824
1.355 0.00784927
1.36 0.00779095
1.365 0.00773328
1.37 0.00767624
1.375 0.00761984
1.38 0.00756405
1.385 0.00750887
1.39 0.00745429
1.395 0.0074003
1.4 0.0073469
1.405 0.00729407
1.41 0.00724181
1.415 0.00719011
1.42 0.00713896
1.425 0.00708835
1.43 0.00703828
1.435 0.00698873
1.44 0.00693971
1.445 0.0068912
1.45 0.00684319
1.455 0.00679569
1.46 0.00674867
1.465 0.00670215
1.47 0.0066561
1.475 0.00661052
1.48 0.00656541
1.485 0.00652076
1.49 0.00647656
1.495 0.00643281
1.5 0.0063895
1.505 0.00634662
1.51 0.00630418
1.515 0.00626216
1.52 0.00622056
1.525 0.00617937
1.53 0.00613858
1.535 0.0060982
1.54 0.00605822
1.545 0.00601862
1.55 0.00597942
1.555 0.00594059
1.56 0.00590214
1.565 0.00586407
1.57 0.00582636
1.575 0.00578901
1.58 0.00575202
1.585 0.00571538
1.59 0.00567909
1.595 0.00564315
1.6 0.00560754
1.605 0.00557227
1.61 0.00553733
1.615 0.00550272
1.62 0.00546843
1.625 0.00543446
1.63 0.00540081
1.635 0.00536747
1.64 0.00533443
1.645 0.0053017
1.65 0.00526927
1.655 0.00523713
1.66 0.00520529
1.665 0.00517374
1.67 0.00514247
1.675 0.00511149
1.68 0.00508078
1.685 0.00505035
1.69 0.00502019
1.695 0.0049903
1.7 0.00496068
1.705 0.00493132
1.71 0.00490222
1.715 0.00487337
1.72 0.00484478
1.725 0.00481644
1.73 0.00478835
1.735 0.0047605
1.74 0.00473289
1.745 0.00470553
1.75 0.0046784
1.755 0.0046515
1.76 0.00462483
1.765 0.0045984
1.77 0.00457219
1.775 0.0045462
1.78 0.00452043
1.785 0.00449488
1.79 0.00446955
1.795 0.00444443
1.8 0.00441952
1.805 0.00439482
1.81 0.00437032
1.815 0.00434603
1.82 0.00432195
1.825 0.00429806
1.83 0.00427437
1.835 0.00425087
1.84 0.00422757
1.845 0.00420445
1.85 0.00418153
1.855 0.00415879
1.86 0.00413624
1.865 0.00411387
1.87 0.00409169
1.875 0.00406968
1.88 0.00404784
1.885 0.00402619
1.89 0.0040047
1.895 0.00398339
1.9 0.00396225
1.905 0.00394127
1.91 0.00392046
1.915 0.00389982
1.92 0.00387933
1.925 0.00385901
1.93 0.00383885
1.935 0.00381884
1.94 0.00379899
1.945 0.0037793
1.95 0.00375975
1.955 0.00374036
1.96 0.00372112
1.965 0.00370203
1.97 0.00368308
1.975 0.00366428
1.98 0.00364562
1.985 0.0036271
1.99 0.00360872
1.995 0.00359049
2 0.00357239
2.005 0.00355442
2.01 0.0035366
2.015 0.0035189
2.02 0.00350134
2.025 0.00348391
2.03 0.00346661
2.035 0.00344943
2.04 0.00343239
2.045 0.00341547
2.05 0.00339867
2.055 0.003382
2.06 0.00336545
2.065 0.00334903
2.07 0.00333272
2.075 0.00331653
2.08 0.00330046
2.085 0.0032845
2.09 0.00326866
2.095 0.00325293
2.1 0.00323732
2.105 0.00322182
2.11 0.00320643
2.115 0.00319115
2.12 0.00317598
2.125 0.00316092
2.13 0.00314596
2.135 0.00313111
2.14 0.00311637
2.145 0.00310173
2.15 0.00308719
2.155 0.00307275
2.16 0.00305841
2.165 0.00304418
2.17 0.00303004
2.175 0.003016
2.18 0.00300206
2.185 0.00298822
2.19 0.00297447
2.195 0.00296081
2.2 0.00294725
2.205 0.00293378
2.21 0.00292041
2.215 0.00290712
2.22 0.00289393
2.225 0.00288082
2.23 0.00286781
2.235 0.00285488
2.24 0.00284204
2.245 0.00282928
2.25 0.00281661
2.255 0.00280403
2.26 0.00279153
2.265 0.00277911
2.27 0.00276678
2.275 0.00275453
2.28 0.00274235
2.285 0.00273026
2.29 0.00271825
2.295 0.00270632
2.3 0.00269447
2.305 0.00268269
2.31 0.00267099
2.315 0.00265937
2.32 0.00264782
2.325 0.00263635
2.33 0.00262495
2.335 0.00261363
2.34 0.00260238
2.345 0.0025912
2.35 0.00258009
2.355 0.00256906
2.36 0.00255809
2.365 0.0025472
2.37 0.00253637
2.375 0.00252562
2.38 0.00251493
2.385 0.00250431
2.39 0.00249376
2.395 0.00248327
2.4 0.00247285
2.405 0.00246249
2.41 0.0024522
2.415 0.00244198
2.42 0.00243181
2.425 0.00242171
2.43 0.00241168
2.435 0.0024017
2.44 0.00239179
2.445 0.00238194
2.45 0.00237215
2.455 0.00236242
2.46 0.00235275
2.465 0.00234314
2.47 0.00233358
2.475 0.00232409
2.48 0.00231465
2.485 0.00230527
2.49 0.00229595
2.495 0.00228668
2.5 0.00227747
2.505 0.00226832
2.51 0.00225922
2.515 0.00225017
2.52 0.00224118
2.525 0.00223225
2.53 0.00222336
2.535 0.00221453
2.54 0.00220575
2.545 0.00219703
2.55 0.00218835
2.555 0.00217973
2.56 0.00217116
2.565 0.00216264
2.57 0.00215416
2.575 0.00214574
2.58 0.00213737
2.585 0.00212904
2.59 0.00212077
2.595 0.00211254
2.6 0.00210436
2.605 0.00209623
2.61 0.00208814
2.615 0.00208011
2.62 0.00207211
2.625 0.00206417
2.63 0.00205627
2.635 0.00204841
2.64 0.0020406
2.645 0.00203283
2.65 0.00202511
2.655 0.00201743
2.66 0.0020098
2.665 0.00200221
2.67 0.00199466
2.675 0.00198715
2.68 0.00197969
2.685 0.00197227
2.69 0.00196489
2.695 0.00195755
2.7 0.00195025
2.705 0.001943
2.71 0.00193578
2.715 0.0019286
2.72 0.00192147
2.725 0.00191437
2.73 0.00190731
2.735 0.0019003
2.74 0.00189332
2.745 0.00188637
2.75 0.00187947
2.755 0.0018726
2.76 0.00186578
2.765 0.00185899
2.77 0.00185223
2.775 0.00184551
2.78 0.00183883
2.785 0.00183219
2.79 0.00182558
2.795 0.00181901
2.8 0.00181247
2.805 0.00180597
2.81 0.0017995
2.815 0.00179307
2.82 0.00178667
2.825 0.0017803
2.83 0.00177397
2.835 0.00176768
2.84 0.00176141
2.845 0.00175518
2.85 0.00174899
2.855 0.00174282
2.86 0.00173669
2.865 0.00173059
2.87 0.00172452
2.875 0.00171849
2.88 0.00171249
2.885 0.00170651
2.89 0.00170057
2.895 0.00169466
2.9 0.00168878
2.905 0.00168293
2.91 0.00167711
2.915 0.00167132
2.92 0.00166557
2.925 0.00165984
2.93 0.00165414
2.935 0.00164847
2.94 0.00164283
2.945 0.00163721
2.95 0.00163163
2.955 0.00162608
2.96 0.00162055
2.965 0.00161505
2.97 0.00160958
2.975 0.00160414
2.98 0.00159872
2.985 0.00159333
2.99 0.00158797
2.995 0.00158264
3 0.00157733
3.005 0.00157205
3.01 0.0015668
3.015 0.00156157
3.02 0.00155637
3.025 0.00155119
3.03 0.00154604
3.035 0.00154092
3.04 0.00153582
3.045 0.00153075
3.05 0.0015257
3.055 0.00152067
3.06 0.00151568
3.065 0.0015107
3.07 0.00150575
3.075 0.00150083
3.08 0.00149592
3.085 0.00149105
3.09 0.00148619
3.095 0.00148136
3.1 0.00147656
3.105 0.00147177
3.11 0.00146701
3.115 0.00146228
3.12 0.00145756
3.125 0.00145287
3.13 0.0014482
3.135 0.00144356
3.14 0.00143893
3.145 0.00143433
3.15 0.00142975
3.155 0.0014252
3.16 0.00142066
3.165 0.00141615
3.17 0.00141165
3.175 0.00140718
3.18 0.00140273
3.185 0.0013983
3.19 0.00139389
3.195 0.00138951
3.2 0.00138514
3.205 0.00138079
3.21 0.00137647
3.215 0.00137216
3.22 0.00136788
3.225 0.00136361
3.23 0.00135936
3.235 0.00135514
3.24 0.00135093
3.245 0.00134675
3.25 0.00134258
3.255 0.00133843
3.26 0.0013343
3.265 0.00133019
3.27 0.0013261
3.275 0.00132203
3.28 0.00131798
3.285 0.00131394
3.29 0.00130993
3.295 0.00130593
3.3 0.00130195
3.305 0.00129799
3.31 0.00129405
3.315 0.00129012
3.32 0.00128622
3.325 0.00128233
3.33 0.00127845
3.335 0.0012746
3.34 0.00127076
3.345 0.00126694
3.35 0.00126314
3.355 0.00125935
3.36 0.00125559
3.365 0.00125183
3.37 0.0012481
3.375 0.00124438
3.38 0.00124068
3.385 0.001237
3.39 0.00123333
3.395 0.00122967
3.4 0.00122604
3.405 0.00122242
3.41 0.00121881
3.415 0.00121523
3.42 0.00121165
3.425 0.0012081
3.43 0.00120456
3.435 0.00120103
3.44 0.00119752
3.445 0.00119403
3.45 0.00119055
3.455 0.00118708
3.46 0.00118363
3.465 0.0011802
3.47 0.00117678
3.475 0.00117338
3.48 0.00116999
3.485 0.00116661
3.49 0.00116325
3.495 0.00115991
3.5 0.00115657
3.505 0.00115326
3.51 0.00114995
3.515 0.00114667
3.52 0.00114339
3.525 0.00114013
3.53 0.00113688
3.535 0.00113365
3.54 0.00113043
3.545 0.00112723
3.55 0.00112403
3.555 0.00112086
3.56 0.00111769
3.565 0.00111454
3.57 0.0011114
3.575 0.00110828
3.58 0.00110517
3.585 0.00110207
3.59 0.00109898
3.595 0.00109591
3.6 0.00109285
3.605 0.0010898
3.61 0.00108677
3.615 0.00108375
3.62 0.00108074
3.625 0.00107774
3.63 0.00107476
3.635 0.00107178
3.64 0.00106882
3.645 0.00106588
3.65 0.00106294
3.655 0.00106002
3.66 0.00105711
3.665 0.00105421
3.67 0.00105132
3.675 0.00104845
3.68 0.00104558
3.685 0.00104273
3.69 0.00103989
3.695 0.00103706
3.7 0.00103425
3.705 0.00103144
3.71 0.00102865
3.715 0.00102587
3.72 0.00102309
3.725 0.00102033
3.73 0.00101758
3.735 0.00101485
3.74 0.00101212
3.745 0.0010094
3.75 0.0010067
3.755 0.001004
3.76 0.00100132
3.765 0.000998648
3.77 0.000995986
3.775 0.000993335
3.78 0.000990694
3.785 0.000988064
3.79 0.000985444
3.795 0.000982835
3.8 0.000980235
3.805 0.000977647
3.81 0.000975068
3.815 0.0009725
3.82 0.000969942
3.825 0.000967393
3.83 0.000964855
3.835 0.000962327
3.84 0.000959809
3.845 0.000957301
3.85 0.000954802
3.855 0.000952313
3.86 0.000949834
3.865 0.000947365
3.87 0.000944905
3.875 0.000942455
3.88 0.000940014
3.885 0.000937583
3.89 0.000935161
3.895 0.000932749
3.9 0.000930346
3.905 0.000927952
3.91 0.000925567
3.915 0.000923192
3.92 0.000920826
3.925 0.000918468
3.93 0.00091612
3.935 0.000913781
3.94 0.000911451
3.945 0.000909129
3.95 0.000906817
3.955 0.000904513
3.96 0.000902218
3.965 0.000899932
3.97 0.000897655
3.975 0.000895386
3.98 0.000893125
3.985 0.000890874
3.99 0.000888631
3.995 0.000886396
4 0.000884169
4.005 0.000881951
4.01 0.000879742
4.015 0.00087754
4.02 0.000875347
4.025 0.000873162
4.03 0.000870986
4.035 0.000868817
4.04 0.000866657
4.045 0.000864504
4.05 0.00086236
4.055 0.000860223
4.06 0.000858095
4.065 0.000855974
4.07 0.000853861
4.075 0.000851756
4.08 0.000849659
4.085 0.000847569
4.09 0.000845487
4.095 0.000843413
4.1 0.000841347
4.105 0.000839288
4.11 0.000837236
4.115 0.000835193
4.12 0.000833156
4.125 0.000831127
4.13 0.000829106
4.135 0.000827091
4.14 0.000825085
4.145 0.000823085
4.15 0.000821093
4.155 0.000819108
4.16 0.00081713
4.165 0.000815159
4.17 0.000813195
4.175 0.000811239
4.18 0.000809289
4.185 0.000807347
4.19 0.000805411
4.195 0.000803483
4.2 0.000801561
4.205 0.000799646
4.21 0.000797738
4.215 0.000795837
4.22 0.000793943
4.225 0.000792055
4.23 0.000790175
4.235 0.000788301
4.24 0.000786433
4.245 0.000784572
4.25 0.000782718
4.255 0.00078087
4.26 0.000779029
4.265 0.000777195
4.27 0.000775366
4.275 0.000773545
4.28 0.000771729
4.285 0.00076992
4.29 0.000768118
4.295 0.000766322
4.3 0.000764532
4.305 0.000762748
4.31 0.00076097
4.315 0.000759199
4.32 0.000757434
4.325 0.000755675
4.33 0.000753922
4.335 0.000752175
4.34 0.000750435
4.345 0.0007487
4.35 0.000746972
4.355 0.000745249
4.36 0.000743532
4.365 0.000741821
4.37 0.000740117
4.375 0.000738418
4.38 0.000736724
4.385 0.000735037
4.39 0.000733355
4.395 0.00073168
4.4 0.00073001
4.405 0.000728345
4.41 0.000726687
4.415 0.000725034
4.42 0.000723386
4.425 0.000721744
4.43 0.000720108
4.435 0.000718478
4.44 0.000716852
4.445 0.000715233
4.45 0.000713619
4.455 0.00071201
4.46 0.000710407
4.465 0.000708809
4.47 0.000707217
4.475 0.00070563
4.48 0.000704048
4.485 0.000702471
4.49 0.0007009
4.495 0.000699334
4.5 0.000697774
4.505 0.000696218
4.51 0.000694668
4.515 0.000693123
4.52 0.000691583
4.525 0.000690048
4.53 0.000688519
4.535 0.000686994
4.54 0.000685475
4.545 0.00068396
4.55 0.000682451
4.555 0.000680946
4.56 0.000679447
4.565 0.000677952
4.57 0.000676462
4.575 0.000674978
4.58 0.000673498
4.585 0.000672023
4.59 0.000670553
4.595 0.000669087
4.6 0.000667627
4.605 0.000666171
4.61 0.00066472
4.615 0.000663274
4.62 0.000661832
4.625 0.000660395
4.63 0.000658963
4.635 0.000657535
4.64 0.000656112
4.645 0.000654694
4.65 0.00065328
4.655 0.000651871
4.66 0.000650467
4.665 0.000649067
4.67 0.000647671
4.675 0.00064628
4.68 0.000644894
4.685 0.000643511
4.69 0.000642134
4.695 0.00064076
4.7 0.000639392
4.705 0.000638027
4.71 0.000636667
4.715 0.000635311
4.72 0.00063396
4.725 0.000632613
4.73 0.00063127
4.735 0.000629931
4.74 0.000628597
4.745 0.000627267
4.75 0.000625941
4.755 0.000624619
4.76 0.000623302
4.765 0.000621989
4.77 0.000620679
4.775 0.000619374
4.78 0.000618073
4.785 0.000616777
4.79 0.000615484
4.795 0.000614195
4.8 0.00061291
4.805 0.00061163
4.81 0.000610353
4.815 0.00060908
4.82 0.000607812
4.825 0.000606547
4.83 0.000605286
4.835 0.00060403
4.84 0.000602777
4.845 0.000601528
4.85 0.000600282
4.855 0.000599041
4.86 0.000597804
4.865 0.00059657
4.87 0.00059534
4.875 0.000594114
4.88 0.000592892
4.885 0.000591674
4.89 0.000590459
4.895 0.000589248
4.9 0.000588041
4.905 0.000586837
4.91 0.000585637
4.915 0.000584441
4.92 0.000583249
4.925 0.00058206
4.93 0.000580874
4.935 0.000579693
4.94 0.000578515
4.945 0.00057734
4.95 0.000576169
4.955 0.000575002
4.96 0.000573838
4.965 0.000572678
4.97 0.000571521
4.975 0.000570368
4.98 0.000569219
4.985 0.000568072
4.99 0.000566929
4.995 0.00056579
5 0.000564654
5.005 0.000563522
5.01 0.000562393
5.015 0.000561267
5.02 0.000560145
5.025 0.000559026
5.03 0.00055791
5.035 0.000556798
5.04 0.000555689
5.045 0.000554583
5.05 0.000553481
5.055 0.000552382
5.06 0.000551286
5.065 0.000550193
5.07 0.000549104
5.075 0.000548018
5.08 0.000546935
5.085 0.000545855
5.09 0.000544779
5.095 0.000543706
5.1 0.000542636
5.105 0.000541569
5.11 0.000540505
5.115 0.000539444
5.12 0.000538387
5.125 0.000537332
5.13 0.000536281
5.135 0.000535232
5.14 0.000534187
5.145 0.000533145
5.15 0.000532106
5.155 0.00053107
5.16 0.000530037
5.165 0.000529007
5.17 0.00052798
5.175 0.000526956
5.18 0.000525935
5.185 0.000524917
5.19 0.000523901
5.195 0.000522889
5.2 0.00052188
5.205 0.000520874
5.21 0.00051987
5.215 0.00051887
5.22 0.000517872
5.225 0.000516877
5.23 0.000515885
5.235 0.000514896
5.24 0.00051391
5.245 0.000512926
5.25 0.000511946
5.255 0.000510968
5.26 0.000509993
5.265 0.000509021
5.27 0.000508051
5.275 0.000507085
5.28 0.000506121
5.285 0.00050516
5.29 0.000504201
5.295 0.000503246
5.3 0.000502293
5.305 0.000501342
5.31 0.000500395
5.315 0.00049945
5.32 0.000498508
5.325 0.000497568
5.33 0.000496631
5.335 0.000495697
5.34 0.000494765
5.345 0.000493836
5.35 0.00049291
5.355 0.000491986
5.36 0.000491065
5.365 0.000490146
5.37 0.00048923
5.375 0.000488317
5.38 0.000487406
5.385 0.000486498
5.39 0.000485592
5.395 0.000484688
5.4 0.000483788
5.405 0.000482889
5.41 0.000481994
5.415 0.0004811
5.42 0.00048021
5.425 0.000479321
5.43 0.000478435
5.435 0.000477552
5.44 0.000476671
5.445 0.000475792
5.45 0.000474916
5.455 0.000474043
5.46 0.000473171
5.465 0.000472302
5.47 0.000471436
5.475 0.000470572
5.48 0.00046971
5.485 0.000468851
5.49 0.000467994
5.495 0.000467139
5.5 0.000466287
5.505 0.000465437
5.51 0.000464589
5.515 0.000463744
5.52 0.000462901
5.525 0.00046206
5.53 0.000461221
5.535 0.000460385
5.54 0.000459551
5.545 0.00045872
5.55 0.00045789
5.555 0.000457063
5.56 0.000456238
5.565 0.000455415
5.57 0.000454595
5.575 0.000453777
5.58 0.000452961
5.585 0.000452147
5.59 0.000451335
5.595 0.000450526
5.6 0.000449718
5.605 0.000448913
5.61 0.00044811
5.615 0.000447309
5.62 0.000446511
5.625 0.000445714
5.63 0.00044492
5.635 0.000444127
5.64 0.000443337
5.645 0.000442549
5.65 0.000441763
5.655 0.000440979
5.66 0.000440198
5.665 0.000439418
5.67 0.00043864
5.675 0.000437865
5.68 0.000437091
5.685 0.00043632
5.69 0.00043555
5.695 0.000434783
5.7 0.000434017
5.705 0.000433254
5.71 0.000432493
5.715 0.000431733
5.72 0.000430976
5.725 0.000430221
5.73 0.000429467
5.735 0.000428716
5.74 0.000427967
5.745 0.000427219
5.75 0.000426474
5.755 0.00042573
5.76 0.000424988
5.765 0.000424249
5.77 0.000423511
5.775 0.000422775
5.78 0.000422041
5.785 0.000421309
5.79 0.000420579
5.795 0.000419851
5.8 0.000419125
5.805 0.0004184
5.81 0.000417678
5.815 0.000416957
5.82 0.000416238
5.825 0.000415521
5.83 0.000414806
5.835 0.000414093
5.84 0.000413381
5.845 0.000412672
5.85 0.000411964
5.855 0.000411258
5.86 0.000410554
5.865 0.000409852
5.87 0.000409151
5.875 0.000408452
5.88 0.000407756
5.885 0.00040706
5.89 0.000406367
5.895 0.000405675
5.9 0.000404985
5.905 0.000404297
5.91 0.000403611
5.915 0.000402926
5.92 0.000402244
5.925 0.000401562
5.93 0.000400883
5.935 0.000400205
5.94 0.000399529
5.945 0.000398855
5.95 0.000398183
5.955 0.000397512
5.96 0.000396843
5.965 0.000396175
5.97 0.000395509
5.975 0.000394845
5.98 0.000394183
5.985 0.000393522
5.99 0.000392863
5.995 0.000392206
6 0.00039155
6.005 0.000390896
6.01 0.000390243
6.015 0.000389592
6.02 0.000388943
6.025 0.000388295
6.03 0.000387649
6.035 0.000387005
6.04 0.000386362
6.045 0.000385721
6.05 0.000385081
6.055 0.000384443
6.06 0.000383807
6.065 0.000383172
6.07 0.000382539
6.075 0.000381907
6.08 0.000381277
6.085 0.000380648
6.09 0.000380021
6.095 0.000379396
6.1 0.000378772
6.105 0.000378149
6.11 0.000377528
6.115 0.000376909
6.12 0.000376291
6.125 0.000375675
6.13 0.00037506
6.135 0.000374447
6.14 0.000373835
6.145 0.000373225
6.15 0.000372616
6.155 0.000372009
6.16 0.000371403
6.165 0.000370798
6.17 0.000370196
6.175 0.000369594
6.18 0.000368994
6.185 0.000368396
6.19 0.000367799
6.195 0.000367203
6.2 0.000366609
6.205 0.000366016
6.21 0.000365425
6.215 0.000364835
6.22 0.000364247
6.225 0.00036366
6.23 0.000363074
6.235 0.00036249
6.24 0.000361907
6.245 0.000361326
6.25 0.000360746
6.255 0.000360168
6.26 0.00035959
6.265 0.000359015
6.27 0.00035844
6.275 0.000357867
6.28 0.000357296
6.285 0.000356725
6.29 0.000356157
6.295 0.000355589
6.3 0.000355023
6.305 0.000354458
6.31 0.000353895
6.315 0.000353332
6.32 0.000352772
6.325 0.000352212
6.33 0.000351654
6.335 0.000351097
6.34 0.000350542
6.345 0.000349988
6.35 0.000349435
6.355 0.000348883
6.36 0.000348333
6.365 0.000347784
6.37 0.000347236
6.375 0.00034669
6.38 0.000346145
6.385 0.000345601
6.39 0.000345059
6.395 0.000344517
6.4 0.000343977
6.405 0.000343439
6.41 0.000342901
6.415 0.000342365
6.42 0.00034183
6.425 0.000341297
6.43 0.000340764
6.435 0.000340233
6.44 0.000339703
6.445 0.000339174
6.45 0.000338647
6.455 0.000338121
6.46 0.000337596
6.465 0.000337072
6.47 0.000336549
6.475 0.000336028
6.48 0.000335508
6.485 0.000334989
6.49 0.000334471
6.495 0.000333955
6.5 0.000333439
6.505 0.000332925
6.51 0.000332412
6.515 0.000331901
6.52 0.00033139
6.525 0.000330881
6.53 0.000330372
6.535 0.000329865
6.54 0.000329359
6.545 0.000328855
6.55 0.000328351
6.555 0.000327849
6.56 0.000327347
6.565 0.000326847
6.57 0.000326348
6.575 0.00032585
6.58 0.000325354
6.585 0.000324858
6.59 0.000324364
6.595 0.00032387
6.6 0.000323378
6.605 0.000322887
6.61 0.000322397
6.615 0.000321908
6.62 0.000321421
6.625 0.000320934
6.63 0.000320449
6.635 0.000319964
6.64 0.000319481
6.645 0.000318999
6.65 0.000318518
6.655 0.000318038
6.66 0.000317559
6.665 0.000317081
6.67 0.000316604
6.675 0.000316128
6.68 0.000315654
6.685 0.00031518
6.69 0.000314708
6.695 0.000314236
6.7 0.000313766
6.705 0.000313296
6.71 0.000312828
6.715 0.000312361
6.72 0.000311895
6.725 0.00031143
6.73 0.000310966
6.735 0.000310502
6.74 0.00031004
6.745 0.000309579
6.75 0.000309119
6.755 0.00030866
6.76 0.000308203
6.765 0.000307746
6.77 0.00030729
6.775 0.000306835
6.78 0.000306381
6.785 0.000305928
6.79 0.000305476
6.795 0.000305025
6.8 0.000304576
6.805 0.000304127
6.81 0.000303679
6.815 0.000303232
6.82 0.000302786
6.825 0.000302341
6.83 0.000301897
6.835 0.000301454
6.84 0.000301012
6.845 0.000300571
6.85 0.000300131
6.855 0.000299692
6.86 0.000299254
6.865 0.000298817
6.87 0.000298381
6.875 0.000297945
6.88 0.000297511
6.885 0.000297078
6.89 0.000296645
6.895 0.000296214
6.9 0.000295783
6.905 0.000295354
6.91 0.000294925
6.915 0.000294497
6.92 0.000294071
6.925 0.000293645
6.93 0.00029322
6.935 0.000292796
6.94 0.000292373
6.945 0.00029195
6.95 0.000291529
6.955 0.000291109
6.96 0.000290689
6.965 0.000290271
6.97 0.000289853
6.975 0.000289436
6.98 0.000289021
6.985 0.000288606
6.99 0.000288192
6.995 0.000287778
7 0.000287366
7.005 0.000286955
7.01 0.000286544
7.015 0.000286135
7.02 0.000285726
7.025 0.000285318
7.03 0.000284911
7.035 0.000284505
7.04 0.0002841
7.045 0.000283695
7.05 0.000283292
7.055 0.000282889
7.06 0.000282487
7.065 0.000282086
7.07 0.000281686
7.075 0.000281287
7.08 0.000280889
7.085 0.000280491
7.09 0.000280094
7.095 0.000279698
7.1 0.000279303
7.105 0.000278909
7.11 0.000278516
7.115 0.000278123
7.12 0.000277732
7.125 0.000277341
7.13 0.000276951
7.135 0.000276561
7.14 0.000276173
7.145 0.000275785
7.15 0.000275399
7.155 0.000275013
7.16 0.000274627
7.165 0.000274243
7.17 0.00027386
7.175 0.000273477
7.18 0.000273095
7.185 0.000272714
7.19 0.000272333
7.195 0.000271954
7.2 0.000271575
7.205 0.000271197
7.21 0.00027082
7.215 0.000270444
7.22 0.000270068
7.225 0.000269693
7.23 0.000269319
7.235 0.000268946
7.24 0.000268573
7.245 0.000268202
7.25 0.000267831
7.255 0.000267461
7.26 0.000267091
7.265 0.000266723
7.27 0.000266355
7.275 0.000265988
7.28 0.000265621
7.285 0.000265256
7.29 0.000264891
7.295 0.000264527
7.3 0.000264163
7.305 0.000263801
7.31 0.000263439
7.315 0.000263078
7.32 0.000262717
7.325 0.000262358
7.33 0.000261999
7.335 0.000261641
7.34 0.000261283
7.345 0.000260927
7.35 0.000260571
7.355 0.000260215
7.36 0.000259861
7.365 0.000259507
7.37 0.000259154
7.375 0.000258802
7.38 0.00025845
7.385 0.000258099
7.39 0.000257749
7.395 0.0002574
7.4 0.000257051
7.405 0.000256703
7.41 0.000256355
7.415 0.000256009
7.42 0.000255663
7.425 0.000255318
7.43 0.000254973
7.435 0.000254629
7.44 0.000254286
7.445 0.000253943
7.45 0.000253602
7.455 0.000253261
7.46 0.00025292
7.465 0.000252581
7.47 0.000252242
7.475 0.000251903
7.48 0.000251566
7.485 0.000251229
7.49 0.000250892
7.495 0.000250557
7.5 0.000250222
7.505 0.000249887
7.51 0.000249554
7.515 0.000249221
7.52 0.000248889
7.525 0.000248557
7.53 0.000248226
7.535 0.000247896
7.54 0.000247566
7.545 0.000247237
7.55 0.000246909
7.555 0.000246581
7.56 0.000246254
7.565 0.000245928
7.57 0.000245602
7.575 0.000245277
7.58 0.000244952
7.585 0.000244629
7.59 0.000244305
7.595 0.000243983
7.6 0.000243661
7.605 0.00024334
7.61 0.000243019
7.615 0.000242699
7.62 0.00024238
7.625 0.000242061
7.63 0.000241743
7.635 0.000241426
7.64 0.000241109
7.645 0.000240793
7.65 0.000240477
7.655 0.000240162
7.66 0.000239848
7.665 0.000239534
7.67 0.000239221
7.675 0.000238909
7.68 0.000238597
7.685 0.000238285
7.69 0.000237975
7.695 0.000237665
7.7 0.000237355
7.705 0.000237046
7.71 0.000236738
7.715 0.00023643
7.72 0.000236123
7.725 0.000235817
7.73 0.000235511
7.735 0.000235206
7.74 0.000234901
7.745 0.000234597
7.75 0.000234294
7.755 0.000233991
7.76 0.000233688
7.765 0.000233387
7.77 0.000233086
7.775 0.000232785
7.78 0.000232485
7.785 0.000232186
7.79 0.000231887
7.795 0.000231589
7.8 0.000231291
7.805 0.000230994
7.81 0.000230697
7.815 0.000230401
7.82 0.000230106
7.825 0.000229811
7.83 0.000229517
7.835 0.000229223
7.84 0.00022893
7.845 0.000228638
7.85 0.000228346
7.855 0.000228054
7.86 0.000227763
7.865 0.000227473
7.87 0.000227183
7.875 0.000226894
7.88 0.000226605
7.885 0.000226317
7.89 0.00022603
7.895 0.000225743
7.9 0.000225456
7.905 0.00022517
7.91 0.000224885
7.915 0.0002246
7.92 0.000224316
7.925 0.000224032
7.93 0.000223749
7.935 0.000223466
7.94 0.000223184
7.945 0.000222902
7.95 0.000222621
7.955 0.000222341
7.96 0.000222061
7.965 0.000221781
7.97 0.000221502
7.975 0.000221224
7.98 0.000220946
7.985 0.000220668
7.99 0.000220392
7.995 0.000220115
8 0.000219839
8.005 0.000219564
8.01 0.000219289
8.015 0.000219015
8.02 0.000218741
8.025 0.000218468
8.03 0.000218195
8.035 0.000217923
8.04 0.000217651
8.045 0.00021738
8.05 0.000217109
8.055 0.000216839
8.06 0.000216569
8.065 0.0002163
8.07 0.000216032
8.075 0.000215763
8.08 0.000215496
8.085 0.000215229
8.09 0.000214962
8.095 0.000214696
8.1 0.00021443
8.105 0.000214165
8.11 0.0002139
8.115 0.000213636
8.12 0.000213372
8.125 0.000213109
8.13 0.000212846
8.135 0.000212584
8.14 0.000212322
8.145 0.000212061
8.15 0.0002118
8.155 0.000211539
8.16 0.00021128
8.165 0.00021102
8.17 0.000210761
8.175 0.000210503
8.18 0.000210245
8.185 0.000209987
8.19 0.00020973
8.195 0.000209474
8.2 0.000209218
8.205 0.000208962
8.21 0.000208707
8.215 0.000208452
8.22 0.000208198
8.225 0.000207944
8.23 0.000207691
8.235 0.000207438
8.24 0.000207186
8.245 0.000206934
8.25 0.000206683
8.255 0.000206432
8.26 0.000206181
8.265 0.000205931
8.27 0.000205681
8.275 0.000205432
8.28 0.000205184
8.285 0.000204935
8.29 0.000204687
8.295 0.00020444
8.3 0.000204193
8.305 0.000203947
8.31 0.000203701
8.315 0.000203455
8.32 0.00020321
8.325 0.000202965
8.33 0.000202721
8.335 0.000202477
8.34 0.000202234
8.345 0.000201991
8.35 0.000201749
8.355 0.000201507
8.36 0.000201265
8.365 0.000201024
8.37 0.000200783
8.375 0.000200543
8.38 0.000200303
8.385 0.000200063
8.39 0.000199824
8.395 0.000199586
8.4 0.000199348
8.405 0.00019911
8.41 0.000198872
8.415 0.000198636
8.42 0.000198399
8.425 0.000198163
8.43 0.000197927
8.435 0.000197692
8.44 0.000197457
8.445 0.000197223
8.45 0.000196989
8.455 0.000196756
8.46 0.000196522
8.465 0.00019629
8.47 0.000196057
8.475 0.000195826
8.48 0.000195594
8.485 0.000195363
8.49 0.000195132
8.495 0.000194902
8.5 0.000194672
8.505 0.000194443
8.51 0.000194214
8.515 0.000193985
8.52 0.000193757
8.525 0.000193529
8.53 0.000193302
8.535 0.000193075
8.54 0.000192848
8.545 0.000192622
8.55 0.000192396
8.555 0.000192171
8.56 0.000191946
8.565 0.000191721
8.57 0.000191497
8.575 0.000191273
8.58 0.00019105
8.585 0.000190827
8.59 0.000190604
8.595 0.000190382
8.6 0.00019016
8.605 0.000189938
8.61 0.000189717
8.615 0.000189496
8.62 0.000189276
8.625 0.000189056
8.63 0.000188836
8.635 0.000188617
8.64 0.000188398
8.645 0.00018818
8.65 0.000187962
8.655 0.000187744
8.66 0.000187527
8.665 0.00018731
8.67 0.000187094
8.675 0.000186877
8.68 0.000186662
8.685 0.000186446
8.69 0.000186231
8.695 0.000186016
8.7 0.000185802
8.705 0.000185588
8.71 0.000185375
8.715 0.000185161
8.72 0.000184949
8.725 0.000184736
8.73 0.000184524
8.735 0.000184312
8.74 0.000184101
8.745 0.00018389
8.75 0.000183679
8.755 0.000183469
8.76 0.000183259
8.765 0.00018305
8.77 0.00018284
8.775 0.000182632
8.78 0.000182423
8.785 0.000182215
8.79 0.000182007
8.795 0.0001818
8.8 0.000181593
8.805 0.000181386
8.81 0.00018118
8.815 0.000180974
8.82 0.000180768
8.825 0.000180563
8.83 0.000180358
8.835 0.000180153
8.84 0.000179949
8.845 0.000179745
8.85 0.000179541
8.855 0.000179338
8.86 0.000179135
8.865 0.000178933
8.87 0.000178731
8.875 0.000178529
8.88 0.000178327
8.885 0.000178126
8.89 0.000177925
8.895 0.000177725
8.9 0.000177525
8.905 0.000177325
8.91 0.000177125
8.915 0.000176926
8.92 0.000176728
8.925 0.000176529
8.93 0.000176331
8.935 0.000176133
8.94 0.000175936
8.945 0.000175739
8.95 0.000175542
8.955 0.000175345
8.96 0.000175149
8.965 0.000174953
8.97 0.000174758
8.975 0.000174563
8.98 0.000174368
8.985 0.000174173
8.99 0.000173979
8.995 0.000173785
9 0.000173592
9.005 0.000173399
9.01 0.000173206
9.015 0.000173013
9.02 0.000172821
9.025 0.000172629
9.03 0.000172437
9.035 0.000172246
9.04 0.000172055
9.045 0.000171865
9.05 0.000171674
9.055 0.000171484
9.06 0.000171295
9.065 0.000171105
9.07 0.000170916
9.075 0.000170727
9.08 0.000170539
9.085 0.000170351
9.09 0.000170163
9.095 0.000169975
9.1 0.000169788
9.105 0.000169601
9.11 0.000169415
9.115 0.000169229
9.12 0.000169043
9.125 0.000168857
9.13 0.000168672
9.135 0.000168486
9.14 0.000168302
9.145 0.000168117
9.15 0.000167933
9.155 0.000167749
9.16 0.000167566
9.165 0.000167383
9.17 0.0001672
9.175 0.000167017
9.18 0.000166835
9.185 0.000166653
9.19 0.000166471
9.195 0.000166289
9.2 0.000166108
9.205 0.000165927
9.21 0.000165747
9.215 0.000165567
9.22 0.000165387
9.225 0.000165207
9.23 0.000165028
9.235 0.000164849
9.24 0.00016467
9.245 0.000164491
9.25 0.000164313
9.255 0.000164135
9.26 0.000163957
9.265 0.00016378
9.27 0.000163603
9.275 0.000163426
9.28 0.00016325
9.285 0.000163074
9.29 0.000162898
9.295 0.000162722
9.3 0.000162547
9.305 0.000162372
9.31 0.000162197
9.315 0.000162022
9.32 0.000161848
9.325 0.000161674
9.33 0.000161501
9.335 0.000161327
9.34 0.000161154
9.345 0.000160981
9.35 0.000160809
9.355 0.000160636
9.36 0.000160464
9.365 0.000160293
9.37 0.000160121
9.375 0.00015995
9.38 0.000159779
9.385 0.000159609
9.39 0.000159438
9.395 0.000159268
9.4 0.000159098
9.405 0.000158929
9.41 0.00015876
9.415 0.000158591
9.42 0.000158422
9.425 0.000158254
9.43 0.000158085
9.435 0.000157917
9.44 0.00015775
9.445 0.000157582
9.45 0.000157415
9.455 0.000157248
9.46 0.000157082
9.465 0.000156916
9.47 0.00015675
9.475 0.000156584
9.48 0.000156418
9.485 0.000156253
9.49 0.000156088
9.495 0.000155923
9.5 0.000155759
9.505 0.000155595
9.51 0.000155431
9.515 0.000155267
9.52 0.000155103
9.525 0.00015494
9.53 0.000154777
9.535 0.000154615
9.54 0.000154452
9.545 0.00015429
9.55 0.000154128
9.555 0.000153967
9.56 0.000153805
9.565 0.000153644
9.57 0.000153483
9.575 0.000153323
9.58 0.000153162
9.585 0.000153002
9.59 0.000152842
9.595 0.000152683
9.6 0.000152523
9.605 0.000152364
9.61 0.000152205
9.615 0.000152047
9.62 0.000151888
9.625 0.00015173
9.63 0.000151572
9.635 0.000151414
9.64 0.000151257
9.645 0.0001511
9.65 0.000150943
9.655 0.000150786
9.66 0.00015063
9.665 0.000150474
9.67 0.000150318
9.675 0.000150162
9.68 0.000150007
9.685 0.000149851
9.69 0.000149697
9.695 0.000149542
9.7 0.000149387
9.705 0.000149233
9.71 0.000149079
9.715 0.000148925
9.72 0.000148772
9.725 0.000148618
9.73 0.000148465
9.735 0.000148313
9.74 0.00014816
9.745 0.000148008
9.75 0.000147856
9.755 0.000147704
9.76 0.000147552
9.765 0.000147401
9.77 0.000147249
9.775 0.000147098
9.78 0.000146948
9.785 0.000146797
9.79 0.000146647
9.795 0.000146497
9.8 0.000146347
9.805 0.000146198
9.81 0.000146048
9.815 0.000145899
9.82 0.00014575
9.825 0.000145602
9.83 0.000145453
9.835 0.000145305
9.84 0.000145157
9.845 0.000145009
9.85 0.000144862
9.855 0.000144714
9.86 0.000144567
9.865 0.000144421
9.87 0.000144274
9.875 0.000144128
9.88 0.000143981
9.885 0.000143835
9.89 0.00014369
9.895 0.000143544
9.9 0.000143399
9.905 0.000143254
9.91 0.000143109
9.915 0.000142964
9.92 0.00014282
9.925 0.000142676
9.93 0.000142532
9.935 0.000142388
9.94 0.000142244
9.945 0.000142101
9.95 0.000141958
9.955 0.000141815
9.96 0.000141673
9.965 0.00014153
9.97 0.000141388
9.975 0.000141246
9.98 0.000141104
9.985 0.000140962
9.99 0.000140821
9.995 0.00014068
