0 -nan
0.005 0.914719
0.01 0.396005
0.015 0.720362
0.02 0.749762
0.025 0.365679
0.03 0.131724
0.035 0.561167
0.04 0.621768
0.045 0.426539
0.05 0.213461
0.055 0.0739455
0.06 0.0115006
0.065 0.00316317
0.07 0.0256312
0.075 0.0621308
0.08 0.102316
0.085 0.140501
0.09 0.173968
0.095 0.201743
0.1 0.223803
0.105 0.240602
0.11 0.252788
0.115 0.261058
0.12 0.266076
0.125 0.268439
0.13 0.268665
0.135 0.267194
0.14 0.264392
0.145 0.260562
0.15 0.255953
0.155 0.250766
0.16 0.245163
0.165 0.239276
0.17 0.233211
0.175 0.22705
0.18 0.220859
0.185 0.21469
0.19 0.208584
0.195 0.202571
0.2 0.196676
0.205 0.190915
0.21 0.185301
0.215 0.179843
0.22 0.174546
0.225 0.169412
0.23 0.164445
0.235 0.159642
0.24 0.155001
0.245 0.150522
0.25 0.146199
0.255 0.142029
0.26 0.138009
0.265 0.134132
0.27 0.130396
0.275 0.126794
0.28 0.123323
0.285 0.119977
0.29 0.116751
0.295 0.113642
0.3 0.110644
0.305 0.107753
0.31 0.104965
0.315 0.102276
0.32 0.0996813
0.325 0.0971773
0.33 0.0947604
0.335 0.0924268
0.34 0.0901734
0.345 0.0879966
0.35 0.0858935
0.355 0.083861
0.36 0.0818961
0.365 0.0799962
0.37 0.0781587
0.375 0.0763809
0.38 0.0746605
0.385 0.0729952
0.39 0.0713829
0.395 0.0698213
0.4 0.0683085
0.405 0.0668427
0.41 0.0654219
0.415 0.0640444
0.42 0.0627086
0.425 0.0614128
0.43 0.0601556
0.435 0.0589355
0.44 0.0577511
0.445 0.056601
0.45 0.0554841
0.455 0.054399
0.46 0.0533447
0.465 0.0523199
0.47 0.0513238
0.475 0.0503551
0.48 0.049413
0.485 0.0484965
0.49 0.0476048
0.495 0.0467369
0.5 0.045892
0.505 0.0450694
0.51 0.0442683
0.515 0.0434879
0.52 0.0427277
0.525 0.0419868
0.53 0.0412647
0.535 0.0405608
0.54 0.0398744
0.545 0.039205
0.55 0.0385521
0.555 0.0379151
0.56 0.0372935
0.565 0.0366868
0.57 0.0360946
0.575 0.0355164
0.58 0.0349519
0.585 0.0344004
0.59 0.0338618
0.595 0.0333356
0.6 0.0328213
0.605 0.0323187
0.61 0.0318275
0.615 0.0313472
0.62 0.0308776
0.625 0.0304183
0.63 0.0299691
0.635 0.0295296
0.64 0.0290997
0.645 0.0286789
0.65 0.0282671
0.655 0.0278641
0.66 0.0274695
0.665 0.0270831
0.67 0.0267048
0.675 0.0263342
0.68 0.0259713
0.685 0.0256157
0.69 0.0252673
0.695 0.0249259
0.7 0.0245913
0.705 0.0242634
0.71 0.0239419
0.715 0.0236267
0.72 0.0233176
0.725 0.0230145
0.73 0.0227172
0.735 0.0224256
0.74 0.0221396
0.745 0.0218589
0.75 0.0215835
0.755 0.0213133
0.76 0.021048
0.765 0.0207876
0.77 0.020532
0.775 0.0202811
0.78 0.0200347
0.785 0.0197927
0.79 0.019555
0.795 0.0193216
0.8 0.0190923
0.805 0.018867
0.81 0.0186457
0.815 0.0184282
0.82 0.0182145
0.825 0.0180045
0.83 0.017798
0.835 0.0175951
0.84 0.0173955
0.845 0.0171994
0.85 0.0170065
0.855 0.0168168
0.86 0.0166303
0.865 0.0164468
0.87 0.0162664
0.875 0.0160888
0.88 0.0159142
0.885 0.0157423
0.89 0.0155733
0.895 0.0154069
0.9 0.0152431
0.905 0.015082
0.91 0.0149233
0.915 0.0147672
0.92 0.0146134
0.925 0.0144621
0.93 0.0143131
0.935 0.0141663
0.94 0.0140218
0.945 0.0138795
0.95 0.0137393
0.955 0.0136012
0.96 0.0134652
0.965 0.0133312
0.97 0.0131992
0.975 0.0130692
0.98 0.012941
0.985 0.0128147
0.99 0.0126903
0.995 0.0125676
1 0.0124467
1.005 0.0123275
1.01 0.0122101
1.015 0.0120943
1.02 0.0119801
1.025 0.0118675
1.03 0.0117565
1.035 0.0116471
1.04 0.0115391
1.045 0.0114327
1.05 0.0113277
1.055 0.0112241
1.06 0.011122
1.065 0.0110212
1.07 0.0109218
1.075 0.0108238
1.08 0.010727
1.085 0.0106315
1.09 0.0105373
1.095 0.0104444
1.1 0.0103526
1.105 0.0102621
1.11 0.0101727
1.115 0.0100845
1.12 0.00999743
1.125 0.00991148
1.13 0.00982663
1.135 0.00974286
1.14 0.00966016
1.145 0.0095785
1.15 0.00949787
1.155 0.00941825
1.16 0.00933963
1.165 0.00926198
1.17 0.0091853
1.175 0.00910956
1.18 0.00903475
1.185 0.00896085
1.19 0.00888786
1.195 0.00881575
1.2 0.00874451
1.205 0.00867413
1.21 0.0086046
1.215 0.00853589
1.22 0.00846801
1.225 0.00840093
1.23 0.00833464
1.235 0.00826912
1.24 0.00820438
1.245 0.00814039
1.25 0.00807715
1.255 0.00801464
1.26 0.00795285
1.265 0.00789177
1.27 0.00783139
1.275 0.00777169
1.28 0.00771268
1.285 0.00765433
1.29 0.00759665
1.295 0.00753961
1.3 0.00748321
1.305 0.00742743
1.31 0.00737228
1.315 0.00731774
1.32 0.0072638
1.325 0.00721045
1.33 0.00715769
1.335 0.0071055
1.34 0.00705388
1.345 0.00700282
1.35 0.00695231
1.355 0.00690235
1.36 0.00685292
1.365 0.00680402
1.37 0.00675564
1.375 0.00670777
1.38 0.00666041
1.385 0.00661354
1.39 0.00656717
1.395 0.00652128
1.4 0.00647588
1.405 0.00643094
1.41 0.00638647
1.415 0.00634246
1.42 0.0062989
1.425 0.00625578
1.43 0.00621311
1.435 0.00617087
1.44 0.00612906
1.445 0.00608767
1.45 0.0060467
1.455 0.00600614
1.46 0.00596599
1.465 0.00592624
1.47 0.00588688
1.475 0.00584791
1.48 0.00580933
1.485 0.00577113
1.49 0.0057333
1.495 0.00569585
1.5 0.00565875
1.505 0.00562202
1.51 0.00558565
1.515 0.00554962
1.52 0.00551395
1.525 0.00547861
1.53 0.00544361
1.535 0.00540895
1.54 0.00537462
1.545 0.00534061
1.55 0.00530692
1.555 0.00527355
1.56 0.0052405
1.565 0.00520775
1.57 0.00517531
1.575 0.00514317
1.58 0.00511132
1.585 0.00507978
1.59 0.00504852
1.595 0.00501755
1.6 0.00498687
1.605 0.00495646
1.61 0.00492633
1.615 0.00489648
1.62 0.00486689
1.625 0.00483757
1.63 0.00480852
1.635 0.00477972
1.64 0.00475119
1.645 0.00472291
1.65 0.00469488
1.655 0.00466709
1.66 0.00463956
1.665 0.00461226
1.67 0.00458521
1.675 0.00455839
1.68 0.00453181
1.685 0.00450546
1.69 0.00447934
1.695 0.00445344
1.7 0.00442777
1.705 0.00440232
1.71 0.00437708
1.715 0.00435207
1.72 0.00432726
1.725 0.00430267
1.73 0.00427829
1.735 0.00425411
1.74 0.00423014
1.745 0.00420637
1.75 0.0041828
1.755 0.00415942
1.76 0.00413624
1.765 0.00411326
1.77 0.00409046
1.775 0.00406786
1.78 0.00404544
1.785 0.0040232
1.79 0.00400115
1.795 0.00397928
1.8 0.00395759
1.805 0.00393607
1.81 0.00391473
1.815 0.00389356
1.82 0.00387256
1.825 0.00385173
1.83 0.00383107
1.835 0.00381058
1.84 0.00379024
1.845 0.00377007
1.85 0.00375007
1.855 0.00373022
1.86 0.00371052
1.865 0.00369098
1.87 0.0036716
1.875 0.00365237
1.88 0.00363329
1.885 0.00361435
1.89 0.00359557
1.895 0.00357693
1.9 0.00355844
1.905 0.00354008
1.91 0.00352187
1.915 0.0035038
1.92 0.00348587
1.925 0.00346808
1.93 0.00345042
1.935 0.00343289
1.94 0.0034155
1.945 0.00339824
1.95 0.00338111
1.955 0.00336411
1.96 0.00334724
1.965 0.00333049
1.97 0.00331387
1.975 0.00329738
1.98 0.003281
1.985 0.00326475
1.99 0.00324862
1.995 0.00323261
2 0.00321671
2.005 0.00320093
2.01 0.00318527
2.015 0.00316972
2.02 0.00315429
2.025 0.00313897
2.03 0.00312376
2.035 0.00310865
2.04 0.00309366
2.045 0.00307878
2.05 0.003064
2.055 0.00304933
2.06 0.00303477
2.065 0.00302031
2.07 0.00300595
2.075 0.00299169
2.08 0.00297754
2.085 0.00296348
2.09 0.00294953
2.095 0.00293567
2.1 0.00292191
2.105 0.00290825
2.11 0.00289468
2.115 0.0028812
2.12 0.00286783
2.125 0.00285454
2.13 0.00284134
2.135 0.00282824
2.14 0.00281523
2.145 0.0028023
2.15 0.00278947
2.155 0.00277672
2.16 0.00276406
2.165 0.00275149
2.17 0.002739
2.175 0.0027266
2.18 0.00271428
2.185 0.00270204
2.19 0.00268989
2.195 0.00267782
2.2 0.00266583
2.205 0.00265392
2.21 0.00264208
2.215 0.00263033
2.22 0.00261866
2.225 0.00260706
2.23 0.00259554
2.235 0.0025841
2.24 0.00257273
2.245 0.00256144
2.25 0.00255022
2.255 0.00253907
2.26 0.002528
2.265 0.002517
2.27 0.00250607
2.275 0.00249521
2.28 0.00248443
2.285 0.00247371
2.29 0.00246306
2.295 0.00245248
2.3 0.00244197
2.305 0.00243152
2.31 0.00242115
2.315 0.00241083
2.32 0.00240059
2.325 0.00239041
2.33 0.00238029
2.335 0.00237024
2.34 0.00236025
2.345 0.00235032
2.35 0.00234046
2.355 0.00233066
2.36 0.00232092
2.365 0.00231124
2.37 0.00230162
2.375 0.00229206
2.38 0.00228256
2.385 0.00227312
2.39 0.00226374
2.395 0.00225442
2.4 0.00224515
2.405 0.00223594
2.41 0.00222679
2.415 0.00221769
2.42 0.00220865
2.425 0.00219966
2.43 0.00219073
2.435 0.00218185
2.44 0.00217303
2.445 0.00216426
2.45 0.00215554
2.455 0.00214688
2.46 0.00213827
2.465 0.0021297
2.47 0.0021212
2.475 0.00211274
2.48 0.00210433
2.485 0.00209597
2.49 0.00208766
2.495 0.0020794
2.5 0.00207119
2.505 0.00206303
2.51 0.00205492
2.515 0.00204685
2.52 0.00203883
2.525 0.00203086
2.53 0.00202293
2.535 0.00201506
2.54 0.00200722
2.545 0.00199944
2.55 0.00199169
2.555 0.001984
2.56 0.00197634
2.565 0.00196874
2.57 0.00196117
2.575 0.00195365
2.58 0.00194617
2.585 0.00193874
2.59 0.00193134
2.595 0.00192399
2.6 0.00191668
2.605 0.00190942
2.61 0.00190219
2.615 0.00189501
2.62 0.00188786
2.625 0.00188076
2.63 0.00187369
2.635 0.00186667
2.64 0.00185968
2.645 0.00185274
2.65 0.00184583
2.655 0.00183896
2.66 0.00183213
2.665 0.00182534
2.67 0.00181859
2.675 0.00181187
2.68 0.00180519
2.685 0.00179854
2.69 0.00179194
2.695 0.00178537
2.7 0.00177883
2.705 0.00177234
2.71 0.00176587
2.715 0.00175944
2.72 0.00175305
2.725 0.00174669
2.73 0.00174037
2.735 0.00173408
2.74 0.00172783
2.745 0.00172161
2.75 0.00171542
2.755 0.00170926
2.76 0.00170314
2.765 0.00169705
2.77 0.001691
2.775 0.00168497
2.78 0.00167898
2.785 0.00167302
2.79 0.00166709
2.795 0.0016612
2.8 0.00165533
2.805 0.0016495
2.81 0.00164369
2.815 0.00163792
2.82 0.00163218
2.825 0.00162646
2.83 0.00162078
2.835 0.00161513
2.84 0.00160951
2.845 0.00160391
2.85 0.00159835
2.855 0.00159281
2.86 0.0015873
2.865 0.00158182
2.87 0.00157637
2.875 0.00157095
2.88 0.00156556
2.885 0.00156019
2.89 0.00155485
2.895 0.00154954
2.9 0.00154425
2.905 0.00153899
2.91 0.00153376
2.915 0.00152856
2.92 0.00152338
2.925 0.00151823
2.93 0.0015131
2.935 0.001508
2.94 0.00150293
2.945 0.00149788
2.95 0.00149286
2.955 0.00148786
2.96 0.00148289
2.965 0.00147794
2.97 0.00147302
2.975 0.00146812
2.98 0.00146324
2.985 0.00145839
2.99 0.00145357
2.995 0.00144877
3 0.00144399
3.005 0.00143923
3.01 0.0014345
3.015 0.00142979
3.02 0.00142511
3.025 0.00142045
3.03 0.00141581
3.035 0.00141119
3.04 0.0014066
3.045 0.00140202
3.05 0.00139748
3.055 0.00139295
3.06 0.00138844
3.065 0.00138396
3.07 0.0013795
3.075 0.00137506
3.08 0.00137064
3.085 0.00136624
3.09 0.00136186
3.095 0.00135751
3.1 0.00135317
3.105 0.00134886
3.11 0.00134457
3.115 0.00134029
3.12 0.00133604
3.125 0.00133181
3.13 0.0013276
3.135 0.00132341
3.14 0.00131923
3.145 0.00131508
3.15 0.00131095
3.155 0.00130683
3.16 0.00130274
3.165 0.00129866
3.17 0.00129461
3.175 0.00129057
3.18 0.00128655
3.185 0.00128255
3.19 0.00127857
3.195 0.00127461
3.2 0.00127066
3.205 0.00126674
3.21 0.00126283
3.215 0.00125894
3.22 0.00125507
3.225 0.00125122
3.23 0.00124738
3.235 0.00124356
3.24 0.00123976
3.245 0.00123598
3.25 0.00123221
3.255 0.00122846
3.26 0.00122473
3.265 0.00122101
3.27 0.00121732
3.275 0.00121363
3.28 0.00120997
3.285 0.00120632
3.29 0.00120269
3.295 0.00119907
3.3 0.00119548
3.305 0.00119189
3.31 0.00118833
3.315 0.00118477
3.32 0.00118124
3.325 0.00117772
3.33 0.00117422
3.335 0.00117073
3.34 0.00116726
3.345 0.0011638
3.35 0.00116036
3.355 0.00115693
3.36 0.00115352
3.365 0.00115012
3.37 0.00114674
3.375 0.00114338
3.38 0.00114003
3.385 0.00113669
3.39 0.00113337
3.395 0.00113006
3.4 0.00112677
3.405 0.00112349
3.41 0.00112022
3.415 0.00111697
3.42 0.00111374
3.425 0.00111051
3.43 0.00110731
3.435 0.00110411
3.44 0.00110093
3.445 0.00109776
3.45 0.00109461
3.455 0.00109147
3.46 0.00108834
3.465 0.00108523
3.47 0.00108213
3.475 0.00107905
3.48 0.00107597
3.485 0.00107291
3.49 0.00106987
3.495 0.00106683
3.5 0.00106381
3.505 0.0010608
3.51 0.00105781
3.515 0.00105483
3.52 0.00105186
3.525 0.0010489
3.53 0.00104595
3.535 0.00104302
3.54 0.0010401
3.545 0.00103719
3.55 0.0010343
3.555 0.00103141
3.56 0.00102854
3.565 0.00102568
3.57 0.00102283
3.575 0.00101999
3.58 0.00101717
3.585 0.00101436
3.59 0.00101156
3.595 0.00100877
3.6 0.00100599
3.605 0.00100322
3.61 0.00100047
3.615 0.000997724
3.62 0.000994991
3.625 0.00099227
3.63 0.00098956
3.635 0.000986861
3.64 0.000984173
3.645 0.000981496
3.65 0.00097883
3.655 0.000976174
3.66 0.00097353
3.665 0.000970896
3.67 0.000968273
3.675 0.00096566
3.68 0.000963058
3.685 0.000960467
3.69 0.000957886
3.695 0.000955315
3.7 0.000952755
3.705 0.000950205
3.71 0.000947665
3.715 0.000945135
3.72 0.000942616
3.725 0.000940106
3.73 0.000937607
3.735 0.000935117
3.74 0.000932638
3.745 0.000930168
3.75 0.000927708
3.755 0.000925258
3.76 0.000922817
3.765 0.000920386
3.77 0.000917965
3.775 0.000915553
3.78 0.000913151
3.785 0.000910758
3.79 0.000908375
3.795 0.000906001
3.8 0.000903636
3.805 0.00090128
3.81 0.000898934
3.815 0.000896597
3.82 0.000894268
3.825 0.000891949
3.83 0.000889639
3.835 0.000887338
3.84 0.000885046
3.845 0.000882763
3.85 0.000880488
3.855 0.000878222
3.86 0.000875965
3.865 0.000873717
3.87 0.000871478
3.875 0.000869246
3.88 0.000867024
3.885 0.00086481
3.89 0.000862604
3.895 0.000860407
3.9 0.000858219
3.905 0.000856038
3.91 0.000853866
3.915 0.000851702
3.92 0.000849547
3.925 0.000847399
3.93 0.00084526
3.935 0.000843129
3.94 0.000841006
3.945 0.00083889
3.95 0.000836783
3.955 0.000834684
3.96 0.000832592
3.965 0.000830509
3.97 0.000828433
3.975 0.000826365
3.98 0.000824305
3.985 0.000822253
3.99 0.000820208
3.995 0.00081817
4 0.000816141
4.005 0.000814119
4.01 0.000812104
4.015 0.000810097
4.02 0.000808097
4.025 0.000806105
4.03 0.00080412
4.035 0.000802142
4.04 0.000800172
4.045 0.000798209
4.05 0.000796253
4.055 0.000794304
4.06 0.000792362
4.065 0.000790428
4.07 0.0007885
4.075 0.00078658
4.08 0.000784667
4.085 0.00078276
4.09 0.000780861
4.095 0.000778968
4.1 0.000777083
4.105 0.000775204
4.11 0.000773332
4.115 0.000771466
4.12 0.000769608
4.125 0.000767756
4.13 0.000765911
4.135 0.000764072
4.14 0.000762241
4.145 0.000760415
4.15 0.000758596
4.155 0.000756784
4.16 0.000754978
4.165 0.000753179
4.17 0.000751386
4.175 0.0007496
4.18 0.00074782
4.185 0.000746046
4.19 0.000744278
4.195 0.000742517
4.2 0.000740762
4.205 0.000739013
4.21 0.000737271
4.215 0.000735534
4.22 0.000733804
4.225 0.00073208
4.23 0.000730362
4.235 0.00072865
4.24 0.000726943
4.245 0.000725243
4.25 0.000723549
4.255 0.000721861
4.26 0.000720179
4.265 0.000718502
4.27 0.000716832
4.275 0.000715167
4.28 0.000713508
4.285 0.000711855
4.29 0.000710207
4.295 0.000708565
4.3 0.000706929
4.305 0.000705299
4.31 0.000703674
4.315 0.000702055
4.32 0.000700441
4.325 0.000698833
4.33 0.000697231
4.335 0.000695634
4.34 0.000694042
4.345 0.000692456
4.35 0.000690875
4.355 0.0006893
4.36 0.00068773
4.365 0.000686166
4.37 0.000684607
4.375 0.000683053
4.38 0.000681504
4.385 0.000679961
4.39 0.000678423
4.395 0.00067689
4.4 0.000675362
4.405 0.00067384
4.41 0.000672322
4.415 0.00067081
4.42 0.000669303
4.425 0.000667801
4.43 0.000666304
4.435 0.000664811
4.44 0.000663324
4.445 0.000661842
4.45 0.000660365
4.455 0.000658893
4.46 0.000657426
4.465 0.000655964
4.47 0.000654506
4.475 0.000653054
4.48 0.000651606
4.485 0.000650163
4.49 0.000648725
4.495 0.000647291
4.5 0.000645863
4.505 0.000644439
4.51 0.000643019
4.515 0.000641605
4.52 0.000640195
4.525 0.00063879
4.53 0.000637389
4.535 0.000635993
4.54 0.000634602
4.545 0.000633215
4.55 0.000631832
4.555 0.000630455
4.56 0.000629081
4.565 0.000627712
4.57 0.000626348
4.575 0.000624988
4.58 0.000623633
4.585 0.000622281
4.59 0.000620935
4.595 0.000619592
4.6 0.000618254
4.605 0.000616921
4.61 0.000615591
4.615 0.000614266
4.62 0.000612945
4.625 0.000611629
4.63 0.000610316
4.635 0.000609008
4.64 0.000607704
4.645 0.000606405
4.65 0.000605109
4.655 0.000603818
4.66 0.000602531
4.665 0.000601247
4.67 0.000599968
4.675 0.000598693
4.68 0.000597422
4.685 0.000596155
4.69 0.000594893
4.695 0.000593634
4.7 0.000592379
4.705 0.000591128
4.71 0.000589881
4.715 0.000588638
4.72 0.000587399
4.725 0.000586164
4.73 0.000584932
4.735 0.000583705
4.74 0.000582482
4.745 0.000581262
4.75 0.000580046
4.755 0.000578834
4.76 0.000577626
4.765 0.000576421
4.77 0.00057522
4.775 0.000574023
4.78 0.00057283
4.785 0.000571641
4.79 0.000570455
4.795 0.000569273
4.8 0.000568094
4.805 0.000566919
4.81 0.000565748
4.815 0.000564581
4.82 0.000563417
4.825 0.000562256
4.83 0.0005611
4.835 0.000559946
4.84 0.000558797
4.845 0.000557651
4.85 0.000556508
4.855 0.000555369
4.86 0.000554233
4.865 0.000553101
4.87 0.000551973
4.875 0.000550847
4.88 0.000549726
4.885 0.000548607
4.89 0.000547492
4.895 0.000546381
4.9 0.000545273
4.905 0.000544168
4.91 0.000543066
4.915 0.000541968
4.92 0.000540874
4.925 0.000539782
4.93 0.000538694
4.935 0.000537609
4.94 0.000536528
4.945 0.000535449
4.95 0.000534374
4.955 0.000533302
4.96 0.000532234
4.965 0.000531168
4.97 0.000530106
4.975 0.000529047
4.98 0.000527991
4.985 0.000526938
4.99 0.000525889
4.995 0.000524842
5 0.000523799
5.005 0.000522759
5.01 0.000521722
5.015 0.000520688
5.02 0.000519657
5.025 0.000518629
5.03 0.000517604
5.035 0.000516582
5.04 0.000515563
5.045 0.000514547
5.05 0.000513535
5.055 0.000512525
5.06 0.000511518
5.065 0.000510514
5.07 0.000509513
5.075 0.000508515
5.08 0.00050752
5.085 0.000506528
5.09 0.000505539
5.095 0.000504553
5.1 0.000503569
5.105 0.000502589
5.11 0.000501611
5.115 0.000500636
5.12 0.000499664
5.125 0.000498695
5.13 0.000497728
5.135 0.000496765
5.14 0.000495804
5.145 0.000494846
5.15 0.000493891
5.155 0.000492938
5.16 0.000491989
5.165 0.000491042
5.17 0.000490097
5.175 0.000489156
5.18 0.000488217
5.185 0.000487281
5.19 0.000486348
5.195 0.000485417
5.2 0.000484489
5.205 0.000483563
5.21 0.000482641
5.215 0.000481721
5.22 0.000480803
5.225 0.000479888
5.23 0.000478976
5.235 0.000478066
5.24 0.000477159
5.245 0.000476255
5.25 0.000475353
5.255 0.000474453
5.26 0.000473557
5.265 0.000472662
5.27 0.000471771
5.275 0.000470881
5.28 0.000469995
5.285 0.00046911
5.29 0.000468229
5.295 0.000467349
5.3 0.000466473
5.305 0.000465598
5.31 0.000464726
5.315 0.000463857
5.32 0.00046299
5.325 0.000462126
5.33 0.000461263
5.335 0.000460404
5.34 0.000459546
5.345 0.000458692
5.35 0.000457839
5.355 0.000456989
5.36 0.000456141
5.365 0.000455296
5.37 0.000454453
5.375 0.000453612
5.38 0.000452773
5.385 0.000451937
5.39 0.000451104
5.395 0.000450272
5.4 0.000449443
5.405 0.000448616
5.41 0.000447791
5.415 0.000446969
5.42 0.000446149
5.425 0.000445331
5.43 0.000444516
5.435 0.000443702
5.44 0.000442891
5.445 0.000442082
5.45 0.000441276
5.455 0.000440471
5.46 0.000439669
5.465 0.000438869
5.47 0.000438071
5.475 0.000437275
5.48 0.000436482
5.485 0.00043569
5.49 0.000434901
5.495 0.000434114
5.5 0.000433329
5.505 0.000432546
5.51 0.000431765
5.515 0.000430987
5.52 0.00043021
5.525 0.000429436
5.53 0.000428663
5.535 0.000427893
5.54 0.000427125
5.545 0.000426359
5.55 0.000425595
5.555 0.000424833
5.56 0.000424073
5.565 0.000423315
5.57 0.000422559
5.575 0.000421805
5.58 0.000421053
5.585 0.000420304
5.59 0.000419556
5.595 0.00041881
5.6 0.000418066
5.605 0.000417324
5.61 0.000416584
5.615 0.000415846
5.62 0.00041511
5.625 0.000414376
5.63 0.000413644
5.635 0.000412914
5.64 0.000412186
5.645 0.00041146
5.65 0.000410735
5.655 0.000410013
5.66 0.000409292
5.665 0.000408574
5.67 0.000407857
5.675 0.000407142
5.68 0.000406429
5.685 0.000405718
5.69 0.000405009
5.695 0.000404301
5.7 0.000403596
5.705 0.000402892
5.71 0.00040219
5.715 0.00040149
5.72 0.000400792
5.725 0.000400095
5.73 0.000399401
5.735 0.000398708
5.74 0.000398017
5.745 0.000397328
5.75 0.00039664
5.755 0.000395955
5.76 0.000395271
5.765 0.000394589
5.77 0.000393909
5.775 0.00039323
5.78 0.000392553
5.785 0.000391878
5.79 0.000391205
5.795 0.000390533
5.8 0.000389864
5.805 0.000389195
5.81 0.000388529
5.815 0.000387864
5.82 0.000387201
5.825 0.00038654
5.83 0.00038588
5.835 0.000385223
5.84 0.000384566
5.845 0.000383912
5.85 0.000383259
5.855 0.000382608
5.86 0.000381958
5.865 0.00038131
5.87 0.000380664
5.875 0.000380019
5.88 0.000379376
5.885 0.000378735
5.89 0.000378095
5.895 0.000377457
5.9 0.000376821
5.905 0.000376186
5.91 0.000375552
5.915 0.000374921
5.92 0.000374291
5.925 0.000373662
5.93 0.000373035
5.935 0.00037241
5.94 0.000371786
5.945 0.000371164
5.95 0.000370543
5.955 0.000369924
5.96 0.000369306
5.965 0.00036869
5.97 0.000368076
5.975 0.000367463
5.98 0.000366852
5.985 0.000366242
5.99 0.000365633
5.995 0.000365027
6 0.000364421
6.005 0.000363817
6.01 0.000363215
6.015 0.000362614
6.02 0.000362015
6.025 0.000361417
6.03 0.000360821
6.035 0.000360226
6.04 0.000359632
6.045 0.00035904
6.05 0.00035845
6.055 0.000357861
6.06 0.000357273
6.065 0.000356687
6.07 0.000356102
6.075 0.000355519
6.08 0.000354937
6.085 0.000354357
6.09 0.000353778
6.095 0.0003532
6.1 0.000352624
6.105 0.000352049
6.11 0.000351476
6.115 0.000350904
6.12 0.000350333
6.125 0.000349764
6.13 0.000349196
6.135 0.00034863
6.14 0.000348065
6.145 0.000347501
6.15 0.000346939
6.155 0.000346378
6.16 0.000345818
6.165 0.00034526
6.17 0.000344703
6.175 0.000344148
6.18 0.000343594
6.185 0.000343041
6.19 0.000342489
6.195 0.000341939
6.2 0.00034139
6.205 0.000340843
6.21 0.000340297
6.215 0.000339752
6.22 0.000339208
6.225 0.000338666
6.23 0.000338125
6.235 0.000337585
6.24 0.000337047
6.245 0.00033651
6.25 0.000335974
6.255 0.000335439
6.26 0.000334906
6.265 0.000334374
6.27 0.000333843
6.275 0.000333314
6.28 0.000332785
6.285 0.000332258
6.29 0.000331733
6.295 0.000331208
6.3 0.000330685
6.305 0.000330163
6.31 0.000329642
6.315 0.000329123
6.32 0.000328604
6.325 0.000328087
6.33 0.000327572
6.335 0.000327057
6.34 0.000326543
6.345 0.000326031
6.35 0.00032552
6.355 0.00032501
6.36 0.000324502
6.365 0.000323994
6.37 0.000323488
6.375 0.000322983
6.38 0.000322479
6.385 0.000321977
6.39 0.000321475
6.395 0.000320975
6.4 0.000320475
6.405 0.000319977
6.41 0.000319481
6.415 0.000318985
6.42 0.00031849
6.425 0.000317997
6.43 0.000317505
6.435 0.000317014
6.44 0.000316524
6.445 0.000316035
6.45 0.000315547
6.455 0.00031506
6.46 0.000314575
6.465 0.000314091
6.47 0.000313607
6.475 0.000313125
6.48 0.000312644
6.485 0.000312165
6.49 0.000311686
6.495 0.000311208
6.5 0.000310731
6.505 0.000310256
6.51 0.000309782
6.515 0.000309308
6.52 0.000308836
6.525 0.000308365
6.53 0.000307895
6.535 0.000307426
6.54 0.000306958
6.545 0.000306491
6.55 0.000306025
6.555 0.000305561
6.56 0.000305097
6.565 0.000304634
6.57 0.000304173
6.575 0.000303712
6.58 0.000303253
6.585 0.000302794
6.59 0.000302337
6.595 0.000301881
6.6 0.000301425
6.605 0.000300971
6.61 0.000300518
6.615 0.000300065
6.62 0.000299614
6.625 0.000299164
6.63 0.000298715
6.635 0.000298267
6.64 0.000297819
6.645 0.000297373
6.65 0.000296928
6.655 0.000296484
6.66 0.000296041
6.665 0.000295599
6.67 0.000295157
6.675 0.000294717
6.68 0.000294278
6.685 0.00029384
6.69 0.000293402
6.695 0.000292966
6.7 0.000292531
6.705 0.000292096
6.71 0.000291663
6.715 0.000291231
6.72 0.000290799
6.725 0.000290369
6.73 0.000289939
6.735 0.000289511
6.74 0.000289083
6.745 0.000288656
6.75 0.00028823
6.755 0.000287806
6.76 0.000287382
6.765 0.000286959
6.77 0.000286537
6.775 0.000286116
6.78 0.000285696
6.785 0.000285276
6.79 0.000284858
6.795 0.000284441
6.8 0.000284024
6.805 0.000283609
6.81 0.000283194
6.815 0.00028278
6.82 0.000282368
6.825 0.000281956
6.83 0.000281545
6.835 0.000281134
6.84 0.000280725
6.845 0.000280317
6.85 0.00027991
6.855 0.000279503
6.86 0.000279097
6.865 0.000278692
6.87 0.000278289
6.875 0.000277886
6.88 0.000277483
6.885 0.000277082
6.89 0.000276682
6.895 0.000276282
6.9 0.000275883
6.905 0.000275486
6.91 0.000275089
6.915 0.000274693
6.92 0.000274297
6.925 0.000273903
6.93 0.000273509
6.935 0.000273117
6.94 0.000272725
6.945 0.000272334
6.95 0.000271944
6.955 0.000271554
6.96 0.000271166
6.965 0.000270778
6.97 0.000270391
6.975 0.000270005
6.98 0.00026962
6.985 0.000269236
6.99 0.000268852
6.995 0.00026847
7 0.000268088
7.005 0.000267707
7.01 0.000267326
7.015 0.000266947
7.02 0.000266568
7.025 0.00026619
7.03 0.000265813
7.035 0.000265437
7.04 0.000265062
7.045 0.000264687
7.05 0.000264313
7.055 0.00026394
7.06 0.000263568
7.065 0.000263196
7.07 0.000262826
7.075 0.000262456
7.08 0.000262087
7.085 0.000261718
7.09 0.000261351
7.095 0.000260984
7.1 0.000260618
7.105 0.000260252
7.11 0.000259888
7.115 0.000259524
7.12 0.000259161
7.125 0.000258799
7.13 0.000258438
7.135 0.000258077
7.14 0.000257717
7.145 0.000257358
7.15 0.000256999
7.155 0.000256642
7.16 0.000256285
7.165 0.000255928
7.17 0.000255573
7.175 0.000255218
7.18 0.000254864
7.185 0.000254511
7.19 0.000254159
7.195 0.000253807
7.2 0.000253456
7.205 0.000253105
7.21 0.000252756
7.215 0.000252407
7.22 0.000252059
7.225 0.000251711
7.23 0.000251365
7.235 0.000251019
7.24 0.000250673
7.245 0.000250329
7.25 0.000249985
7.255 0.000249642
7.26 0.000249299
7.265 0.000248957
7.27 0.000248616
7.275 0.000248276
7.28 0.000247936
7.285 0.000247597
7.29 0.000247259
7.295 0.000246922
7.3 0.000246585
7.305 0.000246249
7.31 0.000245913
7.315 0.000245578
7.32 0.000245244
7.325 0.000244911
7.33 0.000244578
7.335 0.000244246
7.34 0.000243914
7.345 0.000243584
7.35 0.000243254
7.355 0.000242924
7.36 0.000242596
7.365 0.000242267
7.37 0.00024194
7.375 0.000241613
7.38 0.000241287
7.385 0.000240962
7.39 0.000240637
7.395 0.000240313
7.4 0.00023999
7.405 0.000239667
7.41 0.000239345
7.415 0.000239023
7.42 0.000238702
7.425 0.000238382
7.43 0.000238063
7.435 0.000237744
7.44 0.000237425
7.445 0.000237108
7.45 0.000236791
7.455 0.000236474
7.46 0.000236159
7.465 0.000235844
7.47 0.000235529
7.475 0.000235215
7.48 0.000234902
7.485 0.000234589
7.49 0.000234277
7.495 0.000233966
7.5 0.000233655
7.505 0.000233345
7.51 0.000233036
7.515 0.000232727
7.52 0.000232419
7.525 0.000232111
7.53 0.000231804
7.535 0.000231498
7.54 0.000231192
7.545 0.000230887
7.55 0.000230582
7.555 0.000230278
7.56 0.000229975
7.565 0.000229672
7.57 0.00022937
7.575 0.000229068
7.58 0.000228767
7.585 0.000228466
7.59 0.000228167
7.595 0.000227867
7.6 0.000227569
7.605 0.000227271
7.61 0.000226973
7.615 0.000226676
7.62 0.00022638
7.625 0.000226084
7.63 0.000225789
7.635 0.000225495
7.64 0.000225201
7.645 0.000224907
7.65 0.000224614
7.655 0.000224322
7.66 0.00022403
7.665 0.000223739
7.67 0.000223449
7.675 0.000223158
7.68 0.000222869
7.685 0.00022258
7.69 0.000222292
7.695 0.000222004
7.7 0.000221717
7.705 0.00022143
7.71 0.000221144
7.715 0.000220859
7.72 0.000220574
7.725 0.000220289
7.73 0.000220005
7.735 0.000219722
7.74 0.000219439
7.745 0.000219157
7.75 0.000218875
7.755 0.000218594
7.76 0.000218313
7.765 0.000218033
7.77 0.000217754
7.775 0.000217475
7.78 0.000217196
7.785 0.000216918
7.79 0.000216641
7.795 0.000216364
7.8 0.000216088
7.805 0.000215812
7.81 0.000215537
7.815 0.000215262
7.82 0.000214988
7.825 0.000214714
7.83 0.000214441
7.835 0.000214168
7.84 0.000213896
7.845 0.000213624
7.85 0.000213353
7.855 0.000213083
7.86 0.000212813
7.865 0.000212543
7.87 0.000212274
7.875 0.000212005
7.88 0.000211737
7.885 0.00021147
7.89 0.000211203
7.895 0.000210936
7.9 0.00021067
7.905 0.000210405
7.91 0.00021014
7.915 0.000209875
7.92 0.000209611
7.925 0.000209348
7.93 0.000209085
7.935 0.000208822
7.94 0.00020856
7.945 0.000208299
7.95 0.000208038
7.955 0.000207777
7.96 0.000207517
7.965 0.000207258
7.97 0.000206999
7.975 0.00020674
7.98 0.000206482
7.985 0.000206224
7.99 0.000205967
7.995 0.00020571
8 0.000205454
8.005 0.000205198
8.01 0.000204943
8.015 0.000204689
8.02 0.000204434
8.025 0.00020418
8.03 0.000203927
8.035 0.000203674
8.04 0.000203422
8.045 0.00020317
8.05 0.000202918
8.055 0.000202667
8.06 0.000202417
8.065 0.000202167
8.07 0.000201917
8.075 0.000201668
8.08 0.000201419
8.085 0.000201171
8.09 0.000200923
8.095 0.000200676
8.1 0.000200429
8.105 0.000200183
8.11 0.000199937
8.115 0.000199692
8.12 0.000199447
8.125 0.000199202
8.13 0.000198958
8.135 0.000198714
8.14 0.000198471
8.145 0.000198228
8.15 0.000197986
8.155 0.000197744
8.16 0.000197502
8.165 0.000197261
8.17 0.000197021
8.175 0.000196781
8.18 0.000196541
8.185 0.000196302
8.19 0.000196063
8.195 0.000195825
8.2 0.000195587
8.205 0.000195349
8.21 0.000195112
8.215 0.000194875
8.22 0.000194639
8.225 0.000194403
8.23 0.000194168
8.235 0.000193933
8.24 0.000193699
8.245 0.000193464
8.25 0.000193231
8.255 0.000192998
8.26 0.000192765
8.265 0.000192532
8.27 0.0001923
8.275 0.000192069
8.28 0.000191838
8.285 0.000191607
8.29 0.000191377
8.295 0.000191147
8.3 0.000190917
8.305 0.000190688
8.31 0.00019046
8.315 0.000190231
8.32 0.000190003
8.325 0.000189776
8.33 0.000189549
8.335 0.000189322
8.34 0.000189096
8.345 0.00018887
8.35 0.000188645
8.355 0.00018842
8.36 0.000188195
8.365 0.000187971
8.37 0.000187747
8.375 0.000187524
8.38 0.000187301
8.385 0.000187079
8.39 0.000186856
8.395 0.000186635
8.4 0.000186413
8.405 0.000186192
8.41 0.000185972
8.415 0.000185751
8.42 0.000185531
8.425 0.000185312
8.43 0.000185093
8.435 0.000184874
8.44 0.000184656
8.445 0.000184438
8.45 0.000184221
8.455 0.000184003
8.46 0.000183787
8.465 0.00018357
8.47 0.000183354
8.475 0.000183139
8.48 0.000182924
8.485 0.000182709
8.49 0.000182494
8.495 0.00018228
8.5 0.000182067
8.505 0.000181853
8.51 0.00018164
8.515 0.000181428
8.52 0.000181215
8.525 0.000181004
8.53 0.000180792
8.535 0.000180581
8.54 0.00018037
8.545 0.00018016
8.55 0.00017995
8.555 0.00017974
8.56 0.000179531
8.565 0.000179322
8.57 0.000179114
8.575 0.000178906
8.58 0.000178698
8.585 0.00017849
8.59 0.000178283
8.595 0.000178077
8.6 0.00017787
8.605 0.000177664
8.61 0.000177459
8.615 0.000177253
8.62 0.000177048
8.625 0.000176844
8.63 0.00017664
8.635 0.000176436
8.64 0.000176232
8.645 0.000176029
8.65 0.000175826
8.655 0.000175624
8.66 0.000175422
8.665 0.00017522
8.67 0.000175019
8.675 0.000174817
8.68 0.000174617
8.685 0.000174416
8.69 0.000174216
8.695 0.000174017
8.7 0.000173817
8.705 0.000173618
8.71 0.00017342
8.715 0.000173221
8.72 0.000173023
8.725 0.000172826
8.73 0.000172628
8.735 0.000172431
8.74 0.000172235
8.745 0.000172039
8.75 0.000171843
8.755 0.000171647
8.76 0.000171452
8.765 0.000171257
8.77 0.000171062
8.775 0.000170868
8.78 0.000170674
8.785 0.00017048
8.79 0.000170287
8.795 0.000170094
8.8 0.000169901
8.805 0.000169709
8.81 0.000169517
8.815 0.000169325
8.82 0.000169134
8.825 0.000168943
8.83 0.000168752
8.835 0.000168562
8.84 0.000168372
8.845 0.000168182
8.85 0.000167993
8.855 0.000167804
8.86 0.000167615
8.865 0.000167427
8.87 0.000167238
8.875 0.000167051
8.88 0.000166863
8.885 0.000166676
8.89 0.000166489
8.895 0.000166302
8.9 0.000166116
8.905 0.00016593
8.91 0.000165745
8.915 0.000165559
8.92 0.000165374
8.925 0.00016519
8.93 0.000165005
8.935 0.000164821
8.94 0.000164638
8.945 0.000164454
8.95 0.000164271
8.955 0.000164088
8.96 0.000163906
8.965 0.000163723
8.97 0.000163541
8.975 0.00016336
8.98 0.000163178
8.985 0.000162997
8.99 0.000162817
8.995 0.000162636
9 0.000162456
9.005 0.000162276
9.01 0.000162097
9.015 0.000161918
9.02 0.000161739
9.025 0.00016156
9.03 0.000161382
9.035 0.000161204
9.04 0.000161026
9.045 0.000160849
9.05 0.000160671
9.055 0.000160495
9.06 0.000160318
9.065 0.000160142
9.07 0.000159966
9.075 0.00015979
9.08 0.000159615
9.085 0.000159439
9.09 0.000159265
9.095 0.00015909
9.1 0.000158916
9.105 0.000158742
9.11 0.000158568
9.115 0.000158395
9.12 0.000158222
9.125 0.000158049
9.13 0.000157876
9.135 0.000157704
9.14 0.000157532
9.145 0.00015736
9.15 0.000157189
9.155 0.000157018
9.16 0.000156847
9.165 0.000156676
9.17 0.000156506
9.175 0.000156336
9.18 0.000156166
9.185 0.000155997
9.19 0.000155828
9.195 0.000155659
9.2 0.00015549
9.205 0.000155322
9.21 0.000155153
9.215 0.000154986
9.22 0.000154818
9.225 0.000154651
9.23 0.000154484
9.235 0.000154317
9.24 0.000154151
9.245 0.000153984
9.25 0.000153818
9.255 0.000153653
9.26 0.000153487
9.265 0.000153322
9.27 0.000153157
9.275 0.000152993
9.28 0.000152828
9.285 0.000152664
9.29 0.0001525
9.295 0.000152337
9.3 0.000152174
9.305 0.000152011
9.31 0.000151848
9.315 0.000151685
9.32 0.000151523
9.325 0.000151361
9.33 0.000151199
9.335 0.000151038
9.34 0.000150877
9.345 0.000150716
9.35 0.000150555
9.355 0.000150395
9.36 0.000150235
9.365 0.000150075
9.37 0.000149915
9.375 0.000149756
9.38 0.000149596
9.385 0.000149438
9.39 0.000149279
9.395 0.00014912
9.4 0.000148962
9.405 0.000148804
9.41 0.000148647
9.415 0.000148489
9.42 0.000148332
9.425 0.000148175
9.43 0.000148019
9.435 0.000147862
9.44 0.000147706
9.445 0.00014755
9.45 0.000147395
9.455 0.000147239
9.46 0.000147084
9.465 0.000146929
9.47 0.000146774
9.475 0.00014662
9.48 0.000146466
9.485 0.000146312
9.49 0.000146158
9.495 0.000146005
9.5 0.000145852
9.505 0.000145699
9.51 0.000145546
9.515 0.000145393
9.52 0.000145241
9.525 0.000145089
9.53 0.000144937
9.535 0.000144786
9.54 0.000144635
9.545 0.000144483
9.55 0.000144333
9.555 0.000144182
9.56 0.000144032
9.565 0.000143882
9.57 0.000143732
9.575 0.000143582
9.58 0.000143433
9.585 0.000143283
9.59 0.000143134
9.595 0.000142986
9.6 0.000142837
9.605 0.000142689
9.61 0.000142541
9.615 0.000142393
9.62 0.000142246
9.625 0.000142098
9.63 0.000141951
9.635 0.000141804
9.64 0.000141658
9.645 0.000141511
9.65 0.000141365
9.655 0.000141219
9.66 0.000141073
9.665 0.000140928
9.67 0.000140782
9.675 0.000140637
9.68 0.000140493
9.685 0.000140348
9.69 0.000140204
9.695 0.000140059
9.7 0.000139915
9.705 0.000139772
9.71 0.000139628
9.715 0.000139485
9.72 0.000139342
9.725 0.000139199
9.73 0.000139056
9.735 0.000138914
9.74 0.000138772
9.745 0.00013863
9.75 0.000138488
9.755 0.000138346
9.76 0.000138205
9.765 0.000138064
9.77 0.000137923
9.775 0.000137782
9.78 0.000137642
9.785 0.000137502
9.79 0.000137362
9.795 0.000137222
9.8 0.000137082
9.805 0.000136943
9.81 0.000136804
9.815 0.000136665
9.82 0.000136526
9.825 0.000136388
9.83 0.000136249
9.835 0.000136111
9.84 0.000135973
9.845 0.000135835
9.85 0.000135698
9.855 0.000135561
9.86 0.000135424
9.865 0.000135287
9.87 0.00013515
9.875 0.000135014
9.88 0.000134877
9.885 0.000134741
9.89 0.000134605
9.895 0.00013447
9.9 0.000134334
9.905 0.000134199
9.91 0.000134064
9.915 0.000133929
9.92 0.000133795
9.925 0.00013366
9.93 0.000133526
9.935 0.000133392
9.94 0.000133258
9.945 0.000133125
9.95 0.000132991
9.955 0.000132858
9.96 0.000132725
9.965 0.000132592
9.97 0.00013246
9.975 0.000132327
9.98 0.000132195
9.985 0.000132063
9.99 0.000131931
9.995 0.0001318
