0 -nan
0.005 0.242415
0.01 0.206995
0.015 0.540522
0.02 0.0638145
0.025 0.496322
0.03 0.301649
0.035 0.0737653
0.04 0.485516
0.045 0.0607219
0.05 0.23834
0.055 0.121178
0.06 0.26157
0.065 0.466019
0.07 0.314324
0.075 0.0131927
0.08 0.0239496
0.085 0.0283215
0.09 0.308396
0.095 0.891547
0.1 0.41692
0.105 0.27458
0.11 0.853526
0.115 0.156983
0.12 0.79618
0.125 0.442307
0.13 0.29331
0.135 0.983757
0.14 0.199712
0.145 0.333295
0.15 0.985304
0.155 0.513255
0.16 0.0505515
0.165 0.516334
0.17 0.97218
0.175 0.674686
0.18 0.144315
0.185 0.110907
0.19 0.551476
0.195 0.922393
0.2 0.859886
0.205 0.471794
0.21 0.117748
0.215 0.0598939
0.22 0.300475
0.225 0.648669
0.23 0.886568
0.235 0.897986
0.24 0.702615
0.245 0.412633
0.25 0.160352
0.255 0.0391942
0.26 0.0775778
0.265 0.2443
0.27 0.472723
0.275 0.689333
0.28 0.836284
0.285 0.883306
0.29 0.829153
0.295 0.695562
0.3 0.517554
0.305 0.333421
0.31 0.176662
0.315 0.0708939
0.32 0.0278381
0.325 0.0478242
0.33 0.122002
0.335 0.235403
0.34 0.37015
0.345 0.508295
0.35 0.634003
0.355 0.734977
0.36 0.803139
0.365 0.834705
0.37 0.829776
0.375 0.79165
0.38 0.725966
0.385 0.639831
0.39 0.540992
0.395 0.437146
0.4 0.335383
0.405 0.241797
0.41 0.16124
0.415 0.0972218
0.42 0.0519055
0.425 0.0261971
0.43 0.0198908
0.435 0.0318506
0.44 0.0602099
0.445 0.102573
0.45 0.156204
0.455 0.218202
0.46 0.285647
0.465 0.355726
0.47 0.425827
0.475 0.493612
0.48 0.557062
0.485 0.614506
0.49 0.66463
0.495 0.70647
0.5 0.739395
0.505 0.763085
0.51 0.777496
0.515 0.782825
0.52 0.779477
0.525 0.768022
0.53 0.749165
0.535 0.723709
0.54 0.692523
0.545 0.656515
0.55 0.616608
0.555 0.573716
0.56 0.528727
0.565 0.482489
0.57 0.435798
0.575 0.389388
0.58 0.343925
0.585 0.300004
0.59 0.258147
0.595 0.2188
0.6 0.182337
0.605 0.149062
0.61 0.119211
0.615 0.0929546
0.62 0.0704069
0.625 0.051626
0.63 0.0366211
0.635 0.025357
0.64 0.0177595
0.645 0.0137203
0.65 0.0131017
0.655 0.0157417
0.66 0.0214578
0.665 0.0300515
0.67 0.041312
0.675 0.0550198
0.68 0.0709495
0.685 0.0888729
0.69 0.108562
0.695 0.129789
0.7 0.152333
0.705 0.175977
0.71 0.200509
0.715 0.225728
0.72 0.251442
0.725 0.277466
0.73 0.30363
0.735 0.32977
0.74 0.355737
0.745 0.38139
0.75 0.406602
0.755 0.431256
0.76 0.455245
0.765 0.478476
0.77 0.500863
0.775 0.522331
0.78 0.542816
0.785 0.562263
0.79 0.580624
0.795 0.597862
0.8 0.613947
0.805 0.628856
0.81 0.642572
0.815 0.655087
0.82 0.666396
0.825 0.676503
0.83 0.685414
0.835 0.693142
0.84 0.699701
0.845 0.705112
0.85 0.709398
0.855 0.712585
0.86 0.714702
0.865 0.715779
0.87 0.715851
0.875 0.714951
0.88 0.713116
0.885 0.710384
0.89 0.706792
0.895 0.70238
0.9 0.697187
0.905 0.691252
0.91 0.684617
0.915 0.677319
0.92 0.6694
0.925 0.660898
0.93 0.651852
0.935 0.642301
0.94 0.632282
0.945 0.621832
0.95 0.610988
0.955 0.599784
0.96 0.588256
0.965 0.576436
0.97 0.564358
0.975 0.552051
0.98 0.539548
0.985 0.526877
0.99 0.514066
0.995 0.501142
1 0.488133
1.005 0.475061
1.01 0.461952
1.015 0.448827
1.02 0.435709
1.025 0.422619
1.03 0.409575
1.035 0.396596
1.04 0.3837
1.045 0.370903
1.05 0.358221
1.055 0.345669
1.06 0.333259
1.065 0.321005
1.07 0.308919
1.075 0.297012
1.08 0.285294
1.085 0.273774
1.09 0.262462
1.095 0.251365
1.1 0.24049
1.105 0.229844
1.11 0.219434
1.115 0.209264
1.12 0.199338
1.125 0.189663
1.13 0.18024
1.135 0.171073
1.14 0.162164
1.145 0.153517
1.15 0.145132
1.155 0.13701
1.16 0.129153
1.165 0.12156
1.17 0.114233
1.175 0.10717
1.18 0.100372
1.185 0.0938366
1.19 0.0875636
1.195 0.0815512
1.2 0.075798
1.205 0.0703018
1.21 0.0650606
1.215 0.0600721
1.22 0.0553336
1.225 0.0508426
1.23 0.0465961
1.235 0.0425911
1.24 0.0388245
1.245 0.0352929
1.25 0.0319931
1.255 0.0289215
1.26 0.0260744
1.265 0.0234484
1.27 0.0210394
1.275 0.0188439
1.28 0.0168579
1.285 0.0150774
1.29 0.0134986
1.295 0.0121173
1.3 0.0109297
1.305 0.00993155
1.31 0.0091189
1.315 0.00848764
1.32 0.0080337
1.325 0.007753
1.33 0.00764145
1.335 0.00769499
1.34 0.00790957
1.345 0.00828116
1.35 0.00880574
1.355 0.00947931
1.36 0.0102979
1.365 0.0112576
1.37 0.0123546
1.375 0.0135848
1.38 0.0149446
1.385 0.0164301
1.39 0.0180376
1.395 0.0197633
1.4 0.0216038
1.405 0.0235552
1.41 0.0256141
1.415 0.0277769
1.42 0.0300403
1.425 0.0324007
1.43 0.0348549
1.435 0.0373995
1.44 0.0400313
1.445 0.0427471
1.45 0.0455437
1.455 0.0484181
1.46 0.0513673
1.465 0.0543882
1.47 0.0574779
1.475 0.0606337
1.48 0.0638526
1.485 0.0671319
1.49 0.070469
1.495 0.0738612
1.5 0.0773059
1.505 0.0808005
1.51 0.0843427
1.515 0.0879299
1.52 0.0915598
1.525 0.0952301
1.53 0.0989386
1.535 0.102683
1.54 0.106461
1.545 0.110271
1.55 0.11411
1.555 0.117977
1.56 0.12187
1.565 0.125786
1.57 0.129724
1.575 0.133682
1.58 0.137658
1.585 0.141651
1.59 0.145659
1.595 0.14968
1.6 0.153712
1.605 0.157755
1.61 0.161806
1.615 0.165865
1.62 0.169929
1.625 0.173997
1.63 0.178069
1.635 0.182142
1.64 0.186215
1.645 0.190288
1.65 0.194359
1.655 0.198426
1.66 0.20249
1.665 0.206547
1.67 0.210599
1.675 0.214643
1.68 0.218679
1.685 0.222705
1.69 0.226721
1.695 0.230726
1.7 0.234719
1.705 0.238699
1.71 0.242665
1.715 0.246617
1.72 0.250554
1.725 0.254475
1.73 0.258379
1.735 0.262266
1.74 0.266135
1.745 0.269986
1.75 0.273817
1.755 0.277629
1.76 0.281421
1.765 0.285192
1.77 0.288941
1.775 0.292669
1.78 0.296375
1.785 0.300058
1.79 0.303718
1.795 0.307355
1.8 0.310967
1.805 0.314556
1.81 0.31812
1.815 0.321659
1.82 0.325173
1.825 0.328661
1.83 0.332123
1.835 0.33556
1.84 0.33897
1.845 0.342354
1.85 0.345711
1.855 0.349041
1.86 0.352343
1.865 0.355619
1.87 0.358867
1.875 0.362087
1.88 0.365279
1.885 0.368444
1.89 0.37158
1.895 0.374688
1.9 0.377768
1.905 0.38082
1.91 0.383843
1.915 0.386837
1.92 0.389803
1.925 0.392741
1.93 0.395649
1.935 0.398529
1.94 0.40138
1.945 0.404203
1.95 0.406997
1.955 0.409762
1.96 0.412498
1.965 0.415206
1.97 0.417884
1.975 0.420534
1.98 0.423156
1.985 0.425749
1.99 0.428313
1.995 0.430849
2 0.433356
2.005 0.435835
2.01 0.438286
2.015 0.440708
2.02 0.443102
2.025 0.445468
2.03 0.447806
2.035 0.450117
2.04 0.452399
2.045 0.454654
2.05 0.456881
2.055 0.45908
2.06 0.461252
2.065 0.463397
2.07 0.465515
2.075 0.467605
2.08 0.469669
2.085 0.471706
2.09 0.473716
2.095 0.4757
2.1 0.477657
2.105 0.479588
2.11 0.481493
2.115 0.483372
2.12 0.485225
2.125 0.487053
2.13 0.488855
2.135 0.490631
2.14 0.492383
2.145 0.494109
2.15 0.49581
2.155 0.497487
2.16 0.499138
2.165 0.500766
2.17 0.502369
2.175 0.503948
2.18 0.505503
2.185 0.507034
2.19 0.508542
2.195 0.510026
2.2 0.511486
2.205 0.512924
2.21 0.514338
2.215 0.51573
2.22 0.517099
2.225 0.518445
2.23 0.51977
2.235 0.521072
2.24 0.522352
2.245 0.52361
2.25 0.524846
2.255 0.526061
2.26 0.527255
2.265 0.528428
2.27 0.529579
2.275 0.53071
2.28 0.53182
2.285 0.53291
2.29 0.533979
2.295 0.535029
2.3 0.536058
2.305 0.537067
2.31 0.538057
2.315 0.539027
2.32 0.539978
2.325 0.54091
2.33 0.541823
2.335 0.542717
2.34 0.543593
2.345 0.54445
2.35 0.545288
2.355 0.546109
2.36 0.546911
2.365 0.547696
2.37 0.548463
2.375 0.549213
2.38 0.549945
2.385 0.55066
2.39 0.551358
2.395 0.552039
2.4 0.552703
2.405 0.553351
2.41 0.553982
2.415 0.554598
2.42 0.555197
2.425 0.55578
2.43 0.556347
2.435 0.556899
2.44 0.557435
2.445 0.557956
2.45 0.558462
2.455 0.558952
2.46 0.559428
2.465 0.559889
2.47 0.560336
2.475 0.560768
2.48 0.561186
2.485 0.561589
2.49 0.561979
2.495 0.562354
2.5 0.562716
2.505 0.563064
2.51 0.563399
2.515 0.563721
2.52 0.564029
2.525 0.564325
2.53 0.564607
2.535 0.564877
2.54 0.565133
2.545 0.565378
2.55 0.56561
2.555 0.56583
2.56 0.566037
2.565 0.566233
2.57 0.566417
2.575 0.566589
2.58 0.566749
2.585 0.566898
2.59 0.567036
2.595 0.567162
2.6 0.567278
2.605 0.567382
2.61 0.567475
2.615 0.567558
2.62 0.56763
2.625 0.567691
2.63 0.567742
2.635 0.567783
2.64 0.567813
2.645 0.567834
2.65 0.567844
2.655 0.567845
2.66 0.567836
2.665 0.567817
2.67 0.567789
2.675 0.567751
2.68 0.567704
2.685 0.567648
2.69 0.567582
2.695 0.567508
2.7 0.567425
2.705 0.567333
2.71 0.567232
2.715 0.567123
2.72 0.567006
2.725 0.56688
2.73 0.566745
2.735 0.566603
2.74 0.566452
2.745 0.566294
2.75 0.566127
2.755 0.565953
2.76 0.565771
2.765 0.565581
2.77 0.565384
2.775 0.565179
2.78 0.564967
2.785 0.564748
2.79 0.564522
2.795 0.564288
2.8 0.564048
2.805 0.5638
2.81 0.563546
2.815 0.563285
2.82 0.563018
2.825 0.562744
2.83 0.562463
2.835 0.562176
2.84 0.561882
2.845 0.561583
2.85 0.561277
2.855 0.560965
2.86 0.560647
2.865 0.560323
2.87 0.559993
2.875 0.559658
2.88 0.559316
2.885 0.558969
2.89 0.558617
2.895 0.558259
2.9 0.557896
2.905 0.557527
2.91 0.557153
2.915 0.556773
2.92 0.556389
2.925 0.556
2.93 0.555605
2.935 0.555206
2.94 0.554801
2.945 0.554392
2.95 0.553978
2.955 0.55356
2.96 0.553136
2.965 0.552709
2.97 0.552276
2.975 0.55184
2.98 0.551399
2.985 0.550953
2.99 0.550504
2.995 0.55005
3 0.549592
3.005 0.54913
3.01 0.548664
3.015 0.548194
3.02 0.54772
3.025 0.547242
3.03 0.546761
3.035 0.546275
3.04 0.545787
3.045 0.545294
3.05 0.544798
3.055 0.544298
3.06 0.543795
3.065 0.543288
3.07 0.542779
3.075 0.542265
3.08 0.541749
3.085 0.541229
3.09 0.540706
3.095 0.54018
3.1 0.539651
3.105 0.539119
3.11 0.538584
3.115 0.538046
3.12 0.537505
3.125 0.536961
3.13 0.536415
3.135 0.535865
3.14 0.535313
3.145 0.534759
3.15 0.534201
3.155 0.533641
3.16 0.533079
3.165 0.532514
3.17 0.531947
3.175 0.531377
3.18 0.530805
3.185 0.53023
3.19 0.529654
3.195 0.529075
3.2 0.528494
3.205 0.52791
3.21 0.527325
3.215 0.526737
3.22 0.526147
3.225 0.525556
3.23 0.524962
3.235 0.524366
3.24 0.523769
3.245 0.523169
3.25 0.522568
3.255 0.521965
3.26 0.52136
3.265 0.520754
3.27 0.520145
3.275 0.519535
3.28 0.518924
3.285 0.51831
3.29 0.517696
3.295 0.517079
3.3 0.516461
3.305 0.515842
3.31 0.515221
3.315 0.514599
3.32 0.513975
3.325 0.51335
3.33 0.512724
3.335 0.512096
3.34 0.511467
3.345 0.510837
3.35 0.510206
3.355 0.509573
3.36 0.508939
3.365 0.508304
3.37 0.507668
3.375 0.507031
3.38 0.506393
3.385 0.505754
3.39 0.505114
3.395 0.504473
3.4 0.503831
3.405 0.503188
3.41 0.502544
3.415 0.501899
3.42 0.501253
3.425 0.500606
3.43 0.499959
3.435 0.499311
3.44 0.498662
3.445 0.498012
3.45 0.497362
3.455 0.496711
3.46 0.496059
3.465 0.495407
3.47 0.494754
3.475 0.4941
3.48 0.493446
3.485 0.492791
3.49 0.492136
3.495 0.49148
3.5 0.490823
3.505 0.490166
3.51 0.489509
3.515 0.488851
3.52 0.488193
3.525 0.487534
3.53 0.486875
3.535 0.486216
3.54 0.485556
3.545 0.484896
3.55 0.484235
3.555 0.483575
3.56 0.482914
3.565 0.482252
3.57 0.481591
3.575 0.480929
3.58 0.480267
3.585 0.479604
3.59 0.478942
3.595 0.478279
3.6 0.477617
3.605 0.476954
3.61 0.476291
3.615 0.475628
3.62 0.474964
3.625 0.474301
3.63 0.473638
3.635 0.472974
3.64 0.472311
3.645 0.471647
3.65 0.470984
3.655 0.47032
3.66 0.469657
3.665 0.468993
3.67 0.46833
3.675 0.467667
3.68 0.467003
3.685 0.46634
3.69 0.465677
3.695 0.465014
3.7 0.464351
3.705 0.463689
3.71 0.463026
3.715 0.462364
3.72 0.461701
3.725 0.461039
3.73 0.460377
3.735 0.459716
3.74 0.459054
3.745 0.458393
3.75 0.457732
3.755 0.457071
3.76 0.456411
3.765 0.455751
3.77 0.455091
3.775 0.454431
3.78 0.453772
3.785 0.453113
3.79 0.452454
3.795 0.451796
3.8 0.451138
3.805 0.45048
3.81 0.449823
3.815 0.449166
3.82 0.448509
3.825 0.447853
3.83 0.447197
3.835 0.446542
3.84 0.445887
3.845 0.445232
3.85 0.444578
3.855 0.443924
3.86 0.443271
3.865 0.442618
3.87 0.441966
3.875 0.441314
3.88 0.440663
3.885 0.440012
3.89 0.439361
3.895 0.438712
3.9 0.438062
3.905 0.437413
3.91 0.436765
3.915 0.436117
3.92 0.43547
3.925 0.434823
3.93 0.434177
3.935 0.433531
3.94 0.432886
3.945 0.432242
3.95 0.431598
3.955 0.430954
3.96 0.430312
3.965 0.429669
3.97 0.429028
3.975 0.428387
3.98 0.427746
3.985 0.427107
3.99 0.426468
3.995 0.425829
4 0.425191
4.005 0.424554
4.01 0.423917
4.015 0.423282
4.02 0.422646
4.025 0.422012
4.03 0.421378
4.035 0.420744
4.04 0.420112
4.045 0.41948
4.05 0.418849
4.055 0.418218
4.06 0.417588
4.065 0.416959
4.07 0.416331
4.075 0.415703
4.08 0.415076
4.085 0.41445
4.09 0.413824
4.095 0.413199
4.1 0.412575
4.105 0.411952
4.11 0.411329
4.115 0.410707
4.12 0.410086
4.125 0.409466
4.13 0.408846
4.135 0.408227
4.14 0.407609
4.145 0.406991
4.15 0.406375
4.155 0.405759
4.16 0.405144
4.165 0.404529
4.17 0.403916
4.175 0.403303
4.18 0.402691
4.185 0.40208
4.19 0.40147
4.195 0.40086
4.2 0.400251
4.205 0.399643
4.21 0.399036
4.215 0.39843
4.22 0.397824
4.225 0.397219
4.23 0.396615
4.235 0.396012
4.24 0.39541
4.245 0.394808
4.25 0.394208
4.255 0.393608
4.26 0.393009
4.265 0.392411
4.27 0.391813
4.275 0.391217
4.28 0.390621
4.285 0.390026
4.29 0.389432
4.295 0.388839
4.3 0.388247
4.305 0.387655
4.31 0.387064
4.315 0.386475
4.32 0.385886
4.325 0.385298
4.33 0.38471
4.335 0.384124
4.34 0.383538
4.345 0.382954
4.35 0.38237
4.355 0.381787
4.36 0.381205
4.365 0.380624
4.37 0.380043
4.375 0.379464
4.38 0.378885
4.385 0.378307
4.39 0.377731
4.395 0.377155
4.4 0.376579
4.405 0.376005
4.41 0.375432
4.415 0.374859
4.42 0.374288
4.425 0.373717
4.43 0.373147
4.435 0.372578
4.44 0.37201
4.445 0.371443
4.45 0.370876
4.455 0.370311
4.46 0.369746
4.465 0.369183
4.47 0.36862
4.475 0.368058
4.48 0.367497
4.485 0.366937
4.49 0.366378
4.495 0.365819
4.5 0.365262
4.505 0.364705
4.51 0.36415
4.515 0.363595
4.52 0.363041
4.525 0.362488
4.53 0.361936
4.535 0.361384
4.54 0.360834
4.545 0.360285
4.55 0.359736
4.555 0.359189
4.56 0.358642
4.565 0.358096
4.57 0.357551
4.575 0.357007
4.58 0.356464
4.585 0.355921
4.59 0.35538
4.595 0.35484
4.6 0.3543
4.605 0.353761
4.61 0.353223
4.615 0.352687
4.62 0.352151
4.625 0.351615
4.63 0.351081
4.635 0.350548
4.64 0.350015
4.645 0.349484
4.65 0.348953
4.655 0.348423
4.66 0.347895
4.665 0.347367
4.67 0.34684
4.675 0.346313
4.68 0.345788
4.685 0.345264
4.69 0.34474
4.695 0.344218
4.7 0.343696
4.705 0.343175
4.71 0.342655
4.715 0.342136
4.72 0.341618
4.725 0.341101
4.73 0.340584
4.735 0.340069
4.74 0.339554
4.745 0.339041
4.75 0.338528
4.755 0.338016
4.76 0.337505
4.765 0.336995
4.77 0.336486
4.775 0.335977
4.78 0.33547
4.785 0.334963
4.79 0.334457
4.795 0.333953
4.8 0.333449
4.805 0.332946
4.81 0.332443
4.815 0.331942
4.82 0.331442
4.825 0.330942
4.83 0.330444
4.835 0.329946
4.84 0.329449
4.845 0.328953
4.85 0.328458
4.855 0.327963
4.86 0.32747
4.865 0.326978
4.87 0.326486
4.875 0.325995
4.88 0.325505
4.885 0.325016
4.89 0.324528
4.895 0.324041
4.9 0.323554
4.905 0.323069
4.91 0.322584
4.915 0.3221
4.92 0.321617
4.925 0.321135
4.93 0.320654
4.935 0.320174
4.94 0.319694
4.945 0.319216
4.95 0.318738
4.955 0.318261
4.96 0.317785
4.965 0.31731
4.97 0.316835
4.975 0.316362
4.98 0.315889
4.985 0.315417
4.99 0.314946
4.995 0.314476
5 0.314007
5.005 0.313539
5.01 0.313071
5.015 0.312604
5.02 0.312139
5.025 0.311674
5.03 0.311209
5.035 0.310746
5.04 0.310284
5.045 0.309822
5.05 0.309361
5.055 0.308901
5.06 0.308442
5.065 0.307984
5.07 0.307527
5.075 0.30707
5.08 0.306614
5.085 0.306159
5.09 0.305705
5.095 0.305252
5.1 0.304799
5.105 0.304348
5.11 0.303897
5.115 0.303447
5.12 0.302998
5.125 0.30255
5.13 0.302102
5.135 0.301655
5.14 0.30121
5.145 0.300765
5.15 0.30032
5.155 0.299877
5.16 0.299434
5.165 0.298993
5.17 0.298552
5.175 0.298112
5.18 0.297672
5.185 0.297234
5.19 0.296796
5.195 0.296359
5.2 0.295923
5.205 0.295488
5.21 0.295053
5.215 0.294619
5.22 0.294187
5.225 0.293754
5.23 0.293323
5.235 0.292893
5.24 0.292463
5.245 0.292034
5.25 0.291606
5.255 0.291179
5.26 0.290752
5.265 0.290326
5.27 0.289902
5.275 0.289477
5.28 0.289054
5.285 0.288631
5.29 0.28821
5.295 0.287789
5.3 0.287368
5.305 0.286949
5.31 0.28653
5.315 0.286112
5.32 0.285695
5.325 0.285279
5.33 0.284863
5.335 0.284448
5.34 0.284034
5.345 0.283621
5.35 0.283209
5.355 0.282797
5.36 0.282386
5.365 0.281976
5.37 0.281566
5.375 0.281158
5.38 0.28075
5.385 0.280343
5.39 0.279936
5.395 0.279531
5.4 0.279126
5.405 0.278722
5.41 0.278318
5.415 0.277916
5.42 0.277514
5.425 0.277113
5.43 0.276712
5.435 0.276313
5.44 0.275914
5.445 0.275516
5.45 0.275118
5.455 0.274722
5.46 0.274326
5.465 0.273931
5.47 0.273536
5.475 0.273142
5.48 0.27275
5.485 0.272357
5.49 0.271966
5.495 0.271575
5.5 0.271185
5.505 0.270796
5.51 0.270407
5.515 0.270019
5.52 0.269632
5.525 0.269246
5.53 0.26886
5.535 0.268475
5.54 0.268091
5.545 0.267707
5.55 0.267324
5.555 0.266942
5.56 0.266561
5.565 0.26618
5.57 0.2658
5.575 0.265421
5.58 0.265043
5.585 0.264665
5.59 0.264288
5.595 0.263911
5.6 0.263536
5.605 0.263161
5.61 0.262786
5.615 0.262413
5.62 0.26204
5.625 0.261667
5.63 0.261296
5.635 0.260925
5.64 0.260555
5.645 0.260186
5.65 0.259817
5.655 0.259449
5.66 0.259081
5.665 0.258715
5.67 0.258349
5.675 0.257983
5.68 0.257619
5.685 0.257255
5.69 0.256891
5.695 0.256529
5.7 0.256167
5.705 0.255806
5.71 0.255445
5.715 0.255085
5.72 0.254726
5.725 0.254367
5.73 0.25401
5.735 0.253652
5.74 0.253296
5.745 0.25294
5.75 0.252585
5.755 0.25223
5.76 0.251876
5.765 0.251523
5.77 0.251171
5.775 0.250819
5.78 0.250467
5.785 0.250117
5.79 0.249767
5.795 0.249417
5.8 0.249069
5.805 0.248721
5.81 0.248374
5.815 0.248027
5.82 0.247681
5.825 0.247335
5.83 0.246991
5.835 0.246646
5.84 0.246303
5.845 0.24596
5.85 0.245618
5.855 0.245276
5.86 0.244935
5.865 0.244595
5.87 0.244256
5.875 0.243917
5.88 0.243578
5.885 0.24324
5.89 0.242903
5.895 0.242567
5.9 0.242231
5.905 0.241896
5.91 0.241561
5.915 0.241227
5.92 0.240894
5.925 0.240561
5.93 0.240229
5.935 0.239897
5.94 0.239566
5.945 0.239236
5.95 0.238906
5.955 0.238577
5.96 0.238249
5.965 0.237921
5.97 0.237594
5.975 0.237267
5.98 0.236941
5.985 0.236615
5.99 0.236291
5.995 0.235966
6 0.235643
6.005 0.23532
6.01 0.234997
6.015 0.234676
6.02 0.234354
6.025 0.234034
6.03 0.233714
6.035 0.233394
6.04 0.233075
6.045 0.232757
6.05 0.232439
6.055 0.232122
6.06 0.231806
6.065 0.23149
6.07 0.231175
6.075 0.23086
6.08 0.230546
6.085 0.230232
6.09 0.229919
6.095 0.229607
6.1 0.229295
6.105 0.228984
6.11 0.228673
6.115 0.228363
6.12 0.228053
6.125 0.227744
6.13 0.227436
6.135 0.227128
6.14 0.226821
6.145 0.226514
6.15 0.226208
6.155 0.225902
6.16 0.225597
6.165 0.225293
6.17 0.224989
6.175 0.224686
6.18 0.224383
6.185 0.224081
6.19 0.223779
6.195 0.223478
6.2 0.223177
6.205 0.222877
6.21 0.222578
6.215 0.222279
6.22 0.221981
6.225 0.221683
6.23 0.221386
6.235 0.221089
6.24 0.220793
6.245 0.220497
6.25 0.220202
6.255 0.219907
6.26 0.219613
6.265 0.21932
6.27 0.219027
6.275 0.218735
6.28 0.218443
6.285 0.218152
6.29 0.217861
6.295 0.21757
6.3 0.217281
6.305 0.216992
6.31 0.216703
6.315 0.216415
6.32 0.216127
6.325 0.21584
6.33 0.215554
6.335 0.215268
6.34 0.214982
6.345 0.214697
6.35 0.214413
6.355 0.214129
6.36 0.213845
6.365 0.213562
6.37 0.21328
6.375 0.212998
6.38 0.212717
6.385 0.212436
6.39 0.212155
6.395 0.211876
6.4 0.211596
6.405 0.211317
6.41 0.211039
6.415 0.210761
6.42 0.210484
6.425 0.210207
6.43 0.209931
6.435 0.209655
6.44 0.20938
6.445 0.209105
6.45 0.208831
6.455 0.208557
6.46 0.208284
6.465 0.208011
6.47 0.207739
6.475 0.207467
6.48 0.207195
6.485 0.206925
6.49 0.206654
6.495 0.206384
6.5 0.206115
6.505 0.205846
6.51 0.205578
6.515 0.20531
6.52 0.205042
6.525 0.204776
6.53 0.204509
6.535 0.204243
6.54 0.203978
6.545 0.203713
6.55 0.203448
6.555 0.203184
6.56 0.20292
6.565 0.202657
6.57 0.202395
6.575 0.202133
6.58 0.201871
6.585 0.20161
6.59 0.201349
6.595 0.201089
6.6 0.200829
6.605 0.200569
6.61 0.200311
6.615 0.200052
6.62 0.199794
6.625 0.199537
6.63 0.19928
6.635 0.199023
6.64 0.198767
6.645 0.198511
6.65 0.198256
6.655 0.198001
6.66 0.197747
6.665 0.197493
6.67 0.19724
6.675 0.196987
6.68 0.196735
6.685 0.196483
6.69 0.196231
6.695 0.19598
6.7 0.195729
6.705 0.195479
6.71 0.195229
6.715 0.19498
6.72 0.194731
6.725 0.194483
6.73 0.194235
6.735 0.193987
6.74 0.19374
6.745 0.193493
6.75 0.193247
6.755 0.193001
6.76 0.192756
6.765 0.192511
6.77 0.192266
6.775 0.192022
6.78 0.191779
6.785 0.191536
6.79 0.191293
6.795 0.191051
6.8 0.190809
6.805 0.190567
6.81 0.190326
6.815 0.190086
6.82 0.189845
6.825 0.189606
6.83 0.189366
6.835 0.189127
6.84 0.188889
6.845 0.188651
6.85 0.188413
6.855 0.188176
6.86 0.187939
6.865 0.187703
6.87 0.187467
6.875 0.187231
6.88 0.186996
6.885 0.186761
6.89 0.186527
6.895 0.186293
6.9 0.18606
6.905 0.185827
6.91 0.185594
6.915 0.185362
6.92 0.18513
6.925 0.184898
6.93 0.184667
6.935 0.184437
6.94 0.184206
6.945 0.183977
6.95 0.183747
6.955 0.183518
6.96 0.18329
6.965 0.183061
6.97 0.182834
6.975 0.182606
6.98 0.182379
6.985 0.182153
6.99 0.181926
6.995 0.181701
7 0.181475
7.005 0.18125
7.01 0.181025
7.015 0.180801
7.02 0.180577
7.025 0.180354
7.03 0.180131
7.035 0.179908
7.04 0.179686
7.045 0.179464
7.05 0.179242
7.055 0.179021
7.06 0.1788
7.065 0.17858
7.07 0.17836
7.075 0.17814
7.08 0.177921
7.085 0.177702
7.09 0.177484
7.095 0.177266
7.1 0.177048
7.105 0.176831
7.11 0.176614
7.115 0.176397
7.12 0.176181
7.125 0.175965
7.13 0.17575
7.135 0.175535
7.14 0.17532
7.145 0.175106
7.15 0.174892
7.155 0.174678
7.16 0.174465
7.165 0.174252
7.17 0.174039
7.175 0.173827
7.18 0.173616
7.185 0.173404
7.19 0.173193
7.195 0.172983
7.2 0.172772
7.205 0.172562
7.21 0.172353
7.215 0.172143
7.22 0.171935
7.225 0.171726
7.23 0.171518
7.235 0.17131
7.24 0.171103
7.245 0.170896
7.25 0.170689
7.255 0.170483
7.26 0.170277
7.265 0.170071
7.27 0.169866
7.275 0.169661
7.28 0.169456
7.285 0.169252
7.29 0.169048
7.295 0.168844
7.3 0.168641
7.305 0.168438
7.31 0.168236
7.315 0.168034
7.32 0.167832
7.325 0.16763
7.33 0.167429
7.335 0.167228
7.34 0.167028
7.345 0.166828
7.35 0.166628
7.355 0.166429
7.36 0.166229
7.365 0.166031
7.37 0.165832
7.375 0.165634
7.38 0.165436
7.385 0.165239
7.39 0.165042
7.395 0.164845
7.4 0.164649
7.405 0.164453
7.41 0.164257
7.415 0.164062
7.42 0.163866
7.425 0.163672
7.43 0.163477
7.435 0.163283
7.44 0.163089
7.445 0.162896
7.45 0.162703
7.455 0.16251
7.46 0.162318
7.465 0.162126
7.47 0.161934
7.475 0.161742
7.48 0.161551
7.485 0.16136
7.49 0.16117
7.495 0.16098
7.5 0.16079
7.505 0.1606
7.51 0.160411
7.515 0.160222
7.52 0.160033
7.525 0.159845
7.53 0.159657
7.535 0.159469
7.54 0.159282
7.545 0.159095
7.55 0.158908
7.555 0.158722
7.56 0.158536
7.565 0.15835
7.57 0.158164
7.575 0.157979
7.58 0.157794
7.585 0.15761
7.59 0.157426
7.595 0.157242
7.6 0.157058
7.605 0.156875
7.61 0.156692
7.615 0.156509
7.62 0.156327
7.625 0.156145
7.63 0.155963
7.635 0.155781
7.64 0.1556
7.645 0.155419
7.65 0.155239
7.655 0.155058
7.66 0.154878
7.665 0.154699
7.67 0.154519
7.675 0.15434
7.68 0.154161
7.685 0.153983
7.69 0.153805
7.695 0.153627
7.7 0.153449
7.705 0.153272
7.71 0.153095
7.715 0.152918
7.72 0.152742
7.725 0.152565
7.73 0.15239
7.735 0.152214
7.74 0.152039
7.745 0.151864
7.75 0.151689
7.755 0.151515
7.76 0.15134
7.765 0.151167
7.77 0.150993
7.775 0.15082
7.78 0.150647
7.785 0.150474
7.79 0.150302
7.795 0.150129
7.8 0.149958
7.805 0.149786
7.81 0.149615
7.815 0.149444
7.82 0.149273
7.825 0.149102
7.83 0.148932
7.835 0.148762
7.84 0.148593
7.845 0.148423
7.85 0.148254
7.855 0.148086
7.86 0.147917
7.865 0.147749
7.87 0.147581
7.875 0.147413
7.88 0.147246
7.885 0.147079
7.89 0.146912
7.895 0.146745
7.9 0.146579
7.905 0.146413
7.91 0.146247
7.915 0.146081
7.92 0.145916
7.925 0.145751
7.93 0.145586
7.935 0.145422
7.94 0.145258
7.945 0.145094
7.95 0.14493
7.955 0.144767
7.96 0.144604
7.965 0.144441
7.97 0.144278
7.975 0.144116
7.98 0.143954
7.985 0.143792
7.99 0.143631
7.995 0.143469
8 0.143308
8.005 0.143147
8.01 0.142987
8.015 0.142827
8.02 0.142667
8.025 0.142507
8.03 0.142348
8.035 0.142188
8.04 0.142029
8.045 0.141871
8.05 0.141712
8.055 0.141554
8.06 0.141396
8.065 0.141238
8.07 0.141081
8.075 0.140924
8.08 0.140767
8.085 0.14061
8.09 0.140454
8.095 0.140298
8.1 0.140142
8.105 0.139986
8.11 0.139831
8.115 0.139675
8.12 0.13952
8.125 0.139366
8.13 0.139211
8.135 0.139057
8.14 0.138903
8.145 0.138749
8.15 0.138596
8.155 0.138443
8.16 0.13829
8.165 0.138137
8.17 0.137985
8.175 0.137832
8.18 0.13768
8.185 0.137529
8.19 0.137377
8.195 0.137226
8.2 0.137075
8.205 0.136924
8.21 0.136773
8.215 0.136623
8.22 0.136473
8.225 0.136323
8.23 0.136174
8.235 0.136024
8.24 0.135875
8.245 0.135726
8.25 0.135578
8.255 0.135429
8.26 0.135281
8.265 0.135133
8.27 0.134985
8.275 0.134838
8.28 0.13469
8.285 0.134543
8.29 0.134397
8.295 0.13425
8.3 0.134104
8.305 0.133958
8.31 0.133812
8.315 0.133666
8.32 0.133521
8.325 0.133376
8.33 0.133231
8.335 0.133086
8.34 0.132941
8.345 0.132797
8.35 0.132653
8.355 0.132509
8.36 0.132366
8.365 0.132222
8.37 0.132079
8.375 0.131936
8.38 0.131793
8.385 0.131651
8.39 0.131509
8.395 0.131367
8.4 0.131225
8.405 0.131083
8.41 0.130942
8.415 0.130801
8.42 0.13066
8.425 0.130519
8.43 0.130379
8.435 0.130238
8.44 0.130098
8.445 0.129958
8.45 0.129819
8.455 0.129679
8.46 0.12954
8.465 0.129401
8.47 0.129262
8.475 0.129124
8.48 0.128986
8.485 0.128847
8.49 0.12871
8.495 0.128572
8.5 0.128434
8.505 0.128297
8.51 0.12816
8.515 0.128023
8.52 0.127887
8.525 0.12775
8.53 0.127614
8.535 0.127478
8.54 0.127342
8.545 0.127207
8.55 0.127071
8.555 0.126936
8.56 0.126801
8.565 0.126666
8.57 0.126532
8.575 0.126398
8.58 0.126263
8.585 0.126129
8.59 0.125996
8.595 0.125862
8.6 0.125729
8.605 0.125596
8.61 0.125463
8.615 0.12533
8.62 0.125198
8.625 0.125066
8.63 0.124933
8.635 0.124802
8.64 0.12467
8.645 0.124538
8.65 0.124407
8.655 0.124276
8.66 0.124145
8.665 0.124014
8.67 0.123884
8.675 0.123754
8.68 0.123624
8.685 0.123494
8.69 0.123364
8.695 0.123235
8.7 0.123105
8.705 0.122976
8.71 0.122847
8.715 0.122719
8.72 0.12259
8.725 0.122462
8.73 0.122334
8.735 0.122206
8.74 0.122078
8.745 0.121951
8.75 0.121823
8.755 0.121696
8.76 0.121569
8.765 0.121442
8.77 0.121316
8.775 0.121189
8.78 0.121063
8.785 0.120937
8.79 0.120811
8.795 0.120686
8.8 0.12056
8.805 0.120435
8.81 0.12031
8.815 0.120185
8.82 0.120061
8.825 0.119936
8.83 0.119812
8.835 0.119688
8.84 0.119564
8.845 0.11944
8.85 0.119316
8.855 0.119193
8.86 0.11907
8.865 0.118947
8.87 0.118824
8.875 0.118701
8.88 0.118579
8.885 0.118457
8.89 0.118335
8.895 0.118213
8.9 0.118091
8.905 0.11797
8.91 0.117848
8.915 0.117727
8.92 0.117606
8.925 0.117485
8.93 0.117365
8.935 0.117244
8.94 0.117124
8.945 0.117004
8.95 0.116884
8.955 0.116764
8.96 0.116645
8.965 0.116525
8.97 0.116406
8.975 0.116287
8.98 0.116168
8.985 0.11605
8.99 0.115931
8.995 0.115813
9 0.115695
9.005 0.115577
9.01 0.115459
9.015 0.115341
9.02 0.115224
9.025 0.115107
9.03 0.114989
9.035 0.114873
9.04 0.114756
9.045 0.114639
9.05 0.114523
9.055 0.114407
9.06 0.114291
9.065 0.114175
9.07 0.114059
9.075 0.113943
9.08 0.113828
9.085 0.113713
9.09 0.113598
9.095 0.113483
9.1 0.113368
9.105 0.113254
9.11 0.113139
9.115 0.113025
9.12 0.112911
9.125 0.112797
9.13 0.112684
9.135 0.11257
9.14 0.112457
9.145 0.112344
9.15 0.112231
9.155 0.112118
9.16 0.112005
9.165 0.111892
9.17 0.11178
9.175 0.111668
9.18 0.111556
9.185 0.111444
9.19 0.111332
9.195 0.111221
9.2 0.111109
9.205 0.110998
9.21 0.110887
9.215 0.110776
9.22 0.110665
9.225 0.110555
9.23 0.110444
9.235 0.110334
9.24 0.110224
9.245 0.110114
9.25 0.110004
9.255 0.109895
9.26 0.109785
9.265 0.109676
9.27 0.109567
9.275 0.109458
9.28 0.109349
9.285 0.10924
9.29 0.109132
9.295 0.109024
9.3 0.108915
9.305 0.108807
9.31 0.1087
9.315 0.108592
9.32 0.108484
9.325 0.108377
9.33 0.10827
9.335 0.108162
9.34 0.108056
9.345 0.107949
9.35 0.107842
9.355 0.107736
9.36 0.107629
9.365 0.107523
9.37 0.107417
9.375 0.107311
9.38 0.107206
9.385 0.1071
9.39 0.106995
9.395 0.106889
9.4 0.106784
9.405 0.106679
9.41 0.106574
9.415 0.10647
9.42 0.106365
9.425 0.106261
9.43 0.106157
9.435 0.106053
9.44 0.105949
9.445 0.105845
9.45 0.105741
9.455 0.105638
9.46 0.105534
9.465 0.105431
9.47 0.105328
9.475 0.105225
9.48 0.105123
9.485 0.10502
9.49 0.104918
9.495 0.104815
9.5 0.104713
9.505 0.104611
9.51 0.104509
9.515 0.104408
9.52 0.104306
9.525 0.104205
9.53 0.104103
9.535 0.104002
9.54 0.103901
9.545 0.1038
9.55 0.1037
9.555 0.103599
9.56 0.103499
9.565 0.103398
9.57 0.103298
9.575 0.103198
9.58 0.103098
9.585 0.102999
9.59 0.102899
9.595 0.1028
9.6 0.1027
9.605 0.102601
9.61 0.102502
9.615 0.102403
9.62 0.102305
9.625 0.102206
9.63 0.102107
9.635 0.102009
9.64 0.101911
9.645 0.101813
9.65 0.101715
9.655 0.101617
9.66 0.10152
9.665 0.101422
9.67 0.101325
9.675 0.101228
9.68 0.10113
9.685 0.101033
9.69 0.100937
9.695 0.10084
9.7 0.100743
9.705 0.100647
9.71 0.100551
9.715 0.100455
9.72 0.100359
9.725 0.100263
9.73 0.100167
9.735 0.100071
9.74 0.099976
9.745 0.0998806
9.75 0.0997854
9.755 0.0996904
9.76 0.0995954
9.765 0.0995006
9.77 0.099406
9.775 0.0993114
9.78 0.099217
9.785 0.0991227
9.79 0.0990286
9.795 0.0989346
9.8 0.0988407
9.805 0.0987469
9.81 0.0986533
9.815 0.0985598
9.82 0.0984665
9.825 0.0983732
9.83 0.0982801
9.835 0.0981871
9.84 0.0980943
9.845 0.0980016
9.85 0.097909
9.855 0.0978165
9.86 0.0977242
9.865 0.097632
9.87 0.0975399
9.875 0.0974479
9.88 0.0973561
9.885 0.0972644
9.89 0.0971728
9.895 0.0970814
9.9 0.0969901
9.905 0.0968989
9.91 0.0968078
9.915 0.0967168
9.92 0.096626
9.925 0.0965353
9.93 0.0964448
9.935 0.0963543
9.94 0.096264
9.945 0.0961738
9.95 0.0960837
9.955 0.0959938
9.96 0.0959039
9.965 0.0958142
9.97 0.0957246
9.975 0.0956352
9.98 0.0955458
9.985 0.0954566
9.99 0.0953675
9.995 0.0952786
