0 -nan
0.005 0.224093
0.01 0.231721
0.015 0.599427
0.02 0.0886221
0.025 0.486351
0.03 0.341989
0.035 0.0913328
0.04 0.438644
0.045 0.0833131
0.05 0.273618
0.055 0.146569
0.06 0.307807
0.065 0.481154
0.07 0.364183
0.075 0.0243972
0.08 0.0240307
0.085 0.0406973
0.09 0.352012
0.095 0.923286
0.1 0.393703
0.105 0.311029
0.11 0.839435
0.115 0.182477
0.12 0.771042
0.125 0.476906
0.13 0.263284
0.135 0.984697
0.14 0.223056
0.145 0.298535
0.15 0.96758
0.155 0.538659
0.16 0.0467299
0.165 0.472513
0.17 0.947333
0.175 0.68978
0.18 0.15924
0.185 0.0891816
0.19 0.503121
0.195 0.884023
0.2 0.853464
0.205 0.487784
0.21 0.129048
0.215 0.0455528
0.22 0.258945
0.225 0.595169
0.23 0.841188
0.235 0.874101
0.24 0.70154
0.245 0.425177
0.25 0.172522
0.255 0.0384638
0.26 0.0571475
0.265 0.204413
0.27 0.419429
0.275 0.631798
0.28 0.783826
0.285 0.843034
0.29 0.804652
0.295 0.686649
0.3 0.52089
0.305 0.343631
0.31 0.187602
0.315 0.0768084
0.32 0.0242195
0.325 0.0319134
0.33 0.0929332
0.335 0.19406
0.34 0.318817
0.345 0.450197
0.35 0.572826
0.355 0.674412
0.36 0.746519
0.365 0.784727
0.37 0.788348
0.375 0.75982
0.38 0.703946
0.385 0.627081
0.39 0.536353
0.395 0.438991
0.4 0.341781
0.405 0.25067
0.41 0.170508
0.415 0.104916
0.42 0.0562697
0.425 0.0257528
0.43 0.0134817
0.435 0.0186628
0.44 0.0397727
0.445 0.0747425
0.45 0.121136
0.455 0.176314
0.46 0.237575
0.465 0.30228
0.47 0.367945
0.475 0.432313
0.48 0.493409
0.485 0.549566
0.49 0.599441
0.495 0.642016
0.5 0.676584
0.505 0.702728
0.51 0.7203
0.515 0.729383
0.52 0.730263
0.525 0.723394
0.53 0.709364
0.535 0.688867
0.54 0.662669
0.545 0.631584
0.55 0.596448
0.555 0.5581
0.56 0.517365
0.565 0.475037
0.57 0.431866
0.575 0.388553
0.58 0.345741
0.585 0.304008
0.59 0.263868
0.595 0.225768
0.6 0.190088
0.605 0.157143
0.61 0.127187
0.615 0.100411
0.62 0.076953
0.625 0.0568994
0.63 0.0402883
0.635 0.0271153
0.64 0.017338
0.645 0.0108803
0.65 0.00763698
0.655 0.0074779
0.66 0.010252
0.665 0.0157914
0.67 0.0239144
0.675 0.0344295
0.68 0.0471379
0.685 0.0618362
0.69 0.0783194
0.695 0.0963822
0.7 0.115822
0.705 0.136439
0.71 0.15804
0.715 0.180437
0.72 0.203449
0.725 0.226905
0.73 0.250642
0.735 0.274505
0.74 0.298351
0.745 0.322045
0.75 0.345463
0.755 0.36849
0.76 0.391023
0.765 0.412965
0.77 0.434233
0.775 0.454751
0.78 0.474451
0.785 0.493275
0.79 0.511174
0.795 0.528104
0.8 0.544032
0.805 0.558929
0.81 0.572775
0.815 0.585555
0.82 0.597258
0.825 0.607882
0.83 0.617427
0.835 0.625898
0.84 0.633306
0.845 0.639663
0.85 0.644987
0.855 0.649297
0.86 0.652614
0.865 0.654966
0.87 0.656377
0.875 0.656877
0.88 0.656496
0.885 0.655266
0.89 0.653219
0.895 0.650388
0.9 0.646809
0.905 0.642516
0.91 0.637543
0.915 0.631925
0.92 0.625698
0.925 0.618897
0.93 0.611557
0.935 0.603712
0.94 0.595395
0.945 0.586641
0.95 0.577482
0.955 0.56795
0.96 0.558077
0.965 0.547894
0.97 0.53743
0.975 0.526715
0.98 0.515776
0.985 0.504641
0.99 0.493337
0.995 0.481887
1 0.470318
1.005 0.458652
1.01 0.446912
1.015 0.435119
1.02 0.423295
1.025 0.411458
1.03 0.399628
1.035 0.387822
1.04 0.376057
1.045 0.364349
1.05 0.352714
1.055 0.341165
1.06 0.329717
1.065 0.318381
1.07 0.30717
1.075 0.296095
1.08 0.285166
1.085 0.274393
1.09 0.263784
1.095 0.253348
1.1 0.243093
1.105 0.233026
1.11 0.223152
1.115 0.213478
1.12 0.204008
1.125 0.194749
1.13 0.185703
1.135 0.176874
1.14 0.168267
1.145 0.159882
1.15 0.151724
1.155 0.143793
1.16 0.136091
1.165 0.12862
1.17 0.121379
1.175 0.114371
1.18 0.107595
1.185 0.10105
1.19 0.0947367
1.195 0.0886541
1.2 0.0828013
1.205 0.0771772
1.21 0.0717804
1.215 0.0666093
1.22 0.0616622
1.225 0.0569371
1.23 0.052432
1.235 0.0481446
1.24 0.0440724
1.245 0.040213
1.25 0.0365636
1.255 0.0331216
1.26 0.0298841
1.265 0.0268481
1.27 0.0240106
1.275 0.0213684
1.28 0.0189184
1.285 0.0166573
1.29 0.0145818
1.295 0.0126887
1.3 0.0109744
1.305 0.00943565
1.31 0.00806895
1.315 0.00687083
1.32 0.00583783
1.325 0.00496645
1.33 0.00425318
1.335 0.00369454
1.34 0.00328701
1.345 0.00302711
1.35 0.00291135
1.355 0.00293626
1.36 0.00309837
1.365 0.00339425
1.37 0.00382048
1.375 0.00437366
1.38 0.00505043
1.385 0.00584745
1.39 0.00676141
1.395 0.00778903
1.4 0.00892706
1.405 0.0101723
1.41 0.0115216
1.415 0.0129718
1.42 0.0145198
1.425 0.0161626
1.43 0.0178972
1.435 0.0197205
1.44 0.0216298
1.445 0.023622
1.45 0.0256944
1.455 0.0278442
1.46 0.0300686
1.465 0.0323649
1.47 0.0347306
1.475 0.0371629
1.48 0.0396594
1.485 0.0422175
1.49 0.0448348
1.495 0.0475088
1.5 0.0502372
1.505 0.0530177
1.51 0.0558479
1.515 0.0587258
1.52 0.061649
1.525 0.0646154
1.53 0.067623
1.535 0.0706697
1.54 0.0737535
1.545 0.0768725
1.55 0.0800247
1.555 0.0832083
1.56 0.0864214
1.565 0.0896623
1.57 0.0929292
1.575 0.0962205
1.58 0.0995344
1.585 0.102869
1.59 0.106224
1.595 0.109596
1.6 0.112985
1.605 0.116389
1.61 0.119806
1.615 0.123236
1.62 0.126676
1.625 0.130126
1.63 0.133584
1.635 0.137049
1.64 0.14052
1.645 0.143996
1.65 0.147475
1.655 0.150956
1.66 0.154439
1.665 0.157922
1.67 0.161404
1.675 0.164884
1.68 0.168362
1.685 0.171836
1.69 0.175306
1.695 0.17877
1.7 0.182228
1.705 0.185679
1.71 0.189122
1.715 0.192556
1.72 0.195982
1.725 0.199397
1.73 0.202801
1.735 0.206194
1.74 0.209575
1.745 0.212943
1.75 0.216298
1.755 0.21964
1.76 0.222966
1.765 0.226278
1.77 0.229575
1.775 0.232855
1.78 0.236119
1.785 0.239367
1.79 0.242597
1.795 0.245809
1.8 0.249003
1.805 0.252179
1.81 0.255335
1.815 0.258473
1.82 0.261591
1.825 0.264689
1.83 0.267766
1.835 0.270824
1.84 0.27386
1.845 0.276876
1.85 0.27987
1.855 0.282843
1.86 0.285794
1.865 0.288723
1.87 0.291629
1.875 0.294514
1.88 0.297376
1.885 0.300215
1.89 0.303031
1.895 0.305825
1.9 0.308595
1.905 0.311342
1.91 0.314065
1.915 0.316765
1.92 0.319442
1.925 0.322095
1.93 0.324724
1.935 0.327329
1.94 0.32991
1.945 0.332468
1.95 0.335001
1.955 0.33751
1.96 0.339996
1.965 0.342457
1.97 0.344894
1.975 0.347307
1.98 0.349696
1.985 0.352061
1.99 0.354402
1.995 0.356719
2 0.359011
2.005 0.36128
2.01 0.363524
2.015 0.365745
2.02 0.367941
2.025 0.370114
2.03 0.372263
2.035 0.374388
2.04 0.376489
2.045 0.378566
2.05 0.38062
2.055 0.382651
2.06 0.384657
2.065 0.386641
2.07 0.388601
2.075 0.390538
2.08 0.392451
2.085 0.394342
2.09 0.39621
2.095 0.398054
2.1 0.399876
2.105 0.401675
2.11 0.403452
2.115 0.405206
2.12 0.406938
2.125 0.408647
2.13 0.410335
2.135 0.412
2.14 0.413643
2.145 0.415264
2.15 0.416864
2.155 0.418442
2.16 0.419999
2.165 0.421534
2.17 0.423049
2.175 0.424542
2.18 0.426014
2.185 0.427465
2.19 0.428895
2.195 0.430305
2.2 0.431695
2.205 0.433064
2.21 0.434413
2.215 0.435742
2.22 0.437051
2.225 0.43834
2.23 0.43961
2.235 0.44086
2.24 0.44209
2.245 0.443302
2.25 0.444494
2.255 0.445667
2.26 0.446822
2.265 0.447958
2.27 0.449075
2.275 0.450174
2.28 0.451255
2.285 0.452317
2.29 0.453362
2.295 0.454388
2.3 0.455397
2.305 0.456388
2.31 0.457362
2.315 0.458319
2.32 0.459258
2.325 0.460181
2.33 0.461086
2.335 0.461975
2.34 0.462847
2.345 0.463703
2.35 0.464542
2.355 0.465365
2.36 0.466172
2.365 0.466963
2.37 0.467739
2.375 0.468498
2.38 0.469242
2.385 0.469971
2.39 0.470685
2.395 0.471383
2.4 0.472067
2.405 0.472735
2.41 0.473389
2.415 0.474028
2.42 0.474653
2.425 0.475264
2.43 0.47586
2.435 0.476442
2.44 0.477011
2.445 0.477565
2.45 0.478106
2.455 0.478633
2.46 0.479147
2.465 0.479648
2.47 0.480135
2.475 0.48061
2.48 0.481071
2.485 0.48152
2.49 0.481956
2.495 0.482379
2.5 0.48279
2.505 0.483189
2.51 0.483575
2.515 0.48395
2.52 0.484312
2.525 0.484663
2.53 0.485002
2.535 0.485329
2.54 0.485645
2.545 0.485949
2.55 0.486242
2.555 0.486524
2.56 0.486795
2.565 0.487055
2.57 0.487304
2.575 0.487543
2.58 0.487771
2.585 0.487988
2.59 0.488195
2.595 0.488392
2.6 0.488579
2.605 0.488755
2.61 0.488922
2.615 0.489078
2.62 0.489225
2.625 0.489363
2.63 0.489491
2.635 0.489609
2.64 0.489718
2.645 0.489818
2.65 0.489908
2.655 0.48999
2.66 0.490063
2.665 0.490126
2.67 0.490181
2.675 0.490228
2.68 0.490266
2.685 0.490295
2.69 0.490316
2.695 0.490328
2.7 0.490333
2.705 0.490329
2.71 0.490318
2.715 0.490298
2.72 0.49027
2.725 0.490235
2.73 0.490192
2.735 0.490142
2.74 0.490084
2.745 0.490019
2.75 0.489946
2.755 0.489866
2.76 0.489779
2.765 0.489685
2.77 0.489583
2.775 0.489475
2.78 0.48936
2.785 0.489239
2.79 0.48911
2.795 0.488975
2.8 0.488834
2.805 0.488686
2.81 0.488531
2.815 0.488371
2.82 0.488204
2.825 0.488031
2.83 0.487852
2.835 0.487666
2.84 0.487475
2.845 0.487278
2.85 0.487076
2.855 0.486867
2.86 0.486653
2.865 0.486433
2.87 0.486208
2.875 0.485978
2.88 0.485742
2.885 0.4855
2.89 0.485254
2.895 0.485002
2.9 0.484745
2.905 0.484483
2.91 0.484216
2.915 0.483944
2.92 0.483667
2.925 0.483385
2.93 0.483099
2.935 0.482808
2.94 0.482512
2.945 0.482212
2.95 0.481907
2.955 0.481598
2.96 0.481284
2.965 0.480966
2.97 0.480644
2.975 0.480317
2.98 0.479987
2.985 0.479652
2.99 0.479313
2.995 0.47897
3 0.478623
3.005 0.478272
3.01 0.477918
3.015 0.477559
3.02 0.477197
3.025 0.476831
3.03 0.476462
3.035 0.476088
3.04 0.475712
3.045 0.475331
3.05 0.474948
3.055 0.474561
3.06 0.47417
3.065 0.473776
3.07 0.473379
3.075 0.472979
3.08 0.472576
3.085 0.472169
3.09 0.471759
3.095 0.471347
3.1 0.470931
3.105 0.470512
3.11 0.470091
3.115 0.469666
3.12 0.469239
3.125 0.468809
3.13 0.468376
3.135 0.46794
3.14 0.467502
3.145 0.467061
3.15 0.466618
3.155 0.466172
3.16 0.465723
3.165 0.465272
3.17 0.464819
3.175 0.464363
3.18 0.463905
3.185 0.463445
3.19 0.462982
3.195 0.462517
3.2 0.46205
3.205 0.46158
3.21 0.461108
3.215 0.460635
3.22 0.460159
3.225 0.459681
3.23 0.459201
3.235 0.45872
3.24 0.458236
3.245 0.45775
3.25 0.457263
3.255 0.456773
3.26 0.456282
3.265 0.455789
3.27 0.455294
3.275 0.454798
3.28 0.454299
3.285 0.4538
3.29 0.453298
3.295 0.452795
3.3 0.45229
3.305 0.451784
3.31 0.451276
3.315 0.450767
3.32 0.450256
3.325 0.449744
3.33 0.449231
3.335 0.448716
3.34 0.4482
3.345 0.447682
3.35 0.447163
3.355 0.446643
3.36 0.446121
3.365 0.445599
3.37 0.445075
3.375 0.44455
3.38 0.444023
3.385 0.443496
3.39 0.442967
3.395 0.442438
3.4 0.441907
3.405 0.441376
3.41 0.440843
3.415 0.440309
3.42 0.439775
3.425 0.439239
3.43 0.438702
3.435 0.438165
3.44 0.437627
3.445 0.437088
3.45 0.436547
3.455 0.436007
3.46 0.435465
3.465 0.434923
3.47 0.434379
3.475 0.433835
3.48 0.433291
3.485 0.432745
3.49 0.432199
3.495 0.431653
3.5 0.431105
3.505 0.430557
3.51 0.430009
3.515 0.42946
3.52 0.42891
3.525 0.42836
3.53 0.427809
3.535 0.427257
3.54 0.426706
3.545 0.426153
3.55 0.4256
3.555 0.425047
3.56 0.424494
3.565 0.423939
3.57 0.423385
3.575 0.42283
3.58 0.422275
3.585 0.421719
3.59 0.421163
3.595 0.420607
3.6 0.42005
3.605 0.419493
3.61 0.418936
3.615 0.418378
3.62 0.417821
3.625 0.417263
3.63 0.416705
3.635 0.416146
3.64 0.415588
3.645 0.415029
3.65 0.41447
3.655 0.413911
3.66 0.413351
3.665 0.412792
3.67 0.412232
3.675 0.411673
3.68 0.411113
3.685 0.410553
3.69 0.409993
3.695 0.409433
3.7 0.408873
3.705 0.408313
3.71 0.407753
3.715 0.407193
3.72 0.406633
3.725 0.406073
3.73 0.405513
3.735 0.404953
3.74 0.404393
3.745 0.403833
3.75 0.403273
3.755 0.402714
3.76 0.402154
3.765 0.401594
3.77 0.401035
3.775 0.400475
3.78 0.399916
3.785 0.399357
3.79 0.398798
3.795 0.398239
3.8 0.39768
3.805 0.397122
3.81 0.396564
3.815 0.396006
3.82 0.395448
3.825 0.39489
3.83 0.394332
3.835 0.393775
3.84 0.393218
3.845 0.392661
3.85 0.392105
3.855 0.391548
3.86 0.390992
3.865 0.390436
3.87 0.389881
3.875 0.389326
3.88 0.388771
3.885 0.388216
3.89 0.387662
3.895 0.387108
3.9 0.386554
3.905 0.386001
3.91 0.385448
3.915 0.384895
3.92 0.384343
3.925 0.383791
3.93 0.383239
3.935 0.382688
3.94 0.382137
3.945 0.381587
3.95 0.381037
3.955 0.380487
3.96 0.379938
3.965 0.379389
3.97 0.37884
3.975 0.378292
3.98 0.377745
3.985 0.377198
3.99 0.376651
3.995 0.376105
4 0.375559
4.005 0.375013
4.01 0.374469
4.015 0.373924
4.02 0.37338
4.025 0.372837
4.03 0.372294
4.035 0.371751
4.04 0.371209
4.045 0.370667
4.05 0.370126
4.055 0.369586
4.06 0.369046
4.065 0.368506
4.07 0.367967
4.075 0.367429
4.08 0.366891
4.085 0.366354
4.09 0.365817
4.095 0.36528
4.1 0.364745
4.105 0.364209
4.11 0.363675
4.115 0.363141
4.12 0.362607
4.125 0.362074
4.13 0.361542
4.135 0.36101
4.14 0.360478
4.145 0.359948
4.15 0.359418
4.155 0.358888
4.16 0.358359
4.165 0.357831
4.17 0.357303
4.175 0.356776
4.18 0.356249
4.185 0.355723
4.19 0.355198
4.195 0.354673
4.2 0.354149
4.205 0.353626
4.21 0.353103
4.215 0.352581
4.22 0.352059
4.225 0.351538
4.23 0.351018
4.235 0.350498
4.24 0.349979
4.245 0.34946
4.25 0.348943
4.255 0.348426
4.26 0.347909
4.265 0.347393
4.27 0.346878
4.275 0.346363
4.28 0.34585
4.285 0.345336
4.29 0.344824
4.295 0.344312
4.3 0.343801
4.305 0.34329
4.31 0.34278
4.315 0.342271
4.32 0.341763
4.325 0.341255
4.33 0.340748
4.335 0.340241
4.34 0.339735
4.345 0.33923
4.35 0.338726
4.355 0.338222
4.36 0.337719
4.365 0.337217
4.37 0.336715
4.375 0.336214
4.38 0.335714
4.385 0.335214
4.39 0.334715
4.395 0.334217
4.4 0.333719
4.405 0.333223
4.41 0.332727
4.415 0.332231
4.42 0.331736
4.425 0.331243
4.43 0.330749
4.435 0.330257
4.44 0.329765
4.445 0.329274
4.45 0.328783
4.455 0.328294
4.46 0.327805
4.465 0.327316
4.47 0.326829
4.475 0.326342
4.48 0.325856
4.485 0.325371
4.49 0.324886
4.495 0.324402
4.5 0.323919
4.505 0.323436
4.51 0.322955
4.515 0.322474
4.52 0.321993
4.525 0.321514
4.53 0.321035
4.535 0.320557
4.54 0.320079
4.545 0.319603
4.55 0.319127
4.555 0.318652
4.56 0.318177
4.565 0.317704
4.57 0.317231
4.575 0.316758
4.58 0.316287
4.585 0.315816
4.59 0.315346
4.595 0.314877
4.6 0.314408
4.605 0.31394
4.61 0.313473
4.615 0.313007
4.62 0.312541
4.625 0.312076
4.63 0.311612
4.635 0.311149
4.64 0.310686
4.645 0.310224
4.65 0.309763
4.655 0.309302
4.66 0.308842
4.665 0.308384
4.67 0.307925
4.675 0.307468
4.68 0.307011
4.685 0.306555
4.69 0.3061
4.695 0.305645
4.7 0.305191
4.705 0.304738
4.71 0.304286
4.715 0.303834
4.72 0.303383
4.725 0.302933
4.73 0.302484
4.735 0.302035
4.74 0.301587
4.745 0.30114
4.75 0.300694
4.755 0.300248
4.76 0.299803
4.765 0.299359
4.77 0.298915
4.775 0.298473
4.78 0.298031
4.785 0.297589
4.79 0.297149
4.795 0.296709
4.8 0.29627
4.805 0.295832
4.81 0.295394
4.815 0.294957
4.82 0.294521
4.825 0.294086
4.83 0.293651
4.835 0.293217
4.84 0.292784
4.845 0.292352
4.85 0.29192
4.855 0.291489
4.86 0.291059
4.865 0.290629
4.87 0.2902
4.875 0.289772
4.88 0.289345
4.885 0.288918
4.89 0.288492
4.895 0.288067
4.9 0.287643
4.905 0.287219
4.91 0.286796
4.915 0.286374
4.92 0.285953
4.925 0.285532
4.93 0.285112
4.935 0.284692
4.94 0.284274
4.945 0.283856
4.95 0.283439
4.955 0.283022
4.96 0.282607
4.965 0.282192
4.97 0.281777
4.975 0.281364
4.98 0.280951
4.985 0.280539
4.99 0.280128
4.995 0.279717
5 0.279307
5.005 0.278898
5.01 0.278489
5.015 0.278081
5.02 0.277674
5.025 0.277268
5.03 0.276862
5.035 0.276457
5.04 0.276053
5.045 0.275649
5.05 0.275247
5.055 0.274844
5.06 0.274443
5.065 0.274042
5.07 0.273642
5.075 0.273243
5.08 0.272844
5.085 0.272447
5.09 0.272049
5.095 0.271653
5.1 0.271257
5.105 0.270862
5.11 0.270468
5.115 0.270074
5.12 0.269681
5.125 0.269289
5.13 0.268897
5.135 0.268506
5.14 0.268116
5.145 0.267726
5.15 0.267338
5.155 0.26695
5.16 0.266562
5.165 0.266175
5.17 0.265789
5.175 0.265404
5.18 0.265019
5.185 0.264635
5.19 0.264252
5.195 0.263869
5.2 0.263487
5.205 0.263106
5.21 0.262726
5.215 0.262346
5.22 0.261967
5.225 0.261588
5.23 0.26121
5.235 0.260833
5.24 0.260457
5.245 0.260081
5.25 0.259706
5.255 0.259331
5.26 0.258957
5.265 0.258584
5.27 0.258212
5.275 0.25784
5.28 0.257469
5.285 0.257098
5.29 0.256729
5.295 0.25636
5.3 0.255991
5.305 0.255623
5.31 0.255256
5.315 0.25489
5.32 0.254524
5.325 0.254159
5.33 0.253794
5.335 0.253431
5.34 0.253067
5.345 0.252705
5.35 0.252343
5.355 0.251982
5.36 0.251621
5.365 0.251262
5.37 0.250902
5.375 0.250544
5.38 0.250186
5.385 0.249829
5.39 0.249472
5.395 0.249116
5.4 0.248761
5.405 0.248406
5.41 0.248052
5.415 0.247698
5.42 0.247346
5.425 0.246994
5.43 0.246642
5.435 0.246291
5.44 0.245941
5.445 0.245592
5.45 0.245243
5.455 0.244894
5.46 0.244547
5.465 0.2442
5.47 0.243853
5.475 0.243507
5.48 0.243162
5.485 0.242818
5.49 0.242474
5.495 0.242131
5.5 0.241788
5.505 0.241446
5.51 0.241105
5.515 0.240764
5.52 0.240424
5.525 0.240084
5.53 0.239745
5.535 0.239407
5.54 0.239069
5.545 0.238732
5.55 0.238396
5.555 0.23806
5.56 0.237725
5.565 0.23739
5.57 0.237056
5.575 0.236723
5.58 0.23639
5.585 0.236058
5.59 0.235726
5.595 0.235395
5.6 0.235065
5.605 0.234735
5.61 0.234406
5.615 0.234077
5.62 0.233749
5.625 0.233422
5.63 0.233095
5.635 0.232769
5.64 0.232444
5.645 0.232119
5.65 0.231794
5.655 0.23147
5.66 0.231147
5.665 0.230825
5.67 0.230503
5.675 0.230181
5.68 0.22986
5.685 0.22954
5.69 0.22922
5.695 0.228901
5.7 0.228583
5.705 0.228265
5.71 0.227948
5.715 0.227631
5.72 0.227315
5.725 0.226999
5.73 0.226684
5.735 0.22637
5.74 0.226056
5.745 0.225742
5.75 0.22543
5.755 0.225118
5.76 0.224806
5.765 0.224495
5.77 0.224184
5.775 0.223875
5.78 0.223565
5.785 0.223257
5.79 0.222948
5.795 0.222641
5.8 0.222334
5.805 0.222027
5.81 0.221721
5.815 0.221416
5.82 0.221111
5.825 0.220807
5.83 0.220503
5.835 0.2202
5.84 0.219897
5.845 0.219595
5.85 0.219294
5.855 0.218993
5.86 0.218692
5.865 0.218392
5.87 0.218093
5.875 0.217794
5.88 0.217496
5.885 0.217198
5.89 0.216901
5.895 0.216605
5.9 0.216309
5.905 0.216013
5.91 0.215718
5.915 0.215424
5.92 0.21513
5.925 0.214836
5.93 0.214544
5.935 0.214251
5.94 0.21396
5.945 0.213668
5.95 0.213378
5.955 0.213087
5.96 0.212798
5.965 0.212509
5.97 0.21222
5.975 0.211932
5.98 0.211645
5.985 0.211357
5.99 0.211071
5.995 0.210785
6 0.2105
6.005 0.210215
6.01 0.20993
6.015 0.209646
6.02 0.209363
6.025 0.20908
6.03 0.208798
6.035 0.208516
6.04 0.208235
6.045 0.207954
6.05 0.207673
6.055 0.207394
6.06 0.207114
6.065 0.206836
6.07 0.206557
6.075 0.20628
6.08 0.206002
6.085 0.205725
6.09 0.205449
6.095 0.205173
6.1 0.204898
6.105 0.204623
6.11 0.204349
6.115 0.204075
6.12 0.203802
6.125 0.203529
6.13 0.203257
6.135 0.202985
6.14 0.202714
6.145 0.202443
6.15 0.202173
6.155 0.201903
6.16 0.201634
6.165 0.201365
6.17 0.201097
6.175 0.200829
6.18 0.200561
6.185 0.200294
6.19 0.200028
6.195 0.199762
6.2 0.199497
6.205 0.199232
6.21 0.198967
6.215 0.198703
6.22 0.198439
6.225 0.198176
6.23 0.197914
6.235 0.197652
6.24 0.19739
6.245 0.197129
6.25 0.196868
6.255 0.196608
6.26 0.196348
6.265 0.196089
6.27 0.19583
6.275 0.195572
6.28 0.195314
6.285 0.195056
6.29 0.194799
6.295 0.194543
6.3 0.194287
6.305 0.194031
6.31 0.193776
6.315 0.193521
6.32 0.193267
6.325 0.193013
6.33 0.19276
6.335 0.192507
6.34 0.192255
6.345 0.192003
6.35 0.191751
6.355 0.1915
6.36 0.19125
6.365 0.191
6.37 0.19075
6.375 0.190501
6.38 0.190252
6.385 0.190003
6.39 0.189756
6.395 0.189508
6.4 0.189261
6.405 0.189015
6.41 0.188768
6.415 0.188523
6.42 0.188277
6.425 0.188033
6.43 0.187788
6.435 0.187544
6.44 0.187301
6.445 0.187058
6.45 0.186815
6.455 0.186573
6.46 0.186331
6.465 0.18609
6.47 0.185849
6.475 0.185608
6.48 0.185368
6.485 0.185129
6.49 0.184889
6.495 0.184651
6.5 0.184412
6.505 0.184174
6.51 0.183937
6.515 0.1837
6.52 0.183463
6.525 0.183227
6.53 0.182991
6.535 0.182756
6.54 0.182521
6.545 0.182286
6.55 0.182052
6.555 0.181818
6.56 0.181585
6.565 0.181352
6.57 0.18112
6.575 0.180888
6.58 0.180656
6.585 0.180425
6.59 0.180194
6.595 0.179963
6.6 0.179733
6.605 0.179504
6.61 0.179275
6.615 0.179046
6.62 0.178817
6.625 0.178589
6.63 0.178362
6.635 0.178135
6.64 0.177908
6.645 0.177681
6.65 0.177455
6.655 0.17723
6.66 0.177005
6.665 0.17678
6.67 0.176555
6.675 0.176331
6.68 0.176108
6.685 0.175885
6.69 0.175662
6.695 0.175439
6.7 0.175217
6.705 0.174996
6.71 0.174774
6.715 0.174554
6.72 0.174333
6.725 0.174113
6.73 0.173893
6.735 0.173674
6.74 0.173455
6.745 0.173236
6.75 0.173018
6.755 0.1728
6.76 0.172583
6.765 0.172366
6.77 0.172149
6.775 0.171933
6.78 0.171717
6.785 0.171502
6.79 0.171287
6.795 0.171072
6.8 0.170857
6.805 0.170643
6.81 0.17043
6.815 0.170217
6.82 0.170004
6.825 0.169791
6.83 0.169579
6.835 0.169367
6.84 0.169156
6.845 0.168945
6.85 0.168734
6.855 0.168524
6.86 0.168314
6.865 0.168104
6.87 0.167895
6.875 0.167686
6.88 0.167478
6.885 0.16727
6.89 0.167062
6.895 0.166855
6.9 0.166648
6.905 0.166441
6.91 0.166235
6.915 0.166029
6.92 0.165823
6.925 0.165618
6.93 0.165413
6.935 0.165208
6.94 0.165004
6.945 0.1648
6.95 0.164597
6.955 0.164394
6.96 0.164191
6.965 0.163989
6.97 0.163787
6.975 0.163585
6.98 0.163384
6.985 0.163183
6.99 0.162982
6.995 0.162782
7 0.162582
7.005 0.162382
7.01 0.162183
7.015 0.161984
7.02 0.161785
7.025 0.161587
7.03 0.161389
7.035 0.161191
7.04 0.160994
7.045 0.160797
7.05 0.160601
7.055 0.160404
7.06 0.160208
7.065 0.160013
7.07 0.159818
7.075 0.159623
7.08 0.159428
7.085 0.159234
7.09 0.15904
7.095 0.158847
7.1 0.158653
7.105 0.158461
7.11 0.158268
7.115 0.158076
7.12 0.157884
7.125 0.157692
7.13 0.157501
7.135 0.15731
7.14 0.15712
7.145 0.156929
7.15 0.156739
7.155 0.15655
7.16 0.15636
7.165 0.156172
7.17 0.155983
7.175 0.155795
7.18 0.155607
7.185 0.155419
7.19 0.155231
7.195 0.155044
7.2 0.154858
7.205 0.154671
7.21 0.154485
7.215 0.154299
7.22 0.154114
7.225 0.153929
7.23 0.153744
7.235 0.153559
7.24 0.153375
7.245 0.153191
7.25 0.153008
7.255 0.152825
7.26 0.152642
7.265 0.152459
7.27 0.152277
7.275 0.152095
7.28 0.151913
7.285 0.151731
7.29 0.15155
7.295 0.151369
7.3 0.151189
7.305 0.151009
7.31 0.150829
7.315 0.150649
7.32 0.15047
7.325 0.150291
7.33 0.150112
7.335 0.149934
7.34 0.149756
7.345 0.149578
7.35 0.149401
7.355 0.149223
7.36 0.149047
7.365 0.14887
7.37 0.148694
7.375 0.148518
7.38 0.148342
7.385 0.148167
7.39 0.147991
7.395 0.147817
7.4 0.147642
7.405 0.147468
7.41 0.147294
7.415 0.14712
7.42 0.146947
7.425 0.146774
7.43 0.146601
7.435 0.146429
7.44 0.146256
7.445 0.146084
7.45 0.145913
7.455 0.145741
7.46 0.14557
7.465 0.1454
7.47 0.145229
7.475 0.145059
7.48 0.144889
7.485 0.144719
7.49 0.14455
7.495 0.144381
7.5 0.144212
7.505 0.144044
7.51 0.143875
7.515 0.143707
7.52 0.14354
7.525 0.143372
7.53 0.143205
7.535 0.143038
7.54 0.142872
7.545 0.142705
7.55 0.142539
7.555 0.142374
7.56 0.142208
7.565 0.142043
7.57 0.141878
7.575 0.141713
7.58 0.141549
7.585 0.141385
7.59 0.141221
7.595 0.141058
7.6 0.140894
7.605 0.140731
7.61 0.140569
7.615 0.140406
7.62 0.140244
7.625 0.140082
7.63 0.13992
7.635 0.139759
7.64 0.139598
7.645 0.139437
7.65 0.139276
7.655 0.139116
7.66 0.138956
7.665 0.138796
7.67 0.138636
7.675 0.138477
7.68 0.138318
7.685 0.138159
7.69 0.138001
7.695 0.137842
7.7 0.137684
7.705 0.137526
7.71 0.137369
7.715 0.137212
7.72 0.137055
7.725 0.136898
7.73 0.136742
7.735 0.136585
7.74 0.136429
7.745 0.136274
7.75 0.136118
7.755 0.135963
7.76 0.135808
7.765 0.135653
7.77 0.135499
7.775 0.135345
7.78 0.135191
7.785 0.135037
7.79 0.134884
7.795 0.13473
7.8 0.134578
7.805 0.134425
7.81 0.134272
7.815 0.13412
7.82 0.133968
7.825 0.133817
7.83 0.133665
7.835 0.133514
7.84 0.133363
7.845 0.133212
7.85 0.133062
7.855 0.132911
7.86 0.132761
7.865 0.132612
7.87 0.132462
7.875 0.132313
7.88 0.132164
7.885 0.132015
7.89 0.131867
7.895 0.131718
7.9 0.13157
7.905 0.131422
7.91 0.131275
7.915 0.131127
7.92 0.13098
7.925 0.130833
7.93 0.130687
7.935 0.13054
7.94 0.130394
7.945 0.130248
7.95 0.130102
7.955 0.129957
7.96 0.129812
7.965 0.129667
7.97 0.129522
7.975 0.129377
7.98 0.129233
7.985 0.129089
7.99 0.128945
7.995 0.128802
8 0.128658
8.005 0.128515
8.01 0.128372
8.015 0.128229
8.02 0.128087
8.025 0.127945
8.03 0.127803
8.035 0.127661
8.04 0.127519
8.045 0.127378
8.05 0.127237
8.055 0.127096
8.06 0.126955
8.065 0.126815
8.07 0.126674
8.075 0.126534
8.08 0.126395
8.085 0.126255
8.09 0.126116
8.095 0.125977
8.1 0.125838
8.105 0.125699
8.11 0.125561
8.115 0.125422
8.12 0.125284
8.125 0.125147
8.13 0.125009
8.135 0.124872
8.14 0.124734
8.145 0.124597
8.15 0.124461
8.155 0.124324
8.16 0.124188
8.165 0.124052
8.17 0.123916
8.175 0.12378
8.18 0.123645
8.185 0.12351
8.19 0.123375
8.195 0.12324
8.2 0.123105
8.205 0.122971
8.21 0.122837
8.215 0.122703
8.22 0.122569
8.225 0.122436
8.23 0.122302
8.235 0.122169
8.24 0.122036
8.245 0.121904
8.25 0.121771
8.255 0.121639
8.26 0.121507
8.265 0.121375
8.27 0.121243
8.275 0.121112
8.28 0.12098
8.285 0.120849
8.29 0.120719
8.295 0.120588
8.3 0.120458
8.305 0.120327
8.31 0.120197
8.315 0.120067
8.32 0.119938
8.325 0.119808
8.33 0.119679
8.335 0.11955
8.34 0.119421
8.345 0.119293
8.35 0.119164
8.355 0.119036
8.36 0.118908
8.365 0.11878
8.37 0.118653
8.375 0.118525
8.38 0.118398
8.385 0.118271
8.39 0.118144
8.395 0.118017
8.4 0.117891
8.405 0.117765
8.41 0.117639
8.415 0.117513
8.42 0.117387
8.425 0.117262
8.43 0.117136
8.435 0.117011
8.44 0.116886
8.445 0.116762
8.45 0.116637
8.455 0.116513
8.46 0.116389
8.465 0.116265
8.47 0.116141
8.475 0.116018
8.48 0.115894
8.485 0.115771
8.49 0.115648
8.495 0.115525
8.5 0.115403
8.505 0.11528
8.51 0.115158
8.515 0.115036
8.52 0.114914
8.525 0.114792
8.53 0.114671
8.535 0.11455
8.54 0.114429
8.545 0.114308
8.55 0.114187
8.555 0.114066
8.56 0.113946
8.565 0.113826
8.57 0.113706
8.575 0.113586
8.58 0.113466
8.585 0.113347
8.59 0.113228
8.595 0.113108
8.6 0.11299
8.605 0.112871
8.61 0.112752
8.615 0.112634
8.62 0.112516
8.625 0.112398
8.63 0.11228
8.635 0.112162
8.64 0.112045
8.645 0.111927
8.65 0.11181
8.655 0.111693
8.66 0.111577
8.665 0.11146
8.67 0.111344
8.675 0.111227
8.68 0.111111
8.685 0.110995
8.69 0.11088
8.695 0.110764
8.7 0.110649
8.705 0.110534
8.71 0.110418
8.715 0.110304
8.72 0.110189
8.725 0.110074
8.73 0.10996
8.735 0.109846
8.74 0.109732
8.745 0.109618
8.75 0.109505
8.755 0.109391
8.76 0.109278
8.765 0.109165
8.77 0.109052
8.775 0.108939
8.78 0.108826
8.785 0.108714
8.79 0.108602
8.795 0.108489
8.8 0.108377
8.805 0.108266
8.81 0.108154
8.815 0.108043
8.82 0.107931
8.825 0.10782
8.83 0.107709
8.835 0.107598
8.84 0.107488
8.845 0.107377
8.85 0.107267
8.855 0.107157
8.86 0.107047
8.865 0.106937
8.87 0.106828
8.875 0.106718
8.88 0.106609
8.885 0.1065
8.89 0.106391
8.895 0.106282
8.9 0.106173
8.905 0.106065
8.91 0.105956
8.915 0.105848
8.92 0.10574
8.925 0.105632
8.93 0.105525
8.935 0.105417
8.94 0.10531
8.945 0.105202
8.95 0.105095
8.955 0.104988
8.96 0.104882
8.965 0.104775
8.97 0.104669
8.975 0.104562
8.98 0.104456
8.985 0.10435
8.99 0.104245
8.995 0.104139
9 0.104033
9.005 0.103928
9.01 0.103823
9.015 0.103718
9.02 0.103613
9.025 0.103508
9.03 0.103404
9.035 0.103299
9.04 0.103195
9.045 0.103091
9.05 0.102987
9.055 0.102883
9.06 0.102779
9.065 0.102676
9.07 0.102573
9.075 0.102469
9.08 0.102366
9.085 0.102263
9.09 0.102161
9.095 0.102058
9.1 0.101956
9.105 0.101853
9.11 0.101751
9.115 0.101649
9.12 0.101547
9.125 0.101446
9.13 0.101344
9.135 0.101243
9.14 0.101141
9.145 0.10104
9.15 0.100939
9.155 0.100839
9.16 0.100738
9.165 0.100637
9.17 0.100537
9.175 0.100437
9.18 0.100337
9.185 0.100237
9.19 0.100137
9.195 0.100037
9.2 0.0999377
9.205 0.0998383
9.21 0.0997391
9.215 0.09964
9.22 0.0995411
9.225 0.0994423
9.23 0.0993437
9.235 0.0992451
9.24 0.0991468
9.245 0.0990486
9.25 0.0989505
9.255 0.0988525
9.26 0.0987547
9.265 0.0986571
9.27 0.0985595
9.275 0.0984622
9.28 0.0983649
9.285 0.0982678
9.29 0.0981709
9.295 0.0980741
9.3 0.0979774
9.305 0.0978808
9.31 0.0977844
9.315 0.0976882
9.32 0.097592
9.325 0.097496
9.33 0.0974002
9.335 0.0973045
9.34 0.0972089
9.345 0.0971135
9.35 0.0970181
9.355 0.096923
9.36 0.0968279
9.365 0.096733
9.37 0.0966383
9.375 0.0965437
9.38 0.0964492
9.385 0.0963548
9.39 0.0962606
9.395 0.0961665
9.4 0.0960725
9.405 0.0959787
9.41 0.095885
9.415 0.0957915
9.42 0.0956981
9.425 0.0956048
9.43 0.0955116
9.435 0.0954186
9.44 0.0953257
9.445 0.0952329
9.45 0.0951403
9.455 0.0950478
9.46 0.0949555
9.465 0.0948632
9.47 0.0947711
9.475 0.0946791
9.48 0.0945873
9.485 0.0944956
9.49 0.094404
9.495 0.0943126
9.5 0.0942212
9.505 0.09413
9.51 0.094039
9.515 0.093948
9.52 0.0938572
9.525 0.0937665
9.53 0.093676
9.535 0.0935855
9.54 0.0934952
9.545 0.0934051
9.55 0.093315
9.555 0.0932251
9.56 0.0931353
9.565 0.0930456
9.57 0.0929561
9.575 0.0928667
9.58 0.0927774
9.585 0.0926882
9.59 0.0925992
9.595 0.0925103
9.6 0.0924215
9.605 0.0923328
9.61 0.0922443
9.615 0.0921559
9.62 0.0920676
9.625 0.0919794
9.63 0.0918914
9.635 0.0918034
9.64 0.0917156
9.645 0.0916279
9.65 0.0915404
9.655 0.091453
9.66 0.0913656
9.665 0.0912785
9.67 0.0911914
9.675 0.0911044
9.68 0.0910176
9.685 0.0909309
9.69 0.0908443
9.695 0.0907579
9.7 0.0906715
9.705 0.0905853
9.71 0.0904992
9.715 0.0904132
9.72 0.0903273
9.725 0.0902416
9.73 0.0901559
9.735 0.0900704
9.74 0.089985
9.745 0.0898998
9.75 0.0898146
9.755 0.0897296
9.76 0.0896447
9.765 0.0895599
9.77 0.0894752
9.775 0.0893906
9.78 0.0893062
9.785 0.0892218
9.79 0.0891376
9.795 0.0890535
9.8 0.0889695
9.805 0.0888856
9.81 0.0888019
9.815 0.0887182
9.82 0.0886347
9.825 0.0885513
9.83 0.088468
9.835 0.0883848
9.84 0.0883018
9.845 0.0882188
9.85 0.088136
9.855 0.0880533
9.86 0.0879706
9.865 0.0878881
9.87 0.0878058
9.875 0.0877235
9.88 0.0876413
9.885 0.0875593
9.89 0.0874774
9.895 0.0873955
9.9 0.0873138
9.905 0.0872322
9.91 0.0871507
9.915 0.0870694
9.92 0.0869881
9.925 0.0869069
9.93 0.0868259
9.935 0.086745
9.94 0.0866641
9.945 0.0865834
9.95 0.0865028
9.955 0.0864223
9.96 0.086342
9.965 0.0862617
9.97 0.0861815
9.975 0.0861015
9.98 0.0860215
9.985 0.0859417
9.99 0.085862
9.995 0.0857823
