0 -nan
0.005 0.214078
0.01 0.243405
0.015 0.495739
0.02 0.102213
0.025 0.408415
0.03 0.381095
0.035 0.14786
0.04 0.570479
0.045 0.0419385
0.05 0.263261
0.055 0.0684505
0.06 0.192923
0.065 0.483811
0.07 0.242294
0.075 0.00378067
0.08 0.0340554
0.085 0.0159326
0.09 0.240139
0.095 0.839921
0.1 0.464836
0.105 0.209426
0.11 0.876884
0.115 0.108561
0.12 0.838845
0.125 0.361205
0.13 0.357813
0.135 0.953405
0.14 0.140147
0.145 0.409146
0.15 0.987027
0.155 0.422592
0.16 0.0605664
0.165 0.607065
0.17 0.978019
0.175 0.583033
0.18 0.0900858
0.185 0.167994
0.19 0.65144
0.195 0.955513
0.2 0.794386
0.205 0.370058
0.21 0.0670928
0.215 0.100393
0.22 0.404456
0.225 0.750235
0.23 0.927549
0.235 0.858751
0.24 0.605691
0.245 0.305227
0.25 0.089873
0.255 0.0341796
0.26 0.140053
0.265 0.353225
0.27 0.594312
0.275 0.789087
0.28 0.888698
0.285 0.877144
0.29 0.768065
0.295 0.595093
0.3 0.400134
0.305 0.222934
0.31 0.09379
0.315 0.0299467
0.32 0.0352708
0.325 0.102304
0.33 0.215641
0.335 0.355709
0.34 0.502241
0.345 0.637025
0.35 0.745745
0.355 0.818916
0.36 0.852044
0.365 0.845186
0.37 0.80214
0.375 0.729423
0.38 0.635219
0.385 0.528395
0.39 0.417669
0.395 0.310963
0.4 0.214952
0.405 0.1348
0.41 0.0740638
0.415 0.0347166
0.42 0.0172836
0.425 0.0210366
0.43 0.0442291
0.435 0.0843457
0.44 0.138348
0.445 0.202903
0.45 0.274582
0.455 0.350032
0.46 0.426109
0.465 0.499979
0.47 0.569187
0.475 0.6317
0.48 0.685921
0.485 0.730687
0.49 0.765249
0.495 0.789242
0.5 0.802643
0.505 0.805729
0.51 0.799026
0.515 0.783265
0.52 0.759332
0.525 0.728227
0.53 0.691024
0.535 0.648835
0.54 0.602775
0.545 0.553941
0.55 0.503388
0.555 0.452107
0.56 0.401019
0.565 0.350959
0.57 0.302673
0.575 0.25681
0.58 0.213928
0.585 0.174486
0.59 0.138855
0.595 0.107318
0.6 0.0800745
0.605 0.0572478
0.61 0.0388921
0.615 0.0249981
0.62 0.0155005
0.625 0.0102849
0.63 0.00919463
0.635 0.012037
0.64 0.0185901
0.645 0.0286082
0.65 0.0418273
0.655 0.0579705
0.66 0.076752
0.665 0.0978816
0.67 0.121068
0.675 0.146023
0.68 0.172463
0.685 0.200112
0.69 0.228703
0.695 0.257981
0.7 0.287703
0.705 0.31764
0.71 0.347578
0.715 0.377316
0.72 0.406669
0.725 0.435469
0.73 0.463562
0.735 0.490808
0.74 0.517084
0.745 0.542281
0.75 0.566302
0.755 0.589066
0.76 0.610505
0.765 0.63056
0.77 0.649187
0.775 0.666351
0.78 0.682027
0.785 0.696201
0.79 0.708867
0.795 0.720026
0.8 0.729688
0.805 0.737867
0.81 0.744587
0.815 0.749874
0.82 0.75376
0.825 0.756283
0.83 0.757481
0.835 0.757399
0.84 0.756082
0.845 0.753579
0.85 0.749941
0.855 0.745218
0.86 0.739464
0.865 0.732734
0.87 0.72508
0.875 0.716558
0.88 0.707223
0.885 0.697128
0.89 0.686327
0.895 0.674874
0.9 0.662821
0.905 0.650219
0.91 0.637119
0.915 0.62357
0.92 0.60962
0.925 0.595315
0.93 0.580701
0.935 0.56582
0.94 0.550716
0.945 0.535427
0.95 0.519995
0.955 0.504454
0.96 0.488842
0.965 0.473192
0.97 0.457536
0.975 0.441905
0.98 0.426328
0.985 0.410834
0.99 0.395447
0.995 0.380192
1 0.365092
1.005 0.350169
1.01 0.335443
1.015 0.320933
1.02 0.306655
1.025 0.292627
1.03 0.278862
1.035 0.265375
1.04 0.252178
1.045 0.239281
1.05 0.226696
1.055 0.214432
1.06 0.202496
1.065 0.190896
1.07 0.179638
1.075 0.168727
1.08 0.158169
1.085 0.147966
1.09 0.138122
1.095 0.12864
1.1 0.119521
1.105 0.110765
1.11 0.102374
1.115 0.0943464
1.12 0.0866827
1.125 0.0793812
1.13 0.0724403
1.135 0.0658578
1.14 0.0596313
1.145 0.0537578
1.15 0.0482341
1.155 0.0430566
1.16 0.0382214
1.165 0.0337242
1.17 0.0295607
1.175 0.0257263
1.18 0.0222159
1.185 0.0190246
1.19 0.016147
1.195 0.0135777
1.2 0.0113112
1.205 0.00934184
1.21 0.00766373
1.215 0.00627101
1.22 0.0051577
1.225 0.00431777
1.23 0.00374511
1.235 0.00343357
1.24 0.00337699
1.245 0.00356916
1.25 0.00400388
1.255 0.00467491
1.26 0.00557606
1.265 0.00670112
1.27 0.00804393
1.275 0.00959832
1.28 0.0113582
1.285 0.0133174
1.29 0.0154701
1.295 0.0178101
1.3 0.0203315
1.305 0.0230286
1.31 0.0258955
1.315 0.0289264
1.32 0.0321157
1.325 0.0354579
1.33 0.0389474
1.335 0.0425787
1.34 0.0463466
1.345 0.0502458
1.35 0.054271
1.355 0.0584173
1.36 0.0626796
1.365 0.0670529
1.37 0.0715325
1.375 0.0761137
1.38 0.0807917
1.385 0.0855621
1.39 0.0904204
1.395 0.0953623
1.4 0.100383
1.405 0.10548
1.41 0.110647
1.415 0.115881
1.42 0.121178
1.425 0.126535
1.43 0.131947
1.435 0.137411
1.44 0.142923
1.445 0.148481
1.45 0.15408
1.455 0.159717
1.46 0.16539
1.465 0.171094
1.47 0.176828
1.475 0.182587
1.48 0.18837
1.485 0.194173
1.49 0.199993
1.495 0.205829
1.5 0.211677
1.505 0.217536
1.51 0.223401
1.515 0.229273
1.52 0.235147
1.525 0.241022
1.53 0.246896
1.535 0.252766
1.54 0.258631
1.545 0.264489
1.55 0.270338
1.555 0.276176
1.56 0.282002
1.565 0.287813
1.57 0.293608
1.575 0.299386
1.58 0.305145
1.585 0.310883
1.59 0.3166
1.595 0.322293
1.6 0.327962
1.605 0.333606
1.61 0.339222
1.615 0.344811
1.62 0.35037
1.625 0.355899
1.63 0.361398
1.635 0.366864
1.64 0.372297
1.645 0.377696
1.65 0.38306
1.655 0.388389
1.66 0.393681
1.665 0.398936
1.67 0.404154
1.675 0.409333
1.68 0.414473
1.685 0.419573
1.69 0.424634
1.695 0.429653
1.7 0.434631
1.705 0.439568
1.71 0.444462
1.715 0.449314
1.72 0.454123
1.725 0.458889
1.73 0.463611
1.735 0.46829
1.74 0.472924
1.745 0.477513
1.75 0.482058
1.755 0.486558
1.76 0.491013
1.765 0.495423
1.77 0.499787
1.775 0.504106
1.78 0.508379
1.785 0.512606
1.79 0.516787
1.795 0.520923
1.8 0.525012
1.805 0.529055
1.81 0.533053
1.815 0.537004
1.82 0.54091
1.825 0.544769
1.83 0.548583
1.835 0.55235
1.84 0.556072
1.845 0.559748
1.85 0.563378
1.855 0.566963
1.86 0.570502
1.865 0.573996
1.87 0.577445
1.875 0.580849
1.88 0.584208
1.885 0.587522
1.89 0.590791
1.895 0.594016
1.9 0.597197
1.905 0.600334
1.91 0.603427
1.915 0.606476
1.92 0.609481
1.925 0.612444
1.93 0.615363
1.935 0.61824
1.94 0.621074
1.945 0.623866
1.95 0.626616
1.955 0.629324
1.96 0.63199
1.965 0.634615
1.97 0.637199
1.975 0.639742
1.98 0.642244
1.985 0.644706
1.99 0.647129
1.995 0.649511
2 0.651854
2.005 0.654158
2.01 0.656423
2.015 0.658649
2.02 0.660837
2.025 0.662987
2.03 0.665099
2.035 0.667173
2.04 0.669211
2.045 0.671211
2.05 0.673175
2.055 0.675103
2.06 0.676994
2.065 0.67885
2.07 0.680671
2.075 0.682456
2.08 0.684206
2.085 0.685922
2.09 0.687604
2.095 0.689252
2.1 0.690866
2.105 0.692447
2.11 0.693995
2.115 0.695511
2.12 0.696993
2.125 0.698444
2.13 0.699863
2.135 0.70125
2.14 0.702606
2.145 0.703931
2.15 0.705226
2.155 0.70649
2.16 0.707724
2.165 0.708928
2.17 0.710103
2.175 0.711249
2.18 0.712365
2.185 0.713453
2.19 0.714513
2.195 0.715545
2.2 0.716549
2.205 0.717525
2.21 0.718475
2.215 0.719397
2.22 0.720293
2.225 0.721163
2.23 0.722006
2.235 0.722824
2.24 0.723616
2.245 0.724382
2.25 0.725124
2.255 0.725841
2.26 0.726534
2.265 0.727203
2.27 0.727847
2.275 0.728468
2.28 0.729066
2.285 0.72964
2.29 0.730191
2.295 0.73072
2.3 0.731227
2.305 0.731711
2.31 0.732174
2.315 0.732615
2.32 0.733034
2.325 0.733433
2.33 0.73381
2.335 0.734167
2.34 0.734503
2.345 0.73482
2.35 0.735116
2.355 0.735393
2.36 0.73565
2.365 0.735888
2.37 0.736107
2.375 0.736307
2.38 0.736488
2.385 0.736651
2.39 0.736796
2.395 0.736924
2.4 0.737033
2.405 0.737125
2.41 0.7372
2.415 0.737258
2.42 0.737298
2.425 0.737323
2.43 0.73733
2.435 0.737322
2.44 0.737298
2.445 0.737257
2.45 0.737202
2.455 0.73713
2.46 0.737044
2.465 0.736942
2.47 0.736826
2.475 0.736695
2.48 0.736549
2.485 0.736389
2.49 0.736216
2.495 0.736028
2.5 0.735826
2.505 0.735611
2.51 0.735383
2.515 0.735141
2.52 0.734886
2.525 0.734619
2.53 0.734339
2.535 0.734046
2.54 0.733741
2.545 0.733424
2.55 0.733094
2.555 0.732753
2.56 0.7324
2.565 0.732036
2.57 0.73166
2.575 0.731273
2.58 0.730875
2.585 0.730466
2.59 0.730047
2.595 0.729616
2.6 0.729176
2.605 0.728724
2.61 0.728263
2.615 0.727792
2.62 0.727311
2.625 0.72682
2.63 0.726319
2.635 0.725809
2.64 0.72529
2.645 0.724761
2.65 0.724224
2.655 0.723677
2.66 0.723122
2.665 0.722558
2.67 0.721985
2.675 0.721404
2.68 0.720815
2.685 0.720218
2.69 0.719612
2.695 0.718999
2.7 0.718378
2.705 0.717749
2.71 0.717112
2.715 0.716468
2.72 0.715817
2.725 0.715159
2.73 0.714493
2.735 0.71382
2.74 0.713141
2.745 0.712455
2.75 0.711762
2.755 0.711062
2.76 0.710356
2.765 0.709644
2.77 0.708925
2.775 0.7082
2.78 0.70747
2.785 0.706733
2.79 0.70599
2.795 0.705242
2.8 0.704488
2.805 0.703728
2.81 0.702963
2.815 0.702192
2.82 0.701417
2.825 0.700636
2.83 0.69985
2.835 0.699058
2.84 0.698262
2.845 0.697461
2.85 0.696656
2.855 0.695845
2.86 0.69503
2.865 0.694211
2.87 0.693387
2.875 0.692559
2.88 0.691726
2.885 0.690889
2.89 0.690048
2.895 0.689204
2.9 0.688355
2.905 0.687502
2.91 0.686645
2.915 0.685785
2.92 0.684921
2.925 0.684054
2.93 0.683182
2.935 0.682308
2.94 0.68143
2.945 0.680549
2.95 0.679664
2.955 0.678777
2.96 0.677886
2.965 0.676992
2.97 0.676095
2.975 0.675195
2.98 0.674293
2.985 0.673387
2.99 0.672479
2.995 0.671568
3 0.670655
3.005 0.669739
3.01 0.66882
3.015 0.6679
3.02 0.666976
3.025 0.666051
3.03 0.665123
3.035 0.664193
3.04 0.66326
3.045 0.662326
3.05 0.661389
3.055 0.660451
3.06 0.65951
3.065 0.658568
3.07 0.657624
3.075 0.656678
3.08 0.65573
3.085 0.654781
3.09 0.65383
3.095 0.652877
3.1 0.651923
3.105 0.650967
3.11 0.65001
3.115 0.649051
3.12 0.648091
3.125 0.64713
3.13 0.646167
3.135 0.645204
3.14 0.644238
3.145 0.643272
3.15 0.642305
3.155 0.641336
3.16 0.640367
3.165 0.639396
3.17 0.638425
3.175 0.637453
3.18 0.636479
3.185 0.635505
3.19 0.63453
3.195 0.633555
3.2 0.632578
3.205 0.631601
3.21 0.630623
3.215 0.629645
3.22 0.628666
3.225 0.627686
3.23 0.626706
3.235 0.625725
3.24 0.624744
3.245 0.623763
3.25 0.622781
3.255 0.621799
3.26 0.620816
3.265 0.619833
3.27 0.61885
3.275 0.617866
3.28 0.616883
3.285 0.615899
3.29 0.614915
3.295 0.613931
3.3 0.612946
3.305 0.611962
3.31 0.610978
3.315 0.609993
3.32 0.609009
3.325 0.608025
3.33 0.60704
3.335 0.606056
3.34 0.605072
3.345 0.604088
3.35 0.603104
3.355 0.60212
3.36 0.601137
3.365 0.600154
3.37 0.599171
3.375 0.598188
3.38 0.597206
3.385 0.596223
3.39 0.595242
3.395 0.59426
3.4 0.593279
3.405 0.592299
3.41 0.591318
3.415 0.590339
3.42 0.589359
3.425 0.58838
3.43 0.587402
3.435 0.586424
3.44 0.585447
3.445 0.58447
3.45 0.583494
3.455 0.582519
3.46 0.581544
3.465 0.580569
3.47 0.579596
3.475 0.578623
3.48 0.57765
3.485 0.576679
3.49 0.575708
3.495 0.574738
3.5 0.573768
3.505 0.572799
3.51 0.571831
3.515 0.570864
3.52 0.569898
3.525 0.568932
3.53 0.567968
3.535 0.567004
3.54 0.566041
3.545 0.565079
3.55 0.564118
3.555 0.563157
3.56 0.562198
3.565 0.56124
3.57 0.560282
3.575 0.559325
3.58 0.55837
3.585 0.557415
3.59 0.556462
3.595 0.555509
3.6 0.554557
3.605 0.553607
3.61 0.552657
3.615 0.551709
3.62 0.550761
3.625 0.549815
3.63 0.548869
3.635 0.547925
3.64 0.546982
3.645 0.54604
3.65 0.545099
3.655 0.544159
3.66 0.543221
3.665 0.542283
3.67 0.541347
3.675 0.540411
3.68 0.539477
3.685 0.538545
3.69 0.537613
3.695 0.536682
3.7 0.535753
3.705 0.534825
3.71 0.533898
3.715 0.532973
3.72 0.532048
3.725 0.531125
3.73 0.530204
3.735 0.529283
3.74 0.528364
3.745 0.527446
3.75 0.526529
3.755 0.525613
3.76 0.524699
3.765 0.523786
3.77 0.522875
3.775 0.521964
3.78 0.521055
3.785 0.520148
3.79 0.519242
3.795 0.518337
3.8 0.517433
3.805 0.516531
3.81 0.51563
3.815 0.51473
3.82 0.513832
3.825 0.512935
3.83 0.51204
3.835 0.511146
3.84 0.510253
3.845 0.509362
3.85 0.508472
3.855 0.507583
3.86 0.506696
3.865 0.50581
3.87 0.504926
3.875 0.504043
3.88 0.503161
3.885 0.502281
3.89 0.501403
3.895 0.500526
3.9 0.49965
3.905 0.498775
3.91 0.497902
3.915 0.497031
3.92 0.496161
3.925 0.495292
3.93 0.494425
3.935 0.493559
3.94 0.492695
3.945 0.491832
3.95 0.490971
3.955 0.490111
3.96 0.489253
3.965 0.488396
3.97 0.487541
3.975 0.486687
3.98 0.485834
3.985 0.484983
3.99 0.484133
3.995 0.483285
4 0.482439
4.005 0.481594
4.01 0.48075
4.015 0.479908
4.02 0.479067
4.025 0.478228
4.03 0.477391
4.035 0.476554
4.04 0.47572
4.045 0.474887
4.05 0.474055
4.055 0.473225
4.06 0.472396
4.065 0.471569
4.07 0.470743
4.075 0.469919
4.08 0.469097
4.085 0.468275
4.09 0.467456
4.095 0.466638
4.1 0.465821
4.105 0.465006
4.11 0.464192
4.115 0.46338
4.12 0.46257
4.125 0.461761
4.13 0.460953
4.135 0.460147
4.14 0.459343
4.145 0.45854
4.15 0.457738
4.155 0.456938
4.16 0.45614
4.165 0.455343
4.17 0.454547
4.175 0.453753
4.18 0.452961
4.185 0.45217
4.19 0.45138
4.195 0.450593
4.2 0.449806
4.205 0.449021
4.21 0.448238
4.215 0.447456
4.22 0.446676
4.225 0.445897
4.23 0.44512
4.235 0.444344
4.24 0.44357
4.245 0.442797
4.25 0.442026
4.255 0.441256
4.26 0.440488
4.265 0.439721
4.27 0.438956
4.275 0.438192
4.28 0.43743
4.285 0.436669
4.29 0.43591
4.295 0.435152
4.3 0.434396
4.305 0.433641
4.31 0.432888
4.315 0.432136
4.32 0.431386
4.325 0.430637
4.33 0.42989
4.335 0.429144
4.34 0.4284
4.345 0.427657
4.35 0.426916
4.355 0.426176
4.36 0.425438
4.365 0.424701
4.37 0.423965
4.375 0.423232
4.38 0.422499
4.385 0.421768
4.39 0.421039
4.395 0.420311
4.4 0.419584
4.405 0.418859
4.41 0.418136
4.415 0.417414
4.42 0.416693
4.425 0.415974
4.43 0.415256
4.435 0.41454
4.44 0.413825
4.445 0.413112
4.45 0.4124
4.455 0.41169
4.46 0.410981
4.465 0.410274
4.47 0.409568
4.475 0.408863
4.48 0.40816
4.485 0.407458
4.49 0.406758
4.495 0.406059
4.5 0.405362
4.505 0.404666
4.51 0.403972
4.515 0.403279
4.52 0.402587
4.525 0.401897
4.53 0.401208
4.535 0.400521
4.54 0.399835
4.545 0.399151
4.55 0.398468
4.555 0.397786
4.56 0.397106
4.565 0.396427
4.57 0.39575
4.575 0.395074
4.58 0.3944
4.585 0.393726
4.59 0.393055
4.595 0.392384
4.6 0.391716
4.605 0.391048
4.61 0.390382
4.615 0.389717
4.62 0.389054
4.625 0.388392
4.63 0.387731
4.635 0.387072
4.64 0.386414
4.645 0.385758
4.65 0.385103
4.655 0.384449
4.66 0.383797
4.665 0.383146
4.67 0.382497
4.675 0.381849
4.68 0.381202
4.685 0.380556
4.69 0.379912
4.695 0.37927
4.7 0.378628
4.705 0.377988
4.71 0.37735
4.715 0.376712
4.72 0.376076
4.725 0.375442
4.73 0.374809
4.735 0.374177
4.74 0.373546
4.745 0.372917
4.75 0.372289
4.755 0.371662
4.76 0.371037
4.765 0.370413
4.77 0.369791
4.775 0.369169
4.78 0.368549
4.785 0.367931
4.79 0.367313
4.795 0.366697
4.8 0.366083
4.805 0.365469
4.81 0.364857
4.815 0.364246
4.82 0.363637
4.825 0.363029
4.83 0.362422
4.835 0.361816
4.84 0.361212
4.845 0.360609
4.85 0.360007
4.855 0.359406
4.86 0.358807
4.865 0.358209
4.87 0.357613
4.875 0.357017
4.88 0.356423
4.885 0.35583
4.89 0.355239
4.895 0.354648
4.9 0.354059
4.905 0.353471
4.91 0.352885
4.915 0.3523
4.92 0.351715
4.925 0.351133
4.93 0.350551
4.935 0.349971
4.94 0.349392
4.945 0.348814
4.95 0.348237
4.955 0.347662
4.96 0.347088
4.965 0.346515
4.97 0.345943
4.975 0.345373
4.98 0.344803
4.985 0.344235
4.99 0.343668
4.995 0.343103
5 0.342538
5.005 0.341975
5.01 0.341413
5.015 0.340852
5.02 0.340293
5.025 0.339734
5.03 0.339177
5.035 0.338621
5.04 0.338066
5.045 0.337513
5.05 0.33696
5.055 0.336409
5.06 0.335859
5.065 0.33531
5.07 0.334762
5.075 0.334216
5.08 0.33367
5.085 0.333126
5.09 0.332583
5.095 0.332041
5.1 0.3315
5.105 0.330961
5.11 0.330422
5.115 0.329885
5.12 0.329349
5.125 0.328814
5.13 0.32828
5.135 0.327747
5.14 0.327215
5.145 0.326685
5.15 0.326156
5.155 0.325627
5.16 0.3251
5.165 0.324574
5.17 0.32405
5.175 0.323526
5.18 0.323003
5.185 0.322482
5.19 0.321962
5.195 0.321442
5.2 0.320924
5.205 0.320407
5.21 0.319891
5.215 0.319377
5.22 0.318863
5.225 0.31835
5.23 0.317839
5.235 0.317328
5.24 0.316819
5.245 0.316311
5.25 0.315803
5.255 0.315297
5.26 0.314792
5.265 0.314288
5.27 0.313786
5.275 0.313284
5.28 0.312783
5.285 0.312283
5.29 0.311785
5.295 0.311287
5.3 0.310791
5.305 0.310295
5.31 0.309801
5.315 0.309308
5.32 0.308816
5.325 0.308324
5.33 0.307834
5.335 0.307345
5.34 0.306857
5.345 0.30637
5.35 0.305884
5.355 0.305399
5.36 0.304915
5.365 0.304432
5.37 0.30395
5.375 0.303469
5.38 0.30299
5.385 0.302511
5.39 0.302033
5.395 0.301556
5.4 0.30108
5.405 0.300606
5.41 0.300132
5.415 0.299659
5.42 0.299187
5.425 0.298717
5.43 0.298247
5.435 0.297778
5.44 0.29731
5.445 0.296844
5.45 0.296378
5.455 0.295913
5.46 0.295449
5.465 0.294986
5.47 0.294525
5.475 0.294064
5.48 0.293604
5.485 0.293145
5.49 0.292687
5.495 0.29223
5.5 0.291774
5.505 0.291319
5.51 0.290865
5.515 0.290412
5.52 0.289959
5.525 0.289508
5.53 0.289058
5.535 0.288609
5.54 0.28816
5.545 0.287713
5.55 0.287266
5.555 0.286821
5.56 0.286376
5.565 0.285932
5.57 0.28549
5.575 0.285048
5.58 0.284607
5.585 0.284167
5.59 0.283728
5.595 0.28329
5.6 0.282853
5.605 0.282417
5.61 0.281981
5.615 0.281547
5.62 0.281113
5.625 0.280681
5.63 0.280249
5.635 0.279818
5.64 0.279388
5.645 0.278959
5.65 0.278531
5.655 0.278104
5.66 0.277678
5.665 0.277252
5.67 0.276828
5.675 0.276404
5.68 0.275981
5.685 0.27556
5.69 0.275139
5.695 0.274719
5.7 0.274299
5.705 0.273881
5.71 0.273464
5.715 0.273047
5.72 0.272631
5.725 0.272216
5.73 0.271802
5.735 0.271389
5.74 0.270977
5.745 0.270566
5.75 0.270155
5.755 0.269745
5.76 0.269337
5.765 0.268929
5.77 0.268521
5.775 0.268115
5.78 0.26771
5.785 0.267305
5.79 0.266901
5.795 0.266498
5.8 0.266096
5.805 0.265695
5.81 0.265295
5.815 0.264895
5.82 0.264496
5.825 0.264098
5.83 0.263701
5.835 0.263305
5.84 0.26291
5.845 0.262515
5.85 0.262121
5.855 0.261728
5.86 0.261336
5.865 0.260945
5.87 0.260554
5.875 0.260164
5.88 0.259775
5.885 0.259387
5.89 0.259
5.895 0.258613
5.9 0.258227
5.905 0.257842
5.91 0.257458
5.915 0.257075
5.92 0.256692
5.925 0.25631
5.93 0.255929
5.935 0.255549
5.94 0.25517
5.945 0.254791
5.95 0.254413
5.955 0.254036
5.96 0.25366
5.965 0.253284
5.97 0.252909
5.975 0.252535
5.98 0.252162
5.985 0.25179
5.99 0.251418
5.995 0.251047
6 0.250677
6.005 0.250307
6.01 0.249939
6.015 0.249571
6.02 0.249203
6.025 0.248837
6.03 0.248471
6.035 0.248106
6.04 0.247742
6.045 0.247379
6.05 0.247016
6.055 0.246654
6.06 0.246293
6.065 0.245932
6.07 0.245572
6.075 0.245213
6.08 0.244855
6.085 0.244498
6.09 0.244141
6.095 0.243785
6.1 0.243429
6.105 0.243074
6.11 0.242721
6.115 0.242367
6.12 0.242015
6.125 0.241663
6.13 0.241312
6.135 0.240961
6.14 0.240612
6.145 0.240263
6.15 0.239915
6.155 0.239567
6.16 0.23922
6.165 0.238874
6.17 0.238529
6.175 0.238184
6.18 0.23784
6.185 0.237496
6.19 0.237154
6.195 0.236812
6.2 0.23647
6.205 0.23613
6.21 0.23579
6.215 0.235451
6.22 0.235112
6.225 0.234774
6.23 0.234437
6.235 0.234101
6.24 0.233765
6.245 0.23343
6.25 0.233095
6.255 0.232761
6.26 0.232428
6.265 0.232096
6.27 0.231764
6.275 0.231433
6.28 0.231102
6.285 0.230772
6.29 0.230443
6.295 0.230115
6.3 0.229787
6.305 0.22946
6.31 0.229133
6.315 0.228807
6.32 0.228482
6.325 0.228157
6.33 0.227834
6.335 0.22751
6.34 0.227188
6.345 0.226866
6.35 0.226544
6.355 0.226224
6.36 0.225903
6.365 0.225584
6.37 0.225265
6.375 0.224947
6.38 0.224629
6.385 0.224313
6.39 0.223996
6.395 0.223681
6.4 0.223366
6.405 0.223051
6.41 0.222737
6.415 0.222424
6.42 0.222112
6.425 0.2218
6.43 0.221488
6.435 0.221178
6.44 0.220868
6.445 0.220558
6.45 0.220249
6.455 0.219941
6.46 0.219633
6.465 0.219326
6.47 0.21902
6.475 0.218714
6.48 0.218409
6.485 0.218104
6.49 0.2178
6.495 0.217497
6.5 0.217194
6.505 0.216892
6.51 0.21659
6.515 0.216289
6.52 0.215989
6.525 0.215689
6.53 0.215389
6.535 0.215091
6.54 0.214793
6.545 0.214495
6.55 0.214198
6.555 0.213902
6.56 0.213606
6.565 0.213311
6.57 0.213016
6.575 0.212722
6.58 0.212429
6.585 0.212136
6.59 0.211843
6.595 0.211552
6.6 0.21126
6.605 0.21097
6.61 0.21068
6.615 0.21039
6.62 0.210101
6.625 0.209813
6.63 0.209525
6.635 0.209238
6.64 0.208951
6.645 0.208665
6.65 0.208379
6.655 0.208094
6.66 0.20781
6.665 0.207526
6.67 0.207243
6.675 0.20696
6.68 0.206677
6.685 0.206396
6.69 0.206114
6.695 0.205834
6.7 0.205554
6.705 0.205274
6.71 0.204995
6.715 0.204717
6.72 0.204439
6.725 0.204161
6.73 0.203884
6.735 0.203608
6.74 0.203332
6.745 0.203057
6.75 0.202782
6.755 0.202508
6.76 0.202234
6.765 0.201961
6.77 0.201688
6.775 0.201416
6.78 0.201145
6.785 0.200873
6.79 0.200603
6.795 0.200333
6.8 0.200063
6.805 0.199794
6.81 0.199526
6.815 0.199258
6.82 0.19899
6.825 0.198723
6.83 0.198457
6.835 0.198191
6.84 0.197925
6.845 0.19766
6.85 0.197396
6.855 0.197132
6.86 0.196869
6.865 0.196606
6.87 0.196343
6.875 0.196081
6.88 0.19582
6.885 0.195559
6.89 0.195299
6.895 0.195039
6.9 0.194779
6.905 0.19452
6.91 0.194262
6.915 0.194004
6.92 0.193746
6.925 0.193489
6.93 0.193233
6.935 0.192977
6.94 0.192721
6.945 0.192466
6.95 0.192211
6.955 0.191957
6.96 0.191704
6.965 0.19145
6.97 0.191198
6.975 0.190946
6.98 0.190694
6.985 0.190443
6.99 0.190192
6.995 0.189942
7 0.189692
7.005 0.189442
7.01 0.189193
7.015 0.188945
7.02 0.188697
7.025 0.188449
7.03 0.188202
7.035 0.187956
7.04 0.18771
7.045 0.187464
7.05 0.187219
7.055 0.186974
7.06 0.18673
7.065 0.186486
7.07 0.186243
7.075 0.186
7.08 0.185757
7.085 0.185515
7.09 0.185274
7.095 0.185033
7.1 0.184792
7.105 0.184552
7.11 0.184312
7.115 0.184073
7.12 0.183834
7.125 0.183595
7.13 0.183357
7.135 0.18312
7.14 0.182883
7.145 0.182646
7.15 0.18241
7.155 0.182174
7.16 0.181938
7.165 0.181704
7.17 0.181469
7.175 0.181235
7.18 0.181001
7.185 0.180768
7.19 0.180535
7.195 0.180303
7.2 0.180071
7.205 0.17984
7.21 0.179609
7.215 0.179378
7.22 0.179148
7.225 0.178918
7.23 0.178689
7.235 0.17846
7.24 0.178231
7.245 0.178003
7.25 0.177775
7.255 0.177548
7.26 0.177321
7.265 0.177095
7.27 0.176869
7.275 0.176643
7.28 0.176418
7.285 0.176193
7.29 0.175969
7.295 0.175745
7.3 0.175521
7.305 0.175298
7.31 0.175075
7.315 0.174853
7.32 0.174631
7.325 0.17441
7.33 0.174189
7.335 0.173968
7.34 0.173748
7.345 0.173528
7.35 0.173308
7.355 0.173089
7.36 0.17287
7.365 0.172652
7.37 0.172434
7.375 0.172216
7.38 0.171999
7.385 0.171783
7.39 0.171566
7.395 0.17135
7.4 0.171135
7.405 0.17092
7.41 0.170705
7.415 0.17049
7.42 0.170276
7.425 0.170063
7.43 0.16985
7.435 0.169637
7.44 0.169424
7.445 0.169212
7.45 0.169
7.455 0.168789
7.46 0.168578
7.465 0.168368
7.47 0.168157
7.475 0.167948
7.48 0.167738
7.485 0.167529
7.49 0.16732
7.495 0.167112
7.5 0.166904
7.505 0.166697
7.51 0.166489
7.515 0.166283
7.52 0.166076
7.525 0.16587
7.53 0.165664
7.535 0.165459
7.54 0.165254
7.545 0.165049
7.55 0.164845
7.555 0.164641
7.56 0.164438
7.565 0.164234
7.57 0.164032
7.575 0.163829
7.58 0.163627
7.585 0.163425
7.59 0.163224
7.595 0.163023
7.6 0.162822
7.605 0.162622
7.61 0.162422
7.615 0.162223
7.62 0.162023
7.625 0.161825
7.63 0.161626
7.635 0.161428
7.64 0.16123
7.645 0.161033
7.65 0.160835
7.655 0.160639
7.66 0.160442
7.665 0.160246
7.67 0.16005
7.675 0.159855
7.68 0.15966
7.685 0.159465
7.69 0.159271
7.695 0.159077
7.7 0.158883
7.705 0.15869
7.71 0.158497
7.715 0.158304
7.72 0.158112
7.725 0.15792
7.73 0.157728
7.735 0.157537
7.74 0.157346
7.745 0.157155
7.75 0.156965
7.755 0.156775
7.76 0.156585
7.765 0.156396
7.77 0.156207
7.775 0.156018
7.78 0.15583
7.785 0.155642
7.79 0.155454
7.795 0.155267
7.8 0.15508
7.805 0.154893
7.81 0.154707
7.815 0.154521
7.82 0.154335
7.825 0.15415
7.83 0.153965
7.835 0.15378
7.84 0.153596
7.845 0.153411
7.85 0.153228
7.855 0.153044
7.86 0.152861
7.865 0.152678
7.87 0.152496
7.875 0.152313
7.88 0.152132
7.885 0.15195
7.89 0.151769
7.895 0.151588
7.9 0.151407
7.905 0.151227
7.91 0.151047
7.915 0.150867
7.92 0.150688
7.925 0.150509
7.93 0.15033
7.935 0.150151
7.94 0.149973
7.945 0.149795
7.95 0.149618
7.955 0.14944
7.96 0.149263
7.965 0.149087
7.97 0.14891
7.975 0.148734
7.98 0.148559
7.985 0.148383
7.99 0.148208
7.995 0.148033
8 0.147859
8.005 0.147684
8.01 0.147511
8.015 0.147337
8.02 0.147164
8.025 0.14699
8.03 0.146818
8.035 0.146645
8.04 0.146473
8.045 0.146301
8.05 0.14613
8.055 0.145958
8.06 0.145787
8.065 0.145617
8.07 0.145446
8.075 0.145276
8.08 0.145106
8.085 0.144937
8.09 0.144767
8.095 0.144598
8.1 0.14443
8.105 0.144261
8.11 0.144093
8.115 0.143925
8.12 0.143758
8.125 0.14359
8.13 0.143423
8.135 0.143257
8.14 0.14309
8.145 0.142924
8.15 0.142758
8.155 0.142593
8.16 0.142427
8.165 0.142262
8.17 0.142097
8.175 0.141933
8.18 0.141769
8.185 0.141605
8.19 0.141441
8.195 0.141278
8.2 0.141115
8.205 0.140952
8.21 0.140789
8.215 0.140627
8.22 0.140465
8.225 0.140303
8.23 0.140142
8.235 0.139981
8.24 0.13982
8.245 0.139659
8.25 0.139499
8.255 0.139338
8.26 0.139179
8.265 0.139019
8.27 0.13886
8.275 0.1387
8.28 0.138542
8.285 0.138383
8.29 0.138225
8.295 0.138067
8.3 0.137909
8.305 0.137752
8.31 0.137594
8.315 0.137437
8.32 0.137281
8.325 0.137124
8.33 0.136968
8.335 0.136812
8.34 0.136656
8.345 0.136501
8.35 0.136346
8.355 0.136191
8.36 0.136036
8.365 0.135882
8.37 0.135728
8.375 0.135574
8.38 0.13542
8.385 0.135267
8.39 0.135114
8.395 0.134961
8.4 0.134808
8.405 0.134656
8.41 0.134504
8.415 0.134352
8.42 0.1342
8.425 0.134049
8.43 0.133898
8.435 0.133747
8.44 0.133596
8.445 0.133446
8.45 0.133296
8.455 0.133146
8.46 0.132996
8.465 0.132847
8.47 0.132698
8.475 0.132549
8.48 0.1324
8.485 0.132252
8.49 0.132103
8.495 0.131955
8.5 0.131808
8.505 0.13166
8.51 0.131513
8.515 0.131366
8.52 0.131219
8.525 0.131073
8.53 0.130927
8.535 0.130781
8.54 0.130635
8.545 0.130489
8.55 0.130344
8.555 0.130199
8.56 0.130054
8.565 0.129909
8.57 0.129765
8.575 0.129621
8.58 0.129477
8.585 0.129333
8.59 0.12919
8.595 0.129047
8.6 0.128904
8.605 0.128761
8.61 0.128618
8.615 0.128476
8.62 0.128334
8.625 0.128192
8.63 0.128051
8.635 0.127909
8.64 0.127768
8.645 0.127627
8.65 0.127486
8.655 0.127346
8.66 0.127206
8.665 0.127066
8.67 0.126926
8.675 0.126786
8.68 0.126647
8.685 0.126508
8.69 0.126369
8.695 0.12623
8.7 0.126092
8.705 0.125953
8.71 0.125815
8.715 0.125678
8.72 0.12554
8.725 0.125403
8.73 0.125266
8.735 0.125129
8.74 0.124992
8.745 0.124856
8.75 0.124719
8.755 0.124583
8.76 0.124447
8.765 0.124312
8.77 0.124176
8.775 0.124041
8.78 0.123906
8.785 0.123771
8.79 0.123637
8.795 0.123503
8.8 0.123368
8.805 0.123235
8.81 0.123101
8.815 0.122967
8.82 0.122834
8.825 0.122701
8.83 0.122568
8.835 0.122436
8.84 0.122303
8.845 0.122171
8.85 0.122039
8.855 0.121907
8.86 0.121775
8.865 0.121644
8.87 0.121513
8.875 0.121382
8.88 0.121251
8.885 0.121121
8.89 0.12099
8.895 0.12086
8.9 0.12073
8.905 0.1206
8.91 0.120471
8.915 0.120342
8.92 0.120212
8.925 0.120083
8.93 0.119955
8.935 0.119826
8.94 0.119698
8.945 0.11957
8.95 0.119442
8.955 0.119314
8.96 0.119187
8.965 0.119059
8.97 0.118932
8.975 0.118805
8.98 0.118678
8.985 0.118552
8.99 0.118426
8.995 0.118299
9 0.118173
9.005 0.118048
9.01 0.117922
9.015 0.117797
9.02 0.117672
9.025 0.117547
9.03 0.117422
9.035 0.117297
9.04 0.117173
9.045 0.117049
9.05 0.116925
9.055 0.116801
9.06 0.116677
9.065 0.116554
9.07 0.116431
9.075 0.116308
9.08 0.116185
9.085 0.116062
9.09 0.11594
9.095 0.115817
9.1 0.115695
9.105 0.115573
9.11 0.115451
9.115 0.11533
9.12 0.115209
9.125 0.115087
9.13 0.114966
9.135 0.114846
9.14 0.114725
9.145 0.114605
9.15 0.114484
9.155 0.114364
9.16 0.114244
9.165 0.114125
9.17 0.114005
9.175 0.113886
9.18 0.113767
9.185 0.113648
9.19 0.113529
9.195 0.11341
9.2 0.113292
9.205 0.113174
9.21 0.113056
9.215 0.112938
9.22 0.11282
9.225 0.112703
9.23 0.112585
9.235 0.112468
9.24 0.112351
9.245 0.112234
9.25 0.112118
9.255 0.112001
9.26 0.111885
9.265 0.111769
9.27 0.111653
9.275 0.111537
9.28 0.111422
9.285 0.111307
9.29 0.111191
9.295 0.111076
9.3 0.110961
9.305 0.110847
9.31 0.110732
9.315 0.110618
9.32 0.110504
9.325 0.11039
9.33 0.110276
9.335 0.110162
9.34 0.110049
9.345 0.109935
9.35 0.109822
9.355 0.109709
9.36 0.109597
9.365 0.109484
9.37 0.109371
9.375 0.109259
9.38 0.109147
9.385 0.109035
9.39 0.108923
9.395 0.108812
9.4 0.1087
9.405 0.108589
9.41 0.108478
9.415 0.108367
9.42 0.108256
9.425 0.108146
9.43 0.108035
9.435 0.107925
9.44 0.107815
9.445 0.107705
9.45 0.107595
9.455 0.107485
9.46 0.107376
9.465 0.107267
9.47 0.107157
9.475 0.107048
9.48 0.10694
9.485 0.106831
9.49 0.106723
9.495 0.106614
9.5 0.106506
9.505 0.106398
9.51 0.10629
9.515 0.106183
9.52 0.106075
9.525 0.105968
9.53 0.10586
9.535 0.105753
9.54 0.105646
9.545 0.10554
9.55 0.105433
9.555 0.105327
9.56 0.105221
9.565 0.105114
9.57 0.105008
9.575 0.104903
9.58 0.104797
9.585 0.104692
9.59 0.104586
9.595 0.104481
9.6 0.104376
9.605 0.104271
9.61 0.104167
9.615 0.104062
9.62 0.103958
9.625 0.103853
9.63 0.103749
9.635 0.103645
9.64 0.103542
9.645 0.103438
9.65 0.103335
9.655 0.103231
9.66 0.103128
9.665 0.103025
9.67 0.102922
9.675 0.102819
9.68 0.102717
9.685 0.102614
9.69 0.102512
9.695 0.10241
9.7 0.102308
9.705 0.102206
9.71 0.102105
9.715 0.102003
9.72 0.101902
9.725 0.101801
9.73 0.101699
9.735 0.101599
9.74 0.101498
9.745 0.101397
9.75 0.101297
9.755 0.101196
9.76 0.101096
9.765 0.100996
9.77 0.100896
9.775 0.100796
9.78 0.100697
9.785 0.100597
9.79 0.100498
9.795 0.100399
9.8 0.1003
9.805 0.100201
9.81 0.100102
9.815 0.100003
9.82 0.099905
9.825 0.0998067
9.83 0.0997085
9.835 0.0996105
9.84 0.0995126
9.845 0.0994148
9.85 0.0993172
9.855 0.0992197
9.86 0.0991224
9.865 0.0990252
9.87 0.0989281
9.875 0.0988312
9.88 0.0987344
9.885 0.0986378
9.89 0.0985413
9.895 0.0984449
9.9 0.0983487
9.905 0.0982526
9.91 0.0981567
9.915 0.0980609
9.92 0.0979652
9.925 0.0978697
9.93 0.0977743
9.935 0.097679
9.94 0.0975839
9.945 0.0974889
9.95 0.097394
9.955 0.0972993
9.96 0.0972047
9.965 0.0971103
9.97 0.097016
9.975 0.0969218
9.98 0.0968278
9.985 0.0967338
9.99 0.0966401
9.995 0.0965464
