0 -nan
0.005 0.866117
0.01 0.315024
0.015 0.765905
0.02 0.800289
0.025 0.290621
0.03 0.168781
0.035 0.585767
0.04 0.577544
0.045 0.347805
0.05 0.140847
0.055 0.0292312
0.06 0.000694981
0.065 0.0238326
0.07 0.0720524
0.075 0.128017
0.08 0.182002
0.085 0.229329
0.09 0.268299
0.095 0.29883
0.1 0.321626
0.105 0.337706
0.11 0.348155
0.115 0.353992
0.12 0.356125
0.125 0.355328
0.13 0.352247
0.135 0.347416
0.14 0.341267
0.145 0.33415
0.15 0.326342
0.155 0.318068
0.16 0.309501
0.165 0.30078
0.17 0.292012
0.175 0.283281
0.18 0.27465
0.185 0.266168
0.19 0.25787
0.195 0.249781
0.2 0.241921
0.205 0.2343
0.21 0.226925
0.215 0.2198
0.22 0.212925
0.225 0.206297
0.23 0.199913
0.235 0.193767
0.24 0.187853
0.245 0.182165
0.25 0.176695
0.255 0.171436
0.26 0.166379
0.265 0.161518
0.27 0.156844
0.275 0.15235
0.28 0.148029
0.285 0.143872
0.29 0.139874
0.295 0.136028
0.3 0.132326
0.305 0.128763
0.31 0.125332
0.315 0.122028
0.32 0.118844
0.325 0.115777
0.33 0.112821
0.335 0.10997
0.34 0.107221
0.345 0.104568
0.35 0.102008
0.355 0.0995373
0.36 0.0971512
0.365 0.0948463
0.37 0.0926193
0.375 0.0904669
0.38 0.0883859
0.385 0.0863734
0.39 0.0844266
0.395 0.0825426
0.4 0.0807191
0.405 0.0789535
0.41 0.0772434
0.415 0.0755868
0.42 0.0739814
0.425 0.0724252
0.43 0.0709164
0.435 0.069453
0.44 0.0680333
0.445 0.0666557
0.45 0.0653186
0.455 0.0640204
0.46 0.0627597
0.465 0.061535
0.47 0.0603451
0.475 0.0591887
0.48 0.0580646
0.485 0.0569716
0.49 0.0559086
0.495 0.0548745
0.5 0.0538683
0.505 0.0528891
0.51 0.0519359
0.515 0.0510078
0.52 0.050104
0.525 0.0492236
0.53 0.0483659
0.535 0.04753
0.54 0.0467153
0.545 0.0459211
0.55 0.0451466
0.555 0.0443914
0.56 0.0436547
0.565 0.0429359
0.57 0.0422345
0.575 0.0415499
0.58 0.0408816
0.585 0.0402292
0.59 0.039592
0.595 0.0389697
0.6 0.0383618
0.605 0.0377678
0.61 0.0371874
0.615 0.0366201
0.62 0.0360656
0.625 0.0355234
0.63 0.0349932
0.635 0.0344747
0.64 0.0339675
0.645 0.0334714
0.65 0.0329859
0.655 0.0325108
0.66 0.0320458
0.665 0.0315906
0.67 0.031145
0.675 0.0307086
0.68 0.0302813
0.685 0.0298628
0.69 0.0294528
0.695 0.0290511
0.7 0.0286575
0.705 0.0282718
0.71 0.0278938
0.715 0.0275232
0.72 0.0271599
0.725 0.0268038
0.73 0.0264545
0.735 0.026112
0.74 0.025776
0.745 0.0254464
0.75 0.0251231
0.755 0.0248058
0.76 0.0244945
0.765 0.024189
0.77 0.0238891
0.775 0.0235947
0.78 0.0233057
0.785 0.0230219
0.79 0.0227433
0.795 0.0224696
0.8 0.0222008
0.805 0.0219368
0.81 0.0216775
0.815 0.0214227
0.82 0.0211723
0.825 0.0209263
0.83 0.0206845
0.835 0.0204469
0.84 0.0202133
0.845 0.0199837
0.85 0.0197579
0.855 0.0195359
0.86 0.0193177
0.865 0.019103
0.87 0.0188919
0.875 0.0186843
0.88 0.01848
0.885 0.0182791
0.89 0.0180814
0.895 0.0178868
0.9 0.0176954
0.905 0.017507
0.91 0.0173216
0.915 0.0171392
0.92 0.0169595
0.925 0.0167827
0.93 0.0166086
0.935 0.0164372
0.94 0.0162685
0.945 0.0161023
0.95 0.0159386
0.955 0.0157774
0.96 0.0156186
0.965 0.0154622
0.97 0.0153081
0.975 0.0151563
0.98 0.0150068
0.985 0.0148594
0.99 0.0147142
0.995 0.0145711
1 0.0144301
1.005 0.0142911
1.01 0.0141541
1.015 0.014019
1.02 0.0138859
1.025 0.0137546
1.03 0.0136252
1.035 0.0134976
1.04 0.0133718
1.045 0.0132478
1.05 0.0131254
1.055 0.0130047
1.06 0.0128857
1.065 0.0127683
1.07 0.0126525
1.075 0.0125382
1.08 0.0124255
1.085 0.0123143
1.09 0.0122046
1.095 0.0120963
1.1 0.0119895
1.105 0.011884
1.11 0.01178
1.115 0.0116773
1.12 0.0115759
1.125 0.0114759
1.13 0.0113771
1.135 0.0112796
1.14 0.0111834
1.145 0.0110883
1.15 0.0109945
1.155 0.0109019
1.16 0.0108104
1.165 0.0107201
1.17 0.0106308
1.175 0.0105427
1.18 0.0104557
1.185 0.0103698
1.19 0.0102849
1.195 0.010201
1.2 0.0101182
1.205 0.0100363
1.21 0.00995549
1.215 0.00987561
1.22 0.00979668
1.225 0.0097187
1.23 0.00964164
1.235 0.00956549
1.24 0.00949024
1.245 0.00941587
1.25 0.00934237
1.255 0.00926972
1.26 0.00919792
1.265 0.00912694
1.27 0.00905678
1.275 0.00898743
1.28 0.00891887
1.285 0.00885109
1.29 0.00878407
1.295 0.00871782
1.3 0.0086523
1.305 0.00858753
1.31 0.00852347
1.315 0.00846013
1.32 0.00839749
1.325 0.00833554
1.33 0.00827428
1.335 0.00821368
1.34 0.00815375
1.345 0.00809447
1.35 0.00803583
1.355 0.00797783
1.36 0.00792045
1.365 0.00786368
1.37 0.00780753
1.375 0.00775197
1.38 0.007697
1.385 0.00764261
1.39 0.0075888
1.395 0.00753555
1.4 0.00748286
1.405 0.00743072
1.41 0.00737912
1.415 0.00732806
1.42 0.00727752
1.425 0.0072275
1.43 0.007178
1.435 0.007129
1.44 0.0070805
1.445 0.0070325
1.45 0.00698498
1.455 0.00693793
1.46 0.00689137
1.465 0.00684526
1.47 0.00679962
1.475 0.00675443
1.48 0.0067097
1.485 0.0066654
1.49 0.00662154
1.495 0.00657811
1.5 0.00653511
1.505 0.00649252
1.51 0.00645035
1.515 0.00640859
1.52 0.00636723
1.525 0.00632627
1.53 0.00628571
1.535 0.00624553
1.54 0.00620574
1.545 0.00616632
1.55 0.00612728
1.555 0.00608861
1.56 0.0060503
1.565 0.00601235
1.57 0.00597476
1.575 0.00593752
1.58 0.00590062
1.585 0.00586407
1.59 0.00582785
1.595 0.00579197
1.6 0.00575642
1.605 0.0057212
1.61 0.0056863
1.615 0.00565171
1.62 0.00561744
1.625 0.00558348
1.63 0.00554983
1.635 0.00551647
1.64 0.00548342
1.645 0.00545067
1.65 0.0054182
1.655 0.00538603
1.66 0.00535414
1.665 0.00532253
1.67 0.0052912
1.675 0.00526015
1.68 0.00522937
1.685 0.00519886
1.69 0.00516861
1.695 0.00513863
1.7 0.00510891
1.705 0.00507944
1.71 0.00505023
1.715 0.00502127
1.72 0.00499255
1.725 0.00496409
1.73 0.00493586
1.735 0.00490788
1.74 0.00488013
1.745 0.00485261
1.75 0.00482533
1.755 0.00479828
1.76 0.00477145
1.765 0.00474485
1.77 0.00471847
1.775 0.00469231
1.78 0.00466636
1.785 0.00464063
1.79 0.00461511
1.795 0.0045898
1.8 0.0045647
1.805 0.00453981
1.81 0.00451511
1.815 0.00449062
1.82 0.00446633
1.825 0.00444223
1.83 0.00441832
1.835 0.00439461
1.84 0.00437109
1.845 0.00434776
1.85 0.00432461
1.855 0.00430165
1.86 0.00427887
1.865 0.00425627
1.87 0.00423385
1.875 0.0042116
1.88 0.00418953
1.885 0.00416764
1.89 0.00414591
1.895 0.00412435
1.9 0.00410296
1.905 0.00408174
1.91 0.00406068
1.915 0.00403978
1.92 0.00401904
1.925 0.00399847
1.93 0.00397805
1.935 0.00395778
1.94 0.00393767
1.945 0.00391772
1.95 0.00389791
1.955 0.00387825
1.96 0.00385875
1.965 0.00383939
1.97 0.00382017
1.975 0.0038011
1.98 0.00378217
1.985 0.00376338
1.99 0.00374473
1.995 0.00372622
2 0.00370784
2.005 0.0036896
2.01 0.0036715
2.015 0.00365353
2.02 0.00363569
2.025 0.00361798
2.03 0.0036004
2.035 0.00358294
2.04 0.00356561
2.045 0.00354841
2.05 0.00353134
2.055 0.00351438
2.06 0.00349755
2.065 0.00348084
2.07 0.00346424
2.075 0.00344777
2.08 0.00343141
2.085 0.00341517
2.09 0.00339904
2.095 0.00338303
2.1 0.00336713
2.105 0.00335134
2.11 0.00333566
2.115 0.0033201
2.12 0.00330464
2.125 0.00328928
2.13 0.00327404
2.135 0.0032589
2.14 0.00324387
2.145 0.00322893
2.15 0.00321411
2.155 0.00319938
2.16 0.00318476
2.165 0.00317023
2.17 0.0031558
2.175 0.00314148
2.18 0.00312724
2.185 0.00311311
2.19 0.00309907
2.195 0.00308513
2.2 0.00307128
2.205 0.00305752
2.21 0.00304385
2.215 0.00303028
2.22 0.0030168
2.225 0.0030034
2.23 0.0029901
2.235 0.00297688
2.24 0.00296375
2.245 0.00295071
2.25 0.00293775
2.255 0.00292488
2.26 0.0029121
2.265 0.00289939
2.27 0.00288677
2.275 0.00287423
2.28 0.00286178
2.285 0.0028494
2.29 0.0028371
2.295 0.00282489
2.3 0.00281275
2.305 0.00280069
2.31 0.00278871
2.315 0.0027768
2.32 0.00276497
2.325 0.00275321
2.33 0.00274153
2.335 0.00272993
2.34 0.0027184
2.345 0.00270694
2.35 0.00269555
2.355 0.00268423
2.36 0.00267299
2.365 0.00266182
2.37 0.00265071
2.375 0.00263968
2.38 0.00262871
2.385 0.00261781
2.39 0.00260698
2.395 0.00259622
2.4 0.00258552
2.405 0.00257489
2.41 0.00256433
2.415 0.00255383
2.42 0.00254339
2.425 0.00253302
2.43 0.00252271
2.435 0.00251246
2.44 0.00250228
2.445 0.00249215
2.45 0.00248209
2.455 0.00247209
2.46 0.00246215
2.465 0.00245227
2.47 0.00244245
2.475 0.00243269
2.48 0.00242299
2.485 0.00241334
2.49 0.00240375
2.495 0.00239422
2.5 0.00238475
2.505 0.00237533
2.51 0.00236596
2.515 0.00235666
2.52 0.0023474
2.525 0.0023382
2.53 0.00232906
2.535 0.00231997
2.54 0.00231093
2.545 0.00230194
2.55 0.00229301
2.555 0.00228413
2.56 0.0022753
2.565 0.00226652
2.57 0.00225779
2.575 0.00224912
2.58 0.00224049
2.585 0.00223191
2.59 0.00222338
2.595 0.0022149
2.6 0.00220647
2.605 0.00219808
2.61 0.00218975
2.615 0.00218146
2.62 0.00217322
2.625 0.00216502
2.63 0.00215687
2.635 0.00214877
2.64 0.00214071
2.645 0.0021327
2.65 0.00212473
2.655 0.00211681
2.66 0.00210893
2.665 0.00210109
2.67 0.0020933
2.675 0.00208555
2.68 0.00207785
2.685 0.00207019
2.69 0.00206257
2.695 0.00205499
2.7 0.00204745
2.705 0.00203996
2.71 0.0020325
2.715 0.00202509
2.72 0.00201771
2.725 0.00201038
2.73 0.00200309
2.735 0.00199584
2.74 0.00198862
2.745 0.00198145
2.75 0.00197431
2.755 0.00196721
2.76 0.00196015
2.765 0.00195313
2.77 0.00194615
2.775 0.0019392
2.78 0.00193229
2.785 0.00192542
2.79 0.00191858
2.795 0.00191178
2.8 0.00190502
2.805 0.00189829
2.81 0.0018916
2.815 0.00188494
2.82 0.00187832
2.825 0.00187173
2.83 0.00186518
2.835 0.00185866
2.84 0.00185218
2.845 0.00184573
2.85 0.00183931
2.855 0.00183293
2.86 0.00182658
2.865 0.00182026
2.87 0.00181397
2.875 0.00180772
2.88 0.0018015
2.885 0.00179531
2.89 0.00178916
2.895 0.00178303
2.9 0.00177694
2.905 0.00177088
2.91 0.00176485
2.915 0.00175885
2.92 0.00175288
2.925 0.00174694
2.93 0.00174103
2.935 0.00173515
2.94 0.0017293
2.945 0.00172348
2.95 0.00171769
2.955 0.00171193
2.96 0.0017062
2.965 0.00170049
2.97 0.00169482
2.975 0.00168917
2.98 0.00168355
2.985 0.00167796
2.99 0.0016724
2.995 0.00166686
3 0.00166135
3.005 0.00165587
3.01 0.00165042
3.015 0.00164499
3.02 0.00163959
3.025 0.00163422
3.03 0.00162887
3.035 0.00162355
3.04 0.00161826
3.045 0.00161299
3.05 0.00160774
3.055 0.00160253
3.06 0.00159733
3.065 0.00159217
3.07 0.00158702
3.075 0.00158191
3.08 0.00157681
3.085 0.00157175
3.09 0.0015667
3.095 0.00156168
3.1 0.00155669
3.105 0.00155171
3.11 0.00154677
3.115 0.00154184
3.12 0.00153694
3.125 0.00153206
3.13 0.00152721
3.135 0.00152238
3.14 0.00151757
3.145 0.00151278
3.15 0.00150802
3.155 0.00150328
3.16 0.00149856
3.165 0.00149387
3.17 0.00148919
3.175 0.00148454
3.18 0.00147991
3.185 0.0014753
3.19 0.00147071
3.195 0.00146615
3.2 0.0014616
3.205 0.00145708
3.21 0.00145258
3.215 0.0014481
3.22 0.00144363
3.225 0.00143919
3.23 0.00143477
3.235 0.00143037
3.24 0.00142599
3.245 0.00142163
3.25 0.0014173
3.255 0.00141298
3.26 0.00140868
3.265 0.0014044
3.27 0.00140013
3.275 0.00139589
3.28 0.00139167
3.285 0.00138747
3.29 0.00138328
3.295 0.00137912
3.3 0.00137497
3.305 0.00137084
3.31 0.00136673
3.315 0.00136264
3.32 0.00135857
3.325 0.00135452
3.33 0.00135048
3.335 0.00134646
3.34 0.00134246
3.345 0.00133848
3.35 0.00133451
3.355 0.00133057
3.36 0.00132664
3.365 0.00132273
3.37 0.00131883
3.375 0.00131495
3.38 0.00131109
3.385 0.00130725
3.39 0.00130342
3.395 0.00129961
3.4 0.00129582
3.405 0.00129204
3.41 0.00128828
3.415 0.00128454
3.42 0.00128081
3.425 0.0012771
3.43 0.0012734
3.435 0.00126972
3.44 0.00126606
3.445 0.00126241
3.45 0.00125878
3.455 0.00125516
3.46 0.00125156
3.465 0.00124798
3.47 0.00124441
3.475 0.00124085
3.48 0.00123731
3.485 0.00123379
3.49 0.00123028
3.495 0.00122678
3.5 0.0012233
3.505 0.00121984
3.51 0.00121639
3.515 0.00121295
3.52 0.00120953
3.525 0.00120613
3.53 0.00120274
3.535 0.00119936
3.54 0.00119599
3.545 0.00119264
3.55 0.00118931
3.555 0.00118599
3.56 0.00118268
3.565 0.00117939
3.57 0.00117611
3.575 0.00117284
3.58 0.00116959
3.585 0.00116635
3.59 0.00116312
3.595 0.00115991
3.6 0.00115671
3.605 0.00115353
3.61 0.00115035
3.615 0.00114719
3.62 0.00114405
3.625 0.00114091
3.63 0.00113779
3.635 0.00113468
3.64 0.00113159
3.645 0.0011285
3.65 0.00112543
3.655 0.00112238
3.66 0.00111933
3.665 0.0011163
3.67 0.00111328
3.675 0.00111027
3.68 0.00110727
3.685 0.00110429
3.69 0.00110132
3.695 0.00109836
3.7 0.00109541
3.705 0.00109247
3.71 0.00108955
3.715 0.00108664
3.72 0.00108374
3.725 0.00108085
3.73 0.00107797
3.735 0.0010751
3.74 0.00107225
3.745 0.0010694
3.75 0.00106657
3.755 0.00106375
3.76 0.00106094
3.765 0.00105814
3.77 0.00105535
3.775 0.00105258
3.78 0.00104981
3.785 0.00104705
3.79 0.00104431
3.795 0.00104158
3.8 0.00103885
3.805 0.00103614
3.81 0.00103344
3.815 0.00103075
3.82 0.00102807
3.825 0.0010254
3.83 0.00102274
3.835 0.00102009
3.84 0.00101745
3.845 0.00101482
3.85 0.0010122
3.855 0.0010096
3.86 0.001007
3.865 0.00100441
3.87 0.00100183
3.875 0.000999263
3.88 0.000996704
3.885 0.000994156
3.89 0.000991617
3.895 0.000989087
3.9 0.000986568
3.905 0.000984058
3.91 0.000981557
3.915 0.000979066
3.92 0.000976585
3.925 0.000974113
3.93 0.00097165
3.935 0.000969197
3.94 0.000966752
3.945 0.000964318
3.95 0.000961892
3.955 0.000959475
3.96 0.000957068
3.965 0.00095467
3.97 0.00095228
3.975 0.0009499
3.98 0.000947528
3.985 0.000945166
3.99 0.000942812
3.995 0.000940467
4 0.00093813
4.005 0.000935803
4.01 0.000933484
4.015 0.000931174
4.02 0.000928872
4.025 0.000926578
4.03 0.000924294
4.035 0.000922017
4.04 0.000919749
4.045 0.00091749
4.05 0.000915238
4.055 0.000912995
4.06 0.000910761
4.065 0.000908534
4.07 0.000906316
4.075 0.000904105
4.08 0.000901903
4.085 0.000899709
4.09 0.000897523
4.095 0.000895344
4.1 0.000893174
4.105 0.000891012
4.11 0.000888857
4.115 0.00088671
4.12 0.000884571
4.125 0.00088244
4.13 0.000880316
4.135 0.0008782
4.14 0.000876092
4.145 0.000873991
4.15 0.000871898
4.155 0.000869812
4.16 0.000867734
4.165 0.000865663
4.17 0.0008636
4.175 0.000861544
4.18 0.000859495
4.185 0.000857454
4.19 0.00085542
4.195 0.000853393
4.2 0.000851373
4.205 0.000849361
4.21 0.000847355
4.215 0.000845357
4.22 0.000843365
4.225 0.000841381
4.23 0.000839404
4.235 0.000837434
4.24 0.00083547
4.245 0.000833514
4.25 0.000831564
4.255 0.000829621
4.26 0.000827686
4.265 0.000825756
4.27 0.000823834
4.275 0.000821918
4.28 0.000820009
4.285 0.000818107
4.29 0.000816211
4.295 0.000814321
4.3 0.000812439
4.305 0.000810563
4.31 0.000808693
4.315 0.00080683
4.32 0.000804973
4.325 0.000803122
4.33 0.000801278
4.335 0.000799441
4.34 0.000797609
4.345 0.000795784
4.35 0.000793965
4.355 0.000792153
4.36 0.000790346
4.365 0.000788546
4.37 0.000786752
4.375 0.000784964
4.38 0.000783182
4.385 0.000781406
4.39 0.000779637
4.395 0.000777873
4.4 0.000776115
4.405 0.000774363
4.41 0.000772617
4.415 0.000770877
4.42 0.000769143
4.425 0.000767415
4.43 0.000765692
4.435 0.000763975
4.44 0.000762264
4.445 0.000760559
4.45 0.00075886
4.455 0.000757166
4.46 0.000755478
4.465 0.000753795
4.47 0.000752118
4.475 0.000750447
4.48 0.000748781
4.485 0.000747121
4.49 0.000745466
4.495 0.000743817
4.5 0.000742173
4.505 0.000740535
4.51 0.000738902
4.515 0.000737275
4.52 0.000735653
4.525 0.000734036
4.53 0.000732424
4.535 0.000730818
4.54 0.000729217
4.545 0.000727622
4.55 0.000726031
4.555 0.000724446
4.56 0.000722866
4.565 0.000721291
4.57 0.000719722
4.575 0.000718157
4.58 0.000716598
4.585 0.000715043
4.59 0.000713494
4.595 0.00071195
4.6 0.00071041
4.605 0.000708876
4.61 0.000707347
4.615 0.000705822
4.62 0.000704303
4.625 0.000702788
4.63 0.000701278
4.635 0.000699774
4.64 0.000698274
4.645 0.000696778
4.65 0.000695288
4.655 0.000693802
4.66 0.000692322
4.665 0.000690845
4.67 0.000689374
4.675 0.000687907
4.68 0.000686445
4.685 0.000684988
4.69 0.000683535
4.695 0.000682087
4.7 0.000680643
4.705 0.000679204
4.71 0.00067777
4.715 0.00067634
4.72 0.000674915
4.725 0.000673494
4.73 0.000672077
4.735 0.000670666
4.74 0.000669258
4.745 0.000667855
4.75 0.000666456
4.755 0.000665062
4.76 0.000663672
4.765 0.000662287
4.77 0.000660906
4.775 0.000659529
4.78 0.000658156
4.785 0.000656788
4.79 0.000655424
4.795 0.000654064
4.8 0.000652708
4.805 0.000651357
4.81 0.00065001
4.815 0.000648667
4.82 0.000647328
4.825 0.000645993
4.83 0.000644663
4.835 0.000643336
4.84 0.000642014
4.845 0.000640696
4.85 0.000639381
4.855 0.000638071
4.86 0.000636765
4.865 0.000635463
4.87 0.000634165
4.875 0.000632871
4.88 0.00063158
4.885 0.000630294
4.89 0.000629012
4.895 0.000627733
4.9 0.000626459
4.905 0.000625188
4.91 0.000623921
4.915 0.000622658
4.92 0.000621399
4.925 0.000620143
4.93 0.000618892
4.935 0.000617644
4.94 0.0006164
4.945 0.00061516
4.95 0.000613923
4.955 0.000612691
4.96 0.000611461
4.965 0.000610236
4.97 0.000609014
4.975 0.000607796
4.98 0.000606582
4.985 0.000605371
4.99 0.000604164
4.995 0.000602961
5 0.000601761
5.005 0.000600564
5.01 0.000599371
5.015 0.000598182
5.02 0.000596997
5.025 0.000595814
5.03 0.000594636
5.035 0.00059346
5.04 0.000592289
5.045 0.000591121
5.05 0.000589956
5.055 0.000588794
5.06 0.000587636
5.065 0.000586482
5.07 0.000585331
5.075 0.000584183
5.08 0.000583039
5.085 0.000581898
5.09 0.00058076
5.095 0.000579626
5.1 0.000578495
5.105 0.000577367
5.11 0.000576243
5.115 0.000575122
5.12 0.000574004
5.125 0.000572889
5.13 0.000571778
5.135 0.00057067
5.14 0.000569565
5.145 0.000568463
5.15 0.000567365
5.155 0.000566269
5.16 0.000565177
5.165 0.000564088
5.17 0.000563002
5.175 0.00056192
5.18 0.00056084
5.185 0.000559763
5.19 0.00055869
5.195 0.00055762
5.2 0.000556553
5.205 0.000555488
5.21 0.000554427
5.215 0.000553369
5.22 0.000552314
5.225 0.000551262
5.23 0.000550213
5.235 0.000549167
5.24 0.000548124
5.245 0.000547084
5.25 0.000546047
5.255 0.000545012
5.26 0.000543981
5.265 0.000542953
5.27 0.000541927
5.275 0.000540905
5.28 0.000539885
5.285 0.000538868
5.29 0.000537854
5.295 0.000536843
5.3 0.000535835
5.305 0.00053483
5.31 0.000533827
5.315 0.000532828
5.32 0.000531831
5.325 0.000530837
5.33 0.000529845
5.335 0.000528857
5.34 0.000527871
5.345 0.000526888
5.35 0.000525908
5.355 0.00052493
5.36 0.000523955
5.365 0.000522983
5.37 0.000522014
5.375 0.000521047
5.38 0.000520083
5.385 0.000519122
5.39 0.000518163
5.395 0.000517207
5.4 0.000516253
5.405 0.000515303
5.41 0.000514355
5.415 0.000513409
5.42 0.000512466
5.425 0.000511526
5.43 0.000510588
5.435 0.000509653
5.44 0.00050872
5.445 0.00050779
5.45 0.000506863
5.455 0.000505938
5.46 0.000505015
5.465 0.000504095
5.47 0.000503178
5.475 0.000502263
5.48 0.000501351
5.485 0.000500441
5.49 0.000499533
5.495 0.000498628
5.5 0.000497726
5.505 0.000496826
5.51 0.000495928
5.515 0.000495033
5.52 0.00049414
5.525 0.00049325
5.53 0.000492362
5.535 0.000491476
5.54 0.000490593
5.545 0.000489712
5.55 0.000488834
5.555 0.000487957
5.56 0.000487084
5.565 0.000486212
5.57 0.000485343
5.575 0.000484477
5.58 0.000483612
5.585 0.00048275
5.59 0.00048189
5.595 0.000481033
5.6 0.000480178
5.605 0.000479325
5.61 0.000478474
5.615 0.000477626
5.62 0.000476779
5.625 0.000475936
5.63 0.000475094
5.635 0.000474254
5.64 0.000473417
5.645 0.000472582
5.65 0.000471749
5.655 0.000470919
5.66 0.00047009
5.665 0.000469264
5.67 0.00046844
5.675 0.000467618
5.68 0.000466799
5.685 0.000465981
5.69 0.000465166
5.695 0.000464352
5.7 0.000463541
5.705 0.000462732
5.71 0.000461925
5.715 0.000461121
5.72 0.000460318
5.725 0.000459517
5.73 0.000458719
5.735 0.000457922
5.74 0.000457128
5.745 0.000456336
5.75 0.000455546
5.755 0.000454757
5.76 0.000453971
5.765 0.000453187
5.77 0.000452405
5.775 0.000451625
5.78 0.000450847
5.785 0.000450071
5.79 0.000449297
5.795 0.000448525
5.8 0.000447755
5.805 0.000446987
5.81 0.000446221
5.815 0.000445457
5.82 0.000444694
5.825 0.000443934
5.83 0.000443176
5.835 0.00044242
5.84 0.000441665
5.845 0.000440913
5.85 0.000440162
5.855 0.000439414
5.86 0.000438667
5.865 0.000437922
5.87 0.000437179
5.875 0.000436438
5.88 0.000435699
5.885 0.000434962
5.89 0.000434226
5.895 0.000433493
5.9 0.000432761
5.905 0.000432031
5.91 0.000431303
5.915 0.000430577
5.92 0.000429853
5.925 0.00042913
5.93 0.00042841
5.935 0.000427691
5.94 0.000426974
5.945 0.000426259
5.95 0.000425545
5.955 0.000424834
5.96 0.000424124
5.965 0.000423416
5.97 0.000422709
5.975 0.000422005
5.98 0.000421302
5.985 0.000420601
5.99 0.000419902
5.995 0.000419204
6 0.000418508
6.005 0.000417814
6.01 0.000417122
6.015 0.000416431
6.02 0.000415742
6.025 0.000415055
6.03 0.000414369
6.035 0.000413686
6.04 0.000413003
6.045 0.000412323
6.05 0.000411644
6.055 0.000410967
6.06 0.000410292
6.065 0.000409618
6.07 0.000408946
6.075 0.000408275
6.08 0.000407607
6.085 0.000406939
6.09 0.000406274
6.095 0.00040561
6.1 0.000404948
6.105 0.000404287
6.11 0.000403628
6.115 0.000402971
6.12 0.000402315
6.125 0.000401661
6.13 0.000401008
6.135 0.000400357
6.14 0.000399708
6.145 0.00039906
6.15 0.000398413
6.155 0.000397769
6.16 0.000397126
6.165 0.000396484
6.17 0.000395844
6.175 0.000395205
6.18 0.000394568
6.185 0.000393933
6.19 0.000393299
6.195 0.000392667
6.2 0.000392036
6.205 0.000391407
6.21 0.000390779
6.215 0.000390153
6.22 0.000389528
6.225 0.000388904
6.23 0.000388283
6.235 0.000387662
6.24 0.000387044
6.245 0.000386426
6.25 0.00038581
6.255 0.000385196
6.26 0.000384583
6.265 0.000383972
6.27 0.000383362
6.275 0.000382753
6.28 0.000382146
6.285 0.00038154
6.29 0.000380936
6.295 0.000380333
6.3 0.000379732
6.305 0.000379132
6.31 0.000378533
6.315 0.000377936
6.32 0.000377341
6.325 0.000376746
6.33 0.000376153
6.335 0.000375562
6.34 0.000374972
6.345 0.000374383
6.35 0.000373796
6.355 0.00037321
6.36 0.000372625
6.365 0.000372042
6.37 0.00037146
6.375 0.00037088
6.38 0.000370301
6.385 0.000369723
6.39 0.000369147
6.395 0.000368572
6.4 0.000367998
6.405 0.000367426
6.41 0.000366855
6.415 0.000366285
6.42 0.000365717
6.425 0.00036515
6.43 0.000364584
6.435 0.000364019
6.44 0.000363456
6.445 0.000362895
6.45 0.000362334
6.455 0.000361775
6.46 0.000361217
6.465 0.00036066
6.47 0.000360105
6.475 0.000359551
6.48 0.000358998
6.485 0.000358447
6.49 0.000357896
6.495 0.000357347
6.5 0.0003568
6.505 0.000356253
6.51 0.000355708
6.515 0.000355164
6.52 0.000354621
6.525 0.00035408
6.53 0.00035354
6.535 0.000353001
6.54 0.000352463
6.545 0.000351927
6.55 0.000351391
6.555 0.000350857
6.56 0.000350324
6.565 0.000349793
6.57 0.000349262
6.575 0.000348733
6.58 0.000348205
6.585 0.000347678
6.59 0.000347153
6.595 0.000346628
6.6 0.000346105
6.605 0.000345583
6.61 0.000345062
6.615 0.000344542
6.62 0.000344024
6.625 0.000343506
6.63 0.00034299
6.635 0.000342475
6.64 0.000341961
6.645 0.000341448
6.65 0.000340937
6.655 0.000340426
6.66 0.000339917
6.665 0.000339409
6.67 0.000338902
6.675 0.000338396
6.68 0.000337891
6.685 0.000337388
6.69 0.000336885
6.695 0.000336384
6.7 0.000335884
6.705 0.000335385
6.71 0.000334887
6.715 0.00033439
6.72 0.000333894
6.725 0.000333399
6.73 0.000332906
6.735 0.000332413
6.74 0.000331922
6.745 0.000331431
6.75 0.000330942
6.755 0.000330454
6.76 0.000329967
6.765 0.000329481
6.77 0.000328996
6.775 0.000328512
6.78 0.000328029
6.785 0.000327548
6.79 0.000327067
6.795 0.000326587
6.8 0.000326109
6.805 0.000325631
6.81 0.000325155
6.815 0.000324679
6.82 0.000324205
6.825 0.000323732
6.83 0.000323259
6.835 0.000322788
6.84 0.000322318
6.845 0.000321849
6.85 0.000321381
6.855 0.000320913
6.86 0.000320447
6.865 0.000319982
6.87 0.000319518
6.875 0.000319055
6.88 0.000318593
6.885 0.000318132
6.89 0.000317672
6.895 0.000317212
6.9 0.000316754
6.905 0.000316297
6.91 0.000315841
6.915 0.000315386
6.92 0.000314932
6.925 0.000314479
6.93 0.000314026
6.935 0.000313575
6.94 0.000313125
6.945 0.000312676
6.95 0.000312227
6.955 0.00031178
6.96 0.000311334
6.965 0.000310888
6.97 0.000310444
6.975 0.00031
6.98 0.000309558
6.985 0.000309116
6.99 0.000308675
6.995 0.000308236
7 0.000307797
7.005 0.000307359
7.01 0.000306922
7.015 0.000306486
7.02 0.000306051
7.025 0.000305617
7.03 0.000305183
7.035 0.000304751
7.04 0.00030432
7.045 0.000303889
7.05 0.00030346
7.055 0.000303031
7.06 0.000302603
7.065 0.000302176
7.07 0.000301751
7.075 0.000301325
7.08 0.000300901
7.085 0.000300478
7.09 0.000300056
7.095 0.000299634
7.1 0.000299214
7.105 0.000298794
7.11 0.000298375
7.115 0.000297957
7.12 0.00029754
7.125 0.000297124
7.13 0.000296709
7.135 0.000296294
7.14 0.000295881
7.145 0.000295468
7.15 0.000295056
7.155 0.000294645
7.16 0.000294235
7.165 0.000293826
7.17 0.000293417
7.175 0.00029301
7.18 0.000292603
7.185 0.000292197
7.19 0.000291792
7.195 0.000291388
7.2 0.000290985
7.205 0.000290582
7.21 0.000290181
7.215 0.00028978
7.22 0.00028938
7.225 0.000288981
7.23 0.000288582
7.235 0.000288185
7.24 0.000287788
7.245 0.000287392
7.25 0.000286997
7.255 0.000286603
7.26 0.000286209
7.265 0.000285817
7.27 0.000285425
7.275 0.000285034
7.28 0.000284644
7.285 0.000284254
7.29 0.000283866
7.295 0.000283478
7.3 0.000283091
7.305 0.000282704
7.31 0.000282319
7.315 0.000281934
7.32 0.00028155
7.325 0.000281167
7.33 0.000280785
7.335 0.000280403
7.34 0.000280023
7.345 0.000279643
7.35 0.000279264
7.355 0.000278885
7.36 0.000278507
7.365 0.00027813
7.37 0.000277754
7.375 0.000277379
7.38 0.000277004
7.385 0.00027663
7.39 0.000276257
7.395 0.000275885
7.4 0.000275513
7.405 0.000275143
7.41 0.000274772
7.415 0.000274403
7.42 0.000274035
7.425 0.000273667
7.43 0.0002733
7.435 0.000272933
7.44 0.000272568
7.445 0.000272203
7.45 0.000271838
7.455 0.000271475
7.46 0.000271112
7.465 0.00027075
7.47 0.000270389
7.475 0.000270028
7.48 0.000269669
7.485 0.000269309
7.49 0.000268951
7.495 0.000268593
7.5 0.000268236
7.505 0.00026788
7.51 0.000267525
7.515 0.00026717
7.52 0.000266816
7.525 0.000266462
7.53 0.000266109
7.535 0.000265757
7.54 0.000265406
7.545 0.000265055
7.55 0.000264706
7.555 0.000264356
7.56 0.000264008
7.565 0.00026366
7.57 0.000263313
7.575 0.000262966
7.58 0.00026262
7.585 0.000262275
7.59 0.000261931
7.595 0.000261587
7.6 0.000261244
7.605 0.000260902
7.61 0.00026056
7.615 0.000260219
7.62 0.000259878
7.625 0.000259539
7.63 0.000259199
7.635 0.000258861
7.64 0.000258523
7.645 0.000258186
7.65 0.00025785
7.655 0.000257514
7.66 0.000257179
7.665 0.000256844
7.67 0.000256511
7.675 0.000256177
7.68 0.000255845
7.685 0.000255513
7.69 0.000255182
7.695 0.000254851
7.7 0.000254521
7.705 0.000254192
7.71 0.000253863
7.715 0.000253535
7.72 0.000253208
7.725 0.000252881
7.73 0.000252555
7.735 0.00025223
7.74 0.000251905
7.745 0.000251581
7.75 0.000251257
7.755 0.000250934
7.76 0.000250612
7.765 0.00025029
7.77 0.000249969
7.775 0.000249648
7.78 0.000249328
7.785 0.000249009
7.79 0.00024869
7.795 0.000248372
7.8 0.000248055
7.805 0.000247738
7.81 0.000247422
7.815 0.000247106
7.82 0.000246791
7.825 0.000246477
7.83 0.000246163
7.835 0.00024585
7.84 0.000245537
7.845 0.000245225
7.85 0.000244914
7.855 0.000244603
7.86 0.000244293
7.865 0.000243983
7.87 0.000243674
7.875 0.000243365
7.88 0.000243058
7.885 0.00024275
7.89 0.000242443
7.895 0.000242137
7.9 0.000241832
7.905 0.000241527
7.91 0.000241222
7.915 0.000240919
7.92 0.000240615
7.925 0.000240313
7.93 0.00024001
7.935 0.000239709
7.94 0.000239408
7.945 0.000239108
7.95 0.000238808
7.955 0.000238508
7.96 0.00023821
7.965 0.000237912
7.97 0.000237614
7.975 0.000237317
7.98 0.00023702
7.985 0.000236724
7.99 0.000236429
7.995 0.000236134
8 0.00023584
8.005 0.000235546
8.01 0.000235253
8.015 0.00023496
8.02 0.000234668
8.025 0.000234377
8.03 0.000234086
8.035 0.000233795
8.04 0.000233505
8.045 0.000233216
8.05 0.000232927
8.055 0.000232639
8.06 0.000232351
8.065 0.000232064
8.07 0.000231777
8.075 0.000231491
8.08 0.000231205
8.085 0.00023092
8.09 0.000230636
8.095 0.000230352
8.1 0.000230068
8.105 0.000229785
8.11 0.000229503
8.115 0.000229221
8.12 0.000228939
8.125 0.000228658
8.13 0.000228378
8.135 0.000228098
8.14 0.000227818
8.145 0.00022754
8.15 0.000227261
8.155 0.000226983
8.16 0.000226706
8.165 0.000226429
8.17 0.000226153
8.175 0.000225877
8.18 0.000225602
8.185 0.000225327
8.19 0.000225053
8.195 0.000224779
8.2 0.000224505
8.205 0.000224233
8.21 0.00022396
8.215 0.000223689
8.22 0.000223417
8.225 0.000223146
8.23 0.000222876
8.235 0.000222606
8.24 0.000222337
8.245 0.000222068
8.25 0.0002218
8.255 0.000221532
8.26 0.000221264
8.265 0.000220997
8.27 0.000220731
8.275 0.000220465
8.28 0.000220199
8.285 0.000219934
8.29 0.00021967
8.295 0.000219406
8.3 0.000219142
8.305 0.000218879
8.31 0.000218617
8.315 0.000218354
8.32 0.000218093
8.325 0.000217831
8.33 0.000217571
8.335 0.00021731
8.34 0.000217051
8.345 0.000216791
8.35 0.000216532
8.355 0.000216274
8.36 0.000216016
8.365 0.000215759
8.37 0.000215501
8.375 0.000215245
8.38 0.000214989
8.385 0.000214733
8.39 0.000214478
8.395 0.000214223
8.4 0.000213969
8.405 0.000213715
8.41 0.000213462
8.415 0.000213209
8.42 0.000212956
8.425 0.000212704
8.43 0.000212453
8.435 0.000212201
8.44 0.000211951
8.445 0.0002117
8.45 0.000211451
8.455 0.000211201
8.46 0.000210952
8.465 0.000210704
8.47 0.000210456
8.475 0.000210208
8.48 0.000209961
8.485 0.000209714
8.49 0.000209468
8.495 0.000209222
8.5 0.000208977
8.505 0.000208732
8.51 0.000208487
8.515 0.000208243
8.52 0.000207999
8.525 0.000207756
8.53 0.000207513
8.535 0.00020727
8.54 0.000207028
8.545 0.000206787
8.55 0.000206546
8.555 0.000206305
8.56 0.000206065
8.565 0.000205825
8.57 0.000205585
8.575 0.000205346
8.58 0.000205107
8.585 0.000204869
8.59 0.000204631
8.595 0.000204394
8.6 0.000204157
8.605 0.00020392
8.61 0.000203684
8.615 0.000203448
8.62 0.000203213
8.625 0.000202978
8.63 0.000202744
8.635 0.000202509
8.64 0.000202276
8.645 0.000202042
8.65 0.000201809
8.655 0.000201577
8.66 0.000201345
8.665 0.000201113
8.67 0.000200882
8.675 0.000200651
8.68 0.00020042
8.685 0.00020019
8.69 0.00019996
8.695 0.000199731
8.7 0.000199502
8.705 0.000199274
8.71 0.000199045
8.715 0.000198818
8.72 0.00019859
8.725 0.000198363
8.73 0.000198137
8.735 0.000197911
8.74 0.000197685
8.745 0.000197459
8.75 0.000197234
8.755 0.00019701
8.76 0.000196785
8.765 0.000196561
8.77 0.000196338
8.775 0.000196115
8.78 0.000195892
8.785 0.00019567
8.79 0.000195448
8.795 0.000195226
8.8 0.000195005
8.805 0.000194784
8.81 0.000194563
8.815 0.000194343
8.82 0.000194124
8.825 0.000193904
8.83 0.000193685
8.835 0.000193467
8.84 0.000193248
8.845 0.00019303
8.85 0.000192813
8.855 0.000192596
8.86 0.000192379
8.865 0.000192163
8.87 0.000191947
8.875 0.000191731
8.88 0.000191515
8.885 0.000191301
8.89 0.000191086
8.895 0.000190872
8.9 0.000190658
8.905 0.000190444
8.91 0.000190231
8.915 0.000190018
8.92 0.000189806
8.925 0.000189594
8.93 0.000189382
8.935 0.000189171
8.94 0.00018896
8.945 0.000188749
8.95 0.000188539
8.955 0.000188329
8.96 0.000188119
8.965 0.00018791
8.97 0.000187701
8.975 0.000187492
8.98 0.000187284
8.985 0.000187076
8.99 0.000186869
8.995 0.000186661
9 0.000186455
9.005 0.000186248
9.01 0.000186042
9.015 0.000185836
9.02 0.000185631
9.025 0.000185425
9.03 0.000185221
9.035 0.000185016
9.04 0.000184812
9.045 0.000184608
9.05 0.000184405
9.055 0.000184202
9.06 0.000183999
9.065 0.000183796
9.07 0.000183594
9.075 0.000183393
9.08 0.000183191
9.085 0.00018299
9.09 0.000182789
9.095 0.000182589
9.1 0.000182389
9.105 0.000182189
9.11 0.000181989
9.115 0.00018179
9.12 0.000181592
9.125 0.000181393
9.13 0.000181195
9.135 0.000180997
9.14 0.0001808
9.145 0.000180602
9.15 0.000180406
9.155 0.000180209
9.16 0.000180013
9.165 0.000179817
9.17 0.000179621
9.175 0.000179426
9.18 0.000179231
9.185 0.000179036
9.19 0.000178842
9.195 0.000178648
9.2 0.000178454
9.205 0.000178261
9.21 0.000178068
9.215 0.000177875
9.22 0.000177683
9.225 0.000177491
9.23 0.000177299
9.235 0.000177108
9.24 0.000176916
9.245 0.000176725
9.25 0.000176535
9.255 0.000176345
9.26 0.000176155
9.265 0.000175965
9.27 0.000175776
9.275 0.000175587
9.28 0.000175398
9.285 0.00017521
9.29 0.000175021
9.295 0.000174834
9.3 0.000174646
9.305 0.000174459
9.31 0.000174272
9.315 0.000174085
9.32 0.000173899
9.325 0.000173713
9.33 0.000173527
9.335 0.000173342
9.34 0.000173157
9.345 0.000172972
9.35 0.000172788
9.355 0.000172603
9.36 0.000172419
9.365 0.000172236
9.37 0.000172052
9.375 0.000171869
9.38 0.000171687
9.385 0.000171504
9.39 0.000171322
9.395 0.00017114
9.4 0.000170958
9.405 0.000170777
9.41 0.000170596
9.415 0.000170415
9.42 0.000170235
9.425 0.000170055
9.43 0.000169875
9.435 0.000169695
9.44 0.000169516
9.445 0.000169337
9.45 0.000169158
9.455 0.00016898
9.46 0.000168802
9.465 0.000168624
9.47 0.000168446
9.475 0.000168269
9.48 0.000168092
9.485 0.000167915
9.49 0.000167738
9.495 0.000167562
9.5 0.000167386
9.505 0.000167211
9.51 0.000167035
9.515 0.00016686
9.52 0.000166685
9.525 0.000166511
9.53 0.000166337
9.535 0.000166162
9.54 0.000165989
9.545 0.000165815
9.55 0.000165642
9.555 0.000165469
9.56 0.000165297
9.565 0.000165124
9.57 0.000164952
9.575 0.00016478
9.58 0.000164609
9.585 0.000164437
9.59 0.000164266
9.595 0.000164096
9.6 0.000163925
9.605 0.000163755
9.61 0.000163585
9.615 0.000163415
9.62 0.000163246
9.625 0.000163076
9.63 0.000162908
9.635 0.000162739
9.64 0.00016257
9.645 0.000162402
9.65 0.000162234
9.655 0.000162067
9.66 0.000161899
9.665 0.000161732
9.67 0.000161566
9.675 0.000161399
9.68 0.000161233
9.685 0.000161067
9.69 0.000160901
9.695 0.000160735
9.7 0.00016057
9.705 0.000160405
9.71 0.00016024
9.715 0.000160076
9.72 0.000159911
9.725 0.000159747
9.73 0.000159583
9.735 0.00015942
9.74 0.000159257
9.745 0.000159094
9.75 0.000158931
9.755 0.000158768
9.76 0.000158606
9.765 0.000158444
9.77 0.000158282
9.775 0.000158121
9.78 0.000157959
9.785 0.000157798
9.79 0.000157638
9.795 0.000157477
9.8 0.000157317
9.805 0.000157157
9.81 0.000156997
9.815 0.000156837
9.82 0.000156678
9.825 0.000156519
9.83 0.00015636
9.835 0.000156202
9.84 0.000156043
9.845 0.000155885
9.85 0.000155727
9.855 0.00015557
9.86 0.000155412
9.865 0.000155255
9.87 0.000155098
9.875 0.000154941
9.88 0.000154785
9.885 0.000154629
9.89 0.000154473
9.895 0.000154317
9.9 0.000154162
9.905 0.000154006
9.91 0.000153851
9.915 0.000153696
9.92 0.000153542
9.925 0.000153388
9.93 0.000153233
9.935 0.00015308
9.94 0.000152926
9.945 0.000152773
9.95 0.000152619
9.955 0.000152466
9.96 0.000152314
9.965 0.000152161
9.97 0.000152009
9.975 0.000151857
9.98 0.000151705
9.985 0.000151554
9.99 0.000151402
9.995 0.000151251
