0 -nan
0.005 0.228346
0.01 0.229464
0.015 0.488091
0.02 0.0851192
0.025 0.442205
0.03 0.343895
0.035 0.121422
0.04 0.578656
0.045 0.0371029
0.05 0.257045
0.055 0.0633775
0.06 0.182371
0.065 0.504996
0.07 0.224948
0.075 0.00470839
0.08 0.046379
0.085 0.0170329
0.09 0.217107
0.095 0.837258
0.1 0.50606
0.105 0.18659
0.11 0.907353
0.115 0.0933398
0.12 0.874006
0.125 0.333037
0.13 0.396318
0.135 0.951114
0.14 0.121849
0.145 0.448626
0.15 0.995819
0.155 0.393428
0.16 0.0709502
0.165 0.647443
0.17 0.985412
0.175 0.555286
0.18 0.0770099
0.185 0.193546
0.19 0.689625
0.195 0.969592
0.2 0.776358
0.205 0.342198
0.21 0.056986
0.215 0.118543
0.22 0.440262
0.225 0.783064
0.23 0.941032
0.235 0.848965
0.24 0.580771
0.245 0.279283
0.25 0.0757656
0.255 0.0385907
0.26 0.162124
0.265 0.386205
0.27 0.628762
0.275 0.816173
0.28 0.902547
0.285 0.875868
0.29 0.75356
0.295 0.571979
0.3 0.374336
0.305 0.20029
0.31 0.0789757
0.315 0.0258334
0.32 0.0427308
0.325 0.120378
0.33 0.241953
0.335 0.387004
0.34 0.534934
0.345 0.667693
0.35 0.7715
0.355 0.837647
0.36 0.862528
0.365 0.84709
0.37 0.79593
0.375 0.716215
0.38 0.616604
0.385 0.506245
0.39 0.393962
0.395 0.287625
0.4 0.193731
0.405 0.117176
0.41 0.0611842
0.415 0.0273729
0.42 0.0159071
0.425 0.0257179
0.43 0.0547536
0.435 0.10024
0.44 0.158931
0.445 0.227341
0.45 0.301943
0.455 0.379334
0.46 0.456366
0.465 0.530238
0.47 0.598561
0.475 0.65939
0.48 0.711236
0.485 0.753054
0.49 0.784219
0.495 0.804491
0.5 0.813968
0.505 0.813042
0.51 0.802344
0.515 0.782701
0.52 0.755082
0.525 0.720558
0.53 0.680258
0.535 0.63534
0.54 0.586951
0.545 0.536211
0.55 0.484183
0.555 0.431862
0.56 0.380161
0.565 0.329901
0.57 0.281809
0.575 0.236509
0.58 0.194529
0.585 0.1563
0.59 0.122156
0.595 0.092347
0.6 0.0670366
0.605 0.0463138
0.61 0.0301978
0.615 0.0186461
0.62 0.0115616
0.625 0.00879952
0.63 0.010175
0.635 0.0154693
0.64 0.0244366
0.645 0.0368095
0.65 0.0523051
0.655 0.0706291
0.66 0.0914814
0.665 0.114559
0.67 0.139561
0.675 0.16619
0.68 0.194156
0.685 0.223178
0.69 0.252987
0.695 0.283326
0.7 0.313952
0.705 0.344636
0.71 0.375167
0.715 0.405348
0.72 0.434997
0.725 0.463951
0.73 0.49206
0.735 0.519192
0.74 0.54523
0.745 0.570071
0.75 0.593626
0.755 0.615821
0.76 0.636594
0.765 0.655895
0.77 0.673687
0.775 0.689942
0.78 0.704643
0.785 0.717782
0.79 0.729361
0.795 0.739387
0.8 0.747877
0.805 0.754853
0.81 0.760342
0.815 0.764378
0.82 0.766999
0.825 0.768245
0.83 0.768163
0.835 0.766801
0.84 0.764208
0.845 0.760438
0.85 0.755545
0.855 0.749584
0.86 0.742612
0.865 0.734684
0.87 0.72586
0.875 0.716195
0.88 0.705746
0.885 0.69457
0.89 0.682723
0.895 0.670259
0.9 0.657231
0.905 0.643694
0.91 0.629698
0.915 0.615292
0.92 0.600527
0.925 0.585448
0.93 0.570102
0.935 0.554531
0.94 0.538779
0.945 0.522885
0.95 0.506889
0.955 0.490827
0.96 0.474735
0.965 0.458646
0.97 0.442592
0.975 0.426603
0.98 0.410709
0.985 0.394934
0.99 0.379306
0.995 0.363848
1 0.348581
1.005 0.333527
1.01 0.318704
1.015 0.304131
1.02 0.289824
1.025 0.275798
1.03 0.262067
1.035 0.248643
1.04 0.235539
1.045 0.222763
1.05 0.210326
1.055 0.198236
1.06 0.186499
1.065 0.175122
1.07 0.164111
1.075 0.153469
1.08 0.1432
1.085 0.133307
1.09 0.123793
1.095 0.114658
1.1 0.105904
1.105 0.0975295
1.11 0.0895353
1.115 0.0819199
1.12 0.0746818
1.125 0.067819
1.13 0.061329
1.135 0.0552089
1.14 0.0494554
1.145 0.0440649
1.15 0.0390332
1.155 0.0343562
1.16 0.0300292
1.165 0.0260474
1.17 0.0224057
1.175 0.0190988
1.18 0.0161211
1.185 0.013467
1.19 0.0111307
1.195 0.00910621
1.2 0.00738739
1.205 0.00596804
1.21 0.00484189
1.215 0.00400255
1.22 0.0034436
1.225 0.00315855
1.23 0.00314087
1.235 0.00338403
1.24 0.00388144
1.245 0.00462655
1.25 0.00561278
1.255 0.00683358
1.26 0.00828241
1.265 0.00995277
1.27 0.0118382
1.275 0.0139322
1.28 0.0162285
1.285 0.0187207
1.29 0.0214025
1.295 0.0242678
1.3 0.0273104
1.305 0.0305242
1.31 0.0339032
1.315 0.0374416
1.32 0.0411335
1.325 0.0449732
1.33 0.048955
1.335 0.0530733
1.34 0.0573226
1.345 0.0616977
1.35 0.0661932
1.355 0.0708038
1.36 0.0755246
1.365 0.0803505
1.37 0.0852766
1.375 0.0902981
1.38 0.0954103
1.385 0.100609
1.39 0.105889
1.395 0.111246
1.4 0.116676
1.405 0.122174
1.41 0.127738
1.415 0.133362
1.42 0.139042
1.425 0.144775
1.43 0.150558
1.435 0.156386
1.44 0.162255
1.445 0.168164
1.45 0.174107
1.455 0.180082
1.46 0.186086
1.465 0.192116
1.47 0.198168
1.475 0.204239
1.48 0.210328
1.485 0.216431
1.49 0.222545
1.495 0.228668
1.5 0.234797
1.505 0.24093
1.51 0.247065
1.515 0.253199
1.52 0.25933
1.525 0.265456
1.53 0.271574
1.535 0.277684
1.54 0.283782
1.545 0.289868
1.55 0.295938
1.555 0.301992
1.56 0.308028
1.565 0.314044
1.57 0.320039
1.575 0.326011
1.58 0.331959
1.585 0.337881
1.59 0.343776
1.595 0.349642
1.6 0.35548
1.605 0.361286
1.61 0.367061
1.615 0.372802
1.62 0.37851
1.625 0.384183
1.63 0.38982
1.635 0.39542
1.64 0.400983
1.645 0.406507
1.65 0.411992
1.655 0.417437
1.66 0.422841
1.665 0.428204
1.67 0.433525
1.675 0.438803
1.68 0.444038
1.685 0.44923
1.69 0.454378
1.695 0.45948
1.7 0.464538
1.705 0.46955
1.71 0.474517
1.715 0.479437
1.72 0.484311
1.725 0.489138
1.73 0.493918
1.735 0.498651
1.74 0.503336
1.745 0.507973
1.75 0.512562
1.755 0.517103
1.76 0.521596
1.765 0.526041
1.77 0.530437
1.775 0.534785
1.78 0.539084
1.785 0.543334
1.79 0.547536
1.795 0.551689
1.8 0.555793
1.805 0.559849
1.81 0.563856
1.815 0.567815
1.82 0.571725
1.825 0.575586
1.83 0.579399
1.835 0.583164
1.84 0.586881
1.845 0.59055
1.85 0.59417
1.855 0.597744
1.86 0.601269
1.865 0.604747
1.87 0.608178
1.875 0.611562
1.88 0.614898
1.885 0.618188
1.89 0.621432
1.895 0.624629
1.9 0.627781
1.905 0.630886
1.91 0.633946
1.915 0.63696
1.92 0.63993
1.925 0.642854
1.93 0.645734
1.935 0.64857
1.94 0.651361
1.945 0.654109
1.95 0.656813
1.955 0.659474
1.96 0.662092
1.965 0.664667
1.97 0.6672
1.975 0.66969
1.98 0.672139
1.985 0.674547
1.99 0.676913
1.995 0.679238
2 0.681523
2.005 0.683767
2.01 0.685971
2.015 0.688136
2.02 0.690261
2.025 0.692347
2.03 0.694395
2.035 0.696404
2.04 0.698375
2.045 0.700308
2.05 0.702203
2.055 0.704062
2.06 0.705884
2.065 0.707669
2.07 0.709418
2.075 0.711131
2.08 0.712809
2.085 0.714451
2.09 0.716058
2.095 0.717631
2.1 0.71917
2.105 0.720674
2.11 0.722145
2.115 0.723583
2.12 0.724987
2.125 0.726359
2.13 0.727699
2.135 0.729007
2.14 0.730282
2.145 0.731527
2.15 0.73274
2.155 0.733923
2.16 0.735075
2.165 0.736196
2.17 0.737288
2.175 0.738351
2.18 0.739384
2.185 0.740388
2.19 0.741363
2.195 0.74231
2.2 0.74323
2.205 0.744121
2.21 0.744985
2.215 0.745821
2.22 0.746631
2.225 0.747414
2.23 0.748171
2.235 0.748902
2.24 0.749607
2.245 0.750287
2.25 0.750941
2.255 0.751571
2.26 0.752176
2.265 0.752757
2.27 0.753313
2.275 0.753846
2.28 0.754355
2.285 0.754841
2.29 0.755305
2.295 0.755745
2.3 0.756163
2.305 0.756559
2.31 0.756932
2.315 0.757285
2.32 0.757615
2.325 0.757925
2.33 0.758213
2.335 0.758481
2.34 0.758729
2.345 0.758956
2.35 0.759164
2.355 0.759352
2.36 0.75952
2.365 0.759669
2.37 0.759799
2.375 0.75991
2.38 0.760003
2.385 0.760078
2.39 0.760134
2.395 0.760173
2.4 0.760194
2.405 0.760198
2.41 0.760184
2.415 0.760154
2.42 0.760106
2.425 0.760043
2.43 0.759962
2.435 0.759866
2.44 0.759754
2.445 0.759626
2.45 0.759483
2.455 0.759325
2.46 0.759151
2.465 0.758962
2.47 0.758759
2.475 0.758541
2.48 0.758309
2.485 0.758063
2.49 0.757803
2.495 0.757529
2.5 0.757242
2.505 0.756941
2.51 0.756627
2.515 0.7563
2.52 0.75596
2.525 0.755607
2.53 0.755242
2.535 0.754865
2.54 0.754475
2.545 0.754074
2.55 0.753661
2.555 0.753236
2.56 0.752799
2.565 0.752351
2.57 0.751893
2.575 0.751423
2.58 0.750942
2.585 0.75045
2.59 0.749948
2.595 0.749436
2.6 0.748913
2.605 0.74838
2.61 0.747838
2.615 0.747285
2.62 0.746723
2.625 0.746151
2.63 0.74557
2.635 0.74498
2.64 0.744381
2.645 0.743772
2.65 0.743155
2.655 0.74253
2.66 0.741895
2.665 0.741252
2.67 0.740601
2.675 0.739942
2.68 0.739275
2.685 0.738599
2.69 0.737916
2.695 0.737226
2.7 0.736527
2.705 0.735822
2.71 0.735109
2.715 0.734389
2.72 0.733661
2.725 0.732927
2.73 0.732186
2.735 0.731438
2.74 0.730684
2.745 0.729923
2.75 0.729155
2.755 0.728382
2.76 0.727602
2.765 0.726816
2.77 0.726024
2.775 0.725226
2.78 0.724422
2.785 0.723613
2.79 0.722798
2.795 0.721977
2.8 0.721151
2.805 0.72032
2.81 0.719484
2.815 0.718642
2.82 0.717796
2.825 0.716944
2.83 0.716088
2.835 0.715227
2.84 0.714361
2.845 0.713491
2.85 0.712616
2.855 0.711736
2.86 0.710853
2.865 0.709965
2.87 0.709073
2.875 0.708177
2.88 0.707277
2.885 0.706373
2.89 0.705465
2.895 0.704553
2.9 0.703638
2.905 0.702719
2.91 0.701796
2.915 0.70087
2.92 0.699941
2.925 0.699008
2.93 0.698072
2.935 0.697133
2.94 0.696191
2.945 0.695245
2.95 0.694297
2.955 0.693346
2.96 0.692392
2.965 0.691435
2.97 0.690475
2.975 0.689513
2.98 0.688548
2.985 0.68758
2.99 0.686611
2.995 0.685638
3 0.684663
3.005 0.683686
3.01 0.682707
3.015 0.681726
3.02 0.680742
3.025 0.679757
3.03 0.678769
3.035 0.677779
3.04 0.676788
3.045 0.675794
3.05 0.674799
3.055 0.673802
3.06 0.672804
3.065 0.671803
3.07 0.670802
3.075 0.669798
3.08 0.668793
3.085 0.667787
3.09 0.666779
3.095 0.66577
3.1 0.664759
3.105 0.663748
3.11 0.662735
3.115 0.661721
3.12 0.660705
3.125 0.659689
3.13 0.658671
3.135 0.657653
3.14 0.656634
3.145 0.655613
3.15 0.654592
3.155 0.65357
3.16 0.652547
3.165 0.651524
3.17 0.650499
3.175 0.649474
3.18 0.648448
3.185 0.647422
3.19 0.646395
3.195 0.645368
3.2 0.64434
3.205 0.643311
3.21 0.642282
3.215 0.641253
3.22 0.640224
3.225 0.639194
3.23 0.638163
3.235 0.637133
3.24 0.636102
3.245 0.635071
3.25 0.63404
3.255 0.633008
3.26 0.631977
3.265 0.630945
3.27 0.629914
3.275 0.628882
3.28 0.627851
3.285 0.626819
3.29 0.625787
3.295 0.624756
3.3 0.623725
3.305 0.622693
3.31 0.621662
3.315 0.620631
3.32 0.619601
3.325 0.61857
3.33 0.61754
3.335 0.61651
3.34 0.615481
3.345 0.614452
3.35 0.613423
3.355 0.612394
3.36 0.611366
3.365 0.610338
3.37 0.609311
3.375 0.608285
3.38 0.607258
3.385 0.606233
3.39 0.605207
3.395 0.604183
3.4 0.603159
3.405 0.602135
3.41 0.601112
3.415 0.60009
3.42 0.599069
3.425 0.598048
3.43 0.597028
3.435 0.596008
3.44 0.594989
3.445 0.593971
3.45 0.592954
3.455 0.591938
3.46 0.590922
3.465 0.589907
3.47 0.588893
3.475 0.58788
3.48 0.586867
3.485 0.585856
3.49 0.584845
3.495 0.583836
3.5 0.582827
3.505 0.581819
3.51 0.580812
3.515 0.579807
3.52 0.578802
3.525 0.577798
3.53 0.576795
3.535 0.575793
3.54 0.574792
3.545 0.573792
3.55 0.572794
3.555 0.571796
3.56 0.5708
3.565 0.569804
3.57 0.56881
3.575 0.567817
3.58 0.566824
3.585 0.565833
3.59 0.564844
3.595 0.563855
3.6 0.562868
3.605 0.561881
3.61 0.560896
3.615 0.559912
3.62 0.55893
3.625 0.557948
3.63 0.556968
3.635 0.555989
3.64 0.555011
3.645 0.554035
3.65 0.55306
3.655 0.552086
3.66 0.551113
3.665 0.550142
3.67 0.549172
3.675 0.548204
3.68 0.547236
3.685 0.54627
3.69 0.545306
3.695 0.544342
3.7 0.54338
3.705 0.54242
3.71 0.541461
3.715 0.540503
3.72 0.539546
3.725 0.538591
3.73 0.537638
3.735 0.536685
3.74 0.535735
3.745 0.534785
3.75 0.533837
3.755 0.532891
3.76 0.531945
3.765 0.531002
3.77 0.53006
3.775 0.529119
3.78 0.528179
3.785 0.527242
3.79 0.526305
3.795 0.52537
3.8 0.524437
3.805 0.523505
3.81 0.522574
3.815 0.521645
3.82 0.520718
3.825 0.519792
3.83 0.518867
3.835 0.517944
3.84 0.517023
3.845 0.516103
3.85 0.515184
3.855 0.514268
3.86 0.513352
3.865 0.512438
3.87 0.511526
3.875 0.510615
3.88 0.509706
3.885 0.508798
3.89 0.507892
3.895 0.506988
3.9 0.506085
3.905 0.505183
3.91 0.504283
3.915 0.503385
3.92 0.502488
3.925 0.501593
3.93 0.500699
3.935 0.499807
3.94 0.498917
3.945 0.498028
3.95 0.49714
3.955 0.496255
3.96 0.49537
3.965 0.494488
3.97 0.493607
3.975 0.492727
3.98 0.49185
3.985 0.490973
3.99 0.490099
3.995 0.489226
4 0.488354
4.005 0.487484
4.01 0.486616
4.015 0.485749
4.02 0.484884
4.025 0.484021
4.03 0.483159
4.035 0.482299
4.04 0.48144
4.045 0.480583
4.05 0.479728
4.055 0.478874
4.06 0.478022
4.065 0.477171
4.07 0.476322
4.075 0.475475
4.08 0.474629
4.085 0.473785
4.09 0.472942
4.095 0.472101
4.1 0.471262
4.105 0.470424
4.11 0.469588
4.115 0.468753
4.12 0.46792
4.125 0.467089
4.13 0.466259
4.135 0.465431
4.14 0.464605
4.145 0.46378
4.15 0.462957
4.155 0.462135
4.16 0.461315
4.165 0.460497
4.17 0.45968
4.175 0.458865
4.18 0.458051
4.185 0.457239
4.19 0.456429
4.195 0.45562
4.2 0.454813
4.205 0.454007
4.21 0.453204
4.215 0.452401
4.22 0.4516
4.225 0.450801
4.23 0.450004
4.235 0.449208
4.24 0.448413
4.245 0.447621
4.25 0.44683
4.255 0.44604
4.26 0.445252
4.265 0.444466
4.27 0.443681
4.275 0.442898
4.28 0.442116
4.285 0.441336
4.29 0.440558
4.295 0.439781
4.3 0.439006
4.305 0.438232
4.31 0.43746
4.315 0.436689
4.32 0.43592
4.325 0.435153
4.33 0.434387
4.335 0.433623
4.34 0.43286
4.345 0.432099
4.35 0.43134
4.355 0.430582
4.36 0.429826
4.365 0.429071
4.37 0.428318
4.375 0.427566
4.38 0.426816
4.385 0.426067
4.39 0.42532
4.395 0.424575
4.4 0.423831
4.405 0.423089
4.41 0.422348
4.415 0.421608
4.42 0.420871
4.425 0.420135
4.43 0.4194
4.435 0.418667
4.44 0.417935
4.445 0.417205
4.45 0.416477
4.455 0.41575
4.46 0.415024
4.465 0.414301
4.47 0.413578
4.475 0.412857
4.48 0.412138
4.485 0.41142
4.49 0.410704
4.495 0.409989
4.5 0.409276
4.505 0.408564
4.51 0.407854
4.515 0.407145
4.52 0.406438
4.525 0.405732
4.53 0.405028
4.535 0.404325
4.54 0.403624
4.545 0.402924
4.55 0.402226
4.555 0.401529
4.56 0.400833
4.565 0.40014
4.57 0.399447
4.575 0.398756
4.58 0.398067
4.585 0.397379
4.59 0.396692
4.595 0.396007
4.6 0.395324
4.605 0.394642
4.61 0.393961
4.615 0.393282
4.62 0.392604
4.625 0.391928
4.63 0.391253
4.635 0.39058
4.64 0.389908
4.645 0.389237
4.65 0.388568
4.655 0.387901
4.66 0.387235
4.665 0.38657
4.67 0.385907
4.675 0.385245
4.68 0.384584
4.685 0.383925
4.69 0.383268
4.695 0.382611
4.7 0.381957
4.705 0.381303
4.71 0.380651
4.715 0.380001
4.72 0.379351
4.725 0.378704
4.73 0.378057
4.735 0.377412
4.74 0.376769
4.745 0.376127
4.75 0.375486
4.755 0.374846
4.76 0.374208
4.765 0.373572
4.77 0.372936
4.775 0.372303
4.78 0.37167
4.785 0.371039
4.79 0.370409
4.795 0.369781
4.8 0.369154
4.805 0.368528
4.81 0.367903
4.815 0.36728
4.82 0.366659
4.825 0.366039
4.83 0.36542
4.835 0.364802
4.84 0.364186
4.845 0.363571
4.85 0.362957
4.855 0.362345
4.86 0.361734
4.865 0.361124
4.87 0.360516
4.875 0.359909
4.88 0.359303
4.885 0.358699
4.89 0.358096
4.895 0.357494
4.9 0.356894
4.905 0.356295
4.91 0.355697
4.915 0.3551
4.92 0.354505
4.925 0.353911
4.93 0.353318
4.935 0.352727
4.94 0.352137
4.945 0.351548
4.95 0.350961
4.955 0.350374
4.96 0.34979
4.965 0.349206
4.97 0.348623
4.975 0.348042
4.98 0.347462
4.985 0.346884
4.99 0.346306
4.995 0.34573
5 0.345155
5.005 0.344582
5.01 0.344009
5.015 0.343438
5.02 0.342868
5.025 0.3423
5.03 0.341732
5.035 0.341166
5.04 0.340601
5.045 0.340037
5.05 0.339475
5.055 0.338914
5.06 0.338354
5.065 0.337795
5.07 0.337237
5.075 0.336681
5.08 0.336126
5.085 0.335572
5.09 0.335019
5.095 0.334467
5.1 0.333917
5.105 0.333368
5.11 0.33282
5.115 0.332273
5.12 0.331727
5.125 0.331183
5.13 0.330639
5.135 0.330097
5.14 0.329556
5.145 0.329017
5.15 0.328478
5.155 0.327941
5.16 0.327405
5.165 0.326869
5.17 0.326336
5.175 0.325803
5.18 0.325271
5.185 0.324741
5.19 0.324212
5.195 0.323683
5.2 0.323156
5.205 0.322631
5.21 0.322106
5.215 0.321582
5.22 0.32106
5.225 0.320538
5.23 0.320018
5.235 0.319499
5.24 0.318981
5.245 0.318464
5.25 0.317949
5.255 0.317434
5.26 0.316921
5.265 0.316408
5.27 0.315897
5.275 0.315387
5.28 0.314878
5.285 0.31437
5.29 0.313863
5.295 0.313357
5.3 0.312853
5.305 0.312349
5.31 0.311847
5.315 0.311345
5.32 0.310845
5.325 0.310346
5.33 0.309848
5.335 0.309351
5.34 0.308855
5.345 0.30836
5.35 0.307866
5.355 0.307373
5.36 0.306881
5.365 0.306391
5.37 0.305901
5.375 0.305412
5.38 0.304925
5.385 0.304438
5.39 0.303953
5.395 0.303469
5.4 0.302985
5.405 0.302503
5.41 0.302022
5.415 0.301542
5.42 0.301062
5.425 0.300584
5.43 0.300107
5.435 0.299631
5.44 0.299156
5.445 0.298682
5.45 0.298209
5.455 0.297737
5.46 0.297266
5.465 0.296796
5.47 0.296327
5.475 0.295859
5.48 0.295392
5.485 0.294926
5.49 0.294461
5.495 0.293997
5.5 0.293534
5.505 0.293072
5.51 0.292611
5.515 0.292151
5.52 0.291692
5.525 0.291233
5.53 0.290776
5.535 0.29032
5.54 0.289865
5.545 0.289411
5.55 0.288958
5.555 0.288505
5.56 0.288054
5.565 0.287604
5.57 0.287155
5.575 0.286706
5.58 0.286259
5.585 0.285812
5.59 0.285367
5.595 0.284922
5.6 0.284479
5.605 0.284036
5.61 0.283594
5.615 0.283153
5.62 0.282713
5.625 0.282274
5.63 0.281836
5.635 0.281399
5.64 0.280963
5.645 0.280528
5.65 0.280094
5.655 0.27966
5.66 0.279228
5.665 0.278796
5.67 0.278366
5.675 0.277936
5.68 0.277507
5.685 0.277079
5.69 0.276652
5.695 0.276226
5.7 0.275801
5.705 0.275377
5.71 0.274953
5.715 0.274531
5.72 0.274109
5.725 0.273689
5.73 0.273269
5.735 0.27285
5.74 0.272432
5.745 0.272015
5.75 0.271598
5.755 0.271183
5.76 0.270768
5.765 0.270355
5.77 0.269942
5.775 0.26953
5.78 0.269119
5.785 0.268709
5.79 0.268299
5.795 0.267891
5.8 0.267483
5.805 0.267076
5.81 0.266671
5.815 0.266265
5.82 0.265861
5.825 0.265458
5.83 0.265055
5.835 0.264654
5.84 0.264253
5.845 0.263853
5.85 0.263454
5.855 0.263055
5.86 0.262658
5.865 0.262261
5.87 0.261865
5.875 0.26147
5.88 0.261076
5.885 0.260683
5.89 0.26029
5.895 0.259899
5.9 0.259508
5.905 0.259118
5.91 0.258728
5.915 0.25834
5.92 0.257952
5.925 0.257566
5.93 0.25718
5.935 0.256794
5.94 0.25641
5.945 0.256026
5.95 0.255643
5.955 0.255261
5.96 0.25488
5.965 0.2545
5.97 0.25412
5.975 0.253741
5.98 0.253363
5.985 0.252986
5.99 0.252609
5.995 0.252233
6 0.251858
6.005 0.251484
6.01 0.251111
6.015 0.250738
6.02 0.250366
6.025 0.249995
6.03 0.249625
6.035 0.249255
6.04 0.248887
6.045 0.248518
6.05 0.248151
6.055 0.247785
6.06 0.247419
6.065 0.247054
6.07 0.24669
6.075 0.246326
6.08 0.245963
6.085 0.245601
6.09 0.24524
6.095 0.244879
6.1 0.244519
6.105 0.24416
6.11 0.243802
6.115 0.243444
6.12 0.243088
6.125 0.242731
6.13 0.242376
6.135 0.242021
6.14 0.241667
6.145 0.241314
6.15 0.240962
6.155 0.24061
6.16 0.240259
6.165 0.239908
6.17 0.239559
6.175 0.23921
6.18 0.238862
6.185 0.238514
6.19 0.238167
6.195 0.237821
6.2 0.237476
6.205 0.237131
6.21 0.236787
6.215 0.236444
6.22 0.236101
6.225 0.235759
6.23 0.235418
6.235 0.235078
6.24 0.234738
6.245 0.234399
6.25 0.23406
6.255 0.233723
6.26 0.233386
6.265 0.233049
6.27 0.232714
6.275 0.232379
6.28 0.232044
6.285 0.23171
6.29 0.231378
6.295 0.231045
6.3 0.230714
6.305 0.230383
6.31 0.230052
6.315 0.229723
6.32 0.229394
6.325 0.229065
6.33 0.228738
6.335 0.228411
6.34 0.228084
6.345 0.227759
6.35 0.227434
6.355 0.227109
6.36 0.226785
6.365 0.226462
6.37 0.22614
6.375 0.225818
6.38 0.225497
6.385 0.225177
6.39 0.224857
6.395 0.224537
6.4 0.224219
6.405 0.223901
6.41 0.223584
6.415 0.223267
6.42 0.222951
6.425 0.222636
6.43 0.222321
6.435 0.222007
6.44 0.221693
6.445 0.22138
6.45 0.221068
6.455 0.220756
6.46 0.220445
6.465 0.220135
6.47 0.219825
6.475 0.219516
6.48 0.219207
6.485 0.218899
6.49 0.218592
6.495 0.218285
6.5 0.217979
6.505 0.217674
6.51 0.217369
6.515 0.217064
6.52 0.216761
6.525 0.216458
6.53 0.216155
6.535 0.215853
6.54 0.215552
6.545 0.215251
6.55 0.214951
6.555 0.214652
6.56 0.214353
6.565 0.214054
6.57 0.213757
6.575 0.213459
6.58 0.213163
6.585 0.212867
6.59 0.212571
6.595 0.212276
6.6 0.211982
6.605 0.211689
6.61 0.211395
6.615 0.211103
6.62 0.210811
6.625 0.21052
6.63 0.210229
6.635 0.209938
6.64 0.209649
6.645 0.20936
6.65 0.209071
6.655 0.208783
6.66 0.208496
6.665 0.208209
6.67 0.207923
6.675 0.207637
6.68 0.207352
6.685 0.207067
6.69 0.206783
6.695 0.206499
6.7 0.206217
6.705 0.205934
6.71 0.205652
6.715 0.205371
6.72 0.20509
6.725 0.20481
6.73 0.20453
6.735 0.204251
6.74 0.203973
6.745 0.203694
6.75 0.203417
6.755 0.20314
6.76 0.202864
6.765 0.202588
6.77 0.202312
6.775 0.202037
6.78 0.201763
6.785 0.201489
6.79 0.201216
6.795 0.200943
6.8 0.200671
6.805 0.200399
6.81 0.200128
6.815 0.199858
6.82 0.199588
6.825 0.199318
6.83 0.199049
6.835 0.19878
6.84 0.198512
6.845 0.198245
6.85 0.197978
6.855 0.197711
6.86 0.197445
6.865 0.19718
6.87 0.196915
6.875 0.19665
6.88 0.196387
6.885 0.196123
6.89 0.19586
6.895 0.195598
6.9 0.195336
6.905 0.195074
6.91 0.194813
6.915 0.194553
6.92 0.194293
6.925 0.194034
6.93 0.193775
6.935 0.193516
6.94 0.193258
6.945 0.193001
6.95 0.192744
6.955 0.192487
6.96 0.192231
6.965 0.191976
6.97 0.191721
6.975 0.191466
6.98 0.191212
6.985 0.190958
6.99 0.190705
6.995 0.190453
7 0.190201
7.005 0.189949
7.01 0.189698
7.015 0.189447
7.02 0.189197
7.025 0.188947
7.03 0.188698
7.035 0.188449
7.04 0.1882
7.045 0.187953
7.05 0.187705
7.055 0.187458
7.06 0.187212
7.065 0.186966
7.07 0.18672
7.075 0.186475
7.08 0.18623
7.085 0.185986
7.09 0.185742
7.095 0.185499
7.1 0.185256
7.105 0.185014
7.11 0.184772
7.115 0.18453
7.12 0.184289
7.125 0.184049
7.13 0.183809
7.135 0.183569
7.14 0.18333
7.145 0.183091
7.15 0.182853
7.155 0.182615
7.16 0.182378
7.165 0.182141
7.17 0.181904
7.175 0.181668
7.18 0.181432
7.185 0.181197
7.19 0.180962
7.195 0.180728
7.2 0.180494
7.205 0.18026
7.21 0.180027
7.215 0.179795
7.22 0.179563
7.225 0.179331
7.23 0.179099
7.235 0.178869
7.24 0.178638
7.245 0.178408
7.25 0.178178
7.255 0.177949
7.26 0.17772
7.265 0.177492
7.27 0.177264
7.275 0.177037
7.28 0.17681
7.285 0.176583
7.29 0.176357
7.295 0.176131
7.3 0.175905
7.305 0.17568
7.31 0.175456
7.315 0.175232
7.32 0.175008
7.325 0.174784
7.33 0.174561
7.335 0.174339
7.34 0.174117
7.345 0.173895
7.35 0.173674
7.355 0.173453
7.36 0.173232
7.365 0.173012
7.37 0.172792
7.375 0.172573
7.38 0.172354
7.385 0.172136
7.39 0.171918
7.395 0.1717
7.4 0.171483
7.405 0.171266
7.41 0.171049
7.415 0.170833
7.42 0.170617
7.425 0.170402
7.43 0.170187
7.435 0.169972
7.44 0.169758
7.445 0.169544
7.45 0.169331
7.455 0.169118
7.46 0.168905
7.465 0.168693
7.47 0.168481
7.475 0.16827
7.48 0.168059
7.485 0.167848
7.49 0.167638
7.495 0.167428
7.5 0.167218
7.505 0.167009
7.51 0.1668
7.515 0.166592
7.52 0.166384
7.525 0.166176
7.53 0.165969
7.535 0.165762
7.54 0.165555
7.545 0.165349
7.55 0.165143
7.555 0.164938
7.56 0.164732
7.565 0.164528
7.57 0.164323
7.575 0.164119
7.58 0.163916
7.585 0.163712
7.59 0.16351
7.595 0.163307
7.6 0.163105
7.605 0.162903
7.61 0.162702
7.615 0.1625
7.62 0.1623
7.625 0.162099
7.63 0.161899
7.635 0.1617
7.64 0.1615
7.645 0.161301
7.65 0.161103
7.655 0.160904
7.66 0.160707
7.665 0.160509
7.67 0.160312
7.675 0.160115
7.68 0.159918
7.685 0.159722
7.69 0.159527
7.695 0.159331
7.7 0.159136
7.705 0.158941
7.71 0.158747
7.715 0.158553
7.72 0.158359
7.725 0.158166
7.73 0.157973
7.735 0.15778
7.74 0.157587
7.745 0.157395
7.75 0.157204
7.755 0.157012
7.76 0.156821
7.765 0.156631
7.77 0.15644
7.775 0.15625
7.78 0.156061
7.785 0.155871
7.79 0.155682
7.795 0.155494
7.8 0.155305
7.805 0.155117
7.81 0.154929
7.815 0.154742
7.82 0.154555
7.825 0.154368
7.83 0.154182
7.835 0.153996
7.84 0.15381
7.845 0.153625
7.85 0.15344
7.855 0.153255
7.86 0.15307
7.865 0.152886
7.87 0.152703
7.875 0.152519
7.88 0.152336
7.885 0.152153
7.89 0.151971
7.895 0.151788
7.9 0.151606
7.905 0.151425
7.91 0.151244
7.915 0.151063
7.92 0.150882
7.925 0.150702
7.93 0.150522
7.935 0.150342
7.94 0.150163
7.945 0.149983
7.95 0.149805
7.955 0.149626
7.96 0.149448
7.965 0.14927
7.97 0.149093
7.975 0.148915
7.98 0.148739
7.985 0.148562
7.99 0.148386
7.995 0.14821
8 0.148034
8.005 0.147858
8.01 0.147683
8.015 0.147509
8.02 0.147334
8.025 0.14716
8.03 0.146986
8.035 0.146812
8.04 0.146639
8.045 0.146466
8.05 0.146293
8.055 0.146121
8.06 0.145949
8.065 0.145777
8.07 0.145605
8.075 0.145434
8.08 0.145263
8.085 0.145092
8.09 0.144922
8.095 0.144752
8.1 0.144582
8.105 0.144413
8.11 0.144243
8.115 0.144074
8.12 0.143906
8.125 0.143737
8.13 0.143569
8.135 0.143402
8.14 0.143234
8.145 0.143067
8.15 0.1429
8.155 0.142733
8.16 0.142567
8.165 0.142401
8.17 0.142235
8.175 0.142069
8.18 0.141904
8.185 0.141739
8.19 0.141575
8.195 0.14141
8.2 0.141246
8.205 0.141082
8.21 0.140919
8.215 0.140755
8.22 0.140592
8.225 0.140429
8.23 0.140267
8.235 0.140105
8.24 0.139943
8.245 0.139781
8.25 0.13962
8.255 0.139459
8.26 0.139298
8.265 0.139137
8.27 0.138977
8.275 0.138817
8.28 0.138657
8.285 0.138498
8.29 0.138338
8.295 0.138179
8.3 0.138021
8.305 0.137862
8.31 0.137704
8.315 0.137546
8.32 0.137388
8.325 0.137231
8.33 0.137074
8.335 0.136917
8.34 0.13676
8.345 0.136604
8.35 0.136448
8.355 0.136292
8.36 0.136136
8.365 0.135981
8.37 0.135826
8.375 0.135671
8.38 0.135517
8.385 0.135362
8.39 0.135208
8.395 0.135055
8.4 0.134901
8.405 0.134748
8.41 0.134595
8.415 0.134442
8.42 0.13429
8.425 0.134137
8.43 0.133985
8.435 0.133834
8.44 0.133682
8.445 0.133531
8.45 0.13338
8.455 0.133229
8.46 0.133079
8.465 0.132928
8.47 0.132778
8.475 0.132628
8.48 0.132479
8.485 0.13233
8.49 0.132181
8.495 0.132032
8.5 0.131883
8.505 0.131735
8.51 0.131587
8.515 0.131439
8.52 0.131292
8.525 0.131144
8.53 0.130997
8.535 0.13085
8.54 0.130704
8.545 0.130557
8.55 0.130411
8.555 0.130265
8.56 0.13012
8.565 0.129974
8.57 0.129829
8.575 0.129684
8.58 0.129539
8.585 0.129395
8.59 0.129251
8.595 0.129107
8.6 0.128963
8.605 0.128819
8.61 0.128676
8.615 0.128533
8.62 0.12839
8.625 0.128247
8.63 0.128105
8.635 0.127963
8.64 0.127821
8.645 0.127679
8.65 0.127538
8.655 0.127397
8.66 0.127256
8.665 0.127115
8.67 0.126974
8.675 0.126834
8.68 0.126694
8.685 0.126554
8.69 0.126414
8.695 0.126275
8.7 0.126136
8.705 0.125997
8.71 0.125858
8.715 0.125719
8.72 0.125581
8.725 0.125443
8.73 0.125305
8.735 0.125168
8.74 0.12503
8.745 0.124893
8.75 0.124756
8.755 0.124619
8.76 0.124483
8.765 0.124346
8.77 0.12421
8.775 0.124074
8.78 0.123939
8.785 0.123803
8.79 0.123668
8.795 0.123533
8.8 0.123398
8.805 0.123264
8.81 0.123129
8.815 0.122995
8.82 0.122861
8.825 0.122727
8.83 0.122594
8.835 0.12246
8.84 0.122327
8.845 0.122194
8.85 0.122062
8.855 0.121929
8.86 0.121797
8.865 0.121665
8.87 0.121533
8.875 0.121401
8.88 0.12127
8.885 0.121139
8.89 0.121008
8.895 0.120877
8.9 0.120746
8.905 0.120616
8.91 0.120486
8.915 0.120356
8.92 0.120226
8.925 0.120097
8.93 0.119967
8.935 0.119838
8.94 0.119709
8.945 0.11958
8.95 0.119452
8.955 0.119323
8.96 0.119195
8.965 0.119067
8.97 0.11894
8.975 0.118812
8.98 0.118685
8.985 0.118557
8.99 0.118431
8.995 0.118304
9 0.118177
9.005 0.118051
9.01 0.117925
9.015 0.117799
9.02 0.117673
9.025 0.117547
9.03 0.117422
9.035 0.117297
9.04 0.117172
9.045 0.117047
9.05 0.116922
9.055 0.116798
9.06 0.116674
9.065 0.11655
9.07 0.116426
9.075 0.116302
9.08 0.116179
9.085 0.116056
9.09 0.115933
9.095 0.11581
9.1 0.115687
9.105 0.115565
9.11 0.115442
9.115 0.11532
9.12 0.115198
9.125 0.115077
9.13 0.114955
9.135 0.114834
9.14 0.114713
9.145 0.114592
9.15 0.114471
9.155 0.11435
9.16 0.11423
9.165 0.11411
9.17 0.11399
9.175 0.11387
9.18 0.11375
9.185 0.11363
9.19 0.113511
9.195 0.113392
9.2 0.113273
9.205 0.113154
9.21 0.113036
9.215 0.112917
9.22 0.112799
9.225 0.112681
9.23 0.112563
9.235 0.112446
9.24 0.112328
9.245 0.112211
9.25 0.112094
9.255 0.111977
9.26 0.11186
9.265 0.111743
9.27 0.111627
9.275 0.111511
9.28 0.111395
9.285 0.111279
9.29 0.111163
9.295 0.111047
9.3 0.110932
9.305 0.110817
9.31 0.110702
9.315 0.110587
9.32 0.110472
9.325 0.110358
9.33 0.110244
9.335 0.110129
9.34 0.110016
9.345 0.109902
9.35 0.109788
9.355 0.109675
9.36 0.109561
9.365 0.109448
9.37 0.109335
9.375 0.109223
9.38 0.10911
9.385 0.108998
9.39 0.108885
9.395 0.108773
9.4 0.108661
9.405 0.10855
9.41 0.108438
9.415 0.108327
9.42 0.108215
9.425 0.108104
9.43 0.107993
9.435 0.107883
9.44 0.107772
9.445 0.107662
9.45 0.107551
9.455 0.107441
9.46 0.107331
9.465 0.107222
9.47 0.107112
9.475 0.107003
9.48 0.106893
9.485 0.106784
9.49 0.106675
9.495 0.106567
9.5 0.106458
9.505 0.10635
9.51 0.106241
9.515 0.106133
9.52 0.106025
9.525 0.105917
9.53 0.10581
9.535 0.105702
9.54 0.105595
9.545 0.105488
9.55 0.105381
9.555 0.105274
9.56 0.105167
9.565 0.105061
9.57 0.104955
9.575 0.104848
9.58 0.104742
9.585 0.104636
9.59 0.104531
9.595 0.104425
9.6 0.10432
9.605 0.104214
9.61 0.104109
9.615 0.104004
9.62 0.1039
9.625 0.103795
9.63 0.10369
9.635 0.103586
9.64 0.103482
9.645 0.103378
9.65 0.103274
9.655 0.10317
9.66 0.103067
9.665 0.102963
9.67 0.10286
9.675 0.102757
9.68 0.102654
9.685 0.102551
9.69 0.102449
9.695 0.102346
9.7 0.102244
9.705 0.102142
9.71 0.10204
9.715 0.101938
9.72 0.101836
9.725 0.101734
9.73 0.101633
9.735 0.101532
9.74 0.10143
9.745 0.101329
9.75 0.101228
9.755 0.101128
9.76 0.101027
9.765 0.100927
9.77 0.100827
9.775 0.100726
9.78 0.100626
9.785 0.100527
9.79 0.100427
9.795 0.100327
9.8 0.100228
9.805 0.100129
9.81 0.10003
9.815 0.0999306
9.82 0.0998318
9.825 0.0997331
9.83 0.0996346
9.835 0.0995362
9.84 0.0994379
9.845 0.0993398
9.85 0.0992419
9.855 0.099144
9.86 0.0990464
9.865 0.0989488
9.87 0.0988514
9.875 0.0987542
9.88 0.098657
9.885 0.0985601
9.89 0.0984632
9.895 0.0983665
9.9 0.09827
9.905 0.0981736
9.91 0.0980773
9.915 0.0979811
9.92 0.0978851
9.925 0.0977893
9.93 0.0976935
9.935 0.097598
9.94 0.0975025
9.945 0.0974072
9.95 0.097312
9.955 0.097217
9.96 0.0971221
9.965 0.0970273
9.97 0.0969327
9.975 0.0968382
9.98 0.0967438
9.985 0.0966496
9.99 0.0965555
9.995 0.0964615
