0 -nan
0.005 0.958569
0.01 0.36124
0.015 0.045419
0.02 0.0861767
0.025 0.736605
0.03 0.0590236
0.035 0.0369732
0.04 0.599761
0.045 0.0199696
0.05 0.318585
0.055 0.198466
0.06 0.084695
0.065 0.656111
0.07 0.116598
0.075 0.614988
0.08 0.709158
0.085 0.533982
0.09 0.132977
0.095 0.103059
0.1 0.657097
0.105 0.125067
0.11 0.411432
0.115 0.186085
0.12 0.449237
0.125 0.0250377
0.13 0.512172
0.135 0.165357
0.14 0.0950062
0.145 0.472557
0.15 0.265051
0.155 0.00977257
0.16 0.240754
0.165 0.455339
0.17 0.286316
0.175 0.040844
0.18 0.0680156
0.185 0.296656
0.19 0.438839
0.195 0.35738
0.2 0.15653
0.205 0.0233915
0.21 0.0543865
0.215 0.208112
0.22 0.369477
0.225 0.440333
0.23 0.391448
0.235 0.260841
0.24 0.118831
0.245 0.0285824
0.25 0.0214105
0.255 0.0920237
0.26 0.208758
0.265 0.330064
0.27 0.41962
0.275 0.455737
0.28 0.434115
0.285 0.365275
0.29 0.269005
0.295 0.168077
0.3 0.0829124
0.305 0.0280552
0.31 0.0106501
0.315 0.0306303
0.32 0.082095
0.325 0.155305
0.33 0.238798
0.335 0.321265
0.34 0.392987
0.345 0.446731
0.35 0.478156
0.355 0.485786
0.36 0.470675
0.365 0.435875
0.37 0.385821
0.375 0.325704
0.38 0.260917
0.385 0.196582
0.39 0.137203
0.395 0.0864369
0.4 0.0469654
0.405 0.020471
0.41 0.00767961
0.415 0.0084608
0.42 0.0219623
0.425 0.0467634
0.43 0.0810324
0.435 0.122679
0.44 0.169494
0.445 0.219266
0.45 0.269883
0.455 0.319408
0.46 0.366138
0.465 0.408635
0.47 0.445749
0.475 0.476619
0.48 0.500669
0.485 0.517585
0.49 0.527299
0.495 0.529953
0.5 0.525871
0.505 0.515528
0.51 0.499513
0.515 0.478508
0.52 0.453248
0.525 0.424505
0.53 0.39306
0.535 0.359684
0.54 0.325122
0.545 0.290083
0.55 0.255222
0.555 0.221138
0.56 0.188368
0.565 0.157381
0.57 0.128579
0.575 0.102297
0.58 0.0788034
0.585 0.0583032
0.59 0.0409415
0.595 0.0268077
0.6 0.0159398
0.605 0.00832922
0.61 0.00392611
0.615 0.00264399
0.62 0.00436488
0.625 0.00894409
0.63 0.0162148
0.635 0.0259924
0.64 0.0380785
0.645 0.0522649
0.65 0.0683367
0.655 0.0860755
0.66 0.105262
0.665 0.12568
0.67 0.147114
0.675 0.169358
0.68 0.19221
0.685 0.215478
0.69 0.23898
0.695 0.262544
0.7 0.286007
0.705 0.30922
0.71 0.332044
0.715 0.354352
0.72 0.376031
0.725 0.396975
0.73 0.417094
0.735 0.436306
0.74 0.454542
0.745 0.471741
0.75 0.487854
0.755 0.502839
0.76 0.516667
0.765 0.529312
0.77 0.54076
0.775 0.551002
0.78 0.560037
0.785 0.56787
0.79 0.57451
0.795 0.579973
0.8 0.584279
0.805 0.587451
0.81 0.589519
0.815 0.590513
0.82 0.590466
0.825 0.589416
0.83 0.587401
0.835 0.58446
0.84 0.580636
0.845 0.575971
0.85 0.570508
0.855 0.564292
0.86 0.557367
0.865 0.549778
0.87 0.541568
0.875 0.532782
0.88 0.523464
0.885 0.513656
0.89 0.503402
0.895 0.492742
0.9 0.481717
0.905 0.470368
0.91 0.458731
0.915 0.446846
0.92 0.434748
0.925 0.422472
0.93 0.410051
0.935 0.397519
0.94 0.384905
0.945 0.372241
0.95 0.359554
0.955 0.346871
0.96 0.334218
0.965 0.321619
0.97 0.309098
0.975 0.296676
0.98 0.284374
0.985 0.272211
0.99 0.260205
0.995 0.248373
1 0.23673
1.005 0.225292
1.01 0.214071
1.015 0.203081
1.02 0.192332
1.025 0.181835
1.03 0.171599
1.035 0.161634
1.04 0.151945
1.045 0.142542
1.05 0.133428
1.055 0.12461
1.06 0.116092
1.065 0.107878
1.07 0.0999707
1.075 0.0923728
1.08 0.0850861
1.085 0.0781119
1.09 0.0714508
1.095 0.0651031
1.1 0.0590686
1.105 0.0533465
1.11 0.0479357
1.115 0.0428346
1.12 0.0380412
1.125 0.0335533
1.13 0.0293684
1.135 0.0254833
1.14 0.0218951
1.145 0.0186001
1.15 0.0155948
1.155 0.0128751
1.16 0.010437
1.165 0.00827608
1.17 0.00638797
1.175 0.00476801
1.18 0.00341143
1.185 0.00231334
1.19 0.00146875
1.195 0.000872579
1.2 0.000519656
1.205 0.000404747
1.21 0.000522557
1.215 0.000867746
1.22 0.00143494
1.225 0.00221872
1.23 0.00321368
1.235 0.00441437
1.24 0.00581537
1.245 0.00741124
1.25 0.00919656
1.255 0.0111659
1.26 0.013314
1.265 0.0156354
1.27 0.0181248
1.275 0.020777
1.28 0.0235867
1.285 0.0265488
1.29 0.0296581
1.295 0.0329096
1.3 0.0362983
1.305 0.0398192
1.31 0.0434675
1.315 0.0472384
1.32 0.051127
1.325 0.0551288
1.33 0.0592392
1.335 0.0634537
1.34 0.0677677
1.345 0.072177
1.35 0.0766773
1.355 0.0812643
1.36 0.085934
1.365 0.0906823
1.37 0.0955052
1.375 0.100399
1.38 0.105359
1.385 0.110383
1.39 0.115467
1.395 0.120606
1.4 0.125799
1.405 0.13104
1.41 0.136327
1.415 0.141657
1.42 0.147026
1.425 0.152432
1.43 0.157871
1.435 0.163341
1.44 0.168838
1.445 0.17436
1.45 0.179904
1.455 0.185468
1.46 0.191049
1.465 0.196644
1.47 0.202252
1.475 0.207869
1.48 0.213494
1.485 0.219124
1.49 0.224757
1.495 0.230391
1.5 0.236025
1.505 0.241655
1.51 0.247281
1.515 0.2529
1.52 0.258511
1.525 0.264111
1.53 0.2697
1.535 0.275276
1.54 0.280837
1.545 0.286381
1.55 0.291908
1.555 0.297415
1.56 0.302902
1.565 0.308368
1.57 0.31381
1.575 0.319228
1.58 0.32462
1.585 0.329987
1.59 0.335325
1.595 0.340636
1.6 0.345916
1.605 0.351167
1.61 0.356386
1.615 0.361573
1.62 0.366727
1.625 0.371847
1.63 0.376933
1.635 0.381983
1.64 0.386998
1.645 0.391976
1.65 0.396918
1.655 0.401821
1.66 0.406687
1.665 0.411513
1.67 0.416301
1.675 0.421049
1.68 0.425756
1.685 0.430424
1.69 0.43505
1.695 0.439635
1.7 0.444179
1.705 0.448681
1.71 0.45314
1.715 0.457558
1.72 0.461932
1.725 0.466264
1.73 0.470553
1.735 0.474799
1.74 0.479001
1.745 0.48316
1.75 0.487276
1.755 0.491347
1.76 0.495375
1.765 0.499359
1.77 0.503299
1.775 0.507195
1.78 0.511047
1.785 0.514856
1.79 0.51862
1.795 0.52234
1.8 0.526016
1.805 0.529649
1.81 0.533238
1.815 0.536782
1.82 0.540284
1.825 0.543741
1.83 0.547155
1.835 0.550526
1.84 0.553854
1.845 0.557138
1.85 0.560379
1.855 0.563578
1.86 0.566733
1.865 0.569847
1.87 0.572918
1.875 0.575946
1.88 0.578933
1.885 0.581878
1.89 0.584781
1.895 0.587642
1.9 0.590463
1.905 0.593242
1.91 0.595981
1.915 0.598679
1.92 0.601337
1.925 0.603954
1.93 0.606532
1.935 0.60907
1.94 0.611569
1.945 0.614028
1.95 0.616448
1.955 0.61883
1.96 0.621174
1.965 0.623479
1.97 0.625747
1.975 0.627976
1.98 0.630169
1.985 0.632324
1.99 0.634443
1.995 0.636525
2 0.63857
2.005 0.64058
2.01 0.642554
2.015 0.644493
2.02 0.646396
2.025 0.648265
2.03 0.650099
2.035 0.651898
2.04 0.653664
2.045 0.655396
2.05 0.657094
2.055 0.658759
2.06 0.660391
2.065 0.661991
2.07 0.663559
2.075 0.665094
2.08 0.666597
2.085 0.66807
2.09 0.66951
2.095 0.67092
2.1 0.6723
2.105 0.673649
2.11 0.674968
2.115 0.676257
2.12 0.677517
2.125 0.678747
2.13 0.679949
2.135 0.681122
2.14 0.682267
2.145 0.683383
2.15 0.684472
2.155 0.685533
2.16 0.686567
2.165 0.687574
2.17 0.688554
2.175 0.689508
2.18 0.690435
2.185 0.691337
2.19 0.692213
2.195 0.693063
2.2 0.693889
2.205 0.69469
2.21 0.695466
2.215 0.696217
2.22 0.696945
2.225 0.697649
2.23 0.698329
2.235 0.698986
2.24 0.69962
2.245 0.700231
2.25 0.70082
2.255 0.701386
2.26 0.70193
2.265 0.702453
2.27 0.702954
2.275 0.703433
2.28 0.703892
2.285 0.704329
2.29 0.704746
2.295 0.705143
2.3 0.705519
2.305 0.705876
2.31 0.706213
2.315 0.70653
2.32 0.706828
2.325 0.707107
2.33 0.707368
2.335 0.70761
2.34 0.707833
2.345 0.708038
2.35 0.708226
2.355 0.708395
2.36 0.708548
2.365 0.708683
2.37 0.7088
2.375 0.708901
2.38 0.708986
2.385 0.709054
2.39 0.709105
2.395 0.709141
2.4 0.709161
2.405 0.709165
2.41 0.709153
2.415 0.709127
2.42 0.709085
2.425 0.709028
2.43 0.708957
2.435 0.708871
2.44 0.70877
2.445 0.708656
2.45 0.708528
2.455 0.708386
2.46 0.70823
2.465 0.70806
2.47 0.707878
2.475 0.707682
2.48 0.707474
2.485 0.707252
2.49 0.707019
2.495 0.706772
2.5 0.706514
2.505 0.706243
2.51 0.70596
2.515 0.705666
2.52 0.70536
2.525 0.705042
2.53 0.704714
2.535 0.704374
2.54 0.704023
2.545 0.703661
2.55 0.703288
2.555 0.702905
2.56 0.702512
2.565 0.702108
2.57 0.701694
2.575 0.70127
2.58 0.700836
2.585 0.700393
2.59 0.69994
2.595 0.699477
2.6 0.699006
2.605 0.698525
2.61 0.698035
2.615 0.697536
2.62 0.697028
2.625 0.696512
2.63 0.695987
2.635 0.695454
2.64 0.694912
2.645 0.694363
2.65 0.693805
2.655 0.69324
2.66 0.692666
2.665 0.692085
2.67 0.691496
2.675 0.6909
2.68 0.690297
2.685 0.689686
2.69 0.689068
2.695 0.688443
2.7 0.687812
2.705 0.687173
2.71 0.686528
2.715 0.685876
2.72 0.685218
2.725 0.684553
2.73 0.683883
2.735 0.683205
2.74 0.682522
2.745 0.681833
2.75 0.681138
2.755 0.680437
2.76 0.679731
2.765 0.679019
2.77 0.678301
2.775 0.677578
2.78 0.67685
2.785 0.676116
2.79 0.675378
2.795 0.674634
2.8 0.673885
2.805 0.673131
2.81 0.672373
2.815 0.67161
2.82 0.670842
2.825 0.67007
2.83 0.669293
2.835 0.668512
2.84 0.667726
2.845 0.666936
2.85 0.666143
2.855 0.665345
2.86 0.664543
2.865 0.663737
2.87 0.662927
2.875 0.662113
2.88 0.661296
2.885 0.660475
2.89 0.65965
2.895 0.658822
2.9 0.657991
2.905 0.657156
2.91 0.656318
2.915 0.655477
2.92 0.654632
2.925 0.653784
2.93 0.652934
2.935 0.65208
2.94 0.651223
2.945 0.650364
2.95 0.649502
2.955 0.648637
2.96 0.647769
2.965 0.646899
2.97 0.646026
2.975 0.64515
2.98 0.644273
2.985 0.643393
2.99 0.64251
2.995 0.641625
3 0.640738
3.005 0.639849
3.01 0.638958
3.015 0.638064
3.02 0.637169
3.025 0.636271
3.03 0.635372
3.035 0.634471
3.04 0.633568
3.045 0.632663
3.05 0.631757
3.055 0.630849
3.06 0.629939
3.065 0.629027
3.07 0.628114
3.075 0.6272
3.08 0.626284
3.085 0.625367
3.09 0.624448
3.095 0.623528
3.1 0.622607
3.105 0.621685
3.11 0.620761
3.115 0.619836
3.12 0.61891
3.125 0.617983
3.13 0.617055
3.135 0.616126
3.14 0.615196
3.145 0.614265
3.15 0.613333
3.155 0.612401
3.16 0.611467
3.165 0.610533
3.17 0.609598
3.175 0.608662
3.18 0.607726
3.185 0.606789
3.19 0.605851
3.195 0.604913
3.2 0.603974
3.205 0.603035
3.21 0.602095
3.215 0.601155
3.22 0.600214
3.225 0.599273
3.23 0.598332
3.235 0.59739
3.24 0.596448
3.245 0.595506
3.25 0.594563
3.255 0.59362
3.26 0.592677
3.265 0.591734
3.27 0.590791
3.275 0.589848
3.28 0.588904
3.285 0.587961
3.29 0.587018
3.295 0.586074
3.3 0.585131
3.305 0.584187
3.31 0.583244
3.315 0.582301
3.32 0.581358
3.325 0.580415
3.33 0.579472
3.335 0.578529
3.34 0.577587
3.345 0.576645
3.35 0.575703
3.355 0.574761
3.36 0.57382
3.365 0.572879
3.37 0.571938
3.375 0.570998
3.38 0.570058
3.385 0.569118
3.39 0.568179
3.395 0.56724
3.4 0.566302
3.405 0.565364
3.41 0.564427
3.415 0.56349
3.42 0.562554
3.425 0.561618
3.43 0.560683
3.435 0.559749
3.44 0.558815
3.445 0.557881
3.45 0.556949
3.455 0.556016
3.46 0.555085
3.465 0.554154
3.47 0.553224
3.475 0.552295
3.48 0.551366
3.485 0.550438
3.49 0.549511
3.495 0.548585
3.5 0.547659
3.505 0.546734
3.51 0.54581
3.515 0.544887
3.52 0.543965
3.525 0.543043
3.53 0.542123
3.535 0.541203
3.54 0.540284
3.545 0.539366
3.55 0.538449
3.555 0.537533
3.56 0.536617
3.565 0.535703
3.57 0.53479
3.575 0.533877
3.58 0.532966
3.585 0.532055
3.59 0.531146
3.595 0.530238
3.6 0.52933
3.605 0.528424
3.61 0.527518
3.615 0.526614
3.62 0.525711
3.625 0.524809
3.63 0.523907
3.635 0.523007
3.64 0.522108
3.645 0.521211
3.65 0.520314
3.655 0.519418
3.66 0.518524
3.665 0.51763
3.67 0.516738
3.675 0.515847
3.68 0.514957
3.685 0.514068
3.69 0.513181
3.695 0.512294
3.7 0.511409
3.705 0.510525
3.71 0.509642
3.715 0.508761
3.72 0.50788
3.725 0.507001
3.73 0.506123
3.735 0.505246
3.74 0.504371
3.745 0.503497
3.75 0.502624
3.755 0.501752
3.76 0.500881
3.765 0.500012
3.77 0.499144
3.775 0.498278
3.78 0.497412
3.785 0.496548
3.79 0.495686
3.795 0.494824
3.8 0.493964
3.805 0.493105
3.81 0.492247
3.815 0.491391
3.82 0.490536
3.825 0.489683
3.83 0.48883
3.835 0.48798
3.84 0.48713
3.845 0.486282
3.85 0.485435
3.855 0.484589
3.86 0.483745
3.865 0.482902
3.87 0.482061
3.875 0.481221
3.88 0.480382
3.885 0.479545
3.89 0.478709
3.895 0.477874
3.9 0.477041
3.905 0.476209
3.91 0.475379
3.915 0.474549
3.92 0.473722
3.925 0.472896
3.93 0.472071
3.935 0.471247
3.94 0.470425
3.945 0.469604
3.95 0.468785
3.955 0.467967
3.96 0.467151
3.965 0.466336
3.97 0.465522
3.975 0.46471
3.98 0.463899
3.985 0.46309
3.99 0.462282
3.995 0.461475
4 0.46067
4.005 0.459867
4.01 0.459064
4.015 0.458263
4.02 0.457464
4.025 0.456666
4.03 0.45587
4.035 0.455074
4.04 0.454281
4.045 0.453489
4.05 0.452698
4.055 0.451908
4.06 0.451121
4.065 0.450334
4.07 0.449549
4.075 0.448765
4.08 0.447983
4.085 0.447203
4.09 0.446423
4.095 0.445646
4.1 0.444869
4.105 0.444094
4.11 0.443321
4.115 0.442549
4.12 0.441778
4.125 0.441009
4.13 0.440241
4.135 0.439475
4.14 0.43871
4.145 0.437947
4.15 0.437185
4.155 0.436424
4.16 0.435665
4.165 0.434908
4.17 0.434152
4.175 0.433397
4.18 0.432644
4.185 0.431892
4.19 0.431142
4.195 0.430393
4.2 0.429645
4.205 0.428899
4.21 0.428155
4.215 0.427411
4.22 0.42667
4.225 0.425929
4.23 0.425191
4.235 0.424453
4.24 0.423717
4.245 0.422983
4.25 0.42225
4.255 0.421518
4.26 0.420788
4.265 0.420059
4.27 0.419332
4.275 0.418606
4.28 0.417881
4.285 0.417158
4.29 0.416437
4.295 0.415717
4.3 0.414998
4.305 0.414281
4.31 0.413565
4.315 0.41285
4.32 0.412137
4.325 0.411426
4.33 0.410715
4.335 0.410007
4.34 0.409299
4.345 0.408593
4.35 0.407889
4.355 0.407186
4.36 0.406484
4.365 0.405784
4.37 0.405085
4.375 0.404388
4.38 0.403691
4.385 0.402997
4.39 0.402304
4.395 0.401612
4.4 0.400921
4.405 0.400232
4.41 0.399545
4.415 0.398859
4.42 0.398174
4.425 0.39749
4.43 0.396808
4.435 0.396128
4.44 0.395448
4.445 0.394771
4.45 0.394094
4.455 0.393419
4.46 0.392745
4.465 0.392073
4.47 0.391402
4.475 0.390732
4.48 0.390064
4.485 0.389397
4.49 0.388732
4.495 0.388068
4.5 0.387405
4.505 0.386744
4.51 0.386084
4.515 0.385425
4.52 0.384768
4.525 0.384112
4.53 0.383458
4.535 0.382805
4.54 0.382153
4.545 0.381502
4.55 0.380853
4.555 0.380205
4.56 0.379559
4.565 0.378914
4.57 0.37827
4.575 0.377628
4.58 0.376987
4.585 0.376347
4.59 0.375709
4.595 0.375072
4.6 0.374436
4.605 0.373802
4.61 0.373168
4.615 0.372537
4.62 0.371906
4.625 0.371277
4.63 0.370649
4.635 0.370023
4.64 0.369398
4.645 0.368774
4.65 0.368151
4.655 0.36753
4.66 0.36691
4.665 0.366292
4.67 0.365674
4.675 0.365058
4.68 0.364444
4.685 0.36383
4.69 0.363218
4.695 0.362607
4.7 0.361998
4.705 0.361389
4.71 0.360782
4.715 0.360177
4.72 0.359572
4.725 0.358969
4.73 0.358367
4.735 0.357767
4.74 0.357167
4.745 0.356569
4.75 0.355972
4.755 0.355377
4.76 0.354782
4.765 0.354189
4.77 0.353598
4.775 0.353007
4.78 0.352418
4.785 0.35183
4.79 0.351243
4.795 0.350657
4.8 0.350073
4.805 0.34949
4.81 0.348908
4.815 0.348328
4.82 0.347748
4.825 0.34717
4.83 0.346593
4.835 0.346017
4.84 0.345443
4.845 0.34487
4.85 0.344298
4.855 0.343727
4.86 0.343157
4.865 0.342589
4.87 0.342022
4.875 0.341456
4.88 0.340891
4.885 0.340327
4.89 0.339765
4.895 0.339204
4.9 0.338644
4.905 0.338085
4.91 0.337527
4.915 0.336971
4.92 0.336416
4.925 0.335862
4.93 0.335309
4.935 0.334757
4.94 0.334207
4.945 0.333657
4.95 0.333109
4.955 0.332562
4.96 0.332016
4.965 0.331471
4.97 0.330928
4.975 0.330385
4.98 0.329844
4.985 0.329304
4.99 0.328765
4.995 0.328227
5 0.327691
5.005 0.327155
5.01 0.326621
5.015 0.326088
5.02 0.325556
5.025 0.325025
5.03 0.324495
5.035 0.323966
5.04 0.323439
5.045 0.322912
5.05 0.322387
5.055 0.321863
5.06 0.32134
5.065 0.320818
5.07 0.320297
5.075 0.319777
5.08 0.319259
5.085 0.318741
5.09 0.318225
5.095 0.317709
5.1 0.317195
5.105 0.316682
5.11 0.31617
5.115 0.315659
5.12 0.315149
5.125 0.31464
5.13 0.314133
5.135 0.313626
5.14 0.313121
5.145 0.312616
5.15 0.312113
5.155 0.31161
5.16 0.311109
5.165 0.310609
5.17 0.31011
5.175 0.309612
5.18 0.309115
5.185 0.308619
5.19 0.308124
5.195 0.30763
5.2 0.307137
5.205 0.306646
5.21 0.306155
5.215 0.305665
5.22 0.305177
5.225 0.304689
5.23 0.304203
5.235 0.303717
5.24 0.303233
5.245 0.302749
5.25 0.302267
5.255 0.301786
5.26 0.301305
5.265 0.300826
5.27 0.300348
5.275 0.29987
5.28 0.299394
5.285 0.298919
5.29 0.298445
5.295 0.297971
5.3 0.297499
5.305 0.297028
5.31 0.296558
5.315 0.296088
5.32 0.29562
5.325 0.295153
5.33 0.294686
5.335 0.294221
5.34 0.293757
5.345 0.293294
5.35 0.292831
5.355 0.29237
5.36 0.291909
5.365 0.29145
5.37 0.290992
5.375 0.290534
5.38 0.290078
5.385 0.289622
5.39 0.289168
5.395 0.288714
5.4 0.288261
5.405 0.28781
5.41 0.287359
5.415 0.286909
5.42 0.28646
5.425 0.286012
5.43 0.285565
5.435 0.285119
5.44 0.284674
5.445 0.28423
5.45 0.283787
5.455 0.283345
5.46 0.282903
5.465 0.282463
5.47 0.282023
5.475 0.281585
5.48 0.281147
5.485 0.280711
5.49 0.280275
5.495 0.27984
5.5 0.279406
5.505 0.278973
5.51 0.278541
5.515 0.27811
5.52 0.277679
5.525 0.27725
5.53 0.276821
5.535 0.276394
5.54 0.275967
5.545 0.275541
5.55 0.275116
5.555 0.274692
5.56 0.274269
5.565 0.273847
5.57 0.273426
5.575 0.273005
5.58 0.272586
5.585 0.272167
5.59 0.271749
5.595 0.271332
5.6 0.270916
5.605 0.270501
5.61 0.270086
5.615 0.269673
5.62 0.26926
5.625 0.268849
5.63 0.268438
5.635 0.268028
5.64 0.267618
5.645 0.26721
5.65 0.266803
5.655 0.266396
5.66 0.26599
5.665 0.265585
5.67 0.265181
5.675 0.264778
5.68 0.264375
5.685 0.263974
5.69 0.263573
5.695 0.263173
5.7 0.262774
5.705 0.262376
5.71 0.261979
5.715 0.261582
5.72 0.261186
5.725 0.260791
5.73 0.260397
5.735 0.260004
5.74 0.259611
5.745 0.25922
5.75 0.258829
5.755 0.258439
5.76 0.258049
5.765 0.257661
5.77 0.257273
5.775 0.256887
5.78 0.256501
5.785 0.256115
5.79 0.255731
5.795 0.255347
5.8 0.254964
5.805 0.254582
5.81 0.254201
5.815 0.253821
5.82 0.253441
5.825 0.253062
5.83 0.252684
5.835 0.252307
5.84 0.25193
5.845 0.251554
5.85 0.251179
5.855 0.250805
5.86 0.250431
5.865 0.250059
5.87 0.249687
5.875 0.249316
5.88 0.248945
5.885 0.248576
5.89 0.248207
5.895 0.247839
5.9 0.247471
5.905 0.247105
5.91 0.246739
5.915 0.246374
5.92 0.246009
5.925 0.245646
5.93 0.245283
5.935 0.24492
5.94 0.244559
5.945 0.244198
5.95 0.243838
5.955 0.243479
5.96 0.243121
5.965 0.242763
5.97 0.242406
5.975 0.24205
5.98 0.241694
5.985 0.24134
5.99 0.240985
5.995 0.240632
6 0.240279
6.005 0.239928
6.01 0.239576
6.015 0.239226
6.02 0.238876
6.025 0.238527
6.03 0.238179
6.035 0.237831
6.04 0.237484
6.045 0.237138
6.05 0.236792
6.055 0.236447
6.06 0.236103
6.065 0.23576
6.07 0.235417
6.075 0.235075
6.08 0.234734
6.085 0.234393
6.09 0.234053
6.095 0.233714
6.1 0.233375
6.105 0.233037
6.11 0.2327
6.115 0.232363
6.12 0.232027
6.125 0.231692
6.13 0.231358
6.135 0.231024
6.14 0.230691
6.145 0.230358
6.15 0.230026
6.155 0.229695
6.16 0.229365
6.165 0.229035
6.17 0.228706
6.175 0.228377
6.18 0.228049
6.185 0.227722
6.19 0.227396
6.195 0.22707
6.2 0.226745
6.205 0.22642
6.21 0.226096
6.215 0.225773
6.22 0.22545
6.225 0.225128
6.23 0.224807
6.235 0.224486
6.24 0.224166
6.245 0.223847
6.25 0.223528
6.255 0.22321
6.26 0.222892
6.265 0.222575
6.27 0.222259
6.275 0.221944
6.28 0.221629
6.285 0.221314
6.29 0.221
6.295 0.220687
6.3 0.220375
6.305 0.220063
6.31 0.219752
6.315 0.219441
6.32 0.219131
6.325 0.218822
6.33 0.218513
6.335 0.218205
6.34 0.217897
6.345 0.21759
6.35 0.217284
6.355 0.216978
6.36 0.216673
6.365 0.216369
6.37 0.216065
6.375 0.215761
6.38 0.215459
6.385 0.215157
6.39 0.214855
6.395 0.214554
6.4 0.214254
6.405 0.213954
6.41 0.213655
6.415 0.213356
6.42 0.213058
6.425 0.212761
6.43 0.212464
6.435 0.212168
6.44 0.211872
6.445 0.211577
6.45 0.211283
6.455 0.210989
6.46 0.210696
6.465 0.210403
6.47 0.210111
6.475 0.209819
6.48 0.209528
6.485 0.209238
6.49 0.208948
6.495 0.208658
6.5 0.20837
6.505 0.208081
6.51 0.207794
6.515 0.207507
6.52 0.20722
6.525 0.206934
6.53 0.206649
6.535 0.206364
6.54 0.20608
6.545 0.205796
6.55 0.205513
6.555 0.20523
6.56 0.204948
6.565 0.204667
6.57 0.204386
6.575 0.204105
6.58 0.203825
6.585 0.203546
6.59 0.203267
6.595 0.202989
6.6 0.202711
6.605 0.202434
6.61 0.202157
6.615 0.201881
6.62 0.201606
6.625 0.201331
6.63 0.201056
6.635 0.200782
6.64 0.200509
6.645 0.200236
6.65 0.199963
6.655 0.199692
6.66 0.19942
6.665 0.199149
6.67 0.198879
6.675 0.198609
6.68 0.19834
6.685 0.198071
6.69 0.197803
6.695 0.197535
6.7 0.197268
6.705 0.197001
6.71 0.196735
6.715 0.19647
6.72 0.196204
6.725 0.19594
6.73 0.195676
6.735 0.195412
6.74 0.195149
6.745 0.194886
6.75 0.194624
6.755 0.194363
6.76 0.194101
6.765 0.193841
6.77 0.193581
6.775 0.193321
6.78 0.193062
6.785 0.192803
6.79 0.192545
6.795 0.192287
6.8 0.19203
6.805 0.191774
6.81 0.191517
6.815 0.191262
6.82 0.191007
6.825 0.190752
6.83 0.190498
6.835 0.190244
6.84 0.18999
6.845 0.189738
6.85 0.189485
6.855 0.189234
6.86 0.188982
6.865 0.188731
6.87 0.188481
6.875 0.188231
6.88 0.187981
6.885 0.187732
6.89 0.187484
6.895 0.187236
6.9 0.186988
6.905 0.186741
6.91 0.186494
6.915 0.186248
6.92 0.186002
6.925 0.185757
6.93 0.185512
6.935 0.185268
6.94 0.185024
6.945 0.184781
6.95 0.184538
6.955 0.184295
6.96 0.184053
6.965 0.183811
6.97 0.18357
6.975 0.18333
6.98 0.183089
6.985 0.18285
6.99 0.18261
6.995 0.182371
7 0.182133
7.005 0.181895
7.01 0.181657
7.015 0.18142
7.02 0.181183
7.025 0.180947
7.03 0.180711
7.035 0.180476
7.04 0.180241
7.045 0.180007
7.05 0.179772
7.055 0.179539
7.06 0.179306
7.065 0.179073
7.07 0.178841
7.075 0.178609
7.08 0.178377
7.085 0.178146
7.09 0.177916
7.095 0.177685
7.1 0.177456
7.105 0.177226
7.11 0.176997
7.115 0.176769
7.12 0.176541
7.125 0.176313
7.13 0.176086
7.135 0.175859
7.14 0.175633
7.145 0.175407
7.15 0.175181
7.155 0.174956
7.16 0.174731
7.165 0.174507
7.17 0.174283
7.175 0.17406
7.18 0.173837
7.185 0.173614
7.19 0.173392
7.195 0.17317
7.2 0.172948
7.205 0.172727
7.21 0.172507
7.215 0.172287
7.22 0.172067
7.225 0.171847
7.23 0.171628
7.235 0.17141
7.24 0.171192
7.245 0.170974
7.25 0.170756
7.255 0.170539
7.26 0.170323
7.265 0.170106
7.27 0.169891
7.275 0.169675
7.28 0.16946
7.285 0.169245
7.29 0.169031
7.295 0.168817
7.3 0.168604
7.305 0.168391
7.31 0.168178
7.315 0.167966
7.32 0.167754
7.325 0.167542
7.33 0.167331
7.335 0.16712
7.34 0.16691
7.345 0.1667
7.35 0.16649
7.355 0.166281
7.36 0.166072
7.365 0.165863
7.37 0.165655
7.375 0.165447
7.38 0.16524
7.385 0.165033
7.39 0.164826
7.395 0.16462
7.4 0.164414
7.405 0.164209
7.41 0.164003
7.415 0.163799
7.42 0.163594
7.425 0.16339
7.43 0.163186
7.435 0.162983
7.44 0.16278
7.445 0.162577
7.45 0.162375
7.455 0.162173
7.46 0.161972
7.465 0.161771
7.47 0.16157
7.475 0.161369
7.48 0.161169
7.485 0.16097
7.49 0.16077
7.495 0.160571
7.5 0.160373
7.505 0.160174
7.51 0.159976
7.515 0.159779
7.52 0.159581
7.525 0.159385
7.53 0.159188
7.535 0.158992
7.54 0.158796
7.545 0.158601
7.55 0.158405
7.555 0.158211
7.56 0.158016
7.565 0.157822
7.57 0.157628
7.575 0.157435
7.58 0.157242
7.585 0.157049
7.59 0.156857
7.595 0.156664
7.6 0.156473
7.605 0.156281
7.61 0.15609
7.615 0.1559
7.62 0.155709
7.625 0.155519
7.63 0.155329
7.635 0.15514
7.64 0.154951
7.645 0.154762
7.65 0.154574
7.655 0.154386
7.66 0.154198
7.665 0.154011
7.67 0.153824
7.675 0.153637
7.68 0.153451
7.685 0.153264
7.69 0.153079
7.695 0.152893
7.7 0.152708
7.705 0.152523
7.71 0.152339
7.715 0.152155
7.72 0.151971
7.725 0.151788
7.73 0.151604
7.735 0.151422
7.74 0.151239
7.745 0.151057
7.75 0.150875
7.755 0.150693
7.76 0.150512
7.765 0.150331
7.77 0.15015
7.775 0.14997
7.78 0.14979
7.785 0.14961
7.79 0.149431
7.795 0.149252
7.8 0.149073
7.805 0.148895
7.81 0.148717
7.815 0.148539
7.82 0.148361
7.825 0.148184
7.83 0.148007
7.835 0.14783
7.84 0.147654
7.845 0.147478
7.85 0.147302
7.855 0.147127
7.86 0.146952
7.865 0.146777
7.87 0.146603
7.875 0.146428
7.88 0.146255
7.885 0.146081
7.89 0.145908
7.895 0.145735
7.9 0.145562
7.905 0.14539
7.91 0.145217
7.915 0.145046
7.92 0.144874
7.925 0.144703
7.93 0.144532
7.935 0.144361
7.94 0.144191
7.945 0.144021
7.95 0.143851
7.955 0.143682
7.96 0.143512
7.965 0.143344
7.97 0.143175
7.975 0.143007
7.98 0.142839
7.985 0.142671
7.99 0.142503
7.995 0.142336
8 0.142169
8.005 0.142003
8.01 0.141836
8.015 0.14167
8.02 0.141504
8.025 0.141339
8.03 0.141174
8.035 0.141009
8.04 0.140844
8.045 0.14068
8.05 0.140516
8.055 0.140352
8.06 0.140188
8.065 0.140025
8.07 0.139862
8.075 0.139699
8.08 0.139537
8.085 0.139375
8.09 0.139213
8.095 0.139051
8.1 0.13889
8.105 0.138729
8.11 0.138568
8.115 0.138408
8.12 0.138247
8.125 0.138087
8.13 0.137928
8.135 0.137768
8.14 0.137609
8.145 0.13745
8.15 0.137291
8.155 0.137133
8.16 0.136975
8.165 0.136817
8.17 0.136659
8.175 0.136502
8.18 0.136345
8.185 0.136188
8.19 0.136032
8.195 0.135875
8.2 0.135719
8.205 0.135564
8.21 0.135408
8.215 0.135253
8.22 0.135098
8.225 0.134943
8.23 0.134789
8.235 0.134634
8.24 0.134481
8.245 0.134327
8.25 0.134173
8.255 0.13402
8.26 0.133867
8.265 0.133715
8.27 0.133562
8.275 0.13341
8.28 0.133258
8.285 0.133106
8.29 0.132955
8.295 0.132804
8.3 0.132653
8.305 0.132502
8.31 0.132352
8.315 0.132202
8.32 0.132052
8.325 0.131902
8.33 0.131752
8.335 0.131603
8.34 0.131454
8.345 0.131306
8.35 0.131157
8.355 0.131009
8.36 0.130861
8.365 0.130713
8.37 0.130566
8.375 0.130419
8.38 0.130272
8.385 0.130125
8.39 0.129978
8.395 0.129832
8.4 0.129686
8.405 0.12954
8.41 0.129395
8.415 0.129249
8.42 0.129104
8.425 0.128959
8.43 0.128815
8.435 0.12867
8.44 0.128526
8.445 0.128382
8.45 0.128239
8.455 0.128095
8.46 0.127952
8.465 0.127809
8.47 0.127666
8.475 0.127524
8.48 0.127382
8.485 0.12724
8.49 0.127098
8.495 0.126956
8.5 0.126815
8.505 0.126674
8.51 0.126533
8.515 0.126392
8.52 0.126252
8.525 0.126111
8.53 0.125971
8.535 0.125832
8.54 0.125692
8.545 0.125553
8.55 0.125414
8.555 0.125275
8.56 0.125136
8.565 0.124998
8.57 0.12486
8.575 0.124722
8.58 0.124584
8.585 0.124446
8.59 0.124309
8.595 0.124172
8.6 0.124035
8.605 0.123899
8.61 0.123762
8.615 0.123626
8.62 0.12349
8.625 0.123354
8.63 0.123219
8.635 0.123083
8.64 0.122948
8.645 0.122813
8.65 0.122679
8.655 0.122544
8.66 0.12241
8.665 0.122276
8.67 0.122142
8.675 0.122008
8.68 0.121875
8.685 0.121742
8.69 0.121609
8.695 0.121476
8.7 0.121344
8.705 0.121211
8.71 0.121079
8.715 0.120947
8.72 0.120816
8.725 0.120684
8.73 0.120553
8.735 0.120422
8.74 0.120291
8.745 0.12016
8.75 0.12003
8.755 0.119899
8.76 0.119769
8.765 0.11964
8.77 0.11951
8.775 0.11938
8.78 0.119251
8.785 0.119122
8.79 0.118993
8.795 0.118865
8.8 0.118736
8.805 0.118608
8.81 0.11848
8.815 0.118352
8.82 0.118225
8.825 0.118097
8.83 0.11797
8.835 0.117843
8.84 0.117716
8.845 0.11759
8.85 0.117463
8.855 0.117337
8.86 0.117211
8.865 0.117085
8.87 0.11696
8.875 0.116834
8.88 0.116709
8.885 0.116584
8.89 0.116459
8.895 0.116335
8.9 0.11621
8.905 0.116086
8.91 0.115962
8.915 0.115838
8.92 0.115714
8.925 0.115591
8.93 0.115468
8.935 0.115345
8.94 0.115222
8.945 0.115099
8.95 0.114976
8.955 0.114854
8.96 0.114732
8.965 0.11461
8.97 0.114488
8.975 0.114367
8.98 0.114245
8.985 0.114124
8.99 0.114003
8.995 0.113882
9 0.113762
9.005 0.113641
9.01 0.113521
9.015 0.113401
9.02 0.113281
9.025 0.113161
9.03 0.113042
9.035 0.112923
9.04 0.112803
9.045 0.112684
9.05 0.112566
9.055 0.112447
9.06 0.112329
9.065 0.11221
9.07 0.112092
9.075 0.111975
9.08 0.111857
9.085 0.111739
9.09 0.111622
9.095 0.111505
9.1 0.111388
9.105 0.111271
9.11 0.111155
9.115 0.111038
9.12 0.110922
9.125 0.110806
9.13 0.11069
9.135 0.110574
9.14 0.110459
9.145 0.110343
9.15 0.110228
9.155 0.110113
9.16 0.109998
9.165 0.109884
9.17 0.109769
9.175 0.109655
9.18 0.109541
9.185 0.109427
9.19 0.109313
9.195 0.109199
9.2 0.109086
9.205 0.108973
9.21 0.10886
9.215 0.108747
9.22 0.108634
9.225 0.108521
9.23 0.108409
9.235 0.108297
9.24 0.108185
9.245 0.108073
9.25 0.107961
9.255 0.107849
9.26 0.107738
9.265 0.107627
9.27 0.107516
9.275 0.107405
9.28 0.107294
9.285 0.107184
9.29 0.107073
9.295 0.106963
9.3 0.106853
9.305 0.106743
9.31 0.106633
9.315 0.106524
9.32 0.106414
9.325 0.106305
9.33 0.106196
9.335 0.106087
9.34 0.105979
9.345 0.10587
9.35 0.105762
9.355 0.105653
9.36 0.105545
9.365 0.105437
9.37 0.10533
9.375 0.105222
9.38 0.105115
9.385 0.105007
9.39 0.1049
9.395 0.104793
9.4 0.104686
9.405 0.10458
9.41 0.104473
9.415 0.104367
9.42 0.104261
9.425 0.104155
9.43 0.104049
9.435 0.103943
9.44 0.103838
9.445 0.103732
9.45 0.103627
9.455 0.103522
9.46 0.103417
9.465 0.103312
9.47 0.103208
9.475 0.103103
9.48 0.102999
9.485 0.102895
9.49 0.102791
9.495 0.102687
9.5 0.102584
9.505 0.10248
9.51 0.102377
9.515 0.102273
9.52 0.10217
9.525 0.102067
9.53 0.101965
9.535 0.101862
9.54 0.10176
9.545 0.101657
9.55 0.101555
9.555 0.101453
9.56 0.101351
9.565 0.10125
9.57 0.101148
9.575 0.101047
9.58 0.100946
9.585 0.100844
9.59 0.100744
9.595 0.100643
9.6 0.100542
9.605 0.100442
9.61 0.100341
9.615 0.100241
9.62 0.100141
9.625 0.100041
9.63 0.0999412
9.635 0.0998416
9.64 0.0997421
9.645 0.0996428
9.65 0.0995436
9.655 0.0994446
9.66 0.0993457
9.665 0.0992469
9.67 0.0991483
9.675 0.0990498
9.68 0.0989515
9.685 0.0988533
9.69 0.0987553
9.695 0.0986574
9.7 0.0985597
9.705 0.0984621
9.71 0.0983646
9.715 0.0982673
9.72 0.0981701
9.725 0.098073
9.73 0.0979761
9.735 0.0978794
9.74 0.0977827
9.745 0.0976863
9.75 0.0975899
9.755 0.0974937
9.76 0.0973977
9.765 0.0973017
9.77 0.0972059
9.775 0.0971103
9.78 0.0970148
9.785 0.0969194
9.79 0.0968242
9.795 0.0967291
9.8 0.0966341
9.805 0.0965393
9.81 0.0964446
9.815 0.0963501
9.82 0.0962557
9.825 0.0961614
9.83 0.0960672
9.835 0.0959732
9.84 0.0958794
9.845 0.0957856
9.85 0.095692
9.855 0.0955986
9.86 0.0955052
9.865 0.095412
9.87 0.095319
9.875 0.095226
9.88 0.0951332
9.885 0.0950406
9.89 0.094948
9.895 0.0948556
9.9 0.0947634
9.905 0.0946712
9.91 0.0945792
9.915 0.0944873
9.92 0.0943956
9.925 0.094304
9.93 0.0942125
9.935 0.0941212
9.94 0.0940299
9.945 0.0939388
9.95 0.0938479
9.955 0.0937571
9.96 0.0936664
9.965 0.0935758
9.97 0.0934853
9.975 0.093395
9.98 0.0933048
9.985 0.0932148
9.99 0.0931248
9.995 0.093035
