0 -nan
0.005 0.938717
0.01 0.333691
0.015 0.0394121
0.02 0.0722398
0.025 0.701496
0.03 0.0680222
0.035 0.0343604
0.04 0.605155
0.045 0.0179368
0.05 0.286916
0.055 0.224343
0.06 0.0992661
0.065 0.611195
0.07 0.136239
0.075 0.635397
0.08 0.717367
0.085 0.551119
0.09 0.153401
0.095 0.0787238
0.1 0.62586
0.105 0.143316
0.11 0.370061
0.115 0.202799
0.12 0.409673
0.125 0.0355271
0.13 0.492662
0.135 0.139761
0.14 0.107917
0.145 0.452069
0.15 0.234412
0.155 0.0141294
0.16 0.244398
0.165 0.42886
0.17 0.25729
0.175 0.0369229
0.18 0.0769247
0.185 0.291453
0.19 0.413306
0.195 0.327974
0.2 0.141031
0.205 0.0246762
0.21 0.0614203
0.215 0.207291
0.22 0.354512
0.225 0.414616
0.23 0.364028
0.235 0.24042
0.24 0.109574
0.245 0.029163
0.25 0.026667
0.255 0.0957166
0.26 0.206015
0.265 0.318741
0.27 0.400444
0.275 0.431566
0.28 0.408778
0.285 0.342443
0.29 0.25136
0.295 0.1569
0.3 0.0780637
0.305 0.0282416
0.31 0.0138489
0.315 0.0345495
0.32 0.0845801
0.325 0.154637
0.33 0.233865
0.335 0.311618
0.34 0.378788
0.345 0.42865
0.35 0.457214
0.355 0.463202
0.36 0.447711
0.365 0.413716
0.37 0.365475
0.375 0.307948
0.38 0.24626
0.385 0.185264
0.39 0.129215
0.395 0.0815526
0.4 0.0447856
0.405 0.0204694
0.41 0.00925083
0.415 0.0109643
0.42 0.0247617
0.425 0.0492585
0.43 0.0826848
0.435 0.12303
0.44 0.168175
0.445 0.216006
0.45 0.264507
0.455 0.311833
0.46 0.356367
0.465 0.396745
0.47 0.431882
0.475 0.460971
0.48 0.483475
0.485 0.499112
0.49 0.507829
0.495 0.509778
0.5 0.505281
0.505 0.494806
0.51 0.478928
0.515 0.458307
0.52 0.433657
0.525 0.405722
0.53 0.375255
0.535 0.342998
0.54 0.309668
0.545 0.275943
0.55 0.242451
0.555 0.209767
0.56 0.178401
0.565 0.148802
0.57 0.121352
0.575 0.096368
0.58 0.0741029
0.585 0.0547494
0.59 0.0384421
0.595 0.0252621
0.6 0.0152413
0.605 0.00836684
0.61 0.00458641
0.615 0.00381265
0.62 0.00592817
0.625 0.0107901
0.63 0.0182347
0.635 0.0280811
0.64 0.0401359
0.645 0.0541961
0.65 0.0700528
0.655 0.087494
0.66 0.106307
0.665 0.126282
0.67 0.147212
0.675 0.168895
0.68 0.191139
0.685 0.213757
0.69 0.236575
0.695 0.259425
0.7 0.282152
0.705 0.304613
0.71 0.326674
0.715 0.348214
0.72 0.369123
0.725 0.389303
0.73 0.408664
0.735 0.427131
0.74 0.444637
0.745 0.461126
0.75 0.476549
0.755 0.49087
0.76 0.504059
0.765 0.516094
0.77 0.526963
0.775 0.536657
0.78 0.545176
0.785 0.552527
0.79 0.55872
0.795 0.56377
0.8 0.567698
0.805 0.570529
0.81 0.572289
0.815 0.573011
0.82 0.572727
0.825 0.571474
0.83 0.569288
0.835 0.566211
0.84 0.562282
0.845 0.557544
0.85 0.552038
0.855 0.545809
0.86 0.538899
0.865 0.531351
0.87 0.52321
0.875 0.514518
0.88 0.505318
0.885 0.495651
0.89 0.485558
0.895 0.475081
0.9 0.464259
0.905 0.45313
0.91 0.441731
0.915 0.430099
0.92 0.418269
0.925 0.406275
0.93 0.394149
0.935 0.381923
0.94 0.369626
0.945 0.357288
0.95 0.344936
0.955 0.332596
0.96 0.320293
0.965 0.30805
0.97 0.295889
0.975 0.283832
0.98 0.271898
0.985 0.260106
0.99 0.248473
0.995 0.237015
1 0.225748
1.005 0.214685
1.01 0.203838
1.015 0.193221
1.02 0.182844
1.025 0.172716
1.03 0.162848
1.035 0.153246
1.04 0.143918
1.045 0.13487
1.05 0.126109
1.055 0.117639
1.06 0.109463
1.065 0.101587
1.07 0.0940112
1.075 0.0867395
1.08 0.079773
1.085 0.0731128
1.09 0.0667594
1.095 0.0607129
1.1 0.0549728
1.105 0.0495384
1.11 0.0444083
1.115 0.0395808
1.12 0.0350539
1.125 0.0308253
1.13 0.0268924
1.135 0.023252
1.14 0.0199011
1.145 0.016836
1.15 0.0140532
1.155 0.0115486
1.16 0.00931818
1.165 0.0073576
1.17 0.00566242
1.175 0.00422803
1.18 0.00304972
1.185 0.00212265
1.19 0.00144187
1.195 0.00100235
1.2 0.000798998
1.205 0.00082664
1.21 0.00108006
1.215 0.00155399
1.22 0.00224314
1.225 0.00314218
1.23 0.0042458
1.235 0.00554864
1.24 0.00704536
1.245 0.00873064
1.25 0.0105992
1.255 0.0126456
1.26 0.0148647
1.265 0.0172513
1.27 0.0198001
1.275 0.022506
1.28 0.0253638
1.285 0.0283685
1.29 0.0315152
1.295 0.0347987
1.3 0.0382144
1.305 0.0417572
1.31 0.0454225
1.315 0.0492056
1.32 0.0531018
1.325 0.0571067
1.33 0.0612156
1.335 0.0654243
1.34 0.0697283
1.345 0.0741234
1.35 0.0786056
1.355 0.0831705
1.36 0.0878143
1.365 0.0925331
1.37 0.0973228
1.375 0.10218
1.38 0.107101
1.385 0.112081
1.39 0.117118
1.395 0.122208
1.4 0.127348
1.405 0.132534
1.41 0.137763
1.415 0.143032
1.42 0.148337
1.425 0.153677
1.43 0.159048
1.435 0.164447
1.44 0.169871
1.445 0.175318
1.45 0.180785
1.455 0.186269
1.46 0.191769
1.465 0.197281
1.47 0.202804
1.475 0.208334
1.48 0.213871
1.485 0.219411
1.49 0.224953
1.495 0.230494
1.5 0.236034
1.505 0.241569
1.51 0.247098
1.515 0.252619
1.52 0.258131
1.525 0.263632
1.53 0.26912
1.535 0.274594
1.54 0.280052
1.545 0.285493
1.55 0.290916
1.555 0.296318
1.56 0.3017
1.565 0.307059
1.57 0.312394
1.575 0.317705
1.58 0.32299
1.585 0.328248
1.59 0.333479
1.595 0.33868
1.6 0.343852
1.605 0.348993
1.61 0.354102
1.615 0.359179
1.62 0.364223
1.625 0.369234
1.63 0.374209
1.635 0.37915
1.64 0.384055
1.645 0.388923
1.65 0.393754
1.655 0.398548
1.66 0.403303
1.665 0.40802
1.67 0.412698
1.675 0.417337
1.68 0.421935
1.685 0.426494
1.69 0.431012
1.695 0.435489
1.7 0.439924
1.705 0.444319
1.71 0.448671
1.715 0.452981
1.72 0.45725
1.725 0.461476
1.73 0.465659
1.735 0.469799
1.74 0.473897
1.745 0.477952
1.75 0.481963
1.755 0.485932
1.76 0.489857
1.765 0.493739
1.77 0.497577
1.775 0.501372
1.78 0.505124
1.785 0.508832
1.79 0.512497
1.795 0.516119
1.8 0.519697
1.805 0.523232
1.81 0.526724
1.815 0.530173
1.82 0.533578
1.825 0.536941
1.83 0.540261
1.835 0.543538
1.84 0.546773
1.845 0.549965
1.85 0.553115
1.855 0.556223
1.86 0.559289
1.865 0.562313
1.87 0.565295
1.875 0.568236
1.88 0.571135
1.885 0.573993
1.89 0.576811
1.895 0.579588
1.9 0.582324
1.905 0.58502
1.91 0.587676
1.915 0.590292
1.92 0.592868
1.925 0.595405
1.93 0.597903
1.935 0.600362
1.94 0.602782
1.945 0.605164
1.95 0.607508
1.955 0.609813
1.96 0.612082
1.965 0.614312
1.97 0.616506
1.975 0.618663
1.98 0.620783
1.985 0.622866
1.99 0.624914
1.995 0.626926
2 0.628902
2.005 0.630843
2.01 0.632749
2.015 0.634621
2.02 0.636458
2.025 0.638261
2.03 0.640029
2.035 0.641765
2.04 0.643467
2.045 0.645136
2.05 0.646772
2.055 0.648376
2.06 0.649948
2.065 0.651487
2.07 0.652995
2.075 0.654472
2.08 0.655918
2.085 0.657333
2.09 0.658717
2.095 0.660071
2.1 0.661396
2.105 0.66269
2.11 0.663956
2.115 0.665192
2.12 0.666399
2.125 0.667578
2.13 0.668728
2.135 0.669851
2.14 0.670946
2.145 0.672013
2.15 0.673054
2.155 0.674067
2.16 0.675054
2.165 0.676014
2.17 0.676948
2.175 0.677857
2.18 0.67874
2.185 0.679597
2.19 0.68043
2.195 0.681238
2.2 0.682021
2.205 0.68278
2.21 0.683515
2.215 0.684227
2.22 0.684915
2.225 0.685579
2.23 0.686221
2.235 0.68684
2.24 0.687437
2.245 0.688011
2.25 0.688563
2.255 0.689094
2.26 0.689603
2.265 0.690091
2.27 0.690557
2.275 0.691003
2.28 0.691429
2.285 0.691834
2.29 0.692219
2.295 0.692584
2.3 0.69293
2.305 0.693256
2.31 0.693563
2.315 0.693851
2.32 0.694121
2.325 0.694371
2.33 0.694604
2.335 0.694818
2.34 0.695015
2.345 0.695194
2.35 0.695356
2.355 0.6955
2.36 0.695627
2.365 0.695738
2.37 0.695832
2.375 0.695909
2.38 0.695971
2.385 0.696016
2.39 0.696045
2.395 0.696059
2.4 0.696058
2.405 0.696041
2.41 0.696009
2.415 0.695962
2.42 0.695901
2.425 0.695825
2.43 0.695735
2.435 0.695631
2.44 0.695513
2.445 0.695381
2.45 0.695236
2.455 0.695077
2.46 0.694905
2.465 0.69472
2.47 0.694522
2.475 0.694311
2.48 0.694088
2.485 0.693852
2.49 0.693604
2.495 0.693344
2.5 0.693072
2.505 0.692789
2.51 0.692494
2.515 0.692187
2.52 0.691869
2.525 0.69154
2.53 0.6912
2.535 0.690849
2.54 0.690488
2.545 0.690116
2.55 0.689734
2.555 0.689341
2.56 0.688939
2.565 0.688526
2.57 0.688104
2.575 0.687672
2.58 0.68723
2.585 0.686779
2.59 0.686319
2.595 0.685849
2.6 0.685371
2.605 0.684884
2.61 0.684388
2.615 0.683883
2.62 0.68337
2.625 0.682848
2.63 0.682319
2.635 0.681781
2.64 0.681235
2.645 0.680681
2.65 0.680119
2.655 0.67955
2.66 0.678974
2.665 0.678389
2.67 0.677798
2.675 0.677199
2.68 0.676593
2.685 0.675981
2.69 0.675361
2.695 0.674735
2.7 0.674102
2.705 0.673462
2.71 0.672816
2.715 0.672164
2.72 0.671505
2.725 0.67084
2.73 0.67017
2.735 0.669493
2.74 0.66881
2.745 0.668122
2.75 0.667428
2.755 0.666728
2.76 0.666023
2.765 0.665312
2.77 0.664597
2.775 0.663876
2.78 0.663149
2.785 0.662418
2.79 0.661682
2.795 0.660941
2.8 0.660195
2.805 0.659445
2.81 0.65869
2.815 0.65793
2.82 0.657166
2.825 0.656398
2.83 0.655625
2.835 0.654848
2.84 0.654067
2.845 0.653282
2.85 0.652493
2.855 0.6517
2.86 0.650903
2.865 0.650102
2.87 0.649298
2.875 0.64849
2.88 0.647678
2.885 0.646863
2.89 0.646044
2.895 0.645223
2.9 0.644398
2.905 0.643569
2.91 0.642738
2.915 0.641903
2.92 0.641066
2.925 0.640225
2.93 0.639381
2.935 0.638535
2.94 0.637686
2.945 0.636834
2.95 0.63598
2.955 0.635123
2.96 0.634263
2.965 0.633401
2.97 0.632536
2.975 0.631669
2.98 0.6308
2.985 0.629929
2.99 0.629055
2.995 0.628179
3 0.627301
3.005 0.626421
3.01 0.625539
3.015 0.624655
3.02 0.623769
3.025 0.622881
3.03 0.621991
3.035 0.6211
3.04 0.620207
3.045 0.619312
3.05 0.618416
3.055 0.617518
3.06 0.616618
3.065 0.615717
3.07 0.614815
3.075 0.613911
3.08 0.613006
3.085 0.612099
3.09 0.611191
3.095 0.610282
3.1 0.609372
3.105 0.608461
3.11 0.607548
3.115 0.606635
3.12 0.60572
3.125 0.604805
3.13 0.603888
3.135 0.602971
3.14 0.602053
3.145 0.601133
3.15 0.600214
3.155 0.599293
3.16 0.598371
3.165 0.597449
3.17 0.596526
3.175 0.595603
3.18 0.594679
3.185 0.593754
3.19 0.592829
3.195 0.591903
3.2 0.590977
3.205 0.59005
3.21 0.589123
3.215 0.588196
3.22 0.587268
3.225 0.58634
3.23 0.585411
3.235 0.584483
3.24 0.583554
3.245 0.582625
3.25 0.581695
3.255 0.580766
3.26 0.579836
3.265 0.578907
3.27 0.577977
3.275 0.577047
3.28 0.576117
3.285 0.575187
3.29 0.574257
3.295 0.573327
3.3 0.572398
3.305 0.571468
3.31 0.570539
3.315 0.569609
3.32 0.56868
3.325 0.567751
3.33 0.566822
3.335 0.565894
3.34 0.564965
3.345 0.564037
3.35 0.563109
3.355 0.562182
3.36 0.561255
3.365 0.560328
3.37 0.559402
3.375 0.558476
3.38 0.55755
3.385 0.556625
3.39 0.5557
3.395 0.554776
3.4 0.553852
3.405 0.552929
3.41 0.552006
3.415 0.551084
3.42 0.550162
3.425 0.549241
3.43 0.548321
3.435 0.547401
3.44 0.546482
3.445 0.545563
3.45 0.544645
3.455 0.543728
3.46 0.542812
3.465 0.541896
3.47 0.54098
3.475 0.540066
3.48 0.539152
3.485 0.538239
3.49 0.537327
3.495 0.536416
3.5 0.535505
3.505 0.534596
3.51 0.533687
3.515 0.532778
3.52 0.531871
3.525 0.530965
3.53 0.530059
3.535 0.529155
3.54 0.528251
3.545 0.527348
3.55 0.526446
3.555 0.525545
3.56 0.524645
3.565 0.523746
3.57 0.522848
3.575 0.521951
3.58 0.521055
3.585 0.52016
3.59 0.519266
3.595 0.518372
3.6 0.51748
3.605 0.516589
3.61 0.515699
3.615 0.51481
3.62 0.513922
3.625 0.513036
3.63 0.51215
3.635 0.511265
3.64 0.510382
3.645 0.509499
3.65 0.508618
3.655 0.507738
3.66 0.506859
3.665 0.505981
3.67 0.505104
3.675 0.504228
3.68 0.503354
3.685 0.502481
3.69 0.501608
3.695 0.500737
3.7 0.499868
3.705 0.498999
3.71 0.498132
3.715 0.497266
3.72 0.496401
3.725 0.495537
3.73 0.494675
3.735 0.493813
3.74 0.492953
3.745 0.492095
3.75 0.491237
3.755 0.490381
3.76 0.489526
3.765 0.488672
3.77 0.48782
3.775 0.486969
3.78 0.486119
3.785 0.48527
3.79 0.484423
3.795 0.483577
3.8 0.482732
3.805 0.481889
3.81 0.481047
3.815 0.480206
3.82 0.479366
3.825 0.478528
3.83 0.477692
3.835 0.476856
3.84 0.476022
3.845 0.475189
3.85 0.474358
3.855 0.473528
3.86 0.472699
3.865 0.471871
3.87 0.471045
3.875 0.470221
3.88 0.469397
3.885 0.468575
3.89 0.467755
3.895 0.466935
3.9 0.466118
3.905 0.465301
3.91 0.464486
3.915 0.463672
3.92 0.46286
3.925 0.462049
3.93 0.461239
3.935 0.460431
3.94 0.459624
3.945 0.458819
3.95 0.458015
3.955 0.457213
3.96 0.456411
3.965 0.455612
3.97 0.454813
3.975 0.454016
3.98 0.453221
3.985 0.452426
3.99 0.451634
3.995 0.450842
4 0.450052
4.005 0.449264
4.01 0.448477
4.015 0.447691
4.02 0.446907
4.025 0.446124
4.03 0.445343
4.035 0.444563
4.04 0.443784
4.045 0.443007
4.05 0.442231
4.055 0.441457
4.06 0.440684
4.065 0.439912
4.07 0.439142
4.075 0.438374
4.08 0.437607
4.085 0.436841
4.09 0.436077
4.095 0.435314
4.1 0.434552
4.105 0.433792
4.11 0.433034
4.115 0.432276
4.12 0.431521
4.125 0.430766
4.13 0.430014
4.135 0.429262
4.14 0.428512
4.145 0.427763
4.15 0.427016
4.155 0.426271
4.16 0.425526
4.165 0.424783
4.17 0.424042
4.175 0.423302
4.18 0.422563
4.185 0.421826
4.19 0.421091
4.195 0.420356
4.2 0.419623
4.205 0.418892
4.21 0.418162
4.215 0.417433
4.22 0.416706
4.225 0.41598
4.23 0.415256
4.235 0.414533
4.24 0.413812
4.245 0.413092
4.25 0.412373
4.255 0.411656
4.26 0.41094
4.265 0.410226
4.27 0.409513
4.275 0.408801
4.28 0.408091
4.285 0.407382
4.29 0.406675
4.295 0.405969
4.3 0.405265
4.305 0.404562
4.31 0.40386
4.315 0.40316
4.32 0.402461
4.325 0.401764
4.33 0.401068
4.335 0.400373
4.34 0.39968
4.345 0.398988
4.35 0.398297
4.355 0.397608
4.36 0.396921
4.365 0.396235
4.37 0.39555
4.375 0.394866
4.38 0.394184
4.385 0.393504
4.39 0.392824
4.395 0.392146
4.4 0.39147
4.405 0.390795
4.41 0.390121
4.415 0.389449
4.42 0.388778
4.425 0.388108
4.43 0.38744
4.435 0.386773
4.44 0.386107
4.445 0.385443
4.45 0.38478
4.455 0.384119
4.46 0.383459
4.465 0.3828
4.47 0.382143
4.475 0.381487
4.48 0.380832
4.485 0.380179
4.49 0.379527
4.495 0.378877
4.5 0.378228
4.505 0.37758
4.51 0.376933
4.515 0.376288
4.52 0.375644
4.525 0.375002
4.53 0.374361
4.535 0.373721
4.54 0.373083
4.545 0.372445
4.55 0.37181
4.555 0.371175
4.56 0.370542
4.565 0.36991
4.57 0.36928
4.575 0.368651
4.58 0.368023
4.585 0.367396
4.59 0.366771
4.595 0.366147
4.6 0.365524
4.605 0.364903
4.61 0.364283
4.615 0.363664
4.62 0.363047
4.625 0.362431
4.63 0.361816
4.635 0.361203
4.64 0.360591
4.645 0.35998
4.65 0.35937
4.655 0.358762
4.66 0.358155
4.665 0.357549
4.67 0.356944
4.675 0.356341
4.68 0.355739
4.685 0.355139
4.69 0.354539
4.695 0.353941
4.7 0.353344
4.705 0.352749
4.71 0.352154
4.715 0.351561
4.72 0.350969
4.725 0.350379
4.73 0.34979
4.735 0.349202
4.74 0.348615
4.745 0.348029
4.75 0.347445
4.755 0.346862
4.76 0.34628
4.765 0.345699
4.77 0.34512
4.775 0.344542
4.78 0.343965
4.785 0.343389
4.79 0.342815
4.795 0.342242
4.8 0.34167
4.805 0.341099
4.81 0.340529
4.815 0.339961
4.82 0.339394
4.825 0.338828
4.83 0.338263
4.835 0.3377
4.84 0.337137
4.845 0.336576
4.85 0.336016
4.855 0.335458
4.86 0.3349
4.865 0.334344
4.87 0.333788
4.875 0.333234
4.88 0.332682
4.885 0.33213
4.89 0.33158
4.895 0.33103
4.9 0.330482
4.905 0.329935
4.91 0.32939
4.915 0.328845
4.92 0.328302
4.925 0.327759
4.93 0.327218
4.935 0.326678
4.94 0.32614
4.945 0.325602
4.95 0.325065
4.955 0.32453
4.96 0.323996
4.965 0.323463
4.97 0.322931
4.975 0.3224
4.98 0.321871
4.985 0.321342
4.99 0.320815
4.995 0.320288
5 0.319763
5.005 0.319239
5.01 0.318716
5.015 0.318195
5.02 0.317674
5.025 0.317155
5.03 0.316636
5.035 0.316119
5.04 0.315603
5.045 0.315087
5.05 0.314574
5.055 0.314061
5.06 0.313549
5.065 0.313038
5.07 0.312528
5.075 0.31202
5.08 0.311513
5.085 0.311006
5.09 0.310501
5.095 0.309997
5.1 0.309494
5.105 0.308992
5.11 0.308491
5.115 0.307991
5.12 0.307492
5.125 0.306994
5.13 0.306498
5.135 0.306002
5.14 0.305507
5.145 0.305014
5.15 0.304521
5.155 0.30403
5.16 0.30354
5.165 0.30305
5.17 0.302562
5.175 0.302075
5.18 0.301589
5.185 0.301104
5.19 0.300619
5.195 0.300136
5.2 0.299654
5.205 0.299173
5.21 0.298693
5.215 0.298214
5.22 0.297736
5.225 0.29726
5.23 0.296784
5.235 0.296309
5.24 0.295835
5.245 0.295362
5.25 0.29489
5.255 0.294419
5.26 0.29395
5.265 0.293481
5.27 0.293013
5.275 0.292546
5.28 0.29208
5.285 0.291615
5.29 0.291151
5.295 0.290689
5.3 0.290227
5.305 0.289766
5.31 0.289306
5.315 0.288847
5.32 0.288389
5.325 0.287932
5.33 0.287476
5.335 0.287021
5.34 0.286567
5.345 0.286114
5.35 0.285661
5.355 0.28521
5.36 0.28476
5.365 0.284311
5.37 0.283862
5.375 0.283415
5.38 0.282969
5.385 0.282523
5.39 0.282078
5.395 0.281635
5.4 0.281192
5.405 0.280751
5.41 0.28031
5.415 0.27987
5.42 0.279431
5.425 0.278993
5.43 0.278556
5.435 0.27812
5.44 0.277685
5.445 0.27725
5.45 0.276817
5.455 0.276384
5.46 0.275953
5.465 0.275522
5.47 0.275093
5.475 0.274664
5.48 0.274236
5.485 0.273809
5.49 0.273383
5.495 0.272958
5.5 0.272533
5.505 0.27211
5.51 0.271687
5.515 0.271266
5.52 0.270845
5.525 0.270425
5.53 0.270006
5.535 0.269588
5.54 0.269171
5.545 0.268755
5.55 0.268339
5.555 0.267925
5.56 0.267511
5.565 0.267098
5.57 0.266686
5.575 0.266275
5.58 0.265865
5.585 0.265455
5.59 0.265047
5.595 0.264639
5.6 0.264233
5.605 0.263827
5.61 0.263422
5.615 0.263017
5.62 0.262614
5.625 0.262211
5.63 0.26181
5.635 0.261409
5.64 0.261009
5.645 0.26061
5.65 0.260211
5.655 0.259814
5.66 0.259417
5.665 0.259021
5.67 0.258626
5.675 0.258232
5.68 0.257839
5.685 0.257446
5.69 0.257054
5.695 0.256663
5.7 0.256273
5.705 0.255884
5.71 0.255496
5.715 0.255108
5.72 0.254721
5.725 0.254335
5.73 0.25395
5.735 0.253565
5.74 0.253182
5.745 0.252799
5.75 0.252417
5.755 0.252036
5.76 0.251655
5.765 0.251275
5.77 0.250897
5.775 0.250518
5.78 0.250141
5.785 0.249765
5.79 0.249389
5.795 0.249014
5.8 0.24864
5.805 0.248266
5.81 0.247894
5.815 0.247522
5.82 0.247151
5.825 0.24678
5.83 0.246411
5.835 0.246042
5.84 0.245674
5.845 0.245307
5.85 0.24494
5.855 0.244574
5.86 0.244209
5.865 0.243845
5.87 0.243482
5.875 0.243119
5.88 0.242757
5.885 0.242396
5.89 0.242035
5.895 0.241675
5.9 0.241316
5.905 0.240958
5.91 0.2406
5.915 0.240244
5.92 0.239888
5.925 0.239532
5.93 0.239178
5.935 0.238824
5.94 0.238471
5.945 0.238118
5.95 0.237766
5.955 0.237415
5.96 0.237065
5.965 0.236715
5.97 0.236367
5.975 0.236019
5.98 0.235671
5.985 0.235324
5.99 0.234978
5.995 0.234633
6 0.234288
6.005 0.233945
6.01 0.233601
6.015 0.233259
6.02 0.232917
6.025 0.232576
6.03 0.232236
6.035 0.231896
6.04 0.231557
6.045 0.231219
6.05 0.230881
6.055 0.230544
6.06 0.230208
6.065 0.229872
6.07 0.229537
6.075 0.229203
6.08 0.22887
6.085 0.228537
6.09 0.228205
6.095 0.227873
6.1 0.227542
6.105 0.227212
6.11 0.226883
6.115 0.226554
6.12 0.226226
6.125 0.225898
6.13 0.225571
6.135 0.225245
6.14 0.22492
6.145 0.224595
6.15 0.22427
6.155 0.223947
6.16 0.223624
6.165 0.223302
6.17 0.22298
6.175 0.222659
6.18 0.222339
6.185 0.222019
6.19 0.2217
6.195 0.221382
6.2 0.221064
6.205 0.220747
6.21 0.220431
6.215 0.220115
6.22 0.2198
6.225 0.219485
6.23 0.219171
6.235 0.218858
6.24 0.218545
6.245 0.218233
6.25 0.217922
6.255 0.217611
6.26 0.217301
6.265 0.216991
6.27 0.216682
6.275 0.216374
6.28 0.216066
6.285 0.215759
6.29 0.215453
6.295 0.215147
6.3 0.214842
6.305 0.214537
6.31 0.214233
6.315 0.21393
6.32 0.213627
6.325 0.213325
6.33 0.213023
6.335 0.212722
6.34 0.212421
6.345 0.212122
6.35 0.211822
6.355 0.211524
6.36 0.211226
6.365 0.210928
6.37 0.210631
6.375 0.210335
6.38 0.210039
6.385 0.209744
6.39 0.20945
6.395 0.209156
6.4 0.208863
6.405 0.20857
6.41 0.208278
6.415 0.207986
6.42 0.207695
6.425 0.207404
6.43 0.207115
6.435 0.206825
6.44 0.206536
6.445 0.206248
6.45 0.205961
6.455 0.205674
6.46 0.205387
6.465 0.205101
6.47 0.204816
6.475 0.204531
6.48 0.204247
6.485 0.203963
6.49 0.20368
6.495 0.203397
6.5 0.203115
6.505 0.202834
6.51 0.202553
6.515 0.202273
6.52 0.201993
6.525 0.201714
6.53 0.201435
6.535 0.201157
6.54 0.200879
6.545 0.200602
6.55 0.200325
6.555 0.200049
6.56 0.199774
6.565 0.199499
6.57 0.199225
6.575 0.198951
6.58 0.198677
6.585 0.198405
6.59 0.198132
6.595 0.197861
6.6 0.197589
6.605 0.197319
6.61 0.197048
6.615 0.196779
6.62 0.19651
6.625 0.196241
6.63 0.195973
6.635 0.195705
6.64 0.195438
6.645 0.195172
6.65 0.194906
6.655 0.19464
6.66 0.194375
6.665 0.194111
6.67 0.193847
6.675 0.193584
6.68 0.193321
6.685 0.193058
6.69 0.192796
6.695 0.192535
6.7 0.192274
6.705 0.192014
6.71 0.191754
6.715 0.191494
6.72 0.191235
6.725 0.190977
6.73 0.190719
6.735 0.190461
6.74 0.190205
6.745 0.189948
6.75 0.189692
6.755 0.189437
6.76 0.189182
6.765 0.188927
6.77 0.188673
6.775 0.18842
6.78 0.188167
6.785 0.187914
6.79 0.187662
6.795 0.18741
6.8 0.187159
6.805 0.186909
6.81 0.186659
6.815 0.186409
6.82 0.18616
6.825 0.185911
6.83 0.185663
6.835 0.185415
6.84 0.185168
6.845 0.184921
6.85 0.184675
6.855 0.184429
6.86 0.184183
6.865 0.183938
6.87 0.183694
6.875 0.18345
6.88 0.183206
6.885 0.182963
6.89 0.18272
6.895 0.182478
6.9 0.182236
6.905 0.181995
6.91 0.181754
6.915 0.181514
6.92 0.181274
6.925 0.181035
6.93 0.180796
6.935 0.180557
6.94 0.180319
6.945 0.180081
6.95 0.179844
6.955 0.179607
6.96 0.179371
6.965 0.179135
6.97 0.1789
6.975 0.178665
6.98 0.17843
6.985 0.178196
6.99 0.177962
6.995 0.177729
7 0.177496
7.005 0.177264
7.01 0.177032
7.015 0.1768
7.02 0.176569
7.025 0.176339
7.03 0.176108
7.035 0.175879
7.04 0.175649
7.045 0.17542
7.05 0.175192
7.055 0.174964
7.06 0.174736
7.065 0.174509
7.07 0.174282
7.075 0.174056
7.08 0.17383
7.085 0.173604
7.09 0.173379
7.095 0.173154
7.1 0.17293
7.105 0.172706
7.11 0.172483
7.115 0.17226
7.12 0.172037
7.125 0.171815
7.13 0.171593
7.135 0.171372
7.14 0.171151
7.145 0.17093
7.15 0.17071
7.155 0.17049
7.16 0.170271
7.165 0.170052
7.17 0.169833
7.175 0.169615
7.18 0.169397
7.185 0.16918
7.19 0.168963
7.195 0.168747
7.2 0.168531
7.205 0.168315
7.21 0.168099
7.215 0.167884
7.22 0.16767
7.225 0.167456
7.23 0.167242
7.235 0.167029
7.24 0.166816
7.245 0.166603
7.25 0.166391
7.255 0.166179
7.26 0.165967
7.265 0.165756
7.27 0.165546
7.275 0.165335
7.28 0.165126
7.285 0.164916
7.29 0.164707
7.295 0.164498
7.3 0.16429
7.305 0.164082
7.31 0.163874
7.315 0.163667
7.32 0.16346
7.325 0.163253
7.33 0.163047
7.335 0.162842
7.34 0.162636
7.345 0.162431
7.35 0.162227
7.355 0.162022
7.36 0.161818
7.365 0.161615
7.37 0.161412
7.375 0.161209
7.38 0.161007
7.385 0.160805
7.39 0.160603
7.395 0.160402
7.4 0.160201
7.405 0.16
7.41 0.1598
7.415 0.1596
7.42 0.1594
7.425 0.159201
7.43 0.159002
7.435 0.158804
7.44 0.158606
7.445 0.158408
7.45 0.158211
7.455 0.158014
7.46 0.157817
7.465 0.157621
7.47 0.157425
7.475 0.157229
7.48 0.157034
7.485 0.156839
7.49 0.156644
7.495 0.15645
7.5 0.156256
7.505 0.156063
7.51 0.15587
7.515 0.155677
7.52 0.155484
7.525 0.155292
7.53 0.1551
7.535 0.154909
7.54 0.154718
7.545 0.154527
7.55 0.154336
7.555 0.154146
7.56 0.153957
7.565 0.153767
7.57 0.153578
7.575 0.153389
7.58 0.153201
7.585 0.153013
7.59 0.152825
7.595 0.152638
7.6 0.15245
7.605 0.152264
7.61 0.152077
7.615 0.151891
7.62 0.151705
7.625 0.15152
7.63 0.151335
7.635 0.15115
7.64 0.150966
7.645 0.150781
7.65 0.150598
7.655 0.150414
7.66 0.150231
7.665 0.150048
7.67 0.149865
7.675 0.149683
7.68 0.149501
7.685 0.14932
7.69 0.149139
7.695 0.148958
7.7 0.148777
7.705 0.148597
7.71 0.148417
7.715 0.148237
7.72 0.148058
7.725 0.147879
7.73 0.1477
7.735 0.147521
7.74 0.147343
7.745 0.147166
7.75 0.146988
7.755 0.146811
7.76 0.146634
7.765 0.146457
7.77 0.146281
7.775 0.146105
7.78 0.14593
7.785 0.145754
7.79 0.145579
7.795 0.145404
7.8 0.14523
7.805 0.145056
7.81 0.144882
7.815 0.144709
7.82 0.144535
7.825 0.144362
7.83 0.14419
7.835 0.144018
7.84 0.143845
7.845 0.143674
7.85 0.143502
7.855 0.143331
7.86 0.14316
7.865 0.14299
7.87 0.14282
7.875 0.14265
7.88 0.14248
7.885 0.142311
7.89 0.142141
7.895 0.141973
7.9 0.141804
7.905 0.141636
7.91 0.141468
7.915 0.1413
7.92 0.141133
7.925 0.140966
7.93 0.140799
7.935 0.140633
7.94 0.140467
7.945 0.140301
7.95 0.140135
7.955 0.13997
7.96 0.139805
7.965 0.13964
7.97 0.139475
7.975 0.139311
7.98 0.139147
7.985 0.138983
7.99 0.13882
7.995 0.138657
8 0.138494
8.005 0.138332
8.01 0.138169
8.015 0.138007
8.02 0.137846
8.025 0.137684
8.03 0.137523
8.035 0.137362
8.04 0.137201
8.045 0.137041
8.05 0.136881
8.055 0.136721
8.06 0.136562
8.065 0.136402
8.07 0.136243
8.075 0.136085
8.08 0.135926
8.085 0.135768
8.09 0.13561
8.095 0.135452
8.1 0.135295
8.105 0.135138
8.11 0.134981
8.115 0.134824
8.12 0.134668
8.125 0.134512
8.13 0.134356
8.135 0.1342
8.14 0.134045
8.145 0.13389
8.15 0.133735
8.155 0.133581
8.16 0.133427
8.165 0.133273
8.17 0.133119
8.175 0.132965
8.18 0.132812
8.185 0.132659
8.19 0.132507
8.195 0.132354
8.2 0.132202
8.205 0.13205
8.21 0.131898
8.215 0.131747
8.22 0.131596
8.225 0.131445
8.23 0.131294
8.235 0.131144
8.24 0.130993
8.245 0.130843
8.25 0.130694
8.255 0.130544
8.26 0.130395
8.265 0.130246
8.27 0.130097
8.275 0.129949
8.28 0.129801
8.285 0.129653
8.29 0.129505
8.295 0.129358
8.3 0.129211
8.305 0.129064
8.31 0.128917
8.315 0.12877
8.32 0.128624
8.325 0.128478
8.33 0.128332
8.335 0.128187
8.34 0.128041
8.345 0.127896
8.35 0.127752
8.355 0.127607
8.36 0.127463
8.365 0.127319
8.37 0.127175
8.375 0.127031
8.38 0.126888
8.385 0.126745
8.39 0.126602
8.395 0.126459
8.4 0.126317
8.405 0.126174
8.41 0.126032
8.415 0.125891
8.42 0.125749
8.425 0.125608
8.43 0.125467
8.435 0.125326
8.44 0.125185
8.445 0.125045
8.45 0.124905
8.455 0.124765
8.46 0.124625
8.465 0.124486
8.47 0.124347
8.475 0.124208
8.48 0.124069
8.485 0.12393
8.49 0.123792
8.495 0.123654
8.5 0.123516
8.505 0.123378
8.51 0.123241
8.515 0.123104
8.52 0.122967
8.525 0.12283
8.53 0.122694
8.535 0.122557
8.54 0.122421
8.545 0.122285
8.55 0.12215
8.555 0.122014
8.56 0.121879
8.565 0.121744
8.57 0.121609
8.575 0.121475
8.58 0.12134
8.585 0.121206
8.59 0.121072
8.595 0.120939
8.6 0.120805
8.605 0.120672
8.61 0.120539
8.615 0.120406
8.62 0.120273
8.625 0.120141
8.63 0.120009
8.635 0.119877
8.64 0.119745
8.645 0.119613
8.65 0.119482
8.655 0.119351
8.66 0.11922
8.665 0.119089
8.67 0.118959
8.675 0.118828
8.68 0.118698
8.685 0.118568
8.69 0.118439
8.695 0.118309
8.7 0.11818
8.705 0.118051
8.71 0.117922
8.715 0.117793
8.72 0.117665
8.725 0.117537
8.73 0.117409
8.735 0.117281
8.74 0.117153
8.745 0.117026
8.75 0.116899
8.755 0.116772
8.76 0.116645
8.765 0.116518
8.77 0.116392
8.775 0.116265
8.78 0.116139
8.785 0.116014
8.79 0.115888
8.795 0.115763
8.8 0.115637
8.805 0.115512
8.81 0.115387
8.815 0.115263
8.82 0.115138
8.825 0.115014
8.83 0.11489
8.835 0.114766
8.84 0.114643
8.845 0.114519
8.85 0.114396
8.855 0.114273
8.86 0.11415
8.865 0.114027
8.87 0.113905
8.875 0.113782
8.88 0.11366
8.885 0.113538
8.89 0.113417
8.895 0.113295
8.9 0.113174
8.905 0.113053
8.91 0.112932
8.915 0.112811
8.92 0.11269
8.925 0.11257
8.93 0.11245
8.935 0.11233
8.94 0.11221
8.945 0.11209
8.95 0.111971
8.955 0.111851
8.96 0.111732
8.965 0.111613
8.97 0.111495
8.975 0.111376
8.98 0.111258
8.985 0.11114
8.99 0.111022
8.995 0.110904
9 0.110786
9.005 0.110669
9.01 0.110551
9.015 0.110434
9.02 0.110317
9.025 0.110201
9.03 0.110084
9.035 0.109968
9.04 0.109852
9.045 0.109736
9.05 0.10962
9.055 0.109504
9.06 0.109389
9.065 0.109274
9.07 0.109158
9.075 0.109043
9.08 0.108929
9.085 0.108814
9.09 0.1087
9.095 0.108586
9.1 0.108471
9.105 0.108358
9.11 0.108244
9.115 0.10813
9.12 0.108017
9.125 0.107904
9.13 0.107791
9.135 0.107678
9.14 0.107565
9.145 0.107453
9.15 0.107341
9.155 0.107228
9.16 0.107117
9.165 0.107005
9.17 0.106893
9.175 0.106782
9.18 0.10667
9.185 0.106559
9.19 0.106448
9.195 0.106338
9.2 0.106227
9.205 0.106116
9.21 0.106006
9.215 0.105896
9.22 0.105786
9.225 0.105676
9.23 0.105567
9.235 0.105457
9.24 0.105348
9.245 0.105239
9.25 0.10513
9.255 0.105021
9.26 0.104913
9.265 0.104804
9.27 0.104696
9.275 0.104588
9.28 0.10448
9.285 0.104372
9.29 0.104264
9.295 0.104157
9.3 0.10405
9.305 0.103943
9.31 0.103836
9.315 0.103729
9.32 0.103622
9.325 0.103516
9.33 0.103409
9.335 0.103303
9.34 0.103197
9.345 0.103091
9.35 0.102986
9.355 0.10288
9.36 0.102775
9.365 0.102669
9.37 0.102564
9.375 0.102459
9.38 0.102355
9.385 0.10225
9.39 0.102146
9.395 0.102041
9.4 0.101937
9.405 0.101833
9.41 0.101729
9.415 0.101626
9.42 0.101522
9.425 0.101419
9.43 0.101316
9.435 0.101213
9.44 0.10111
9.445 0.101007
9.45 0.100905
9.455 0.100802
9.46 0.1007
9.465 0.100598
9.47 0.100496
9.475 0.100394
9.48 0.100292
9.485 0.100191
9.49 0.100089
9.495 0.0999882
9.5 0.0998871
9.505 0.0997862
9.51 0.0996854
9.515 0.0995848
9.52 0.0994843
9.525 0.099384
9.53 0.0992839
9.535 0.0991838
9.54 0.099084
9.545 0.0989842
9.55 0.0988846
9.555 0.0987852
9.56 0.0986859
9.565 0.0985868
9.57 0.0984878
9.575 0.0983889
9.58 0.0982902
9.585 0.0981917
9.59 0.0980933
9.595 0.097995
9.6 0.0978969
9.605 0.0977989
9.61 0.0977011
9.615 0.0976034
9.62 0.0975058
9.625 0.0974084
9.63 0.0973111
9.635 0.097214
9.64 0.097117
9.645 0.0970202
9.65 0.0969235
9.655 0.096827
9.66 0.0967305
9.665 0.0966343
9.67 0.0965381
9.675 0.0964422
9.68 0.0963463
9.685 0.0962506
9.69 0.096155
9.695 0.0960596
9.7 0.0959643
9.705 0.0958691
9.71 0.0957741
9.715 0.0956792
9.72 0.0955845
9.725 0.0954899
9.73 0.0953954
9.735 0.0953011
9.74 0.0952069
9.745 0.0951129
9.75 0.095019
9.755 0.0949252
9.76 0.0948315
9.765 0.094738
9.77 0.0946446
9.775 0.0945514
9.78 0.0944583
9.785 0.0943653
9.79 0.0942725
9.795 0.0941798
9.8 0.0940872
9.805 0.0939948
9.81 0.0939025
9.815 0.0938103
9.82 0.0937183
9.825 0.0936264
9.83 0.0935346
9.835 0.093443
9.84 0.0933515
9.845 0.0932601
9.85 0.0931689
9.855 0.0930777
9.86 0.0929868
9.865 0.0928959
9.87 0.0928052
9.875 0.0927146
9.88 0.0926242
9.885 0.0925338
9.89 0.0924436
9.895 0.0923536
9.9 0.0922636
9.905 0.0921738
9.91 0.0920841
9.915 0.0919946
9.92 0.0919051
9.925 0.0918158
9.93 0.0917266
9.935 0.0916376
9.94 0.0915487
9.945 0.0914599
9.95 0.0913712
9.955 0.0912827
9.96 0.0911943
9.965 0.091106
9.97 0.0910178
9.975 0.0909298
9.98 0.0908419
9.985 0.0907541
9.99 0.0906664
9.995 0.0905789
