0 -nan
0.005 0.893946
0.01 0.354582
0.015 0.74827
0.02 0.771797
0.025 0.331961
0.03 0.145064
0.035 0.568239
0.04 0.597694
0.045 0.386831
0.05 0.176667
0.055 0.0501494
0.06 0.0035833
0.065 0.0100926
0.07 0.0448145
0.075 0.0906767
0.08 0.137595
0.085 0.180332
0.09 0.216635
0.095 0.245939
0.1 0.268559
0.105 0.285213
0.11 0.296753
0.115 0.304031
0.12 0.307824
0.125 0.308816
0.13 0.307588
0.135 0.304623
0.14 0.300323
0.145 0.295012
0.15 0.288955
0.155 0.282364
0.16 0.275409
0.165 0.268225
0.17 0.260919
0.175 0.253575
0.18 0.246259
0.185 0.239021
0.19 0.231901
0.195 0.224925
0.2 0.218117
0.205 0.211491
0.21 0.205057
0.215 0.198821
0.22 0.192787
0.225 0.186955
0.23 0.181324
0.235 0.175892
0.24 0.170654
0.245 0.165607
0.25 0.160745
0.255 0.156063
0.26 0.151555
0.265 0.147215
0.27 0.143037
0.275 0.139014
0.28 0.135141
0.285 0.131413
0.29 0.127822
0.295 0.124364
0.3 0.121033
0.305 0.117824
0.31 0.114731
0.315 0.11175
0.32 0.108876
0.325 0.106105
0.33 0.103432
0.335 0.100853
0.34 0.0983637
0.345 0.0959608
0.35 0.0936404
0.355 0.0913992
0.36 0.0892338
0.365 0.0871411
0.37 0.085118
0.375 0.0831616
0.38 0.0812693
0.385 0.0794384
0.39 0.0776665
0.395 0.075951
0.4 0.0742899
0.405 0.0726808
0.41 0.0711218
0.415 0.0696109
0.42 0.0681462
0.425 0.0667259
0.43 0.0653484
0.435 0.0640118
0.44 0.0627148
0.445 0.0614558
0.45 0.0602334
0.455 0.0590463
0.46 0.057893
0.465 0.0567725
0.47 0.0556835
0.475 0.0546248
0.48 0.0535954
0.485 0.0525942
0.49 0.0516203
0.495 0.0506726
0.5 0.0497503
0.505 0.0488525
0.51 0.0479784
0.515 0.047127
0.52 0.0462978
0.525 0.0454899
0.53 0.0447026
0.535 0.0439352
0.54 0.0431872
0.545 0.0424577
0.55 0.0417464
0.555 0.0410524
0.56 0.0403755
0.565 0.0397148
0.57 0.0390701
0.575 0.0384407
0.58 0.0378262
0.585 0.0372261
0.59 0.03664
0.595 0.0360675
0.6 0.0355081
0.605 0.0349615
0.61 0.0344272
0.615 0.033905
0.62 0.0333944
0.625 0.0328952
0.63 0.0324069
0.635 0.0319294
0.64 0.0314622
0.645 0.031005
0.65 0.0305577
0.655 0.0301199
0.66 0.0296913
0.665 0.0292717
0.67 0.0288609
0.675 0.0284586
0.68 0.0280645
0.685 0.0276785
0.69 0.0273004
0.695 0.0269299
0.7 0.0265668
0.705 0.0262109
0.71 0.0258621
0.715 0.0255202
0.72 0.0251849
0.725 0.0248561
0.73 0.0245337
0.735 0.0242175
0.74 0.0239073
0.745 0.023603
0.75 0.0233044
0.755 0.0230114
0.76 0.0227239
0.765 0.0224417
0.77 0.0221646
0.775 0.0218927
0.78 0.0216256
0.785 0.0213634
0.79 0.0211059
0.795 0.020853
0.8 0.0206046
0.805 0.0203606
0.81 0.0201209
0.815 0.0198853
0.82 0.0196539
0.825 0.0194264
0.83 0.0192028
0.835 0.0189831
0.84 0.018767
0.845 0.0185547
0.85 0.0183459
0.855 0.0181405
0.86 0.0179386
0.865 0.01774
0.87 0.0175447
0.875 0.0173526
0.88 0.0171636
0.885 0.0169776
0.89 0.0167947
0.895 0.0166147
0.9 0.0164375
0.905 0.0162631
0.91 0.0160915
0.915 0.0159226
0.92 0.0157563
0.925 0.0155926
0.93 0.0154314
0.935 0.0152727
0.94 0.0151164
0.945 0.0149625
0.95 0.0148109
0.955 0.0146617
0.96 0.0145146
0.965 0.0143697
0.97 0.014227
0.975 0.0140864
0.98 0.0139479
0.985 0.0138113
0.99 0.0136768
0.995 0.0135442
1 0.0134136
1.005 0.0132848
1.01 0.0131578
1.015 0.0130327
1.02 0.0129093
1.025 0.0127876
1.03 0.0126677
1.035 0.0125494
1.04 0.0124328
1.045 0.0123178
1.05 0.0122044
1.055 0.0120925
1.06 0.0119821
1.065 0.0118733
1.07 0.0117659
1.075 0.01166
1.08 0.0115555
1.085 0.0114524
1.09 0.0113506
1.095 0.0112502
1.1 0.0111511
1.105 0.0110533
1.11 0.0109568
1.115 0.0108616
1.12 0.0107676
1.125 0.0106748
1.13 0.0105832
1.135 0.0104927
1.14 0.0104034
1.145 0.0103153
1.15 0.0102282
1.155 0.0101423
1.16 0.0100574
1.165 0.00997357
1.17 0.00989079
1.175 0.00980904
1.18 0.00972829
1.185 0.00964854
1.19 0.00956975
1.195 0.00949193
1.2 0.00941505
1.205 0.00933909
1.21 0.00926405
1.215 0.00918991
1.22 0.00911665
1.225 0.00904426
1.23 0.00897273
1.235 0.00890205
1.24 0.00883219
1.245 0.00876315
1.25 0.00869491
1.255 0.00862747
1.26 0.00856081
1.265 0.00849491
1.27 0.00842977
1.275 0.00836537
1.28 0.00830171
1.285 0.00823877
1.29 0.00817655
1.295 0.00811502
1.3 0.00805418
1.305 0.00799403
1.31 0.00793454
1.315 0.00787571
1.32 0.00781754
1.325 0.00776
1.33 0.0077031
1.335 0.00764682
1.34 0.00759115
1.345 0.00753609
1.35 0.00748162
1.355 0.00742774
1.36 0.00737444
1.365 0.0073217
1.37 0.00726954
1.375 0.00721792
1.38 0.00716685
1.385 0.00711633
1.39 0.00706633
1.395 0.00701686
1.4 0.0069679
1.405 0.00691945
1.41 0.00687151
1.415 0.00682406
1.42 0.0067771
1.425 0.00673063
1.43 0.00668462
1.435 0.00663909
1.44 0.00659402
1.445 0.00654941
1.45 0.00650525
1.455 0.00646153
1.46 0.00641825
1.465 0.0063754
1.47 0.00633298
1.475 0.00629098
1.48 0.0062494
1.485 0.00620823
1.49 0.00616746
1.495 0.00612709
1.5 0.00608712
1.505 0.00604753
1.51 0.00600833
1.515 0.00596951
1.52 0.00593107
1.525 0.00589299
1.53 0.00585528
1.535 0.00581793
1.54 0.00578093
1.545 0.00574429
1.55 0.00570799
1.555 0.00567203
1.56 0.00563641
1.565 0.00560113
1.57 0.00556618
1.575 0.00553155
1.58 0.00549724
1.585 0.00546326
1.59 0.00542958
1.595 0.00539622
1.6 0.00536316
1.605 0.0053304
1.61 0.00529794
1.615 0.00526578
1.62 0.00523391
1.625 0.00520233
1.63 0.00517103
1.635 0.00514002
1.64 0.00510928
1.645 0.00507881
1.65 0.00504862
1.655 0.00501869
1.66 0.00498903
1.665 0.00495964
1.67 0.0049305
1.675 0.00490161
1.68 0.00487298
1.685 0.0048446
1.69 0.00481647
1.695 0.00478858
1.7 0.00476093
1.705 0.00473352
1.71 0.00470634
1.715 0.0046794
1.72 0.00465269
1.725 0.00462621
1.73 0.00459995
1.735 0.00457391
1.74 0.0045481
1.745 0.0045225
1.75 0.00449712
1.755 0.00447195
1.76 0.00444699
1.765 0.00442224
1.77 0.00439769
1.775 0.00437335
1.78 0.00434921
1.785 0.00432527
1.79 0.00430153
1.795 0.00427798
1.8 0.00425462
1.805 0.00423145
1.81 0.00420848
1.815 0.00418569
1.82 0.00416308
1.825 0.00414065
1.83 0.00411841
1.835 0.00409635
1.84 0.00407446
1.845 0.00405274
1.85 0.0040312
1.855 0.00400983
1.86 0.00398863
1.865 0.0039676
1.87 0.00394673
1.875 0.00392603
1.88 0.00390549
1.885 0.00388511
1.89 0.00386489
1.895 0.00384482
1.9 0.00382491
1.905 0.00380516
1.91 0.00378556
1.915 0.00376611
1.92 0.00374681
1.925 0.00372765
1.93 0.00370864
1.935 0.00368978
1.94 0.00367106
1.945 0.00365249
1.95 0.00363405
1.955 0.00361575
1.96 0.00359759
1.965 0.00357957
1.97 0.00356168
1.975 0.00354393
1.98 0.0035263
1.985 0.00350881
1.99 0.00349145
1.995 0.00347422
2 0.00345711
2.005 0.00344013
2.01 0.00342328
2.015 0.00340654
2.02 0.00338993
2.025 0.00337345
2.03 0.00335708
2.035 0.00334083
2.04 0.0033247
2.045 0.00330868
2.05 0.00329278
2.055 0.00327699
2.06 0.00326132
2.065 0.00324576
2.07 0.00323031
2.075 0.00321497
2.08 0.00319974
2.085 0.00318461
2.09 0.0031696
2.095 0.00315469
2.1 0.00313988
2.105 0.00312518
2.11 0.00311058
2.115 0.00309608
2.12 0.00308169
2.125 0.00306739
2.13 0.0030532
2.135 0.0030391
2.14 0.0030251
2.145 0.00301119
2.15 0.00299738
2.155 0.00298367
2.16 0.00297005
2.165 0.00295652
2.17 0.00294309
2.175 0.00292974
2.18 0.00291649
2.185 0.00290333
2.19 0.00289025
2.195 0.00287726
2.2 0.00286436
2.205 0.00285155
2.21 0.00283882
2.215 0.00282618
2.22 0.00281362
2.225 0.00280115
2.23 0.00278876
2.235 0.00277645
2.24 0.00276422
2.245 0.00275207
2.25 0.00274
2.255 0.00272801
2.26 0.0027161
2.265 0.00270427
2.27 0.00269251
2.275 0.00268083
2.28 0.00266923
2.285 0.0026577
2.29 0.00264625
2.295 0.00263487
2.3 0.00262356
2.305 0.00261232
2.31 0.00260116
2.315 0.00259007
2.32 0.00257905
2.325 0.0025681
2.33 0.00255722
2.335 0.00254641
2.34 0.00253566
2.345 0.00252499
2.35 0.00251438
2.355 0.00250384
2.36 0.00249336
2.365 0.00248295
2.37 0.00247261
2.375 0.00246233
2.38 0.00245211
2.385 0.00244196
2.39 0.00243187
2.395 0.00242184
2.4 0.00241187
2.405 0.00240197
2.41 0.00239213
2.415 0.00238234
2.42 0.00237262
2.425 0.00236296
2.43 0.00235335
2.435 0.0023438
2.44 0.00233431
2.445 0.00232488
2.45 0.00231551
2.455 0.00230619
2.46 0.00229693
2.465 0.00228772
2.47 0.00227857
2.475 0.00226948
2.48 0.00226043
2.485 0.00225145
2.49 0.00224251
2.495 0.00223363
2.5 0.0022248
2.505 0.00221602
2.51 0.0022073
2.515 0.00219863
2.52 0.00219
2.525 0.00218143
2.53 0.00217291
2.535 0.00216444
2.54 0.00215602
2.545 0.00214764
2.55 0.00213932
2.555 0.00213104
2.56 0.00212281
2.565 0.00211463
2.57 0.0021065
2.575 0.00209841
2.58 0.00209037
2.585 0.00208238
2.59 0.00207443
2.595 0.00206653
2.6 0.00205867
2.605 0.00205085
2.61 0.00204308
2.615 0.00203536
2.62 0.00202768
2.625 0.00202004
2.63 0.00201245
2.635 0.00200489
2.64 0.00199738
2.645 0.00198992
2.65 0.00198249
2.655 0.00197511
2.66 0.00196776
2.665 0.00196046
2.67 0.0019532
2.675 0.00194598
2.68 0.00193879
2.685 0.00193165
2.69 0.00192455
2.695 0.00191749
2.7 0.00191046
2.705 0.00190348
2.71 0.00189653
2.715 0.00188962
2.72 0.00188275
2.725 0.00187591
2.73 0.00186911
2.735 0.00186235
2.74 0.00185563
2.745 0.00184894
2.75 0.00184229
2.755 0.00183567
2.76 0.00182909
2.765 0.00182255
2.77 0.00181604
2.775 0.00180956
2.78 0.00180312
2.785 0.00179671
2.79 0.00179034
2.795 0.001784
2.8 0.0017777
2.805 0.00177142
2.81 0.00176519
2.815 0.00175898
2.82 0.00175281
2.825 0.00174667
2.83 0.00174056
2.835 0.00173448
2.84 0.00172844
2.845 0.00172242
2.85 0.00171644
2.855 0.00171049
2.86 0.00170457
2.865 0.00169868
2.87 0.00169282
2.875 0.001687
2.88 0.0016812
2.885 0.00167543
2.89 0.00166969
2.895 0.00166398
2.9 0.0016583
2.905 0.00165265
2.91 0.00164703
2.915 0.00164143
2.92 0.00163587
2.925 0.00163033
2.93 0.00162482
2.935 0.00161934
2.94 0.00161389
2.945 0.00160846
2.95 0.00160306
2.955 0.00159769
2.96 0.00159234
2.965 0.00158703
2.97 0.00158173
2.975 0.00157647
2.98 0.00157123
2.985 0.00156602
2.99 0.00156083
2.995 0.00155567
3 0.00155054
3.005 0.00154542
3.01 0.00154034
3.015 0.00153528
3.02 0.00153025
3.025 0.00152523
3.03 0.00152025
3.035 0.00151529
3.04 0.00151035
3.045 0.00150544
3.05 0.00150055
3.055 0.00149568
3.06 0.00149084
3.065 0.00148602
3.07 0.00148123
3.075 0.00147646
3.08 0.00147171
3.085 0.00146698
3.09 0.00146228
3.095 0.0014576
3.1 0.00145294
3.105 0.0014483
3.11 0.00144369
3.115 0.0014391
3.12 0.00143453
3.125 0.00142998
3.13 0.00142545
3.135 0.00142095
3.14 0.00141647
3.145 0.001412
3.15 0.00140756
3.155 0.00140314
3.16 0.00139874
3.165 0.00139436
3.17 0.00139
3.175 0.00138566
3.18 0.00138135
3.185 0.00137705
3.19 0.00137277
3.195 0.00136851
3.2 0.00136428
3.205 0.00136006
3.21 0.00135586
3.215 0.00135168
3.22 0.00134752
3.225 0.00134338
3.23 0.00133925
3.235 0.00133515
3.24 0.00133107
3.245 0.001327
3.25 0.00132295
3.255 0.00131893
3.26 0.00131492
3.265 0.00131092
3.27 0.00130695
3.275 0.00130299
3.28 0.00129906
3.285 0.00129514
3.29 0.00129123
3.295 0.00128735
3.3 0.00128348
3.305 0.00127963
3.31 0.0012758
3.315 0.00127199
3.32 0.00126819
3.325 0.00126441
3.33 0.00126064
3.335 0.00125689
3.34 0.00125316
3.345 0.00124945
3.35 0.00124575
3.355 0.00124207
3.36 0.0012384
3.365 0.00123476
3.37 0.00123112
3.375 0.00122751
3.38 0.0012239
3.385 0.00122032
3.39 0.00121675
3.395 0.0012132
3.4 0.00120966
3.405 0.00120614
3.41 0.00120263
3.415 0.00119914
3.42 0.00119566
3.425 0.0011922
3.43 0.00118875
3.435 0.00118532
3.44 0.0011819
3.445 0.0011785
3.45 0.00117511
3.455 0.00117174
3.46 0.00116838
3.465 0.00116504
3.47 0.00116171
3.475 0.00115839
3.48 0.00115509
3.485 0.0011518
3.49 0.00114853
3.495 0.00114527
3.5 0.00114202
3.505 0.00113879
3.51 0.00113557
3.515 0.00113237
3.52 0.00112918
3.525 0.001126
3.53 0.00112284
3.535 0.00111969
3.54 0.00111655
3.545 0.00111342
3.55 0.00111031
3.555 0.00110721
3.56 0.00110413
3.565 0.00110106
3.57 0.001098
3.575 0.00109495
3.58 0.00109192
3.585 0.00108889
3.59 0.00108589
3.595 0.00108289
3.6 0.0010799
3.605 0.00107693
3.61 0.00107397
3.615 0.00107103
3.62 0.00106809
3.625 0.00106517
3.63 0.00106226
3.635 0.00105936
3.64 0.00105647
3.645 0.00105359
3.65 0.00105073
3.655 0.00104788
3.66 0.00104504
3.665 0.00104221
3.67 0.00103939
3.675 0.00103658
3.68 0.00103379
3.685 0.001031
3.69 0.00102823
3.695 0.00102547
3.7 0.00102272
3.705 0.00101998
3.71 0.00101725
3.715 0.00101453
3.72 0.00101183
3.725 0.00100913
3.73 0.00100645
3.735 0.00100377
3.74 0.00100111
3.745 0.000998456
3.75 0.000995814
3.755 0.000993182
3.76 0.00099056
3.765 0.000987949
3.77 0.000985348
3.775 0.000982758
3.78 0.000980177
3.785 0.000977607
3.79 0.000975047
3.795 0.000972497
3.8 0.000969957
3.805 0.000967426
3.81 0.000964906
3.815 0.000962396
3.82 0.000959895
3.825 0.000957404
3.83 0.000954923
3.835 0.000952451
3.84 0.000949989
3.845 0.000947536
3.85 0.000945093
3.855 0.00094266
3.86 0.000940235
3.865 0.00093782
3.87 0.000935415
3.875 0.000933019
3.88 0.000930631
3.885 0.000928253
3.89 0.000925884
3.895 0.000923525
3.9 0.000921174
3.905 0.000918832
3.91 0.000916499
3.915 0.000914175
3.92 0.000911859
3.925 0.000909553
3.93 0.000907255
3.935 0.000904966
3.94 0.000902686
3.945 0.000900414
3.95 0.000898151
3.955 0.000895896
3.96 0.00089365
3.965 0.000891412
3.97 0.000889182
3.975 0.000886961
3.98 0.000884749
3.985 0.000882544
3.99 0.000880348
3.995 0.00087816
4 0.00087598
4.005 0.000873808
4.01 0.000871644
4.015 0.000869489
4.02 0.000867341
4.025 0.000865201
4.03 0.000863069
4.035 0.000860945
4.04 0.000858829
4.045 0.00085672
4.05 0.00085462
4.055 0.000852527
4.06 0.000850442
4.065 0.000848364
4.07 0.000846294
4.075 0.000844232
4.08 0.000842177
4.085 0.000840129
4.09 0.000838089
4.095 0.000836057
4.1 0.000834032
4.105 0.000832014
4.11 0.000830003
4.115 0.000828
4.12 0.000826004
4.125 0.000824015
4.13 0.000822034
4.135 0.000820059
4.14 0.000818092
4.145 0.000816131
4.15 0.000814178
4.155 0.000812232
4.16 0.000810293
4.165 0.00080836
4.17 0.000806435
4.175 0.000804516
4.18 0.000802604
4.185 0.0008007
4.19 0.000798801
4.195 0.00079691
4.2 0.000795025
4.205 0.000793147
4.21 0.000791276
4.215 0.000789411
4.22 0.000787553
4.225 0.000785701
4.23 0.000783856
4.235 0.000782017
4.24 0.000780185
4.245 0.000778359
4.25 0.00077654
4.255 0.000774727
4.26 0.000772921
4.265 0.00077112
4.27 0.000769326
4.275 0.000767538
4.28 0.000765757
4.285 0.000763981
4.29 0.000762212
4.295 0.000760449
4.3 0.000758692
4.305 0.000756941
4.31 0.000755196
4.315 0.000753458
4.32 0.000751725
4.325 0.000749998
4.33 0.000748277
4.335 0.000746562
4.34 0.000744853
4.345 0.00074315
4.35 0.000741452
4.355 0.000739761
4.36 0.000738075
4.365 0.000736395
4.37 0.000734721
4.375 0.000733052
4.38 0.000731389
4.385 0.000729732
4.39 0.00072808
4.395 0.000726434
4.4 0.000724794
4.405 0.000723159
4.41 0.000721529
4.415 0.000719905
4.42 0.000718287
4.425 0.000716674
4.43 0.000715066
4.435 0.000713464
4.44 0.000711867
4.445 0.000710276
4.45 0.00070869
4.455 0.000707109
4.46 0.000705534
4.465 0.000703963
4.47 0.000702398
4.475 0.000700839
4.48 0.000699284
4.485 0.000697734
4.49 0.00069619
4.495 0.000694651
4.5 0.000693117
4.505 0.000691588
4.51 0.000690064
4.515 0.000688545
4.52 0.000687031
4.525 0.000685522
4.53 0.000684018
4.535 0.000682519
4.54 0.000681025
4.545 0.000679536
4.55 0.000678052
4.555 0.000676572
4.56 0.000675097
4.565 0.000673628
4.57 0.000672163
4.575 0.000670702
4.58 0.000669247
4.585 0.000667796
4.59 0.00066635
4.595 0.000664909
4.6 0.000663472
4.605 0.00066204
4.61 0.000660613
4.615 0.00065919
4.62 0.000657772
4.625 0.000656358
4.63 0.000654949
4.635 0.000653544
4.64 0.000652144
4.645 0.000650749
4.65 0.000649358
4.655 0.000647971
4.66 0.000646589
4.665 0.000645211
4.67 0.000643838
4.675 0.000642469
4.68 0.000641104
4.685 0.000639744
4.69 0.000638388
4.695 0.000637036
4.7 0.000635689
4.705 0.000634346
4.71 0.000633007
4.715 0.000631672
4.72 0.000630342
4.725 0.000629016
4.73 0.000627694
4.735 0.000626376
4.74 0.000625062
4.745 0.000623752
4.75 0.000622447
4.755 0.000621146
4.76 0.000619848
4.765 0.000618555
4.77 0.000617266
4.775 0.000615981
4.78 0.0006147
4.785 0.000613422
4.79 0.000612149
4.795 0.00061088
4.8 0.000609615
4.805 0.000608353
4.81 0.000607096
4.815 0.000605842
4.82 0.000604593
4.825 0.000603347
4.83 0.000602105
4.835 0.000600867
4.84 0.000599632
4.845 0.000598402
4.85 0.000597175
4.855 0.000595952
4.86 0.000594733
4.865 0.000593517
4.87 0.000592306
4.875 0.000591097
4.88 0.000589893
4.885 0.000588692
4.89 0.000587495
4.895 0.000586302
4.9 0.000585112
4.905 0.000583926
4.91 0.000582744
4.915 0.000581565
4.92 0.000580389
4.925 0.000579217
4.93 0.000578049
4.935 0.000576884
4.94 0.000575723
4.945 0.000574565
4.95 0.000573411
4.955 0.00057226
4.96 0.000571113
4.965 0.000569969
4.97 0.000568829
4.975 0.000567692
4.98 0.000566558
4.985 0.000565428
4.99 0.000564301
4.995 0.000563178
5 0.000562058
5.005 0.000560941
5.01 0.000559827
5.015 0.000558717
5.02 0.000557611
5.025 0.000556507
5.03 0.000555407
5.035 0.00055431
5.04 0.000553216
5.045 0.000552125
5.05 0.000551038
5.055 0.000549954
5.06 0.000548873
5.065 0.000547795
5.07 0.000546721
5.075 0.000545649
5.08 0.000544581
5.085 0.000543516
5.09 0.000542454
5.095 0.000541395
5.1 0.000540339
5.105 0.000539287
5.11 0.000538237
5.115 0.00053719
5.12 0.000536147
5.125 0.000535106
5.13 0.000534069
5.135 0.000533034
5.14 0.000532003
5.145 0.000530974
5.15 0.000529949
5.155 0.000528926
5.16 0.000527907
5.165 0.00052689
5.17 0.000525877
5.175 0.000524866
5.18 0.000523858
5.185 0.000522853
5.19 0.000521851
5.195 0.000520852
5.2 0.000519856
5.205 0.000518862
5.21 0.000517872
5.215 0.000516884
5.22 0.000515899
5.225 0.000514917
5.23 0.000513937
5.235 0.000512961
5.24 0.000511987
5.245 0.000511016
5.25 0.000510048
5.255 0.000509082
5.26 0.000508119
5.265 0.000507159
5.27 0.000506202
5.275 0.000505248
5.28 0.000504296
5.285 0.000503346
5.29 0.0005024
5.295 0.000501456
5.3 0.000500515
5.305 0.000499576
5.31 0.00049864
5.315 0.000497707
5.32 0.000496776
5.325 0.000495848
5.33 0.000494923
5.335 0.000494
5.34 0.00049308
5.345 0.000492162
5.35 0.000491247
5.355 0.000490334
5.36 0.000489424
5.365 0.000488516
5.37 0.000487611
5.375 0.000486709
5.38 0.000485809
5.385 0.000484911
5.39 0.000484016
5.395 0.000483124
5.4 0.000482234
5.405 0.000481346
5.41 0.000480461
5.415 0.000479578
5.42 0.000478698
5.425 0.00047782
5.43 0.000476944
5.435 0.000476071
5.44 0.0004752
5.445 0.000474332
5.45 0.000473466
5.455 0.000472603
5.46 0.000471741
5.465 0.000470883
5.47 0.000470026
5.475 0.000469172
5.48 0.00046832
5.485 0.000467471
5.49 0.000466623
5.495 0.000465778
5.5 0.000464936
5.505 0.000464095
5.51 0.000463257
5.515 0.000462422
5.52 0.000461588
5.525 0.000460757
5.53 0.000459928
5.535 0.000459101
5.54 0.000458276
5.545 0.000457454
5.55 0.000456634
5.555 0.000455816
5.56 0.000455
5.565 0.000454187
5.57 0.000453375
5.575 0.000452566
5.58 0.000451759
5.585 0.000450954
5.59 0.000450151
5.595 0.000449351
5.6 0.000448552
5.605 0.000447756
5.61 0.000446962
5.615 0.00044617
5.62 0.00044538
5.625 0.000444592
5.63 0.000443806
5.635 0.000443022
5.64 0.00044224
5.645 0.000441461
5.65 0.000440683
5.655 0.000439908
5.66 0.000439134
5.665 0.000438363
5.67 0.000437593
5.675 0.000436826
5.68 0.000436061
5.685 0.000435297
5.69 0.000434536
5.695 0.000433777
5.7 0.000433019
5.705 0.000432264
5.71 0.000431511
5.715 0.000430759
5.72 0.00043001
5.725 0.000429262
5.73 0.000428517
5.735 0.000427773
5.74 0.000427032
5.745 0.000426292
5.75 0.000425554
5.755 0.000424818
5.76 0.000424084
5.765 0.000423352
5.77 0.000422622
5.775 0.000421893
5.78 0.000421167
5.785 0.000420442
5.79 0.00041972
5.795 0.000418999
5.8 0.00041828
5.805 0.000417563
5.81 0.000416847
5.815 0.000416134
5.82 0.000415422
5.825 0.000414712
5.83 0.000414004
5.835 0.000413298
5.84 0.000412594
5.845 0.000411891
5.85 0.000411191
5.855 0.000410492
5.86 0.000409794
5.865 0.000409099
5.87 0.000408405
5.875 0.000407713
5.88 0.000407023
5.885 0.000406335
5.89 0.000405648
5.895 0.000404963
5.9 0.00040428
5.905 0.000403599
5.91 0.000402919
5.915 0.000402241
5.92 0.000401564
5.925 0.00040089
5.93 0.000400217
5.935 0.000399546
5.94 0.000398876
5.945 0.000398208
5.95 0.000397542
5.955 0.000396878
5.96 0.000396215
5.965 0.000395554
5.97 0.000394894
5.975 0.000394236
5.98 0.00039358
5.985 0.000392925
5.99 0.000392272
5.995 0.000391621
6 0.000390971
6.005 0.000390323
6.01 0.000389677
6.015 0.000389032
6.02 0.000388389
6.025 0.000387747
6.03 0.000387107
6.035 0.000386468
6.04 0.000385831
6.045 0.000385196
6.05 0.000384562
6.055 0.00038393
6.06 0.000383299
6.065 0.00038267
6.07 0.000382043
6.075 0.000381416
6.08 0.000380792
6.085 0.000380169
6.09 0.000379548
6.095 0.000378928
6.1 0.000378309
6.105 0.000377692
6.11 0.000377077
6.115 0.000376463
6.12 0.000375851
6.125 0.00037524
6.13 0.00037463
6.135 0.000374023
6.14 0.000373416
6.145 0.000372811
6.15 0.000372208
6.155 0.000371606
6.16 0.000371005
6.165 0.000370406
6.17 0.000369808
6.175 0.000369212
6.18 0.000368617
6.185 0.000368024
6.19 0.000367432
6.195 0.000366841
6.2 0.000366252
6.205 0.000365665
6.21 0.000365078
6.215 0.000364494
6.22 0.00036391
6.225 0.000363328
6.23 0.000362748
6.235 0.000362168
6.24 0.00036159
6.245 0.000361014
6.25 0.000360439
6.255 0.000359865
6.26 0.000359293
6.265 0.000358722
6.27 0.000358152
6.275 0.000357584
6.28 0.000357017
6.285 0.000356451
6.29 0.000355887
6.295 0.000355324
6.3 0.000354763
6.305 0.000354203
6.31 0.000353644
6.315 0.000353086
6.32 0.00035253
6.325 0.000351975
6.33 0.000351421
6.335 0.000350869
6.34 0.000350318
6.345 0.000349768
6.35 0.00034922
6.355 0.000348672
6.36 0.000348127
6.365 0.000347582
6.37 0.000347039
6.375 0.000346497
6.38 0.000345956
6.385 0.000345416
6.39 0.000344878
6.395 0.000344341
6.4 0.000343805
6.405 0.000343271
6.41 0.000342738
6.415 0.000342206
6.42 0.000341675
6.425 0.000341145
6.43 0.000340617
6.435 0.00034009
6.44 0.000339564
6.445 0.00033904
6.45 0.000338516
6.455 0.000337994
6.46 0.000337473
6.465 0.000336953
6.47 0.000336435
6.475 0.000335917
6.48 0.000335401
6.485 0.000334886
6.49 0.000334372
6.495 0.000333859
6.5 0.000333348
6.505 0.000332838
6.51 0.000332329
6.515 0.000331821
6.52 0.000331314
6.525 0.000330808
6.53 0.000330304
6.535 0.0003298
6.54 0.000329298
6.545 0.000328797
6.55 0.000328297
6.555 0.000327798
6.56 0.000327301
6.565 0.000326804
6.57 0.000326309
6.575 0.000325815
6.58 0.000325322
6.585 0.00032483
6.59 0.000324339
6.595 0.000323849
6.6 0.00032336
6.605 0.000322873
6.61 0.000322386
6.615 0.000321901
6.62 0.000321417
6.625 0.000320934
6.63 0.000320452
6.635 0.000319971
6.64 0.000319491
6.645 0.000319012
6.65 0.000318534
6.655 0.000318057
6.66 0.000317582
6.665 0.000317107
6.67 0.000316634
6.675 0.000316161
6.68 0.00031569
6.685 0.00031522
6.69 0.00031475
6.695 0.000314282
6.7 0.000313815
6.705 0.000313349
6.71 0.000312884
6.715 0.00031242
6.72 0.000311957
6.725 0.000311495
6.73 0.000311034
6.735 0.000310574
6.74 0.000310115
6.745 0.000309657
6.75 0.0003092
6.755 0.000308744
6.76 0.000308289
6.765 0.000307835
6.77 0.000307383
6.775 0.000306931
6.78 0.00030648
6.785 0.00030603
6.79 0.000305581
6.795 0.000305133
6.8 0.000304686
6.805 0.00030424
6.81 0.000303795
6.815 0.000303351
6.82 0.000302908
6.825 0.000302466
6.83 0.000302025
6.835 0.000301585
6.84 0.000301146
6.845 0.000300708
6.85 0.00030027
6.855 0.000299834
6.86 0.000299399
6.865 0.000298964
6.87 0.000298531
6.875 0.000298098
6.88 0.000297667
6.885 0.000297236
6.89 0.000296807
6.895 0.000296378
6.9 0.00029595
6.905 0.000295523
6.91 0.000295097
6.915 0.000294672
6.92 0.000294248
6.925 0.000293825
6.93 0.000293402
6.935 0.000292981
6.94 0.00029256
6.945 0.000292141
6.95 0.000291722
6.955 0.000291304
6.96 0.000290887
6.965 0.000290471
6.97 0.000290056
6.975 0.000289642
6.98 0.000289229
6.985 0.000288816
6.99 0.000288405
6.995 0.000287994
7 0.000287584
7.005 0.000287175
7.01 0.000286767
7.015 0.00028636
7.02 0.000285954
7.025 0.000285548
7.03 0.000285143
7.035 0.00028474
7.04 0.000284337
7.045 0.000283935
7.05 0.000283534
7.055 0.000283133
7.06 0.000282734
7.065 0.000282335
7.07 0.000281937
7.075 0.00028154
7.08 0.000281144
7.085 0.000280749
7.09 0.000280354
7.095 0.000279961
7.1 0.000279568
7.105 0.000279176
7.11 0.000278785
7.115 0.000278395
7.12 0.000278005
7.125 0.000277616
7.13 0.000277228
7.135 0.000276841
7.14 0.000276455
7.145 0.00027607
7.15 0.000275685
7.155 0.000275301
7.16 0.000274918
7.165 0.000274536
7.17 0.000274154
7.175 0.000273774
7.18 0.000273394
7.185 0.000273015
7.19 0.000272637
7.195 0.000272259
7.2 0.000271882
7.205 0.000271506
7.21 0.000271131
7.215 0.000270757
7.22 0.000270383
7.225 0.00027001
7.23 0.000269638
7.235 0.000269267
7.24 0.000268897
7.245 0.000268527
7.25 0.000268158
7.255 0.00026779
7.26 0.000267422
7.265 0.000267055
7.27 0.000266689
7.275 0.000266324
7.28 0.00026596
7.285 0.000265596
7.29 0.000265233
7.295 0.000264871
7.3 0.000264509
7.305 0.000264149
7.31 0.000263789
7.315 0.000263429
7.32 0.000263071
7.325 0.000262713
7.33 0.000262356
7.335 0.000262
7.34 0.000261644
7.345 0.000261289
7.35 0.000260935
7.355 0.000260581
7.36 0.000260229
7.365 0.000259877
7.37 0.000259525
7.375 0.000259175
7.38 0.000258825
7.385 0.000258476
7.39 0.000258127
7.395 0.000257779
7.4 0.000257432
7.405 0.000257086
7.41 0.00025674
7.415 0.000256395
7.42 0.000256051
7.425 0.000255707
7.43 0.000255364
7.435 0.000255022
7.44 0.000254681
7.445 0.00025434
7.45 0.000254
7.455 0.00025366
7.46 0.000253322
7.465 0.000252983
7.47 0.000252646
7.475 0.000252309
7.48 0.000251973
7.485 0.000251638
7.49 0.000251303
7.495 0.000250969
7.5 0.000250635
7.505 0.000250303
7.51 0.000249971
7.515 0.000249639
7.52 0.000249308
7.525 0.000248978
7.53 0.000248649
7.535 0.00024832
7.54 0.000247992
7.545 0.000247664
7.55 0.000247338
7.555 0.000247011
7.56 0.000246686
7.565 0.000246361
7.57 0.000246037
7.575 0.000245713
7.58 0.00024539
7.585 0.000245068
7.59 0.000244746
7.595 0.000244425
7.6 0.000244104
7.605 0.000243784
7.61 0.000243465
7.615 0.000243147
7.62 0.000242829
7.625 0.000242511
7.63 0.000242195
7.635 0.000241879
7.64 0.000241563
7.645 0.000241248
7.65 0.000240934
7.655 0.00024062
7.66 0.000240307
7.665 0.000239995
7.67 0.000239683
7.675 0.000239372
7.68 0.000239061
7.685 0.000238751
7.69 0.000238442
7.695 0.000238133
7.7 0.000237825
7.705 0.000237517
7.71 0.00023721
7.715 0.000236904
7.72 0.000236598
7.725 0.000236293
7.73 0.000235988
7.735 0.000235684
7.74 0.000235381
7.745 0.000235078
7.75 0.000234776
7.755 0.000234474
7.76 0.000234173
7.765 0.000233873
7.77 0.000233573
7.775 0.000233273
7.78 0.000232974
7.785 0.000232676
7.79 0.000232379
7.795 0.000232082
7.8 0.000231785
7.805 0.000231489
7.81 0.000231194
7.815 0.000230899
7.82 0.000230605
7.825 0.000230311
7.83 0.000230018
7.835 0.000229725
7.84 0.000229433
7.845 0.000229142
7.85 0.000228851
7.855 0.000228561
7.86 0.000228271
7.865 0.000227982
7.87 0.000227693
7.875 0.000227405
7.88 0.000227117
7.885 0.00022683
7.89 0.000226544
7.895 0.000226258
7.9 0.000225972
7.905 0.000225687
7.91 0.000225403
7.915 0.000225119
7.92 0.000224836
7.925 0.000224553
7.93 0.000224271
7.935 0.000223989
7.94 0.000223708
7.945 0.000223428
7.95 0.000223147
7.955 0.000222868
7.96 0.000222589
7.965 0.00022231
7.97 0.000222032
7.975 0.000221755
7.98 0.000221478
7.985 0.000221202
7.99 0.000220926
7.995 0.00022065
8 0.000220375
8.005 0.000220101
8.01 0.000219827
8.015 0.000219554
8.02 0.000219281
8.025 0.000219009
8.03 0.000218737
8.035 0.000218465
8.04 0.000218195
8.045 0.000217924
8.05 0.000217655
8.055 0.000217385
8.06 0.000217116
8.065 0.000216848
8.07 0.00021658
8.075 0.000216313
8.08 0.000216046
8.085 0.00021578
8.09 0.000215514
8.095 0.000215249
8.1 0.000214984
8.105 0.000214719
8.11 0.000214456
8.115 0.000214192
8.12 0.000213929
8.125 0.000213667
8.13 0.000213405
8.135 0.000213143
8.14 0.000212883
8.145 0.000212622
8.15 0.000212362
8.155 0.000212102
8.16 0.000211843
8.165 0.000211585
8.17 0.000211327
8.175 0.000211069
8.18 0.000210812
8.185 0.000210555
8.19 0.000210299
8.195 0.000210043
8.2 0.000209788
8.205 0.000209533
8.21 0.000209279
8.215 0.000209025
8.22 0.000208771
8.225 0.000208518
8.23 0.000208266
8.235 0.000208014
8.24 0.000207762
8.245 0.000207511
8.25 0.00020726
8.255 0.00020701
8.26 0.00020676
8.265 0.000206511
8.27 0.000206262
8.275 0.000206013
8.28 0.000205765
8.285 0.000205518
8.29 0.000205271
8.295 0.000205024
8.3 0.000204778
8.305 0.000204532
8.31 0.000204287
8.315 0.000204042
8.32 0.000203797
8.325 0.000203553
8.33 0.00020331
8.335 0.000203067
8.34 0.000202824
8.345 0.000202582
8.35 0.00020234
8.355 0.000202099
8.36 0.000201858
8.365 0.000201617
8.37 0.000201377
8.375 0.000201137
8.38 0.000200898
8.385 0.000200659
8.39 0.000200421
8.395 0.000200183
8.4 0.000199945
8.405 0.000199708
8.41 0.000199471
8.415 0.000199235
8.42 0.000198999
8.425 0.000198764
8.43 0.000198529
8.435 0.000198294
8.44 0.00019806
8.445 0.000197826
8.45 0.000197593
8.455 0.00019736
8.46 0.000197127
8.465 0.000196895
8.47 0.000196664
8.475 0.000196432
8.48 0.000196201
8.485 0.000195971
8.49 0.000195741
8.495 0.000195511
8.5 0.000195282
8.505 0.000195053
8.51 0.000194824
8.515 0.000194596
8.52 0.000194369
8.525 0.000194141
8.53 0.000193914
8.535 0.000193688
8.54 0.000193462
8.545 0.000193236
8.55 0.000193011
8.555 0.000192786
8.56 0.000192562
8.565 0.000192337
8.57 0.000192114
8.575 0.00019189
8.58 0.000191667
8.585 0.000191445
8.59 0.000191223
8.595 0.000191001
8.6 0.00019078
8.605 0.000190558
8.61 0.000190338
8.615 0.000190118
8.62 0.000189898
8.625 0.000189678
8.63 0.000189459
8.635 0.00018924
8.64 0.000189022
8.645 0.000188804
8.65 0.000188587
8.655 0.000188369
8.66 0.000188152
8.665 0.000187936
8.67 0.00018772
8.675 0.000187504
8.68 0.000187289
8.685 0.000187074
8.69 0.000186859
8.695 0.000186645
8.7 0.000186431
8.705 0.000186218
8.71 0.000186005
8.715 0.000185792
8.72 0.000185579
8.725 0.000185367
8.73 0.000185156
8.735 0.000184944
8.74 0.000184733
8.745 0.000184523
8.75 0.000184313
8.755 0.000184103
8.76 0.000183893
8.765 0.000183684
8.77 0.000183475
8.775 0.000183267
8.78 0.000183059
8.785 0.000182851
8.79 0.000182644
8.795 0.000182436
8.8 0.00018223
8.805 0.000182023
8.81 0.000181817
8.815 0.000181612
8.82 0.000181407
8.825 0.000181202
8.83 0.000180997
8.835 0.000180793
8.84 0.000180589
8.845 0.000180385
8.85 0.000180182
8.855 0.000179979
8.86 0.000179777
8.865 0.000179575
8.87 0.000179373
8.875 0.000179171
8.88 0.00017897
8.885 0.000178769
8.89 0.000178569
8.895 0.000178369
8.9 0.000178169
8.905 0.000177969
8.91 0.00017777
8.915 0.000177571
8.92 0.000177373
8.925 0.000177175
8.93 0.000176977
8.935 0.00017678
8.94 0.000176582
8.945 0.000176386
8.95 0.000176189
8.955 0.000175993
8.96 0.000175797
8.965 0.000175602
8.97 0.000175406
8.975 0.000175212
8.98 0.000175017
8.985 0.000174823
8.99 0.000174629
8.995 0.000174435
9 0.000174242
9.005 0.000174049
9.01 0.000173857
9.015 0.000173664
9.02 0.000173472
9.025 0.000173281
9.03 0.000173089
9.035 0.000172898
9.04 0.000172708
9.045 0.000172517
9.05 0.000172327
9.055 0.000172138
9.06 0.000171948
9.065 0.000171759
9.07 0.00017157
9.075 0.000171382
9.08 0.000171194
9.085 0.000171006
9.09 0.000170818
9.095 0.000170631
9.1 0.000170444
9.105 0.000170257
9.11 0.000170071
9.115 0.000169885
9.12 0.000169699
9.125 0.000169514
9.13 0.000169329
9.135 0.000169144
9.14 0.000168959
9.145 0.000168775
9.15 0.000168591
9.155 0.000168408
9.16 0.000168224
9.165 0.000168041
9.17 0.000167859
9.175 0.000167676
9.18 0.000167494
9.185 0.000167312
9.19 0.000167131
9.195 0.000166949
9.2 0.000166768
9.205 0.000166588
9.21 0.000166407
9.215 0.000166227
9.22 0.000166048
9.225 0.000165868
9.23 0.000165689
9.235 0.00016551
9.24 0.000165331
9.245 0.000165153
9.25 0.000164975
9.255 0.000164797
9.26 0.00016462
9.265 0.000164443
9.27 0.000164266
9.275 0.000164089
9.28 0.000163913
9.285 0.000163737
9.29 0.000163561
9.295 0.000163386
9.3 0.000163211
9.305 0.000163036
9.31 0.000162861
9.315 0.000162687
9.32 0.000162513
9.325 0.000162339
9.33 0.000162165
9.335 0.000161992
9.34 0.000161819
9.345 0.000161647
9.35 0.000161474
9.355 0.000161302
9.36 0.00016113
9.365 0.000160959
9.37 0.000160787
9.375 0.000160616
9.38 0.000160446
9.385 0.000160275
9.39 0.000160105
9.395 0.000159935
9.4 0.000159765
9.405 0.000159596
9.41 0.000159427
9.415 0.000159258
9.42 0.000159089
9.425 0.000158921
9.43 0.000158753
9.435 0.000158585
9.44 0.000158418
9.445 0.000158251
9.45 0.000158084
9.455 0.000157917
9.46 0.00015775
9.465 0.000157584
9.47 0.000157418
9.475 0.000157253
9.48 0.000157087
9.485 0.000156922
9.49 0.000156757
9.495 0.000156593
9.5 0.000156428
9.505 0.000156264
9.51 0.0001561
9.515 0.000155937
9.52 0.000155773
9.525 0.00015561
9.53 0.000155447
9.535 0.000155285
9.54 0.000155123
9.545 0.00015496
9.55 0.000154799
9.555 0.000154637
9.56 0.000154476
9.565 0.000154315
9.57 0.000154154
9.575 0.000153993
9.58 0.000153833
9.585 0.000153673
9.59 0.000153513
9.595 0.000153354
9.6 0.000153194
9.605 0.000153035
9.61 0.000152877
9.615 0.000152718
9.62 0.00015256
9.625 0.000152402
9.63 0.000152244
9.635 0.000152086
9.64 0.000151929
9.645 0.000151772
9.65 0.000151615
9.655 0.000151458
9.66 0.000151302
9.665 0.000151146
9.67 0.00015099
9.675 0.000150834
9.68 0.000150679
9.685 0.000150524
9.69 0.000150369
9.695 0.000150214
9.7 0.00015006
9.705 0.000149906
9.71 0.000149752
9.715 0.000149598
9.72 0.000149445
9.725 0.000149291
9.73 0.000149138
9.735 0.000148986
9.74 0.000148833
9.745 0.000148681
9.75 0.000148529
9.755 0.000148377
9.76 0.000148225
9.765 0.000148074
9.77 0.000147923
9.775 0.000147772
9.78 0.000147621
9.785 0.000147471
9.79 0.00014732
9.795 0.00014717
9.8 0.000147021
9.805 0.000146871
9.81 0.000146722
9.815 0.000146573
9.82 0.000146424
9.825 0.000146275
9.83 0.000146127
9.835 0.000145979
9.84 0.000145831
9.845 0.000145683
9.85 0.000145535
9.855 0.000145388
9.86 0.000145241
9.865 0.000145094
9.87 0.000144948
9.875 0.000144801
9.88 0.000144655
9.885 0.000144509
9.89 0.000144364
9.895 0.000144218
9.9 0.000144073
9.905 0.000143928
9.91 0.000143783
9.915 0.000143638
9.92 0.000143494
9.925 0.00014335
9.93 0.000143206
9.935 0.000143062
9.94 0.000142918
9.945 0.000142775
9.95 0.000142632
9.955 0.000142489
9.96 0.000142346
9.965 0.000142204
9.97 0.000142062
9.975 0.00014192
9.98 0.000141778
9.985 0.000141636
9.99 0.000141495
9.995 0.000141354
