0 -nan
0.005 0.207877
0.01 0.238002
0.015 0.610787
0.02 0.0985927
0.025 0.456576
0.03 0.375763
0.035 0.111424
0.04 0.43782
0.045 0.0852144
0.05 0.273842
0.055 0.154278
0.06 0.318436
0.065 0.461064
0.07 0.381864
0.075 0.0302336
0.08 0.020388
0.085 0.0469594
0.09 0.375692
0.095 0.923686
0.1 0.363391
0.105 0.335062
0.11 0.81332
0.115 0.201733
0.12 0.741863
0.125 0.502972
0.13 0.237861
0.135 0.982696
0.14 0.244169
0.145 0.271971
0.15 0.956018
0.155 0.563632
0.16 0.04727
0.165 0.442471
0.17 0.936052
0.175 0.710435
0.18 0.176699
0.185 0.076976
0.19 0.473774
0.195 0.867116
0.2 0.862393
0.205 0.510857
0.21 0.144416
0.215 0.0399763
0.22 0.235316
0.225 0.567424
0.23 0.823894
0.235 0.874423
0.24 0.717083
0.245 0.446915
0.25 0.1899
0.255 0.0438573
0.26 0.0481188
0.265 0.183606
0.27 0.392828
0.275 0.606381
0.28 0.765479
0.285 0.835233
0.29 0.808034
0.295 0.699342
0.3 0.539317
0.305 0.36348
0.31 0.20474
0.315 0.0879639
0.32 0.0273807
0.325 0.026443
0.33 0.0794532
0.335 0.174181
0.34 0.294786
0.345 0.424539
0.35 0.54801
0.355 0.6526
0.36 0.729382
0.365 0.773356
0.37 0.783228
0.375 0.760873
0.38 0.710611
0.385 0.638417
0.39 0.551164
0.395 0.45594
0.4 0.359497
0.405 0.267842
0.41 0.185956
0.415 0.117648
0.42 0.0655082
0.425 0.0309557
0.43 0.0143398
0.435 0.0150885
0.44 0.0318782
0.445 0.0628124
0.45 0.105596
0.455 0.157697
0.46 0.21649
0.465 0.27938
0.47 0.343899
0.475 0.407782
0.48 0.469023
0.485 0.52591
0.49 0.57704
0.495 0.621326
0.5 0.657986
0.505 0.686527
0.51 0.706722
0.515 0.718578
0.52 0.72231
0.525 0.718304
0.53 0.707089
0.535 0.689303
0.54 0.665666
0.545 0.636952
0.55 0.603967
0.555 0.567524
0.56 0.528429
0.565 0.487465
0.57 0.445376
0.575 0.402862
0.58 0.360568
0.585 0.319083
0.59 0.278929
0.595 0.240568
0.6 0.204395
0.605 0.170746
0.61 0.13989
0.615 0.112041
0.62 0.0873575
0.625 0.0659457
0.63 0.0478645
0.635 0.0331299
0.64 0.0217191
0.645 0.0135748
0.65 0.00860978
0.655 0.00671071
0.66 0.00774236
0.665 0.0115513
0.67 0.0179694
0.675 0.0268172
0.68 0.0379068
0.685 0.0510445
0.69 0.0660338
0.695 0.0826768
0.7 0.100777
0.705 0.12014
0.71 0.140576
0.715 0.161901
0.72 0.183937
0.725 0.206514
0.73 0.229469
0.735 0.252648
0.74 0.275906
0.745 0.299109
0.75 0.32213
0.755 0.344852
0.76 0.36717
0.765 0.388986
0.77 0.41021
0.775 0.430765
0.78 0.45058
0.785 0.469593
0.79 0.487749
0.795 0.505004
0.8 0.521317
0.805 0.536658
0.81 0.551002
0.815 0.564328
0.82 0.576625
0.825 0.587883
0.83 0.598101
0.835 0.60728
0.84 0.615425
0.845 0.622547
0.85 0.628659
0.855 0.633777
0.86 0.63792
0.865 0.64111
0.87 0.643371
0.875 0.644728
0.88 0.64521
0.885 0.644845
0.89 0.643664
0.895 0.641698
0.9 0.638978
0.905 0.635538
0.91 0.63141
0.915 0.626628
0.92 0.621226
0.925 0.615236
0.93 0.608692
0.935 0.601627
0.94 0.594075
0.945 0.586067
0.95 0.577635
0.955 0.568811
0.96 0.559625
0.965 0.550108
0.97 0.540288
0.975 0.530195
0.98 0.519855
0.985 0.509296
0.99 0.498544
0.995 0.487624
1 0.47656
1.005 0.465375
1.01 0.454092
1.015 0.442733
1.02 0.431318
1.025 0.419867
1.03 0.408399
1.035 0.396932
1.04 0.385482
1.045 0.374067
1.05 0.362701
1.055 0.351399
1.06 0.340176
1.065 0.329043
1.07 0.318014
1.075 0.307099
1.08 0.29631
1.085 0.285656
1.09 0.275147
1.095 0.264792
1.1 0.254598
1.105 0.244573
1.11 0.234724
1.115 0.225057
1.12 0.215578
1.125 0.206292
1.13 0.197203
1.135 0.188317
1.14 0.179635
1.145 0.171163
1.15 0.162902
1.155 0.154854
1.16 0.147023
1.165 0.13941
1.17 0.132015
1.175 0.12484
1.18 0.117885
1.185 0.111152
1.19 0.104639
1.195 0.0983463
1.2 0.092274
1.205 0.0864211
1.21 0.0807866
1.215 0.0753694
1.22 0.0701681
1.225 0.0651812
1.23 0.0604069
1.235 0.0558433
1.24 0.0514885
1.245 0.0473402
1.25 0.0433962
1.255 0.039654
1.26 0.0361111
1.265 0.0327649
1.27 0.0296126
1.275 0.0266514
1.28 0.0238785
1.285 0.0212909
1.29 0.0188856
1.295 0.0166595
1.3 0.0146095
1.305 0.0127325
1.31 0.0110252
1.315 0.00948444
1.32 0.00810701
1.325 0.00688962
1.33 0.005829
1.335 0.00492185
1.34 0.00416489
1.345 0.00355483
1.35 0.00308836
1.355 0.00276221
1.36 0.00257309
1.365 0.00251774
1.37 0.00259291
1.375 0.00279538
1.38 0.00312191
1.385 0.00356933
1.39 0.00413447
1.395 0.00481419
1.4 0.00560537
1.405 0.00650495
1.41 0.00750987
1.415 0.00861712
1.42 0.00982371
1.425 0.0111267
1.43 0.0125232
1.435 0.0140103
1.44 0.0155853
1.445 0.0172452
1.45 0.0189874
1.455 0.0208092
1.46 0.0227078
1.465 0.0246808
1.47 0.0267254
1.475 0.0288391
1.48 0.0310196
1.485 0.0332642
1.49 0.0355706
1.495 0.0379365
1.5 0.0403594
1.505 0.0428373
1.51 0.0453677
1.515 0.0479485
1.52 0.0505776
1.525 0.0532529
1.53 0.0559723
1.535 0.0587338
1.54 0.0615354
1.545 0.0643751
1.55 0.0672512
1.555 0.0701617
1.56 0.0731049
1.565 0.0760789
1.57 0.0790821
1.575 0.0821128
1.58 0.0851692
1.585 0.0882499
1.59 0.0913532
1.595 0.0944775
1.6 0.0976215
1.605 0.100784
1.61 0.103963
1.615 0.107157
1.62 0.110365
1.625 0.113586
1.63 0.116818
1.635 0.12006
1.64 0.123312
1.645 0.126571
1.65 0.129837
1.655 0.133108
1.66 0.136383
1.665 0.139662
1.67 0.142943
1.675 0.146226
1.68 0.149509
1.685 0.152791
1.69 0.156072
1.695 0.15935
1.7 0.162625
1.705 0.165896
1.71 0.169163
1.715 0.172423
1.72 0.175677
1.725 0.178924
1.73 0.182163
1.735 0.185394
1.74 0.188615
1.745 0.191826
1.75 0.195027
1.755 0.198217
1.76 0.201395
1.765 0.204561
1.77 0.207715
1.775 0.210855
1.78 0.213981
1.785 0.217093
1.79 0.22019
1.795 0.223273
1.8 0.226339
1.805 0.22939
1.81 0.232424
1.815 0.235442
1.82 0.238442
1.825 0.241425
1.83 0.24439
1.835 0.247337
1.84 0.250266
1.845 0.253175
1.85 0.256066
1.855 0.258938
1.86 0.26179
1.865 0.264623
1.87 0.267435
1.875 0.270227
1.88 0.272999
1.885 0.275751
1.89 0.278481
1.895 0.281191
1.9 0.283879
1.905 0.286547
1.91 0.289193
1.915 0.291817
1.92 0.29442
1.925 0.297002
1.93 0.299561
1.935 0.302098
1.94 0.304614
1.945 0.307107
1.95 0.309578
1.955 0.312027
1.96 0.314454
1.965 0.316859
1.97 0.319241
1.975 0.3216
1.98 0.323938
1.985 0.326253
1.99 0.328545
1.995 0.330815
2 0.333062
2.005 0.335287
2.01 0.33749
2.015 0.33967
2.02 0.341827
2.025 0.343963
2.03 0.346075
2.035 0.348166
2.04 0.350234
2.045 0.35228
2.05 0.354304
2.055 0.356305
2.06 0.358285
2.065 0.360242
2.07 0.362177
2.075 0.364091
2.08 0.365982
2.085 0.367852
2.09 0.3697
2.095 0.371526
2.1 0.373331
2.105 0.375114
2.11 0.376876
2.115 0.378616
2.12 0.380336
2.125 0.382034
2.13 0.383711
2.135 0.385367
2.14 0.387002
2.145 0.388617
2.15 0.39021
2.155 0.391784
2.16 0.393337
2.165 0.394869
2.17 0.396381
2.175 0.397873
2.18 0.399345
2.185 0.400798
2.19 0.40223
2.195 0.403643
2.2 0.405036
2.205 0.40641
2.21 0.407764
2.215 0.4091
2.22 0.410416
2.225 0.411713
2.23 0.412991
2.235 0.414251
2.24 0.415492
2.245 0.416715
2.25 0.417919
2.255 0.419105
2.26 0.420273
2.265 0.421423
2.27 0.422555
2.275 0.42367
2.28 0.424767
2.285 0.425846
2.29 0.426908
2.295 0.427953
2.3 0.428981
2.305 0.429992
2.31 0.430986
2.315 0.431963
2.32 0.432924
2.325 0.433869
2.33 0.434797
2.335 0.435709
2.34 0.436604
2.345 0.437484
2.35 0.438349
2.355 0.439197
2.36 0.44003
2.365 0.440847
2.37 0.44165
2.375 0.442437
2.38 0.443209
2.385 0.443966
2.39 0.444708
2.395 0.445436
2.4 0.446149
2.405 0.446848
2.41 0.447532
2.415 0.448203
2.42 0.448859
2.425 0.449501
2.43 0.45013
2.435 0.450745
2.44 0.451346
2.445 0.451934
2.45 0.452509
2.455 0.45307
2.46 0.453619
2.465 0.454154
2.47 0.454677
2.475 0.455187
2.48 0.455684
2.485 0.456169
2.49 0.456641
2.495 0.457101
2.5 0.457549
2.505 0.457985
2.51 0.45841
2.515 0.458822
2.52 0.459223
2.525 0.459612
2.53 0.459989
2.535 0.460356
2.54 0.460711
2.545 0.461054
2.55 0.461387
2.555 0.461709
2.56 0.46202
2.565 0.462321
2.57 0.462611
2.575 0.46289
2.58 0.463159
2.585 0.463418
2.59 0.463666
2.595 0.463905
2.6 0.464133
2.605 0.464352
2.61 0.46456
2.615 0.46476
2.62 0.464949
2.625 0.465129
2.63 0.4653
2.635 0.465461
2.64 0.465613
2.645 0.465756
2.65 0.465891
2.655 0.466016
2.66 0.466132
2.665 0.46624
2.67 0.466339
2.675 0.466429
2.68 0.466511
2.685 0.466585
2.69 0.46665
2.695 0.466707
2.7 0.466756
2.705 0.466798
2.71 0.466831
2.715 0.466856
2.72 0.466874
2.725 0.466883
2.73 0.466886
2.735 0.466881
2.74 0.466868
2.745 0.466848
2.75 0.466821
2.755 0.466786
2.76 0.466745
2.765 0.466696
2.77 0.466641
2.775 0.466579
2.78 0.46651
2.785 0.466434
2.79 0.466351
2.795 0.466262
2.8 0.466167
2.805 0.466065
2.81 0.465957
2.815 0.465842
2.82 0.465721
2.825 0.465594
2.83 0.465462
2.835 0.465323
2.84 0.465178
2.845 0.465027
2.85 0.464871
2.855 0.464709
2.86 0.464541
2.865 0.464367
2.87 0.464189
2.875 0.464004
2.88 0.463815
2.885 0.46362
2.89 0.463419
2.895 0.463214
2.9 0.463003
2.905 0.462787
2.91 0.462567
2.915 0.462341
2.92 0.462111
2.925 0.461875
2.93 0.461635
2.935 0.46139
2.94 0.461141
2.945 0.460887
2.95 0.460628
2.955 0.460365
2.96 0.460098
2.965 0.459826
2.97 0.45955
2.975 0.459269
2.98 0.458985
2.985 0.458696
2.99 0.458403
2.995 0.458106
3 0.457805
3.005 0.4575
3.01 0.457191
3.015 0.456878
3.02 0.456562
3.025 0.456242
3.03 0.455918
3.035 0.45559
3.04 0.455259
3.045 0.454925
3.05 0.454586
3.055 0.454245
3.06 0.4539
3.065 0.453551
3.07 0.453199
3.075 0.452844
3.08 0.452486
3.085 0.452125
3.09 0.45176
3.095 0.451392
3.1 0.451022
3.105 0.450648
3.11 0.450271
3.115 0.449891
3.12 0.449509
3.125 0.449123
3.13 0.448735
3.135 0.448344
3.14 0.44795
3.145 0.447554
3.15 0.447154
3.155 0.446753
3.16 0.446348
3.165 0.445942
3.17 0.445532
3.175 0.44512
3.18 0.444706
3.185 0.444289
3.19 0.44387
3.195 0.443449
3.2 0.443025
3.205 0.442599
3.21 0.442171
3.215 0.441741
3.22 0.441308
3.225 0.440874
3.23 0.440437
3.235 0.439998
3.24 0.439558
3.245 0.439115
3.25 0.43867
3.255 0.438224
3.26 0.437775
3.265 0.437325
3.27 0.436872
3.275 0.436418
3.28 0.435963
3.285 0.435505
3.29 0.435046
3.295 0.434585
3.3 0.434122
3.305 0.433658
3.31 0.433192
3.315 0.432724
3.32 0.432255
3.325 0.431785
3.33 0.431313
3.335 0.430839
3.34 0.430364
3.345 0.429888
3.35 0.42941
3.355 0.428931
3.36 0.428451
3.365 0.427969
3.37 0.427486
3.375 0.427002
3.38 0.426516
3.385 0.426029
3.39 0.425541
3.395 0.425052
3.4 0.424562
3.405 0.42407
3.41 0.423578
3.415 0.423084
3.42 0.422589
3.425 0.422094
3.43 0.421597
3.435 0.421099
3.44 0.4206
3.445 0.420101
3.45 0.4196
3.455 0.419099
3.46 0.418596
3.465 0.418093
3.47 0.417589
3.475 0.417084
3.48 0.416578
3.485 0.416071
3.49 0.415564
3.495 0.415056
3.5 0.414547
3.505 0.414038
3.51 0.413527
3.515 0.413017
3.52 0.412505
3.525 0.411993
3.53 0.41148
3.535 0.410966
3.54 0.410452
3.545 0.409938
3.55 0.409422
3.555 0.408907
3.56 0.40839
3.565 0.407874
3.57 0.407356
3.575 0.406839
3.58 0.40632
3.585 0.405802
3.59 0.405283
3.595 0.404763
3.6 0.404243
3.605 0.403723
3.61 0.403202
3.615 0.402681
3.62 0.40216
3.625 0.401638
3.63 0.401116
3.635 0.400593
3.64 0.400071
3.645 0.399548
3.65 0.399025
3.655 0.398501
3.66 0.397977
3.665 0.397454
3.67 0.396929
3.675 0.396405
3.68 0.395881
3.685 0.395356
3.69 0.394831
3.695 0.394306
3.7 0.393781
3.705 0.393256
3.71 0.39273
3.715 0.392205
3.72 0.391679
3.725 0.391154
3.73 0.390628
3.735 0.390102
3.74 0.389576
3.745 0.389051
3.75 0.388525
3.755 0.387999
3.76 0.387473
3.765 0.386947
3.77 0.386421
3.775 0.385895
3.78 0.38537
3.785 0.384844
3.79 0.384318
3.795 0.383792
3.8 0.383267
3.805 0.382741
3.81 0.382216
3.815 0.381691
3.82 0.381165
3.825 0.38064
3.83 0.380115
3.835 0.37959
3.84 0.379066
3.845 0.378541
3.85 0.378017
3.855 0.377493
3.86 0.376969
3.865 0.376445
3.87 0.375921
3.875 0.375398
3.88 0.374875
3.885 0.374352
3.89 0.373829
3.895 0.373306
3.9 0.372784
3.905 0.372262
3.91 0.37174
3.915 0.371219
3.92 0.370697
3.925 0.370176
3.93 0.369655
3.935 0.369135
3.94 0.368615
3.945 0.368095
3.95 0.367576
3.955 0.367056
3.96 0.366537
3.965 0.366019
3.97 0.365501
3.975 0.364983
3.98 0.364465
3.985 0.363948
3.99 0.363431
3.995 0.362915
4 0.362398
4.005 0.361883
4.01 0.361367
4.015 0.360852
4.02 0.360338
4.025 0.359823
4.03 0.35931
4.035 0.358796
4.04 0.358283
4.045 0.357771
4.05 0.357259
4.055 0.356747
4.06 0.356236
4.065 0.355725
4.07 0.355214
4.075 0.354704
4.08 0.354195
4.085 0.353686
4.09 0.353177
4.095 0.352669
4.1 0.352161
4.105 0.351654
4.11 0.351147
4.115 0.350641
4.12 0.350135
4.125 0.34963
4.13 0.349125
4.135 0.348621
4.14 0.348117
4.145 0.347614
4.15 0.347111
4.155 0.346609
4.16 0.346107
4.165 0.345606
4.17 0.345105
4.175 0.344605
4.18 0.344105
4.185 0.343606
4.19 0.343108
4.195 0.34261
4.2 0.342112
4.205 0.341615
4.21 0.341119
4.215 0.340623
4.22 0.340128
4.225 0.339633
4.23 0.339139
4.235 0.338645
4.24 0.338152
4.245 0.337659
4.25 0.337167
4.255 0.336676
4.26 0.336185
4.265 0.335695
4.27 0.335206
4.275 0.334716
4.28 0.334228
4.285 0.33374
4.29 0.333253
4.295 0.332766
4.3 0.33228
4.305 0.331795
4.31 0.33131
4.315 0.330826
4.32 0.330342
4.325 0.329859
4.33 0.329376
4.335 0.328895
4.34 0.328413
4.345 0.327933
4.35 0.327453
4.355 0.326973
4.36 0.326495
4.365 0.326017
4.37 0.325539
4.375 0.325062
4.38 0.324586
4.385 0.32411
4.39 0.323635
4.395 0.323161
4.4 0.322687
4.405 0.322214
4.41 0.321742
4.415 0.32127
4.42 0.320799
4.425 0.320329
4.43 0.319859
4.435 0.319389
4.44 0.318921
4.445 0.318453
4.45 0.317986
4.455 0.317519
4.46 0.317053
4.465 0.316588
4.47 0.316123
4.475 0.315659
4.48 0.315196
4.485 0.314733
4.49 0.314271
4.495 0.31381
4.5 0.313349
4.505 0.312889
4.51 0.31243
4.515 0.311971
4.52 0.311513
4.525 0.311056
4.53 0.310599
4.535 0.310143
4.54 0.309687
4.545 0.309233
4.55 0.308779
4.555 0.308325
4.56 0.307873
4.565 0.307421
4.57 0.306969
4.575 0.306519
4.58 0.306069
4.585 0.305619
4.59 0.305171
4.595 0.304723
4.6 0.304275
4.605 0.303829
4.61 0.303383
4.615 0.302938
4.62 0.302493
4.625 0.302049
4.63 0.301606
4.635 0.301163
4.64 0.300721
4.645 0.30028
4.65 0.29984
4.655 0.2994
4.66 0.298961
4.665 0.298522
4.67 0.298085
4.675 0.297648
4.68 0.297211
4.685 0.296775
4.69 0.29634
4.695 0.295906
4.7 0.295472
4.705 0.295039
4.71 0.294607
4.715 0.294175
4.72 0.293744
4.725 0.293314
4.73 0.292885
4.735 0.292456
4.74 0.292028
4.745 0.2916
4.75 0.291173
4.755 0.290747
4.76 0.290322
4.765 0.289897
4.77 0.289473
4.775 0.289049
4.78 0.288627
4.785 0.288205
4.79 0.287783
4.795 0.287363
4.8 0.286943
4.805 0.286523
4.81 0.286105
4.815 0.285687
4.82 0.285269
4.825 0.284853
4.83 0.284437
4.835 0.284022
4.84 0.283607
4.845 0.283193
4.85 0.28278
4.855 0.282368
4.86 0.281956
4.865 0.281545
4.87 0.281135
4.875 0.280725
4.88 0.280316
4.885 0.279907
4.89 0.2795
4.895 0.279093
4.9 0.278686
4.905 0.278281
4.91 0.277876
4.915 0.277471
4.92 0.277068
4.925 0.276665
4.93 0.276262
4.935 0.275861
4.94 0.27546
4.945 0.27506
4.95 0.27466
4.955 0.274261
4.96 0.273863
4.965 0.273465
4.97 0.273069
4.975 0.272672
4.98 0.272277
4.985 0.271882
4.99 0.271488
4.995 0.271094
5 0.270701
5.005 0.270309
5.01 0.269918
5.015 0.269527
5.02 0.269137
5.025 0.268747
5.03 0.268358
5.035 0.26797
5.04 0.267583
5.045 0.267196
5.05 0.26681
5.055 0.266424
5.06 0.266039
5.065 0.265655
5.07 0.265272
5.075 0.264889
5.08 0.264506
5.085 0.264125
5.09 0.263744
5.095 0.263364
5.1 0.262984
5.105 0.262605
5.11 0.262227
5.115 0.26185
5.12 0.261473
5.125 0.261096
5.13 0.260721
5.135 0.260346
5.14 0.259971
5.145 0.259598
5.15 0.259225
5.155 0.258852
5.16 0.258481
5.165 0.25811
5.17 0.257739
5.175 0.257369
5.18 0.257
5.185 0.256632
5.19 0.256264
5.195 0.255897
5.2 0.25553
5.205 0.255164
5.21 0.254799
5.215 0.254434
5.22 0.25407
5.225 0.253707
5.23 0.253344
5.235 0.252982
5.24 0.252621
5.245 0.25226
5.25 0.2519
5.255 0.25154
5.26 0.251181
5.265 0.250823
5.27 0.250466
5.275 0.250109
5.28 0.249752
5.285 0.249396
5.29 0.249041
5.295 0.248687
5.3 0.248333
5.305 0.24798
5.31 0.247627
5.315 0.247275
5.32 0.246924
5.325 0.246573
5.33 0.246223
5.335 0.245874
5.34 0.245525
5.345 0.245177
5.35 0.244829
5.355 0.244482
5.36 0.244136
5.365 0.24379
5.37 0.243445
5.375 0.2431
5.38 0.242756
5.385 0.242413
5.39 0.24207
5.395 0.241728
5.4 0.241387
5.405 0.241046
5.41 0.240705
5.415 0.240366
5.42 0.240027
5.425 0.239688
5.43 0.23935
5.435 0.239013
5.44 0.238676
5.445 0.23834
5.45 0.238005
5.455 0.23767
5.46 0.237336
5.465 0.237002
5.47 0.236669
5.475 0.236337
5.48 0.236005
5.485 0.235674
5.49 0.235343
5.495 0.235013
5.5 0.234683
5.505 0.234355
5.51 0.234026
5.515 0.233699
5.52 0.233371
5.525 0.233045
5.53 0.232719
5.535 0.232394
5.54 0.232069
5.545 0.231745
5.55 0.231421
5.555 0.231098
5.56 0.230775
5.565 0.230454
5.57 0.230132
5.575 0.229812
5.58 0.229491
5.585 0.229172
5.59 0.228853
5.595 0.228534
5.6 0.228217
5.605 0.227899
5.61 0.227583
5.615 0.227266
5.62 0.226951
5.625 0.226636
5.63 0.226321
5.635 0.226008
5.64 0.225694
5.645 0.225381
5.65 0.225069
5.655 0.224758
5.66 0.224447
5.665 0.224136
5.67 0.223826
5.675 0.223517
5.68 0.223208
5.685 0.2229
5.69 0.222592
5.695 0.222285
5.7 0.221978
5.705 0.221672
5.71 0.221367
5.715 0.221062
5.72 0.220757
5.725 0.220453
5.73 0.22015
5.735 0.219847
5.74 0.219545
5.745 0.219243
5.75 0.218942
5.755 0.218642
5.76 0.218342
5.765 0.218042
5.77 0.217743
5.775 0.217445
5.78 0.217147
5.785 0.216849
5.79 0.216553
5.795 0.216256
5.8 0.215961
5.805 0.215665
5.81 0.215371
5.815 0.215076
5.82 0.214783
5.825 0.21449
5.83 0.214197
5.835 0.213905
5.84 0.213614
5.845 0.213323
5.85 0.213032
5.855 0.212742
5.86 0.212453
5.865 0.212164
5.87 0.211875
5.875 0.211588
5.88 0.2113
5.885 0.211013
5.89 0.210727
5.895 0.210441
5.9 0.210156
5.905 0.209871
5.91 0.209587
5.915 0.209303
5.92 0.20902
5.925 0.208737
5.93 0.208455
5.935 0.208173
5.94 0.207892
5.945 0.207611
5.95 0.207331
5.955 0.207052
5.96 0.206772
5.965 0.206494
5.97 0.206215
5.975 0.205938
5.98 0.205661
5.985 0.205384
5.99 0.205108
5.995 0.204832
6 0.204557
6.005 0.204282
6.01 0.204008
6.015 0.203734
6.02 0.203461
6.025 0.203188
6.03 0.202916
6.035 0.202644
6.04 0.202373
6.045 0.202102
6.05 0.201832
6.055 0.201562
6.06 0.201293
6.065 0.201024
6.07 0.200756
6.075 0.200488
6.08 0.20022
6.085 0.199953
6.09 0.199687
6.095 0.199421
6.1 0.199155
6.105 0.19889
6.11 0.198626
6.115 0.198362
6.12 0.198098
6.125 0.197835
6.13 0.197573
6.135 0.19731
6.14 0.197049
6.145 0.196787
6.15 0.196527
6.155 0.196266
6.16 0.196006
6.165 0.195747
6.17 0.195488
6.175 0.19523
6.18 0.194972
6.185 0.194714
6.19 0.194457
6.195 0.194201
6.2 0.193944
6.205 0.193689
6.21 0.193434
6.215 0.193179
6.22 0.192924
6.225 0.192671
6.23 0.192417
6.235 0.192164
6.24 0.191912
6.245 0.19166
6.25 0.191408
6.255 0.191157
6.26 0.190906
6.265 0.190656
6.27 0.190406
6.275 0.190157
6.28 0.189908
6.285 0.189659
6.29 0.189411
6.295 0.189164
6.3 0.188916
6.305 0.18867
6.31 0.188423
6.315 0.188178
6.32 0.187932
6.325 0.187687
6.33 0.187443
6.335 0.187199
6.34 0.186955
6.345 0.186712
6.35 0.186469
6.355 0.186226
6.36 0.185985
6.365 0.185743
6.37 0.185502
6.375 0.185261
6.38 0.185021
6.385 0.184781
6.39 0.184542
6.395 0.184303
6.4 0.184064
6.405 0.183826
6.41 0.183589
6.415 0.183351
6.42 0.183114
6.425 0.182878
6.43 0.182642
6.435 0.182406
6.44 0.182171
6.445 0.181936
6.45 0.181702
6.455 0.181468
6.46 0.181235
6.465 0.181002
6.47 0.180769
6.475 0.180537
6.48 0.180305
6.485 0.180073
6.49 0.179842
6.495 0.179612
6.5 0.179381
6.505 0.179151
6.51 0.178922
6.515 0.178693
6.52 0.178464
6.525 0.178236
6.53 0.178008
6.535 0.177781
6.54 0.177554
6.545 0.177327
6.55 0.177101
6.555 0.176875
6.56 0.17665
6.565 0.176425
6.57 0.1762
6.575 0.175976
6.58 0.175752
6.585 0.175529
6.59 0.175306
6.595 0.175083
6.6 0.174861
6.605 0.174639
6.61 0.174417
6.615 0.174196
6.62 0.173975
6.625 0.173755
6.63 0.173535
6.635 0.173316
6.64 0.173096
6.645 0.172878
6.65 0.172659
6.655 0.172441
6.66 0.172223
6.665 0.172006
6.67 0.171789
6.675 0.171573
6.68 0.171357
6.685 0.171141
6.69 0.170925
6.695 0.17071
6.7 0.170496
6.705 0.170282
6.71 0.170068
6.715 0.169854
6.72 0.169641
6.725 0.169428
6.73 0.169216
6.735 0.169004
6.74 0.168792
6.745 0.168581
6.75 0.16837
6.755 0.168159
6.76 0.167949
6.765 0.167739
6.77 0.16753
6.775 0.167321
6.78 0.167112
6.785 0.166904
6.79 0.166696
6.795 0.166488
6.8 0.166281
6.805 0.166074
6.81 0.165867
6.815 0.165661
6.82 0.165455
6.825 0.16525
6.83 0.165044
6.835 0.16484
6.84 0.164635
6.845 0.164431
6.85 0.164227
6.855 0.164024
6.86 0.163821
6.865 0.163618
6.87 0.163416
6.875 0.163214
6.88 0.163012
6.885 0.162811
6.89 0.16261
6.895 0.162409
6.9 0.162209
6.905 0.162009
6.91 0.16181
6.915 0.161611
6.92 0.161412
6.925 0.161213
6.93 0.161015
6.935 0.160817
6.94 0.16062
6.945 0.160422
6.95 0.160226
6.955 0.160029
6.96 0.159833
6.965 0.159637
6.97 0.159442
6.975 0.159246
6.98 0.159052
6.985 0.158857
6.99 0.158663
6.995 0.158469
7 0.158276
7.005 0.158083
7.01 0.15789
7.015 0.157697
7.02 0.157505
7.025 0.157313
7.03 0.157122
7.035 0.156931
7.04 0.15674
7.045 0.156549
7.05 0.156359
7.055 0.156169
7.06 0.15598
7.065 0.15579
7.07 0.155601
7.075 0.155413
7.08 0.155224
7.085 0.155037
7.09 0.154849
7.095 0.154662
7.1 0.154475
7.105 0.154288
7.11 0.154102
7.115 0.153916
7.12 0.15373
7.125 0.153544
7.13 0.153359
7.135 0.153174
7.14 0.15299
7.145 0.152806
7.15 0.152622
7.155 0.152438
7.16 0.152255
7.165 0.152072
7.17 0.15189
7.175 0.151707
7.18 0.151525
7.185 0.151344
7.19 0.151162
7.195 0.150981
7.2 0.150801
7.205 0.15062
7.21 0.15044
7.215 0.15026
7.22 0.150081
7.225 0.149901
7.23 0.149722
7.235 0.149544
7.24 0.149365
7.245 0.149187
7.25 0.14901
7.255 0.148832
7.26 0.148655
7.265 0.148478
7.27 0.148302
7.275 0.148125
7.28 0.147949
7.285 0.147774
7.29 0.147598
7.295 0.147423
7.3 0.147248
7.305 0.147074
7.31 0.1469
7.315 0.146726
7.32 0.146552
7.325 0.146379
7.33 0.146206
7.335 0.146033
7.34 0.145861
7.345 0.145688
7.35 0.145517
7.355 0.145345
7.36 0.145174
7.365 0.145003
7.37 0.144832
7.375 0.144661
7.38 0.144491
7.385 0.144321
7.39 0.144152
7.395 0.143982
7.4 0.143813
7.405 0.143645
7.41 0.143476
7.415 0.143308
7.42 0.14314
7.425 0.142972
7.43 0.142805
7.435 0.142638
7.44 0.142471
7.445 0.142305
7.45 0.142138
7.455 0.141972
7.46 0.141807
7.465 0.141641
7.47 0.141476
7.475 0.141311
7.48 0.141147
7.485 0.140982
7.49 0.140818
7.495 0.140654
7.5 0.140491
7.505 0.140328
7.51 0.140165
7.515 0.140002
7.52 0.139839
7.525 0.139677
7.53 0.139515
7.535 0.139354
7.54 0.139192
7.545 0.139031
7.55 0.13887
7.555 0.13871
7.56 0.138549
7.565 0.138389
7.57 0.138229
7.575 0.13807
7.58 0.137911
7.585 0.137752
7.59 0.137593
7.595 0.137434
7.6 0.137276
7.605 0.137118
7.61 0.13696
7.615 0.136803
7.62 0.136646
7.625 0.136489
7.63 0.136332
7.635 0.136176
7.64 0.13602
7.645 0.135864
7.65 0.135708
7.655 0.135552
7.66 0.135397
7.665 0.135242
7.67 0.135088
7.675 0.134933
7.68 0.134779
7.685 0.134625
7.69 0.134472
7.695 0.134318
7.7 0.134165
7.705 0.134012
7.71 0.13386
7.715 0.133707
7.72 0.133555
7.725 0.133403
7.73 0.133251
7.735 0.1331
7.74 0.132949
7.745 0.132798
7.75 0.132647
7.755 0.132497
7.76 0.132346
7.765 0.132197
7.77 0.132047
7.775 0.131897
7.78 0.131748
7.785 0.131599
7.79 0.13145
7.795 0.131302
7.8 0.131154
7.805 0.131006
7.81 0.130858
7.815 0.13071
7.82 0.130563
7.825 0.130416
7.83 0.130269
7.835 0.130122
7.84 0.129976
7.845 0.12983
7.85 0.129684
7.855 0.129538
7.86 0.129393
7.865 0.129248
7.87 0.129103
7.875 0.128958
7.88 0.128813
7.885 0.128669
7.89 0.128525
7.895 0.128381
7.9 0.128238
7.905 0.128094
7.91 0.127951
7.915 0.127808
7.92 0.127666
7.925 0.127523
7.93 0.127381
7.935 0.127239
7.94 0.127097
7.945 0.126956
7.95 0.126814
7.955 0.126673
7.96 0.126533
7.965 0.126392
7.97 0.126251
7.975 0.126111
7.98 0.125971
7.985 0.125832
7.99 0.125692
7.995 0.125553
8 0.125414
8.005 0.125275
8.01 0.125136
8.015 0.124998
8.02 0.12486
8.025 0.124722
8.03 0.124584
8.035 0.124446
8.04 0.124309
8.045 0.124172
8.05 0.124035
8.055 0.123898
8.06 0.123762
8.065 0.123626
8.07 0.12349
8.075 0.123354
8.08 0.123218
8.085 0.123083
8.09 0.122948
8.095 0.122813
8.1 0.122678
8.105 0.122543
8.11 0.122409
8.115 0.122275
8.12 0.122141
8.125 0.122007
8.13 0.121874
8.135 0.121741
8.14 0.121608
8.145 0.121475
8.15 0.121342
8.155 0.12121
8.16 0.121078
8.165 0.120945
8.17 0.120814
8.175 0.120682
8.18 0.120551
8.185 0.120419
8.19 0.120288
8.195 0.120158
8.2 0.120027
8.205 0.119897
8.21 0.119767
8.215 0.119637
8.22 0.119507
8.225 0.119377
8.23 0.119248
8.235 0.119119
8.24 0.11899
8.245 0.118861
8.25 0.118732
8.255 0.118604
8.26 0.118476
8.265 0.118348
8.27 0.11822
8.275 0.118093
8.28 0.117965
8.285 0.117838
8.29 0.117711
8.295 0.117584
8.3 0.117458
8.305 0.117331
8.31 0.117205
8.315 0.117079
8.32 0.116953
8.325 0.116828
8.33 0.116702
8.335 0.116577
8.34 0.116452
8.345 0.116327
8.35 0.116203
8.355 0.116078
8.36 0.115954
8.365 0.11583
8.37 0.115706
8.375 0.115583
8.38 0.115459
8.385 0.115336
8.39 0.115213
8.395 0.11509
8.4 0.114967
8.405 0.114844
8.41 0.114722
8.415 0.1146
8.42 0.114478
8.425 0.114356
8.43 0.114235
8.435 0.114113
8.44 0.113992
8.445 0.113871
8.45 0.11375
8.455 0.113629
8.46 0.113509
8.465 0.113389
8.47 0.113268
8.475 0.113149
8.48 0.113029
8.485 0.112909
8.49 0.11279
8.495 0.112671
8.5 0.112552
8.505 0.112433
8.51 0.112314
8.515 0.112196
8.52 0.112077
8.525 0.111959
8.53 0.111841
8.535 0.111723
8.54 0.111606
8.545 0.111488
8.55 0.111371
8.555 0.111254
8.56 0.111137
8.565 0.111021
8.57 0.110904
8.575 0.110788
8.58 0.110672
8.585 0.110556
8.59 0.11044
8.595 0.110324
8.6 0.110209
8.605 0.110093
8.61 0.109978
8.615 0.109863
8.62 0.109749
8.625 0.109634
8.63 0.10952
8.635 0.109405
8.64 0.109291
8.645 0.109177
8.65 0.109064
8.655 0.10895
8.66 0.108837
8.665 0.108723
8.67 0.10861
8.675 0.108498
8.68 0.108385
8.685 0.108272
8.69 0.10816
8.695 0.108048
8.7 0.107936
8.705 0.107824
8.71 0.107712
8.715 0.107601
8.72 0.107489
8.725 0.107378
8.73 0.107267
8.735 0.107156
8.74 0.107045
8.745 0.106935
8.75 0.106825
8.755 0.106714
8.76 0.106604
8.765 0.106494
8.77 0.106385
8.775 0.106275
8.78 0.106166
8.785 0.106057
8.79 0.105948
8.795 0.105839
8.8 0.10573
8.805 0.105621
8.81 0.105513
8.815 0.105405
8.82 0.105297
8.825 0.105189
8.83 0.105081
8.835 0.104973
8.84 0.104866
8.845 0.104759
8.85 0.104651
8.855 0.104544
8.86 0.104438
8.865 0.104331
8.87 0.104224
8.875 0.104118
8.88 0.104012
8.885 0.103906
8.89 0.1038
8.895 0.103694
8.9 0.103589
8.905 0.103483
8.91 0.103378
8.915 0.103273
8.92 0.103168
8.925 0.103063
8.93 0.102959
8.935 0.102854
8.94 0.10275
8.945 0.102646
8.95 0.102542
8.955 0.102438
8.96 0.102334
8.965 0.102231
8.97 0.102127
8.975 0.102024
8.98 0.101921
8.985 0.101818
8.99 0.101715
8.995 0.101612
9 0.10151
9.005 0.101408
9.01 0.101305
9.015 0.101203
9.02 0.101101
9.025 0.101
9.03 0.100898
9.035 0.100797
9.04 0.100695
9.045 0.100594
9.05 0.100493
9.055 0.100392
9.06 0.100292
9.065 0.100191
9.07 0.100091
9.075 0.0999904
9.08 0.0998902
9.085 0.0997902
9.09 0.0996904
9.095 0.0995907
9.1 0.0994912
9.105 0.0993918
9.11 0.0992925
9.115 0.0991934
9.12 0.0990944
9.125 0.0989956
9.13 0.0988969
9.135 0.0987984
9.14 0.0987
9.145 0.0986017
9.15 0.0985036
9.155 0.0984056
9.16 0.0983078
9.165 0.0982101
9.17 0.0981125
9.175 0.0980151
9.18 0.0979178
9.185 0.0978207
9.19 0.0977237
9.195 0.0976269
9.2 0.0975302
9.205 0.0974336
9.21 0.0973372
9.215 0.0972409
9.22 0.0971447
9.225 0.0970487
9.23 0.0969528
9.235 0.0968571
9.24 0.0967615
9.245 0.096666
9.25 0.0965707
9.255 0.0964755
9.26 0.0963804
9.265 0.0962855
9.27 0.0961907
9.275 0.0960961
9.28 0.0960016
9.285 0.0959072
9.29 0.095813
9.295 0.0957189
9.3 0.0956249
9.305 0.095531
9.31 0.0954373
9.315 0.0953438
9.32 0.0952503
9.325 0.095157
9.33 0.0950639
9.335 0.0949708
9.34 0.0948779
9.345 0.0947851
9.35 0.0946925
9.355 0.0946
9.36 0.0945076
9.365 0.0944154
9.37 0.0943232
9.375 0.0942313
9.38 0.0941394
9.385 0.0940477
9.39 0.0939561
9.395 0.0938646
9.4 0.0937733
9.405 0.0936821
9.41 0.093591
9.415 0.0935001
9.42 0.0934092
9.425 0.0933185
9.43 0.093228
9.435 0.0931376
9.44 0.0930472
9.445 0.0929571
9.45 0.092867
9.455 0.0927771
9.46 0.0926873
9.465 0.0925976
9.47 0.0925081
9.475 0.0924187
9.48 0.0923294
9.485 0.0922402
9.49 0.0921512
9.495 0.0920622
9.5 0.0919735
9.505 0.0918848
9.51 0.0917962
9.515 0.0917078
9.52 0.0916195
9.525 0.0915314
9.53 0.0914433
9.535 0.0913554
9.54 0.0912676
9.545 0.0911799
9.55 0.0910924
9.555 0.0910049
9.56 0.0909176
9.565 0.0908304
9.57 0.0907434
9.575 0.0906564
9.58 0.0905696
9.585 0.0904829
9.59 0.0903963
9.595 0.0903099
9.6 0.0902235
9.605 0.0901373
9.61 0.0900512
9.615 0.0899653
9.62 0.0898794
9.625 0.0897937
9.63 0.089708
9.635 0.0896225
9.64 0.0895372
9.645 0.0894519
9.65 0.0893668
9.655 0.0892817
9.66 0.0891968
9.665 0.089112
9.67 0.0890274
9.675 0.0889428
9.68 0.0888584
9.685 0.088774
9.69 0.0886898
9.695 0.0886058
9.7 0.0885218
9.705 0.0884379
9.71 0.0883542
9.715 0.0882706
9.72 0.0881871
9.725 0.0881037
9.73 0.0880204
9.735 0.0879372
9.74 0.0878542
9.745 0.0877712
9.75 0.0876884
9.755 0.0876057
9.76 0.0875231
9.765 0.0874407
9.77 0.0873583
9.775 0.087276
9.78 0.0871939
9.785 0.0871119
9.79 0.08703
9.795 0.0869482
9.8 0.0868665
9.805 0.0867849
9.81 0.0867034
9.815 0.0866221
9.82 0.0865409
9.825 0.0864597
9.83 0.0863787
9.835 0.0862978
9.84 0.086217
9.845 0.0861363
9.85 0.0860557
9.855 0.0859753
9.86 0.0858949
9.865 0.0858147
9.87 0.0857345
9.875 0.0856545
9.88 0.0855746
9.885 0.0854948
9.89 0.0854151
9.895 0.0853355
9.9 0.085256
9.905 0.0851766
9.91 0.0850974
9.915 0.0850182
9.92 0.0849392
9.925 0.0848602
9.93 0.0847814
9.935 0.0847027
9.94 0.084624
9.945 0.0845455
9.95 0.0844671
9.955 0.0843888
9.96 0.0843106
9.965 0.0842325
9.97 0.0841545
9.975 0.0840767
9.98 0.0839989
9.985 0.0839212
9.99 0.0838437
9.995 0.0837662
