0 -nan
0.005 0.0412412
0.01 0.0755605
0.015 0.320692
0.02 0.439566
0.025 0.0924382
0.03 0.847499
0.035 0.818346
0.04 0.394052
0.045 0.125713
0.05 0.0829105
0.055 0.173081
0.06 0.309618
0.065 0.443228
0.07 0.552945
0.075 0.633505
0.08 0.686854
0.085 0.717544
0.09 0.730533
0.095 0.730284
0.1 0.720477
0.105 0.704005
0.11 0.683079
0.115 0.659349
0.12 0.63403
0.125 0.608002
0.13 0.58189
0.135 0.556133
0.14 0.531031
0.145 0.506779
0.15 0.483501
0.155 0.461263
0.16 0.440095
0.165 0.419998
0.17 0.400956
0.175 0.382937
0.18 0.365903
0.185 0.34981
0.19 0.334612
0.195 0.320261
0.2 0.30671
0.205 0.293911
0.21 0.281821
0.215 0.270395
0.22 0.259593
0.225 0.249375
0.23 0.239705
0.235 0.23055
0.24 0.221875
0.245 0.213651
0.25 0.205851
0.255 0.198447
0.26 0.191415
0.265 0.184732
0.27 0.178377
0.275 0.17233
0.28 0.166572
0.285 0.161087
0.29 0.155858
0.295 0.15087
0.3 0.146109
0.305 0.141562
0.31 0.137218
0.315 0.133064
0.32 0.129091
0.325 0.125287
0.33 0.121645
0.335 0.118154
0.34 0.114808
0.345 0.111599
0.35 0.108519
0.355 0.105561
0.36 0.10272
0.365 0.0999902
0.37 0.0973651
0.375 0.0948398
0.38 0.0924095
0.385 0.0900696
0.39 0.0878158
0.395 0.085644
0.4 0.0835503
0.405 0.081531
0.41 0.0795829
0.415 0.0777026
0.42 0.075887
0.425 0.0741334
0.43 0.0724389
0.435 0.0708009
0.44 0.0692171
0.445 0.0676851
0.45 0.0662026
0.455 0.0647677
0.46 0.0633783
0.465 0.0620326
0.47 0.0607287
0.475 0.059465
0.48 0.0582398
0.485 0.0570517
0.49 0.0558991
0.495 0.0547807
0.5 0.0536951
0.505 0.0526412
0.51 0.0516176
0.515 0.0506233
0.52 0.0496572
0.525 0.0487182
0.53 0.0478053
0.535 0.0469175
0.54 0.046054
0.545 0.045214
0.55 0.0443965
0.555 0.0436007
0.56 0.042826
0.565 0.0420716
0.57 0.0413367
0.575 0.0406208
0.58 0.0399231
0.585 0.0392432
0.59 0.0385803
0.595 0.037934
0.6 0.0373036
0.605 0.0366887
0.61 0.0360887
0.615 0.0355033
0.62 0.0349319
0.625 0.034374
0.63 0.0338293
0.635 0.0332974
0.64 0.0327779
0.645 0.0322703
0.65 0.0317744
0.655 0.0312897
0.66 0.0308159
0.665 0.0303528
0.67 0.0299
0.675 0.0294571
0.68 0.029024
0.685 0.0286003
0.69 0.0281858
0.695 0.0277801
0.7 0.0273831
0.705 0.0269945
0.71 0.0266141
0.715 0.0262416
0.72 0.0258768
0.725 0.0255196
0.73 0.0251696
0.735 0.0248268
0.74 0.0244909
0.745 0.0241617
0.75 0.0238391
0.755 0.0235229
0.76 0.0232129
0.765 0.0229089
0.77 0.0226109
0.775 0.0223186
0.78 0.0220319
0.785 0.0217507
0.79 0.0214748
0.795 0.0212041
0.8 0.0209384
0.805 0.0206778
0.81 0.0204219
0.815 0.0201707
0.82 0.0199241
0.825 0.019682
0.83 0.0194442
0.835 0.0192108
0.84 0.0189814
0.845 0.0187562
0.85 0.0185349
0.855 0.0183175
0.86 0.0181039
0.865 0.017894
0.87 0.0176877
0.875 0.0174849
0.88 0.0172856
0.885 0.0170897
0.89 0.016897
0.895 0.0167076
0.9 0.0165214
0.905 0.0163382
0.91 0.0161581
0.915 0.0159809
0.92 0.0158066
0.925 0.0156351
0.93 0.0154664
0.935 0.0153004
0.94 0.015137
0.945 0.0149763
0.95 0.0148181
0.955 0.0146623
0.96 0.014509
0.965 0.0143581
0.97 0.0142096
0.975 0.0140633
0.98 0.0139192
0.985 0.0137774
0.99 0.0136377
0.995 0.0135001
1 0.0133646
1.005 0.0132311
1.01 0.0130995
1.015 0.01297
1.02 0.0128423
1.025 0.0127165
1.03 0.0125926
1.035 0.0124704
1.04 0.01235
1.045 0.0122313
1.05 0.0121144
1.055 0.0119991
1.06 0.0118854
1.065 0.0117733
1.07 0.0116629
1.075 0.0115539
1.08 0.0114465
1.085 0.0113405
1.09 0.0112361
1.095 0.011133
1.1 0.0110314
1.105 0.0109311
1.11 0.0108322
1.115 0.0107347
1.12 0.0106384
1.125 0.0105434
1.13 0.0104497
1.135 0.0103573
1.14 0.010266
1.145 0.010176
1.15 0.0100871
1.155 0.00999938
1.16 0.0099128
1.165 0.00982734
1.17 0.00974298
1.175 0.00965969
1.18 0.00957747
1.185 0.00949629
1.19 0.00941614
1.195 0.009337
1.2 0.00925884
1.205 0.00918167
1.21 0.00910545
1.215 0.00903017
1.22 0.00895583
1.225 0.00888239
1.23 0.00880986
1.235 0.0087382
1.24 0.00866742
1.245 0.00859749
1.25 0.0085284
1.255 0.00846014
1.26 0.0083927
1.265 0.00832605
1.27 0.0082602
1.275 0.00819512
1.28 0.00813081
1.285 0.00806725
1.29 0.00800443
1.295 0.00794235
1.3 0.00788098
1.305 0.00782031
1.31 0.00776035
1.315 0.00770107
1.32 0.00764246
1.325 0.00758452
1.33 0.00752724
1.335 0.0074706
1.34 0.0074146
1.345 0.00735922
1.35 0.00730446
1.355 0.00725031
1.36 0.00719676
1.365 0.0071438
1.37 0.00709142
1.375 0.00703961
1.38 0.00698837
1.385 0.00693769
1.39 0.00688755
1.395 0.00683795
1.4 0.00678889
1.405 0.00674035
1.41 0.00669233
1.415 0.00664482
1.42 0.00659782
1.425 0.00655131
1.43 0.00650529
1.435 0.00645975
1.44 0.00641469
1.445 0.0063701
1.45 0.00632597
1.455 0.00628229
1.46 0.00623907
1.465 0.00619629
1.47 0.00615395
1.475 0.00611204
1.48 0.00607056
1.485 0.0060295
1.49 0.00598885
1.495 0.00594861
1.5 0.00590877
1.505 0.00586934
1.51 0.00583029
1.515 0.00579164
1.52 0.00575336
1.525 0.00571547
1.53 0.00567794
1.535 0.00564079
1.54 0.005604
1.545 0.00556756
1.55 0.00553148
1.555 0.00549575
1.56 0.00546037
1.565 0.00542532
1.57 0.00539061
1.575 0.00535623
1.58 0.00532218
1.585 0.00528846
1.59 0.00525505
1.595 0.00522195
1.6 0.00518917
1.605 0.0051567
1.61 0.00512453
1.615 0.00509266
1.62 0.00506108
1.625 0.0050298
1.63 0.00499881
1.635 0.0049681
1.64 0.00493767
1.645 0.00490752
1.65 0.00487765
1.655 0.00484805
1.66 0.00481872
1.665 0.00478965
1.67 0.00476084
1.675 0.00473229
1.68 0.004704
1.685 0.00467596
1.69 0.00464818
1.695 0.00462063
1.7 0.00459333
1.705 0.00456628
1.71 0.00453946
1.715 0.00451287
1.72 0.00448652
1.725 0.0044604
1.73 0.00443451
1.735 0.00440884
1.74 0.00438339
1.745 0.00435816
1.75 0.00433315
1.755 0.00430835
1.76 0.00428377
1.765 0.0042594
1.77 0.00423523
1.775 0.00421127
1.78 0.00418751
1.785 0.00416395
1.79 0.00414058
1.795 0.00411742
1.8 0.00409445
1.805 0.00407167
1.81 0.00404907
1.815 0.00402667
1.82 0.00400445
1.825 0.00398242
1.83 0.00396056
1.835 0.00393889
1.84 0.00391739
1.845 0.00389607
1.85 0.00387492
1.855 0.00385394
1.86 0.00383314
1.865 0.0038125
1.87 0.00379202
1.875 0.00377171
1.88 0.00375157
1.885 0.00373158
1.89 0.00371176
1.895 0.00369209
1.9 0.00367257
1.905 0.00365322
1.91 0.00363401
1.915 0.00361495
1.92 0.00359605
1.925 0.00357729
1.93 0.00355868
1.935 0.00354021
1.94 0.00352189
1.945 0.0035037
1.95 0.00348566
1.955 0.00346776
1.96 0.00344999
1.965 0.00343237
1.97 0.00341487
1.975 0.00339751
1.98 0.00338028
1.985 0.00336318
1.99 0.00334621
1.995 0.00332937
2 0.00331266
2.005 0.00329607
2.01 0.0032796
2.015 0.00326326
2.02 0.00324704
2.025 0.00323094
2.03 0.00321496
2.035 0.0031991
2.04 0.00318335
2.045 0.00316772
2.05 0.00315221
2.055 0.00313681
2.06 0.00312152
2.065 0.00310634
2.07 0.00309128
2.075 0.00307632
2.08 0.00306147
2.085 0.00304673
2.09 0.00303209
2.095 0.00301756
2.1 0.00300313
2.105 0.00298881
2.11 0.00297459
2.115 0.00296047
2.12 0.00294645
2.125 0.00293253
2.13 0.00291871
2.135 0.00290498
2.14 0.00289136
2.145 0.00287782
2.15 0.00286438
2.155 0.00285104
2.16 0.00283779
2.165 0.00282463
2.17 0.00281156
2.175 0.00279859
2.18 0.0027857
2.185 0.0027729
2.19 0.00276019
2.195 0.00274757
2.2 0.00273503
2.205 0.00272258
2.21 0.00271021
2.215 0.00269793
2.22 0.00268573
2.225 0.00267361
2.23 0.00266157
2.235 0.00264962
2.24 0.00263775
2.245 0.00262595
2.25 0.00261424
2.255 0.0026026
2.26 0.00259104
2.265 0.00257955
2.27 0.00256815
2.275 0.00255682
2.28 0.00254556
2.285 0.00253438
2.29 0.00252327
2.295 0.00251223
2.3 0.00250127
2.305 0.00249037
2.31 0.00247955
2.315 0.0024688
2.32 0.00245812
2.325 0.00244751
2.33 0.00243696
2.335 0.00242649
2.34 0.00241608
2.345 0.00240574
2.35 0.00239546
2.355 0.00238525
2.36 0.00237511
2.365 0.00236503
2.37 0.00235501
2.375 0.00234506
2.38 0.00233517
2.385 0.00232534
2.39 0.00231558
2.395 0.00230587
2.4 0.00229623
2.405 0.00228665
2.41 0.00227712
2.415 0.00226766
2.42 0.00225826
2.425 0.00224891
2.43 0.00223962
2.435 0.00223039
2.44 0.00222121
2.445 0.0022121
2.45 0.00220303
2.455 0.00219403
2.46 0.00218508
2.465 0.00217618
2.47 0.00216734
2.475 0.00215855
2.48 0.00214981
2.485 0.00214113
2.49 0.0021325
2.495 0.00212392
2.5 0.0021154
2.505 0.00210692
2.51 0.0020985
2.515 0.00209012
2.52 0.0020818
2.525 0.00207353
2.53 0.0020653
2.535 0.00205713
2.54 0.002049
2.545 0.00204092
2.55 0.00203289
2.555 0.0020249
2.56 0.00201696
2.565 0.00200907
2.57 0.00200123
2.575 0.00199343
2.58 0.00198567
2.585 0.00197797
2.59 0.0019703
2.595 0.00196268
2.6 0.00195511
2.605 0.00194758
2.61 0.00194009
2.615 0.00193264
2.62 0.00192524
2.625 0.00191788
2.63 0.00191056
2.635 0.00190329
2.64 0.00189605
2.645 0.00188886
2.65 0.00188171
2.655 0.00187459
2.66 0.00186752
2.665 0.00186049
2.67 0.0018535
2.675 0.00184655
2.68 0.00183963
2.685 0.00183276
2.69 0.00182592
2.695 0.00181912
2.7 0.00181236
2.705 0.00180564
2.71 0.00179895
2.715 0.0017923
2.72 0.00178569
2.725 0.00177912
2.73 0.00177258
2.735 0.00176607
2.74 0.00175961
2.745 0.00175318
2.75 0.00174678
2.755 0.00174042
2.76 0.00173409
2.765 0.0017278
2.77 0.00172154
2.775 0.00171531
2.78 0.00170912
2.785 0.00170297
2.79 0.00169684
2.795 0.00169075
2.8 0.00168469
2.805 0.00167866
2.81 0.00167267
2.815 0.00166671
2.82 0.00166078
2.825 0.00165488
2.83 0.00164901
2.835 0.00164318
2.84 0.00163737
2.845 0.0016316
2.85 0.00162585
2.855 0.00162014
2.86 0.00161446
2.865 0.0016088
2.87 0.00160318
2.875 0.00159759
2.88 0.00159202
2.885 0.00158648
2.89 0.00158098
2.895 0.0015755
2.9 0.00157005
2.905 0.00156462
2.91 0.00155923
2.915 0.00155386
2.92 0.00154853
2.925 0.00154321
2.93 0.00153793
2.935 0.00153267
2.94 0.00152744
2.945 0.00152224
2.95 0.00151706
2.955 0.00151191
2.96 0.00150679
2.965 0.00150169
2.97 0.00149662
2.975 0.00149157
2.98 0.00148655
2.985 0.00148155
2.99 0.00147658
2.995 0.00147164
3 0.00146672
3.005 0.00146182
3.01 0.00145695
3.015 0.0014521
3.02 0.00144728
3.025 0.00144248
3.03 0.0014377
3.035 0.00143295
3.04 0.00142822
3.045 0.00142351
3.05 0.00141883
3.055 0.00141417
3.06 0.00140954
3.065 0.00140492
3.07 0.00140033
3.075 0.00139577
3.08 0.00139122
3.085 0.0013867
3.09 0.00138219
3.095 0.00137771
3.1 0.00137326
3.105 0.00136882
3.11 0.00136441
3.115 0.00136001
3.12 0.00135564
3.125 0.00135129
3.13 0.00134696
3.135 0.00134265
3.14 0.00133836
3.145 0.00133409
3.15 0.00132984
3.155 0.00132561
3.16 0.00132141
3.165 0.00131722
3.17 0.00131305
3.175 0.0013089
3.18 0.00130477
3.185 0.00130066
3.19 0.00129657
3.195 0.0012925
3.2 0.00128845
3.205 0.00128442
3.21 0.00128041
3.215 0.00127641
3.22 0.00127244
3.225 0.00126848
3.23 0.00126454
3.235 0.00126062
3.24 0.00125672
3.245 0.00125283
3.25 0.00124896
3.255 0.00124512
3.26 0.00124128
3.265 0.00123747
3.27 0.00123368
3.275 0.0012299
3.28 0.00122614
3.285 0.00122239
3.29 0.00121867
3.295 0.00121496
3.3 0.00121126
3.305 0.00120759
3.31 0.00120393
3.315 0.00120029
3.32 0.00119666
3.325 0.00119305
3.33 0.00118946
3.335 0.00118588
3.34 0.00118232
3.345 0.00117877
3.35 0.00117525
3.355 0.00117173
3.36 0.00116823
3.365 0.00116475
3.37 0.00116129
3.375 0.00115784
3.38 0.0011544
3.385 0.00115098
3.39 0.00114757
3.395 0.00114418
3.4 0.00114081
3.405 0.00113745
3.41 0.0011341
3.415 0.00113077
3.42 0.00112746
3.425 0.00112416
3.43 0.00112087
3.435 0.0011176
3.44 0.00111434
3.445 0.00111109
3.45 0.00110786
3.455 0.00110465
3.46 0.00110145
3.465 0.00109826
3.47 0.00109509
3.475 0.00109192
3.48 0.00108878
3.485 0.00108564
3.49 0.00108253
3.495 0.00107942
3.5 0.00107633
3.505 0.00107325
3.51 0.00107018
3.515 0.00106713
3.52 0.00106409
3.525 0.00106106
3.53 0.00105805
3.535 0.00105504
3.54 0.00105206
3.545 0.00104908
3.55 0.00104612
3.555 0.00104316
3.56 0.00104023
3.565 0.0010373
3.57 0.00103439
3.575 0.00103148
3.58 0.0010286
3.585 0.00102572
3.59 0.00102285
3.595 0.00102
3.6 0.00101716
3.605 0.00101433
3.61 0.00101151
3.615 0.00100871
3.62 0.00100591
3.625 0.00100313
3.63 0.00100036
3.635 0.000997598
3.64 0.00099485
3.645 0.000992113
3.65 0.000989387
3.655 0.000986673
3.66 0.00098397
3.665 0.000981278
3.67 0.000978597
3.675 0.000975926
3.68 0.000973267
3.685 0.000970619
3.69 0.000967981
3.695 0.000965354
3.7 0.000962738
3.705 0.000960132
3.71 0.000957537
3.715 0.000954953
3.72 0.000952379
3.725 0.000949815
3.73 0.000947262
3.735 0.000944719
3.74 0.000942186
3.745 0.000939663
3.75 0.000937151
3.755 0.000934648
3.76 0.000932156
3.765 0.000929673
3.77 0.000927201
3.775 0.000924738
3.78 0.000922285
3.785 0.000919842
3.79 0.000917408
3.795 0.000914984
3.8 0.00091257
3.805 0.000910165
3.81 0.00090777
3.815 0.000905384
3.82 0.000903008
3.825 0.000900641
3.83 0.000898283
3.835 0.000895934
3.84 0.000893595
3.845 0.000891265
3.85 0.000888944
3.855 0.000886632
3.86 0.000884329
3.865 0.000882035
3.87 0.000879749
3.875 0.000877473
3.88 0.000875206
3.885 0.000872947
3.89 0.000870697
3.895 0.000868456
3.9 0.000866223
3.905 0.000863999
3.91 0.000861783
3.915 0.000859576
3.92 0.000857378
3.925 0.000855188
3.93 0.000853006
3.935 0.000850833
3.94 0.000848668
3.945 0.000846511
3.95 0.000844362
3.955 0.000842222
3.96 0.000840089
3.965 0.000837965
3.97 0.000835849
3.975 0.000833741
3.98 0.000831641
3.985 0.000829548
3.99 0.000827464
3.995 0.000825387
4 0.000823318
4.005 0.000821257
4.01 0.000819204
4.015 0.000817159
4.02 0.000815121
4.025 0.00081309
4.03 0.000811068
4.035 0.000809052
4.04 0.000807045
4.045 0.000805044
4.05 0.000803052
4.055 0.000801066
4.06 0.000799088
4.065 0.000797117
4.07 0.000795154
4.075 0.000793198
4.08 0.000791249
4.085 0.000789307
4.09 0.000787372
4.095 0.000785444
4.1 0.000783524
4.105 0.00078161
4.11 0.000779704
4.115 0.000777804
4.12 0.000775912
4.125 0.000774026
4.13 0.000772147
4.135 0.000770275
4.14 0.00076841
4.145 0.000766551
4.15 0.0007647
4.155 0.000762855
4.16 0.000761016
4.165 0.000759185
4.17 0.000757359
4.175 0.000755541
4.18 0.000753729
4.185 0.000751923
4.19 0.000750124
4.195 0.000748332
4.2 0.000746546
4.205 0.000744766
4.21 0.000742993
4.215 0.000741225
4.22 0.000739465
4.225 0.00073771
4.23 0.000735962
4.235 0.00073422
4.24 0.000732484
4.245 0.000730754
4.25 0.000729031
4.255 0.000727313
4.26 0.000725602
4.265 0.000723896
4.27 0.000722197
4.275 0.000720503
4.28 0.000718816
4.285 0.000717134
4.29 0.000715458
4.295 0.000713789
4.3 0.000712125
4.305 0.000710466
4.31 0.000708814
4.315 0.000707167
4.32 0.000705526
4.325 0.000703891
4.33 0.000702262
4.335 0.000700638
4.34 0.000699019
4.345 0.000697407
4.35 0.0006958
4.355 0.000694198
4.36 0.000692602
4.365 0.000691012
4.37 0.000689427
4.375 0.000687847
4.38 0.000686273
4.385 0.000684704
4.39 0.000683141
4.395 0.000681583
4.4 0.00068003
4.405 0.000678482
4.41 0.00067694
4.415 0.000675403
4.42 0.000673872
4.425 0.000672345
4.43 0.000670824
4.435 0.000669308
4.44 0.000667797
4.445 0.000666291
4.45 0.00066479
4.455 0.000663294
4.46 0.000661804
4.465 0.000660318
4.47 0.000658837
4.475 0.000657361
4.48 0.000655891
4.485 0.000654425
4.49 0.000652964
4.495 0.000651508
4.5 0.000650057
4.505 0.00064861
4.51 0.000647169
4.515 0.000645732
4.52 0.0006443
4.525 0.000642873
4.53 0.000641451
4.535 0.000640033
4.54 0.00063862
4.545 0.000637211
4.55 0.000635808
4.555 0.000634409
4.56 0.000633014
4.565 0.000631624
4.57 0.000630239
4.575 0.000628858
4.58 0.000627482
4.585 0.00062611
4.59 0.000624743
4.595 0.00062338
4.6 0.000622022
4.605 0.000620668
4.61 0.000619319
4.615 0.000617974
4.62 0.000616633
4.625 0.000615297
4.63 0.000613965
4.635 0.000612637
4.64 0.000611314
4.645 0.000609995
4.65 0.00060868
4.655 0.000607369
4.66 0.000606063
4.665 0.000604761
4.67 0.000603463
4.675 0.000602169
4.68 0.00060088
4.685 0.000599594
4.69 0.000598313
4.695 0.000597036
4.7 0.000595763
4.705 0.000594493
4.71 0.000593228
4.715 0.000591967
4.72 0.00059071
4.725 0.000589457
4.73 0.000588208
4.735 0.000586963
4.74 0.000585722
4.745 0.000584485
4.75 0.000583252
4.755 0.000582023
4.76 0.000580797
4.765 0.000579576
4.77 0.000578358
4.775 0.000577144
4.78 0.000575934
4.785 0.000574727
4.79 0.000573525
4.795 0.000572326
4.8 0.000571131
4.805 0.00056994
4.81 0.000568752
4.815 0.000567569
4.82 0.000566388
4.825 0.000565212
4.83 0.000564039
4.835 0.00056287
4.84 0.000561705
4.845 0.000560543
4.85 0.000559384
4.855 0.00055823
4.86 0.000557079
4.865 0.000555931
4.87 0.000554787
4.875 0.000553646
4.88 0.000552509
4.885 0.000551376
4.89 0.000550246
4.895 0.000549119
4.9 0.000547996
4.905 0.000546877
4.91 0.00054576
4.915 0.000544648
4.92 0.000543538
4.925 0.000542432
4.93 0.000541329
4.935 0.00054023
4.94 0.000539134
4.945 0.000538042
4.95 0.000536952
4.955 0.000535866
4.96 0.000534784
4.965 0.000533704
4.97 0.000532628
4.975 0.000531555
4.98 0.000530485
4.985 0.000529419
4.99 0.000528356
4.995 0.000527296
5 0.000526239
5.005 0.000525185
5.01 0.000524135
5.015 0.000523087
5.02 0.000522043
5.025 0.000521002
5.03 0.000519964
5.035 0.000518929
5.04 0.000517897
5.045 0.000516869
5.05 0.000515843
5.055 0.00051482
5.06 0.000513801
5.065 0.000512784
5.07 0.000511771
5.075 0.00051076
5.08 0.000509752
5.085 0.000508748
5.09 0.000507746
5.095 0.000506748
5.1 0.000505752
5.105 0.000504759
5.11 0.000503769
5.115 0.000502782
5.12 0.000501798
5.125 0.000500817
5.13 0.000499839
5.135 0.000498863
5.14 0.000497891
5.145 0.000496921
5.15 0.000495954
5.155 0.00049499
5.16 0.000494029
5.165 0.00049307
5.17 0.000492115
5.175 0.000491162
5.18 0.000490211
5.185 0.000489264
5.19 0.000488319
5.195 0.000487377
5.2 0.000486438
5.205 0.000485502
5.21 0.000484568
5.215 0.000483637
5.22 0.000482708
5.225 0.000481783
5.23 0.00048086
5.235 0.000479939
5.24 0.000479021
5.245 0.000478106
5.25 0.000477194
5.255 0.000476284
5.26 0.000475376
5.265 0.000474472
5.27 0.000473569
5.275 0.00047267
5.28 0.000471773
5.285 0.000470878
5.29 0.000469986
5.295 0.000469097
5.3 0.00046821
5.305 0.000467326
5.31 0.000466444
5.315 0.000465564
5.32 0.000464688
5.325 0.000463813
5.33 0.000462941
5.335 0.000462072
5.34 0.000461205
5.345 0.00046034
5.35 0.000459478
5.355 0.000458618
5.36 0.000457761
5.365 0.000456906
5.37 0.000456053
5.375 0.000455203
5.38 0.000454355
5.385 0.00045351
5.39 0.000452667
5.395 0.000451826
5.4 0.000450987
5.405 0.000450151
5.41 0.000449318
5.415 0.000448486
5.42 0.000447657
5.425 0.00044683
5.43 0.000446006
5.435 0.000445184
5.44 0.000444364
5.445 0.000443546
5.45 0.00044273
5.455 0.000441917
5.46 0.000441106
5.465 0.000440297
5.47 0.000439491
5.475 0.000438687
5.48 0.000437884
5.485 0.000437085
5.49 0.000436287
5.495 0.000435491
5.5 0.000434698
5.505 0.000433907
5.51 0.000433118
5.515 0.000432331
5.52 0.000431546
5.525 0.000430763
5.53 0.000429983
5.535 0.000429205
5.54 0.000428428
5.545 0.000427654
5.55 0.000426882
5.555 0.000426112
5.56 0.000425344
5.565 0.000424578
5.57 0.000423815
5.575 0.000423053
5.58 0.000422293
5.585 0.000421536
5.59 0.00042078
5.595 0.000420027
5.6 0.000419275
5.605 0.000418526
5.61 0.000417778
5.615 0.000417033
5.62 0.000416289
5.625 0.000415548
5.63 0.000414808
5.635 0.000414071
5.64 0.000413335
5.645 0.000412601
5.65 0.00041187
5.655 0.00041114
5.66 0.000410412
5.665 0.000409686
5.67 0.000408962
5.675 0.00040824
5.68 0.00040752
5.685 0.000406802
5.69 0.000406086
5.695 0.000405371
5.7 0.000404659
5.705 0.000403948
5.71 0.000403239
5.715 0.000402532
5.72 0.000401827
5.725 0.000401124
5.73 0.000400423
5.735 0.000399723
5.74 0.000399026
5.745 0.00039833
5.75 0.000397636
5.755 0.000396943
5.76 0.000396253
5.765 0.000395564
5.77 0.000394877
5.775 0.000394192
5.78 0.000393509
5.785 0.000392828
5.79 0.000392148
5.795 0.00039147
5.8 0.000390794
5.805 0.000390119
5.81 0.000389446
5.815 0.000388775
5.82 0.000388106
5.825 0.000387439
5.83 0.000386773
5.835 0.000386109
5.84 0.000385446
5.845 0.000384786
5.85 0.000384127
5.855 0.000383469
5.86 0.000382814
5.865 0.00038216
5.87 0.000381508
5.875 0.000380857
5.88 0.000380208
5.885 0.000379561
5.89 0.000378915
5.895 0.000378271
5.9 0.000377629
5.905 0.000376988
5.91 0.000376349
5.915 0.000375712
5.92 0.000375076
5.925 0.000374442
5.93 0.000373809
5.935 0.000373178
5.94 0.000372549
5.945 0.000371921
5.95 0.000371295
5.955 0.00037067
5.96 0.000370047
5.965 0.000369425
5.97 0.000368805
5.975 0.000368187
5.98 0.00036757
5.985 0.000366955
5.99 0.000366341
5.995 0.000365729
6 0.000365118
6.005 0.000364509
6.01 0.000363902
6.015 0.000363295
6.02 0.000362691
6.025 0.000362088
6.03 0.000361486
6.035 0.000360886
6.04 0.000360288
6.045 0.00035969
6.05 0.000359095
6.055 0.000358501
6.06 0.000357908
6.065 0.000357317
6.07 0.000356727
6.075 0.000356139
6.08 0.000355552
6.085 0.000354967
6.09 0.000354383
6.095 0.0003538
6.1 0.000353219
6.105 0.00035264
6.11 0.000352061
6.115 0.000351485
6.12 0.000350909
6.125 0.000350335
6.13 0.000349763
6.135 0.000349192
6.14 0.000348622
6.145 0.000348054
6.15 0.000347487
6.155 0.000346921
6.16 0.000346357
6.165 0.000345794
6.17 0.000345233
6.175 0.000344673
6.18 0.000344114
6.185 0.000343556
6.19 0.000343
6.195 0.000342446
6.2 0.000341893
6.205 0.000341341
6.21 0.00034079
6.215 0.000340241
6.22 0.000339693
6.225 0.000339146
6.23 0.000338601
6.235 0.000338057
6.24 0.000337514
6.245 0.000336972
6.25 0.000336432
6.255 0.000335894
6.26 0.000335356
6.265 0.00033482
6.27 0.000334285
6.275 0.000333751
6.28 0.000333219
6.285 0.000332688
6.29 0.000332158
6.295 0.000331629
6.3 0.000331102
6.305 0.000330576
6.31 0.000330051
6.315 0.000329527
6.32 0.000329005
6.325 0.000328484
6.33 0.000327964
6.335 0.000327446
6.34 0.000326928
6.345 0.000326412
6.35 0.000325897
6.355 0.000325383
6.36 0.000324871
6.365 0.00032436
6.37 0.00032385
6.375 0.000323341
6.38 0.000322833
6.385 0.000322327
6.39 0.000321821
6.395 0.000321317
6.4 0.000320814
6.405 0.000320312
6.41 0.000319812
6.415 0.000319312
6.42 0.000318814
6.425 0.000318317
6.43 0.000317821
6.435 0.000317327
6.44 0.000316833
6.445 0.000316341
6.45 0.000315849
6.455 0.000315359
6.46 0.00031487
6.465 0.000314382
6.47 0.000313895
6.475 0.00031341
6.48 0.000312925
6.485 0.000312442
6.49 0.00031196
6.495 0.000311479
6.5 0.000310999
6.505 0.00031052
6.51 0.000310042
6.515 0.000309565
6.52 0.00030909
6.525 0.000308615
6.53 0.000308142
6.535 0.000307669
6.54 0.000307198
6.545 0.000306728
6.55 0.000306259
6.555 0.000305791
6.56 0.000305324
6.565 0.000304858
6.57 0.000304393
6.575 0.00030393
6.58 0.000303467
6.585 0.000303005
6.59 0.000302545
6.595 0.000302085
6.6 0.000301627
6.605 0.000301169
6.61 0.000300713
6.615 0.000300257
6.62 0.000299803
6.625 0.00029935
6.63 0.000298898
6.635 0.000298446
6.64 0.000297996
6.645 0.000297547
6.65 0.000297099
6.655 0.000296652
6.66 0.000296205
6.665 0.00029576
6.67 0.000295316
6.675 0.000294873
6.68 0.000294431
6.685 0.00029399
6.69 0.000293549
6.695 0.00029311
6.7 0.000292672
6.705 0.000292235
6.71 0.000291799
6.715 0.000291363
6.72 0.000290929
6.725 0.000290496
6.73 0.000290063
6.735 0.000289632
6.74 0.000289201
6.745 0.000288772
6.75 0.000288343
6.755 0.000287916
6.76 0.000287489
6.765 0.000287064
6.77 0.000286639
6.775 0.000286215
6.78 0.000285792
6.785 0.00028537
6.79 0.000284949
6.795 0.000284529
6.8 0.00028411
6.805 0.000283692
6.81 0.000283275
6.815 0.000282858
6.82 0.000282443
6.825 0.000282029
6.83 0.000281615
6.835 0.000281202
6.84 0.00028079
6.845 0.00028038
6.85 0.00027997
6.855 0.000279561
6.86 0.000279152
6.865 0.000278745
6.87 0.000278339
6.875 0.000277933
6.88 0.000277528
6.885 0.000277125
6.89 0.000276722
6.895 0.00027632
6.9 0.000275919
6.905 0.000275519
6.91 0.000275119
6.915 0.000274721
6.92 0.000274323
6.925 0.000273926
6.93 0.00027353
6.935 0.000273135
6.94 0.000272741
6.945 0.000272348
6.95 0.000271955
6.955 0.000271564
6.96 0.000271173
6.965 0.000270783
6.97 0.000270394
6.975 0.000270005
6.98 0.000269618
6.985 0.000269231
6.99 0.000268846
6.995 0.000268461
7 0.000268076
7.005 0.000267693
7.01 0.000267311
7.015 0.000266929
7.02 0.000266548
7.025 0.000266168
7.03 0.000265789
7.035 0.000265411
7.04 0.000265033
7.045 0.000264656
7.05 0.00026428
7.055 0.000263905
7.06 0.000263531
7.065 0.000263157
7.07 0.000262784
7.075 0.000262412
7.08 0.000262041
7.085 0.00026167
7.09 0.000261301
7.095 0.000260932
7.1 0.000260564
7.105 0.000260197
7.11 0.00025983
7.115 0.000259464
7.12 0.000259099
7.125 0.000258735
7.13 0.000258372
7.135 0.000258009
7.14 0.000257647
7.145 0.000257286
7.15 0.000256925
7.155 0.000256566
7.16 0.000256207
7.165 0.000255849
7.17 0.000255491
7.175 0.000255135
7.18 0.000254779
7.185 0.000254424
7.19 0.000254069
7.195 0.000253716
7.2 0.000253363
7.205 0.00025301
7.21 0.000252659
7.215 0.000252308
7.22 0.000251958
7.225 0.000251609
7.23 0.00025126
7.235 0.000250913
7.24 0.000250565
7.245 0.000250219
7.25 0.000249873
7.255 0.000249528
7.26 0.000249184
7.265 0.000248841
7.27 0.000248498
7.275 0.000248156
7.28 0.000247814
7.285 0.000247474
7.29 0.000247134
7.295 0.000246794
7.3 0.000246456
7.305 0.000246118
7.31 0.000245781
7.315 0.000245444
7.32 0.000245108
7.325 0.000244773
7.33 0.000244439
7.335 0.000244105
7.34 0.000243772
7.345 0.00024344
7.35 0.000243108
7.355 0.000242777
7.36 0.000242446
7.365 0.000242117
7.37 0.000241788
7.375 0.000241459
7.38 0.000241132
7.385 0.000240805
7.39 0.000240478
7.395 0.000240153
7.4 0.000239828
7.405 0.000239503
7.41 0.00023918
7.415 0.000238857
7.42 0.000238534
7.425 0.000238212
7.43 0.000237891
7.435 0.000237571
7.44 0.000237251
7.445 0.000236932
7.45 0.000236613
7.455 0.000236295
7.46 0.000235978
7.465 0.000235662
7.47 0.000235346
7.475 0.00023503
7.48 0.000234716
7.485 0.000234402
7.49 0.000234088
7.495 0.000233775
7.5 0.000233463
7.505 0.000233152
7.51 0.000232841
7.515 0.000232531
7.52 0.000232221
7.525 0.000231912
7.53 0.000231603
7.535 0.000231295
7.54 0.000230988
7.545 0.000230682
7.55 0.000230376
7.555 0.00023007
7.56 0.000229766
7.565 0.000229461
7.57 0.000229158
7.575 0.000228855
7.58 0.000228552
7.585 0.000228251
7.59 0.000227949
7.595 0.000227649
7.6 0.000227349
7.605 0.00022705
7.61 0.000226751
7.615 0.000226453
7.62 0.000226155
7.625 0.000225858
7.63 0.000225561
7.635 0.000225266
7.64 0.00022497
7.645 0.000224676
7.65 0.000224381
7.655 0.000224088
7.66 0.000223795
7.665 0.000223503
7.67 0.000223211
7.675 0.000222919
7.68 0.000222629
7.685 0.000222339
7.69 0.000222049
7.695 0.00022176
7.7 0.000221472
7.705 0.000221184
7.71 0.000220896
7.715 0.00022061
7.72 0.000220324
7.725 0.000220038
7.73 0.000219753
7.735 0.000219468
7.74 0.000219184
7.745 0.000218901
7.75 0.000218618
7.755 0.000218336
7.76 0.000218054
7.765 0.000217773
7.77 0.000217492
7.775 0.000217212
7.78 0.000216932
7.785 0.000216653
7.79 0.000216375
7.795 0.000216097
7.8 0.000215819
7.805 0.000215542
7.81 0.000215266
7.815 0.00021499
7.82 0.000214715
7.825 0.00021444
7.83 0.000214166
7.835 0.000213892
7.84 0.000213619
7.845 0.000213346
7.85 0.000213074
7.855 0.000212802
7.86 0.000212531
7.865 0.000212261
7.87 0.000211991
7.875 0.000211721
7.88 0.000211452
7.885 0.000211183
7.89 0.000210915
7.895 0.000210648
7.9 0.000210381
7.905 0.000210114
7.91 0.000209848
7.915 0.000209583
7.92 0.000209318
7.925 0.000209053
7.93 0.000208789
7.935 0.000208526
7.94 0.000208263
7.945 0.000208
7.95 0.000207738
7.955 0.000207477
7.96 0.000207216
7.965 0.000206955
7.97 0.000206695
7.975 0.000206436
7.98 0.000206176
7.985 0.000205918
7.99 0.00020566
7.995 0.000205402
8 0.000205145
8.005 0.000204888
8.01 0.000204632
8.015 0.000204377
8.02 0.000204121
8.025 0.000203867
8.03 0.000203612
8.035 0.000203359
8.04 0.000203105
8.045 0.000202853
8.05 0.0002026
8.055 0.000202348
8.06 0.000202097
8.065 0.000201846
8.07 0.000201596
8.075 0.000201346
8.08 0.000201096
8.085 0.000200847
8.09 0.000200598
8.095 0.00020035
8.1 0.000200102
8.105 0.000199855
8.11 0.000199608
8.115 0.000199362
8.12 0.000199116
8.125 0.000198871
8.13 0.000198626
8.135 0.000198381
8.14 0.000198137
8.145 0.000197894
8.15 0.000197651
8.155 0.000197408
8.16 0.000197166
8.165 0.000196924
8.17 0.000196682
8.175 0.000196442
8.18 0.000196201
8.185 0.000195961
8.19 0.000195721
8.195 0.000195482
8.2 0.000195244
8.205 0.000195005
8.21 0.000194767
8.215 0.00019453
8.22 0.000194293
8.225 0.000194056
8.23 0.00019382
8.235 0.000193585
8.24 0.000193349
8.245 0.000193115
8.25 0.00019288
8.255 0.000192646
8.26 0.000192413
8.265 0.00019218
8.27 0.000191947
8.275 0.000191715
8.28 0.000191483
8.285 0.000191251
8.29 0.00019102
8.295 0.00019079
8.3 0.000190559
8.305 0.00019033
8.31 0.0001901
8.315 0.000189871
8.32 0.000189643
8.325 0.000189415
8.33 0.000189187
8.335 0.00018896
8.34 0.000188733
8.345 0.000188506
8.35 0.00018828
8.355 0.000188055
8.36 0.000187829
8.365 0.000187605
8.37 0.00018738
8.375 0.000187156
8.38 0.000186932
8.385 0.000186709
8.39 0.000186486
8.395 0.000186264
8.4 0.000186042
8.405 0.00018582
8.41 0.000185599
8.415 0.000185378
8.42 0.000185158
8.425 0.000184938
8.43 0.000184718
8.435 0.000184499
8.44 0.00018428
8.445 0.000184061
8.45 0.000183843
8.455 0.000183625
8.46 0.000183408
8.465 0.000183191
8.47 0.000182975
8.475 0.000182758
8.48 0.000182543
8.485 0.000182327
8.49 0.000182112
8.495 0.000181897
8.5 0.000181683
8.505 0.000181469
8.51 0.000181256
8.515 0.000181043
8.52 0.00018083
8.525 0.000180617
8.53 0.000180405
8.535 0.000180194
8.54 0.000179982
8.545 0.000179771
8.55 0.000179561
8.555 0.000179351
8.56 0.000179141
8.565 0.000178932
8.57 0.000178722
8.575 0.000178514
8.58 0.000178305
8.585 0.000178097
8.59 0.00017789
8.595 0.000177683
8.6 0.000177476
8.605 0.000177269
8.61 0.000177063
8.615 0.000176857
8.62 0.000176652
8.625 0.000176447
8.63 0.000176242
8.635 0.000176038
8.64 0.000175834
8.645 0.00017563
8.65 0.000175427
8.655 0.000175224
8.66 0.000175021
8.665 0.000174819
8.67 0.000174617
8.675 0.000174415
8.68 0.000174214
8.685 0.000174013
8.69 0.000173813
8.695 0.000173613
8.7 0.000173413
8.705 0.000173213
8.71 0.000173014
8.715 0.000172815
8.72 0.000172617
8.725 0.000172419
8.73 0.000172221
8.735 0.000172024
8.74 0.000171827
8.745 0.00017163
8.75 0.000171433
8.755 0.000171237
8.76 0.000171042
8.765 0.000170846
8.77 0.000170651
8.775 0.000170456
8.78 0.000170262
8.785 0.000170068
8.79 0.000169874
8.795 0.000169681
8.8 0.000169488
8.805 0.000169295
8.81 0.000169103
8.815 0.000168911
8.82 0.000168719
8.825 0.000168527
8.83 0.000168336
8.835 0.000168146
8.84 0.000167955
8.845 0.000167765
8.85 0.000167575
8.855 0.000167386
8.86 0.000167196
8.865 0.000167008
8.87 0.000166819
8.875 0.000166631
8.88 0.000166443
8.885 0.000166255
8.89 0.000166068
8.895 0.000165881
8.9 0.000165695
8.905 0.000165508
8.91 0.000165322
8.915 0.000165137
8.92 0.000164951
8.925 0.000164766
8.93 0.000164581
8.935 0.000164397
8.94 0.000164213
8.945 0.000164029
8.95 0.000163846
8.955 0.000163662
8.96 0.000163479
8.965 0.000163297
8.97 0.000163115
8.975 0.000162933
8.98 0.000162751
8.985 0.00016257
8.99 0.000162389
8.995 0.000162208
9 0.000162027
9.005 0.000161847
9.01 0.000161667
9.015 0.000161488
9.02 0.000161308
9.025 0.00016113
9.03 0.000160951
9.035 0.000160772
9.04 0.000160594
9.045 0.000160417
9.05 0.000160239
9.055 0.000160062
9.06 0.000159885
9.065 0.000159708
9.07 0.000159532
9.075 0.000159356
9.08 0.00015918
9.085 0.000159005
9.09 0.00015883
9.095 0.000158655
9.1 0.00015848
9.105 0.000158306
9.11 0.000158132
9.115 0.000157958
9.12 0.000157785
9.125 0.000157612
9.13 0.000157439
9.135 0.000157266
9.14 0.000157094
9.145 0.000156922
9.15 0.00015675
9.155 0.000156579
9.16 0.000156408
9.165 0.000156237
9.17 0.000156066
9.175 0.000155896
9.18 0.000155726
9.185 0.000155556
9.19 0.000155387
9.195 0.000155218
9.2 0.000155049
9.205 0.00015488
9.21 0.000154712
9.215 0.000154544
9.22 0.000154376
9.225 0.000154208
9.23 0.000154041
9.235 0.000153874
9.24 0.000153707
9.245 0.000153541
9.25 0.000153375
9.255 0.000153209
9.26 0.000153043
9.265 0.000152878
9.27 0.000152712
9.275 0.000152548
9.28 0.000152383
9.285 0.000152219
9.29 0.000152055
9.295 0.000151891
9.3 0.000151727
9.305 0.000151564
9.31 0.000151401
9.315 0.000151238
9.32 0.000151076
9.325 0.000150914
9.33 0.000150752
9.335 0.00015059
9.34 0.000150429
9.345 0.000150267
9.35 0.000150106
9.355 0.000149946
9.36 0.000149785
9.365 0.000149625
9.37 0.000149465
9.375 0.000149306
9.38 0.000149146
9.385 0.000148987
9.39 0.000148828
9.395 0.00014867
9.4 0.000148511
9.405 0.000148353
9.41 0.000148196
9.415 0.000148038
9.42 0.000147881
9.425 0.000147724
9.43 0.000147567
9.435 0.00014741
9.44 0.000147254
9.445 0.000147098
9.45 0.000146942
9.455 0.000146786
9.46 0.000146631
9.465 0.000146476
9.47 0.000146321
9.475 0.000146166
9.48 0.000146012
9.485 0.000145858
9.49 0.000145704
9.495 0.00014555
9.5 0.000145397
9.505 0.000145244
9.51 0.000145091
9.515 0.000144938
9.52 0.000144786
9.525 0.000144633
9.53 0.000144482
9.535 0.00014433
9.54 0.000144178
9.545 0.000144027
9.55 0.000143876
9.555 0.000143725
9.56 0.000143575
9.565 0.000143425
9.57 0.000143274
9.575 0.000143125
9.58 0.000142975
9.585 0.000142826
9.59 0.000142677
9.595 0.000142528
9.6 0.000142379
9.605 0.000142231
9.61 0.000142083
9.615 0.000141935
9.62 0.000141787
9.625 0.000141639
9.63 0.000141492
9.635 0.000141345
9.64 0.000141198
9.645 0.000141052
9.65 0.000140905
9.655 0.000140759
9.66 0.000140613
9.665 0.000140468
9.67 0.000140322
9.675 0.000140177
9.68 0.000140032
9.685 0.000139887
9.69 0.000139743
9.695 0.000139598
9.7 0.000139454
9.705 0.000139311
9.71 0.000139167
9.715 0.000139023
9.72 0.00013888
9.725 0.000138737
9.73 0.000138595
9.735 0.000138452
9.74 0.00013831
9.745 0.000138168
9.75 0.000138026
9.755 0.000137884
9.76 0.000137743
9.765 0.000137601
9.77 0.00013746
9.775 0.00013732
9.78 0.000137179
9.785 0.000137039
9.79 0.000136899
9.795 0.000136759
9.8 0.000136619
9.805 0.000136479
9.81 0.00013634
9.815 0.000136201
9.82 0.000136062
9.825 0.000135923
9.83 0.000135785
9.835 0.000135647
9.84 0.000135509
9.845 0.000135371
9.85 0.000135233
9.855 0.000135096
9.86 0.000134959
9.865 0.000134822
9.87 0.000134685
9.875 0.000134549
9.88 0.000134412
9.885 0.000134276
9.89 0.00013414
9.895 0.000134004
9.9 0.000133869
9.905 0.000133734
9.91 0.000133599
9.915 0.000133464
9.92 0.000133329
9.925 0.000133194
9.93 0.00013306
9.935 0.000132926
9.94 0.000132792
9.945 0.000132659
9.95 0.000132525
9.955 0.000132392
9.96 0.000132259
9.965 0.000132126
9.97 0.000131993
9.975 0.000131861
9.98 0.000131728
9.985 0.000131596
9.99 0.000131464
9.995 0.000131333
