0 -nan
0.005 0.898834
0.01 0.32717
0.015 0.0184754
0.02 0.0732395
0.025 0.534961
0.03 0.0802633
0.035 0.0321469
0.04 0.740783
0.045 0.0390992
0.05 0.213324
0.055 0.340887
0.06 0.176109
0.065 0.392215
0.07 0.230397
0.075 0.644604
0.08 0.639265
0.085 0.534376
0.09 0.253395
0.095 0.00691341
0.1 0.324704
0.105 0.237975
0.11 0.11133
0.115 0.257851
0.12 0.130659
0.125 0.157219
0.13 0.218512
0.135 0.0861094
0.14 0.185492
0.145 0.171451
0.15 0.119477
0.155 0.153489
0.16 0.155896
0.165 0.136959
0.17 0.157921
0.175 0.17183
0.18 0.138474
0.185 0.108053
0.19 0.134016
0.195 0.192506
0.2 0.217673
0.205 0.180445
0.21 0.114004
0.215 0.0758979
0.22 0.0977087
0.225 0.16563
0.23 0.236888
0.235 0.270644
0.24 0.250511
0.245 0.188736
0.25 0.115401
0.255 0.0621655
0.26 0.0492632
0.265 0.080022
0.27 0.142753
0.275 0.217193
0.28 0.282078
0.285 0.321226
0.29 0.326817
0.295 0.299802
0.3 0.24814
0.305 0.18388
0.31 0.120054
0.315 0.0680792
0.32 0.0360297
0.325 0.027877
0.33 0.0435659
0.335 0.0796978
0.34 0.130556
0.345 0.189234
0.35 0.248683
0.355 0.302557
0.36 0.345802
0.365 0.374983
0.37 0.388366
0.375 0.385822
0.38 0.368587
0.385 0.338948
0.39 0.299898
0.395 0.2548
0.4 0.207082
0.405 0.159991
0.41 0.116395
0.415 0.0786604
0.42 0.0485779
0.425 0.0273383
0.43 0.0155517
0.435 0.0132957
0.44 0.0201846
0.445 0.0354526
0.45 0.0580407
0.455 0.0866842
0.46 0.119995
0.465 0.156535
0.47 0.194881
0.475 0.233676
0.48 0.271673
0.485 0.307763
0.49 0.340995
0.495 0.370592
0.5 0.395948
0.505 0.416628
0.51 0.432363
0.515 0.443031
0.52 0.448649
0.525 0.449353
0.53 0.44538
0.535 0.43705
0.54 0.424754
0.545 0.408929
0.55 0.390049
0.555 0.368606
0.56 0.345103
0.565 0.320037
0.57 0.293895
0.575 0.267143
0.58 0.24022
0.585 0.213532
0.59 0.187453
0.595 0.162316
0.6 0.138418
0.605 0.116015
0.61 0.0953218
0.615 0.0765174
0.62 0.059742
0.625 0.0451009
0.63 0.0326661
0.635 0.0224787
0.64 0.0145514
0.645 0.00887147
0.65 0.00540288
0.655 0.00408942
0.66 0.00485712
0.665 0.00761682
0.67 0.0122666
0.675 0.018694
0.68 0.0267783
0.685 0.0363925
0.69 0.047405
0.695 0.0596814
0.7 0.0730862
0.705 0.0874837
0.71 0.10274
0.715 0.118722
0.72 0.135302
0.725 0.152355
0.73 0.169761
0.735 0.187406
0.74 0.205179
0.745 0.222978
0.75 0.240706
0.755 0.258272
0.76 0.275592
0.765 0.29259
0.77 0.309193
0.775 0.325338
0.78 0.340966
0.785 0.356025
0.79 0.370469
0.795 0.384258
0.8 0.397358
0.805 0.409738
0.81 0.421375
0.815 0.432249
0.82 0.442346
0.825 0.451654
0.83 0.460166
0.835 0.467881
0.84 0.474798
0.845 0.48092
0.85 0.486255
0.855 0.490812
0.86 0.494601
0.865 0.497638
0.87 0.499937
0.875 0.501517
0.88 0.502396
0.885 0.502595
0.89 0.502136
0.895 0.50104
0.9 0.499333
0.905 0.497037
0.91 0.494177
0.915 0.49078
0.92 0.486869
0.925 0.482471
0.93 0.477612
0.935 0.472317
0.94 0.466611
0.945 0.460521
0.95 0.454071
0.955 0.447286
0.96 0.440191
0.965 0.432809
0.97 0.425165
0.975 0.41728
0.98 0.409179
0.985 0.400882
0.99 0.39241
0.995 0.383786
1 0.375028
1.005 0.366155
1.01 0.357188
1.015 0.348143
1.02 0.339038
1.025 0.329889
1.03 0.320713
1.035 0.311525
1.04 0.302339
1.045 0.293169
1.05 0.284029
1.055 0.274931
1.06 0.265887
1.065 0.256908
1.07 0.248006
1.075 0.239189
1.08 0.230469
1.085 0.221853
1.09 0.21335
1.095 0.204968
1.1 0.196713
1.105 0.188594
1.11 0.180615
1.115 0.172784
1.12 0.165104
1.125 0.157582
1.13 0.150221
1.135 0.143025
1.14 0.135998
1.145 0.129143
1.15 0.122463
1.155 0.115961
1.16 0.109639
1.165 0.103498
1.17 0.0975395
1.175 0.0917656
1.18 0.0861768
1.185 0.0807737
1.19 0.0755568
1.195 0.0705263
1.2 0.065682
1.205 0.0610238
1.21 0.0565511
1.215 0.0522632
1.22 0.0481593
1.225 0.0442384
1.23 0.0404992
1.235 0.0369405
1.24 0.0335607
1.245 0.0303582
1.25 0.0273313
1.255 0.0244782
1.26 0.0217968
1.265 0.0192851
1.27 0.016941
1.275 0.0147623
1.28 0.0127466
1.285 0.0108915
1.29 0.00919467
1.295 0.00765356
1.3 0.00626564
1.305 0.00502832
1.31 0.00393896
1.315 0.0029949
1.32 0.00219344
1.325 0.00153187
1.33 0.00100744
1.335 0.00061739
1.34 0.000358958
1.345 0.000229359
1.35 0.000225807
1.355 0.000345513
1.36 0.00058569
1.365 0.000943551
1.37 0.00141632
1.375 0.00200123
1.38 0.00269551
1.385 0.00349643
1.39 0.00440126
1.395 0.00540729
1.4 0.00651182
1.405 0.00771218
1.41 0.00900574
1.415 0.0103899
1.42 0.011862
1.425 0.0134194
1.43 0.0150598
1.435 0.0167805
1.44 0.0185791
1.445 0.0204531
1.45 0.0224001
1.455 0.0244177
1.46 0.0265036
1.465 0.0286554
1.47 0.0308709
1.475 0.0331478
1.48 0.035484
1.485 0.0378771
1.49 0.0403252
1.495 0.042826
1.5 0.0453776
1.505 0.0479779
1.51 0.0506248
1.515 0.0533165
1.52 0.056051
1.525 0.0588265
1.53 0.061641
1.535 0.0644928
1.54 0.0673801
1.545 0.0703011
1.55 0.0732542
1.555 0.0762377
1.56 0.0792499
1.565 0.0822893
1.57 0.0853542
1.575 0.0884433
1.58 0.0915549
1.585 0.0946876
1.59 0.09784
1.595 0.101011
1.6 0.104198
1.605 0.107401
1.61 0.110619
1.615 0.113849
1.62 0.117092
1.625 0.120345
1.63 0.123607
1.635 0.126878
1.64 0.130156
1.645 0.133439
1.65 0.136728
1.655 0.140021
1.66 0.143317
1.665 0.146615
1.67 0.149914
1.675 0.153213
1.68 0.156512
1.685 0.159809
1.69 0.163103
1.695 0.166394
1.7 0.169681
1.705 0.172964
1.71 0.17624
1.715 0.179511
1.72 0.182774
1.725 0.18603
1.73 0.189277
1.735 0.192515
1.74 0.195744
1.745 0.198963
1.75 0.20217
1.755 0.205367
1.76 0.208551
1.765 0.211724
1.77 0.214883
1.775 0.218029
1.78 0.221161
1.785 0.224278
1.79 0.227381
1.795 0.230469
1.8 0.233541
1.805 0.236597
1.81 0.239637
1.815 0.242661
1.82 0.245667
1.825 0.248656
1.83 0.251627
1.835 0.25458
1.84 0.257515
1.845 0.260432
1.85 0.263329
1.855 0.266208
1.86 0.269067
1.865 0.271907
1.87 0.274727
1.875 0.277528
1.88 0.280308
1.885 0.283068
1.89 0.285807
1.895 0.288526
1.9 0.291223
1.905 0.2939
1.91 0.296556
1.915 0.299191
1.92 0.301805
1.925 0.304397
1.93 0.306967
1.935 0.309516
1.94 0.312043
1.945 0.314549
1.95 0.317032
1.955 0.319494
1.96 0.321934
1.965 0.324352
1.97 0.326747
1.975 0.329121
1.98 0.331473
1.985 0.333802
1.99 0.336109
1.995 0.338394
2 0.340657
2.005 0.342898
2.01 0.345117
2.015 0.347314
2.02 0.349488
2.025 0.35164
2.03 0.353771
2.035 0.355879
2.04 0.357965
2.045 0.360029
2.05 0.362071
2.055 0.364092
2.06 0.36609
2.065 0.368067
2.07 0.370022
2.075 0.371955
2.08 0.373867
2.085 0.375757
2.09 0.377625
2.095 0.379472
2.1 0.381298
2.105 0.383103
2.11 0.384886
2.115 0.386648
2.12 0.388389
2.125 0.39011
2.13 0.391809
2.135 0.393488
2.14 0.395146
2.145 0.396783
2.15 0.3984
2.155 0.399997
2.16 0.401573
2.165 0.40313
2.17 0.404666
2.175 0.406182
2.18 0.407678
2.185 0.409155
2.19 0.410611
2.195 0.412049
2.2 0.413467
2.205 0.414865
2.21 0.416245
2.215 0.417605
2.22 0.418947
2.225 0.420269
2.23 0.421573
2.235 0.422858
2.24 0.424125
2.245 0.425373
2.25 0.426603
2.255 0.427815
2.26 0.429009
2.265 0.430185
2.27 0.431344
2.275 0.432484
2.28 0.433608
2.285 0.434713
2.29 0.435802
2.295 0.436873
2.3 0.437927
2.305 0.438965
2.31 0.439985
2.315 0.440989
2.32 0.441976
2.325 0.442947
2.33 0.443902
2.335 0.44484
2.34 0.445763
2.345 0.446669
2.35 0.44756
2.355 0.448435
2.36 0.449295
2.365 0.450139
2.37 0.450968
2.375 0.451781
2.38 0.45258
2.385 0.453363
2.39 0.454132
2.395 0.454886
2.4 0.455626
2.405 0.456351
2.41 0.457062
2.415 0.457759
2.42 0.458441
2.425 0.45911
2.43 0.459764
2.435 0.460405
2.44 0.461033
2.445 0.461647
2.45 0.462247
2.455 0.462834
2.46 0.463409
2.465 0.46397
2.47 0.464518
2.475 0.465053
2.48 0.465576
2.485 0.466086
2.49 0.466584
2.495 0.46707
2.5 0.467543
2.505 0.468004
2.51 0.468453
2.515 0.46889
2.52 0.469315
2.525 0.469729
2.53 0.470131
2.535 0.470522
2.54 0.470902
2.545 0.47127
2.55 0.471627
2.555 0.471973
2.56 0.472308
2.565 0.472632
2.57 0.472946
2.575 0.473249
2.58 0.473541
2.585 0.473823
2.59 0.474095
2.595 0.474356
2.6 0.474608
2.605 0.474849
2.61 0.475081
2.615 0.475303
2.62 0.475515
2.625 0.475717
2.63 0.47591
2.635 0.476093
2.64 0.476268
2.645 0.476433
2.65 0.476588
2.655 0.476735
2.66 0.476873
2.665 0.477002
2.67 0.477122
2.675 0.477234
2.68 0.477336
2.685 0.477431
2.69 0.477517
2.695 0.477595
2.7 0.477664
2.705 0.477725
2.71 0.477778
2.715 0.477824
2.72 0.477861
2.725 0.477891
2.73 0.477912
2.735 0.477927
2.74 0.477933
2.745 0.477932
2.75 0.477924
2.755 0.477908
2.76 0.477885
2.765 0.477855
2.77 0.477818
2.775 0.477774
2.78 0.477723
2.785 0.477665
2.79 0.4776
2.795 0.477529
2.8 0.477451
2.805 0.477366
2.81 0.477275
2.815 0.477178
2.82 0.477074
2.825 0.476964
2.83 0.476847
2.835 0.476725
2.84 0.476596
2.845 0.476462
2.85 0.476321
2.855 0.476175
2.86 0.476023
2.865 0.475865
2.87 0.475701
2.875 0.475532
2.88 0.475357
2.885 0.475177
2.89 0.474992
2.895 0.474801
2.9 0.474605
2.905 0.474403
2.91 0.474197
2.915 0.473985
2.92 0.473769
2.925 0.473547
2.93 0.47332
2.935 0.473089
2.94 0.472853
2.945 0.472612
2.95 0.472366
2.955 0.472116
2.96 0.471861
2.965 0.471602
2.97 0.471338
2.975 0.47107
2.98 0.470797
2.985 0.47052
2.99 0.470239
2.995 0.469954
3 0.469665
3.005 0.469371
3.01 0.469073
3.015 0.468772
3.02 0.468466
3.025 0.468157
3.03 0.467844
3.035 0.467527
3.04 0.467206
3.045 0.466882
3.05 0.466554
3.055 0.466222
3.06 0.465887
3.065 0.465548
3.07 0.465206
3.075 0.46486
3.08 0.464511
3.085 0.464159
3.09 0.463803
3.095 0.463444
3.1 0.463082
3.105 0.462717
3.11 0.462349
3.115 0.461978
3.12 0.461603
3.125 0.461226
3.13 0.460846
3.135 0.460462
3.14 0.460076
3.145 0.459687
3.15 0.459296
3.155 0.458901
3.16 0.458504
3.165 0.458104
3.17 0.457702
3.175 0.457297
3.18 0.456889
3.185 0.456479
3.19 0.456067
3.195 0.455651
3.2 0.455234
3.205 0.454814
3.21 0.454392
3.215 0.453967
3.22 0.453541
3.225 0.453112
3.23 0.45268
3.235 0.452247
3.24 0.451812
3.245 0.451374
3.25 0.450934
3.255 0.450492
3.26 0.450049
3.265 0.449603
3.27 0.449155
3.275 0.448705
3.28 0.448254
3.285 0.447801
3.29 0.447345
3.295 0.446888
3.3 0.446429
3.305 0.445969
3.31 0.445507
3.315 0.445043
3.32 0.444577
3.325 0.44411
3.33 0.443641
3.335 0.443171
3.34 0.442699
3.345 0.442225
3.35 0.44175
3.355 0.441274
3.36 0.440796
3.365 0.440316
3.37 0.439836
3.375 0.439354
3.38 0.43887
3.385 0.438385
3.39 0.437899
3.395 0.437412
3.4 0.436923
3.405 0.436434
3.41 0.435943
3.415 0.43545
3.42 0.434957
3.425 0.434463
3.43 0.433967
3.435 0.43347
3.44 0.432973
3.445 0.432474
3.45 0.431974
3.455 0.431473
3.46 0.430971
3.465 0.430468
3.47 0.429965
3.475 0.42946
3.48 0.428955
3.485 0.428448
3.49 0.427941
3.495 0.427433
3.5 0.426924
3.505 0.426414
3.51 0.425903
3.515 0.425392
3.52 0.42488
3.525 0.424367
3.53 0.423854
3.535 0.42334
3.54 0.422825
3.545 0.422309
3.55 0.421793
3.555 0.421276
3.56 0.420759
3.565 0.420241
3.57 0.419722
3.575 0.419203
3.58 0.418683
3.585 0.418163
3.59 0.417642
3.595 0.417121
3.6 0.416599
3.605 0.416077
3.61 0.415554
3.615 0.415031
3.62 0.414508
3.625 0.413984
3.63 0.41346
3.635 0.412935
3.64 0.41241
3.645 0.411885
3.65 0.411359
3.655 0.410833
3.66 0.410307
3.665 0.40978
3.67 0.409253
3.675 0.408726
3.68 0.408198
3.685 0.407671
3.69 0.407143
3.695 0.406615
3.7 0.406086
3.705 0.405558
3.71 0.405029
3.715 0.4045
3.72 0.403971
3.725 0.403442
3.73 0.402913
3.735 0.402383
3.74 0.401854
3.745 0.401324
3.75 0.400795
3.755 0.400265
3.76 0.399735
3.765 0.399205
3.77 0.398675
3.775 0.398145
3.78 0.397615
3.785 0.397085
3.79 0.396555
3.795 0.396025
3.8 0.395495
3.805 0.394965
3.81 0.394435
3.815 0.393905
3.82 0.393375
3.825 0.392845
3.83 0.392316
3.835 0.391786
3.84 0.391256
3.845 0.390727
3.85 0.390198
3.855 0.389668
3.86 0.389139
3.865 0.38861
3.87 0.388081
3.875 0.387553
3.88 0.387024
3.885 0.386496
3.89 0.385968
3.895 0.38544
3.9 0.384912
3.905 0.384384
3.91 0.383857
3.915 0.38333
3.92 0.382803
3.925 0.382276
3.93 0.38175
3.935 0.381223
3.94 0.380697
3.945 0.380172
3.95 0.379646
3.955 0.379121
3.96 0.378596
3.965 0.378071
3.97 0.377547
3.975 0.377023
3.98 0.376499
3.985 0.375976
3.99 0.375452
3.995 0.37493
4 0.374407
4.005 0.373885
4.01 0.373363
4.015 0.372842
4.02 0.37232
4.025 0.3718
4.03 0.371279
4.035 0.370759
4.04 0.370239
4.045 0.36972
4.05 0.369201
4.055 0.368683
4.06 0.368165
4.065 0.367647
4.07 0.36713
4.075 0.366613
4.08 0.366096
4.085 0.36558
4.09 0.365064
4.095 0.364549
4.1 0.364034
4.105 0.36352
4.11 0.363006
4.115 0.362493
4.12 0.36198
4.125 0.361467
4.13 0.360955
4.135 0.360443
4.14 0.359932
4.145 0.359421
4.15 0.358911
4.155 0.358401
4.16 0.357892
4.165 0.357383
4.17 0.356875
4.175 0.356367
4.18 0.35586
4.185 0.355353
4.19 0.354847
4.195 0.354341
4.2 0.353836
4.205 0.353331
4.21 0.352827
4.215 0.352323
4.22 0.35182
4.225 0.351317
4.23 0.350815
4.235 0.350314
4.24 0.349813
4.245 0.349312
4.25 0.348812
4.255 0.348313
4.26 0.347814
4.265 0.347316
4.27 0.346818
4.275 0.346321
4.28 0.345824
4.285 0.345328
4.29 0.344833
4.295 0.344338
4.3 0.343844
4.305 0.34335
4.31 0.342857
4.315 0.342364
4.32 0.341872
4.325 0.341381
4.33 0.34089
4.335 0.3404
4.34 0.33991
4.345 0.339421
4.35 0.338933
4.355 0.338445
4.36 0.337958
4.365 0.337471
4.37 0.336985
4.375 0.336499
4.38 0.336015
4.385 0.33553
4.39 0.335047
4.395 0.334564
4.4 0.334082
4.405 0.3336
4.41 0.333119
4.415 0.332638
4.42 0.332158
4.425 0.331679
4.43 0.3312
4.435 0.330722
4.44 0.330245
4.445 0.329768
4.45 0.329292
4.455 0.328817
4.46 0.328342
4.465 0.327868
4.47 0.327394
4.475 0.326921
4.48 0.326449
4.485 0.325978
4.49 0.325507
4.495 0.325036
4.5 0.324567
4.505 0.324098
4.51 0.323629
4.515 0.323162
4.52 0.322694
4.525 0.322228
4.53 0.321762
4.535 0.321297
4.54 0.320833
4.545 0.320369
4.55 0.319906
4.555 0.319443
4.56 0.318982
4.565 0.31852
4.57 0.31806
4.575 0.3176
4.58 0.317141
4.585 0.316682
4.59 0.316225
4.595 0.315767
4.6 0.315311
4.605 0.314855
4.61 0.3144
4.615 0.313945
4.62 0.313492
4.625 0.313038
4.63 0.312586
4.635 0.312134
4.64 0.311683
4.645 0.311232
4.65 0.310783
4.655 0.310334
4.66 0.309885
4.665 0.309437
4.67 0.30899
4.675 0.308544
4.68 0.308098
4.685 0.307653
4.69 0.307208
4.695 0.306765
4.7 0.306322
4.705 0.305879
4.71 0.305438
4.715 0.304997
4.72 0.304556
4.725 0.304117
4.73 0.303678
4.735 0.303239
4.74 0.302802
4.745 0.302365
4.75 0.301928
4.755 0.301493
4.76 0.301058
4.765 0.300624
4.77 0.30019
4.775 0.299757
4.78 0.299325
4.785 0.298893
4.79 0.298463
4.795 0.298032
4.8 0.297603
4.805 0.297174
4.81 0.296746
4.815 0.296319
4.82 0.295892
4.825 0.295466
4.83 0.29504
4.835 0.294616
4.84 0.294191
4.845 0.293768
4.85 0.293345
4.855 0.292923
4.86 0.292502
4.865 0.292081
4.87 0.291661
4.875 0.291242
4.88 0.290824
4.885 0.290406
4.89 0.289988
4.895 0.289572
4.9 0.289156
4.905 0.288741
4.91 0.288326
4.915 0.287912
4.92 0.287499
4.925 0.287086
4.93 0.286675
4.935 0.286263
4.94 0.285853
4.945 0.285443
4.95 0.285034
4.955 0.284625
4.96 0.284218
4.965 0.28381
4.97 0.283404
4.975 0.282998
4.98 0.282593
4.985 0.282189
4.99 0.281785
4.995 0.281382
5 0.280979
5.005 0.280577
5.01 0.280176
5.015 0.279776
5.02 0.279376
5.025 0.278977
5.03 0.278579
5.035 0.278181
5.04 0.277784
5.045 0.277387
5.05 0.276992
5.055 0.276596
5.06 0.276202
5.065 0.275808
5.07 0.275415
5.075 0.275023
5.08 0.274631
5.085 0.27424
5.09 0.273849
5.095 0.273459
5.1 0.27307
5.105 0.272682
5.11 0.272294
5.115 0.271907
5.12 0.27152
5.125 0.271134
5.13 0.270749
5.135 0.270365
5.14 0.269981
5.145 0.269598
5.15 0.269215
5.155 0.268833
5.16 0.268452
5.165 0.268071
5.17 0.267691
5.175 0.267312
5.18 0.266933
5.185 0.266555
5.19 0.266178
5.195 0.265801
5.2 0.265425
5.205 0.265049
5.21 0.264675
5.215 0.2643
5.22 0.263927
5.225 0.263554
5.23 0.263182
5.235 0.26281
5.24 0.262439
5.245 0.262069
5.25 0.261699
5.255 0.26133
5.26 0.260962
5.265 0.260594
5.27 0.260227
5.275 0.25986
5.28 0.259495
5.285 0.259129
5.29 0.258765
5.295 0.258401
5.3 0.258038
5.305 0.257675
5.31 0.257313
5.315 0.256951
5.32 0.256591
5.325 0.25623
5.33 0.255871
5.335 0.255512
5.34 0.255154
5.345 0.254796
5.35 0.254439
5.355 0.254082
5.36 0.253727
5.365 0.253371
5.37 0.253017
5.375 0.252663
5.38 0.25231
5.385 0.251957
5.39 0.251605
5.395 0.251253
5.4 0.250902
5.405 0.250552
5.41 0.250203
5.415 0.249854
5.42 0.249505
5.425 0.249157
5.43 0.24881
5.435 0.248464
5.44 0.248118
5.445 0.247772
5.45 0.247427
5.455 0.247083
5.46 0.24674
5.465 0.246397
5.47 0.246054
5.475 0.245713
5.48 0.245371
5.485 0.245031
5.49 0.244691
5.495 0.244352
5.5 0.244013
5.505 0.243675
5.51 0.243337
5.515 0.243
5.52 0.242664
5.525 0.242328
5.53 0.241993
5.535 0.241658
5.54 0.241324
5.545 0.240991
5.55 0.240658
5.555 0.240326
5.56 0.239994
5.565 0.239663
5.57 0.239332
5.575 0.239003
5.58 0.238673
5.585 0.238344
5.59 0.238016
5.595 0.237689
5.6 0.237362
5.605 0.237035
5.61 0.236709
5.615 0.236384
5.62 0.236059
5.625 0.235735
5.63 0.235412
5.635 0.235089
5.64 0.234766
5.645 0.234445
5.65 0.234123
5.655 0.233803
5.66 0.233482
5.665 0.233163
5.67 0.232844
5.675 0.232525
5.68 0.232208
5.685 0.23189
5.69 0.231573
5.695 0.231257
5.7 0.230942
5.705 0.230627
5.71 0.230312
5.715 0.229998
5.72 0.229685
5.725 0.229372
5.73 0.22906
5.735 0.228748
5.74 0.228437
5.745 0.228126
5.75 0.227816
5.755 0.227506
5.76 0.227197
5.765 0.226889
5.77 0.226581
5.775 0.226274
5.78 0.225967
5.785 0.225661
5.79 0.225355
5.795 0.22505
5.8 0.224745
5.805 0.224441
5.81 0.224138
5.815 0.223835
5.82 0.223532
5.825 0.22323
5.83 0.222929
5.835 0.222628
5.84 0.222328
5.845 0.222028
5.85 0.221729
5.855 0.22143
5.86 0.221132
5.865 0.220834
5.87 0.220537
5.875 0.22024
5.88 0.219944
5.885 0.219648
5.89 0.219353
5.895 0.219059
5.9 0.218765
5.905 0.218471
5.91 0.218178
5.915 0.217886
5.92 0.217594
5.925 0.217303
5.93 0.217012
5.935 0.216721
5.94 0.216432
5.945 0.216142
5.95 0.215853
5.955 0.215565
5.96 0.215277
5.965 0.21499
5.97 0.214703
5.975 0.214417
5.98 0.214131
5.985 0.213846
5.99 0.213561
5.995 0.213277
6 0.212993
6.005 0.21271
6.01 0.212427
6.015 0.212145
6.02 0.211863
6.025 0.211582
6.03 0.211301
6.035 0.211021
6.04 0.210741
6.045 0.210462
6.05 0.210183
6.055 0.209905
6.06 0.209627
6.065 0.20935
6.07 0.209073
6.075 0.208797
6.08 0.208521
6.085 0.208245
6.09 0.207971
6.095 0.207696
6.1 0.207422
6.105 0.207149
6.11 0.206876
6.115 0.206604
6.12 0.206332
6.125 0.20606
6.13 0.205789
6.135 0.205519
6.14 0.205249
6.145 0.204979
6.15 0.20471
6.155 0.204442
6.16 0.204173
6.165 0.203906
6.17 0.203639
6.175 0.203372
6.18 0.203106
6.185 0.20284
6.19 0.202575
6.195 0.20231
6.2 0.202045
6.205 0.201781
6.21 0.201518
6.215 0.201255
6.22 0.200993
6.225 0.20073
6.23 0.200469
6.235 0.200208
6.24 0.199947
6.245 0.199687
6.25 0.199427
6.255 0.199168
6.26 0.198909
6.265 0.198651
6.27 0.198393
6.275 0.198135
6.28 0.197878
6.285 0.197622
6.29 0.197366
6.295 0.19711
6.3 0.196855
6.305 0.1966
6.31 0.196346
6.315 0.196092
6.32 0.195838
6.325 0.195585
6.33 0.195333
6.335 0.195081
6.34 0.194829
6.345 0.194578
6.35 0.194327
6.355 0.194077
6.36 0.193827
6.365 0.193577
6.37 0.193328
6.375 0.19308
6.38 0.192832
6.385 0.192584
6.39 0.192337
6.395 0.19209
6.4 0.191843
6.405 0.191597
6.41 0.191352
6.415 0.191107
6.42 0.190862
6.425 0.190618
6.43 0.190374
6.435 0.190131
6.44 0.189888
6.445 0.189645
6.45 0.189403
6.455 0.189161
6.46 0.18892
6.465 0.188679
6.47 0.188439
6.475 0.188199
6.48 0.187959
6.485 0.18772
6.49 0.187481
6.495 0.187243
6.5 0.187005
6.505 0.186767
6.51 0.18653
6.515 0.186293
6.52 0.186057
6.525 0.185821
6.53 0.185586
6.535 0.185351
6.54 0.185116
6.545 0.184882
6.55 0.184648
6.555 0.184414
6.56 0.184181
6.565 0.183949
6.57 0.183717
6.575 0.183485
6.58 0.183253
6.585 0.183022
6.59 0.182792
6.595 0.182561
6.6 0.182332
6.605 0.182102
6.61 0.181873
6.615 0.181645
6.62 0.181416
6.625 0.181189
6.63 0.180961
6.635 0.180734
6.64 0.180507
6.645 0.180281
6.65 0.180055
6.655 0.17983
6.66 0.179605
6.665 0.17938
6.67 0.179156
6.675 0.178932
6.68 0.178708
6.685 0.178485
6.69 0.178262
6.695 0.17804
6.7 0.177818
6.705 0.177596
6.71 0.177375
6.715 0.177154
6.72 0.176934
6.725 0.176714
6.73 0.176494
6.735 0.176275
6.74 0.176056
6.745 0.175837
6.75 0.175619
6.755 0.175401
6.76 0.175184
6.765 0.174967
6.77 0.17475
6.775 0.174534
6.78 0.174318
6.785 0.174102
6.79 0.173887
6.795 0.173672
6.8 0.173457
6.805 0.173243
6.81 0.17303
6.815 0.172816
6.82 0.172603
6.825 0.172391
6.83 0.172178
6.835 0.171966
6.84 0.171755
6.845 0.171544
6.85 0.171333
6.855 0.171122
6.86 0.170912
6.865 0.170702
6.87 0.170493
6.875 0.170284
6.88 0.170075
6.885 0.169867
6.89 0.169659
6.895 0.169451
6.9 0.169244
6.905 0.169037
6.91 0.16883
6.915 0.168624
6.92 0.168418
6.925 0.168213
6.93 0.168008
6.935 0.167803
6.94 0.167598
6.945 0.167394
6.95 0.167191
6.955 0.166987
6.96 0.166784
6.965 0.166581
6.97 0.166379
6.975 0.166177
6.98 0.165975
6.985 0.165774
6.99 0.165573
6.995 0.165372
7 0.165172
7.005 0.164972
7.01 0.164772
7.015 0.164573
7.02 0.164374
7.025 0.164175
7.03 0.163977
7.035 0.163779
7.04 0.163581
7.045 0.163384
7.05 0.163187
7.055 0.16299
7.06 0.162794
7.065 0.162598
7.07 0.162402
7.075 0.162207
7.08 0.162012
7.085 0.161817
7.09 0.161623
7.095 0.161429
7.1 0.161235
7.105 0.161042
7.11 0.160849
7.115 0.160656
7.12 0.160464
7.125 0.160272
7.13 0.16008
7.135 0.159889
7.14 0.159697
7.145 0.159507
7.15 0.159316
7.155 0.159126
7.16 0.158936
7.165 0.158747
7.17 0.158558
7.175 0.158369
7.18 0.15818
7.185 0.157992
7.19 0.157804
7.195 0.157616
7.2 0.157429
7.205 0.157242
7.21 0.157055
7.215 0.156869
7.22 0.156683
7.225 0.156497
7.23 0.156312
7.235 0.156127
7.24 0.155942
7.245 0.155757
7.25 0.155573
7.255 0.155389
7.26 0.155206
7.265 0.155022
7.27 0.154839
7.275 0.154657
7.28 0.154474
7.285 0.154292
7.29 0.154111
7.295 0.153929
7.3 0.153748
7.305 0.153567
7.31 0.153387
7.315 0.153206
7.32 0.153026
7.325 0.152847
7.33 0.152667
7.335 0.152488
7.34 0.152309
7.345 0.152131
7.35 0.151953
7.355 0.151775
7.36 0.151597
7.365 0.15142
7.37 0.151243
7.375 0.151066
7.38 0.15089
7.385 0.150714
7.39 0.150538
7.395 0.150362
7.4 0.150187
7.405 0.150012
7.41 0.149837
7.415 0.149663
7.42 0.149489
7.425 0.149315
7.43 0.149142
7.435 0.148968
7.44 0.148795
7.445 0.148623
7.45 0.14845
7.455 0.148278
7.46 0.148106
7.465 0.147935
7.47 0.147764
7.475 0.147593
7.48 0.147422
7.485 0.147251
7.49 0.147081
7.495 0.146911
7.5 0.146742
7.505 0.146572
7.51 0.146403
7.515 0.146235
7.52 0.146066
7.525 0.145898
7.53 0.14573
7.535 0.145562
7.54 0.145395
7.545 0.145228
7.55 0.145061
7.555 0.144894
7.56 0.144728
7.565 0.144562
7.57 0.144396
7.575 0.144231
7.58 0.144066
7.585 0.143901
7.59 0.143736
7.595 0.143571
7.6 0.143407
7.605 0.143243
7.61 0.14308
7.615 0.142916
7.62 0.142753
7.625 0.142591
7.63 0.142428
7.635 0.142266
7.64 0.142104
7.645 0.141942
7.65 0.14178
7.655 0.141619
7.66 0.141458
7.665 0.141297
7.67 0.141137
7.675 0.140977
7.68 0.140817
7.685 0.140657
7.69 0.140498
7.695 0.140338
7.7 0.140179
7.705 0.140021
7.71 0.139862
7.715 0.139704
7.72 0.139546
7.725 0.139389
7.73 0.139231
7.735 0.139074
7.74 0.138917
7.745 0.138761
7.75 0.138604
7.755 0.138448
7.76 0.138292
7.765 0.138137
7.77 0.137981
7.775 0.137826
7.78 0.137671
7.785 0.137516
7.79 0.137362
7.795 0.137208
7.8 0.137054
7.805 0.1369
7.81 0.136747
7.815 0.136594
7.82 0.136441
7.825 0.136288
7.83 0.136136
7.835 0.135984
7.84 0.135832
7.845 0.13568
7.85 0.135528
7.855 0.135377
7.86 0.135226
7.865 0.135076
7.87 0.134925
7.875 0.134775
7.88 0.134625
7.885 0.134475
7.89 0.134325
7.895 0.134176
7.9 0.134027
7.905 0.133878
7.91 0.13373
7.915 0.133581
7.92 0.133433
7.925 0.133285
7.93 0.133138
7.935 0.13299
7.94 0.132843
7.945 0.132696
7.95 0.132549
7.955 0.132403
7.96 0.132256
7.965 0.13211
7.97 0.131965
7.975 0.131819
7.98 0.131674
7.985 0.131529
7.99 0.131384
7.995 0.131239
8 0.131095
8.005 0.13095
8.01 0.130806
8.015 0.130663
8.02 0.130519
8.025 0.130376
8.03 0.130233
8.035 0.13009
8.04 0.129947
8.045 0.129805
8.05 0.129663
8.055 0.129521
8.06 0.129379
8.065 0.129238
8.07 0.129096
8.075 0.128955
8.08 0.128814
8.085 0.128674
8.09 0.128533
8.095 0.128393
8.1 0.128253
8.105 0.128113
8.11 0.127974
8.115 0.127835
8.12 0.127695
8.125 0.127557
8.13 0.127418
8.135 0.127279
8.14 0.127141
8.145 0.127003
8.15 0.126865
8.155 0.126728
8.16 0.12659
8.165 0.126453
8.17 0.126316
8.175 0.12618
8.18 0.126043
8.185 0.125907
8.19 0.125771
8.195 0.125635
8.2 0.125499
8.205 0.125364
8.21 0.125228
8.215 0.125093
8.22 0.124959
8.225 0.124824
8.23 0.12469
8.235 0.124555
8.24 0.124421
8.245 0.124287
8.25 0.124154
8.255 0.124021
8.26 0.123887
8.265 0.123754
8.27 0.123622
8.275 0.123489
8.28 0.123357
8.285 0.123225
8.29 0.123093
8.295 0.122961
8.3 0.122829
8.305 0.122698
8.31 0.122567
8.315 0.122436
8.32 0.122305
8.325 0.122175
8.33 0.122044
8.335 0.121914
8.34 0.121784
8.345 0.121654
8.35 0.121525
8.355 0.121396
8.36 0.121266
8.365 0.121137
8.37 0.121009
8.375 0.12088
8.38 0.120752
8.385 0.120624
8.39 0.120496
8.395 0.120368
8.4 0.12024
8.405 0.120113
8.41 0.119986
8.415 0.119859
8.42 0.119732
8.425 0.119605
8.43 0.119479
8.435 0.119353
8.44 0.119227
8.445 0.119101
8.45 0.118975
8.455 0.11885
8.46 0.118724
8.465 0.118599
8.47 0.118474
8.475 0.11835
8.48 0.118225
8.485 0.118101
8.49 0.117977
8.495 0.117853
8.5 0.117729
8.505 0.117606
8.51 0.117482
8.515 0.117359
8.52 0.117236
8.525 0.117113
8.53 0.116991
8.535 0.116868
8.54 0.116746
8.545 0.116624
8.55 0.116502
8.555 0.11638
8.56 0.116259
8.565 0.116137
8.57 0.116016
8.575 0.115895
8.58 0.115774
8.585 0.115654
8.59 0.115533
8.595 0.115413
8.6 0.115293
8.605 0.115173
8.61 0.115053
8.615 0.114934
8.62 0.114814
8.625 0.114695
8.63 0.114576
8.635 0.114457
8.64 0.114339
8.645 0.11422
8.65 0.114102
8.655 0.113984
8.66 0.113866
8.665 0.113748
8.67 0.113631
8.675 0.113513
8.68 0.113396
8.685 0.113279
8.69 0.113162
8.695 0.113045
8.7 0.112929
8.705 0.112812
8.71 0.112696
8.715 0.11258
8.72 0.112464
8.725 0.112349
8.73 0.112233
8.735 0.112118
8.74 0.112003
8.745 0.111888
8.75 0.111773
8.755 0.111658
8.76 0.111544
8.765 0.11143
8.77 0.111315
8.775 0.111201
8.78 0.111088
8.785 0.110974
8.79 0.110861
8.795 0.110747
8.8 0.110634
8.805 0.110521
8.81 0.110408
8.815 0.110296
8.82 0.110183
8.825 0.110071
8.83 0.109959
8.835 0.109847
8.84 0.109735
8.845 0.109623
8.85 0.109512
8.855 0.109401
8.86 0.10929
8.865 0.109179
8.87 0.109068
8.875 0.108957
8.88 0.108847
8.885 0.108736
8.89 0.108626
8.895 0.108516
8.9 0.108406
8.905 0.108297
8.91 0.108187
8.915 0.108078
8.92 0.107968
8.925 0.107859
8.93 0.107751
8.935 0.107642
8.94 0.107533
8.945 0.107425
8.95 0.107317
8.955 0.107209
8.96 0.107101
8.965 0.106993
8.97 0.106885
8.975 0.106778
8.98 0.10667
8.985 0.106563
8.99 0.106456
8.995 0.106349
9 0.106243
9.005 0.106136
9.01 0.10603
9.015 0.105924
9.02 0.105818
9.025 0.105712
9.03 0.105606
9.035 0.1055
9.04 0.105395
9.045 0.10529
9.05 0.105185
9.055 0.10508
9.06 0.104975
9.065 0.10487
9.07 0.104765
9.075 0.104661
9.08 0.104557
9.085 0.104453
9.09 0.104349
9.095 0.104245
9.1 0.104141
9.105 0.104038
9.11 0.103935
9.115 0.103831
9.12 0.103728
9.125 0.103625
9.13 0.103523
9.135 0.10342
9.14 0.103318
9.145 0.103215
9.15 0.103113
9.155 0.103011
9.16 0.102909
9.165 0.102808
9.17 0.102706
9.175 0.102605
9.18 0.102503
9.185 0.102402
9.19 0.102301
9.195 0.1022
9.2 0.1021
9.205 0.101999
9.21 0.101899
9.215 0.101799
9.22 0.101698
9.225 0.101598
9.23 0.101499
9.235 0.101399
9.24 0.101299
9.245 0.1012
9.25 0.101101
9.255 0.101002
9.26 0.100903
9.265 0.100804
9.27 0.100705
9.275 0.100607
9.28 0.100508
9.285 0.10041
9.29 0.100312
9.295 0.100214
9.3 0.100116
9.305 0.100018
9.31 0.0999205
9.315 0.0998231
9.32 0.0997258
9.325 0.0996286
9.33 0.0995316
9.335 0.0994347
9.34 0.0993379
9.345 0.0992413
9.35 0.0991448
9.355 0.0990485
9.36 0.0989522
9.365 0.0988562
9.37 0.0987602
9.375 0.0986644
9.38 0.0985687
9.385 0.0984732
9.39 0.0983778
9.395 0.0982825
9.4 0.0981874
9.405 0.0980924
9.41 0.0979976
9.415 0.0979028
9.42 0.0978082
9.425 0.0977138
9.43 0.0976194
9.435 0.0975252
9.44 0.0974312
9.445 0.0973372
9.45 0.0972434
9.455 0.0971498
9.46 0.0970562
9.465 0.0969628
9.47 0.0968695
9.475 0.0967764
9.48 0.0966834
9.485 0.0965905
9.49 0.0964977
9.495 0.0964051
9.5 0.0963126
9.505 0.0962202
9.51 0.096128
9.515 0.0960359
9.52 0.0959439
9.525 0.095852
9.53 0.0957603
9.535 0.0956687
9.54 0.0955772
9.545 0.0954859
9.55 0.0953947
9.555 0.0953036
9.56 0.0952126
9.565 0.0951218
9.57 0.0950311
9.575 0.0949405
9.58 0.09485
9.585 0.0947597
9.59 0.0946695
9.595 0.0945794
9.6 0.0944895
9.605 0.0943996
9.61 0.0943099
9.615 0.0942203
9.62 0.0941309
9.625 0.0940415
9.63 0.0939523
9.635 0.0938632
9.64 0.0937743
9.645 0.0936854
9.65 0.0935967
9.655 0.0935081
9.66 0.0934196
9.665 0.0933313
9.67 0.093243
9.675 0.0931549
9.68 0.0930669
9.685 0.0929791
9.69 0.0928913
9.695 0.0928037
9.7 0.0927162
9.705 0.0926288
9.71 0.0925415
9.715 0.0924544
9.72 0.0923674
9.725 0.0922805
9.73 0.0921937
9.735 0.092107
9.74 0.0920205
9.745 0.091934
9.75 0.0918477
9.755 0.0917615
9.76 0.0916754
9.765 0.0915895
9.77 0.0915036
9.775 0.0914179
9.78 0.0913323
9.785 0.0912468
9.79 0.0911615
9.795 0.0910762
9.8 0.0909911
9.805 0.090906
9.81 0.0908211
9.815 0.0907363
9.82 0.0906517
9.825 0.0905671
9.83 0.0904827
9.835 0.0903983
9.84 0.0903141
9.845 0.09023
9.85 0.090146
9.855 0.0900621
9.86 0.0899784
9.865 0.0898947
9.87 0.0898112
9.875 0.0897278
9.88 0.0896445
9.885 0.0895613
9.89 0.0894782
9.895 0.0893952
9.9 0.0893124
9.905 0.0892296
9.91 0.089147
9.915 0.0890645
9.92 0.0889821
9.925 0.0888998
9.93 0.0888176
9.935 0.0887355
9.94 0.0886536
9.945 0.0885717
9.95 0.08849
9.955 0.0884083
9.96 0.0883268
9.965 0.0882454
9.97 0.0881641
9.975 0.0880829
9.98 0.0880018
9.985 0.0879209
9.99 0.08784
9.995 0.0877592
