0 -nan
0.005 0.235726
0.01 0.212616
0.015 0.47473
0.02 0.0695827
0.025 0.464047
0.03 0.308653
0.035 0.0988503
0.04 0.573903
0.045 0.0331808
0.05 0.24536
0.055 0.0591009
0.06 0.170886
0.065 0.51041
0.07 0.20727
0.075 0.00658792
0.08 0.0563909
0.085 0.0189742
0.09 0.195266
0.095 0.816735
0.1 0.528117
0.105 0.165623
0.11 0.911023
0.115 0.0806099
0.12 0.881898
0.125 0.304188
0.13 0.418287
0.135 0.927238
0.14 0.105861
0.145 0.469712
0.15 0.979147
0.155 0.362083
0.16 0.0784847
0.165 0.663756
0.17 0.967439
0.175 0.520824
0.18 0.0660091
0.185 0.209447
0.19 0.702572
0.195 0.956679
0.2 0.743558
0.205 0.312923
0.21 0.0486694
0.215 0.130307
0.22 0.457206
0.225 0.788787
0.23 0.927784
0.235 0.820265
0.24 0.547457
0.245 0.253021
0.25 0.0638095
0.255 0.0416688
0.26 0.175351
0.265 0.401788
0.27 0.639035
0.275 0.815885
0.28 0.88992
0.285 0.852474
0.29 0.723378
0.295 0.540086
0.3 0.34564
0.305 0.178573
0.31 0.0663553
0.315 0.0226504
0.32 0.0477653
0.325 0.131278
0.33 0.255752
0.335 0.400624
0.34 0.545609
0.345 0.673265
0.35 0.770587
0.355 0.829688
0.36 0.847725
0.365 0.826288
0.37 0.770446
0.375 0.68766
0.38 0.586703
0.385 0.476689
0.39 0.366276
0.395 0.26308
0.4 0.173289
0.405 0.101462
0.41 0.0504904
0.415 0.0216797
0.42 0.0149229
0.425 0.0289271
0.43 0.0614701
0.435 0.109662
0.44 0.170192
0.445 0.239558
0.45 0.314258
0.455 0.390945
0.46 0.466555
0.465 0.53839
0.47 0.604176
0.475 0.662086
0.48 0.710753
0.485 0.749247
0.49 0.777054
0.495 0.794031
0.5 0.800363
0.505 0.796517
0.51 0.783183
0.515 0.761236
0.52 0.731677
0.525 0.695601
0.53 0.654146
0.535 0.608471
0.54 0.559716
0.545 0.508983
0.55 0.457314
0.555 0.405678
0.56 0.354957
0.565 0.305939
0.57 0.259315
0.575 0.215675
0.58 0.17551
0.585 0.139216
0.59 0.107094
0.595 0.0793603
0.6 0.0561491
0.605 0.0375209
0.61 0.0234694
0.615 0.0139288
0.62 0.00878131
0.625 0.00786445
0.63 0.0109778
0.635 0.01789
0.64 0.0283445
0.645 0.0420659
0.65 0.0587652
0.655 0.0781443
0.66 0.0999007
0.665 0.123731
0.67 0.149335
0.675 0.176418
0.68 0.204694
0.685 0.233885
0.69 0.263729
0.695 0.293974
0.7 0.324385
0.705 0.35474
0.71 0.384834
0.715 0.414479
0.72 0.443501
0.725 0.471746
0.73 0.499071
0.735 0.525354
0.74 0.550483
0.745 0.574364
0.75 0.596917
0.755 0.618073
0.76 0.637779
0.765 0.655991
0.77 0.672678
0.775 0.687819
0.78 0.701403
0.785 0.713426
0.79 0.723896
0.795 0.732825
0.8 0.740233
0.805 0.746147
0.81 0.750598
0.815 0.753622
0.82 0.75526
0.825 0.755556
0.83 0.754559
0.835 0.752317
0.84 0.748884
0.845 0.744314
0.85 0.738661
0.855 0.731982
0.86 0.724335
0.865 0.715776
0.87 0.706364
0.875 0.696156
0.88 0.685207
0.885 0.673576
0.89 0.661316
0.895 0.648483
0.9 0.635129
0.905 0.621308
0.91 0.607068
0.915 0.592461
0.92 0.577532
0.925 0.562329
0.93 0.546896
0.935 0.531275
0.94 0.515508
0.945 0.499633
0.95 0.483689
0.955 0.467711
0.96 0.451734
0.965 0.435789
0.97 0.419907
0.975 0.404117
0.98 0.388446
0.985 0.372921
0.99 0.357564
0.995 0.342399
1 0.327446
1.005 0.312725
1.01 0.298254
1.015 0.28405
1.02 0.270127
1.025 0.256501
1.03 0.243182
1.035 0.230184
1.04 0.217517
1.045 0.205189
1.05 0.193209
1.055 0.181585
1.06 0.170321
1.065 0.159425
1.07 0.1489
1.075 0.138749
1.08 0.128976
1.085 0.119583
1.09 0.110571
1.095 0.10194
1.1 0.0936908
1.105 0.085823
1.11 0.0783352
1.115 0.0712258
1.12 0.0644928
1.125 0.0581334
1.13 0.0521448
1.135 0.0465236
1.14 0.0412659
1.145 0.0363678
1.15 0.0318247
1.155 0.027632
1.16 0.0237848
1.165 0.0202778
1.17 0.0171056
1.175 0.0142626
1.18 0.0117431
1.185 0.00954115
1.19 0.00765059
1.195 0.00606526
1.2 0.00477887
1.205 0.00378502
1.21 0.00307725
1.215 0.00264903
1.22 0.00249378
1.225 0.00260491
1.23 0.00297576
1.235 0.0035997
1.24 0.00447007
1.245 0.00558022
1.25 0.00692354
1.255 0.0084934
1.26 0.0102832
1.265 0.0122865
1.27 0.0144967
1.275 0.0169074
1.28 0.0195123
1.285 0.0223049
1.29 0.0252791
1.295 0.0284286
1.3 0.0317473
1.305 0.0352292
1.31 0.0388684
1.315 0.042659
1.32 0.0465951
1.325 0.0506712
1.33 0.0548816
1.335 0.0592209
1.34 0.0636835
1.345 0.0682643
1.35 0.0729579
1.355 0.0777593
1.36 0.0826635
1.365 0.0876656
1.37 0.0927607
1.375 0.0979441
1.38 0.103211
1.385 0.108558
1.39 0.113979
1.395 0.11947
1.4 0.125028
1.405 0.130648
1.41 0.136327
1.415 0.142059
1.42 0.147842
1.425 0.153672
1.43 0.159545
1.435 0.165457
1.44 0.171406
1.445 0.177387
1.45 0.183398
1.455 0.189435
1.46 0.195496
1.465 0.201577
1.47 0.207675
1.475 0.213788
1.48 0.219913
1.485 0.226047
1.49 0.232188
1.495 0.238333
1.5 0.24448
1.505 0.250627
1.51 0.25677
1.515 0.262909
1.52 0.26904
1.525 0.275162
1.53 0.281273
1.535 0.287371
1.54 0.293455
1.545 0.299521
1.55 0.305569
1.555 0.311598
1.56 0.317604
1.565 0.323588
1.57 0.329547
1.575 0.33548
1.58 0.341386
1.585 0.347263
1.59 0.35311
1.595 0.358926
1.6 0.36471
1.605 0.370461
1.61 0.376177
1.615 0.381857
1.62 0.387502
1.625 0.393109
1.63 0.398678
1.635 0.404208
1.64 0.409698
1.645 0.415148
1.65 0.420556
1.655 0.425923
1.66 0.431247
1.665 0.436528
1.67 0.441765
1.675 0.446958
1.68 0.452106
1.685 0.45721
1.69 0.462267
1.695 0.467278
1.7 0.472243
1.705 0.477162
1.71 0.482033
1.715 0.486856
1.72 0.491632
1.725 0.496361
1.73 0.501041
1.735 0.505672
1.74 0.510255
1.745 0.51479
1.75 0.519275
1.755 0.523712
1.76 0.528099
1.765 0.532438
1.77 0.536727
1.775 0.540967
1.78 0.545158
1.785 0.5493
1.79 0.553392
1.795 0.557436
1.8 0.56143
1.805 0.565375
1.81 0.569271
1.815 0.573118
1.82 0.576916
1.825 0.580665
1.83 0.584366
1.835 0.588018
1.84 0.591622
1.845 0.595177
1.85 0.598685
1.855 0.602145
1.86 0.605556
1.865 0.608921
1.87 0.612238
1.875 0.615508
1.88 0.618731
1.885 0.621907
1.89 0.625037
1.895 0.628121
1.9 0.631159
1.905 0.634151
1.91 0.637097
1.915 0.639998
1.92 0.642855
1.925 0.645666
1.93 0.648434
1.935 0.651157
1.94 0.653836
1.945 0.656472
1.95 0.659064
1.955 0.661613
1.96 0.66412
1.965 0.666584
1.97 0.669006
1.975 0.671387
1.98 0.673726
1.985 0.676024
1.99 0.678281
1.995 0.680497
2 0.682673
2.005 0.68481
2.01 0.686906
2.015 0.688964
2.02 0.690982
2.025 0.692962
2.03 0.694904
2.035 0.696807
2.04 0.698674
2.045 0.700502
2.05 0.702294
2.055 0.704049
2.06 0.705768
2.065 0.707451
2.07 0.709098
2.075 0.710709
2.08 0.712286
2.085 0.713828
2.09 0.715336
2.095 0.716809
2.1 0.718249
2.105 0.719655
2.11 0.721029
2.115 0.722369
2.12 0.723678
2.125 0.724954
2.13 0.726198
2.135 0.727411
2.14 0.728592
2.145 0.729743
2.15 0.730863
2.155 0.731953
2.16 0.733014
2.165 0.734044
2.17 0.735046
2.175 0.736018
2.18 0.736962
2.185 0.737877
2.19 0.738764
2.195 0.739624
2.2 0.740456
2.205 0.741261
2.21 0.742039
2.215 0.74279
2.22 0.743515
2.225 0.744214
2.23 0.744888
2.235 0.745536
2.24 0.746159
2.245 0.746757
2.25 0.747331
2.255 0.74788
2.26 0.748405
2.265 0.748907
2.27 0.749385
2.275 0.74984
2.28 0.750272
2.285 0.750682
2.29 0.751069
2.295 0.751434
2.3 0.751777
2.305 0.752098
2.31 0.752398
2.315 0.752678
2.32 0.752936
2.325 0.753174
2.33 0.753391
2.335 0.753588
2.34 0.753766
2.345 0.753924
2.35 0.754062
2.355 0.754182
2.36 0.754282
2.365 0.754364
2.37 0.754428
2.375 0.754473
2.38 0.754501
2.385 0.754511
2.39 0.754503
2.395 0.754478
2.4 0.754436
2.405 0.754377
2.41 0.754301
2.415 0.75421
2.42 0.754102
2.425 0.753977
2.43 0.753838
2.435 0.753682
2.44 0.753512
2.445 0.753326
2.45 0.753125
2.455 0.752909
2.46 0.752679
2.465 0.752435
2.47 0.752176
2.475 0.751904
2.48 0.751617
2.485 0.751317
2.49 0.751004
2.495 0.750677
2.5 0.750338
2.505 0.749985
2.51 0.74962
2.515 0.749242
2.52 0.748852
2.525 0.74845
2.53 0.748036
2.535 0.74761
2.54 0.747172
2.545 0.746723
2.55 0.746262
2.555 0.745791
2.56 0.745308
2.565 0.744814
2.57 0.74431
2.575 0.743795
2.58 0.74327
2.585 0.742735
2.59 0.742189
2.595 0.741634
2.6 0.741069
2.605 0.740494
2.61 0.73991
2.615 0.739316
2.62 0.738713
2.625 0.738101
2.63 0.737481
2.635 0.736851
2.64 0.736213
2.645 0.735566
2.65 0.734911
2.655 0.734247
2.66 0.733576
2.665 0.732896
2.67 0.732209
2.675 0.731513
2.68 0.730811
2.685 0.7301
2.69 0.729382
2.695 0.728657
2.7 0.727925
2.705 0.727186
2.71 0.72644
2.715 0.725687
2.72 0.724927
2.725 0.724161
2.73 0.723389
2.735 0.722609
2.74 0.721824
2.745 0.721033
2.75 0.720235
2.755 0.719432
2.76 0.718623
2.765 0.717808
2.77 0.716987
2.775 0.716161
2.78 0.715329
2.785 0.714492
2.79 0.71365
2.795 0.712803
2.8 0.71195
2.805 0.711093
2.81 0.710231
2.815 0.709364
2.82 0.708492
2.825 0.707616
2.83 0.706735
2.835 0.70585
2.84 0.70496
2.845 0.704067
2.85 0.703168
2.855 0.702266
2.86 0.70136
2.865 0.70045
2.87 0.699536
2.875 0.698619
2.88 0.697697
2.885 0.696772
2.89 0.695843
2.895 0.694911
2.9 0.693976
2.905 0.693037
2.91 0.692095
2.915 0.69115
2.92 0.690201
2.925 0.68925
2.93 0.688296
2.935 0.687338
2.94 0.686378
2.945 0.685415
2.95 0.68445
2.955 0.683481
2.96 0.68251
2.965 0.681537
2.97 0.680561
2.975 0.679583
2.98 0.678602
2.985 0.677619
2.99 0.676634
2.995 0.675647
3 0.674658
3.005 0.673666
3.01 0.672673
3.015 0.671677
3.02 0.67068
3.025 0.669681
3.03 0.66868
3.035 0.667677
3.04 0.666673
3.045 0.665667
3.05 0.66466
3.055 0.663651
3.06 0.66264
3.065 0.661628
3.07 0.660615
3.075 0.6596
3.08 0.658585
3.085 0.657567
3.09 0.656549
3.095 0.65553
3.1 0.654509
3.105 0.653487
3.11 0.652465
3.115 0.651441
3.12 0.650416
3.125 0.649391
3.13 0.648365
3.135 0.647337
3.14 0.64631
3.145 0.645281
3.15 0.644252
3.155 0.643222
3.16 0.642191
3.165 0.64116
3.17 0.640128
3.175 0.639096
3.18 0.638063
3.185 0.63703
3.19 0.635997
3.195 0.634963
3.2 0.633928
3.205 0.632894
3.21 0.631859
3.215 0.630824
3.22 0.629789
3.225 0.628753
3.23 0.627718
3.235 0.626682
3.24 0.625647
3.245 0.624611
3.25 0.623575
3.255 0.622539
3.26 0.621503
3.265 0.620468
3.27 0.619432
3.275 0.618397
3.28 0.617361
3.285 0.616326
3.29 0.615291
3.295 0.614257
3.3 0.613222
3.305 0.612188
3.31 0.611154
3.315 0.610121
3.32 0.609088
3.325 0.608055
3.33 0.607022
3.335 0.605991
3.34 0.604959
3.345 0.603928
3.35 0.602897
3.355 0.601867
3.36 0.600838
3.365 0.599809
3.37 0.598781
3.375 0.597753
3.38 0.596726
3.385 0.595699
3.39 0.594673
3.395 0.593648
3.4 0.592624
3.405 0.5916
3.41 0.590577
3.415 0.589555
3.42 0.588533
3.425 0.587512
3.43 0.586492
3.435 0.585473
3.44 0.584455
3.445 0.583438
3.45 0.582421
3.455 0.581406
3.46 0.580391
3.465 0.579377
3.47 0.578364
3.475 0.577352
3.48 0.576341
3.485 0.575331
3.49 0.574322
3.495 0.573314
3.5 0.572307
3.505 0.571302
3.51 0.570297
3.515 0.569293
3.52 0.56829
3.525 0.567289
3.53 0.566288
3.535 0.565289
3.54 0.56429
3.545 0.563293
3.55 0.562297
3.555 0.561302
3.56 0.560309
3.565 0.559316
3.57 0.558325
3.575 0.557335
3.58 0.556346
3.585 0.555358
3.59 0.554372
3.595 0.553387
3.6 0.552403
3.605 0.55142
3.61 0.550439
3.615 0.549459
3.62 0.54848
3.625 0.547503
3.63 0.546526
3.635 0.545552
3.64 0.544578
3.645 0.543606
3.65 0.542635
3.655 0.541666
3.66 0.540698
3.665 0.539731
3.67 0.538766
3.675 0.537802
3.68 0.536839
3.685 0.535878
3.69 0.534918
3.695 0.53396
3.7 0.533003
3.705 0.532048
3.71 0.531093
3.715 0.530141
3.72 0.52919
3.725 0.52824
3.73 0.527292
3.735 0.526345
3.74 0.5254
3.745 0.524456
3.75 0.523514
3.755 0.522573
3.76 0.521633
3.765 0.520695
3.77 0.519759
3.775 0.518824
3.78 0.517891
3.785 0.516959
3.79 0.516029
3.795 0.5151
3.8 0.514173
3.805 0.513247
3.81 0.512323
3.815 0.5114
3.82 0.510479
3.825 0.50956
3.83 0.508642
3.835 0.507725
3.84 0.50681
3.845 0.505897
3.85 0.504985
3.855 0.504075
3.86 0.503167
3.865 0.50226
3.87 0.501354
3.875 0.50045
3.88 0.499548
3.885 0.498647
3.89 0.497748
3.895 0.496851
3.9 0.495955
3.905 0.495061
3.91 0.494168
3.915 0.493277
3.92 0.492387
3.925 0.491499
3.93 0.490613
3.935 0.489729
3.94 0.488846
3.945 0.487964
3.95 0.487084
3.955 0.486206
3.96 0.48533
3.965 0.484455
3.97 0.483581
3.975 0.48271
3.98 0.481839
3.985 0.480971
3.99 0.480104
3.995 0.479239
4 0.478375
4.005 0.477513
4.01 0.476653
4.015 0.475794
4.02 0.474937
4.025 0.474082
4.03 0.473228
4.035 0.472376
4.04 0.471525
4.045 0.470677
4.05 0.469829
4.055 0.468984
4.06 0.46814
4.065 0.467297
4.07 0.466457
4.075 0.465618
4.08 0.46478
4.085 0.463944
4.09 0.46311
4.095 0.462278
4.1 0.461447
4.105 0.460618
4.11 0.45979
4.115 0.458964
4.12 0.45814
4.125 0.457317
4.13 0.456496
4.135 0.455676
4.14 0.454858
4.145 0.454042
4.15 0.453228
4.155 0.452415
4.16 0.451603
4.165 0.450794
4.17 0.449986
4.175 0.449179
4.18 0.448375
4.185 0.447571
4.19 0.44677
4.195 0.44597
4.2 0.445172
4.205 0.444375
4.21 0.44358
4.215 0.442787
4.22 0.441995
4.225 0.441205
4.23 0.440416
4.235 0.439629
4.24 0.438844
4.245 0.43806
4.25 0.437278
4.255 0.436497
4.26 0.435719
4.265 0.434941
4.27 0.434166
4.275 0.433391
4.28 0.432619
4.285 0.431848
4.29 0.431079
4.295 0.430311
4.3 0.429545
4.305 0.428781
4.31 0.428018
4.315 0.427256
4.32 0.426497
4.325 0.425739
4.33 0.424982
4.335 0.424227
4.34 0.423474
4.345 0.422722
4.35 0.421972
4.355 0.421223
4.36 0.420476
4.365 0.419731
4.37 0.418987
4.375 0.418245
4.38 0.417504
4.385 0.416765
4.39 0.416027
4.395 0.415291
4.4 0.414556
4.405 0.413823
4.41 0.413092
4.415 0.412362
4.42 0.411634
4.425 0.410907
4.43 0.410182
4.435 0.409458
4.44 0.408736
4.445 0.408016
4.45 0.407297
4.455 0.406579
4.46 0.405863
4.465 0.405149
4.47 0.404436
4.475 0.403724
4.48 0.403015
4.485 0.402306
4.49 0.4016
4.495 0.400894
4.5 0.40019
4.505 0.399488
4.51 0.398787
4.515 0.398088
4.52 0.397391
4.525 0.396694
4.53 0.396
4.535 0.395306
4.54 0.394615
4.545 0.393924
4.55 0.393236
4.555 0.392548
4.56 0.391863
4.565 0.391178
4.57 0.390496
4.575 0.389814
4.58 0.389134
4.585 0.388456
4.59 0.387779
4.595 0.387104
4.6 0.38643
4.605 0.385757
4.61 0.385086
4.615 0.384417
4.62 0.383748
4.625 0.383082
4.63 0.382416
4.635 0.381753
4.64 0.38109
4.645 0.380429
4.65 0.37977
4.655 0.379112
4.66 0.378455
4.665 0.3778
4.67 0.377147
4.675 0.376494
4.68 0.375843
4.685 0.375194
4.69 0.374546
4.695 0.373899
4.7 0.373254
4.705 0.37261
4.71 0.371968
4.715 0.371327
4.72 0.370687
4.725 0.370049
4.73 0.369412
4.735 0.368777
4.74 0.368143
4.745 0.36751
4.75 0.366879
4.755 0.366249
4.76 0.365621
4.765 0.364994
4.77 0.364368
4.775 0.363744
4.78 0.363121
4.785 0.362499
4.79 0.361879
4.795 0.36126
4.8 0.360642
4.805 0.360026
4.81 0.359411
4.815 0.358798
4.82 0.358186
4.825 0.357575
4.83 0.356965
4.835 0.356357
4.84 0.355751
4.845 0.355145
4.85 0.354541
4.855 0.353938
4.86 0.353337
4.865 0.352737
4.87 0.352138
4.875 0.35154
4.88 0.350944
4.885 0.350349
4.89 0.349756
4.895 0.349163
4.9 0.348572
4.905 0.347983
4.91 0.347394
4.915 0.346807
4.92 0.346222
4.925 0.345637
4.93 0.345054
4.935 0.344472
4.94 0.343891
4.945 0.343312
4.95 0.342734
4.955 0.342157
4.96 0.341581
4.965 0.341007
4.97 0.340434
4.975 0.339862
4.98 0.339292
4.985 0.338722
4.99 0.338154
4.995 0.337588
5 0.337022
5.005 0.336458
5.01 0.335895
5.015 0.335333
5.02 0.334773
5.025 0.334213
5.03 0.333655
5.035 0.333098
5.04 0.332543
5.045 0.331988
5.05 0.331435
5.055 0.330883
5.06 0.330332
5.065 0.329783
5.07 0.329234
5.075 0.328687
5.08 0.328141
5.085 0.327596
5.09 0.327053
5.095 0.32651
5.1 0.325969
5.105 0.325429
5.11 0.32489
5.115 0.324353
5.12 0.323816
5.125 0.323281
5.13 0.322747
5.135 0.322214
5.14 0.321682
5.145 0.321152
5.15 0.320622
5.155 0.320094
5.16 0.319567
5.165 0.319041
5.17 0.318516
5.175 0.317993
5.18 0.31747
5.185 0.316949
5.19 0.316429
5.195 0.31591
5.2 0.315392
5.205 0.314875
5.21 0.314359
5.215 0.313845
5.22 0.313331
5.225 0.312819
5.23 0.312308
5.235 0.311798
5.24 0.311289
5.245 0.310781
5.25 0.310274
5.255 0.309769
5.26 0.309264
5.265 0.308761
5.27 0.308258
5.275 0.307757
5.28 0.307257
5.285 0.306758
5.29 0.30626
5.295 0.305763
5.3 0.305267
5.305 0.304773
5.31 0.304279
5.315 0.303787
5.32 0.303295
5.325 0.302805
5.33 0.302316
5.335 0.301827
5.34 0.30134
5.345 0.300854
5.35 0.300369
5.355 0.299885
5.36 0.299402
5.365 0.29892
5.37 0.298439
5.375 0.297959
5.38 0.297481
5.385 0.297003
5.39 0.296526
5.395 0.296051
5.4 0.295576
5.405 0.295102
5.41 0.29463
5.415 0.294158
5.42 0.293688
5.425 0.293218
5.43 0.29275
5.435 0.292282
5.44 0.291816
5.445 0.291351
5.45 0.290886
5.455 0.290423
5.46 0.28996
5.465 0.289499
5.47 0.289038
5.475 0.288579
5.48 0.288121
5.485 0.287663
5.49 0.287207
5.495 0.286751
5.5 0.286297
5.505 0.285843
5.51 0.285391
5.515 0.284939
5.52 0.284489
5.525 0.284039
5.53 0.28359
5.535 0.283143
5.54 0.282696
5.545 0.28225
5.55 0.281805
5.555 0.281362
5.56 0.280919
5.565 0.280477
5.57 0.280036
5.575 0.279596
5.58 0.279157
5.585 0.278719
5.59 0.278282
5.595 0.277845
5.6 0.27741
5.605 0.276976
5.61 0.276542
5.615 0.27611
5.62 0.275678
5.625 0.275247
5.63 0.274818
5.635 0.274389
5.64 0.273961
5.645 0.273534
5.65 0.273108
5.655 0.272683
5.66 0.272259
5.665 0.271835
5.67 0.271413
5.675 0.270991
5.68 0.270571
5.685 0.270151
5.69 0.269732
5.695 0.269314
5.7 0.268897
5.705 0.268481
5.71 0.268066
5.715 0.267651
5.72 0.267238
5.725 0.266825
5.73 0.266413
5.735 0.266002
5.74 0.265592
5.745 0.265183
5.75 0.264775
5.755 0.264368
5.76 0.263961
5.765 0.263555
5.77 0.263151
5.775 0.262747
5.78 0.262344
5.785 0.261941
5.79 0.26154
5.795 0.261139
5.8 0.26074
5.805 0.260341
5.81 0.259943
5.815 0.259546
5.82 0.259149
5.825 0.258754
5.83 0.258359
5.835 0.257966
5.84 0.257573
5.845 0.25718
5.85 0.256789
5.855 0.256399
5.86 0.256009
5.865 0.25562
5.87 0.255232
5.875 0.254845
5.88 0.254458
5.885 0.254073
5.89 0.253688
5.895 0.253304
5.9 0.252921
5.905 0.252539
5.91 0.252157
5.915 0.251776
5.92 0.251396
5.925 0.251017
5.93 0.250639
5.935 0.250261
5.94 0.249884
5.945 0.249508
5.95 0.249133
5.955 0.248759
5.96 0.248385
5.965 0.248012
5.97 0.24764
5.975 0.247269
5.98 0.246898
5.985 0.246529
5.99 0.24616
5.995 0.245792
6 0.245424
6.005 0.245057
6.01 0.244692
6.015 0.244326
6.02 0.243962
6.025 0.243598
6.03 0.243235
6.035 0.242873
6.04 0.242512
6.045 0.242151
6.05 0.241791
6.055 0.241432
6.06 0.241074
6.065 0.240716
6.07 0.240359
6.075 0.240003
6.08 0.239648
6.085 0.239293
6.09 0.238939
6.095 0.238586
6.1 0.238234
6.105 0.237882
6.11 0.237531
6.115 0.23718
6.12 0.236831
6.125 0.236482
6.13 0.236134
6.135 0.235786
6.14 0.23544
6.145 0.235094
6.15 0.234748
6.155 0.234404
6.16 0.23406
6.165 0.233717
6.17 0.233374
6.175 0.233033
6.18 0.232692
6.185 0.232351
6.19 0.232012
6.195 0.231673
6.2 0.231334
6.205 0.230997
6.21 0.23066
6.215 0.230324
6.22 0.229988
6.225 0.229654
6.23 0.229319
6.235 0.228986
6.24 0.228653
6.245 0.228321
6.25 0.22799
6.255 0.227659
6.26 0.227329
6.265 0.227
6.27 0.226671
6.275 0.226343
6.28 0.226015
6.285 0.225689
6.29 0.225363
6.295 0.225037
6.3 0.224713
6.305 0.224389
6.31 0.224065
6.315 0.223742
6.32 0.22342
6.325 0.223099
6.33 0.222778
6.335 0.222458
6.34 0.222138
6.345 0.22182
6.35 0.221501
6.355 0.221184
6.36 0.220867
6.365 0.220551
6.37 0.220235
6.375 0.21992
6.38 0.219606
6.385 0.219292
6.39 0.218979
6.395 0.218666
6.4 0.218355
6.405 0.218043
6.41 0.217733
6.415 0.217423
6.42 0.217114
6.425 0.216805
6.43 0.216497
6.435 0.216189
6.44 0.215882
6.445 0.215576
6.45 0.215271
6.455 0.214966
6.46 0.214661
6.465 0.214357
6.47 0.214054
6.475 0.213752
6.48 0.21345
6.485 0.213148
6.49 0.212847
6.495 0.212547
6.5 0.212248
6.505 0.211949
6.51 0.21165
6.515 0.211353
6.52 0.211055
6.525 0.210759
6.53 0.210463
6.535 0.210167
6.54 0.209873
6.545 0.209578
6.55 0.209285
6.555 0.208992
6.56 0.208699
6.565 0.208407
6.57 0.208116
6.575 0.207825
6.58 0.207535
6.585 0.207245
6.59 0.206956
6.595 0.206668
6.6 0.20638
6.605 0.206093
6.61 0.205806
6.615 0.20552
6.62 0.205234
6.625 0.204949
6.63 0.204664
6.635 0.204381
6.64 0.204097
6.645 0.203814
6.65 0.203532
6.655 0.20325
6.66 0.202969
6.665 0.202689
6.67 0.202409
6.675 0.202129
6.68 0.20185
6.685 0.201572
6.69 0.201294
6.695 0.201017
6.7 0.20074
6.705 0.200464
6.71 0.200188
6.715 0.199913
6.72 0.199638
6.725 0.199364
6.73 0.19909
6.735 0.198817
6.74 0.198545
6.745 0.198273
6.75 0.198002
6.755 0.197731
6.76 0.19746
6.765 0.197191
6.77 0.196921
6.775 0.196652
6.78 0.196384
6.785 0.196116
6.79 0.195849
6.795 0.195583
6.8 0.195316
6.805 0.195051
6.81 0.194786
6.815 0.194521
6.82 0.194257
6.825 0.193993
6.83 0.19373
6.835 0.193467
6.84 0.193205
6.845 0.192944
6.85 0.192683
6.855 0.192422
6.86 0.192162
6.865 0.191902
6.87 0.191643
6.875 0.191385
6.88 0.191127
6.885 0.190869
6.89 0.190612
6.895 0.190355
6.9 0.190099
6.905 0.189844
6.91 0.189589
6.915 0.189334
6.92 0.18908
6.925 0.188826
6.93 0.188573
6.935 0.18832
6.94 0.188068
6.945 0.187817
6.95 0.187565
6.955 0.187315
6.96 0.187064
6.965 0.186815
6.97 0.186565
6.975 0.186316
6.98 0.186068
6.985 0.18582
6.99 0.185573
6.995 0.185326
7 0.185079
7.005 0.184833
7.01 0.184588
7.015 0.184343
7.02 0.184098
7.025 0.183854
7.03 0.18361
7.035 0.183367
7.04 0.183124
7.045 0.182882
7.05 0.18264
7.055 0.182399
7.06 0.182158
7.065 0.181917
7.07 0.181677
7.075 0.181438
7.08 0.181199
7.085 0.18096
7.09 0.180722
7.095 0.180484
7.1 0.180247
7.105 0.18001
7.11 0.179773
7.115 0.179537
7.12 0.179302
7.125 0.179067
7.13 0.178832
7.135 0.178598
7.14 0.178364
7.145 0.178131
7.15 0.177898
7.155 0.177666
7.16 0.177434
7.165 0.177202
7.17 0.176971
7.175 0.17674
7.18 0.17651
7.185 0.17628
7.19 0.176051
7.195 0.175822
7.2 0.175593
7.205 0.175365
7.21 0.175137
7.215 0.17491
7.22 0.174683
7.225 0.174457
7.23 0.174231
7.235 0.174005
7.24 0.17378
7.245 0.173555
7.25 0.173331
7.255 0.173107
7.26 0.172883
7.265 0.17266
7.27 0.172437
7.275 0.172215
7.28 0.171993
7.285 0.171772
7.29 0.171551
7.295 0.17133
7.3 0.17111
7.305 0.17089
7.31 0.170671
7.315 0.170452
7.32 0.170233
7.325 0.170015
7.33 0.169797
7.335 0.16958
7.34 0.169363
7.345 0.169146
7.35 0.16893
7.355 0.168714
7.36 0.168499
7.365 0.168284
7.37 0.168069
7.375 0.167855
7.38 0.167641
7.385 0.167428
7.39 0.167215
7.395 0.167002
7.4 0.16679
7.405 0.166578
7.41 0.166366
7.415 0.166155
7.42 0.165944
7.425 0.165734
7.43 0.165524
7.435 0.165315
7.44 0.165105
7.445 0.164897
7.45 0.164688
7.455 0.16448
7.46 0.164272
7.465 0.164065
7.47 0.163858
7.475 0.163652
7.48 0.163446
7.485 0.16324
7.49 0.163034
7.495 0.162829
7.5 0.162625
7.505 0.16242
7.51 0.162216
7.515 0.162013
7.52 0.16181
7.525 0.161607
7.53 0.161404
7.535 0.161202
7.54 0.161001
7.545 0.160799
7.55 0.160598
7.555 0.160398
7.56 0.160197
7.565 0.159997
7.57 0.159798
7.575 0.159599
7.58 0.1594
7.585 0.159201
7.59 0.159003
7.595 0.158806
7.6 0.158608
7.605 0.158411
7.61 0.158214
7.615 0.158018
7.62 0.157822
7.625 0.157626
7.63 0.157431
7.635 0.157236
7.64 0.157042
7.645 0.156847
7.65 0.156653
7.655 0.15646
7.66 0.156267
7.665 0.156074
7.67 0.155881
7.675 0.155689
7.68 0.155497
7.685 0.155306
7.69 0.155115
7.695 0.154924
7.7 0.154733
7.705 0.154543
7.71 0.154353
7.715 0.154164
7.72 0.153975
7.725 0.153786
7.73 0.153598
7.735 0.153409
7.74 0.153222
7.745 0.153034
7.75 0.152847
7.755 0.15266
7.76 0.152474
7.765 0.152288
7.77 0.152102
7.775 0.151916
7.78 0.151731
7.785 0.151546
7.79 0.151362
7.795 0.151178
7.8 0.150994
7.805 0.15081
7.81 0.150627
7.815 0.150444
7.82 0.150262
7.825 0.150079
7.83 0.149898
7.835 0.149716
7.84 0.149535
7.845 0.149354
7.85 0.149173
7.855 0.148993
7.86 0.148813
7.865 0.148633
7.87 0.148454
7.875 0.148274
7.88 0.148096
7.885 0.147917
7.89 0.147739
7.895 0.147561
7.9 0.147384
7.905 0.147207
7.91 0.14703
7.915 0.146853
7.92 0.146677
7.925 0.146501
7.93 0.146325
7.935 0.14615
7.94 0.145975
7.945 0.1458
7.95 0.145626
7.955 0.145451
7.96 0.145278
7.965 0.145104
7.97 0.144931
7.975 0.144758
7.98 0.144585
7.985 0.144413
7.99 0.144241
7.995 0.144069
8 0.143898
8.005 0.143726
8.01 0.143556
8.015 0.143385
8.02 0.143215
8.025 0.143045
8.03 0.142875
8.035 0.142706
8.04 0.142536
8.045 0.142368
8.05 0.142199
8.055 0.142031
8.06 0.141863
8.065 0.141695
8.07 0.141528
8.075 0.141361
8.08 0.141194
8.085 0.141027
8.09 0.140861
8.095 0.140695
8.1 0.14053
8.105 0.140364
8.11 0.140199
8.115 0.140034
8.12 0.13987
8.125 0.139706
8.13 0.139542
8.135 0.139378
8.14 0.139214
8.145 0.139051
8.15 0.138888
8.155 0.138726
8.16 0.138564
8.165 0.138402
8.17 0.13824
8.175 0.138078
8.18 0.137917
8.185 0.137756
8.19 0.137596
8.195 0.137435
8.2 0.137275
8.205 0.137115
8.21 0.136956
8.215 0.136796
8.22 0.136637
8.225 0.136478
8.23 0.13632
8.235 0.136162
8.24 0.136004
8.245 0.135846
8.25 0.135689
8.255 0.135531
8.26 0.135375
8.265 0.135218
8.27 0.135062
8.275 0.134905
8.28 0.13475
8.285 0.134594
8.29 0.134439
8.295 0.134284
8.3 0.134129
8.305 0.133974
8.31 0.13382
8.315 0.133666
8.32 0.133512
8.325 0.133359
8.33 0.133205
8.335 0.133052
8.34 0.1329
8.345 0.132747
8.35 0.132595
8.355 0.132443
8.36 0.132291
8.365 0.13214
8.37 0.131989
8.375 0.131838
8.38 0.131687
8.385 0.131536
8.39 0.131386
8.395 0.131236
8.4 0.131086
8.405 0.130937
8.41 0.130788
8.415 0.130639
8.42 0.13049
8.425 0.130342
8.43 0.130193
8.435 0.130045
8.44 0.129898
8.445 0.12975
8.45 0.129603
8.455 0.129456
8.46 0.129309
8.465 0.129163
8.47 0.129016
8.475 0.12887
8.48 0.128724
8.485 0.128579
8.49 0.128433
8.495 0.128288
8.5 0.128144
8.505 0.127999
8.51 0.127855
8.515 0.12771
8.52 0.127567
8.525 0.127423
8.53 0.127279
8.535 0.127136
8.54 0.126993
8.545 0.126851
8.55 0.126708
8.555 0.126566
8.56 0.126424
8.565 0.126282
8.57 0.12614
8.575 0.125999
8.58 0.125858
8.585 0.125717
8.59 0.125577
8.595 0.125436
8.6 0.125296
8.605 0.125156
8.61 0.125016
8.615 0.124877
8.62 0.124738
8.625 0.124599
8.63 0.12446
8.635 0.124321
8.64 0.124183
8.645 0.124045
8.65 0.123907
8.655 0.123769
8.66 0.123632
8.665 0.123494
8.67 0.123357
8.675 0.12322
8.68 0.123084
8.685 0.122948
8.69 0.122811
8.695 0.122675
8.7 0.12254
8.705 0.122404
8.71 0.122269
8.715 0.122134
8.72 0.121999
8.725 0.121865
8.73 0.12173
8.735 0.121596
8.74 0.121462
8.745 0.121328
8.75 0.121195
8.755 0.121061
8.76 0.120928
8.765 0.120795
8.77 0.120663
8.775 0.12053
8.78 0.120398
8.785 0.120266
8.79 0.120134
8.795 0.120003
8.8 0.119871
8.805 0.11974
8.81 0.119609
8.815 0.119478
8.82 0.119348
8.825 0.119217
8.83 0.119087
8.835 0.118957
8.84 0.118827
8.845 0.118698
8.85 0.118569
8.855 0.118439
8.86 0.118311
8.865 0.118182
8.87 0.118053
8.875 0.117925
8.88 0.117797
8.885 0.117669
8.89 0.117541
8.895 0.117414
8.9 0.117287
8.905 0.11716
8.91 0.117033
8.915 0.116906
8.92 0.116779
8.925 0.116653
8.93 0.116527
8.935 0.116401
8.94 0.116276
8.945 0.11615
8.95 0.116025
8.955 0.1159
8.96 0.115775
8.965 0.11565
8.97 0.115526
8.975 0.115401
8.98 0.115277
8.985 0.115153
8.99 0.11503
8.995 0.114906
9 0.114783
9.005 0.11466
9.01 0.114537
9.015 0.114414
9.02 0.114291
9.025 0.114169
9.03 0.114047
9.035 0.113925
9.04 0.113803
9.045 0.113681
9.05 0.11356
9.055 0.113439
9.06 0.113318
9.065 0.113197
9.07 0.113076
9.075 0.112956
9.08 0.112836
9.085 0.112715
9.09 0.112596
9.095 0.112476
9.1 0.112356
9.105 0.112237
9.11 0.112118
9.115 0.111999
9.12 0.11188
9.125 0.111761
9.13 0.111643
9.135 0.111525
9.14 0.111407
9.145 0.111289
9.15 0.111171
9.155 0.111054
9.16 0.110936
9.165 0.110819
9.17 0.110702
9.175 0.110585
9.18 0.110469
9.185 0.110352
9.19 0.110236
9.195 0.11012
9.2 0.110004
9.205 0.109888
9.21 0.109773
9.215 0.109658
9.22 0.109542
9.225 0.109427
9.23 0.109313
9.235 0.109198
9.24 0.109083
9.245 0.108969
9.25 0.108855
9.255 0.108741
9.26 0.108627
9.265 0.108514
9.27 0.1084
9.275 0.108287
9.28 0.108174
9.285 0.108061
9.29 0.107948
9.295 0.107836
9.3 0.107723
9.305 0.107611
9.31 0.107499
9.315 0.107387
9.32 0.107276
9.325 0.107164
9.33 0.107053
9.335 0.106942
9.34 0.106831
9.345 0.10672
9.35 0.106609
9.355 0.106499
9.36 0.106388
9.365 0.106278
9.37 0.106168
9.375 0.106058
9.38 0.105948
9.385 0.105839
9.39 0.10573
9.395 0.10562
9.4 0.105511
9.405 0.105403
9.41 0.105294
9.415 0.105185
9.42 0.105077
9.425 0.104969
9.43 0.104861
9.435 0.104753
9.44 0.104645
9.445 0.104538
9.45 0.10443
9.455 0.104323
9.46 0.104216
9.465 0.104109
9.47 0.104002
9.475 0.103896
9.48 0.103789
9.485 0.103683
9.49 0.103577
9.495 0.103471
9.5 0.103365
9.505 0.10326
9.51 0.103154
9.515 0.103049
9.52 0.102944
9.525 0.102839
9.53 0.102734
9.535 0.102629
9.54 0.102525
9.545 0.10242
9.55 0.102316
9.555 0.102212
9.56 0.102108
9.565 0.102005
9.57 0.101901
9.575 0.101798
9.58 0.101694
9.585 0.101591
9.59 0.101488
9.595 0.101385
9.6 0.101283
9.605 0.10118
9.61 0.101078
9.615 0.100976
9.62 0.100874
9.625 0.100772
9.63 0.10067
9.635 0.100568
9.64 0.100467
9.645 0.100366
9.65 0.100264
9.655 0.100163
9.66 0.100063
9.665 0.0999619
9.67 0.0998614
9.675 0.099761
9.68 0.0996607
9.685 0.0995606
9.69 0.0994606
9.695 0.0993608
9.7 0.0992611
9.705 0.0991616
9.71 0.0990622
9.715 0.098963
9.72 0.0988639
9.725 0.098765
9.73 0.0986662
9.735 0.0985676
9.74 0.0984691
9.745 0.0983707
9.75 0.0982725
9.755 0.0981744
9.76 0.0980765
9.765 0.0979787
9.77 0.0978811
9.775 0.0977836
9.78 0.0976862
9.785 0.097589
9.79 0.097492
9.795 0.097395
9.8 0.0972982
9.805 0.0972016
9.81 0.0971051
9.815 0.0970087
9.82 0.0969125
9.825 0.0968164
9.83 0.0967205
9.835 0.0966247
9.84 0.096529
9.845 0.0964335
9.85 0.0963381
9.855 0.0962429
9.86 0.0961478
9.865 0.0960528
9.87 0.095958
9.875 0.0958633
9.88 0.0957687
9.885 0.0956743
9.89 0.09558
9.895 0.0954859
9.9 0.0953919
9.905 0.095298
9.91 0.0952043
9.915 0.0951107
9.92 0.0950172
9.925 0.0949239
9.93 0.0948307
9.935 0.0947376
9.94 0.0946447
9.945 0.0945519
9.95 0.0944592
9.955 0.0943667
9.96 0.0942743
9.965 0.094182
9.97 0.0940899
9.975 0.0939979
9.98 0.093906
9.985 0.0938143
9.99 0.0937227
9.995 0.0936312
