0 -nan
0.005 0.862008
0.01 0.314586
0.015 0.760123
0.02 0.791141
0.025 0.290729
0.03 0.164223
0.035 0.577168
0.04 0.571439
0.045 0.345376
0.05 0.140658
0.055 0.0297097
0.06 0.00083881
0.065 0.0231741
0.07 0.0704663
0.075 0.125559
0.08 0.178806
0.085 0.22555
0.09 0.264085
0.095 0.294312
0.1 0.316911
0.105 0.332882
0.11 0.343289
0.115 0.349138
0.12 0.351321
0.125 0.350604
0.13 0.347625
0.135 0.34291
0.14 0.336888
0.145 0.329902
0.15 0.322231
0.155 0.314092
0.16 0.305661
0.165 0.297073
0.17 0.288437
0.175 0.279833
0.18 0.271326
0.185 0.262963
0.19 0.254779
0.195 0.246802
0.2 0.239047
0.205 0.231528
0.21 0.224251
0.215 0.217219
0.22 0.210433
0.225 0.203891
0.23 0.197588
0.235 0.19152
0.24 0.185681
0.245 0.180065
0.25 0.174663
0.255 0.169469
0.26 0.164475
0.265 0.159673
0.27 0.155057
0.275 0.150618
0.28 0.146349
0.285 0.142243
0.29 0.138293
0.295 0.134493
0.3 0.130835
0.305 0.127314
0.31 0.123924
0.315 0.120659
0.32 0.117514
0.325 0.114483
0.33 0.111561
0.335 0.108744
0.34 0.106027
0.345 0.103405
0.35 0.100876
0.355 0.0984333
0.36 0.0960749
0.365 0.0937968
0.37 0.0915956
0.375 0.089468
0.38 0.087411
0.385 0.0854217
0.39 0.0834972
0.395 0.0816349
0.4 0.0798322
0.405 0.0780868
0.41 0.0763963
0.415 0.0747585
0.42 0.0731714
0.425 0.0716329
0.43 0.0701412
0.435 0.0686944
0.44 0.0672908
0.445 0.0659288
0.45 0.0646067
0.455 0.0633232
0.46 0.0620766
0.465 0.0608658
0.47 0.0596893
0.475 0.0585459
0.48 0.0574344
0.485 0.0563536
0.49 0.0553025
0.495 0.05428
0.5 0.0532851
0.505 0.0523168
0.51 0.0513742
0.515 0.0504564
0.52 0.0495627
0.525 0.0486921
0.53 0.0478439
0.535 0.0470173
0.54 0.0462116
0.545 0.0454262
0.55 0.0446604
0.555 0.0439135
0.56 0.0431849
0.565 0.042474
0.57 0.0417804
0.575 0.0411034
0.58 0.0404425
0.585 0.0397972
0.59 0.0391671
0.595 0.0385516
0.6 0.0379504
0.605 0.037363
0.61 0.0367889
0.615 0.0362278
0.62 0.0356794
0.625 0.0351432
0.63 0.0346188
0.635 0.034106
0.64 0.0336044
0.645 0.0331136
0.65 0.0326334
0.655 0.0321635
0.66 0.0317036
0.665 0.0312534
0.67 0.0308126
0.675 0.030381
0.68 0.0299584
0.685 0.0295444
0.69 0.0291389
0.695 0.0287416
0.7 0.0283523
0.705 0.0279707
0.71 0.0275968
0.715 0.0272303
0.72 0.026871
0.725 0.0265187
0.73 0.0261732
0.735 0.0258344
0.74 0.025502
0.745 0.025176
0.75 0.0248562
0.755 0.0245424
0.76 0.0242344
0.765 0.0239322
0.77 0.0236356
0.775 0.0233444
0.78 0.0230585
0.785 0.0227778
0.79 0.0225021
0.795 0.0222314
0.8 0.0219656
0.805 0.0217044
0.81 0.0214479
0.815 0.0211958
0.82 0.0209482
0.825 0.0207048
0.83 0.0204656
0.835 0.0202305
0.84 0.0199995
0.845 0.0197723
0.85 0.019549
0.855 0.0193294
0.86 0.0191135
0.865 0.0189011
0.87 0.0186923
0.875 0.0184869
0.88 0.0182848
0.885 0.018086
0.89 0.0178904
0.895 0.017698
0.9 0.0175086
0.905 0.0173223
0.91 0.0171389
0.915 0.0169583
0.92 0.0167807
0.925 0.0166057
0.93 0.0164335
0.935 0.0162639
0.94 0.016097
0.945 0.0159325
0.95 0.0157706
0.955 0.0156111
0.96 0.0154541
0.965 0.0152993
0.97 0.0151469
0.975 0.0149967
0.98 0.0148488
0.985 0.014703
0.99 0.0145593
0.995 0.0144178
1 0.0142782
1.005 0.0141407
1.01 0.0140052
1.015 0.0138716
1.02 0.0137399
1.025 0.01361
1.03 0.013482
1.035 0.0133557
1.04 0.0132313
1.045 0.0131085
1.05 0.0129875
1.055 0.0128681
1.06 0.0127503
1.065 0.0126342
1.07 0.0125196
1.075 0.0124065
1.08 0.012295
1.085 0.012185
1.09 0.0120765
1.095 0.0119693
1.1 0.0118636
1.105 0.0117593
1.11 0.0116564
1.115 0.0115548
1.12 0.0114545
1.125 0.0113555
1.13 0.0112578
1.135 0.0111613
1.14 0.0110661
1.145 0.0109721
1.15 0.0108793
1.155 0.0107876
1.16 0.0106971
1.165 0.0106077
1.17 0.0105194
1.175 0.0104323
1.18 0.0103462
1.185 0.0102611
1.19 0.0101771
1.195 0.0100942
1.2 0.0100122
1.205 0.00993124
1.21 0.00985124
1.215 0.00977221
1.22 0.00969412
1.225 0.00961696
1.23 0.00954072
1.235 0.00946537
1.24 0.00939092
1.245 0.00931733
1.25 0.00924461
1.255 0.00917273
1.26 0.00910169
1.265 0.00903147
1.27 0.00896205
1.275 0.00889343
1.28 0.0088256
1.285 0.00875853
1.29 0.00869222
1.295 0.00862667
1.3 0.00856185
1.305 0.00849776
1.31 0.00843438
1.315 0.00837171
1.32 0.00830973
1.325 0.00824843
1.33 0.00818782
1.335 0.00812786
1.34 0.00806856
1.345 0.00800991
1.35 0.00795189
1.355 0.0078945
1.36 0.00783772
1.365 0.00778156
1.37 0.00772599
1.375 0.00767102
1.38 0.00761663
1.385 0.00756282
1.39 0.00750957
1.395 0.00745689
1.4 0.00740475
1.405 0.00735316
1.41 0.00730211
1.415 0.00725158
1.42 0.00720158
1.425 0.00715209
1.43 0.0071031
1.435 0.00705462
1.44 0.00700663
1.445 0.00695913
1.45 0.00691211
1.455 0.00686557
1.46 0.00681949
1.465 0.00677387
1.47 0.00672871
1.475 0.006684
1.48 0.00663973
1.485 0.0065959
1.49 0.00655251
1.495 0.00650953
1.5 0.00646698
1.505 0.00642485
1.51 0.00638312
1.515 0.0063418
1.52 0.00630087
1.525 0.00626035
1.53 0.00622021
1.535 0.00618045
1.54 0.00614108
1.545 0.00610208
1.55 0.00606345
1.555 0.00602518
1.56 0.00598727
1.565 0.00594972
1.57 0.00591253
1.575 0.00587568
1.58 0.00583917
1.585 0.005803
1.59 0.00576717
1.595 0.00573166
1.6 0.00569649
1.605 0.00566163
1.61 0.00562709
1.615 0.00559287
1.62 0.00555896
1.625 0.00552536
1.63 0.00549206
1.635 0.00545906
1.64 0.00542635
1.645 0.00539394
1.65 0.00536182
1.655 0.00532998
1.66 0.00529843
1.665 0.00526715
1.67 0.00523615
1.675 0.00520543
1.68 0.00517497
1.685 0.00514478
1.69 0.00511485
1.695 0.00508518
1.7 0.00505577
1.705 0.00502661
1.71 0.0049977
1.715 0.00496905
1.72 0.00494063
1.725 0.00491247
1.73 0.00488454
1.735 0.00485684
1.74 0.00482939
1.745 0.00480216
1.75 0.00477516
1.755 0.00474839
1.76 0.00472185
1.765 0.00469553
1.77 0.00466942
1.775 0.00464353
1.78 0.00461786
1.785 0.0045924
1.79 0.00456715
1.795 0.0045421
1.8 0.00451727
1.805 0.00449263
1.81 0.0044682
1.815 0.00444396
1.82 0.00441992
1.825 0.00439607
1.83 0.00437242
1.835 0.00434896
1.84 0.00432568
1.845 0.00430259
1.85 0.00427969
1.855 0.00425697
1.86 0.00423443
1.865 0.00421206
1.87 0.00418988
1.875 0.00416786
1.88 0.00414602
1.885 0.00412436
1.89 0.00410286
1.895 0.00408152
1.9 0.00406036
1.905 0.00403936
1.91 0.00401852
1.915 0.00399784
1.92 0.00397732
1.925 0.00395696
1.93 0.00393675
1.935 0.0039167
1.94 0.0038968
1.945 0.00387705
1.95 0.00385745
1.955 0.003838
1.96 0.0038187
1.965 0.00379954
1.97 0.00378052
1.975 0.00376165
1.98 0.00374292
1.985 0.00372433
1.99 0.00370587
1.995 0.00368755
2 0.00366937
2.005 0.00365132
2.01 0.00363341
2.015 0.00361562
2.02 0.00359797
2.025 0.00358044
2.03 0.00356305
2.035 0.00354577
2.04 0.00352863
2.045 0.00351161
2.05 0.00349471
2.055 0.00347793
2.06 0.00346127
2.065 0.00344473
2.07 0.00342831
2.075 0.00341201
2.08 0.00339583
2.085 0.00337975
2.09 0.00336379
2.095 0.00334795
2.1 0.00333222
2.105 0.00331659
2.11 0.00330108
2.115 0.00328567
2.12 0.00327037
2.125 0.00325518
2.13 0.0032401
2.135 0.00322512
2.14 0.00321024
2.145 0.00319546
2.15 0.00318079
2.155 0.00316622
2.16 0.00315174
2.165 0.00313737
2.17 0.0031231
2.175 0.00310892
2.18 0.00309483
2.185 0.00308085
2.19 0.00306695
2.195 0.00305316
2.2 0.00303945
2.205 0.00302584
2.21 0.00301231
2.215 0.00299888
2.22 0.00298554
2.225 0.00297228
2.23 0.00295912
2.235 0.00294604
2.24 0.00293305
2.245 0.00292014
2.25 0.00290732
2.255 0.00289458
2.26 0.00288193
2.265 0.00286936
2.27 0.00285687
2.275 0.00284446
2.28 0.00283213
2.285 0.00281989
2.29 0.00280772
2.295 0.00279563
2.3 0.00278362
2.305 0.00277168
2.31 0.00275982
2.315 0.00274804
2.32 0.00273634
2.325 0.0027247
2.33 0.00271315
2.335 0.00270166
2.34 0.00269025
2.345 0.00267891
2.35 0.00266764
2.355 0.00265644
2.36 0.00264531
2.365 0.00263426
2.37 0.00262327
2.375 0.00261235
2.38 0.0026015
2.385 0.00259071
2.39 0.00257999
2.395 0.00256934
2.4 0.00255876
2.405 0.00254824
2.41 0.00253778
2.415 0.00252739
2.42 0.00251706
2.425 0.0025068
2.43 0.0024966
2.435 0.00248646
2.44 0.00247638
2.445 0.00246636
2.45 0.00245641
2.455 0.00244651
2.46 0.00243667
2.465 0.0024269
2.47 0.00241718
2.475 0.00240752
2.48 0.00239791
2.485 0.00238837
2.49 0.00237888
2.495 0.00236945
2.5 0.00236007
2.505 0.00235075
2.51 0.00234148
2.515 0.00233227
2.52 0.00232312
2.525 0.00231401
2.53 0.00230496
2.535 0.00229597
2.54 0.00228702
2.545 0.00227813
2.55 0.00226929
2.555 0.0022605
2.56 0.00225176
2.565 0.00224308
2.57 0.00223444
2.575 0.00222585
2.58 0.00221731
2.585 0.00220882
2.59 0.00220038
2.595 0.00219199
2.6 0.00218365
2.605 0.00217535
2.61 0.0021671
2.615 0.0021589
2.62 0.00215074
2.625 0.00214263
2.63 0.00213457
2.635 0.00212655
2.64 0.00211857
2.645 0.00211064
2.65 0.00210276
2.655 0.00209492
2.66 0.00208712
2.665 0.00207937
2.67 0.00207166
2.675 0.00206399
2.68 0.00205637
2.685 0.00204878
2.69 0.00204124
2.695 0.00203374
2.7 0.00202628
2.705 0.00201887
2.71 0.00201149
2.715 0.00200415
2.72 0.00199686
2.725 0.0019896
2.73 0.00198238
2.735 0.0019752
2.74 0.00196807
2.745 0.00196096
2.75 0.0019539
2.755 0.00194688
2.76 0.00193989
2.765 0.00193294
2.77 0.00192603
2.775 0.00191916
2.78 0.00191232
2.785 0.00190552
2.79 0.00189875
2.795 0.00189202
2.8 0.00188533
2.805 0.00187867
2.81 0.00187205
2.815 0.00186546
2.82 0.00185891
2.825 0.00185239
2.83 0.0018459
2.835 0.00183945
2.84 0.00183304
2.845 0.00182665
2.85 0.0018203
2.855 0.00181399
2.86 0.0018077
2.865 0.00180145
2.87 0.00179523
2.875 0.00178904
2.88 0.00178289
2.885 0.00177677
2.89 0.00177067
2.895 0.00176461
2.9 0.00175858
2.905 0.00175258
2.91 0.00174662
2.915 0.00174068
2.92 0.00173477
2.925 0.00172889
2.93 0.00172304
2.935 0.00171723
2.94 0.00171144
2.945 0.00170568
2.95 0.00169995
2.955 0.00169425
2.96 0.00168857
2.965 0.00168293
2.97 0.00167731
2.975 0.00167172
2.98 0.00166616
2.985 0.00166063
2.99 0.00165513
2.995 0.00164965
3 0.0016442
3.005 0.00163877
3.01 0.00163338
3.015 0.001628
3.02 0.00162266
3.025 0.00161734
3.03 0.00161205
3.035 0.00160679
3.04 0.00160155
3.045 0.00159633
3.05 0.00159114
3.055 0.00158598
3.06 0.00158084
3.065 0.00157573
3.07 0.00157064
3.075 0.00156557
3.08 0.00156053
3.085 0.00155552
3.09 0.00155053
3.095 0.00154556
3.1 0.00154061
3.105 0.00153569
3.11 0.0015308
3.115 0.00152592
3.12 0.00152107
3.125 0.00151625
3.13 0.00151144
3.135 0.00150666
3.14 0.0015019
3.145 0.00149717
3.15 0.00149245
3.155 0.00148776
3.16 0.00148309
3.165 0.00147845
3.17 0.00147382
3.175 0.00146922
3.18 0.00146463
3.185 0.00146007
3.19 0.00145553
3.195 0.00145101
3.2 0.00144652
3.205 0.00144204
3.21 0.00143758
3.215 0.00143315
3.22 0.00142873
3.225 0.00142434
3.23 0.00141997
3.235 0.00141561
3.24 0.00141128
3.245 0.00140696
3.25 0.00140267
3.255 0.00139839
3.26 0.00139414
3.265 0.0013899
3.27 0.00138569
3.275 0.00138149
3.28 0.00137731
3.285 0.00137315
3.29 0.00136901
3.295 0.00136489
3.3 0.00136078
3.305 0.0013567
3.31 0.00135263
3.315 0.00134858
3.32 0.00134455
3.325 0.00134054
3.33 0.00133655
3.335 0.00133257
3.34 0.00132861
3.345 0.00132467
3.35 0.00132075
3.355 0.00131684
3.36 0.00131295
3.365 0.00130908
3.37 0.00130522
3.375 0.00130139
3.38 0.00129757
3.385 0.00129376
3.39 0.00128997
3.395 0.0012862
3.4 0.00128245
3.405 0.00127871
3.41 0.00127499
3.415 0.00127128
3.42 0.0012676
3.425 0.00126392
3.43 0.00126026
3.435 0.00125662
3.44 0.001253
3.445 0.00124939
3.45 0.00124579
3.455 0.00124221
3.46 0.00123865
3.465 0.0012351
3.47 0.00123157
3.475 0.00122805
3.48 0.00122455
3.485 0.00122106
3.49 0.00121759
3.495 0.00121413
3.5 0.00121069
3.505 0.00120726
3.51 0.00120384
3.515 0.00120044
3.52 0.00119706
3.525 0.00119369
3.53 0.00119033
3.535 0.00118699
3.54 0.00118366
3.545 0.00118034
3.55 0.00117704
3.555 0.00117376
3.56 0.00117048
3.565 0.00116722
3.57 0.00116398
3.575 0.00116075
3.58 0.00115753
3.585 0.00115432
3.59 0.00115113
3.595 0.00114795
3.6 0.00114478
3.605 0.00114163
3.61 0.00113849
3.615 0.00113536
3.62 0.00113225
3.625 0.00112915
3.63 0.00112606
3.635 0.00112298
3.64 0.00111992
3.645 0.00111687
3.65 0.00111383
3.655 0.0011108
3.66 0.00110779
3.665 0.00110479
3.67 0.0011018
3.675 0.00109882
3.68 0.00109586
3.685 0.0010929
3.69 0.00108996
3.695 0.00108703
3.7 0.00108412
3.705 0.00108121
3.71 0.00107832
3.715 0.00107543
3.72 0.00107256
3.725 0.0010697
3.73 0.00106686
3.735 0.00106402
3.74 0.00106119
3.745 0.00105838
3.75 0.00105558
3.755 0.00105278
3.76 0.00105
3.765 0.00104723
3.77 0.00104447
3.775 0.00104173
3.78 0.00103899
3.785 0.00103626
3.79 0.00103355
3.795 0.00103084
3.8 0.00102815
3.805 0.00102546
3.81 0.00102279
3.815 0.00102013
3.82 0.00101747
3.825 0.00101483
3.83 0.0010122
3.835 0.00100958
3.84 0.00100697
3.845 0.00100436
3.85 0.00100177
3.855 0.000999191
3.86 0.00099662
3.865 0.000994058
3.87 0.000991506
3.875 0.000988965
3.88 0.000986432
3.885 0.00098391
3.89 0.000981397
3.895 0.000978894
3.9 0.0009764
3.905 0.000973916
3.91 0.000971442
3.915 0.000968977
3.92 0.000966521
3.925 0.000964074
3.93 0.000961637
3.935 0.000959209
3.94 0.00095679
3.945 0.000954381
3.95 0.00095198
3.955 0.000949588
3.96 0.000947206
3.965 0.000944832
3.97 0.000942468
3.975 0.000940112
3.98 0.000937765
3.985 0.000935427
3.99 0.000933097
3.995 0.000930776
4 0.000928464
4.005 0.000926161
4.01 0.000923866
4.015 0.000921579
4.02 0.000919301
4.025 0.000917032
4.03 0.000914771
4.035 0.000912518
4.04 0.000910273
4.045 0.000908037
4.05 0.000905809
4.055 0.000903589
4.06 0.000901377
4.065 0.000899174
4.07 0.000896978
4.075 0.000894791
4.08 0.000892611
4.085 0.00089044
4.09 0.000888276
4.095 0.000886121
4.1 0.000883973
4.105 0.000881833
4.11 0.0008797
4.115 0.000877576
4.12 0.000875459
4.125 0.000873349
4.13 0.000871248
4.135 0.000869154
4.14 0.000867067
4.145 0.000864988
4.15 0.000862917
4.155 0.000860852
4.16 0.000858796
4.165 0.000856746
4.17 0.000854704
4.175 0.000852669
4.18 0.000850642
4.185 0.000848622
4.19 0.000846608
4.195 0.000844603
4.2 0.000842604
4.205 0.000840612
4.21 0.000838627
4.215 0.00083665
4.22 0.000834679
4.225 0.000832715
4.23 0.000830758
4.235 0.000828808
4.24 0.000826865
4.245 0.000824929
4.25 0.000823
4.255 0.000821077
4.26 0.000819161
4.265 0.000817252
4.27 0.000815349
4.275 0.000813453
4.28 0.000811564
4.285 0.000809681
4.29 0.000807805
4.295 0.000805935
4.3 0.000804072
4.305 0.000802215
4.31 0.000800364
4.315 0.00079852
4.32 0.000796683
4.325 0.000794852
4.33 0.000793027
4.335 0.000791208
4.34 0.000789395
4.345 0.000787589
4.35 0.000785789
4.355 0.000783995
4.36 0.000782208
4.365 0.000780426
4.37 0.00077865
4.375 0.000776881
4.38 0.000775117
4.385 0.00077336
4.39 0.000771608
4.395 0.000769863
4.4 0.000768123
4.405 0.000766389
4.41 0.000764661
4.415 0.000762939
4.42 0.000761223
4.425 0.000759513
4.43 0.000757808
4.435 0.000756109
4.44 0.000754416
4.445 0.000752728
4.45 0.000751046
4.455 0.00074937
4.46 0.000747699
4.465 0.000746034
4.47 0.000744374
4.475 0.00074272
4.48 0.000741072
4.485 0.000739429
4.49 0.000737791
4.495 0.000736159
4.5 0.000734532
4.505 0.000732911
4.51 0.000731295
4.515 0.000729684
4.52 0.000728079
4.525 0.000726479
4.53 0.000724884
4.535 0.000723294
4.54 0.00072171
4.545 0.000720131
4.55 0.000718557
4.555 0.000716988
4.56 0.000715424
4.565 0.000713866
4.57 0.000712312
4.575 0.000710764
4.58 0.000709221
4.585 0.000707682
4.59 0.000706149
4.595 0.000704621
4.6 0.000703097
4.605 0.000701579
4.61 0.000700065
4.615 0.000698556
4.62 0.000697053
4.625 0.000695554
4.63 0.00069406
4.635 0.00069257
4.64 0.000691086
4.645 0.000689606
4.65 0.000688131
4.655 0.000686661
4.66 0.000685195
4.665 0.000683734
4.67 0.000682278
4.675 0.000680826
4.68 0.000679379
4.685 0.000677937
4.69 0.000676499
4.695 0.000675066
4.7 0.000673637
4.705 0.000672213
4.71 0.000670794
4.715 0.000669379
4.72 0.000667968
4.725 0.000666562
4.73 0.00066516
4.735 0.000663763
4.74 0.00066237
4.745 0.000660981
4.75 0.000659597
4.755 0.000658217
4.76 0.000656842
4.765 0.00065547
4.77 0.000654103
4.775 0.000652741
4.78 0.000651382
4.785 0.000650028
4.79 0.000648678
4.795 0.000647333
4.8 0.000645991
4.805 0.000644654
4.81 0.00064332
4.815 0.000641991
4.82 0.000640666
4.825 0.000639345
4.83 0.000638028
4.835 0.000636716
4.84 0.000635407
4.845 0.000634102
4.85 0.000632802
4.855 0.000631505
4.86 0.000630212
4.865 0.000628923
4.87 0.000627639
4.875 0.000626358
4.88 0.000625081
4.885 0.000623808
4.89 0.000622539
4.895 0.000621273
4.9 0.000620012
4.905 0.000618754
4.91 0.000617501
4.915 0.000616251
4.92 0.000615004
4.925 0.000613762
4.93 0.000612523
4.935 0.000611288
4.94 0.000610057
4.945 0.00060883
4.95 0.000607606
4.955 0.000606386
4.96 0.00060517
4.965 0.000603957
4.97 0.000602748
4.975 0.000601542
4.98 0.00060034
4.985 0.000599142
4.99 0.000597948
4.995 0.000596756
5 0.000595569
5.005 0.000594385
5.01 0.000593204
5.015 0.000592027
5.02 0.000590854
5.025 0.000589684
5.03 0.000588517
5.035 0.000587354
5.04 0.000586195
5.045 0.000585039
5.05 0.000583886
5.055 0.000582736
5.06 0.00058159
5.065 0.000580448
5.07 0.000579309
5.075 0.000578173
5.08 0.00057704
5.085 0.000575911
5.09 0.000574785
5.095 0.000573662
5.1 0.000572543
5.105 0.000571427
5.11 0.000570314
5.115 0.000569205
5.12 0.000568098
5.125 0.000566995
5.13 0.000565895
5.135 0.000564799
5.14 0.000563705
5.145 0.000562615
5.15 0.000561528
5.155 0.000560444
5.16 0.000559363
5.165 0.000558285
5.17 0.00055721
5.175 0.000556139
5.18 0.00055507
5.185 0.000554005
5.19 0.000552943
5.195 0.000551883
5.2 0.000550827
5.205 0.000549774
5.21 0.000548724
5.215 0.000547677
5.22 0.000546632
5.225 0.000545591
5.23 0.000544553
5.235 0.000543518
5.24 0.000542485
5.245 0.000541456
5.25 0.00054043
5.255 0.000539406
5.26 0.000538385
5.265 0.000537368
5.27 0.000536353
5.275 0.000535341
5.28 0.000534332
5.285 0.000533325
5.29 0.000532322
5.295 0.000531321
5.3 0.000530324
5.305 0.000529329
5.31 0.000528336
5.315 0.000527347
5.32 0.00052636
5.325 0.000525377
5.33 0.000524395
5.335 0.000523417
5.34 0.000522441
5.345 0.000521469
5.35 0.000520498
5.355 0.000519531
5.36 0.000518566
5.365 0.000517604
5.37 0.000516645
5.375 0.000515688
5.38 0.000514734
5.385 0.000513782
5.39 0.000512833
5.395 0.000511887
5.4 0.000510944
5.405 0.000510003
5.41 0.000509064
5.415 0.000508129
5.42 0.000507195
5.425 0.000506265
5.43 0.000505337
5.435 0.000504411
5.44 0.000503488
5.445 0.000502568
5.45 0.00050165
5.455 0.000500734
5.46 0.000499821
5.465 0.000498911
5.47 0.000498003
5.475 0.000497097
5.48 0.000496194
5.485 0.000495294
5.49 0.000494396
5.495 0.0004935
5.5 0.000492607
5.505 0.000491716
5.51 0.000490828
5.515 0.000489942
5.52 0.000489058
5.525 0.000488177
5.53 0.000487298
5.535 0.000486422
5.54 0.000485548
5.545 0.000484676
5.55 0.000483807
5.555 0.000482939
5.56 0.000482075
5.565 0.000481212
5.57 0.000480352
5.575 0.000479494
5.58 0.000478639
5.585 0.000477786
5.59 0.000476935
5.595 0.000476086
5.6 0.00047524
5.605 0.000474396
5.61 0.000473554
5.615 0.000472714
5.62 0.000471877
5.625 0.000471041
5.63 0.000470209
5.635 0.000469378
5.64 0.000468549
5.645 0.000467723
5.65 0.000466899
5.655 0.000466077
5.66 0.000465257
5.665 0.000464439
5.67 0.000463623
5.675 0.00046281
5.68 0.000461999
5.685 0.00046119
5.69 0.000460383
5.695 0.000459578
5.7 0.000458775
5.705 0.000457974
5.71 0.000457176
5.715 0.000456379
5.72 0.000455585
5.725 0.000454793
5.73 0.000454002
5.735 0.000453214
5.74 0.000452428
5.745 0.000451644
5.75 0.000450862
5.755 0.000450082
5.76 0.000449304
5.765 0.000448528
5.77 0.000447754
5.775 0.000446982
5.78 0.000446211
5.785 0.000445443
5.79 0.000444677
5.795 0.000443913
5.8 0.000443151
5.805 0.000442391
5.81 0.000441633
5.815 0.000440877
5.82 0.000440122
5.825 0.00043937
5.83 0.00043862
5.835 0.000437871
5.84 0.000437124
5.845 0.00043638
5.85 0.000435637
5.855 0.000434896
5.86 0.000434157
5.865 0.00043342
5.87 0.000432685
5.875 0.000431951
5.88 0.00043122
5.885 0.00043049
5.89 0.000429762
5.895 0.000429036
5.9 0.000428312
5.905 0.00042759
5.91 0.000426869
5.915 0.000426151
5.92 0.000425434
5.925 0.000424719
5.93 0.000424006
5.935 0.000423294
5.94 0.000422584
5.945 0.000421877
5.95 0.00042117
5.955 0.000420466
5.96 0.000419764
5.965 0.000419063
5.97 0.000418364
5.975 0.000417666
5.98 0.000416971
5.985 0.000416277
5.99 0.000415585
5.995 0.000414895
6 0.000414206
6.005 0.000413519
6.01 0.000412834
6.015 0.00041215
6.02 0.000411468
6.025 0.000410788
6.03 0.00041011
6.035 0.000409433
6.04 0.000408758
6.045 0.000408085
6.05 0.000407413
6.055 0.000406743
6.06 0.000406074
6.065 0.000405407
6.07 0.000404742
6.075 0.000404079
6.08 0.000403417
6.085 0.000402756
6.09 0.000402098
6.095 0.000401441
6.1 0.000400785
6.105 0.000400131
6.11 0.000399479
6.115 0.000398829
6.12 0.00039818
6.125 0.000397532
6.13 0.000396886
6.135 0.000396242
6.14 0.000395599
6.145 0.000394958
6.15 0.000394318
6.155 0.00039368
6.16 0.000393044
6.165 0.000392409
6.17 0.000391775
6.175 0.000391143
6.18 0.000390513
6.185 0.000389884
6.19 0.000389257
6.195 0.000388631
6.2 0.000388006
6.205 0.000387384
6.21 0.000386762
6.215 0.000386142
6.22 0.000385524
6.225 0.000384907
6.23 0.000384292
6.235 0.000383678
6.24 0.000383066
6.245 0.000382455
6.25 0.000381845
6.255 0.000381237
6.26 0.00038063
6.265 0.000380025
6.27 0.000379421
6.275 0.000378819
6.28 0.000378218
6.285 0.000377619
6.29 0.000377021
6.295 0.000376424
6.3 0.000375829
6.305 0.000375235
6.31 0.000374643
6.315 0.000374052
6.32 0.000373463
6.325 0.000372874
6.33 0.000372288
6.335 0.000371702
6.34 0.000371118
6.345 0.000370536
6.35 0.000369954
6.355 0.000369374
6.36 0.000368796
6.365 0.000368219
6.37 0.000367643
6.375 0.000367068
6.38 0.000366495
6.385 0.000365924
6.39 0.000365353
6.395 0.000364784
6.4 0.000364216
6.405 0.00036365
6.41 0.000363085
6.415 0.000362521
6.42 0.000361958
6.425 0.000361397
6.43 0.000360837
6.435 0.000360279
6.44 0.000359721
6.445 0.000359165
6.45 0.00035861
6.455 0.000358057
6.46 0.000357505
6.465 0.000356954
6.47 0.000356404
6.475 0.000355856
6.48 0.000355309
6.485 0.000354763
6.49 0.000354219
6.495 0.000353675
6.5 0.000353133
6.505 0.000352592
6.51 0.000352053
6.515 0.000351514
6.52 0.000350977
6.525 0.000350442
6.53 0.000349907
6.535 0.000349373
6.54 0.000348841
6.545 0.00034831
6.55 0.00034778
6.555 0.000347252
6.56 0.000346725
6.565 0.000346198
6.57 0.000345673
6.575 0.00034515
6.58 0.000344627
6.585 0.000344106
6.59 0.000343585
6.595 0.000343066
6.6 0.000342549
6.605 0.000342032
6.61 0.000341516
6.615 0.000341002
6.62 0.000340489
6.625 0.000339977
6.63 0.000339466
6.635 0.000338956
6.64 0.000338447
6.645 0.00033794
6.65 0.000337434
6.655 0.000336929
6.66 0.000336425
6.665 0.000335922
6.67 0.00033542
6.675 0.000334919
6.68 0.00033442
6.685 0.000333921
6.69 0.000333424
6.695 0.000332928
6.7 0.000332433
6.705 0.000331939
6.71 0.000331446
6.715 0.000330954
6.72 0.000330463
6.725 0.000329974
6.73 0.000329485
6.735 0.000328998
6.74 0.000328511
6.745 0.000328026
6.75 0.000327542
6.755 0.000327059
6.76 0.000326577
6.765 0.000326096
6.77 0.000325616
6.775 0.000325137
6.78 0.000324659
6.785 0.000324182
6.79 0.000323707
6.795 0.000323232
6.8 0.000322758
6.805 0.000322286
6.81 0.000321814
6.815 0.000321344
6.82 0.000320874
6.825 0.000320406
6.83 0.000319938
6.835 0.000319472
6.84 0.000319006
6.845 0.000318542
6.85 0.000318079
6.855 0.000317616
6.86 0.000317155
6.865 0.000316695
6.87 0.000316235
6.875 0.000315777
6.88 0.00031532
6.885 0.000314863
6.89 0.000314408
6.895 0.000313954
6.9 0.0003135
6.905 0.000313048
6.91 0.000312596
6.915 0.000312146
6.92 0.000311696
6.925 0.000311248
6.93 0.0003108
6.935 0.000310354
6.94 0.000309908
6.945 0.000309463
6.95 0.00030902
6.955 0.000308577
6.96 0.000308135
6.965 0.000307694
6.97 0.000307254
6.975 0.000306815
6.98 0.000306377
6.985 0.00030594
6.99 0.000305504
6.995 0.000305069
7 0.000304635
7.005 0.000304201
7.01 0.000303769
7.015 0.000303337
7.02 0.000302907
7.025 0.000302477
7.03 0.000302048
7.035 0.00030162
7.04 0.000301194
7.045 0.000300767
7.05 0.000300342
7.055 0.000299918
7.06 0.000299495
7.065 0.000299072
7.07 0.000298651
7.075 0.00029823
7.08 0.00029781
7.085 0.000297391
7.09 0.000296973
7.095 0.000296556
7.1 0.00029614
7.105 0.000295725
7.11 0.00029531
7.115 0.000294897
7.12 0.000294484
7.125 0.000294072
7.13 0.000293661
7.135 0.000293251
7.14 0.000292841
7.145 0.000292433
7.15 0.000292025
7.155 0.000291619
7.16 0.000291213
7.165 0.000290808
7.17 0.000290403
7.175 0.00029
7.18 0.000289598
7.185 0.000289196
7.19 0.000288795
7.195 0.000288395
7.2 0.000287996
7.205 0.000287597
7.21 0.0002872
7.215 0.000286803
7.22 0.000286407
7.225 0.000286012
7.23 0.000285618
7.235 0.000285225
7.24 0.000284832
7.245 0.00028444
7.25 0.000284049
7.255 0.000283659
7.26 0.000283269
7.265 0.000282881
7.27 0.000282493
7.275 0.000282106
7.28 0.00028172
7.285 0.000281334
7.29 0.00028095
7.295 0.000280566
7.3 0.000280183
7.305 0.000279801
7.31 0.000279419
7.315 0.000279038
7.32 0.000278659
7.325 0.000278279
7.33 0.000277901
7.335 0.000277523
7.34 0.000277147
7.345 0.00027677
7.35 0.000276395
7.355 0.000276021
7.36 0.000275647
7.365 0.000275274
7.37 0.000274902
7.375 0.00027453
7.38 0.000274159
7.385 0.000273789
7.39 0.00027342
7.395 0.000273051
7.4 0.000272684
7.405 0.000272317
7.41 0.00027195
7.415 0.000271585
7.42 0.00027122
7.425 0.000270856
7.43 0.000270493
7.435 0.00027013
7.44 0.000269768
7.445 0.000269407
7.45 0.000269046
7.455 0.000268687
7.46 0.000268328
7.465 0.000267969
7.47 0.000267612
7.475 0.000267255
7.48 0.000266899
7.485 0.000266544
7.49 0.000266189
7.495 0.000265835
7.5 0.000265482
7.505 0.000265129
7.51 0.000264777
7.515 0.000264426
7.52 0.000264075
7.525 0.000263726
7.53 0.000263376
7.535 0.000263028
7.54 0.00026268
7.545 0.000262333
7.55 0.000261987
7.555 0.000261641
7.56 0.000261296
7.565 0.000260952
7.57 0.000260608
7.575 0.000260266
7.58 0.000259923
7.585 0.000259582
7.59 0.000259241
7.595 0.000258901
7.6 0.000258561
7.605 0.000258222
7.61 0.000257884
7.615 0.000257546
7.62 0.000257209
7.625 0.000256873
7.63 0.000256538
7.635 0.000256203
7.64 0.000255868
7.645 0.000255535
7.65 0.000255202
7.655 0.000254869
7.66 0.000254538
7.665 0.000254207
7.67 0.000253876
7.675 0.000253547
7.68 0.000253218
7.685 0.000252889
7.69 0.000252561
7.695 0.000252234
7.7 0.000251908
7.705 0.000251582
7.71 0.000251256
7.715 0.000250932
7.72 0.000250608
7.725 0.000250284
7.73 0.000249962
7.735 0.000249639
7.74 0.000249318
7.745 0.000248997
7.75 0.000248677
7.755 0.000248357
7.76 0.000248038
7.765 0.00024772
7.77 0.000247402
7.775 0.000247085
7.78 0.000246768
7.785 0.000246452
7.79 0.000246137
7.795 0.000245822
7.8 0.000245508
7.805 0.000245194
7.81 0.000244881
7.815 0.000244569
7.82 0.000244257
7.825 0.000243946
7.83 0.000243635
7.835 0.000243325
7.84 0.000243016
7.845 0.000242707
7.85 0.000242399
7.855 0.000242091
7.86 0.000241784
7.865 0.000241478
7.87 0.000241172
7.875 0.000240866
7.88 0.000240562
7.885 0.000240258
7.89 0.000239954
7.895 0.000239651
7.9 0.000239349
7.905 0.000239047
7.91 0.000238745
7.915 0.000238445
7.92 0.000238145
7.925 0.000237845
7.93 0.000237546
7.935 0.000237248
7.94 0.00023695
7.945 0.000236652
7.95 0.000236356
7.955 0.000236059
7.96 0.000235764
7.965 0.000235469
7.97 0.000235174
7.975 0.00023488
7.98 0.000234587
7.985 0.000234294
7.99 0.000234001
7.995 0.00023371
8 0.000233418
8.005 0.000233128
8.01 0.000232837
8.015 0.000232548
8.02 0.000232259
8.025 0.00023197
8.03 0.000231682
8.035 0.000231395
8.04 0.000231108
8.045 0.000230821
8.05 0.000230536
8.055 0.00023025
8.06 0.000229965
8.065 0.000229681
8.07 0.000229397
8.075 0.000229114
8.08 0.000228831
8.085 0.000228549
8.09 0.000228268
8.095 0.000227986
8.1 0.000227706
8.105 0.000227426
8.11 0.000227146
8.115 0.000226867
8.12 0.000226589
8.125 0.00022631
8.13 0.000226033
8.135 0.000225756
8.14 0.000225479
8.145 0.000225203
8.15 0.000224928
8.155 0.000224653
8.16 0.000224378
8.165 0.000224104
8.17 0.000223831
8.175 0.000223558
8.18 0.000223285
8.185 0.000223013
8.19 0.000222742
8.195 0.000222471
8.2 0.0002222
8.205 0.00022193
8.21 0.000221661
8.215 0.000221392
8.22 0.000221123
8.225 0.000220855
8.23 0.000220588
8.235 0.000220321
8.24 0.000220054
8.245 0.000219788
8.25 0.000219522
8.255 0.000219257
8.26 0.000218993
8.265 0.000218728
8.27 0.000218465
8.275 0.000218201
8.28 0.000217939
8.285 0.000217676
8.29 0.000217415
8.295 0.000217153
8.3 0.000216892
8.305 0.000216632
8.31 0.000216372
8.315 0.000216113
8.32 0.000215854
8.325 0.000215595
8.33 0.000215337
8.335 0.000215079
8.34 0.000214822
8.345 0.000214566
8.35 0.000214309
8.355 0.000214054
8.36 0.000213798
8.365 0.000213543
8.37 0.000213289
8.375 0.000213035
8.38 0.000212782
8.385 0.000212529
8.39 0.000212276
8.395 0.000212024
8.4 0.000211772
8.405 0.000211521
8.41 0.00021127
8.415 0.00021102
8.42 0.00021077
8.425 0.000210521
8.43 0.000210272
8.435 0.000210023
8.44 0.000209775
8.445 0.000209527
8.45 0.00020928
8.455 0.000209033
8.46 0.000208787
8.465 0.000208541
8.47 0.000208295
8.475 0.00020805
8.48 0.000207806
8.485 0.000207561
8.49 0.000207318
8.495 0.000207074
8.5 0.000206831
8.505 0.000206589
8.51 0.000206347
8.515 0.000206105
8.52 0.000205864
8.525 0.000205623
8.53 0.000205383
8.535 0.000205143
8.54 0.000204903
8.545 0.000204664
8.55 0.000204425
8.555 0.000204187
8.56 0.000203949
8.565 0.000203712
8.57 0.000203475
8.575 0.000203238
8.58 0.000203002
8.585 0.000202766
8.59 0.000202531
8.595 0.000202296
8.6 0.000202061
8.605 0.000201827
8.61 0.000201593
8.615 0.00020136
8.62 0.000201127
8.625 0.000200894
8.63 0.000200662
8.635 0.000200431
8.64 0.000200199
8.645 0.000199968
8.65 0.000199738
8.655 0.000199508
8.66 0.000199278
8.665 0.000199049
8.67 0.00019882
8.675 0.000198591
8.68 0.000198363
8.685 0.000198135
8.69 0.000197908
8.695 0.000197681
8.7 0.000197454
8.705 0.000197228
8.71 0.000197002
8.715 0.000196777
8.72 0.000196552
8.725 0.000196327
8.73 0.000196103
8.735 0.000195879
8.74 0.000195656
8.745 0.000195432
8.75 0.00019521
8.755 0.000194987
8.76 0.000194765
8.765 0.000194544
8.77 0.000194323
8.775 0.000194102
8.78 0.000193881
8.785 0.000193661
8.79 0.000193441
8.795 0.000193222
8.8 0.000193003
8.805 0.000192785
8.81 0.000192566
8.815 0.000192348
8.82 0.000192131
8.825 0.000191914
8.83 0.000191697
8.835 0.000191481
8.84 0.000191265
8.845 0.000191049
8.85 0.000190834
8.855 0.000190619
8.86 0.000190404
8.865 0.00019019
8.87 0.000189976
8.875 0.000189763
8.88 0.00018955
8.885 0.000189337
8.89 0.000189125
8.895 0.000188912
8.9 0.000188701
8.905 0.000188489
8.91 0.000188279
8.915 0.000188068
8.92 0.000187858
8.925 0.000187648
8.93 0.000187438
8.935 0.000187229
8.94 0.00018702
8.945 0.000186812
8.95 0.000186603
8.955 0.000186396
8.96 0.000186188
8.965 0.000185981
8.97 0.000185774
8.975 0.000185568
8.98 0.000185362
8.985 0.000185156
8.99 0.000184951
8.995 0.000184745
9 0.000184541
9.005 0.000184336
9.01 0.000184132
9.015 0.000183929
9.02 0.000183725
9.025 0.000183522
9.03 0.00018332
9.035 0.000183117
9.04 0.000182915
9.045 0.000182713
9.05 0.000182512
9.055 0.000182311
9.06 0.00018211
9.065 0.00018191
9.07 0.00018171
9.075 0.00018151
9.08 0.000181311
9.085 0.000181112
9.09 0.000180913
9.095 0.000180715
9.1 0.000180517
9.105 0.000180319
9.11 0.000180122
9.115 0.000179925
9.12 0.000179728
9.125 0.000179531
9.13 0.000179335
9.135 0.000179139
9.14 0.000178944
9.145 0.000178749
9.15 0.000178554
9.155 0.000178359
9.16 0.000178165
9.165 0.000177971
9.17 0.000177778
9.175 0.000177584
9.18 0.000177392
9.185 0.000177199
9.19 0.000177007
9.195 0.000176815
9.2 0.000176623
9.205 0.000176432
9.21 0.000176241
9.215 0.00017605
9.22 0.000175859
9.225 0.000175669
9.23 0.000175479
9.235 0.00017529
9.24 0.000175101
9.245 0.000174912
9.25 0.000174723
9.255 0.000174535
9.26 0.000174347
9.265 0.000174159
9.27 0.000173972
9.275 0.000173785
9.28 0.000173598
9.285 0.000173411
9.29 0.000173225
9.295 0.000173039
9.3 0.000172854
9.305 0.000172668
9.31 0.000172484
9.315 0.000172299
9.32 0.000172114
9.325 0.00017193
9.33 0.000171747
9.335 0.000171563
9.34 0.00017138
9.345 0.000171197
9.35 0.000171014
9.355 0.000170832
9.36 0.00017065
9.365 0.000170468
9.37 0.000170287
9.375 0.000170106
9.38 0.000169925
9.385 0.000169744
9.39 0.000169564
9.395 0.000169384
9.4 0.000169204
9.405 0.000169025
9.41 0.000168845
9.415 0.000168666
9.42 0.000168488
9.425 0.00016831
9.43 0.000168132
9.435 0.000167954
9.44 0.000167776
9.445 0.000167599
9.45 0.000167422
9.455 0.000167246
9.46 0.000167069
9.465 0.000166893
9.47 0.000166717
9.475 0.000166542
9.48 0.000166367
9.485 0.000166192
9.49 0.000166017
9.495 0.000165843
9.5 0.000165669
9.505 0.000165495
9.51 0.000165321
9.515 0.000165148
9.52 0.000164975
9.525 0.000164802
9.53 0.00016463
9.535 0.000164457
9.54 0.000164285
9.545 0.000164114
9.55 0.000163942
9.555 0.000163771
9.56 0.0001636
9.565 0.00016343
9.57 0.000163259
9.575 0.000163089
9.58 0.000162919
9.585 0.00016275
9.59 0.000162581
9.595 0.000162412
9.6 0.000162243
9.605 0.000162074
9.61 0.000161906
9.615 0.000161738
9.62 0.00016157
9.625 0.000161403
9.63 0.000161236
9.635 0.000161069
9.64 0.000160902
9.645 0.000160736
9.65 0.00016057
9.655 0.000160404
9.66 0.000160238
9.665 0.000160073
9.67 0.000159908
9.675 0.000159743
9.68 0.000159578
9.685 0.000159414
9.69 0.00015925
9.695 0.000159086
9.7 0.000158922
9.705 0.000158759
9.71 0.000158596
9.715 0.000158433
9.72 0.00015827
9.725 0.000158108
9.73 0.000157946
9.735 0.000157784
9.74 0.000157622
9.745 0.000157461
9.75 0.0001573
9.755 0.000157139
9.76 0.000156979
9.765 0.000156818
9.77 0.000156658
9.775 0.000156498
9.78 0.000156339
9.785 0.000156179
9.79 0.00015602
9.795 0.000155861
9.8 0.000155703
9.805 0.000155544
9.81 0.000155386
9.815 0.000155228
9.82 0.00015507
9.825 0.000154913
9.83 0.000154756
9.835 0.000154599
9.84 0.000154442
9.845 0.000154285
9.85 0.000154129
9.855 0.000153973
9.86 0.000153817
9.865 0.000153662
9.87 0.000153507
9.875 0.000153352
9.88 0.000153197
9.885 0.000153042
9.89 0.000152888
9.895 0.000152734
9.9 0.00015258
9.905 0.000152426
9.91 0.000152273
9.915 0.000152119
9.92 0.000151966
9.925 0.000151814
9.93 0.000151661
9.935 0.000151509
9.94 0.000151357
9.945 0.000151205
9.95 0.000151053
9.955 0.000150902
9.96 0.000150751
9.965 0.0001506
9.97 0.000150449
9.975 0.000150299
9.98 0.000150149
9.985 0.000149999
9.99 0.000149849
9.995 0.000149699
