0, -nan 
0.001, 0.411748 
0.002, 0.121638 
0.003, 0.158221 
0.004, 0.363374 
0.005, 0.319468 
0.006, 0.330582 
0.007, 0.397684 
0.008, 0.138472 
0.009, 0.179538 
0.01, 0.149043 
0.011, 0.518637 
0.012, 0.099984 
0.013, 0.0269966 
0.014, 0.283469 
0.015, 0.436765 
0.016, 0.352684 
0.017, 0.228226 
0.018, 0.0376312 
0.019, 0.0131728 
0.02, 0.0619025 
0.021, 0.171575 
0.022, 0.335556 
0.023, 0.252437 
0.024, 0.454809 
0.025, 0.598255 
0.026, 0.58745 
0.027, 0.420259 
0.028, 0.34207 
0.029, 0.490457 
0.03, 0.217405 
0.031, 0.27727 
0.032, 0.26487 
0.033, 0.119377 
0.034, 0.0422778 
0.035, 0.0164551 
0.036, 0.00448561 
0.037, 4.19759e-05 
0.038, 0.00477831 
0.039, 0.00956764 
0.04, 0.00204385 
0.041, 0.010551 
0.042, 0.0675425 
0.043, 0.0712714 
0.044, 0.0258824 
0.045, 0.141226 
0.046, 0.120799 
0.047, 0.109197 
0.048, 0.238316 
0.049, 0.115433 
0.05, 0.311826 
0.051, 0.150418 
0.052, 0.366465 
0.053, 0.199564 
0.054, 0.385841 
0.055, 0.301841 
0.056, 0.324751 
0.057, 0.463469 
0.058, 0.265971 
0.059, 0.492168 
0.06, 0.43311 
0.061, 0.321088 
0.062, 0.56278 
0.063, 0.45935 
0.064, 0.345213 
0.065, 0.574742 
0.066, 0.552952 
0.067, 0.360606 
0.068, 0.495657 
0.069, 0.649901 
0.07, 0.48889 
0.071, 0.380831 
0.072, 0.556999 
0.073, 0.668945 
0.074, 0.515255 
0.075, 0.388607 
0.076, 0.509906 
0.077, 0.671943 
0.078, 0.620541 
0.079, 0.444921 
0.08, 0.404786 
0.081, 0.548828 
0.082, 0.677608 
0.083, 0.629033 
0.084, 0.470503 
0.085, 0.390303 
0.086, 0.471599 
0.087, 0.617352 
0.088, 0.673663 
0.089, 0.588724 
0.09, 0.448294 
0.091, 0.379871 
0.092, 0.436283 
0.093, 0.561342 
0.094, 0.649242 
0.095, 0.632683 
0.096, 0.527793 
0.097, 0.411814 
0.098, 0.362209 
0.099, 0.405492 
0.1, 0.506906 
0.101, 0.599521 
0.102, 0.627769 
0.103, 0.577566 
0.104, 0.478805 
0.105, 0.384084 
0.106, 0.339125 
0.107, 0.36119 
0.108, 0.434423 
0.109, 0.521154 
0.11, 0.581177 
0.111, 0.589186 
0.112, 0.543391 
0.113, 0.463414 
0.114, 0.380195 
0.115, 0.323166 
0.116, 0.30985 
0.117, 0.34118 
0.118, 0.40311 
0.119, 0.472921 
0.12, 0.527373 
0.121, 0.549848 
0.122, 0.5345 
0.123, 0.486716 
0.124, 0.420356 
0.125, 0.353086 
0.126, 0.30136 
0.127, 0.2764 
0.128, 0.282024 
0.129, 0.314545 
0.13, 0.364437 
0.131, 0.419091 
0.132, 0.465883 
0.133, 0.494834 
0.134, 0.500374 
0.135, 0.481983 
0.136, 0.443765 
0.137, 0.393196 
0.138, 0.339416 
0.139, 0.291432 
0.14, 0.256589 
0.141, 0.239498 
0.142, 0.241567 
0.143, 0.261097 
0.144, 0.293852 
0.145, 0.333949 
0.146, 0.374879 
0.147, 0.410495 
0.148, 0.435827 
0.149, 0.44764 
0.15, 0.444692 
0.151, 0.4277 
0.152, 0.399069 
0.153, 0.362434 
0.154, 0.322117 
0.155, 0.282565 
0.156, 0.247831 
0.157, 0.221171 
0.158, 0.204768 
0.159, 0.199596 
0.16, 0.20544 
0.161, 0.221015 
0.162, 0.244197 
0.163, 0.272289 
0.164, 0.30233 
0.165, 0.331383 
0.166, 0.35679 
0.167, 0.37638 
0.168, 0.388607 
0.169, 0.392625 
0.17, 0.388292 
0.171, 0.376127 
0.172, 0.357208 
0.173, 0.333046 
0.174, 0.305439 
0.175, 0.276316 
0.176, 0.247593 
0.177, 0.221043 
0.178, 0.198186 
0.179, 0.180213 
0.18, 0.167935 
0.181, 0.161763 
0.182, 0.161716 
0.183, 0.167449 
0.184, 0.178306 
0.185, 0.193379 
0.186, 0.211581 
0.187, 0.231722 
0.188, 0.252576 
0.189, 0.272956 
0.19, 0.291765 
0.191, 0.308053 
0.192, 0.321045 
0.193, 0.330171 
0.194, 0.335075 
0.195, 0.335618 
0.196, 0.331865 
0.197, 0.324067 
0.198, 0.31264 
0.199, 0.298128 
0.2, 0.281178 
0.201, 0.2625 
0.202, 0.242834 
0.203, 0.222921 
0.204, 0.20347 
0.205, 0.185137 
0.206, 0.168502 
0.207, 0.15405 
0.208, 0.142166 
0.209, 0.133124 
0.21, 0.127087 
0.211, 0.124108 
0.212, 0.124136 
0.213, 0.127028 
0.214, 0.132555 
0.215, 0.140419 
0.216, 0.150265 
0.217, 0.161699 
0.218, 0.174296 
0.219, 0.187624 
0.22, 0.201249 
0.221, 0.214753 
0.222, 0.227739 
0.223, 0.239848 
0.224, 0.250761 
0.225, 0.260205 
0.226, 0.26796 
0.227, 0.273859 
0.228, 0.27779 
0.229, 0.279695 
0.23, 0.279565 
0.231, 0.277444 
0.232, 0.273416 
0.233, 0.267608 
0.234, 0.260178 
0.235, 0.251316 
0.236, 0.241232 
0.237, 0.230152 
0.238, 0.218314 
0.239, 0.20596 
0.24, 0.193332 
0.241, 0.180666 
0.242, 0.168188 
0.243, 0.156111 
0.244, 0.14463 
0.245, 0.133921 
0.246, 0.124137 
0.247, 0.115409 
0.248, 0.107842 
0.249, 0.101516 
0.25, 0.0964892 
0.251, 0.0927913 
0.252, 0.0904308 
0.253, 0.0893936 
0.254, 0.0896448 
0.255, 0.0911306 
0.256, 0.0937802 
0.257, 0.0975081 
0.258, 0.102216 
0.259, 0.107796 
0.26, 0.11413 
0.261, 0.121096 
0.262, 0.128569 
0.263, 0.136418 
0.264, 0.144518 
0.265, 0.152742 
0.266, 0.160967 
0.267, 0.169077 
0.268, 0.176961 
0.269, 0.184516 
0.27, 0.191648 
0.271, 0.198272 
0.272, 0.204311 
0.273, 0.209702 
0.274, 0.214389 
0.275, 0.218329 
0.276, 0.221487 
0.277, 0.223843 
0.278, 0.225381 
0.279, 0.2261 
0.28, 0.226005 
0.281, 0.225111 
0.282, 0.223442 
0.283, 0.221027 
0.284, 0.217903 
0.285, 0.214114 
0.286, 0.209706 
0.287, 0.204734 
0.288, 0.199252 
0.289, 0.193319 
0.29, 0.186997 
0.291, 0.180348 
0.292, 0.173436 
0.293, 0.166323 
0.294, 0.159072 
0.295, 0.151745 
0.296, 0.144403 
0.297, 0.137102 
0.298, 0.129899 
0.299, 0.122847 
0.3, 0.115994 
0.301, 0.109388 
0.302, 0.103069 
0.303, 0.0970782 
0.304, 0.0914483 
0.305, 0.0862103 
0.306, 0.0813907 
0.307, 0.0770115 
0.308, 0.0730909 
0.309, 0.0696429 
0.31, 0.0666775 
0.311, 0.0642011 
0.312, 0.062216 
0.313, 0.0607211 
0.314, 0.059712 
0.315, 0.0591809 
0.316, 0.0591173 
0.317, 0.0595076 
0.318, 0.0603359 
0.319, 0.0615838 
0.32, 0.063231 
0.321, 0.0652551 
0.322, 0.0676323 
0.323, 0.0703374 
0.324, 0.0733438 
0.325, 0.0766243 
0.326, 0.0801507 
0.327, 0.0838945 
0.328, 0.0878268 
0.329, 0.0919186 
0.33, 0.0961409 
0.331, 0.100465 
0.332, 0.104863 
0.333, 0.109306 
0.334, 0.113768 
0.335, 0.118223 
0.336, 0.122645 
0.337, 0.12701 
0.338, 0.131294 
0.339, 0.135476 
0.34, 0.139534 
0.341, 0.143451 
0.342, 0.147206 
0.343, 0.150785 
0.344, 0.15417 
0.345, 0.15735 
0.346, 0.160311 
0.347, 0.163043 
0.348, 0.165535 
0.349, 0.167781 
0.35, 0.169772 
0.351, 0.171506 
0.352, 0.172976 
0.353, 0.174181 
0.354, 0.175119 
0.355, 0.175791 
0.356, 0.176197 
0.357, 0.17634 
0.358, 0.176222 
0.359, 0.175849 
0.36, 0.175224 
0.361, 0.174355 
0.362, 0.173248 
0.363, 0.17191 
0.364, 0.170351 
0.365, 0.168578 
0.366, 0.166602 
0.367, 0.164432 
0.368, 0.16208 
0.369, 0.159555 
0.37, 0.156869 
0.371, 0.154033 
0.372, 0.151059 
0.373, 0.14796 
0.374, 0.144745 
0.375, 0.141429 
0.376, 0.138022 
0.377, 0.134537 
0.378, 0.130985 
0.379, 0.127379 
0.38, 0.12373 
0.381, 0.120048 
0.382, 0.116347 
0.383, 0.112636 
0.384, 0.108926 
0.385, 0.105228 
0.386, 0.101551 
0.387, 0.0979056 
0.388, 0.0943009 
0.389, 0.0907459 
0.39, 0.087249 
0.391, 0.0838184 
0.392, 0.0804619 
0.393, 0.0771867 
0.394, 0.0739997 
0.395, 0.0709073 
0.396, 0.0679156 
0.397, 0.06503 
0.398, 0.0622555 
0.399, 0.059597 
0.4, 0.0570585 
0.401, 0.0546438 
0.402, 0.0523562 
0.403, 0.0501987 
0.404, 0.0481737 
0.405, 0.0462833 
0.406, 0.0445291 
0.407, 0.0429125 
0.408, 0.0414344 
0.409, 0.0400952 
0.41, 0.0388952 
0.411, 0.0378342 
0.412, 0.0369116 
0.413, 0.0361267 
0.414, 0.0354782 
0.415, 0.0349649 
0.416, 0.034585 
0.417, 0.0343364 
0.418, 0.0342171 
0.419, 0.0342246 
0.42, 0.0343561 
0.421, 0.0346088 
0.422, 0.0349797 
0.423, 0.0354655 
0.424, 0.0360627 
0.425, 0.0367678 
0.426, 0.0375771 
0.427, 0.0384868 
0.428, 0.0394929 
0.429, 0.0405914 
0.43, 0.0417782 
0.431, 0.043049 
0.432, 0.0443997 
0.433, 0.0458258 
0.434, 0.047323 
0.435, 0.048887 
0.436, 0.0505134 
0.437, 0.0521976 
0.438, 0.0539355 
0.439, 0.0557224 
0.44, 0.0575541 
0.441, 0.0594262 
0.442, 0.0613344 
0.443, 0.0632743 
0.444, 0.0652419 
0.445, 0.0672328 
0.446, 0.069243 
0.447, 0.0712685 
0.448, 0.0733052 
0.449, 0.0753493 
0.45, 0.077397 
0.451, 0.0794446 
0.452, 0.0814884 
0.453, 0.0835249 
0.454, 0.0855507 
0.455, 0.0875625 
0.456, 0.089557 
0.457, 0.0915311 
0.458, 0.0934818 
0.459, 0.0954062 
0.46, 0.0973015 
0.461, 0.0991651 
0.462, 0.100994 
0.463, 0.102787 
0.464, 0.104541 
0.465, 0.106253 
0.466, 0.107922 
0.467, 0.109546 
0.468, 0.111122 
0.469, 0.11265 
0.47, 0.114127 
0.471, 0.115552 
0.472, 0.116923 
0.473, 0.11824 
0.474, 0.119501 
0.475, 0.120704 
0.476, 0.12185 
0.477, 0.122937 
0.478, 0.123965 
0.479, 0.124932 
0.48, 0.125838 
0.481, 0.126683 
0.482, 0.127466 
0.483, 0.128188 
0.484, 0.128847 
0.485, 0.129444 
0.486, 0.129979 
0.487, 0.130451 
0.488, 0.130862 
0.489, 0.13121 
0.49, 0.131497 
0.491, 0.131723 
0.492, 0.131888 
0.493, 0.131993 
0.494, 0.132039 
0.495, 0.132025 
0.496, 0.131952 
0.497, 0.131823 
0.498, 0.131636 
0.499, 0.131393 
0.5, 0.131095 
0.501, 0.130743 
0.502, 0.130338 
0.503, 0.12988 
0.504, 0.129371 
0.505, 0.128813 
0.506, 0.128205 
0.507, 0.12755 
0.508, 0.126848 
0.509, 0.1261 
0.51, 0.125308 
0.511, 0.124474 
0.512, 0.123598 
0.513, 0.122681 
0.514, 0.121726 
0.515, 0.120733 
0.516, 0.119703 
0.517, 0.118639 
0.518, 0.11754 
0.519, 0.11641 
0.52, 0.115248 
0.521, 0.114057 
0.522, 0.112838 
0.523, 0.111592 
0.524, 0.11032 
0.525, 0.109024 
0.526, 0.107706 
0.527, 0.106366 
0.528, 0.105006 
0.529, 0.103627 
0.53, 0.102231 
0.531, 0.100819 
0.532, 0.0993921 
0.533, 0.0979517 
0.534, 0.0964991 
0.535, 0.0950356 
0.536, 0.0935624 
0.537, 0.0920808 
0.538, 0.0905919 
0.539, 0.089097 
0.54, 0.0875973 
0.541, 0.0860939 
0.542, 0.084588 
0.543, 0.0830806 
0.544, 0.0815729 
0.545, 0.080066 
0.546, 0.078561 
0.547, 0.0770588 
0.548, 0.0755604 
0.549, 0.074067 
0.55, 0.0725793 
0.551, 0.0710985 
0.552, 0.0696254 
0.553, 0.0681609 
0.554, 0.0667058 
0.555, 0.0652611 
0.556, 0.0638275 
0.557, 0.0624059 
0.558, 0.0609971 
0.559, 0.0596017 
0.56, 0.0582205 
0.561, 0.0568542 
0.562, 0.0555036 
0.563, 0.0541692 
0.564, 0.0528516 
0.565, 0.0515516 
0.566, 0.0502696 
0.567, 0.0490063 
0.568, 0.0477621 
0.569, 0.0465376 
0.57, 0.0453333 
0.571, 0.0441496 
0.572, 0.042987 
0.573, 0.0418459 
0.574, 0.0407266 
0.575, 0.0396297 
0.576, 0.0385553 
0.577, 0.0375039 
0.578, 0.0364757 
0.579, 0.0354711 
0.58, 0.0344903 
0.581, 0.0335336 
0.582, 0.0326012 
0.583, 0.0316932 
0.584, 0.03081 
0.585, 0.0299516 
0.586, 0.0291182 
0.587, 0.0283099 
0.588, 0.0275269 
0.589, 0.0267693 
0.59, 0.026037 
0.591, 0.0253303 
0.592, 0.0246491 
0.593, 0.0239934 
0.594, 0.0233633 
0.595, 0.0227588 
0.596, 0.0221799 
0.597, 0.0216264 
0.598, 0.0210985 
0.599, 0.020596 
0.6, 0.0201188 
0.601, 0.0196669 
0.602, 0.0192401 
0.603, 0.0188384 
0.604, 0.0184616 
0.605, 0.0181095 
0.606, 0.0177822 
0.607, 0.0174793 
0.608, 0.0172007 
0.609, 0.0169462 
0.61, 0.0167157 
0.611, 0.0165089 
0.612, 0.0163256 
0.613, 0.0161657 
0.614, 0.0160289 
0.615, 0.0159149 
0.616, 0.0158235 
0.617, 0.0157545 
0.618, 0.0157076 
0.619, 0.0156826 
0.62, 0.0156791 
0.621, 0.0156969 
0.622, 0.0157358 
0.623, 0.0157954 
0.624, 0.0158754 
0.625, 0.0159756 
0.626, 0.0160956 
0.627, 0.0162351 
0.628, 0.0163938 
0.629, 0.0165715 
0.63, 0.0167677 
0.631, 0.0169823 
0.632, 0.0172147 
0.633, 0.0174647 
0.634, 0.0177321 
0.635, 0.0180163 
0.636, 0.0183172 
0.637, 0.0186343 
0.638, 0.0189674 
0.639, 0.0193161 
0.64, 0.01968 
0.641, 0.0200588 
0.642, 0.0204521 
0.643, 0.0208597 
0.644, 0.0212811 
0.645, 0.0217161 
0.646, 0.0221642 
0.647, 0.0226251 
0.648, 0.0230986 
0.649, 0.0235841 
0.65, 0.0240815 
0.651, 0.0245903 
0.652, 0.0251102 
0.653, 0.0256409 
0.654, 0.0261819 
0.655, 0.0267331 
0.656, 0.027294 
0.657, 0.0278643 
0.658, 0.0284437 
0.659, 0.0290318 
0.66, 0.0296283 
0.661, 0.0302329 
0.662, 0.0308452 
0.663, 0.031465 
0.664, 0.0320918 
0.665, 0.0327255 
0.666, 0.0333655 
0.667, 0.0340118 
0.668, 0.0346639 
0.669, 0.0353214 
0.67, 0.0359843 
0.671, 0.036652 
0.672, 0.0373243 
0.673, 0.038001 
0.674, 0.0386817 
0.675, 0.0393661 
0.676, 0.0400539 
0.677, 0.0407449 
0.678, 0.0414388 
0.679, 0.0421353 
0.68, 0.0428341 
0.681, 0.043535 
0.682, 0.0442377 
0.683, 0.0449419 
0.684, 0.0456473 
0.685, 0.0463538 
0.686, 0.047061 
0.687, 0.0477687 
0.688, 0.0484767 
0.689, 0.0491848 
0.69, 0.0498926 
0.691, 0.0505999 
0.692, 0.0513066 
0.693, 0.0520124 
0.694, 0.0527171 
0.695, 0.0534204 
0.696, 0.0541221 
0.697, 0.0548221 
0.698, 0.0555202 
0.699, 0.056216 
0.7, 0.0569095 
0.701, 0.0576004 
0.702, 0.0582885 
0.703, 0.0589737 
0.704, 0.0596558 
0.705, 0.0603345 
0.706, 0.0610098 
0.707, 0.0616814 
0.708, 0.0623492 
0.709, 0.063013 
0.71, 0.0636727 
0.711, 0.064328 
0.712, 0.0649789 
0.713, 0.0656252 
0.714, 0.0662667 
0.715, 0.0669034 
0.716, 0.067535 
0.717, 0.0681614 
0.718, 0.0687825 
0.719, 0.0693983 
0.72, 0.0700084 
0.721, 0.0706129 
0.722, 0.0712116 
0.723, 0.0718044 
0.724, 0.0723912 
0.725, 0.0729719 
0.726, 0.0735464 
0.727, 0.0741145 
0.728, 0.0746763 
0.729, 0.0752315 
0.73, 0.0757801 
0.731, 0.0763221 
0.732, 0.0768572 
0.733, 0.0773856 
0.734, 0.077907 
0.735, 0.0784214 
0.736, 0.0789287 
0.737, 0.0794289 
0.738, 0.0799219 
0.739, 0.0804076 
0.74, 0.080886 
0.741, 0.081357 
0.742, 0.0818206 
0.743, 0.0822767 
0.744, 0.0827253 
0.745, 0.0831662 
0.746, 0.0835996 
0.747, 0.0840253 
0.748, 0.0844433 
0.749, 0.0848535 
0.75, 0.085256 
0.751, 0.0856507 
0.752, 0.0860376 
0.753, 0.0864166 
0.754, 0.0867877 
0.755, 0.087151 
0.756, 0.0875063 
0.757, 0.0878537 
0.758, 0.0881932 
0.759, 0.0885247 
0.76, 0.0888483 
0.761, 0.0891639 
0.762, 0.0894715 
0.763, 0.0897711 
0.764, 0.0900627 
0.765, 0.0903464 
0.766, 0.0906221 
0.767, 0.0908898 
0.768, 0.0911496 
0.769, 0.0914014 
0.77, 0.0916452 
0.771, 0.0918811 
0.772, 0.0921091 
0.773, 0.0923292 
0.774, 0.0925414 
0.775, 0.0927457 
0.776, 0.0929422 
0.777, 0.0931309 
0.778, 0.0933117 
0.779, 0.0934847 
0.78, 0.09365 
0.781, 0.0938076 
0.782, 0.0939574 
0.783, 0.0940996 
0.784, 0.0942342 
0.785, 0.0943611 
0.786, 0.0944804 
0.787, 0.0945923 
0.788, 0.0946966 
0.789, 0.0947934 
0.79, 0.0948828 
0.791, 0.0949648 
0.792, 0.0950395 
0.793, 0.0951069 
0.794, 0.095167 
0.795, 0.0952198 
0.796, 0.0952655 
0.797, 0.0953041 
0.798, 0.0953356 
0.799, 0.09536 
0.8, 0.0953775 
0.801, 0.095388 
0.802, 0.0953916 
0.803, 0.0953883 
0.804, 0.0953783 
0.805, 0.0953615 
0.806, 0.095338 
0.807, 0.0953079 
0.808, 0.0952713 
0.809, 0.095228 
0.81, 0.0951783 
0.811, 0.0951222 
0.812, 0.0950598 
0.813, 0.094991 
0.814, 0.0949159 
0.815, 0.0948347 
0.816, 0.0947473 
0.817, 0.0946539 
0.818, 0.0945544 
0.819, 0.094449 
0.82, 0.0943377 
0.821, 0.0942205 
0.822, 0.0940976 
0.823, 0.0939689 
0.824, 0.0938346 
0.825, 0.0936947 
0.826, 0.0935492 
0.827, 0.0933983 
0.828, 0.0932419 
0.829, 0.0930802 
0.83, 0.0929132 
0.831, 0.0927409 
0.832, 0.0925635 
0.833, 0.092381 
0.834, 0.0921935 
0.835, 0.0920009 
0.836, 0.0918035 
0.837, 0.0916012 
0.838, 0.0913941 
0.839, 0.0911822 
0.84, 0.0909657 
0.841, 0.0907446 
0.842, 0.090519 
0.843, 0.0902889 
0.844, 0.0900543 
0.845, 0.0898155 
0.846, 0.0895723 
0.847, 0.0893249 
0.848, 0.0890733 
0.849, 0.0888176 
0.85, 0.0885579 
0.851, 0.0882942 
0.852, 0.0880266 
0.853, 0.0877552 
0.854, 0.0874799 
0.855, 0.0872009 
0.856, 0.0869183 
0.857, 0.0866321 
0.858, 0.0863423 
0.859, 0.086049 
0.86, 0.0857523 
0.861, 0.0854522 
0.862, 0.0851489 
0.863, 0.0848423 
0.864, 0.0845325 
0.865, 0.0842196 
0.866, 0.0839037 
0.867, 0.0835847 
0.868, 0.0832628 
0.869, 0.082938 
0.87, 0.0826104 
0.871, 0.0822801 
0.872, 0.081947 
0.873, 0.0816113 
0.874, 0.0812729 
0.875, 0.0809321 
0.876, 0.0805888 
0.877, 0.080243 
0.878, 0.0798949 
0.879, 0.0795445 
0.88, 0.0791918 
0.881, 0.0788369 
0.882, 0.0784799 
0.883, 0.0781208 
0.884, 0.0777597 
0.885, 0.0773966 
0.886, 0.0770315 
0.887, 0.0766646 
0.888, 0.0762959 
0.889, 0.0759254 
0.89, 0.0755532 
0.891, 0.0751793 
0.892, 0.0748038 
0.893, 0.0744267 
0.894, 0.0740482 
0.895, 0.0736682 
0.896, 0.0732867 
0.897, 0.0729039 
0.898, 0.0725199 
0.899, 0.0721345 
0.9, 0.0717479 
0.901, 0.0713602 
0.902, 0.0709713 
0.903, 0.0705814 
0.904, 0.0701904 
0.905, 0.0697985 
0.906, 0.0694057 
0.907, 0.0690119 
0.908, 0.0686173 
0.909, 0.068222 
0.91, 0.0678258 
0.911, 0.067429 
0.912, 0.0670315 
0.913, 0.0666334 
0.914, 0.0662347 
0.915, 0.0658354 
0.916, 0.0654357 
0.917, 0.0650356 
0.918, 0.064635 
0.919, 0.064234 
0.92, 0.0638327 
0.921, 0.0634312 
0.922, 0.0630293 
0.923, 0.0626273 
0.924, 0.0622251 
0.925, 0.0618228 
0.926, 0.0614204 
0.927, 0.0610179 
0.928, 0.0606154 
0.929, 0.0602129 
0.93, 0.0598104 
0.931, 0.0594081 
0.932, 0.0590059 
0.933, 0.0586038 
0.934, 0.0582019 
0.935, 0.0578003 
0.936, 0.0573989 
0.937, 0.0569978 
0.938, 0.056597 
0.939, 0.0561966 
0.94, 0.0557966 
0.941, 0.0553971 
0.942, 0.0549979 
0.943, 0.0545993 
0.944, 0.0542012 
0.945, 0.0538036 
0.946, 0.0534066 
0.947, 0.0530103 
0.948, 0.0526145 
0.949, 0.0522195 
0.95, 0.0518251 
0.951, 0.0514314 
0.952, 0.0510385 
0.953, 0.0506464 
0.954, 0.0502551 
0.955, 0.0498646 
0.956, 0.0494749 
0.957, 0.0490862 
0.958, 0.0486984 
0.959, 0.0483115 
0.96, 0.0479255 
0.961, 0.0475405 
0.962, 0.0471566 
0.963, 0.0467737 
0.964, 0.0463918 
0.965, 0.046011 
0.966, 0.0456313 
0.967, 0.0452527 
0.968, 0.0448753 
0.969, 0.044499 
0.97, 0.044124 
0.971, 0.0437501 
0.972, 0.0433774 
0.973, 0.043006 
0.974, 0.0426359 
0.975, 0.0422671 
0.976, 0.0418995 
0.977, 0.0415333 
0.978, 0.0411685 
0.979, 0.040805 
0.98, 0.0404428 
0.981, 0.0400821 
0.982, 0.0397228 
0.983, 0.0393649 
0.984, 0.0390085 
0.985, 0.0386535 
0.986, 0.0383 
0.987, 0.037948 
0.988, 0.0375976 
0.989, 0.0372486 
0.99, 0.0369012 
0.991, 0.0365553 
0.992, 0.036211 
0.993, 0.0358683 
0.994, 0.0355272 
0.995, 0.0351878 
0.996, 0.0348499 
0.997, 0.0345137 
0.998, 0.0341791 
0.999, 0.0338462 
1, 0.0335149 
1.001, 0.0331854 
1.002, 0.0328575 
1.003, 0.0325313 
1.004, 0.0322069 
1.005, 0.0318842 
1.006, 0.0315632 
1.007, 0.031244 
1.008, 0.0309266 
1.009, 0.0306109 
1.01, 0.030297 
1.011, 0.0299849 
1.012, 0.0296746 
1.013, 0.0293661 
1.014, 0.0290594 
1.015, 0.0287545 
1.016, 0.0284514 
1.017, 0.0281502 
1.018, 0.0278509 
1.019, 0.0275534 
1.02, 0.0272577 
1.021, 0.0269639 
1.022, 0.026672 
1.023, 0.026382 
1.024, 0.0260938 
1.025, 0.0258076 
1.026, 0.0255232 
1.027, 0.0252408 
1.028, 0.0249602 
1.029, 0.0246816 
1.03, 0.0244049 
1.031, 0.0241301 
1.032, 0.0238573 
1.033, 0.0235863 
1.034, 0.0233173 
1.035, 0.0230503 
1.036, 0.0227852 
1.037, 0.022522 
1.038, 0.0222608 
1.039, 0.0220015 
1.04, 0.0217442 
1.041, 0.0214889 
1.042, 0.0212355 
1.043, 0.0209841 
1.044, 0.0207346 
1.045, 0.0204871 
1.046, 0.0202416 
1.047, 0.019998 
1.048, 0.0197565 
1.049, 0.0195169 
1.05, 0.0192793 
1.051, 0.0190436 
1.052, 0.0188099 
1.053, 0.0185783 
1.054, 0.0183485 
1.055, 0.0181208 
1.056, 0.0178951 
1.057, 0.0176713 
1.058, 0.0174495 
1.059, 0.0172297 
1.06, 0.0170119 
1.061, 0.016796 
1.062, 0.0165822 
1.063, 0.0163703 
1.064, 0.0161604 
1.065, 0.0159524 
1.066, 0.0157465 
1.067, 0.0155425 
1.068, 0.0153405 
1.069, 0.0151404 
1.07, 0.0149424 
1.071, 0.0147463 
1.072, 0.0145521 
1.073, 0.01436 
1.074, 0.0141698 
1.075, 0.0139815 
1.076, 0.0137952 
1.077, 0.0136109 
1.078, 0.0134285 
1.079, 0.0132481 
1.08, 0.0130696 
1.081, 0.0128931 
1.082, 0.0127185 
1.083, 0.0125458 
1.084, 0.0123751 
1.085, 0.0122063 
1.086, 0.0120395 
1.087, 0.0118745 
1.088, 0.0117115 
1.089, 0.0115504 
1.09, 0.0113913 
1.091, 0.011234 
1.092, 0.0110787 
1.093, 0.0109252 
1.094, 0.0107736 
1.095, 0.010624 
1.096, 0.0104762 
1.097, 0.0103303 
1.098, 0.0101863 
1.099, 0.0100442 
1.1, 0.00990397 
1.101, 0.00976559 
1.102, 0.00962908 
1.103, 0.00949442 
1.104, 0.00936162 
1.105, 0.00923066 
1.106, 0.00910155 
1.107, 0.00897428 
1.108, 0.00884885 
1.109, 0.00872524 
1.11, 0.00860345 
1.111, 0.00848349 
1.112, 0.00836533 
1.113, 0.00824899 
1.114, 0.00813444 
1.115, 0.00802169 
1.116, 0.00791074 
1.117, 0.00780156 
1.118, 0.00769417 
1.119, 0.00758855 
1.12, 0.0074847 
1.121, 0.0073826 
1.122, 0.00728227 
1.123, 0.00718368 
1.124, 0.00708684 
1.125, 0.00699173 
1.126, 0.00689836 
1.127, 0.00680671 
1.128, 0.00671678 
1.129, 0.00662856 
1.13, 0.00654205 
1.131, 0.00645724 
1.132, 0.00637412 
1.133, 0.00629269 
1.134, 0.00621294 
1.135, 0.00613486 
1.136, 0.00605845 
1.137, 0.0059837 
1.138, 0.00591061 
1.139, 0.00583916 
1.14, 0.00576936 
1.141, 0.00570119 
1.142, 0.00563464 
1.143, 0.00556972 
1.144, 0.00550641 
1.145, 0.00544471 
1.146, 0.0053846 
1.147, 0.00532609 
1.148, 0.00526917 
1.149, 0.00521383 
1.15, 0.00516005 
1.151, 0.00510785 
1.152, 0.0050572 
1.153, 0.0050081 
1.154, 0.00496055 
1.155, 0.00491453 
1.156, 0.00487005 
1.157, 0.00482709 
1.158, 0.00478564 
1.159, 0.0047457 
1.16, 0.00470726 
1.161, 0.00467032 
1.162, 0.00463486 
1.163, 0.00460088 
1.164, 0.00456838 
1.165, 0.00453734 
1.166, 0.00450776 
1.167, 0.00447963 
1.168, 0.00445294 
1.169, 0.00442769 
1.17, 0.00440387 
1.171, 0.00438146 
1.172, 0.00436048 
1.173, 0.0043409 
1.174, 0.00432272 
1.175, 0.00430593 
1.176, 0.00429052 
1.177, 0.0042765 
1.178, 0.00426384 
1.179, 0.00425254 
1.18, 0.0042426 
1.181, 0.00423401 
1.182, 0.00422676 
1.183, 0.00422084 
1.184, 0.00421625 
1.185, 0.00421297 
1.186, 0.00421101 
1.187, 0.00421035 
1.188, 0.00421099 
1.189, 0.00421291 
1.19, 0.00421612 
1.191, 0.00422059 
1.192, 0.00422634 
1.193, 0.00423335 
1.194, 0.0042416 
1.195, 0.0042511 
1.196, 0.00426184 
1.197, 0.00427381 
1.198, 0.004287 
1.199, 0.0043014 
1.2, 0.00431701 
1.201, 0.00433382 
1.202, 0.00435183 
1.203, 0.00437102 
1.204, 0.00439138 
1.205, 0.00441292 
1.206, 0.00443562 
1.207, 0.00445948 
1.208, 0.00448449 
1.209, 0.00451064 
1.21, 0.00453792 
1.211, 0.00456633 
1.212, 0.00459586 
1.213, 0.0046265 
1.214, 0.00465824 
1.215, 0.00469109 
1.216, 0.00472502 
1.217, 0.00476004 
1.218, 0.00479613 
1.219, 0.0048333 
1.22, 0.00487152 
1.221, 0.0049108 
1.222, 0.00495113 
1.223, 0.0049925 
1.224, 0.0050349 
1.225, 0.00507832 
1.226, 0.00512277 
1.227, 0.00516823 
1.228, 0.00521469 
1.229, 0.00526215 
1.23, 0.0053106 
1.231, 0.00536004 
1.232, 0.00541045 
1.233, 0.00546183 
1.234, 0.00551418 
1.235, 0.00556748 
1.236, 0.00562173 
1.237, 0.00567692 
1.238, 0.00573305 
1.239, 0.0057901 
1.24, 0.00584808 
1.241, 0.00590697 
1.242, 0.00596677 
1.243, 0.00602747 
1.244, 0.00608906 
1.245, 0.00615154 
1.246, 0.0062149 
1.247, 0.00627914 
1.248, 0.00634424 
1.249, 0.0064102 
1.25, 0.00647702 
1.251, 0.00654468 
1.252, 0.00661318 
1.253, 0.00668252 
1.254, 0.00675269 
1.255, 0.00682367 
1.256, 0.00689547 
1.257, 0.00696807 
1.258, 0.00704148 
1.259, 0.00711568 
1.26, 0.00719067 
1.261, 0.00726644 
1.262, 0.00734298 
1.263, 0.0074203 
1.264, 0.00749837 
1.265, 0.0075772 
1.266, 0.00765678 
1.267, 0.00773711 
1.268, 0.00781817 
1.269, 0.00789996 
1.27, 0.00798247 
1.271, 0.0080657 
1.272, 0.00814965 
1.273, 0.0082343 
1.274, 0.00831965 
1.275, 0.00840569 
1.276, 0.00849242 
1.277, 0.00857983 
1.278, 0.00866791 
1.279, 0.00875667 
1.28, 0.00884608 
1.281, 0.00893616 
1.282, 0.00902688 
1.283, 0.00911825 
1.284, 0.00921026 
1.285, 0.0093029 
1.286, 0.00939616 
1.287, 0.00949005 
1.288, 0.00958455 
1.289, 0.00967967 
1.29, 0.00977538 
1.291, 0.0098717 
1.292, 0.0099686 
1.293, 0.0100661 
1.294, 0.0101642 
1.295, 0.0102628 
1.296, 0.010362 
1.297, 0.0104618 
1.298, 0.0105621 
1.299, 0.010663 
1.3, 0.0107645 
1.301, 0.0108665 
1.302, 0.010969 
1.303, 0.011072 
1.304, 0.0111756 
1.305, 0.0112797 
1.306, 0.0113843 
1.307, 0.0114894 
1.308, 0.011595 
1.309, 0.0117011 
1.31, 0.0118077 
1.311, 0.0119148 
1.312, 0.0120224 
1.313, 0.0121304 
1.314, 0.0122389 
1.315, 0.0123479 
1.316, 0.0124574 
1.317, 0.0125673 
1.318, 0.0126776 
1.319, 0.0127884 
1.32, 0.0128997 
1.321, 0.0130113 
1.322, 0.0131234 
1.323, 0.013236 
1.324, 0.0133489 
1.325, 0.0134623 
1.326, 0.0135761 
1.327, 0.0136902 
1.328, 0.0138048 
1.329, 0.0139198 
1.33, 0.0140352 
1.331, 0.0141509 
1.332, 0.014267 
1.333, 0.0143836 
1.334, 0.0145004 
1.335, 0.0146177 
1.336, 0.0147353 
1.337, 0.0148533 
1.338, 0.0149716 
1.339, 0.0150903 
1.34, 0.0152093 
1.341, 0.0153286 
1.342, 0.0154483 
1.343, 0.0155683 
1.344, 0.0156887 
1.345, 0.0158093 
1.346, 0.0159303 
1.347, 0.0160516 
1.348, 0.0161732 
1.349, 0.0162951 
1.35, 0.0164173 
1.351, 0.0165398 
1.352, 0.0166626 
1.353, 0.0167857 
1.354, 0.016909 
1.355, 0.0170327 
1.356, 0.0171566 
1.357, 0.0172808 
1.358, 0.0174052 
1.359, 0.0175299 
1.36, 0.0176548 
1.361, 0.0177801 
1.362, 0.0179055 
1.363, 0.0180312 
1.364, 0.0181572 
1.365, 0.0182833 
1.366, 0.0184097 
1.367, 0.0185364 
1.368, 0.0186632 
1.369, 0.0187903 
1.37, 0.0189176 
1.371, 0.0190451 
1.372, 0.0191729 
1.373, 0.0193008 
1.374, 0.0194289 
1.375, 0.0195572 
1.376, 0.0196858 
1.377, 0.0198145 
1.378, 0.0199434 
1.379, 0.0200724 
1.38, 0.0202017 
1.381, 0.0203311 
1.382, 0.0204607 
1.383, 0.0205905 
1.384, 0.0207204 
1.385, 0.0208505 
1.386, 0.0209808 
1.387, 0.0211112 
1.388, 0.0212417 
1.389, 0.0213724 
1.39, 0.0215032 
1.391, 0.0216342 
1.392, 0.0217653 
1.393, 0.0218966 
1.394, 0.022028 
1.395, 0.0221595 
1.396, 0.0222911 
1.397, 0.0224229 
1.398, 0.0225547 
1.399, 0.0226867 
1.4, 0.0228188 
1.401, 0.022951 
1.402, 0.0230833 
1.403, 0.0232157 
1.404, 0.0233481 
1.405, 0.0234807 
1.406, 0.0236134 
1.407, 0.0237462 
1.408, 0.023879 
1.409, 0.0240119 
1.41, 0.0241449 
1.411, 0.024278 
1.412, 0.0244112 
1.413, 0.0245444 
1.414, 0.0246777 
1.415, 0.024811 
1.416, 0.0249444 
1.417, 0.0250779 
1.418, 0.0252114 
1.419, 0.025345 
1.42, 0.0254786 
1.421, 0.0256123 
1.422, 0.025746 
1.423, 0.0258797 
1.424, 0.0260135 
1.425, 0.0261473 
1.426, 0.0262812 
1.427, 0.0264151 
1.428, 0.026549 
1.429, 0.0266829 
1.43, 0.0268169 
1.431, 0.0269508 
1.432, 0.0270848 
1.433, 0.0272188 
1.434, 0.0273528 
1.435, 0.0274869 
1.436, 0.0276209 
1.437, 0.0277549 
1.438, 0.0278889 
1.439, 0.028023 
1.44, 0.028157 
1.441, 0.028291 
1.442, 0.028425 
1.443, 0.028559 
1.444, 0.028693 
1.445, 0.0288269 
1.446, 0.0289609 
1.447, 0.0290948 
1.448, 0.0292287 
1.449, 0.0293626 
1.45, 0.0294964 
1.451, 0.0296302 
1.452, 0.029764 
1.453, 0.0298977 
1.454, 0.0300314 
1.455, 0.0301651 
1.456, 0.0302987 
1.457, 0.0304323 
1.458, 0.0305658 
1.459, 0.0306993 
1.46, 0.0308327 
1.461, 0.0309661 
1.462, 0.0310994 
1.463, 0.0312327 
1.464, 0.0313659 
1.465, 0.0314991 
1.466, 0.0316321 
1.467, 0.0317652 
1.468, 0.0318981 
1.469, 0.032031 
1.47, 0.0321638 
1.471, 0.0322965 
1.472, 0.0324292 
1.473, 0.0325618 
1.474, 0.0326943 
1.475, 0.0328267 
1.476, 0.0329591 
1.477, 0.0330913 
1.478, 0.0332235 
1.479, 0.0333556 
1.48, 0.0334876 
1.481, 0.0336195 
1.482, 0.0337513 
1.483, 0.033883 
1.484, 0.0340146 
1.485, 0.0341461 
1.486, 0.0342775 
1.487, 0.0344088 
1.488, 0.03454 
1.489, 0.0346711 
1.49, 0.0348021 
1.491, 0.034933 
1.492, 0.0350638 
1.493, 0.0351944 
1.494, 0.035325 
1.495, 0.0354554 
1.496, 0.0355857 
1.497, 0.0357159 
1.498, 0.035846 
1.499, 0.0359759 
1.5, 0.0361057 
1.501, 0.0362354 
1.502, 0.036365 
1.503, 0.0364944 
1.504, 0.0366237 
1.505, 0.0367529 
1.506, 0.036882 
1.507, 0.0370109 
1.508, 0.0371397 
1.509, 0.0372683 
1.51, 0.0373968 
1.511, 0.0375252 
1.512, 0.0376534 
1.513, 0.0377815 
1.514, 0.0379094 
1.515, 0.0380372 
1.516, 0.0381648 
1.517, 0.0382923 
1.518, 0.0384196 
1.519, 0.0385468 
1.52, 0.0386739 
1.521, 0.0388008 
1.522, 0.0389275 
1.523, 0.0390541 
1.524, 0.0391805 
1.525, 0.0393067 
1.526, 0.0394328 
1.527, 0.0395588 
1.528, 0.0396845 
1.529, 0.0398102 
1.53, 0.0399356 
1.531, 0.0400609 
1.532, 0.040186 
1.533, 0.0403109 
1.534, 0.0404357 
1.535, 0.0405603 
1.536, 0.0406848 
1.537, 0.040809 
1.538, 0.0409331 
1.539, 0.041057 
1.54, 0.0411808 
1.541, 0.0413043 
1.542, 0.0414277 
1.543, 0.0415509 
1.544, 0.041674 
1.545, 0.0417968 
1.546, 0.0419195 
1.547, 0.042042 
1.548, 0.0421642 
1.549, 0.0422864 
1.55, 0.0424083 
1.551, 0.04253 
1.552, 0.0426516 
1.553, 0.0427729 
1.554, 0.0428941 
1.555, 0.0430151 
1.556, 0.0431359 
1.557, 0.0432565 
1.558, 0.0433769 
1.559, 0.0434971 
1.56, 0.0436171 
1.561, 0.043737 
1.562, 0.0438566 
1.563, 0.043976 
1.564, 0.0440953 
1.565, 0.0442143 
1.566, 0.0443331 
1.567, 0.0444517 
1.568, 0.0445702 
1.569, 0.0446884 
1.57, 0.0448064 
1.571, 0.0449243 
1.572, 0.0450419 
1.573, 0.0451593 
1.574, 0.0452765 
1.575, 0.0453935 
1.576, 0.0455103 
1.577, 0.0456269 
1.578, 0.0457432 
1.579, 0.0458594 
1.58, 0.0459754 
1.581, 0.0460911 
1.582, 0.0462067 
1.583, 0.046322 
1.584, 0.0464371 
1.585, 0.046552 
1.586, 0.0466667 
1.587, 0.0467811 
1.588, 0.0468954 
1.589, 0.0470094 
1.59, 0.0471232 
1.591, 0.0472368 
1.592, 0.0473502 
1.593, 0.0474634 
1.594, 0.0475763 
1.595, 0.0476891 
1.596, 0.0478016 
1.597, 0.0479139 
1.598, 0.0480259 
1.599, 0.0481378 
1.6, 0.0482494 
1.601, 0.0483608 
1.602, 0.048472 
1.603, 0.048583 
1.604, 0.0486937 
1.605, 0.0488042 
1.606, 0.0489145 
1.607, 0.0490245 
1.608, 0.0491344 
1.609, 0.049244 
1.61, 0.0493534 
1.611, 0.0494625 
1.612, 0.0495714 
1.613, 0.0496801 
1.614, 0.0497886 
1.615, 0.0498968 
1.616, 0.0500048 
1.617, 0.0501126 
1.618, 0.0502202 
1.619, 0.0503275 
1.62, 0.0504346 
1.621, 0.0505414 
1.622, 0.0506481 
1.623, 0.0507545 
1.624, 0.0508606 
1.625, 0.0509665 
1.626, 0.0510722 
1.627, 0.0511777 
1.628, 0.0512829 
1.629, 0.0513879 
1.63, 0.0514927 
1.631, 0.0515972 
1.632, 0.0517015 
1.633, 0.0518056 
1.634, 0.0519094 
1.635, 0.052013 
1.636, 0.0521163 
1.637, 0.0522194 
1.638, 0.0523223 
1.639, 0.0524249 
1.64, 0.0525273 
1.641, 0.0526295 
1.642, 0.0527314 
1.643, 0.0528331 
1.644, 0.0529346 
1.645, 0.0530358 
1.646, 0.0531368 
1.647, 0.0532375 
1.648, 0.053338 
1.649, 0.0534382 
1.65, 0.0535383 
1.651, 0.053638 
1.652, 0.0537376 
1.653, 0.0538369 
1.654, 0.0539359 
1.655, 0.0540348 
1.656, 0.0541333 
1.657, 0.0542317 
1.658, 0.0543298 
1.659, 0.0544276 
1.66, 0.0545252 
1.661, 0.0546226 
1.662, 0.0547198 
1.663, 0.0548166 
1.664, 0.0549133 
1.665, 0.0550097 
1.666, 0.0551059 
1.667, 0.0552018 
1.668, 0.0552975 
1.669, 0.0553929 
1.67, 0.0554881 
1.671, 0.0555831 
1.672, 0.0556778 
1.673, 0.0557723 
1.674, 0.0558665 
1.675, 0.0559605 
1.676, 0.0560542 
1.677, 0.0561477 
1.678, 0.056241 
1.679, 0.056334 
1.68, 0.0564268 
1.681, 0.0565193 
1.682, 0.0566116 
1.683, 0.0567036 
1.684, 0.0567954 
1.685, 0.056887 
1.686, 0.0569783 
1.687, 0.0570693 
1.688, 0.0571602 
1.689, 0.0572508 
1.69, 0.0573411 
1.691, 0.0574312 
1.692, 0.057521 
1.693, 0.0576106 
1.694, 0.0577 
1.695, 0.0577891 
1.696, 0.057878 
1.697, 0.0579666 
1.698, 0.058055 
1.699, 0.0581432 
1.7, 0.0582311 
1.701, 0.0583188 
1.702, 0.0584062 
1.703, 0.0584934 
1.704, 0.0585803 
1.705, 0.058667 
1.706, 0.0587534 
1.707, 0.0588396 
1.708, 0.0589256 
1.709, 0.0590113 
1.71, 0.0590968 
1.711, 0.059182 
1.712, 0.059267 
1.713, 0.0593518 
1.714, 0.0594363 
1.715, 0.0595205 
1.716, 0.0596045 
1.717, 0.0596883 
1.718, 0.0597719 
1.719, 0.0598552 
1.72, 0.0599382 
1.721, 0.060021 
1.722, 0.0601036 
1.723, 0.0601859 
1.724, 0.060268 
1.725, 0.0603498 
1.726, 0.0604314 
1.727, 0.0605128 
1.728, 0.0605939 
1.729, 0.0606748 
1.73, 0.0607554 
1.731, 0.0608358 
1.732, 0.060916 
1.733, 0.0609959 
1.734, 0.0610756 
1.735, 0.061155 
1.736, 0.0612342 
1.737, 0.0613132 
1.738, 0.0613919 
1.739, 0.0614704 
1.74, 0.0615486 
1.741, 0.0616266 
1.742, 0.0617043 
1.743, 0.0617819 
1.744, 0.0618591 
1.745, 0.0619362 
1.746, 0.062013 
1.747, 0.0620896 
1.748, 0.0621659 
1.749, 0.062242 
1.75, 0.0623178 
1.751, 0.0623934 
1.752, 0.0624688 
1.753, 0.0625439 
1.754, 0.0626188 
1.755, 0.0626935 
1.756, 0.0627679 
1.757, 0.0628421 
1.758, 0.0629161 
1.759, 0.0629898 
1.76, 0.0630633 
1.761, 0.0631365 
1.762, 0.0632095 
1.763, 0.0632823 
1.764, 0.0633548 
1.765, 0.0634271 
1.766, 0.0634992 
1.767, 0.063571 
1.768, 0.0636426 
1.769, 0.063714 
1.77, 0.0637851 
1.771, 0.063856 
1.772, 0.0639267 
1.773, 0.0639971 
1.774, 0.0640673 
1.775, 0.0641373 
1.776, 0.064207 
1.777, 0.0642765 
1.778, 0.0643458 
1.779, 0.0644148 
1.78, 0.0644836 
1.781, 0.0645522 
1.782, 0.0646206 
1.783, 0.0646887 
1.784, 0.0647565 
1.785, 0.0648242 
1.786, 0.0648916 
1.787, 0.0649588 
1.788, 0.0650258 
1.789, 0.0650925 
1.79, 0.065159 
1.791, 0.0652253 
1.792, 0.0652913 
1.793, 0.0653571 
1.794, 0.0654227 
1.795, 0.0654881 
1.796, 0.0655532 
1.797, 0.0656181 
1.798, 0.0656828 
1.799, 0.0657473 
1.8, 0.0658115 
1.801, 0.0658755 
1.802, 0.0659393 
1.803, 0.0660028 
1.804, 0.0660661 
1.805, 0.0661292 
1.806, 0.0661921 
1.807, 0.0662548 
1.808, 0.0663172 
1.809, 0.0663794 
1.81, 0.0664414 
1.811, 0.0665031 
1.812, 0.0665646 
1.813, 0.066626 
1.814, 0.066687 
1.815, 0.0667479 
1.816, 0.0668085 
1.817, 0.066869 
1.818, 0.0669292 
1.819, 0.0669891 
1.82, 0.0670489 
1.821, 0.0671084 
1.822, 0.0671677 
1.823, 0.0672268 
1.824, 0.0672857 
1.825, 0.0673444 
1.826, 0.0674028 
1.827, 0.067461 
1.828, 0.067519 
1.829, 0.0675768 
1.83, 0.0676344 
1.831, 0.0676917 
1.832, 0.0677489 
1.833, 0.0678058 
1.834, 0.0678625 
1.835, 0.067919 
1.836, 0.0679752 
1.837, 0.0680313 
1.838, 0.0680871 
1.839, 0.0681427 
1.84, 0.0681981 
1.841, 0.0682533 
1.842, 0.0683083 
1.843, 0.0683631 
1.844, 0.0684176 
1.845, 0.068472 
1.846, 0.0685261 
1.847, 0.06858 
1.848, 0.0686337 
1.849, 0.0686872 
1.85, 0.0687405 
1.851, 0.0687935 
1.852, 0.0688464 
1.853, 0.068899 
1.854, 0.0689515 
1.855, 0.0690037 
1.856, 0.0690557 
1.857, 0.0691075 
1.858, 0.0691591 
1.859, 0.0692105 
1.86, 0.0692617 
1.861, 0.0693127 
1.862, 0.0693634 
1.863, 0.069414 
1.864, 0.0694644 
1.865, 0.0695145 
1.866, 0.0695644 
1.867, 0.0696142 
1.868, 0.0696637 
1.869, 0.069713 
1.87, 0.0697622 
1.871, 0.0698111 
1.872, 0.0698598 
1.873, 0.0699083 
1.874, 0.0699566 
1.875, 0.0700047 
1.876, 0.0700526 
1.877, 0.0701003 
1.878, 0.0701478 
1.879, 0.0701951 
1.88, 0.0702422 
1.881, 0.0702891 
1.882, 0.0703358 
1.883, 0.0703823 
1.884, 0.0704286 
1.885, 0.0704747 
1.886, 0.0705206 
1.887, 0.0705663 
1.888, 0.0706117 
1.889, 0.070657 
1.89, 0.0707021 
1.891, 0.0707471 
1.892, 0.0707918 
1.893, 0.0708363 
1.894, 0.0708806 
1.895, 0.0709247 
1.896, 0.0709686 
1.897, 0.0710124 
1.898, 0.0710559 
1.899, 0.0710992 
1.9, 0.0711424 
1.901, 0.0711853 
1.902, 0.0712281 
1.903, 0.0712706 
1.904, 0.071313 
1.905, 0.0713552 
1.906, 0.0713972 
1.907, 0.071439 
1.908, 0.0714806 
1.909, 0.071522 
1.91, 0.0715632 
1.911, 0.0716042 
1.912, 0.0716451 
1.913, 0.0716857 
1.914, 0.0717262 
1.915, 0.0717665 
1.916, 0.0718066 
1.917, 0.0718465 
1.918, 0.0718862 
1.919, 0.0719257 
1.92, 0.071965 
1.921, 0.0720042 
1.922, 0.0720432 
1.923, 0.0720819 
1.924, 0.0721205 
1.925, 0.0721589 
1.926, 0.0721971 
1.927, 0.0722352 
1.928, 0.072273 
1.929, 0.0723107 
1.93, 0.0723482 
1.931, 0.0723855 
1.932, 0.0724226 
1.933, 0.0724596 
1.934, 0.0724963 
1.935, 0.0725329 
1.936, 0.0725693 
1.937, 0.0726055 
1.938, 0.0726415 
1.939, 0.0726774 
1.94, 0.072713 
1.941, 0.0727485 
1.942, 0.0727839 
1.943, 0.072819 
1.944, 0.0728539 
1.945, 0.0728887 
1.946, 0.0729233 
1.947, 0.0729577 
1.948, 0.072992 
1.949, 0.0730261 
1.95, 0.07306 
1.951, 0.0730937 
1.952, 0.0731272 
1.953, 0.0731606 
1.954, 0.0731938 
1.955, 0.0732268 
1.956, 0.0732596 
1.957, 0.0732923 
1.958, 0.0733248 
1.959, 0.0733571 
1.96, 0.0733893 
1.961, 0.0734213 
1.962, 0.0734531 
1.963, 0.0734847 
1.964, 0.0735162 
1.965, 0.0735475 
1.966, 0.0735786 
1.967, 0.0736095 
1.968, 0.0736403 
1.969, 0.0736709 
1.97, 0.0737014 
1.971, 0.0737317 
1.972, 0.0737618 
1.973, 0.0737917 
1.974, 0.0738215 
1.975, 0.0738511 
1.976, 0.0738805 
1.977, 0.0739098 
1.978, 0.0739389 
1.979, 0.0739679 
1.98, 0.0739966 
1.981, 0.0740252 
1.982, 0.0740537 
1.983, 0.074082 
1.984, 0.0741101 
1.985, 0.074138 
1.986, 0.0741658 
1.987, 0.0741935 
1.988, 0.0742209 
1.989, 0.0742482 
1.99, 0.0742754 
1.991, 0.0743024 
1.992, 0.0743292 
1.993, 0.0743558 
1.994, 0.0743823 
1.995, 0.0744087 
1.996, 0.0744349 
1.997, 0.0744609 
1.998, 0.0744867 
1.999, 0.0745124 
2, 0.074538 
2.001, 0.0745634 
2.002, 0.0745886 
2.003, 0.0746137 
2.004, 0.0746386 
2.005, 0.0746633 
2.006, 0.0746879 
2.007, 0.0747124 
2.008, 0.0747367 
2.009, 0.0747608 
2.01, 0.0747848 
2.011, 0.0748086 
2.012, 0.0748323 
2.013, 0.0748558 
2.014, 0.0748792 
2.015, 0.0749024 
2.016, 0.0749254 
2.017, 0.0749484 
2.018, 0.0749711 
2.019, 0.0749937 
2.02, 0.0750162 
2.021, 0.0750385 
2.022, 0.0750606 
2.023, 0.0750826 
2.024, 0.0751045 
2.025, 0.0751262 
2.026, 0.0751477 
2.027, 0.0751691 
2.028, 0.0751904 
2.029, 0.0752115 
2.03, 0.0752325 
2.031, 0.0752533 
2.032, 0.0752739 
2.033, 0.0752944 
2.034, 0.0753148 
2.035, 0.075335 
2.036, 0.0753551 
2.037, 0.0753751 
2.038, 0.0753949 
2.039, 0.0754145 
2.04, 0.075434 
2.041, 0.0754534 
2.042, 0.0754726 
2.043, 0.0754916 
2.044, 0.0755106 
2.045, 0.0755294 
2.046, 0.075548 
2.047, 0.0755665 
2.048, 0.0755849 
2.049, 0.0756031 
2.05, 0.0756212 
2.051, 0.0756391 
2.052, 0.0756569 
2.053, 0.0756745 
2.054, 0.0756921 
2.055, 0.0757094 
2.056, 0.0757267 
2.057, 0.0757438 
2.058, 0.0757607 
2.059, 0.0757776 
2.06, 0.0757943 
2.061, 0.0758108 
2.062, 0.0758272 
2.063, 0.0758435 
2.064, 0.0758596 
2.065, 0.0758756 
2.066, 0.0758915 
2.067, 0.0759072 
2.068, 0.0759228 
2.069, 0.0759383 
2.07, 0.0759536 
2.071, 0.0759688 
2.072, 0.0759839 
2.073, 0.0759988 
2.074, 0.0760136 
2.075, 0.0760283 
2.076, 0.0760428 
2.077, 0.0760572 
2.078, 0.0760715 
2.079, 0.0760856 
2.08, 0.0760996 
2.081, 0.0761135 
2.082, 0.0761272 
2.083, 0.0761409 
2.084, 0.0761543 
2.085, 0.0761677 
2.086, 0.0761809 
2.087, 0.076194 
2.088, 0.076207 
2.089, 0.0762198 
2.09, 0.0762326 
2.091, 0.0762451 
2.092, 0.0762576 
2.093, 0.0762699 
2.094, 0.0762821 
2.095, 0.0762942 
2.096, 0.0763062 
2.097, 0.076318 
2.098, 0.0763297 
2.099, 0.0763413 
2.1, 0.0763528 
2.101, 0.0763641 
2.102, 0.0763753 
2.103, 0.0763864 
2.104, 0.0763973 
2.105, 0.0764082 
2.106, 0.0764189 
2.107, 0.0764295 
2.108, 0.07644 
2.109, 0.0764503 
2.11, 0.0764605 
2.111, 0.0764706 
2.112, 0.0764806 
2.113, 0.0764905 
2.114, 0.0765002 
2.115, 0.0765099 
2.116, 0.0765194 
2.117, 0.0765288 
2.118, 0.076538 
2.119, 0.0765472 
2.12, 0.0765562 
2.121, 0.0765651 
2.122, 0.0765739 
2.123, 0.0765826 
2.124, 0.0765912 
2.125, 0.0765996 
2.126, 0.0766079 
2.127, 0.0766162 
2.128, 0.0766243 
2.129, 0.0766322 
2.13, 0.0766401 
2.131, 0.0766479 
2.132, 0.0766555 
2.133, 0.076663 
2.134, 0.0766704 
2.135, 0.0766777 
2.136, 0.0766849 
2.137, 0.076692 
2.138, 0.0766989 
2.139, 0.0767058 
2.14, 0.0767125 
2.141, 0.0767191 
2.142, 0.0767256 
2.143, 0.076732 
2.144, 0.0767383 
2.145, 0.0767445 
2.146, 0.0767506 
2.147, 0.0767565 
2.148, 0.0767624 
2.149, 0.0767681 
2.15, 0.0767737 
2.151, 0.0767792 
2.152, 0.0767846 
2.153, 0.0767899 
2.154, 0.0767951 
2.155, 0.0768002 
2.156, 0.0768052 
2.157, 0.0768101 
2.158, 0.0768148 
2.159, 0.0768195 
2.16, 0.076824 
2.161, 0.0768285 
2.162, 0.0768328 
2.163, 0.0768371 
2.164, 0.0768412 
2.165, 0.0768452 
2.166, 0.0768491 
2.167, 0.0768529 
2.168, 0.0768567 
2.169, 0.0768603 
2.17, 0.0768638 
2.171, 0.0768672 
2.172, 0.0768705 
2.173, 0.0768737 
2.174, 0.0768768 
2.175, 0.0768797 
2.176, 0.0768826 
2.177, 0.0768854 
2.178, 0.0768881 
2.179, 0.0768907 
2.18, 0.0768932 
2.181, 0.0768956 
2.182, 0.0768978 
2.183, 0.0769 
2.184, 0.0769021 
2.185, 0.0769041 
2.186, 0.076906 
2.187, 0.0769078 
2.188, 0.0769095 
2.189, 0.0769111 
2.19, 0.0769126 
2.191, 0.0769139 
2.192, 0.0769152 
2.193, 0.0769164 
2.194, 0.0769176 
2.195, 0.0769186 
2.196, 0.0769195 
2.197, 0.0769203 
2.198, 0.076921 
2.199, 0.0769216 
2.2, 0.0769222 
2.201, 0.0769226 
2.202, 0.0769229 
2.203, 0.0769232 
2.204, 0.0769233 
2.205, 0.0769234 
2.206, 0.0769234 
2.207, 0.0769232 
2.208, 0.076923 
2.209, 0.0769227 
2.21, 0.0769223 
2.211, 0.0769218 
2.212, 0.0769212 
2.213, 0.0769205 
2.214, 0.0769197 
2.215, 0.0769189 
2.216, 0.0769179 
2.217, 0.0769169 
2.218, 0.0769157 
2.219, 0.0769145 
2.22, 0.0769132 
2.221, 0.0769118 
2.222, 0.0769103 
2.223, 0.0769087 
2.224, 0.076907 
2.225, 0.0769053 
2.226, 0.0769034 
2.227, 0.0769015 
2.228, 0.0768994 
2.229, 0.0768973 
2.23, 0.0768951 
2.231, 0.0768928 
2.232, 0.0768905 
2.233, 0.076888 
2.234, 0.0768854 
2.235, 0.0768828 
2.236, 0.0768801 
2.237, 0.0768773 
2.238, 0.0768744 
2.239, 0.0768714 
2.24, 0.0768683 
2.241, 0.0768652 
2.242, 0.076862 
2.243, 0.0768587 
2.244, 0.0768553 
2.245, 0.0768518 
2.246, 0.0768482 
2.247, 0.0768446 
2.248, 0.0768408 
2.249, 0.076837 
2.25, 0.0768331 
2.251, 0.0768291 
2.252, 0.0768251 
2.253, 0.0768209 
2.254, 0.0768167 
2.255, 0.0768124 
2.256, 0.076808 
2.257, 0.0768035 
2.258, 0.076799 
2.259, 0.0767944 
2.26, 0.0767897 
2.261, 0.0767849 
2.262, 0.07678 
2.263, 0.0767751 
2.264, 0.07677 
2.265, 0.0767649 
2.266, 0.0767597 
2.267, 0.0767545 
2.268, 0.0767491 
2.269, 0.0767437 
2.27, 0.0767382 
2.271, 0.0767327 
2.272, 0.076727 
2.273, 0.0767213 
2.274, 0.0767155 
2.275, 0.0767096 
2.276, 0.0767036 
2.277, 0.0766976 
2.278, 0.0766915 
2.279, 0.0766853 
2.28, 0.0766791 
2.281, 0.0766727 
2.282, 0.0766663 
2.283, 0.0766598 
2.284, 0.0766533 
2.285, 0.0766467 
2.286, 0.0766399 
2.287, 0.0766332 
2.288, 0.0766263 
2.289, 0.0766194 
2.29, 0.0766124 
2.291, 0.0766053 
2.292, 0.0765982 
2.293, 0.076591 
2.294, 0.0765837 
2.295, 0.0765763 
2.296, 0.0765689 
2.297, 0.0765614 
2.298, 0.0765538 
2.299, 0.0765461 
2.3, 0.0765384 
2.301, 0.0765306 
2.302, 0.0765228 
2.303, 0.0765149 
2.304, 0.0765069 
2.305, 0.0764988 
2.306, 0.0764906 
2.307, 0.0764824 
2.308, 0.0764742 
2.309, 0.0764658 
2.31, 0.0764574 
2.311, 0.0764489 
2.312, 0.0764404 
2.313, 0.0764318 
2.314, 0.0764231 
2.315, 0.0764143 
2.316, 0.0764055 
2.317, 0.0763966 
2.318, 0.0763876 
2.319, 0.0763786 
2.32, 0.0763695 
2.321, 0.0763604 
2.322, 0.0763512 
2.323, 0.0763419 
2.324, 0.0763325 
2.325, 0.0763231 
2.326, 0.0763136 
2.327, 0.0763041 
2.328, 0.0762944 
2.329, 0.0762848 
2.33, 0.076275 
2.331, 0.0762652 
2.332, 0.0762553 
2.333, 0.0762454 
2.334, 0.0762354 
2.335, 0.0762253 
2.336, 0.0762152 
2.337, 0.076205 
2.338, 0.0761948 
2.339, 0.0761844 
2.34, 0.0761741 
2.341, 0.0761636 
2.342, 0.0761531 
2.343, 0.0761426 
2.344, 0.0761319 
2.345, 0.0761213 
2.346, 0.0761105 
2.347, 0.0760997 
2.348, 0.0760888 
2.349, 0.0760779 
2.35, 0.0760669 
2.351, 0.0760558 
2.352, 0.0760447 
2.353, 0.0760336 
2.354, 0.0760223 
2.355, 0.076011 
2.356, 0.0759997 
2.357, 0.0759883 
2.358, 0.0759768 
2.359, 0.0759653 
2.36, 0.0759537 
2.361, 0.075942 
2.362, 0.0759303 
2.363, 0.0759186 
2.364, 0.0759068 
2.365, 0.0758949 
2.366, 0.0758829 
2.367, 0.075871 
2.368, 0.0758589 
2.369, 0.0758468 
2.37, 0.0758346 
2.371, 0.0758224 
2.372, 0.0758101 
2.373, 0.0757978 
2.374, 0.0757854 
2.375, 0.075773 
2.376, 0.0757605 
2.377, 0.0757479 
2.378, 0.0757353 
2.379, 0.0757227 
2.38, 0.0757099 
2.381, 0.0756972 
2.382, 0.0756843 
2.383, 0.0756715 
2.384, 0.0756585 
2.385, 0.0756455 
2.386, 0.0756325 
2.387, 0.0756194 
2.388, 0.0756062 
2.389, 0.075593 
2.39, 0.0755798 
2.391, 0.0755665 
2.392, 0.0755531 
2.393, 0.0755397 
2.394, 0.0755262 
2.395, 0.0755127 
2.396, 0.0754991 
2.397, 0.0754855 
2.398, 0.0754718 
2.399, 0.0754581 
2.4, 0.0754443 
2.401, 0.0754305 
2.402, 0.0754166 
2.403, 0.0754027 
2.404, 0.0753887 
2.405, 0.0753747 
2.406, 0.0753606 
2.407, 0.0753464 
2.408, 0.0753323 
2.409, 0.075318 
2.41, 0.0753037 
2.411, 0.0752894 
2.412, 0.075275 
2.413, 0.0752606 
2.414, 0.0752461 
2.415, 0.0752316 
2.416, 0.075217 
2.417, 0.0752024 
2.418, 0.0751877 
2.419, 0.075173 
2.42, 0.0751582 
2.421, 0.0751434 
2.422, 0.0751285 
2.423, 0.0751136 
2.424, 0.0750987 
2.425, 0.0750837 
2.426, 0.0750686 
2.427, 0.0750535 
2.428, 0.0750384 
2.429, 0.0750232 
2.43, 0.0750079 
2.431, 0.0749927 
2.432, 0.0749773 
2.433, 0.0749619 
2.434, 0.0749465 
2.435, 0.0749311 
2.436, 0.0749155 
2.437, 0.0749 
2.438, 0.0748844 
2.439, 0.0748687 
2.44, 0.074853 
2.441, 0.0748373 
2.442, 0.0748215 
2.443, 0.0748057 
2.444, 0.0747898 
2.445, 0.0747739 
2.446, 0.074758 
2.447, 0.074742 
2.448, 0.0747259 
2.449, 0.0747098 
2.45, 0.0746937 
2.451, 0.0746775 
2.452, 0.0746613 
2.453, 0.074645 
2.454, 0.0746287 
2.455, 0.0746124 
2.456, 0.074596 
2.457, 0.0745796 
2.458, 0.0745631 
2.459, 0.0745466 
2.46, 0.07453 
2.461, 0.0745134 
2.462, 0.0744968 
2.463, 0.0744801 
2.464, 0.0744634 
2.465, 0.0744467 
2.466, 0.0744299 
2.467, 0.074413 
2.468, 0.0743961 
2.469, 0.0743792 
2.47, 0.0743623 
2.471, 0.0743453 
2.472, 0.0743282 
2.473, 0.0743111 
2.474, 0.074294 
2.475, 0.0742768 
2.476, 0.0742596 
2.477, 0.0742424 
2.478, 0.0742251 
2.479, 0.0742078 
2.48, 0.0741905 
2.481, 0.0741731 
2.482, 0.0741556 
2.483, 0.0741382 
2.484, 0.0741207 
2.485, 0.0741031 
2.486, 0.0740855 
2.487, 0.0740679 
2.488, 0.0740503 
2.489, 0.0740326 
2.49, 0.0740148 
2.491, 0.073997 
2.492, 0.0739792 
2.493, 0.0739614 
2.494, 0.0739435 
2.495, 0.0739256 
2.496, 0.0739076 
2.497, 0.0738897 
2.498, 0.0738716 
2.499, 0.0738536 
2.5, 0.0738355 
2.501, 0.0738173 
2.502, 0.0737992 
2.503, 0.073781 
2.504, 0.0737627 
2.505, 0.0737444 
2.506, 0.0737261 
2.507, 0.0737078 
2.508, 0.0736894 
2.509, 0.073671 
2.51, 0.0736525 
2.511, 0.0736341 
2.512, 0.0736155 
2.513, 0.073597 
2.514, 0.0735784 
2.515, 0.0735598 
2.516, 0.0735411 
2.517, 0.0735224 
2.518, 0.0735037 
2.519, 0.073485 
2.52, 0.0734662 
2.521, 0.0734473 
2.522, 0.0734285 
2.523, 0.0734096 
2.524, 0.0733907 
2.525, 0.0733717 
2.526, 0.0733527 
2.527, 0.0733337 
2.528, 0.0733147 
2.529, 0.0732956 
2.53, 0.0732765 
2.531, 0.0732573 
2.532, 0.0732382 
2.533, 0.073219 
2.534, 0.0731997 
2.535, 0.0731804 
2.536, 0.0731611 
2.537, 0.0731418 
2.538, 0.0731224 
2.539, 0.073103 
2.54, 0.0730836 
2.541, 0.0730642 
2.542, 0.0730447 
2.543, 0.0730252 
2.544, 0.0730056 
2.545, 0.072986 
2.546, 0.0729664 
2.547, 0.0729468 
2.548, 0.0729271 
2.549, 0.0729074 
2.55, 0.0728877 
2.551, 0.0728679 
2.552, 0.0728482 
2.553, 0.0728283 
2.554, 0.0728085 
2.555, 0.0727886 
2.556, 0.0727687 
2.557, 0.0727488 
2.558, 0.0727288 
2.559, 0.0727088 
2.56, 0.0726888 
2.561, 0.0726688 
2.562, 0.0726487 
2.563, 0.0726286 
2.564, 0.0726085 
2.565, 0.0725883 
2.566, 0.0725682 
2.567, 0.0725479 
2.568, 0.0725277 
2.569, 0.0725074 
2.57, 0.0724871 
2.571, 0.0724668 
2.572, 0.0724465 
2.573, 0.0724261 
2.574, 0.0724057 
2.575, 0.0723853 
2.576, 0.0723648 
2.577, 0.0723444 
2.578, 0.0723238 
2.579, 0.0723033 
2.58, 0.0722828 
2.581, 0.0722622 
2.582, 0.0722416 
2.583, 0.0722209 
2.584, 0.0722003 
2.585, 0.0721796 
2.586, 0.0721589 
2.587, 0.0721381 
2.588, 0.0721174 
2.589, 0.0720966 
2.59, 0.0720758 
2.591, 0.0720549 
2.592, 0.0720341 
2.593, 0.0720132 
2.594, 0.0719923 
2.595, 0.0719713 
2.596, 0.0719504 
2.597, 0.0719294 
2.598, 0.0719084 
2.599, 0.0718873 
2.6, 0.0718663 
2.601, 0.0718452 
2.602, 0.0718241 
2.603, 0.071803 
2.604, 0.0717818 
2.605, 0.0717607 
2.606, 0.0717395 
2.607, 0.0717182 
2.608, 0.071697 
2.609, 0.0716757 
2.61, 0.0716544 
2.611, 0.0716331 
2.612, 0.0716118 
2.613, 0.0715904 
2.614, 0.0715691 
2.615, 0.0715476 
2.616, 0.0715262 
2.617, 0.0715048 
2.618, 0.0714833 
2.619, 0.0714618 
2.62, 0.0714403 
2.621, 0.0714188 
2.622, 0.0713972 
2.623, 0.0713756 
2.624, 0.071354 
2.625, 0.0713324 
2.626, 0.0713108 
2.627, 0.0712891 
2.628, 0.0712674 
2.629, 0.0712457 
2.63, 0.071224 
2.631, 0.0712022 
2.632, 0.0711805 
2.633, 0.0711587 
2.634, 0.0711369 
2.635, 0.0711151 
2.636, 0.0710932 
2.637, 0.0710713 
2.638, 0.0710494 
2.639, 0.0710275 
2.64, 0.0710056 
2.641, 0.0709837 
2.642, 0.0709617 
2.643, 0.0709397 
2.644, 0.0709177 
2.645, 0.0708957 
2.646, 0.0708736 
2.647, 0.0708515 
2.648, 0.0708295 
2.649, 0.0708074 
2.65, 0.0707852 
2.651, 0.0707631 
2.652, 0.0707409 
2.653, 0.0707187 
2.654, 0.0706965 
2.655, 0.0706743 
2.656, 0.0706521 
2.657, 0.0706298 
2.658, 0.0706076 
2.659, 0.0705853 
2.66, 0.070563 
2.661, 0.0705406 
2.662, 0.0705183 
2.663, 0.0704959 
2.664, 0.0704735 
2.665, 0.0704511 
2.666, 0.0704287 
2.667, 0.0704063 
2.668, 0.0703838 
2.669, 0.0703614 
2.67, 0.0703389 
2.671, 0.0703164 
2.672, 0.0702939 
2.673, 0.0702713 
2.674, 0.0702488 
2.675, 0.0702262 
2.676, 0.0702036 
2.677, 0.070181 
2.678, 0.0701584 
2.679, 0.0701358 
2.68, 0.0701131 
2.681, 0.0700904 
2.682, 0.0700677 
2.683, 0.070045 
2.684, 0.0700223 
2.685, 0.0699996 
2.686, 0.0699768 
2.687, 0.0699541 
2.688, 0.0699313 
2.689, 0.0699085 
2.69, 0.0698857 
2.691, 0.0698629 
2.692, 0.06984 
2.693, 0.0698172 
2.694, 0.0697943 
2.695, 0.0697714 
2.696, 0.0697485 
2.697, 0.0697256 
2.698, 0.0697026 
2.699, 0.0696797 
2.7, 0.0696567 
2.701, 0.0696337 
2.702, 0.0696108 
2.703, 0.0695877 
2.704, 0.0695647 
2.705, 0.0695417 
2.706, 0.0695186 
2.707, 0.0694956 
2.708, 0.0694725 
2.709, 0.0694494 
2.71, 0.0694263 
2.711, 0.0694032 
2.712, 0.06938 
2.713, 0.0693569 
2.714, 0.0693337 
2.715, 0.0693106 
2.716, 0.0692874 
2.717, 0.0692642 
2.718, 0.0692409 
2.719, 0.0692177 
2.72, 0.0691945 
2.721, 0.0691712 
2.722, 0.069148 
2.723, 0.0691247 
2.724, 0.0691014 
2.725, 0.0690781 
2.726, 0.0690548 
2.727, 0.0690314 
2.728, 0.0690081 
2.729, 0.0689847 
2.73, 0.0689613 
2.731, 0.068938 
2.732, 0.0689146 
2.733, 0.0688912 
2.734, 0.0688677 
2.735, 0.0688443 
2.736, 0.0688209 
2.737, 0.0687974 
2.738, 0.0687739 
2.739, 0.0687505 
2.74, 0.068727 
2.741, 0.0687035 
2.742, 0.06868 
2.743, 0.0686564 
2.744, 0.0686329 
2.745, 0.0686094 
2.746, 0.0685858 
2.747, 0.0685622 
2.748, 0.0685386 
2.749, 0.0685151 
2.75, 0.0684914 
2.751, 0.0684678 
2.752, 0.0684442 
2.753, 0.0684206 
2.754, 0.0683969 
2.755, 0.0683733 
2.756, 0.0683496 
2.757, 0.0683259 
2.758, 0.0683022 
2.759, 0.0682785 
2.76, 0.0682548 
2.761, 0.0682311 
2.762, 0.0682074 
2.763, 0.0681836 
2.764, 0.0681599 
2.765, 0.0681361 
2.766, 0.0681123 
2.767, 0.0680886 
2.768, 0.0680648 
2.769, 0.068041 
2.77, 0.0680172 
2.771, 0.0679933 
2.772, 0.0679695 
2.773, 0.0679457 
2.774, 0.0679218 
2.775, 0.067898 
2.776, 0.0678741 
2.777, 0.0678502 
2.778, 0.0678263 
2.779, 0.0678025 
2.78, 0.0677785 
2.781, 0.0677546 
2.782, 0.0677307 
2.783, 0.0677068 
2.784, 0.0676828 
2.785, 0.0676589 
2.786, 0.0676349 
2.787, 0.067611 
2.788, 0.067587 
2.789, 0.067563 
2.79, 0.067539 
2.791, 0.067515 
2.792, 0.067491 
2.793, 0.067467 
2.794, 0.067443 
2.795, 0.067419 
2.796, 0.0673949 
2.797, 0.0673709 
2.798, 0.0673468 
2.799, 0.0673228 
2.8, 0.0672987 
2.801, 0.0672746 
2.802, 0.0672505 
2.803, 0.0672264 
2.804, 0.0672023 
2.805, 0.0671782 
2.806, 0.0671541 
2.807, 0.06713 
2.808, 0.0671058 
2.809, 0.0670817 
2.81, 0.0670576 
2.811, 0.0670334 
2.812, 0.0670092 
2.813, 0.0669851 
2.814, 0.0669609 
2.815, 0.0669367 
2.816, 0.0669125 
2.817, 0.0668883 
2.818, 0.0668641 
2.819, 0.0668399 
2.82, 0.0668157 
2.821, 0.0667915 
2.822, 0.0667673 
2.823, 0.066743 
2.824, 0.0667188 
2.825, 0.0666946 
2.826, 0.0666703 
2.827, 0.066646 
2.828, 0.0666218 
2.829, 0.0665975 
2.83, 0.0665732 
2.831, 0.0665489 
2.832, 0.0665247 
2.833, 0.0665004 
2.834, 0.0664761 
2.835, 0.0664518 
2.836, 0.0664274 
2.837, 0.0664031 
2.838, 0.0663788 
2.839, 0.0663545 
2.84, 0.0663301 
2.841, 0.0663058 
2.842, 0.0662814 
2.843, 0.0662571 
2.844, 0.0662327 
2.845, 0.0662084 
2.846, 0.066184 
2.847, 0.0661596 
2.848, 0.0661353 
2.849, 0.0661109 
2.85, 0.0660865 
2.851, 0.0660621 
2.852, 0.0660377 
2.853, 0.0660133 
2.854, 0.0659889 
2.855, 0.0659645 
2.856, 0.0659401 
2.857, 0.0659156 
2.858, 0.0658912 
2.859, 0.0658668 
2.86, 0.0658423 
2.861, 0.0658179 
2.862, 0.0657935 
2.863, 0.065769 
2.864, 0.0657446 
2.865, 0.0657201 
2.866, 0.0656956 
2.867, 0.0656712 
2.868, 0.0656467 
2.869, 0.0656222 
2.87, 0.0655978 
2.871, 0.0655733 
2.872, 0.0655488 
2.873, 0.0655243 
2.874, 0.0654998 
2.875, 0.0654753 
2.876, 0.0654508 
2.877, 0.0654263 
2.878, 0.0654018 
2.879, 0.0653773 
2.88, 0.0653528 
2.881, 0.0653282 
2.882, 0.0653037 
2.883, 0.0652792 
2.884, 0.0652547 
2.885, 0.0652301 
2.886, 0.0652056 
2.887, 0.0651811 
2.888, 0.0651565 
2.889, 0.065132 
2.89, 0.0651074 
2.891, 0.0650829 
2.892, 0.0650583 
2.893, 0.0650338 
2.894, 0.0650092 
2.895, 0.0649847 
2.896, 0.0649601 
2.897, 0.0649355 
2.898, 0.064911 
2.899, 0.0648864 
2.9, 0.0648618 
2.901, 0.0648372 
2.902, 0.0648126 
2.903, 0.0647881 
2.904, 0.0647635 
2.905, 0.0647389 
2.906, 0.0647143 
2.907, 0.0646897 
2.908, 0.0646651 
2.909, 0.0646405 
2.91, 0.0646159 
2.911, 0.0645913 
2.912, 0.0645667 
2.913, 0.0645421 
2.914, 0.0645175 
2.915, 0.0644929 
2.916, 0.0644683 
2.917, 0.0644437 
2.918, 0.064419 
2.919, 0.0643944 
2.92, 0.0643698 
2.921, 0.0643452 
2.922, 0.0643206 
2.923, 0.0642959 
2.924, 0.0642713 
2.925, 0.0642467 
2.926, 0.0642221 
2.927, 0.0641974 
2.928, 0.0641728 
2.929, 0.0641482 
2.93, 0.0641235 
2.931, 0.0640989 
2.932, 0.0640743 
2.933, 0.0640496 
2.934, 0.064025 
2.935, 0.0640003 
2.936, 0.0639757 
2.937, 0.0639511 
2.938, 0.0639264 
2.939, 0.0639018 
2.94, 0.0638771 
2.941, 0.0638525 
2.942, 0.0638278 
2.943, 0.0638032 
2.944, 0.0637785 
2.945, 0.0637539 
2.946, 0.0637292 
2.947, 0.0637046 
2.948, 0.0636799 
2.949, 0.0636553 
2.95, 0.0636306 
2.951, 0.063606 
2.952, 0.0635813 
2.953, 0.0635567 
2.954, 0.063532 
2.955, 0.0635074 
2.956, 0.0634827 
2.957, 0.0634581 
2.958, 0.0634334 
2.959, 0.0634088 
2.96, 0.0633841 
2.961, 0.0633594 
2.962, 0.0633348 
2.963, 0.0633101 
2.964, 0.0632855 
2.965, 0.0632608 
2.966, 0.0632362 
2.967, 0.0632115 
2.968, 0.0631869 
2.969, 0.0631622 
2.97, 0.0631375 
2.971, 0.0631129 
2.972, 0.0630882 
2.973, 0.0630636 
2.974, 0.0630389 
2.975, 0.0630143 
2.976, 0.0629896 
2.977, 0.062965 
2.978, 0.0629403 
2.979, 0.0629157 
2.98, 0.062891 
2.981, 0.0628664 
2.982, 0.0628417 
2.983, 0.0628171 
2.984, 0.0627924 
2.985, 0.0627678 
2.986, 0.0627431 
2.987, 0.0627185 
2.988, 0.0626938 
2.989, 0.0626692 
2.99, 0.0626445 
2.991, 0.0626199 
2.992, 0.0625952 
2.993, 0.0625706 
2.994, 0.062546 
2.995, 0.0625213 
2.996, 0.0624967 
2.997, 0.0624721 
2.998, 0.0624474 
2.999, 0.0624228 
3, 0.0623981 
3.001, 0.0623735 
3.002, 0.0623489 
3.003, 0.0623243 
3.004, 0.0622996 
3.005, 0.062275 
3.006, 0.0622504 
3.007, 0.0622258 
3.008, 0.0622011 
3.009, 0.0621765 
3.01, 0.0621519 
3.011, 0.0621273 
3.012, 0.0621027 
3.013, 0.062078 
3.014, 0.0620534 
3.015, 0.0620288 
3.016, 0.0620042 
3.017, 0.0619796 
3.018, 0.061955 
3.019, 0.0619304 
3.02, 0.0619058 
3.021, 0.0618812 
3.022, 0.0618566 
3.023, 0.061832 
3.024, 0.0618074 
3.025, 0.0617828 
3.026, 0.0617582 
3.027, 0.0617336 
3.028, 0.061709 
3.029, 0.0616845 
3.03, 0.0616599 
3.031, 0.0616353 
3.032, 0.0616107 
3.033, 0.0615861 
3.034, 0.0615616 
3.035, 0.061537 
3.036, 0.0615124 
3.037, 0.0614879 
3.038, 0.0614633 
3.039, 0.0614387 
3.04, 0.0614142 
3.041, 0.0613896 
3.042, 0.0613651 
3.043, 0.0613405 
3.044, 0.061316 
3.045, 0.0612914 
3.046, 0.0612669 
3.047, 0.0612423 
3.048, 0.0612178 
3.049, 0.0611933 
3.05, 0.0611687 
3.051, 0.0611442 
3.052, 0.0611197 
3.053, 0.0610951 
3.054, 0.0610706 
3.055, 0.0610461 
3.056, 0.0610216 
3.057, 0.0609971 
3.058, 0.0609726 
3.059, 0.0609481 
3.06, 0.0609236 
3.061, 0.0608991 
3.062, 0.0608746 
3.063, 0.0608501 
3.064, 0.0608256 
3.065, 0.0608011 
3.066, 0.0607766 
3.067, 0.0607521 
3.068, 0.0607276 
3.069, 0.0607032 
3.07, 0.0606787 
3.071, 0.0606542 
3.072, 0.0606297 
3.073, 0.0606053 
3.074, 0.0605808 
3.075, 0.0605564 
3.076, 0.0605319 
3.077, 0.0605075 
3.078, 0.060483 
3.079, 0.0604586 
3.08, 0.0604341 
3.081, 0.0604097 
3.082, 0.0603853 
3.083, 0.0603608 
3.084, 0.0603364 
3.085, 0.060312 
3.086, 0.0602876 
3.087, 0.0602632 
3.088, 0.0602388 
3.089, 0.0602144 
3.09, 0.06019 
3.091, 0.0601656 
3.092, 0.0601412 
3.093, 0.0601168 
3.094, 0.0600924 
3.095, 0.060068 
3.096, 0.0600436 
3.097, 0.0600192 
3.098, 0.0599949 
3.099, 0.0599705 
3.1, 0.0599461 
3.101, 0.0599218 
3.102, 0.0598974 
3.103, 0.0598731 
3.104, 0.0598487 
3.105, 0.0598244 
3.106, 0.0598 
3.107, 0.0597757 
3.108, 0.0597514 
3.109, 0.059727 
3.11, 0.0597027 
3.111, 0.0596784 
3.112, 0.0596541 
3.113, 0.0596298 
3.114, 0.0596055 
3.115, 0.0595812 
3.116, 0.0595569 
3.117, 0.0595326 
3.118, 0.0595083 
3.119, 0.059484 
3.12, 0.0594597 
3.121, 0.0594355 
3.122, 0.0594112 
3.123, 0.0593869 
3.124, 0.0593627 
3.125, 0.0593384 
3.126, 0.0593142 
3.127, 0.0592899 
3.128, 0.0592657 
3.129, 0.0592414 
3.13, 0.0592172 
3.131, 0.059193 
3.132, 0.0591687 
3.133, 0.0591445 
3.134, 0.0591203 
3.135, 0.0590961 
3.136, 0.0590719 
3.137, 0.0590477 
3.138, 0.0590235 
3.139, 0.0589993 
3.14, 0.0589751 
3.141, 0.0589509 
3.142, 0.0589268 
3.143, 0.0589026 
3.144, 0.0588784 
3.145, 0.0588543 
3.146, 0.0588301 
3.147, 0.058806 
3.148, 0.0587818 
3.149, 0.0587577 
3.15, 0.0587335 
3.151, 0.0587094 
3.152, 0.0586853 
3.153, 0.0586612 
3.154, 0.058637 
3.155, 0.0586129 
3.156, 0.0585888 
3.157, 0.0585647 
3.158, 0.0585406 
3.159, 0.0585166 
3.16, 0.0584925 
3.161, 0.0584684 
3.162, 0.0584443 
3.163, 0.0584202 
3.164, 0.0583962 
3.165, 0.0583721 
3.166, 0.0583481 
3.167, 0.058324 
3.168, 0.0583 
3.169, 0.0582759 
3.17, 0.0582519 
3.171, 0.0582279 
3.172, 0.0582039 
3.173, 0.0581799 
3.174, 0.0581559 
3.175, 0.0581318 
3.176, 0.0581078 
3.177, 0.0580839 
3.178, 0.0580599 
3.179, 0.0580359 
3.18, 0.0580119 
3.181, 0.0579879 
3.182, 0.057964 
3.183, 0.05794 
3.184, 0.0579161 
3.185, 0.0578921 
3.186, 0.0578682 
3.187, 0.0578442 
3.188, 0.0578203 
3.189, 0.0577964 
3.19, 0.0577725 
3.191, 0.0577486 
3.192, 0.0577247 
3.193, 0.0577008 
3.194, 0.0576769 
3.195, 0.057653 
3.196, 0.0576291 
3.197, 0.0576052 
3.198, 0.0575813 
3.199, 0.0575575 
3.2, 0.0575336 
3.201, 0.0575098 
3.202, 0.0574859 
3.203, 0.0574621 
3.204, 0.0574382 
3.205, 0.0574144 
3.206, 0.0573906 
3.207, 0.0573668 
3.208, 0.057343 
3.209, 0.0573192 
3.21, 0.0572954 
3.211, 0.0572716 
3.212, 0.0572478 
3.213, 0.057224 
3.214, 0.0572002 
3.215, 0.0571765 
3.216, 0.0571527 
3.217, 0.0571289 
3.218, 0.0571052 
3.219, 0.0570814 
3.22, 0.0570577 
3.221, 0.057034 
3.222, 0.0570103 
3.223, 0.0569865 
3.224, 0.0569628 
3.225, 0.0569391 
3.226, 0.0569154 
3.227, 0.0568917 
3.228, 0.056868 
3.229, 0.0568444 
3.23, 0.0568207 
3.231, 0.056797 
3.232, 0.0567734 
3.233, 0.0567497 
3.234, 0.0567261 
3.235, 0.0567024 
3.236, 0.0566788 
3.237, 0.0566552 
3.238, 0.0566315 
3.239, 0.0566079 
3.24, 0.0565843 
3.241, 0.0565607 
3.242, 0.0565371 
3.243, 0.0565135 
3.244, 0.0564899 
3.245, 0.0564664 
3.246, 0.0564428 
3.247, 0.0564192 
3.248, 0.0563957 
3.249, 0.0563721 
3.25, 0.0563486 
3.251, 0.0563251 
3.252, 0.0563015 
3.253, 0.056278 
3.254, 0.0562545 
3.255, 0.056231 
3.256, 0.0562075 
3.257, 0.056184 
3.258, 0.0561605 
3.259, 0.056137 
3.26, 0.0561135 
3.261, 0.0560901 
3.262, 0.0560666 
3.263, 0.0560432 
3.264, 0.0560197 
3.265, 0.0559963 
3.266, 0.0559728 
3.267, 0.0559494 
3.268, 0.055926 
3.269, 0.0559026 
3.27, 0.0558792 
3.271, 0.0558558 
3.272, 0.0558324 
3.273, 0.055809 
3.274, 0.0557856 
3.275, 0.0557623 
3.276, 0.0557389 
3.277, 0.0557155 
3.278, 0.0556922 
3.279, 0.0556689 
3.28, 0.0556455 
3.281, 0.0556222 
3.282, 0.0555989 
3.283, 0.0555756 
3.284, 0.0555523 
3.285, 0.055529 
3.286, 0.0555057 
3.287, 0.0554824 
3.288, 0.0554591 
3.289, 0.0554358 
3.29, 0.0554126 
3.291, 0.0553893 
3.292, 0.0553661 
3.293, 0.0553428 
3.294, 0.0553196 
3.295, 0.0552964 
3.296, 0.0552731 
3.297, 0.0552499 
3.298, 0.0552267 
3.299, 0.0552035 
3.3, 0.0551803 
3.301, 0.0551571 
3.302, 0.055134 
3.303, 0.0551108 
3.304, 0.0550876 
3.305, 0.0550645 
3.306, 0.0550413 
3.307, 0.0550182 
3.308, 0.0549951 
3.309, 0.0549719 
3.31, 0.0549488 
3.311, 0.0549257 
3.312, 0.0549026 
3.313, 0.0548795 
3.314, 0.0548564 
3.315, 0.0548333 
3.316, 0.0548103 
3.317, 0.0547872 
3.318, 0.0547641 
3.319, 0.0547411 
3.32, 0.0547181 
3.321, 0.054695 
3.322, 0.054672 
3.323, 0.054649 
3.324, 0.054626 
3.325, 0.054603 
3.326, 0.05458 
3.327, 0.054557 
3.328, 0.054534 
3.329, 0.054511 
3.33, 0.054488 
3.331, 0.0544651 
3.332, 0.0544421 
3.333, 0.0544192 
3.334, 0.0543963 
3.335, 0.0543733 
3.336, 0.0543504 
3.337, 0.0543275 
3.338, 0.0543046 
3.339, 0.0542817 
3.34, 0.0542588 
3.341, 0.0542359 
3.342, 0.054213 
3.343, 0.0541902 
3.344, 0.0541673 
3.345, 0.0541445 
3.346, 0.0541216 
3.347, 0.0540988 
3.348, 0.054076 
3.349, 0.0540531 
3.35, 0.0540303 
3.351, 0.0540075 
3.352, 0.0539847 
3.353, 0.0539619 
3.354, 0.0539391 
3.355, 0.0539164 
3.356, 0.0538936 
3.357, 0.0538708 
3.358, 0.0538481 
3.359, 0.0538254 
3.36, 0.0538026 
3.361, 0.0537799 
3.362, 0.0537572 
3.363, 0.0537345 
3.364, 0.0537118 
3.365, 0.0536891 
3.366, 0.0536664 
3.367, 0.0536437 
3.368, 0.053621 
3.369, 0.0535984 
3.37, 0.0535757 
3.371, 0.0535531 
3.372, 0.0535304 
3.373, 0.0535078 
3.374, 0.0534852 
3.375, 0.0534626 
3.376, 0.05344 
3.377, 0.0534174 
3.378, 0.0533948 
3.379, 0.0533722 
3.38, 0.0533496 
3.381, 0.053327 
3.382, 0.0533045 
3.383, 0.0532819 
3.384, 0.0532594 
3.385, 0.0532368 
3.386, 0.0532143 
3.387, 0.0531918 
3.388, 0.0531693 
3.389, 0.0531468 
3.39, 0.0531243 
3.391, 0.0531018 
3.392, 0.0530793 
3.393, 0.0530569 
3.394, 0.0530344 
3.395, 0.0530119 
3.396, 0.0529895 
3.397, 0.0529671 
3.398, 0.0529446 
3.399, 0.0529222 
3.4, 0.0528998 
3.401, 0.0528774 
3.402, 0.052855 
3.403, 0.0528326 
3.404, 0.0528102 
3.405, 0.0527879 
3.406, 0.0527655 
3.407, 0.0527431 
3.408, 0.0527208 
3.409, 0.0526985 
3.41, 0.0526761 
3.411, 0.0526538 
3.412, 0.0526315 
3.413, 0.0526092 
3.414, 0.0525869 
3.415, 0.0525646 
3.416, 0.0525423 
3.417, 0.05252 
3.418, 0.0524978 
3.419, 0.0524755 
3.42, 0.0524533 
3.421, 0.052431 
3.422, 0.0524088 
3.423, 0.0523866 
3.424, 0.0523644 
3.425, 0.0523422 
3.426, 0.05232 
3.427, 0.0522978 
3.428, 0.0522756 
3.429, 0.0522534 
3.43, 0.0522313 
3.431, 0.0522091 
3.432, 0.052187 
3.433, 0.0521648 
3.434, 0.0521427 
3.435, 0.0521206 
3.436, 0.0520984 
3.437, 0.0520763 
3.438, 0.0520542 
3.439, 0.0520322 
3.44, 0.0520101 
3.441, 0.051988 
3.442, 0.0519659 
3.443, 0.0519439 
3.444, 0.0519218 
3.445, 0.0518998 
3.446, 0.0518778 
3.447, 0.0518558 
3.448, 0.0518337 
3.449, 0.0518117 
3.45, 0.0517897 
3.451, 0.0517678 
3.452, 0.0517458 
3.453, 0.0517238 
3.454, 0.0517018 
3.455, 0.0516799 
3.456, 0.0516579 
3.457, 0.051636 
3.458, 0.0516141 
3.459, 0.0515922 
3.46, 0.0515703 
3.461, 0.0515484 
3.462, 0.0515265 
3.463, 0.0515046 
3.464, 0.0514827 
3.465, 0.0514608 
3.466, 0.051439 
3.467, 0.0514171 
3.468, 0.0513953 
3.469, 0.0513734 
3.47, 0.0513516 
3.471, 0.0513298 
3.472, 0.051308 
3.473, 0.0512862 
3.474, 0.0512644 
3.475, 0.0512426 
3.476, 0.0512209 
3.477, 0.0511991 
3.478, 0.0511773 
3.479, 0.0511556 
3.48, 0.0511338 
3.481, 0.0511121 
3.482, 0.0510904 
3.483, 0.0510687 
3.484, 0.051047 
3.485, 0.0510253 
3.486, 0.0510036 
3.487, 0.0509819 
3.488, 0.0509602 
3.489, 0.0509386 
3.49, 0.0509169 
3.491, 0.0508953 
3.492, 0.0508737 
3.493, 0.050852 
3.494, 0.0508304 
3.495, 0.0508088 
3.496, 0.0507872 
3.497, 0.0507656 
3.498, 0.050744 
3.499, 0.0507225 
3.5, 0.0507009 
3.501, 0.0506793 
3.502, 0.0506578 
3.503, 0.0506362 
3.504, 0.0506147 
3.505, 0.0505932 
3.506, 0.0505717 
3.507, 0.0505502 
3.508, 0.0505287 
3.509, 0.0505072 
3.51, 0.0504857 
3.511, 0.0504642 
3.512, 0.0504428 
3.513, 0.0504213 
3.514, 0.0503999 
3.515, 0.0503785 
3.516, 0.050357 
3.517, 0.0503356 
3.518, 0.0503142 
3.519, 0.0502928 
3.52, 0.0502714 
3.521, 0.05025 
3.522, 0.0502287 
3.523, 0.0502073 
3.524, 0.0501859 
3.525, 0.0501646 
3.526, 0.0501433 
3.527, 0.0501219 
3.528, 0.0501006 
3.529, 0.0500793 
3.53, 0.050058 
3.531, 0.0500367 
3.532, 0.0500154 
3.533, 0.0499941 
3.534, 0.0499729 
3.535, 0.0499516 
3.536, 0.0499304 
3.537, 0.0499091 
3.538, 0.0498879 
3.539, 0.0498667 
3.54, 0.0498455 
3.541, 0.0498243 
3.542, 0.0498031 
3.543, 0.0497819 
3.544, 0.0497607 
3.545, 0.0497395 
3.546, 0.0497184 
3.547, 0.0496972 
3.548, 0.0496761 
3.549, 0.0496549 
3.55, 0.0496338 
3.551, 0.0496127 
3.552, 0.0495916 
3.553, 0.0495705 
3.554, 0.0495494 
3.555, 0.0495283 
3.556, 0.0495072 
3.557, 0.0494862 
3.558, 0.0494651 
3.559, 0.0494441 
3.56, 0.049423 
3.561, 0.049402 
3.562, 0.049381 
3.563, 0.04936 
3.564, 0.049339 
3.565, 0.049318 
3.566, 0.049297 
3.567, 0.049276 
3.568, 0.0492551 
3.569, 0.0492341 
3.57, 0.0492132 
3.571, 0.0491922 
3.572, 0.0491713 
3.573, 0.0491504 
3.574, 0.0491295 
3.575, 0.0491086 
3.576, 0.0490877 
3.577, 0.0490668 
3.578, 0.0490459 
3.579, 0.049025 
3.58, 0.0490042 
3.581, 0.0489833 
3.582, 0.0489625 
3.583, 0.0489417 
3.584, 0.0489208 
3.585, 0.0489 
3.586, 0.0488792 
3.587, 0.0488584 
3.588, 0.0488376 
3.589, 0.0488169 
3.59, 0.0487961 
3.591, 0.0487753 
3.592, 0.0487546 
3.593, 0.0487338 
3.594, 0.0487131 
3.595, 0.0486924 
3.596, 0.0486717 
3.597, 0.0486509 
3.598, 0.0486303 
3.599, 0.0486096 
3.6, 0.0485889 
3.601, 0.0485682 
3.602, 0.0485476 
3.603, 0.0485269 
3.604, 0.0485063 
3.605, 0.0484856 
3.606, 0.048465 
3.607, 0.0484444 
3.608, 0.0484238 
3.609, 0.0484032 
3.61, 0.0483826 
3.611, 0.048362 
3.612, 0.0483414 
3.613, 0.0483209 
3.614, 0.0483003 
3.615, 0.0482798 
3.616, 0.0482592 
3.617, 0.0482387 
3.618, 0.0482182 
3.619, 0.0481977 
3.62, 0.0481772 
3.621, 0.0481567 
3.622, 0.0481362 
3.623, 0.0481157 
3.624, 0.0480953 
3.625, 0.0480748 
3.626, 0.0480544 
3.627, 0.0480339 
3.628, 0.0480135 
3.629, 0.0479931 
3.63, 0.0479727 
3.631, 0.0479523 
3.632, 0.0479319 
3.633, 0.0479115 
3.634, 0.0478911 
3.635, 0.0478708 
3.636, 0.0478504 
3.637, 0.0478301 
3.638, 0.0478097 
3.639, 0.0477894 
3.64, 0.0477691 
3.641, 0.0477488 
3.642, 0.0477285 
3.643, 0.0477082 
3.644, 0.0476879 
3.645, 0.0476676 
3.646, 0.0476474 
3.647, 0.0476271 
3.648, 0.0476069 
3.649, 0.0475866 
3.65, 0.0475664 
3.651, 0.0475462 
3.652, 0.047526 
3.653, 0.0475057 
3.654, 0.0474856 
3.655, 0.0474654 
3.656, 0.0474452 
3.657, 0.047425 
3.658, 0.0474049 
3.659, 0.0473847 
3.66, 0.0473646 
3.661, 0.0473445 
3.662, 0.0473243 
3.663, 0.0473042 
3.664, 0.0472841 
3.665, 0.047264 
3.666, 0.0472439 
3.667, 0.0472239 
3.668, 0.0472038 
3.669, 0.0471837 
3.67, 0.0471637 
3.671, 0.0471437 
3.672, 0.0471236 
3.673, 0.0471036 
3.674, 0.0470836 
3.675, 0.0470636 
3.676, 0.0470436 
3.677, 0.0470236 
3.678, 0.0470036 
3.679, 0.0469837 
3.68, 0.0469637 
3.681, 0.0469438 
3.682, 0.0469238 
3.683, 0.0469039 
3.684, 0.046884 
3.685, 0.046864 
3.686, 0.0468441 
3.687, 0.0468242 
3.688, 0.0468044 
3.689, 0.0467845 
3.69, 0.0467646 
3.691, 0.0467448 
3.692, 0.0467249 
3.693, 0.0467051 
3.694, 0.0466852 
3.695, 0.0466654 
3.696, 0.0466456 
3.697, 0.0466258 
3.698, 0.046606 
3.699, 0.0465862 
3.7, 0.0465664 
3.701, 0.0465467 
3.702, 0.0465269 
3.703, 0.0465072 
3.704, 0.0464874 
3.705, 0.0464677 
3.706, 0.046448 
3.707, 0.0464282 
3.708, 0.0464085 
3.709, 0.0463888 
3.71, 0.0463692 
3.711, 0.0463495 
3.712, 0.0463298 
3.713, 0.0463101 
3.714, 0.0462905 
3.715, 0.0462709 
3.716, 0.0462512 
3.717, 0.0462316 
3.718, 0.046212 
3.719, 0.0461924 
3.72, 0.0461728 
3.721, 0.0461532 
3.722, 0.0461336 
3.723, 0.046114 
3.724, 0.0460945 
3.725, 0.0460749 
3.726, 0.0460554 
3.727, 0.0460359 
3.728, 0.0460163 
3.729, 0.0459968 
3.73, 0.0459773 
3.731, 0.0459578 
3.732, 0.0459383 
3.733, 0.0459188 
3.734, 0.0458994 
3.735, 0.0458799 
3.736, 0.0458605 
3.737, 0.045841 
3.738, 0.0458216 
3.739, 0.0458022 
3.74, 0.0457827 
3.741, 0.0457633 
3.742, 0.0457439 
3.743, 0.0457245 
3.744, 0.0457052 
3.745, 0.0456858 
3.746, 0.0456664 
3.747, 0.0456471 
3.748, 0.0456277 
3.749, 0.0456084 
3.75, 0.0455891 
3.751, 0.0455698 
3.752, 0.0455504 
3.753, 0.0455311 
3.754, 0.0455119 
3.755, 0.0454926 
3.756, 0.0454733 
3.757, 0.045454 
3.758, 0.0454348 
3.759, 0.0454155 
3.76, 0.0453963 
3.761, 0.0453771 
3.762, 0.0453579 
3.763, 0.0453386 
3.764, 0.0453194 
3.765, 0.0453003 
3.766, 0.0452811 
3.767, 0.0452619 
3.768, 0.0452427 
3.769, 0.0452236 
3.77, 0.0452044 
3.771, 0.0451853 
3.772, 0.0451662 
3.773, 0.045147 
3.774, 0.0451279 
3.775, 0.0451088 
3.776, 0.0450897 
3.777, 0.0450707 
3.778, 0.0450516 
3.779, 0.0450325 
3.78, 0.0450135 
3.781, 0.0449944 
3.782, 0.0449754 
3.783, 0.0449563 
3.784, 0.0449373 
3.785, 0.0449183 
3.786, 0.0448993 
3.787, 0.0448803 
3.788, 0.0448613 
3.789, 0.0448424 
3.79, 0.0448234 
3.791, 0.0448044 
3.792, 0.0447855 
3.793, 0.0447665 
3.794, 0.0447476 
3.795, 0.0447287 
3.796, 0.0447098 
3.797, 0.0446909 
3.798, 0.044672 
3.799, 0.0446531 
3.8, 0.0446342 
3.801, 0.0446154 
3.802, 0.0445965 
3.803, 0.0445776 
3.804, 0.0445588 
3.805, 0.04454 
3.806, 0.0445211 
3.807, 0.0445023 
3.808, 0.0444835 
3.809, 0.0444647 
3.81, 0.0444459 
3.811, 0.0444272 
3.812, 0.0444084 
3.813, 0.0443896 
3.814, 0.0443709 
3.815, 0.0443521 
3.816, 0.0443334 
3.817, 0.0443147 
3.818, 0.044296 
3.819, 0.0442773 
3.82, 0.0442586 
3.821, 0.0442399 
3.822, 0.0442212 
3.823, 0.0442025 
3.824, 0.0441839 
3.825, 0.0441652 
3.826, 0.0441466 
3.827, 0.0441279 
3.828, 0.0441093 
3.829, 0.0440907 
3.83, 0.0440721 
3.831, 0.0440535 
3.832, 0.0440349 
3.833, 0.0440163 
3.834, 0.0439977 
3.835, 0.0439792 
3.836, 0.0439606 
3.837, 0.0439421 
3.838, 0.0439235 
3.839, 0.043905 
3.84, 0.0438865 
3.841, 0.043868 
3.842, 0.0438495 
3.843, 0.043831 
3.844, 0.0438125 
3.845, 0.043794 
3.846, 0.0437755 
3.847, 0.0437571 
3.848, 0.0437386 
3.849, 0.0437202 
3.85, 0.0437018 
3.851, 0.0436833 
3.852, 0.0436649 
3.853, 0.0436465 
3.854, 0.0436281 
3.855, 0.0436097 
3.856, 0.0435914 
3.857, 0.043573 
3.858, 0.0435546 
3.859, 0.0435363 
3.86, 0.0435179 
3.861, 0.0434996 
3.862, 0.0434813 
3.863, 0.043463 
3.864, 0.0434447 
3.865, 0.0434264 
3.866, 0.0434081 
3.867, 0.0433898 
3.868, 0.0433715 
3.869, 0.0433533 
3.87, 0.043335 
3.871, 0.0433168 
3.872, 0.0432985 
3.873, 0.0432803 
3.874, 0.0432621 
3.875, 0.0432439 
3.876, 0.0432257 
3.877, 0.0432075 
3.878, 0.0431893 
3.879, 0.0431711 
3.88, 0.043153 
3.881, 0.0431348 
3.882, 0.0431167 
3.883, 0.0430985 
3.884, 0.0430804 
3.885, 0.0430623 
3.886, 0.0430442 
3.887, 0.043026 
3.888, 0.043008 
3.889, 0.0429899 
3.89, 0.0429718 
3.891, 0.0429537 
3.892, 0.0429357 
3.893, 0.0429176 
3.894, 0.0428996 
3.895, 0.0428815 
3.896, 0.0428635 
3.897, 0.0428455 
3.898, 0.0428275 
3.899, 0.0428095 
3.9, 0.0427915 
3.901, 0.0427735 
3.902, 0.0427555 
3.903, 0.0427376 
3.904, 0.0427196 
3.905, 0.0427017 
3.906, 0.0426837 
3.907, 0.0426658 
3.908, 0.0426479 
3.909, 0.04263 
3.91, 0.0426121 
3.911, 0.0425942 
3.912, 0.0425763 
3.913, 0.0425584 
3.914, 0.0425406 
3.915, 0.0425227 
3.916, 0.0425049 
3.917, 0.042487 
3.918, 0.0424692 
3.919, 0.0424514 
3.92, 0.0424336 
3.921, 0.0424157 
3.922, 0.0423979 
3.923, 0.0423802 
3.924, 0.0423624 
3.925, 0.0423446 
3.926, 0.0423268 
3.927, 0.0423091 
3.928, 0.0422914 
3.929, 0.0422736 
3.93, 0.0422559 
3.931, 0.0422382 
3.932, 0.0422205 
3.933, 0.0422028 
3.934, 0.0421851 
3.935, 0.0421674 
3.936, 0.0421497 
3.937, 0.042132 
3.938, 0.0421144 
3.939, 0.0420967 
3.94, 0.0420791 
3.941, 0.0420615 
3.942, 0.0420438 
3.943, 0.0420262 
3.944, 0.0420086 
3.945, 0.041991 
3.946, 0.0419734 
3.947, 0.0419559 
3.948, 0.0419383 
3.949, 0.0419207 
3.95, 0.0419032 
3.951, 0.0418856 
3.952, 0.0418681 
3.953, 0.0418506 
3.954, 0.041833 
3.955, 0.0418155 
3.956, 0.041798 
3.957, 0.0417805 
3.958, 0.0417631 
3.959, 0.0417456 
3.96, 0.0417281 
3.961, 0.0417107 
3.962, 0.0416932 
3.963, 0.0416758 
3.964, 0.0416583 
3.965, 0.0416409 
3.966, 0.0416235 
3.967, 0.0416061 
3.968, 0.0415887 
3.969, 0.0415713 
3.97, 0.0415539 
3.971, 0.0415365 
3.972, 0.0415192 
3.973, 0.0415018 
3.974, 0.0414845 
3.975, 0.0414671 
3.976, 0.0414498 
3.977, 0.0414325 
3.978, 0.0414152 
3.979, 0.0413979 
3.98, 0.0413806 
3.981, 0.0413633 
3.982, 0.041346 
3.983, 0.0413287 
3.984, 0.0413115 
3.985, 0.0412942 
3.986, 0.041277 
3.987, 0.0412598 
3.988, 0.0412425 
3.989, 0.0412253 
3.99, 0.0412081 
3.991, 0.0411909 
3.992, 0.0411737 
3.993, 0.0411565 
3.994, 0.0411394 
3.995, 0.0411222 
3.996, 0.041105 
3.997, 0.0410879 
3.998, 0.0410707 
3.999, 0.0410536 
4, 0.0410365 
4.001, 0.0410194 
4.002, 0.0410023 
4.003, 0.0409852 
4.004, 0.0409681 
4.005, 0.040951 
4.006, 0.0409339 
4.007, 0.0409169 
4.008, 0.0408998 
4.009, 0.0408828 
4.01, 0.0408657 
4.011, 0.0408487 
4.012, 0.0408317 
4.013, 0.0408147 
4.014, 0.0407976 
4.015, 0.0407806 
4.016, 0.0407637 
4.017, 0.0407467 
4.018, 0.0407297 
4.019, 0.0407127 
4.02, 0.0406958 
4.021, 0.0406789 
4.022, 0.0406619 
4.023, 0.040645 
4.024, 0.0406281 
4.025, 0.0406112 
4.026, 0.0405943 
4.027, 0.0405774 
4.028, 0.0405605 
4.029, 0.0405436 
4.03, 0.0405267 
4.031, 0.0405099 
4.032, 0.040493 
4.033, 0.0404762 
4.034, 0.0404593 
4.035, 0.0404425 
4.036, 0.0404257 
4.037, 0.0404089 
4.038, 0.0403921 
4.039, 0.0403753 
4.04, 0.0403585 
4.041, 0.0403417 
4.042, 0.0403249 
4.043, 0.0403082 
4.044, 0.0402914 
4.045, 0.0402747 
4.046, 0.040258 
4.047, 0.0402412 
4.048, 0.0402245 
4.049, 0.0402078 
4.05, 0.0401911 
4.051, 0.0401744 
4.052, 0.0401577 
4.053, 0.0401411 
4.054, 0.0401244 
4.055, 0.0401077 
4.056, 0.0400911 
4.057, 0.0400744 
4.058, 0.0400578 
4.059, 0.0400412 
4.06, 0.0400246 
4.061, 0.0400079 
4.062, 0.0399913 
4.063, 0.0399748 
4.064, 0.0399582 
4.065, 0.0399416 
4.066, 0.039925 
4.067, 0.0399085 
4.068, 0.0398919 
4.069, 0.0398754 
4.07, 0.0398588 
4.071, 0.0398423 
4.072, 0.0398258 
4.073, 0.0398093 
4.074, 0.0397928 
4.075, 0.0397763 
4.076, 0.0397598 
4.077, 0.0397433 
4.078, 0.0397269 
4.079, 0.0397104 
4.08, 0.039694 
4.081, 0.0396775 
4.082, 0.0396611 
4.083, 0.0396447 
4.084, 0.0396282 
4.085, 0.0396118 
4.086, 0.0395954 
4.087, 0.039579 
4.088, 0.0395626 
4.089, 0.0395463 
4.09, 0.0395299 
4.091, 0.0395135 
4.092, 0.0394972 
4.093, 0.0394808 
4.094, 0.0394645 
4.095, 0.0394482 
4.096, 0.0394319 
4.097, 0.0394156 
4.098, 0.0393993 
4.099, 0.039383 
4.1, 0.0393667 
4.101, 0.0393504 
4.102, 0.0393341 
4.103, 0.0393179 
4.104, 0.0393016 
4.105, 0.0392854 
4.106, 0.0392691 
4.107, 0.0392529 
4.108, 0.0392367 
4.109, 0.0392205 
4.11, 0.0392043 
4.111, 0.0391881 
4.112, 0.0391719 
4.113, 0.0391557 
4.114, 0.0391395 
4.115, 0.0391234 
4.116, 0.0391072 
4.117, 0.0390911 
4.118, 0.0390749 
4.119, 0.0390588 
4.12, 0.0390427 
4.121, 0.0390266 
4.122, 0.0390105 
4.123, 0.0389944 
4.124, 0.0389783 
4.125, 0.0389622 
4.126, 0.0389461 
4.127, 0.0389301 
4.128, 0.038914 
4.129, 0.0388979 
4.13, 0.0388819 
4.131, 0.0388659 
4.132, 0.0388498 
4.133, 0.0388338 
4.134, 0.0388178 
4.135, 0.0388018 
4.136, 0.0387858 
4.137, 0.0387698 
4.138, 0.0387539 
4.139, 0.0387379 
4.14, 0.0387219 
4.141, 0.038706 
4.142, 0.0386901 
4.143, 0.0386741 
4.144, 0.0386582 
4.145, 0.0386423 
4.146, 0.0386264 
4.147, 0.0386105 
4.148, 0.0385946 
4.149, 0.0385787 
4.15, 0.0385628 
4.151, 0.0385469 
4.152, 0.0385311 
4.153, 0.0385152 
4.154, 0.0384994 
4.155, 0.0384835 
4.156, 0.0384677 
4.157, 0.0384519 
4.158, 0.0384361 
4.159, 0.0384203 
4.16, 0.0384045 
4.161, 0.0383887 
4.162, 0.0383729 
4.163, 0.0383571 
4.164, 0.0383413 
4.165, 0.0383256 
4.166, 0.0383098 
4.167, 0.0382941 
4.168, 0.0382784 
4.169, 0.0382626 
4.17, 0.0382469 
4.171, 0.0382312 
4.172, 0.0382155 
4.173, 0.0381998 
4.174, 0.0381841 
4.175, 0.0381684 
4.176, 0.0381528 
4.177, 0.0381371 
4.178, 0.0381215 
4.179, 0.0381058 
4.18, 0.0380902 
4.181, 0.0380745 
4.182, 0.0380589 
4.183, 0.0380433 
4.184, 0.0380277 
4.185, 0.0380121 
4.186, 0.0379965 
4.187, 0.0379809 
4.188, 0.0379654 
4.189, 0.0379498 
4.19, 0.0379342 
4.191, 0.0379187 
4.192, 0.0379031 
4.193, 0.0378876 
4.194, 0.0378721 
4.195, 0.0378566 
4.196, 0.037841 
4.197, 0.0378255 
4.198, 0.03781 
4.199, 0.0377946 
4.2, 0.0377791 
4.201, 0.0377636 
4.202, 0.0377481 
4.203, 0.0377327 
4.204, 0.0377172 
4.205, 0.0377018 
4.206, 0.0376864 
4.207, 0.0376709 
4.208, 0.0376555 
4.209, 0.0376401 
4.21, 0.0376247 
4.211, 0.0376093 
4.212, 0.0375939 
4.213, 0.0375786 
4.214, 0.0375632 
4.215, 0.0375478 
4.216, 0.0375325 
4.217, 0.0375171 
4.218, 0.0375018 
4.219, 0.0374865 
4.22, 0.0374711 
4.221, 0.0374558 
4.222, 0.0374405 
4.223, 0.0374252 
4.224, 0.0374099 
4.225, 0.0373946 
4.226, 0.0373794 
4.227, 0.0373641 
4.228, 0.0373488 
4.229, 0.0373336 
4.23, 0.0373183 
4.231, 0.0373031 
4.232, 0.0372879 
4.233, 0.0372727 
4.234, 0.0372574 
4.235, 0.0372422 
4.236, 0.037227 
4.237, 0.0372118 
4.238, 0.0371967 
4.239, 0.0371815 
4.24, 0.0371663 
4.241, 0.0371512 
4.242, 0.037136 
4.243, 0.0371209 
4.244, 0.0371057 
4.245, 0.0370906 
4.246, 0.0370755 
4.247, 0.0370604 
4.248, 0.0370453 
4.249, 0.0370302 
4.25, 0.0370151 
4.251, 0.037 
4.252, 0.0369849 
4.253, 0.0369699 
4.254, 0.0369548 
4.255, 0.0369398 
4.256, 0.0369247 
4.257, 0.0369097 
4.258, 0.0368946 
4.259, 0.0368796 
4.26, 0.0368646 
4.261, 0.0368496 
4.262, 0.0368346 
4.263, 0.0368196 
4.264, 0.0368046 
4.265, 0.0367897 
4.266, 0.0367747 
4.267, 0.0367597 
4.268, 0.0367448 
4.269, 0.0367298 
4.27, 0.0367149 
4.271, 0.0367 
4.272, 0.0366851 
4.273, 0.0366702 
4.274, 0.0366552 
4.275, 0.0366403 
4.276, 0.0366255 
4.277, 0.0366106 
4.278, 0.0365957 
4.279, 0.0365808 
4.28, 0.036566 
4.281, 0.0365511 
4.282, 0.0365363 
4.283, 0.0365214 
4.284, 0.0365066 
4.285, 0.0364918 
4.286, 0.036477 
4.287, 0.0364622 
4.288, 0.0364474 
4.289, 0.0364326 
4.29, 0.0364178 
4.291, 0.036403 
4.292, 0.0363883 
4.293, 0.0363735 
4.294, 0.0363587 
4.295, 0.036344 
4.296, 0.0363293 
4.297, 0.0363145 
4.298, 0.0362998 
4.299, 0.0362851 
4.3, 0.0362704 
4.301, 0.0362557 
4.302, 0.036241 
4.303, 0.0362263 
4.304, 0.0362116 
4.305, 0.036197 
4.306, 0.0361823 
4.307, 0.0361676 
4.308, 0.036153 
4.309, 0.0361384 
4.31, 0.0361237 
4.311, 0.0361091 
4.312, 0.0360945 
4.313, 0.0360799 
4.314, 0.0360653 
4.315, 0.0360507 
4.316, 0.0360361 
4.317, 0.0360215 
4.318, 0.0360069 
4.319, 0.0359924 
4.32, 0.0359778 
4.321, 0.0359633 
4.322, 0.0359487 
4.323, 0.0359342 
4.324, 0.0359197 
4.325, 0.0359051 
4.326, 0.0358906 
4.327, 0.0358761 
4.328, 0.0358616 
4.329, 0.0358471 
4.33, 0.0358327 
4.331, 0.0358182 
4.332, 0.0358037 
4.333, 0.0357892 
4.334, 0.0357748 
4.335, 0.0357603 
4.336, 0.0357459 
4.337, 0.0357315 
4.338, 0.0357171 
4.339, 0.0357026 
4.34, 0.0356882 
4.341, 0.0356738 
4.342, 0.0356594 
4.343, 0.035645 
4.344, 0.0356307 
4.345, 0.0356163 
4.346, 0.0356019 
4.347, 0.0355876 
4.348, 0.0355732 
4.349, 0.0355589 
4.35, 0.0355446 
4.351, 0.0355302 
4.352, 0.0355159 
4.353, 0.0355016 
4.354, 0.0354873 
4.355, 0.035473 
4.356, 0.0354587 
4.357, 0.0354444 
4.358, 0.0354301 
4.359, 0.0354159 
4.36, 0.0354016 
4.361, 0.0353874 
4.362, 0.0353731 
4.363, 0.0353589 
4.364, 0.0353446 
4.365, 0.0353304 
4.366, 0.0353162 
4.367, 0.035302 
4.368, 0.0352878 
4.369, 0.0352736 
4.37, 0.0352594 
4.371, 0.0352452 
4.372, 0.035231 
4.373, 0.0352169 
4.374, 0.0352027 
4.375, 0.0351886 
4.376, 0.0351744 
4.377, 0.0351603 
4.378, 0.0351462 
4.379, 0.035132 
4.38, 0.0351179 
4.381, 0.0351038 
4.382, 0.0350897 
4.383, 0.0350756 
4.384, 0.0350615 
4.385, 0.0350474 
4.386, 0.0350334 
4.387, 0.0350193 
4.388, 0.0350053 
4.389, 0.0349912 
4.39, 0.0349772 
4.391, 0.0349631 
4.392, 0.0349491 
4.393, 0.0349351 
4.394, 0.0349211 
4.395, 0.0349071 
4.396, 0.0348931 
4.397, 0.0348791 
4.398, 0.0348651 
4.399, 0.0348511 
4.4, 0.0348371 
4.401, 0.0348232 
4.402, 0.0348092 
4.403, 0.0347953 
4.404, 0.0347813 
4.405, 0.0347674 
4.406, 0.0347535 
4.407, 0.0347395 
4.408, 0.0347256 
4.409, 0.0347117 
4.41, 0.0346978 
4.411, 0.0346839 
4.412, 0.03467 
4.413, 0.0346562 
4.414, 0.0346423 
4.415, 0.0346284 
4.416, 0.0346146 
4.417, 0.0346007 
4.418, 0.0345869 
4.419, 0.034573 
4.42, 0.0345592 
4.421, 0.0345454 
4.422, 0.0345316 
4.423, 0.0345178 
4.424, 0.034504 
4.425, 0.0344902 
4.426, 0.0344764 
4.427, 0.0344626 
4.428, 0.0344489 
4.429, 0.0344351 
4.43, 0.0344213 
4.431, 0.0344076 
4.432, 0.0343938 
4.433, 0.0343801 
4.434, 0.0343664 
4.435, 0.0343527 
4.436, 0.0343389 
4.437, 0.0343252 
4.438, 0.0343115 
4.439, 0.0342978 
4.44, 0.0342842 
4.441, 0.0342705 
4.442, 0.0342568 
4.443, 0.0342431 
4.444, 0.0342295 
4.445, 0.0342158 
4.446, 0.0342022 
4.447, 0.0341885 
4.448, 0.0341749 
4.449, 0.0341613 
4.45, 0.0341477 
4.451, 0.0341341 
4.452, 0.0341205 
4.453, 0.0341069 
4.454, 0.0340933 
4.455, 0.0340797 
4.456, 0.0340661 
4.457, 0.0340526 
4.458, 0.034039 
4.459, 0.0340254 
4.46, 0.0340119 
4.461, 0.0339984 
4.462, 0.0339848 
4.463, 0.0339713 
4.464, 0.0339578 
4.465, 0.0339443 
4.466, 0.0339308 
4.467, 0.0339173 
4.468, 0.0339038 
4.469, 0.0338903 
4.47, 0.0338768 
4.471, 0.0338634 
4.472, 0.0338499 
4.473, 0.0338364 
4.474, 0.033823 
4.475, 0.0338095 
4.476, 0.0337961 
4.477, 0.0337827 
4.478, 0.0337693 
4.479, 0.0337559 
4.48, 0.0337424 
4.481, 0.033729 
4.482, 0.0337157 
4.483, 0.0337023 
4.484, 0.0336889 
4.485, 0.0336755 
4.486, 0.0336621 
4.487, 0.0336488 
4.488, 0.0336354 
4.489, 0.0336221 
4.49, 0.0336088 
4.491, 0.0335954 
4.492, 0.0335821 
4.493, 0.0335688 
4.494, 0.0335555 
4.495, 0.0335422 
4.496, 0.0335289 
4.497, 0.0335156 
4.498, 0.0335023 
4.499, 0.033489 
4.5, 0.0334757 
4.501, 0.0334625 
4.502, 0.0334492 
4.503, 0.033436 
4.504, 0.0334227 
4.505, 0.0334095 
4.506, 0.0333963 
4.507, 0.033383 
4.508, 0.0333698 
4.509, 0.0333566 
4.51, 0.0333434 
4.511, 0.0333302 
4.512, 0.033317 
4.513, 0.0333039 
4.514, 0.0332907 
4.515, 0.0332775 
4.516, 0.0332644 
4.517, 0.0332512 
4.518, 0.0332381 
4.519, 0.0332249 
4.52, 0.0332118 
4.521, 0.0331987 
4.522, 0.0331855 
4.523, 0.0331724 
4.524, 0.0331593 
4.525, 0.0331462 
4.526, 0.0331331 
4.527, 0.03312 
4.528, 0.033107 
4.529, 0.0330939 
4.53, 0.0330808 
4.531, 0.0330678 
4.532, 0.0330547 
4.533, 0.0330417 
4.534, 0.0330286 
4.535, 0.0330156 
4.536, 0.0330026 
4.537, 0.0329895 
4.538, 0.0329765 
4.539, 0.0329635 
4.54, 0.0329505 
4.541, 0.0329375 
4.542, 0.0329245 
4.543, 0.0329116 
4.544, 0.0328986 
4.545, 0.0328856 
4.546, 0.0328727 
4.547, 0.0328597 
4.548, 0.0328468 
4.549, 0.0328338 
4.55, 0.0328209 
4.551, 0.032808 
4.552, 0.032795 
4.553, 0.0327821 
4.554, 0.0327692 
4.555, 0.0327563 
4.556, 0.0327434 
4.557, 0.0327306 
4.558, 0.0327177 
4.559, 0.0327048 
4.56, 0.0326919 
4.561, 0.0326791 
4.562, 0.0326662 
4.563, 0.0326534 
4.564, 0.0326405 
4.565, 0.0326277 
4.566, 0.0326149 
4.567, 0.0326021 
4.568, 0.0325892 
4.569, 0.0325764 
4.57, 0.0325636 
4.571, 0.0325508 
4.572, 0.0325381 
4.573, 0.0325253 
4.574, 0.0325125 
4.575, 0.0324997 
4.576, 0.032487 
4.577, 0.0324742 
4.578, 0.0324615 
4.579, 0.0324487 
4.58, 0.032436 
4.581, 0.0324233 
4.582, 0.0324105 
4.583, 0.0323978 
4.584, 0.0323851 
4.585, 0.0323724 
4.586, 0.0323597 
4.587, 0.032347 
4.588, 0.0323344 
4.589, 0.0323217 
4.59, 0.032309 
4.591, 0.0322963 
4.592, 0.0322837 
4.593, 0.032271 
4.594, 0.0322584 
4.595, 0.0322458 
4.596, 0.0322331 
4.597, 0.0322205 
4.598, 0.0322079 
4.599, 0.0321953 
4.6, 0.0321827 
4.601, 0.0321701 
4.602, 0.0321575 
4.603, 0.0321449 
4.604, 0.0321323 
4.605, 0.0321198 
4.606, 0.0321072 
4.607, 0.0320946 
4.608, 0.0320821 
4.609, 0.0320695 
4.61, 0.032057 
4.611, 0.0320445 
4.612, 0.0320319 
4.613, 0.0320194 
4.614, 0.0320069 
4.615, 0.0319944 
4.616, 0.0319819 
4.617, 0.0319694 
4.618, 0.0319569 
4.619, 0.0319444 
4.62, 0.0319319 
4.621, 0.0319195 
4.622, 0.031907 
4.623, 0.0318946 
4.624, 0.0318821 
4.625, 0.0318697 
4.626, 0.0318572 
4.627, 0.0318448 
4.628, 0.0318324 
4.629, 0.03182 
4.63, 0.0318075 
4.631, 0.0317951 
4.632, 0.0317827 
4.633, 0.0317704 
4.634, 0.031758 
4.635, 0.0317456 
4.636, 0.0317332 
4.637, 0.0317208 
4.638, 0.0317085 
4.639, 0.0316961 
4.64, 0.0316838 
4.641, 0.0316714 
4.642, 0.0316591 
4.643, 0.0316468 
4.644, 0.0316345 
4.645, 0.0316221 
4.646, 0.0316098 
4.647, 0.0315975 
4.648, 0.0315852 
4.649, 0.0315729 
4.65, 0.0315607 
4.651, 0.0315484 
4.652, 0.0315361 
4.653, 0.0315238 
4.654, 0.0315116 
4.655, 0.0314993 
4.656, 0.0314871 
4.657, 0.0314748 
4.658, 0.0314626 
4.659, 0.0314504 
4.66, 0.0314382 
4.661, 0.0314259 
4.662, 0.0314137 
4.663, 0.0314015 
4.664, 0.0313893 
4.665, 0.0313771 
4.666, 0.031365 
4.667, 0.0313528 
4.668, 0.0313406 
4.669, 0.0313284 
4.67, 0.0313163 
4.671, 0.0313041 
4.672, 0.031292 
4.673, 0.0312798 
4.674, 0.0312677 
4.675, 0.0312556 
4.676, 0.0312435 
4.677, 0.0312313 
4.678, 0.0312192 
4.679, 0.0312071 
4.68, 0.031195 
4.681, 0.0311829 
4.682, 0.0311709 
4.683, 0.0311588 
4.684, 0.0311467 
4.685, 0.0311346 
4.686, 0.0311226 
4.687, 0.0311105 
4.688, 0.0310985 
4.689, 0.0310864 
4.69, 0.0310744 
4.691, 0.0310624 
4.692, 0.0310504 
4.693, 0.0310383 
4.694, 0.0310263 
4.695, 0.0310143 
4.696, 0.0310023 
4.697, 0.0309903 
4.698, 0.0309784 
4.699, 0.0309664 
4.7, 0.0309544 
4.701, 0.0309424 
4.702, 0.0309305 
4.703, 0.0309185 
4.704, 0.0309066 
4.705, 0.0308946 
4.706, 0.0308827 
4.707, 0.0308708 
4.708, 0.0308588 
4.709, 0.0308469 
4.71, 0.030835 
4.711, 0.0308231 
4.712, 0.0308112 
4.713, 0.0307993 
4.714, 0.0307874 
4.715, 0.0307755 
4.716, 0.0307637 
4.717, 0.0307518 
4.718, 0.0307399 
4.719, 0.0307281 
4.72, 0.0307162 
4.721, 0.0307044 
4.722, 0.0306925 
4.723, 0.0306807 
4.724, 0.0306689 
4.725, 0.0306571 
4.726, 0.0306452 
4.727, 0.0306334 
4.728, 0.0306216 
4.729, 0.0306098 
4.73, 0.030598 
4.731, 0.0305863 
4.732, 0.0305745 
4.733, 0.0305627 
4.734, 0.0305509 
4.735, 0.0305392 
4.736, 0.0305274 
4.737, 0.0305157 
4.738, 0.0305039 
4.739, 0.0304922 
4.74, 0.0304805 
4.741, 0.0304687 
4.742, 0.030457 
4.743, 0.0304453 
4.744, 0.0304336 
4.745, 0.0304219 
4.746, 0.0304102 
4.747, 0.0303985 
4.748, 0.0303868 
4.749, 0.0303752 
4.75, 0.0303635 
4.751, 0.0303518 
4.752, 0.0303402 
4.753, 0.0303285 
4.754, 0.0303169 
4.755, 0.0303052 
4.756, 0.0302936 
4.757, 0.030282 
4.758, 0.0302703 
4.759, 0.0302587 
4.76, 0.0302471 
4.761, 0.0302355 
4.762, 0.0302239 
4.763, 0.0302123 
4.764, 0.0302007 
4.765, 0.0301891 
4.766, 0.0301776 
4.767, 0.030166 
4.768, 0.0301544 
4.769, 0.0301429 
4.77, 0.0301313 
4.771, 0.0301198 
4.772, 0.0301082 
4.773, 0.0300967 
4.774, 0.0300852 
4.775, 0.0300736 
4.776, 0.0300621 
4.777, 0.0300506 
4.778, 0.0300391 
4.779, 0.0300276 
4.78, 0.0300161 
4.781, 0.0300046 
4.782, 0.0299932 
4.783, 0.0299817 
4.784, 0.0299702 
4.785, 0.0299587 
4.786, 0.0299473 
4.787, 0.0299358 
4.788, 0.0299244 
4.789, 0.029913 
4.79, 0.0299015 
4.791, 0.0298901 
4.792, 0.0298787 
4.793, 0.0298672 
4.794, 0.0298558 
4.795, 0.0298444 
4.796, 0.029833 
4.797, 0.0298216 
4.798, 0.0298103 
4.799, 0.0297989 
4.8, 0.0297875 
4.801, 0.0297761 
4.802, 0.0297648 
4.803, 0.0297534 
4.804, 0.029742 
4.805, 0.0297307 
4.806, 0.0297194 
4.807, 0.029708 
4.808, 0.0296967 
4.809, 0.0296854 
4.81, 0.029674 
4.811, 0.0296627 
4.812, 0.0296514 
4.813, 0.0296401 
4.814, 0.0296288 
4.815, 0.0296175 
4.816, 0.0296063 
4.817, 0.029595 
4.818, 0.0295837 
4.819, 0.0295724 
4.82, 0.0295612 
4.821, 0.0295499 
4.822, 0.0295387 
4.823, 0.0295274 
4.824, 0.0295162 
4.825, 0.029505 
4.826, 0.0294937 
4.827, 0.0294825 
4.828, 0.0294713 
4.829, 0.0294601 
4.83, 0.0294489 
4.831, 0.0294377 
4.832, 0.0294265 
4.833, 0.0294153 
4.834, 0.0294041 
4.835, 0.029393 
4.836, 0.0293818 
4.837, 0.0293706 
4.838, 0.0293595 
4.839, 0.0293483 
4.84, 0.0293372 
4.841, 0.029326 
4.842, 0.0293149 
4.843, 0.0293038 
4.844, 0.0292926 
4.845, 0.0292815 
4.846, 0.0292704 
4.847, 0.0292593 
4.848, 0.0292482 
4.849, 0.0292371 
4.85, 0.029226 
4.851, 0.0292149 
4.852, 0.0292038 
4.853, 0.0291928 
4.854, 0.0291817 
4.855, 0.0291706 
4.856, 0.0291596 
4.857, 0.0291485 
4.858, 0.0291375 
4.859, 0.0291265 
4.86, 0.0291154 
4.861, 0.0291044 
4.862, 0.0290934 
4.863, 0.0290824 
4.864, 0.0290713 
4.865, 0.0290603 
4.866, 0.0290493 
4.867, 0.0290383 
4.868, 0.0290274 
4.869, 0.0290164 
4.87, 0.0290054 
4.871, 0.0289944 
4.872, 0.0289835 
4.873, 0.0289725 
4.874, 0.0289615 
4.875, 0.0289506 
4.876, 0.0289396 
4.877, 0.0289287 
4.878, 0.0289178 
4.879, 0.0289068 
4.88, 0.0288959 
4.881, 0.028885 
4.882, 0.0288741 
4.883, 0.0288632 
4.884, 0.0288523 
4.885, 0.0288414 
4.886, 0.0288305 
4.887, 0.0288196 
4.888, 0.0288087 
4.889, 0.0287979 
4.89, 0.028787 
4.891, 0.0287761 
4.892, 0.0287653 
4.893, 0.0287544 
4.894, 0.0287436 
4.895, 0.0287328 
4.896, 0.0287219 
4.897, 0.0287111 
4.898, 0.0287003 
4.899, 0.0286894 
4.9, 0.0286786 
4.901, 0.0286678 
4.902, 0.028657 
4.903, 0.0286462 
4.904, 0.0286354 
4.905, 0.0286247 
4.906, 0.0286139 
4.907, 0.0286031 
4.908, 0.0285923 
4.909, 0.0285816 
4.91, 0.0285708 
4.911, 0.0285601 
4.912, 0.0285493 
4.913, 0.0285386 
4.914, 0.0285278 
4.915, 0.0285171 
4.916, 0.0285064 
4.917, 0.0284957 
4.918, 0.028485 
4.919, 0.0284743 
4.92, 0.0284636 
4.921, 0.0284529 
4.922, 0.0284422 
4.923, 0.0284315 
4.924, 0.0284208 
4.925, 0.0284101 
4.926, 0.0283994 
4.927, 0.0283888 
4.928, 0.0283781 
4.929, 0.0283675 
4.93, 0.0283568 
4.931, 0.0283462 
4.932, 0.0283355 
4.933, 0.0283249 
4.934, 0.0283143 
4.935, 0.0283037 
4.936, 0.028293 
4.937, 0.0282824 
4.938, 0.0282718 
4.939, 0.0282612 
4.94, 0.0282506 
4.941, 0.02824 
4.942, 0.0282295 
4.943, 0.0282189 
4.944, 0.0282083 
4.945, 0.0281977 
4.946, 0.0281872 
4.947, 0.0281766 
4.948, 0.0281661 
4.949, 0.0281555 
4.95, 0.028145 
4.951, 0.0281344 
4.952, 0.0281239 
4.953, 0.0281134 
4.954, 0.0281029 
4.955, 0.0280924 
4.956, 0.0280818 
4.957, 0.0280713 
4.958, 0.0280608 
4.959, 0.0280503 
4.96, 0.0280399 
4.961, 0.0280294 
4.962, 0.0280189 
4.963, 0.0280084 
4.964, 0.027998 
4.965, 0.0279875 
4.966, 0.027977 
4.967, 0.0279666 
4.968, 0.0279561 
4.969, 0.0279457 
4.97, 0.0279353 
4.971, 0.0279248 
4.972, 0.0279144 
4.973, 0.027904 
4.974, 0.0278936 
4.975, 0.0278832 
4.976, 0.0278728 
4.977, 0.0278624 
4.978, 0.027852 
4.979, 0.0278416 
4.98, 0.0278312 
4.981, 0.0278208 
4.982, 0.0278105 
4.983, 0.0278001 
4.984, 0.0277897 
4.985, 0.0277794 
4.986, 0.027769 
4.987, 0.0277587 
4.988, 0.0277483 
4.989, 0.027738 
4.99, 0.0277277 
4.991, 0.0277173 
4.992, 0.027707 
4.993, 0.0276967 
4.994, 0.0276864 
4.995, 0.0276761 
4.996, 0.0276658 
4.997, 0.0276555 
4.998, 0.0276452 
4.999, 0.0276349 
