0 -nan
0.005 0.220033
0.01 0.236614
0.015 0.5304
0.02 0.0930143
0.025 0.462242
0.03 0.350146
0.035 0.118537
0.04 0.536993
0.045 0.0516595
0.05 0.283632
0.055 0.0732008
0.06 0.20717
0.065 0.5379
0.07 0.246025
0.075 0.00811919
0.08 0.0517737
0.085 0.0220887
0.09 0.227528
0.095 0.861275
0.1 0.522053
0.105 0.190992
0.11 0.923639
0.115 0.0948811
0.12 0.884964
0.125 0.332026
0.13 0.402669
0.135 0.950225
0.14 0.118845
0.145 0.452184
0.15 0.990006
0.155 0.384408
0.16 0.0708089
0.165 0.64588
0.17 0.972717
0.175 0.540509
0.18 0.0712186
0.185 0.193129
0.19 0.682921
0.195 0.952116
0.2 0.754862
0.205 0.326478
0.21 0.0506274
0.215 0.116859
0.22 0.435019
0.225 0.768682
0.23 0.917735
0.235 0.821829
0.24 0.556332
0.245 0.262133
0.25 0.0667633
0.255 0.035052
0.26 0.159372
0.265 0.379536
0.27 0.61502
0.275 0.794511
0.28 0.874354
0.285 0.844089
0.29 0.721749
0.295 0.54339
0.3 0.351252
0.305 0.183691
0.31 0.0685204
0.315 0.020099
0.32 0.039593
0.325 0.11744
0.33 0.23694
0.335 0.378068
0.34 0.520849
0.345 0.647931
0.35 0.746208
0.355 0.807554
0.36 0.828793
0.365 0.81114
0.37 0.75929
0.375 0.680365
0.38 0.582849
0.385 0.475638
0.39 0.367247
0.395 0.265218
0.4 0.175727
0.405 0.103378
0.41 0.0511471
0.415 0.0204583
0.42 0.0113396
0.425 0.0226426
0.43 0.0522892
0.435 0.0975259
0.44 0.155168
0.445 0.221819
0.45 0.294067
0.455 0.368635
0.46 0.442508
0.465 0.513019
0.47 0.577908
0.475 0.635349
0.48 0.683958
0.485 0.722781
0.49 0.751269
0.495 0.76924
0.5 0.776834
0.505 0.77447
0.51 0.762792
0.515 0.742625
0.52 0.714927
0.525 0.680746
0.53 0.641184
0.535 0.597359
0.54 0.550382
0.545 0.501325
0.55 0.451208
0.555 0.400979
0.56 0.351506
0.565 0.303565
0.57 0.257838
0.575 0.214914
0.58 0.175281
0.585 0.139336
0.59 0.107387
0.595 0.0796531
0.6 0.0562784
0.605 0.0373324
0.61 0.0228195
0.615 0.0126853
0.62 0.00682421
0.625 0.00508636
0.63 0.00728415
0.635 0.013199
0.64 0.0225871
0.645 0.0351857
0.65 0.0507177
0.655 0.0688968
0.66 0.0894314
0.665 0.112029
0.67 0.136399
0.675 0.162256
0.68 0.189321
0.685 0.217327
0.69 0.246016
0.695 0.275143
0.7 0.304479
0.705 0.333808
0.71 0.362928
0.715 0.391654
0.72 0.419817
0.725 0.447263
0.73 0.473853
0.735 0.499464
0.74 0.523988
0.745 0.547329
0.75 0.569408
0.755 0.590156
0.76 0.609519
0.765 0.627452
0.77 0.643923
0.775 0.658909
0.78 0.672398
0.785 0.684384
0.79 0.694873
0.795 0.703874
0.8 0.711406
0.805 0.717492
0.81 0.722162
0.815 0.72545
0.82 0.727394
0.825 0.728035
0.83 0.727418
0.835 0.725592
0.84 0.722605
0.845 0.71851
0.85 0.71336
0.855 0.707207
0.86 0.700108
0.865 0.692117
0.87 0.68329
0.875 0.673681
0.88 0.663346
0.885 0.652338
0.89 0.64071
0.895 0.628517
0.9 0.615808
0.905 0.602634
0.91 0.589045
0.915 0.575087
0.92 0.560808
0.925 0.546251
0.93 0.53146
0.935 0.516476
0.94 0.50134
0.945 0.486089
0.95 0.470759
0.955 0.455387
0.96 0.440004
0.965 0.424642
0.97 0.409332
0.975 0.394101
0.98 0.378977
0.985 0.363983
0.99 0.349144
0.995 0.334482
1 0.320017
1.005 0.305768
1.01 0.291753
1.015 0.277988
1.02 0.264489
1.025 0.251269
1.03 0.238341
1.035 0.225716
1.04 0.213405
1.045 0.201416
1.05 0.189759
1.055 0.178439
1.06 0.167465
1.065 0.15684
1.07 0.146569
1.075 0.136657
1.08 0.127105
1.085 0.117917
1.09 0.109094
1.095 0.100636
1.1 0.0925446
1.105 0.0848184
1.11 0.077457
1.115 0.0704588
1.12 0.0638221
1.125 0.0575446
1.13 0.0516234
1.135 0.0460556
1.14 0.0408375
1.145 0.0359655
1.15 0.0314354
1.155 0.0272428
1.16 0.0233831
1.165 0.0198513
1.17 0.0166424
1.175 0.0137511
1.18 0.0111719
1.185 0.00889909
1.19 0.00692701
1.195 0.00524975
1.2 0.0038613
1.205 0.00275559
1.21 0.00192645
1.215 0.00136767
1.22 0.00107296
1.225 0.00103602
1.23 0.0012505
1.235 0.00171006
1.24 0.00240833
1.245 0.00333895
1.25 0.00449557
1.255 0.00587186
1.26 0.00746152
1.265 0.00925828
1.27 0.0112559
1.275 0.0134482
1.28 0.0158291
1.285 0.0183925
1.29 0.0211324
1.295 0.0240428
1.3 0.0271178
1.305 0.0303517
1.31 0.0337388
1.315 0.0372733
1.32 0.0409498
1.325 0.0447627
1.33 0.0487067
1.335 0.0527765
1.34 0.0569669
1.345 0.0612727
1.35 0.0656889
1.355 0.0702106
1.36 0.074833
1.365 0.0795514
1.37 0.084361
1.375 0.0892573
1.38 0.094236
1.385 0.0992926
1.39 0.104423
1.395 0.109623
1.4 0.114888
1.405 0.120215
1.41 0.125599
1.415 0.131037
1.42 0.136526
1.425 0.142061
1.43 0.147639
1.435 0.153256
1.44 0.15891
1.445 0.164597
1.45 0.170314
1.455 0.176058
1.46 0.181826
1.465 0.187615
1.47 0.193422
1.475 0.199244
1.48 0.20508
1.485 0.210925
1.49 0.216779
1.495 0.222637
1.5 0.228499
1.505 0.234362
1.51 0.240223
1.515 0.24608
1.52 0.251932
1.525 0.257777
1.53 0.263612
1.535 0.269435
1.54 0.275246
1.545 0.281041
1.55 0.286821
1.555 0.292582
1.56 0.298323
1.565 0.304043
1.57 0.309741
1.575 0.315414
1.58 0.321062
1.585 0.326684
1.59 0.332278
1.595 0.337843
1.6 0.343378
1.605 0.348882
1.61 0.354354
1.615 0.359792
1.62 0.365197
1.625 0.370566
1.63 0.3759
1.635 0.381197
1.64 0.386456
1.645 0.391678
1.65 0.39686
1.655 0.402003
1.66 0.407106
1.665 0.412168
1.67 0.417189
1.675 0.422168
1.68 0.427105
1.685 0.431999
1.69 0.436849
1.695 0.441656
1.7 0.446419
1.705 0.451138
1.71 0.455812
1.715 0.460441
1.72 0.465025
1.725 0.469563
1.73 0.474055
1.735 0.478502
1.74 0.482902
1.745 0.487257
1.75 0.491564
1.755 0.495825
1.76 0.50004
1.765 0.504208
1.77 0.508329
1.775 0.512403
1.78 0.51643
1.785 0.520411
1.79 0.524344
1.795 0.528231
1.8 0.53207
1.805 0.535863
1.81 0.539609
1.815 0.543309
1.82 0.546962
1.825 0.550568
1.83 0.554128
1.835 0.557642
1.84 0.561109
1.845 0.564531
1.85 0.567906
1.855 0.571236
1.86 0.57452
1.865 0.577759
1.87 0.580953
1.875 0.584102
1.88 0.587206
1.885 0.590265
1.89 0.59328
1.895 0.59625
1.9 0.599177
1.905 0.60206
1.91 0.6049
1.915 0.607696
1.92 0.61045
1.925 0.61316
1.93 0.615828
1.935 0.618454
1.94 0.621038
1.945 0.62358
1.95 0.626081
1.955 0.628541
1.96 0.63096
1.965 0.633338
1.97 0.635676
1.975 0.637974
1.98 0.640233
1.985 0.642452
1.99 0.644631
1.995 0.646772
2 0.648875
2.005 0.650939
2.01 0.652966
2.015 0.654954
2.02 0.656906
2.025 0.658821
2.03 0.660698
2.035 0.66254
2.04 0.664345
2.045 0.666115
2.05 0.667849
2.055 0.669548
2.06 0.671212
2.065 0.672842
2.07 0.674438
2.075 0.675999
2.08 0.677528
2.085 0.679022
2.09 0.680484
2.095 0.681914
2.1 0.68331
2.105 0.684675
2.11 0.686009
2.115 0.68731
2.12 0.688581
2.125 0.689821
2.13 0.69103
2.135 0.692209
2.14 0.693359
2.145 0.694478
2.15 0.695569
2.155 0.69663
2.16 0.697663
2.165 0.698667
2.17 0.699643
2.175 0.700592
2.18 0.701513
2.185 0.702406
2.19 0.703273
2.195 0.704113
2.2 0.704927
2.205 0.705715
2.21 0.706477
2.215 0.707213
2.22 0.707925
2.225 0.708611
2.23 0.709272
2.235 0.70991
2.24 0.710523
2.245 0.711112
2.25 0.711678
2.255 0.71222
2.26 0.712739
2.265 0.713236
2.27 0.71371
2.275 0.714161
2.28 0.714591
2.285 0.714999
2.29 0.715385
2.295 0.715751
2.3 0.716095
2.305 0.716418
2.31 0.716721
2.315 0.717004
2.32 0.717267
2.325 0.71751
2.33 0.717733
2.335 0.717937
2.34 0.718122
2.345 0.718289
2.35 0.718436
2.355 0.718565
2.36 0.718677
2.365 0.71877
2.37 0.718845
2.375 0.718903
2.38 0.718944
2.385 0.718968
2.39 0.718975
2.395 0.718965
2.4 0.718939
2.405 0.718897
2.41 0.718839
2.415 0.718765
2.42 0.718675
2.425 0.71857
2.43 0.71845
2.435 0.718315
2.44 0.718166
2.445 0.718001
2.45 0.717822
2.455 0.717629
2.46 0.717423
2.465 0.717202
2.47 0.716967
2.475 0.716719
2.48 0.716458
2.485 0.716184
2.49 0.715897
2.495 0.715597
2.5 0.715285
2.505 0.71496
2.51 0.714623
2.515 0.714274
2.52 0.713913
2.525 0.71354
2.53 0.713156
2.535 0.71276
2.54 0.712353
2.545 0.711935
2.55 0.711507
2.555 0.711067
2.56 0.710617
2.565 0.710156
2.57 0.709685
2.575 0.709204
2.58 0.708713
2.585 0.708212
2.59 0.707701
2.595 0.707181
2.6 0.706651
2.605 0.706112
2.61 0.705564
2.615 0.705007
2.62 0.704441
2.625 0.703866
2.63 0.703283
2.635 0.702691
2.64 0.702091
2.645 0.701483
2.65 0.700866
2.655 0.700242
2.66 0.699609
2.665 0.698969
2.67 0.698322
2.675 0.697667
2.68 0.697004
2.685 0.696334
2.69 0.695657
2.695 0.694973
2.7 0.694283
2.705 0.693585
2.71 0.692881
2.715 0.69217
2.72 0.691453
2.725 0.690729
2.73 0.689999
2.735 0.689263
2.74 0.688521
2.745 0.687773
2.75 0.687019
2.755 0.686259
2.76 0.685494
2.765 0.684723
2.77 0.683947
2.775 0.683165
2.78 0.682379
2.785 0.681586
2.79 0.680789
2.795 0.679987
2.8 0.67918
2.805 0.678369
2.81 0.677552
2.815 0.676731
2.82 0.675905
2.825 0.675075
2.83 0.674241
2.835 0.673402
2.84 0.672559
2.845 0.671712
2.85 0.67086
2.855 0.670005
2.86 0.669146
2.865 0.668283
2.87 0.667417
2.875 0.666547
2.88 0.665673
2.885 0.664795
2.89 0.663914
2.895 0.66303
2.9 0.662143
2.905 0.661252
2.91 0.660358
2.915 0.659461
2.92 0.658561
2.925 0.657658
2.93 0.656752
2.935 0.655844
2.94 0.654932
2.945 0.654018
2.95 0.653101
2.955 0.652182
2.96 0.65126
2.965 0.650335
2.97 0.649409
2.975 0.648479
2.98 0.647548
2.985 0.646614
2.99 0.645679
2.995 0.644741
3 0.643801
3.005 0.642859
3.01 0.641915
3.015 0.640969
3.02 0.640021
3.025 0.639072
3.03 0.638121
3.035 0.637168
3.04 0.636213
3.045 0.635257
3.05 0.634299
3.055 0.63334
3.06 0.63238
3.065 0.631417
3.07 0.630454
3.075 0.629489
3.08 0.628523
3.085 0.627556
3.09 0.626588
3.095 0.625618
3.1 0.624648
3.105 0.623676
3.11 0.622704
3.115 0.62173
3.12 0.620755
3.125 0.61978
3.13 0.618804
3.135 0.617827
3.14 0.616849
3.145 0.61587
3.15 0.614891
3.155 0.613911
3.16 0.61293
3.165 0.611949
3.17 0.610967
3.175 0.609985
3.18 0.609002
3.185 0.608019
3.19 0.607036
3.195 0.606052
3.2 0.605067
3.205 0.604083
3.21 0.603098
3.215 0.602113
3.22 0.601127
3.225 0.600142
3.23 0.599156
3.235 0.59817
3.24 0.597184
3.245 0.596198
3.25 0.595212
3.255 0.594226
3.26 0.59324
3.265 0.592254
3.27 0.591268
3.275 0.590282
3.28 0.589296
3.285 0.588311
3.29 0.587325
3.295 0.58634
3.3 0.585355
3.305 0.58437
3.31 0.583385
3.315 0.582401
3.32 0.581417
3.325 0.580434
3.33 0.57945
3.335 0.578467
3.34 0.577485
3.345 0.576503
3.35 0.575521
3.355 0.57454
3.36 0.57356
3.365 0.572579
3.37 0.5716
3.375 0.570621
3.38 0.569642
3.385 0.568664
3.39 0.567687
3.395 0.56671
3.4 0.565734
3.405 0.564759
3.41 0.563784
3.415 0.56281
3.42 0.561837
3.425 0.560865
3.43 0.559893
3.435 0.558922
3.44 0.557951
3.445 0.556982
3.45 0.556013
3.455 0.555046
3.46 0.554079
3.465 0.553112
3.47 0.552147
3.475 0.551183
3.48 0.550219
3.485 0.549257
3.49 0.548295
3.495 0.547335
3.5 0.546375
3.505 0.545416
3.51 0.544459
3.515 0.543502
3.52 0.542546
3.525 0.541591
3.53 0.540638
3.535 0.539685
3.54 0.538734
3.545 0.537783
3.55 0.536834
3.555 0.535885
3.56 0.534938
3.565 0.533992
3.57 0.533047
3.575 0.532103
3.58 0.531161
3.585 0.530219
3.59 0.529279
3.595 0.528339
3.6 0.527401
3.605 0.526465
3.61 0.525529
3.615 0.524595
3.62 0.523662
3.625 0.52273
3.63 0.521799
3.635 0.520869
3.64 0.519941
3.645 0.519014
3.65 0.518089
3.655 0.517164
3.66 0.516241
3.665 0.515319
3.67 0.514399
3.675 0.51348
3.68 0.512562
3.685 0.511645
3.69 0.51073
3.695 0.509816
3.7 0.508904
3.705 0.507993
3.71 0.507083
3.715 0.506175
3.72 0.505267
3.725 0.504362
3.73 0.503457
3.735 0.502555
3.74 0.501653
3.745 0.500753
3.75 0.499854
3.755 0.498957
3.76 0.498061
3.765 0.497166
3.77 0.496273
3.775 0.495382
3.78 0.494492
3.785 0.493603
3.79 0.492716
3.795 0.49183
3.8 0.490945
3.805 0.490062
3.81 0.489181
3.815 0.488301
3.82 0.487422
3.825 0.486545
3.83 0.485669
3.835 0.484795
3.84 0.483923
3.845 0.483051
3.85 0.482182
3.855 0.481314
3.86 0.480447
3.865 0.479582
3.87 0.478718
3.875 0.477856
3.88 0.476995
3.885 0.476136
3.89 0.475278
3.895 0.474422
3.9 0.473567
3.905 0.472714
3.91 0.471863
3.915 0.471012
3.92 0.470164
3.925 0.469317
3.93 0.468471
3.935 0.467627
3.94 0.466785
3.945 0.465944
3.95 0.465105
3.955 0.464267
3.96 0.46343
3.965 0.462596
3.97 0.461762
3.975 0.460931
3.98 0.460101
3.985 0.459272
3.99 0.458445
3.995 0.457619
4 0.456795
4.005 0.455973
4.01 0.455152
4.015 0.454333
4.02 0.453515
4.025 0.452699
4.03 0.451884
4.035 0.451071
4.04 0.45026
4.045 0.44945
4.05 0.448641
4.055 0.447834
4.06 0.447029
4.065 0.446225
4.07 0.445423
4.075 0.444622
4.08 0.443823
4.085 0.443026
4.09 0.44223
4.095 0.441435
4.1 0.440642
4.105 0.439851
4.11 0.439061
4.115 0.438273
4.12 0.437486
4.125 0.436701
4.13 0.435918
4.135 0.435136
4.14 0.434355
4.145 0.433576
4.15 0.432799
4.155 0.432023
4.16 0.431249
4.165 0.430476
4.17 0.429705
4.175 0.428936
4.18 0.428167
4.185 0.427401
4.19 0.426636
4.195 0.425873
4.2 0.425111
4.205 0.42435
4.21 0.423592
4.215 0.422834
4.22 0.422079
4.225 0.421325
4.23 0.420572
4.235 0.419821
4.24 0.419071
4.245 0.418323
4.25 0.417577
4.255 0.416832
4.26 0.416089
4.265 0.415347
4.27 0.414607
4.275 0.413868
4.28 0.41313
4.285 0.412395
4.29 0.41166
4.295 0.410928
4.3 0.410197
4.305 0.409467
4.31 0.408739
4.315 0.408012
4.32 0.407287
4.325 0.406563
4.33 0.405841
4.335 0.405121
4.34 0.404402
4.345 0.403684
4.35 0.402968
4.355 0.402253
4.36 0.40154
4.365 0.400829
4.37 0.400119
4.375 0.39941
4.38 0.398703
4.385 0.397998
4.39 0.397293
4.395 0.396591
4.4 0.39589
4.405 0.39519
4.41 0.394492
4.415 0.393795
4.42 0.3931
4.425 0.392406
4.43 0.391714
4.435 0.391023
4.44 0.390334
4.445 0.389646
4.45 0.38896
4.455 0.388275
4.46 0.387591
4.465 0.386909
4.47 0.386229
4.475 0.38555
4.48 0.384872
4.485 0.384196
4.49 0.383521
4.495 0.382848
4.5 0.382176
4.505 0.381506
4.51 0.380837
4.515 0.380169
4.52 0.379503
4.525 0.378839
4.53 0.378176
4.535 0.377514
4.54 0.376853
4.545 0.376194
4.55 0.375537
4.555 0.374881
4.56 0.374226
4.565 0.373573
4.57 0.372921
4.575 0.372271
4.58 0.371622
4.585 0.370974
4.59 0.370328
4.595 0.369683
4.6 0.36904
4.605 0.368397
4.61 0.367757
4.615 0.367118
4.62 0.36648
4.625 0.365843
4.63 0.365208
4.635 0.364574
4.64 0.363942
4.645 0.363311
4.65 0.362682
4.655 0.362053
4.66 0.361426
4.665 0.360801
4.67 0.360177
4.675 0.359554
4.68 0.358933
4.685 0.358313
4.69 0.357694
4.695 0.357077
4.7 0.356461
4.705 0.355846
4.71 0.355233
4.715 0.354621
4.72 0.35401
4.725 0.353401
4.73 0.352793
4.735 0.352186
4.74 0.351581
4.745 0.350977
4.75 0.350374
4.755 0.349773
4.76 0.349173
4.765 0.348574
4.77 0.347976
4.775 0.34738
4.78 0.346786
4.785 0.346192
4.79 0.3456
4.795 0.345009
4.8 0.344419
4.805 0.343831
4.81 0.343244
4.815 0.342658
4.82 0.342074
4.825 0.341491
4.83 0.340909
4.835 0.340328
4.84 0.339749
4.845 0.339171
4.85 0.338594
4.855 0.338018
4.86 0.337444
4.865 0.336871
4.87 0.336299
4.875 0.335729
4.88 0.335159
4.885 0.334591
4.89 0.334025
4.895 0.333459
4.9 0.332895
4.905 0.332332
4.91 0.33177
4.915 0.331209
4.92 0.33065
4.925 0.330092
4.93 0.329535
4.935 0.328979
4.94 0.328425
4.945 0.327872
4.95 0.32732
4.955 0.326769
4.96 0.326219
4.965 0.325671
4.97 0.325124
4.975 0.324578
4.98 0.324033
4.985 0.32349
4.99 0.322947
4.995 0.322406
5 0.321866
5.005 0.321327
5.01 0.32079
5.015 0.320253
5.02 0.319718
5.025 0.319184
5.03 0.318651
5.035 0.318119
5.04 0.317589
5.045 0.317059
5.05 0.316531
5.055 0.316004
5.06 0.315478
5.065 0.314953
5.07 0.314429
5.075 0.313907
5.08 0.313386
5.085 0.312865
5.09 0.312346
5.095 0.311828
5.1 0.311312
5.105 0.310796
5.11 0.310282
5.115 0.309768
5.12 0.309256
5.125 0.308745
5.13 0.308235
5.135 0.307726
5.14 0.307218
5.145 0.306711
5.15 0.306206
5.155 0.305701
5.16 0.305198
5.165 0.304696
5.17 0.304195
5.175 0.303695
5.18 0.303196
5.185 0.302698
5.19 0.302201
5.195 0.301705
5.2 0.301211
5.205 0.300717
5.21 0.300225
5.215 0.299734
5.22 0.299243
5.225 0.298754
5.23 0.298266
5.235 0.297779
5.24 0.297293
5.245 0.296808
5.25 0.296324
5.255 0.295841
5.26 0.295359
5.265 0.294879
5.27 0.294399
5.275 0.29392
5.28 0.293443
5.285 0.292966
5.29 0.292491
5.295 0.292016
5.3 0.291543
5.305 0.29107
5.31 0.290599
5.315 0.290129
5.32 0.289659
5.325 0.289191
5.33 0.288724
5.335 0.288258
5.34 0.287792
5.345 0.287328
5.35 0.286865
5.355 0.286403
5.36 0.285941
5.365 0.285481
5.37 0.285022
5.375 0.284564
5.38 0.284107
5.385 0.28365
5.39 0.283195
5.395 0.282741
5.4 0.282288
5.405 0.281835
5.41 0.281384
5.415 0.280934
5.42 0.280484
5.425 0.280036
5.43 0.279589
5.435 0.279142
5.44 0.278697
5.445 0.278252
5.45 0.277809
5.455 0.277366
5.46 0.276925
5.465 0.276484
5.47 0.276044
5.475 0.275605
5.48 0.275168
5.485 0.274731
5.49 0.274295
5.495 0.27386
5.5 0.273426
5.505 0.272993
5.51 0.272561
5.515 0.272129
5.52 0.271699
5.525 0.27127
5.53 0.270841
5.535 0.270414
5.54 0.269987
5.545 0.269561
5.55 0.269137
5.555 0.268713
5.56 0.26829
5.565 0.267868
5.57 0.267447
5.575 0.267027
5.58 0.266607
5.585 0.266189
5.59 0.265771
5.595 0.265355
5.6 0.264939
5.605 0.264524
5.61 0.26411
5.615 0.263697
5.62 0.263285
5.625 0.262874
5.63 0.262463
5.635 0.262054
5.64 0.261645
5.645 0.261237
5.65 0.26083
5.655 0.260424
5.66 0.260019
5.665 0.259615
5.67 0.259211
5.675 0.258809
5.68 0.258407
5.685 0.258006
5.69 0.257606
5.695 0.257207
5.7 0.256809
5.705 0.256411
5.71 0.256015
5.715 0.255619
5.72 0.255224
5.725 0.25483
5.73 0.254437
5.735 0.254044
5.74 0.253653
5.745 0.253262
5.75 0.252872
5.755 0.252483
5.76 0.252095
5.765 0.251707
5.77 0.251321
5.775 0.250935
5.78 0.25055
5.785 0.250166
5.79 0.249782
5.795 0.2494
5.8 0.249018
5.805 0.248637
5.81 0.248257
5.815 0.247878
5.82 0.247499
5.825 0.247121
5.83 0.246745
5.835 0.246368
5.84 0.245993
5.845 0.245619
5.85 0.245245
5.855 0.244872
5.86 0.2445
5.865 0.244128
5.87 0.243758
5.875 0.243388
5.88 0.243019
5.885 0.242651
5.89 0.242283
5.895 0.241916
5.9 0.24155
5.905 0.241185
5.91 0.240821
5.915 0.240457
5.92 0.240094
5.925 0.239732
5.93 0.239371
5.935 0.23901
5.94 0.23865
5.945 0.238291
5.95 0.237933
5.955 0.237575
5.96 0.237218
5.965 0.236862
5.97 0.236507
5.975 0.236152
5.98 0.235799
5.985 0.235445
5.99 0.235093
5.995 0.234741
6 0.23439
6.005 0.23404
6.01 0.233691
6.015 0.233342
6.02 0.232994
6.025 0.232647
6.03 0.2323
6.035 0.231954
6.04 0.231609
6.045 0.231265
6.05 0.230921
6.055 0.230578
6.06 0.230236
6.065 0.229894
6.07 0.229553
6.075 0.229213
6.08 0.228874
6.085 0.228535
6.09 0.228197
6.095 0.227859
6.1 0.227523
6.105 0.227187
6.11 0.226851
6.115 0.226517
6.12 0.226183
6.125 0.22585
6.13 0.225517
6.135 0.225185
6.14 0.224854
6.145 0.224524
6.15 0.224194
6.155 0.223865
6.16 0.223537
6.165 0.223209
6.17 0.222882
6.175 0.222555
6.18 0.22223
6.185 0.221905
6.19 0.22158
6.195 0.221256
6.2 0.220933
6.205 0.220611
6.21 0.220289
6.215 0.219968
6.22 0.219648
6.225 0.219328
6.23 0.219009
6.235 0.21869
6.24 0.218372
6.245 0.218055
6.25 0.217739
6.255 0.217423
6.26 0.217108
6.265 0.216793
6.27 0.216479
6.275 0.216166
6.28 0.215853
6.285 0.215541
6.29 0.21523
6.295 0.214919
6.3 0.214609
6.305 0.214299
6.31 0.21399
6.315 0.213682
6.32 0.213374
6.325 0.213067
6.33 0.212761
6.335 0.212455
6.34 0.21215
6.345 0.211846
6.35 0.211542
6.355 0.211238
6.36 0.210936
6.365 0.210634
6.37 0.210332
6.375 0.210031
6.38 0.209731
6.385 0.209431
6.39 0.209132
6.395 0.208834
6.4 0.208536
6.405 0.208239
6.41 0.207942
6.415 0.207646
6.42 0.207351
6.425 0.207056
6.43 0.206762
6.435 0.206468
6.44 0.206175
6.445 0.205882
6.45 0.20559
6.455 0.205299
6.46 0.205008
6.465 0.204718
6.47 0.204429
6.475 0.20414
6.48 0.203851
6.485 0.203563
6.49 0.203276
6.495 0.202989
6.5 0.202703
6.505 0.202418
6.51 0.202133
6.515 0.201848
6.52 0.201564
6.525 0.201281
6.53 0.200998
6.535 0.200716
6.54 0.200435
6.545 0.200154
6.55 0.199873
6.555 0.199593
6.56 0.199314
6.565 0.199035
6.57 0.198757
6.575 0.198479
6.58 0.198202
6.585 0.197925
6.59 0.197649
6.595 0.197374
6.6 0.197099
6.605 0.196824
6.61 0.19655
6.615 0.196277
6.62 0.196004
6.625 0.195732
6.63 0.19546
6.635 0.195189
6.64 0.194918
6.645 0.194648
6.65 0.194379
6.655 0.19411
6.66 0.193841
6.665 0.193573
6.67 0.193306
6.675 0.193039
6.68 0.192772
6.685 0.192506
6.69 0.192241
6.695 0.191976
6.7 0.191712
6.705 0.191448
6.71 0.191184
6.715 0.190922
6.72 0.190659
6.725 0.190398
6.73 0.190136
6.735 0.189876
6.74 0.189615
6.745 0.189356
6.75 0.189096
6.755 0.188838
6.76 0.188579
6.765 0.188322
6.77 0.188064
6.775 0.187808
6.78 0.187551
6.785 0.187296
6.79 0.18704
6.795 0.186786
6.8 0.186531
6.805 0.186278
6.81 0.186024
6.815 0.185772
6.82 0.185519
6.825 0.185268
6.83 0.185016
6.835 0.184765
6.84 0.184515
6.845 0.184265
6.85 0.184016
6.855 0.183767
6.86 0.183519
6.865 0.183271
6.87 0.183023
6.875 0.182776
6.88 0.18253
6.885 0.182284
6.89 0.182038
6.895 0.181793
6.9 0.181549
6.905 0.181304
6.91 0.181061
6.915 0.180818
6.92 0.180575
6.925 0.180333
6.93 0.180091
6.935 0.179849
6.94 0.179609
6.945 0.179368
6.95 0.179128
6.955 0.178889
6.96 0.17865
6.965 0.178411
6.97 0.178173
6.975 0.177935
6.98 0.177698
6.985 0.177461
6.99 0.177225
6.995 0.176989
7 0.176754
7.005 0.176519
7.01 0.176284
7.015 0.17605
7.02 0.175816
7.025 0.175583
7.03 0.17535
7.035 0.175118
7.04 0.174886
7.045 0.174655
7.05 0.174424
7.055 0.174193
7.06 0.173963
7.065 0.173733
7.07 0.173504
7.075 0.173275
7.08 0.173047
7.085 0.172819
7.09 0.172592
7.095 0.172364
7.1 0.172138
7.105 0.171912
7.11 0.171686
7.115 0.17146
7.12 0.171235
7.125 0.171011
7.13 0.170787
7.135 0.170563
7.14 0.17034
7.145 0.170117
7.15 0.169894
7.155 0.169672
7.16 0.169451
7.165 0.16923
7.17 0.169009
7.175 0.168788
7.18 0.168569
7.185 0.168349
7.19 0.16813
7.195 0.167911
7.2 0.167693
7.205 0.167475
7.21 0.167257
7.215 0.16704
7.22 0.166824
7.225 0.166607
7.23 0.166391
7.235 0.166176
7.24 0.165961
7.245 0.165746
7.25 0.165532
7.255 0.165318
7.26 0.165105
7.265 0.164891
7.27 0.164679
7.275 0.164466
7.28 0.164255
7.285 0.164043
7.29 0.163832
7.295 0.163621
7.3 0.163411
7.305 0.163201
7.31 0.162991
7.315 0.162782
7.32 0.162573
7.325 0.162365
7.33 0.162157
7.335 0.161949
7.34 0.161742
7.345 0.161535
7.35 0.161329
7.355 0.161122
7.36 0.160917
7.365 0.160711
7.37 0.160506
7.375 0.160302
7.38 0.160097
7.385 0.159894
7.39 0.15969
7.395 0.159487
7.4 0.159284
7.405 0.159082
7.41 0.15888
7.415 0.158678
7.42 0.158477
7.425 0.158276
7.43 0.158076
7.435 0.157875
7.44 0.157676
7.445 0.157476
7.45 0.157277
7.455 0.157078
7.46 0.15688
7.465 0.156682
7.47 0.156484
7.475 0.156287
7.48 0.15609
7.485 0.155894
7.49 0.155697
7.495 0.155502
7.5 0.155306
7.505 0.155111
7.51 0.154916
7.515 0.154722
7.52 0.154528
7.525 0.154334
7.53 0.154141
7.535 0.153948
7.54 0.153755
7.545 0.153563
7.55 0.153371
7.555 0.153179
7.56 0.152988
7.565 0.152797
7.57 0.152606
7.575 0.152416
7.58 0.152226
7.585 0.152036
7.59 0.151847
7.595 0.151658
7.6 0.15147
7.605 0.151282
7.61 0.151094
7.615 0.150906
7.62 0.150719
7.625 0.150532
7.63 0.150345
7.635 0.150159
7.64 0.149973
7.645 0.149788
7.65 0.149603
7.655 0.149418
7.66 0.149233
7.665 0.149049
7.67 0.148865
7.675 0.148682
7.68 0.148498
7.685 0.148315
7.69 0.148133
7.695 0.147951
7.7 0.147769
7.705 0.147587
7.71 0.147406
7.715 0.147225
7.72 0.147044
7.725 0.146864
7.73 0.146684
7.735 0.146504
7.74 0.146325
7.745 0.146146
7.75 0.145967
7.755 0.145789
7.76 0.14561
7.765 0.145433
7.77 0.145255
7.775 0.145078
7.78 0.144901
7.785 0.144725
7.79 0.144548
7.795 0.144373
7.8 0.144197
7.805 0.144022
7.81 0.143847
7.815 0.143672
7.82 0.143498
7.825 0.143324
7.83 0.14315
7.835 0.142976
7.84 0.142803
7.845 0.14263
7.85 0.142458
7.855 0.142286
7.86 0.142114
7.865 0.141942
7.87 0.141771
7.875 0.1416
7.88 0.141429
7.885 0.141258
7.89 0.141088
7.895 0.140918
7.9 0.140749
7.905 0.14058
7.91 0.140411
7.915 0.140242
7.92 0.140074
7.925 0.139905
7.93 0.139738
7.935 0.13957
7.94 0.139403
7.945 0.139236
7.95 0.139069
7.955 0.138903
7.96 0.138737
7.965 0.138571
7.97 0.138406
7.975 0.138241
7.98 0.138076
7.985 0.137911
7.99 0.137747
7.995 0.137583
8 0.137419
8.005 0.137255
8.01 0.137092
8.015 0.136929
8.02 0.136767
8.025 0.136604
8.03 0.136442
8.035 0.13628
8.04 0.136119
8.045 0.135958
8.05 0.135797
8.055 0.135636
8.06 0.135476
8.065 0.135315
8.07 0.135156
8.075 0.134996
8.08 0.134837
8.085 0.134678
8.09 0.134519
8.095 0.13436
8.1 0.134202
8.105 0.134044
8.11 0.133886
8.115 0.133729
8.12 0.133572
8.125 0.133415
8.13 0.133258
8.135 0.133102
8.14 0.132946
8.145 0.13279
8.15 0.132635
8.155 0.132479
8.16 0.132324
8.165 0.132169
8.17 0.132015
8.175 0.131861
8.18 0.131707
8.185 0.131553
8.19 0.1314
8.195 0.131246
8.2 0.131093
8.205 0.130941
8.21 0.130788
8.215 0.130636
8.22 0.130484
8.225 0.130333
8.23 0.130181
8.235 0.13003
8.24 0.129879
8.245 0.129729
8.25 0.129578
8.255 0.129428
8.26 0.129278
8.265 0.129129
8.27 0.128979
8.275 0.12883
8.28 0.128681
8.285 0.128533
8.29 0.128384
8.295 0.128236
8.3 0.128088
8.305 0.127941
8.31 0.127793
8.315 0.127646
8.32 0.127499
8.325 0.127353
8.33 0.127206
8.335 0.12706
8.34 0.126914
8.345 0.126769
8.35 0.126623
8.355 0.126478
8.36 0.126333
8.365 0.126189
8.37 0.126044
8.375 0.1259
8.38 0.125756
8.385 0.125612
8.39 0.125469
8.395 0.125325
8.4 0.125182
8.405 0.12504
8.41 0.124897
8.415 0.124755
8.42 0.124613
8.425 0.124471
8.43 0.124329
8.435 0.124188
8.44 0.124047
8.445 0.123906
8.45 0.123765
8.455 0.123625
8.46 0.123485
8.465 0.123345
8.47 0.123205
8.475 0.123066
8.48 0.122926
8.485 0.122787
8.49 0.122649
8.495 0.12251
8.5 0.122372
8.505 0.122234
8.51 0.122096
8.515 0.121958
8.52 0.12182
8.525 0.121683
8.53 0.121546
8.535 0.12141
8.54 0.121273
8.545 0.121137
8.55 0.121001
8.555 0.120865
8.56 0.120729
8.565 0.120594
8.57 0.120458
8.575 0.120323
8.58 0.120189
8.585 0.120054
8.59 0.11992
8.595 0.119786
8.6 0.119652
8.605 0.119518
8.61 0.119385
8.615 0.119251
8.62 0.119118
8.625 0.118986
8.63 0.118853
8.635 0.118721
8.64 0.118589
8.645 0.118457
8.65 0.118325
8.655 0.118193
8.66 0.118062
8.665 0.117931
8.67 0.1178
8.675 0.117669
8.68 0.117539
8.685 0.117409
8.69 0.117279
8.695 0.117149
8.7 0.117019
8.705 0.11689
8.71 0.116761
8.715 0.116632
8.72 0.116503
8.725 0.116374
8.73 0.116246
8.735 0.116118
8.74 0.11599
8.745 0.115862
8.75 0.115735
8.755 0.115607
8.76 0.11548
8.765 0.115353
8.77 0.115226
8.775 0.1151
8.78 0.114974
8.785 0.114848
8.79 0.114722
8.795 0.114596
8.8 0.11447
8.805 0.114345
8.81 0.11422
8.815 0.114095
8.82 0.11397
8.825 0.113846
8.83 0.113722
8.835 0.113597
8.84 0.113474
8.845 0.11335
8.85 0.113226
8.855 0.113103
8.86 0.11298
8.865 0.112857
8.87 0.112734
8.875 0.112612
8.88 0.112489
8.885 0.112367
8.89 0.112245
8.895 0.112123
8.9 0.112002
8.905 0.11188
8.91 0.111759
8.915 0.111638
8.92 0.111517
8.925 0.111397
8.93 0.111276
8.935 0.111156
8.94 0.111036
8.945 0.110916
8.95 0.110797
8.955 0.110677
8.96 0.110558
8.965 0.110439
8.97 0.11032
8.975 0.110201
8.98 0.110083
8.985 0.109964
8.99 0.109846
8.995 0.109728
9 0.10961
9.005 0.109493
9.01 0.109375
9.015 0.109258
9.02 0.109141
9.025 0.109024
9.03 0.108907
9.035 0.108791
9.04 0.108675
9.045 0.108558
9.05 0.108442
9.055 0.108327
9.06 0.108211
9.065 0.108096
9.07 0.10798
9.075 0.107865
9.08 0.10775
9.085 0.107636
9.09 0.107521
9.095 0.107407
9.1 0.107293
9.105 0.107179
9.11 0.107065
9.115 0.106951
9.12 0.106838
9.125 0.106725
9.13 0.106611
9.135 0.106499
9.14 0.106386
9.145 0.106273
9.15 0.106161
9.155 0.106049
9.16 0.105936
9.165 0.105825
9.17 0.105713
9.175 0.105601
9.18 0.10549
9.185 0.105379
9.19 0.105268
9.195 0.105157
9.2 0.105046
9.205 0.104936
9.21 0.104825
9.215 0.104715
9.22 0.104605
9.225 0.104495
9.23 0.104386
9.235 0.104276
9.24 0.104167
9.245 0.104058
9.25 0.103949
9.255 0.10384
9.26 0.103731
9.265 0.103623
9.27 0.103514
9.275 0.103406
9.28 0.103298
9.285 0.10319
9.29 0.103083
9.295 0.102975
9.3 0.102868
9.305 0.102761
9.31 0.102654
9.315 0.102547
9.32 0.10244
9.325 0.102334
9.33 0.102227
9.335 0.102121
9.34 0.102015
9.345 0.101909
9.35 0.101803
9.355 0.101698
9.36 0.101593
9.365 0.101487
9.37 0.101382
9.375 0.101277
9.38 0.101173
9.385 0.101068
9.39 0.100964
9.395 0.100859
9.4 0.100755
9.405 0.100651
9.41 0.100547
9.415 0.100444
9.42 0.10034
9.425 0.100237
9.43 0.100134
9.435 0.100031
9.44 0.0999278
9.445 0.0998251
9.45 0.0997226
9.455 0.0996202
9.46 0.0995179
9.465 0.0994158
9.47 0.0993139
9.475 0.0992121
9.48 0.0991104
9.485 0.099009
9.49 0.0989076
9.495 0.0988065
9.5 0.0987054
9.505 0.0986045
9.51 0.0985038
9.515 0.0984032
9.52 0.0983028
9.525 0.0982026
9.53 0.0981024
9.535 0.0980025
9.54 0.0979026
9.545 0.097803
9.55 0.0977034
9.555 0.0976041
9.56 0.0975048
9.565 0.0974057
9.57 0.0973068
9.575 0.097208
9.58 0.0971094
9.585 0.0970109
9.59 0.0969125
9.595 0.0968143
9.6 0.0967163
9.605 0.0966184
9.61 0.0965206
9.615 0.096423
9.62 0.0963255
9.625 0.0962282
9.63 0.096131
9.635 0.096034
9.64 0.0959371
9.645 0.0958403
9.65 0.0957437
9.655 0.0956473
9.66 0.0955509
9.665 0.0954548
9.67 0.0953587
9.675 0.0952628
9.68 0.0951671
9.685 0.0950715
9.69 0.094976
9.695 0.0948806
9.7 0.0947855
9.705 0.0946904
9.71 0.0945955
9.715 0.0945007
9.72 0.0944061
9.725 0.0943116
9.73 0.0942172
9.735 0.094123
9.74 0.0940289
9.745 0.093935
9.75 0.0938412
9.755 0.0937475
9.76 0.093654
9.765 0.0935606
9.77 0.0934674
9.775 0.0933742
9.78 0.0932813
9.785 0.0931884
9.79 0.0930957
9.795 0.0930031
9.8 0.0929107
9.805 0.0928184
9.81 0.0927262
9.815 0.0926342
9.82 0.0925423
9.825 0.0924505
9.83 0.0923589
9.835 0.0922674
9.84 0.092176
9.845 0.0920848
9.85 0.0919937
9.855 0.0919027
9.86 0.0918119
9.865 0.0917212
9.87 0.0916306
9.875 0.0915402
9.88 0.0914499
9.885 0.0913597
9.89 0.0912696
9.895 0.0911797
9.9 0.0910899
9.905 0.0910003
9.91 0.0909107
9.915 0.0908213
9.92 0.0907321
9.925 0.0906429
9.93 0.0905539
9.935 0.090465
9.94 0.0903763
9.945 0.0902876
9.95 0.0901991
9.955 0.0901108
9.96 0.0900225
9.965 0.0899344
9.97 0.0898464
9.975 0.0897586
9.98 0.0896708
9.985 0.0895832
9.99 0.0894957
9.995 0.0894084
