0 -nan
0.005 0.802458
0.01 0.197949
0.015 0.929951
0.02 0.585575
0.025 0.340637
0.03 0.0265014
0.035 0.240101
0.04 0.264496
0.045 0.17929
0.05 0.120495
0.055 0.120581
0.06 0.163449
0.065 0.225887
0.07 0.291033
0.075 0.349514
0.08 0.397318
0.085 0.433597
0.09 0.459118
0.095 0.47533
0.1 0.483858
0.105 0.486247
0.11 0.483858
0.115 0.477836
0.12 0.469116
0.125 0.458451
0.13 0.446434
0.135 0.433529
0.14 0.420094
0.145 0.406406
0.15 0.392672
0.155 0.379049
0.16 0.365651
0.165 0.352562
0.17 0.33984
0.175 0.327524
0.18 0.31564
0.185 0.304199
0.19 0.293207
0.195 0.282662
0.2 0.272558
0.205 0.262886
0.21 0.253631
0.215 0.244782
0.22 0.236323
0.225 0.228237
0.23 0.22051
0.235 0.213125
0.24 0.206067
0.245 0.19932
0.25 0.192869
0.255 0.1867
0.26 0.1808
0.265 0.175153
0.27 0.169749
0.275 0.164574
0.28 0.159618
0.285 0.154869
0.29 0.150317
0.295 0.145952
0.3 0.141764
0.305 0.137746
0.31 0.133888
0.315 0.130183
0.32 0.126623
0.325 0.123201
0.33 0.11991
0.335 0.116745
0.34 0.113698
0.345 0.110766
0.35 0.107941
0.355 0.10522
0.36 0.102598
0.365 0.100069
0.37 0.0976296
0.375 0.0952761
0.38 0.0930044
0.385 0.0908109
0.39 0.0886921
0.395 0.0866448
0.4 0.0846659
0.405 0.0827525
0.41 0.0809018
0.415 0.0791111
0.42 0.077378
0.425 0.0757001
0.43 0.0740751
0.435 0.0725009
0.44 0.0709754
0.445 0.0694966
0.45 0.0680628
0.455 0.0666721
0.46 0.0653229
0.465 0.0640136
0.47 0.0627426
0.475 0.0615086
0.48 0.06031
0.485 0.0591456
0.49 0.0580141
0.495 0.0569143
0.5 0.0558451
0.505 0.0548053
0.51 0.0537939
0.515 0.0528099
0.52 0.0518522
0.525 0.0509201
0.53 0.0500126
0.535 0.0491289
0.54 0.0482681
0.545 0.0474295
0.55 0.0466123
0.555 0.0458158
0.56 0.0450393
0.565 0.0442822
0.57 0.0435439
0.575 0.0428236
0.58 0.042121
0.585 0.0414353
0.59 0.040766
0.595 0.0401127
0.6 0.0394748
0.605 0.0388519
0.61 0.0382435
0.615 0.0376492
0.62 0.0370684
0.625 0.0365009
0.63 0.0359463
0.635 0.035404
0.64 0.0348739
0.645 0.0343555
0.65 0.0338484
0.655 0.0333524
0.66 0.0328672
0.665 0.0323924
0.67 0.0319278
0.675 0.031473
0.68 0.0310277
0.685 0.0305918
0.69 0.030165
0.695 0.029747
0.7 0.0293375
0.705 0.0289364
0.71 0.0285434
0.715 0.0281583
0.72 0.0277809
0.725 0.027411
0.73 0.0270484
0.735 0.0266929
0.74 0.0263443
0.745 0.0260025
0.75 0.0256672
0.755 0.0253384
0.76 0.0250158
0.765 0.0246992
0.77 0.0243887
0.775 0.0240839
0.78 0.0237847
0.785 0.0234911
0.79 0.0232028
0.795 0.0229198
0.8 0.022642
0.805 0.0223691
0.81 0.0221011
0.815 0.0218378
0.82 0.0215792
0.825 0.0213252
0.83 0.0210756
0.835 0.0208303
0.84 0.0205893
0.845 0.0203524
0.85 0.0201196
0.855 0.0198907
0.86 0.0196657
0.865 0.0194444
0.87 0.0192269
0.875 0.019013
0.88 0.0188026
0.885 0.0185957
0.89 0.0183921
0.895 0.0181919
0.9 0.0179949
0.905 0.0178011
0.91 0.0176104
0.915 0.0174227
0.92 0.017238
0.925 0.0170562
0.93 0.0168773
0.935 0.0167011
0.94 0.0165277
0.945 0.0163569
0.95 0.0161888
0.955 0.0160233
0.96 0.0158602
0.965 0.0156997
0.97 0.0155415
0.975 0.0153858
0.98 0.0152323
0.985 0.0150811
0.99 0.0149322
0.995 0.0147855
1 0.0146408
1.005 0.0144983
1.01 0.0143579
1.015 0.0142195
1.02 0.0140831
1.025 0.0139486
1.03 0.013816
1.035 0.0136853
1.04 0.0135565
1.045 0.0134294
1.05 0.0133042
1.055 0.0131806
1.06 0.0130588
1.065 0.0129387
1.07 0.0128202
1.075 0.0127033
1.08 0.012588
1.085 0.0124742
1.09 0.012362
1.095 0.0122513
1.1 0.0121421
1.105 0.0120343
1.11 0.011928
1.115 0.011823
1.12 0.0117195
1.125 0.0116172
1.13 0.0115163
1.135 0.0114167
1.14 0.0113184
1.145 0.0112214
1.15 0.0111256
1.155 0.011031
1.16 0.0109376
1.165 0.0108454
1.17 0.0107544
1.175 0.0106644
1.18 0.0105757
1.185 0.010488
1.19 0.0104014
1.195 0.0103158
1.2 0.0102313
1.205 0.0101479
1.21 0.0100654
1.215 0.00998398
1.22 0.00990352
1.225 0.00982402
1.23 0.00974548
1.235 0.00966787
1.24 0.00959119
1.245 0.00951541
1.25 0.00944052
1.255 0.00936651
1.26 0.00929337
1.265 0.00922108
1.27 0.00914963
1.275 0.009079
1.28 0.00900919
1.285 0.00894018
1.29 0.00887196
1.295 0.00880451
1.3 0.00873783
1.305 0.0086719
1.31 0.00860671
1.315 0.00854226
1.32 0.00847852
1.325 0.0084155
1.33 0.00835317
1.335 0.00829153
1.34 0.00823057
1.345 0.00817028
1.35 0.00811065
1.355 0.00805166
1.36 0.00799332
1.365 0.00793561
1.37 0.00787852
1.375 0.00782204
1.38 0.00776617
1.385 0.00771089
1.39 0.0076562
1.395 0.00760209
1.4 0.00754855
1.405 0.00749558
1.41 0.00744315
1.415 0.00739128
1.42 0.00733994
1.425 0.00728914
1.43 0.00723886
1.435 0.0071891
1.44 0.00713985
1.445 0.0070911
1.45 0.00704285
1.455 0.00699509
1.46 0.00694782
1.465 0.00690102
1.47 0.00685469
1.475 0.00680882
1.48 0.00676342
1.485 0.00671846
1.49 0.00667396
1.495 0.00662989
1.5 0.00658625
1.505 0.00654305
1.51 0.00650027
1.515 0.0064579
1.52 0.00641595
1.525 0.00637441
1.53 0.00633327
1.535 0.00629252
1.54 0.00625217
1.545 0.0062122
1.55 0.00617261
1.555 0.0061334
1.56 0.00609456
1.565 0.00605609
1.57 0.00601798
1.575 0.00598023
1.58 0.00594284
1.585 0.00590579
1.59 0.00586909
1.595 0.00583273
1.6 0.0057967
1.605 0.00576101
1.61 0.00572565
1.615 0.00569061
1.62 0.00565589
1.625 0.00562149
1.63 0.00558739
1.635 0.00555361
1.64 0.00552014
1.645 0.00548696
1.65 0.00545408
1.655 0.0054215
1.66 0.00538921
1.665 0.0053572
1.67 0.00532548
1.675 0.00529404
1.68 0.00526288
1.685 0.00523199
1.69 0.00520137
1.695 0.00517102
1.7 0.00514094
1.705 0.00511111
1.71 0.00508155
1.715 0.00505224
1.72 0.00502318
1.725 0.00499437
1.73 0.00496581
1.735 0.00493749
1.74 0.00490942
1.745 0.00488158
1.75 0.00485398
1.755 0.00482661
1.76 0.00479948
1.765 0.00477257
1.77 0.00474588
1.775 0.00471942
1.78 0.00469318
1.785 0.00466716
1.79 0.00464135
1.795 0.00461576
1.8 0.00459038
1.805 0.0045652
1.81 0.00454023
1.815 0.00451547
1.82 0.00449091
1.825 0.00446655
1.83 0.00444238
1.835 0.00441841
1.84 0.00439464
1.845 0.00437105
1.85 0.00434766
1.855 0.00432445
1.86 0.00430143
1.865 0.00427859
1.87 0.00425593
1.875 0.00423345
1.88 0.00421115
1.885 0.00418902
1.89 0.00416707
1.895 0.00414529
1.9 0.00412368
1.905 0.00410224
1.91 0.00408096
1.915 0.00405985
1.92 0.00403891
1.925 0.00401812
1.93 0.0039975
1.935 0.00397703
1.94 0.00395672
1.945 0.00393656
1.95 0.00391656
1.955 0.00389671
1.96 0.00387701
1.965 0.00385746
1.97 0.00383806
1.975 0.0038188
1.98 0.00379969
1.985 0.00378072
1.99 0.00376189
1.995 0.0037432
2 0.00372465
2.005 0.00370624
2.01 0.00368797
2.015 0.00366983
2.02 0.00365182
2.025 0.00363394
2.03 0.0036162
2.035 0.00359858
2.04 0.0035811
2.045 0.00356374
2.05 0.0035465
2.055 0.00352939
2.06 0.00351241
2.065 0.00349554
2.07 0.0034788
2.075 0.00346218
2.08 0.00344568
2.085 0.00342929
2.09 0.00341302
2.095 0.00339687
2.1 0.00338083
2.105 0.0033649
2.11 0.00334909
2.115 0.00333338
2.12 0.00331779
2.125 0.00330231
2.13 0.00328693
2.135 0.00327166
2.14 0.0032565
2.145 0.00324144
2.15 0.00322649
2.155 0.00321164
2.16 0.00319689
2.165 0.00318224
2.17 0.0031677
2.175 0.00315325
2.18 0.0031389
2.185 0.00312465
2.19 0.0031105
2.195 0.00309644
2.2 0.00308248
2.205 0.00306861
2.21 0.00305483
2.215 0.00304115
2.22 0.00302756
2.225 0.00301406
2.23 0.00300065
2.235 0.00298732
2.24 0.00297409
2.245 0.00296095
2.25 0.00294789
2.255 0.00293492
2.26 0.00292203
2.265 0.00290923
2.27 0.00289651
2.275 0.00288387
2.28 0.00287132
2.285 0.00285885
2.29 0.00284646
2.295 0.00283415
2.3 0.00282192
2.305 0.00280977
2.31 0.0027977
2.315 0.0027857
2.32 0.00277379
2.325 0.00276194
2.33 0.00275018
2.335 0.00273849
2.34 0.00272687
2.345 0.00271533
2.35 0.00270386
2.355 0.00269246
2.36 0.00268113
2.365 0.00266988
2.37 0.0026587
2.375 0.00264758
2.38 0.00263654
2.385 0.00262556
2.39 0.00261466
2.395 0.00260382
2.4 0.00259305
2.405 0.00258234
2.41 0.0025717
2.415 0.00256113
2.42 0.00255062
2.425 0.00254018
2.43 0.0025298
2.435 0.00251948
2.44 0.00250923
2.445 0.00249904
2.45 0.00248891
2.455 0.00247884
2.46 0.00246883
2.465 0.00245889
2.47 0.002449
2.475 0.00243917
2.48 0.00242941
2.485 0.0024197
2.49 0.00241005
2.495 0.00240045
2.5 0.00239092
2.505 0.00238144
2.51 0.00237201
2.515 0.00236264
2.52 0.00235333
2.525 0.00234407
2.53 0.00233487
2.535 0.00232572
2.54 0.00231663
2.545 0.00230758
2.55 0.0022986
2.555 0.00228966
2.56 0.00228077
2.565 0.00227194
2.57 0.00226316
2.575 0.00225443
2.58 0.00224575
2.585 0.00223712
2.59 0.00222853
2.595 0.00222
2.6 0.00221152
2.605 0.00220309
2.61 0.0021947
2.615 0.00218636
2.62 0.00217807
2.625 0.00216982
2.63 0.00216163
2.635 0.00215348
2.64 0.00214537
2.645 0.00213731
2.65 0.0021293
2.655 0.00212133
2.66 0.0021134
2.665 0.00210552
2.67 0.00209769
2.675 0.00208989
2.68 0.00208215
2.685 0.00207444
2.69 0.00206678
2.695 0.00205915
2.7 0.00205158
2.705 0.00204404
2.71 0.00203654
2.715 0.00202909
2.72 0.00202167
2.725 0.0020143
2.73 0.00200697
2.735 0.00199967
2.74 0.00199242
2.745 0.00198521
2.75 0.00197803
2.755 0.00197089
2.76 0.0019638
2.765 0.00195674
2.77 0.00194972
2.775 0.00194273
2.78 0.00193579
2.785 0.00192888
2.79 0.001922
2.795 0.00191517
2.8 0.00190837
2.805 0.00190161
2.81 0.00189488
2.815 0.00188819
2.82 0.00188153
2.825 0.00187491
2.83 0.00186832
2.835 0.00186177
2.84 0.00185525
2.845 0.00184877
2.85 0.00184232
2.855 0.00183591
2.86 0.00182953
2.865 0.00182318
2.87 0.00181686
2.875 0.00181058
2.88 0.00180433
2.885 0.00179811
2.89 0.00179192
2.895 0.00178577
2.9 0.00177965
2.905 0.00177355
2.91 0.00176749
2.915 0.00176147
2.92 0.00175547
2.925 0.0017495
2.93 0.00174356
2.935 0.00173765
2.94 0.00173178
2.945 0.00172593
2.95 0.00172011
2.955 0.00171432
2.96 0.00170856
2.965 0.00170283
2.97 0.00169713
2.975 0.00169146
2.98 0.00168581
2.985 0.0016802
2.99 0.00167461
2.995 0.00166905
3 0.00166352
3.005 0.00165801
3.01 0.00165253
3.015 0.00164708
3.02 0.00164166
3.025 0.00163626
3.03 0.00163089
3.035 0.00162554
3.04 0.00162023
3.045 0.00161493
3.05 0.00160967
3.055 0.00160443
3.06 0.00159921
3.065 0.00159402
3.07 0.00158886
3.075 0.00158372
3.08 0.0015786
3.085 0.00157351
3.09 0.00156845
3.095 0.00156341
3.1 0.00155839
3.105 0.0015534
3.11 0.00154843
3.115 0.00154348
3.12 0.00153856
3.125 0.00153367
3.13 0.00152879
3.135 0.00152394
3.14 0.00151911
3.145 0.00151431
3.15 0.00150952
3.155 0.00150476
3.16 0.00150003
3.165 0.00149531
3.17 0.00149062
3.175 0.00148595
3.18 0.0014813
3.185 0.00147667
3.19 0.00147207
3.195 0.00146748
3.2 0.00146292
3.205 0.00145838
3.21 0.00145386
3.215 0.00144936
3.22 0.00144488
3.225 0.00144042
3.23 0.00143599
3.235 0.00143157
3.24 0.00142717
3.245 0.0014228
3.25 0.00141844
3.255 0.00141411
3.26 0.00140979
3.265 0.00140549
3.27 0.00140122
3.275 0.00139696
3.28 0.00139272
3.285 0.0013885
3.29 0.0013843
3.295 0.00138012
3.3 0.00137596
3.305 0.00137182
3.31 0.00136769
3.315 0.00136359
3.32 0.0013595
3.325 0.00135543
3.33 0.00135138
3.335 0.00134735
3.34 0.00134334
3.345 0.00133934
3.35 0.00133536
3.355 0.0013314
3.36 0.00132746
3.365 0.00132353
3.37 0.00131962
3.375 0.00131573
3.38 0.00131186
3.385 0.001308
3.39 0.00130416
3.395 0.00130034
3.4 0.00129653
3.405 0.00129274
3.41 0.00128897
3.415 0.00128521
3.42 0.00128147
3.425 0.00127775
3.43 0.00127404
3.435 0.00127035
3.44 0.00126667
3.445 0.00126301
3.45 0.00125937
3.455 0.00125574
3.46 0.00125213
3.465 0.00124853
3.47 0.00124495
3.475 0.00124138
3.48 0.00123783
3.485 0.0012343
3.49 0.00123078
3.495 0.00122727
3.5 0.00122378
3.505 0.0012203
3.51 0.00121684
3.515 0.0012134
3.52 0.00120997
3.525 0.00120655
3.53 0.00120315
3.535 0.00119976
3.54 0.00119638
3.545 0.00119303
3.55 0.00118968
3.555 0.00118635
3.56 0.00118303
3.565 0.00117973
3.57 0.00117644
3.575 0.00117316
3.58 0.0011699
3.585 0.00116665
3.59 0.00116342
3.595 0.00116019
3.6 0.00115699
3.605 0.00115379
3.61 0.00115061
3.615 0.00114744
3.62 0.00114428
3.625 0.00114114
3.63 0.00113801
3.635 0.00113489
3.64 0.00113179
3.645 0.0011287
3.65 0.00112562
3.655 0.00112255
3.66 0.0011195
3.665 0.00111646
3.67 0.00111343
3.675 0.00111041
3.68 0.00110741
3.685 0.00110442
3.69 0.00110144
3.695 0.00109847
3.7 0.00109551
3.705 0.00109257
3.71 0.00108964
3.715 0.00108672
3.72 0.00108381
3.725 0.00108091
3.73 0.00107802
3.735 0.00107515
3.74 0.00107229
3.745 0.00106944
3.75 0.0010666
3.755 0.00106377
3.76 0.00106095
3.765 0.00105814
3.77 0.00105535
3.775 0.00105257
3.78 0.00104979
3.785 0.00104703
3.79 0.00104428
3.795 0.00104154
3.8 0.00103881
3.805 0.00103609
3.81 0.00103338
3.815 0.00103069
3.82 0.001028
3.825 0.00102532
3.83 0.00102266
3.835 0.00102
3.84 0.00101736
3.845 0.00101472
3.85 0.0010121
3.855 0.00100948
3.86 0.00100688
3.865 0.00100428
3.87 0.0010017
3.875 0.000999124
3.88 0.000996559
3.885 0.000994005
3.89 0.00099146
3.895 0.000988925
3.9 0.000986399
3.905 0.000983883
3.91 0.000981377
3.915 0.000978881
3.92 0.000976394
3.925 0.000973916
3.93 0.000971448
3.935 0.000968989
3.94 0.000966539
3.945 0.000964099
3.95 0.000961668
3.955 0.000959246
3.96 0.000956834
3.965 0.00095443
3.97 0.000952036
3.975 0.00094965
3.98 0.000947273
3.985 0.000944906
3.99 0.000942547
3.995 0.000940197
4 0.000937856
4.005 0.000935523
4.01 0.000933199
4.015 0.000930884
4.02 0.000928578
4.025 0.00092628
4.03 0.00092399
4.035 0.000921709
4.04 0.000919437
4.045 0.000917172
4.05 0.000914917
4.055 0.000912669
4.06 0.00091043
4.065 0.000908199
4.07 0.000905976
4.075 0.000903761
4.08 0.000901555
4.085 0.000899356
4.09 0.000897166
4.095 0.000894983
4.1 0.000892809
4.105 0.000890642
4.11 0.000888484
4.115 0.000886333
4.12 0.00088419
4.125 0.000882054
4.13 0.000879927
4.135 0.000877807
4.14 0.000875694
4.145 0.00087359
4.15 0.000871493
4.155 0.000869403
4.16 0.000867321
4.165 0.000865247
4.17 0.000863179
4.175 0.00086112
4.18 0.000859067
4.185 0.000857022
4.19 0.000854985
4.195 0.000852954
4.2 0.000850931
4.205 0.000848915
4.21 0.000846906
4.215 0.000844904
4.22 0.000842909
4.225 0.000840922
4.23 0.000838941
4.235 0.000836967
4.24 0.000835001
4.245 0.000833041
4.25 0.000831088
4.255 0.000829142
4.26 0.000827203
4.265 0.00082527
4.27 0.000823345
4.275 0.000821426
4.28 0.000819514
4.285 0.000817608
4.29 0.000815709
4.295 0.000813817
4.3 0.000811931
4.305 0.000810052
4.31 0.000808179
4.315 0.000806313
4.32 0.000804453
4.325 0.0008026
4.33 0.000800753
4.335 0.000798913
4.34 0.000797079
4.345 0.000795251
4.35 0.000793429
4.355 0.000791614
4.36 0.000789805
4.365 0.000788002
4.37 0.000786205
4.375 0.000784414
4.38 0.00078263
4.385 0.000780851
4.39 0.000779079
4.395 0.000777312
4.4 0.000775552
4.405 0.000773798
4.41 0.000772049
4.415 0.000770307
4.42 0.00076857
4.425 0.000766839
4.43 0.000765114
4.435 0.000763395
4.44 0.000761682
4.445 0.000759974
4.45 0.000758273
4.455 0.000756576
4.46 0.000754886
4.465 0.000753201
4.47 0.000751522
4.475 0.000749849
4.48 0.000748181
4.485 0.000746518
4.49 0.000744861
4.495 0.00074321
4.5 0.000741564
4.505 0.000739924
4.51 0.000738289
4.515 0.000736659
4.52 0.000735035
4.525 0.000733416
4.53 0.000731803
4.535 0.000730194
4.54 0.000728592
4.545 0.000726994
4.55 0.000725402
4.555 0.000723815
4.56 0.000722233
4.565 0.000720656
4.57 0.000719084
4.575 0.000717518
4.58 0.000715957
4.585 0.0007144
4.59 0.000712849
4.595 0.000711303
4.6 0.000709762
4.605 0.000708226
4.61 0.000706695
4.615 0.000705169
4.62 0.000703647
4.625 0.000702131
4.63 0.00070062
4.635 0.000699113
4.64 0.000697611
4.645 0.000696115
4.65 0.000694623
4.655 0.000693135
4.66 0.000691653
4.665 0.000690175
4.67 0.000688702
4.675 0.000687234
4.68 0.00068577
4.685 0.000684311
4.69 0.000682857
4.695 0.000681407
4.7 0.000679962
4.705 0.000678522
4.71 0.000677086
4.715 0.000675655
4.72 0.000674228
4.725 0.000672806
4.73 0.000671388
4.735 0.000669975
4.74 0.000668566
4.745 0.000667161
4.75 0.000665761
4.755 0.000664366
4.76 0.000662975
4.765 0.000661588
4.77 0.000660205
4.775 0.000658827
4.78 0.000657453
4.785 0.000656084
4.79 0.000654718
4.795 0.000653357
4.8 0.000652001
4.805 0.000650648
4.81 0.0006493
4.815 0.000647955
4.82 0.000646615
4.825 0.00064528
4.83 0.000643948
4.835 0.00064262
4.84 0.000641297
4.845 0.000639977
4.85 0.000638662
4.855 0.000637351
4.86 0.000636043
4.865 0.00063474
4.87 0.000633441
4.875 0.000632146
4.88 0.000630854
4.885 0.000629567
4.89 0.000628284
4.895 0.000627004
4.9 0.000625729
4.905 0.000624457
4.91 0.000623189
4.915 0.000621925
4.92 0.000620665
4.925 0.000619409
4.93 0.000618156
4.935 0.000616907
4.94 0.000615663
4.945 0.000614421
4.95 0.000613184
4.955 0.00061195
4.96 0.00061072
4.965 0.000609494
4.97 0.000608272
4.975 0.000607053
4.98 0.000605838
4.985 0.000604626
4.99 0.000603418
4.995 0.000602214
5 0.000601013
5.005 0.000599816
5.01 0.000598622
5.015 0.000597432
5.02 0.000596246
5.025 0.000595063
5.03 0.000593883
5.035 0.000592707
5.04 0.000591535
5.045 0.000590366
5.05 0.000589201
5.055 0.000588039
5.06 0.00058688
5.065 0.000585725
5.07 0.000584573
5.075 0.000583425
5.08 0.00058228
5.085 0.000581138
5.09 0.00058
5.095 0.000578865
5.1 0.000577733
5.105 0.000576605
5.11 0.00057548
5.115 0.000574358
5.12 0.00057324
5.125 0.000572124
5.13 0.000571013
5.135 0.000569904
5.14 0.000568798
5.145 0.000567696
5.15 0.000566597
5.155 0.000565501
5.16 0.000564409
5.165 0.000563319
5.17 0.000562233
5.175 0.000561149
5.18 0.000560069
5.185 0.000558992
5.19 0.000557918
5.195 0.000556848
5.2 0.00055578
5.205 0.000554715
5.21 0.000553654
5.215 0.000552595
5.22 0.00055154
5.225 0.000550487
5.23 0.000549438
5.235 0.000548391
5.24 0.000547348
5.245 0.000546307
5.25 0.00054527
5.255 0.000544235
5.26 0.000543203
5.265 0.000542175
5.27 0.000541149
5.275 0.000540126
5.28 0.000539106
5.285 0.000538089
5.29 0.000537075
5.295 0.000536063
5.3 0.000535055
5.305 0.000534049
5.31 0.000533046
5.315 0.000532046
5.32 0.000531049
5.325 0.000530054
5.33 0.000529063
5.335 0.000528074
5.34 0.000527088
5.345 0.000526105
5.35 0.000525124
5.355 0.000524146
5.36 0.000523171
5.365 0.000522199
5.37 0.000521229
5.375 0.000520262
5.38 0.000519298
5.385 0.000518336
5.39 0.000517377
5.395 0.000516421
5.4 0.000515467
5.405 0.000514516
5.41 0.000513568
5.415 0.000512622
5.42 0.000511679
5.425 0.000510738
5.43 0.0005098
5.435 0.000508865
5.44 0.000507932
5.445 0.000507002
5.45 0.000506074
5.455 0.000505149
5.46 0.000504227
5.465 0.000503307
5.47 0.000502389
5.475 0.000501474
5.48 0.000500561
5.485 0.000499651
5.49 0.000498744
5.495 0.000497839
5.5 0.000496936
5.505 0.000496036
5.51 0.000495138
5.515 0.000494243
5.52 0.00049335
5.525 0.000492459
5.53 0.000491571
5.535 0.000490686
5.54 0.000489802
5.545 0.000488921
5.55 0.000488043
5.555 0.000487167
5.56 0.000486293
5.565 0.000485421
5.57 0.000484552
5.575 0.000483685
5.58 0.000482821
5.585 0.000481959
5.59 0.000481099
5.595 0.000480242
5.6 0.000479386
5.605 0.000478533
5.61 0.000477683
5.615 0.000476834
5.62 0.000475988
5.625 0.000475144
5.63 0.000474302
5.635 0.000473463
5.64 0.000472626
5.645 0.000471791
5.65 0.000470958
5.655 0.000470127
5.66 0.000469299
5.665 0.000468473
5.67 0.000467649
5.675 0.000466827
5.68 0.000466007
5.685 0.00046519
5.69 0.000464374
5.695 0.000463561
5.7 0.00046275
5.705 0.000461941
5.71 0.000461134
5.715 0.000460329
5.72 0.000459527
5.725 0.000458726
5.73 0.000457928
5.735 0.000457131
5.74 0.000456337
5.745 0.000455545
5.75 0.000454755
5.755 0.000453967
5.76 0.000453181
5.765 0.000452397
5.77 0.000451615
5.775 0.000450835
5.78 0.000450057
5.785 0.000449281
5.79 0.000448507
5.795 0.000447735
5.8 0.000446965
5.805 0.000446197
5.81 0.000445431
5.815 0.000444667
5.82 0.000443905
5.825 0.000443145
5.83 0.000442387
5.835 0.00044163
5.84 0.000440876
5.845 0.000440124
5.85 0.000439373
5.855 0.000438625
5.86 0.000437878
5.865 0.000437134
5.87 0.000436391
5.875 0.00043565
5.88 0.000434911
5.885 0.000434174
5.89 0.000433439
5.895 0.000432705
5.9 0.000431974
5.905 0.000431244
5.91 0.000430516
5.915 0.00042979
5.92 0.000429066
5.925 0.000428344
5.93 0.000427623
5.935 0.000426905
5.94 0.000426188
5.945 0.000425473
5.95 0.000424759
5.955 0.000424048
5.96 0.000423338
5.965 0.00042263
5.97 0.000421924
5.975 0.00042122
5.98 0.000420517
5.985 0.000419816
5.99 0.000419117
5.995 0.00041842
6 0.000417724
6.005 0.00041703
6.01 0.000416338
6.015 0.000415648
6.02 0.000414959
6.025 0.000414272
6.03 0.000413587
6.035 0.000412903
6.04 0.000412221
6.045 0.000411541
6.05 0.000410863
6.055 0.000410186
6.06 0.000409511
6.065 0.000408837
6.07 0.000408165
6.075 0.000407495
6.08 0.000406826
6.085 0.000406159
6.09 0.000405494
6.095 0.000404831
6.1 0.000404169
6.105 0.000403508
6.11 0.000402849
6.115 0.000402192
6.12 0.000401537
6.125 0.000400883
6.13 0.00040023
6.135 0.00039958
6.14 0.00039893
6.145 0.000398283
6.15 0.000397637
6.155 0.000396992
6.16 0.000396349
6.165 0.000395708
6.17 0.000395068
6.175 0.00039443
6.18 0.000393793
6.185 0.000393158
6.19 0.000392525
6.195 0.000391893
6.2 0.000391262
6.205 0.000390633
6.21 0.000390005
6.215 0.000389379
6.22 0.000388755
6.225 0.000388132
6.23 0.00038751
6.235 0.00038689
6.24 0.000386272
6.245 0.000385655
6.25 0.000385039
6.255 0.000384425
6.26 0.000383813
6.265 0.000383201
6.27 0.000382592
6.275 0.000381983
6.28 0.000381377
6.285 0.000380771
6.29 0.000380167
6.295 0.000379565
6.3 0.000378964
6.305 0.000378364
6.31 0.000377766
6.315 0.000377169
6.32 0.000376574
6.325 0.00037598
6.33 0.000375387
6.335 0.000374796
6.34 0.000374206
6.345 0.000373618
6.35 0.000373031
6.355 0.000372445
6.36 0.000371861
6.365 0.000371278
6.37 0.000370697
6.375 0.000370117
6.38 0.000369538
6.385 0.000368961
6.39 0.000368385
6.395 0.00036781
6.4 0.000367237
6.405 0.000366665
6.41 0.000366094
6.415 0.000365524
6.42 0.000364956
6.425 0.00036439
6.43 0.000363824
6.435 0.00036326
6.44 0.000362698
6.445 0.000362136
6.45 0.000361576
6.455 0.000361017
6.46 0.00036046
6.465 0.000359903
6.47 0.000359348
6.475 0.000358795
6.48 0.000358242
6.485 0.000357691
6.49 0.000357141
6.495 0.000356593
6.5 0.000356045
6.505 0.000355499
6.51 0.000354954
6.515 0.000354411
6.52 0.000353868
6.525 0.000353327
6.53 0.000352788
6.535 0.000352249
6.54 0.000351712
6.545 0.000351175
6.55 0.00035064
6.555 0.000350107
6.56 0.000349574
6.565 0.000349043
6.57 0.000348513
6.575 0.000347984
6.58 0.000347456
6.585 0.00034693
6.59 0.000346405
6.595 0.000345881
6.6 0.000345358
6.605 0.000344836
6.61 0.000344316
6.615 0.000343796
6.62 0.000343278
6.625 0.000342761
6.63 0.000342245
6.635 0.000341731
6.64 0.000341217
6.645 0.000340705
6.65 0.000340194
6.655 0.000339684
6.66 0.000339175
6.665 0.000338667
6.67 0.00033816
6.675 0.000337655
6.68 0.000337151
6.685 0.000336647
6.69 0.000336145
6.695 0.000335644
6.7 0.000335144
6.705 0.000334646
6.71 0.000334148
6.715 0.000333652
6.72 0.000333156
6.725 0.000332662
6.73 0.000332169
6.735 0.000331677
6.74 0.000331186
6.745 0.000330696
6.75 0.000330207
6.755 0.000329719
6.76 0.000329232
6.765 0.000328747
6.77 0.000328262
6.775 0.000327779
6.78 0.000327296
6.785 0.000326815
6.79 0.000326335
6.795 0.000325856
6.8 0.000325377
6.805 0.0003249
6.81 0.000324424
6.815 0.000323949
6.82 0.000323475
6.825 0.000323002
6.83 0.000322531
6.835 0.00032206
6.84 0.00032159
6.845 0.000321121
6.85 0.000320653
6.855 0.000320187
6.86 0.000319721
6.865 0.000319256
6.87 0.000318792
6.875 0.00031833
6.88 0.000317868
6.885 0.000317407
6.89 0.000316948
6.895 0.000316489
6.9 0.000316031
6.905 0.000315575
6.91 0.000315119
6.915 0.000314664
6.92 0.00031421
6.925 0.000313758
6.93 0.000313306
6.935 0.000312855
6.94 0.000312405
6.945 0.000311956
6.95 0.000311509
6.955 0.000311062
6.96 0.000310616
6.965 0.000310171
6.97 0.000309727
6.975 0.000309283
6.98 0.000308841
6.985 0.0003084
6.99 0.00030796
6.995 0.000307521
7 0.000307082
7.005 0.000306645
7.01 0.000306208
7.015 0.000305773
7.02 0.000305338
7.025 0.000304904
7.03 0.000304471
7.035 0.00030404
7.04 0.000303609
7.045 0.000303179
7.05 0.000302749
7.055 0.000302321
7.06 0.000301894
7.065 0.000301467
7.07 0.000301042
7.075 0.000300617
7.08 0.000300194
7.085 0.000299771
7.09 0.000299349
7.095 0.000298928
7.1 0.000298508
7.105 0.000298088
7.11 0.00029767
7.115 0.000297253
7.12 0.000296836
7.125 0.00029642
7.13 0.000296005
7.135 0.000295591
7.14 0.000295178
7.145 0.000294766
7.15 0.000294355
7.155 0.000293944
7.16 0.000293534
7.165 0.000293126
7.17 0.000292718
7.175 0.00029231
7.18 0.000291904
7.185 0.000291499
7.19 0.000291094
7.195 0.00029069
7.2 0.000290287
7.205 0.000289885
7.21 0.000289484
7.215 0.000289084
7.22 0.000288684
7.225 0.000288285
7.23 0.000287888
7.235 0.00028749
7.24 0.000287094
7.245 0.000286699
7.25 0.000286304
7.255 0.00028591
7.26 0.000285517
7.265 0.000285125
7.27 0.000284734
7.275 0.000284343
7.28 0.000283953
7.285 0.000283564
7.29 0.000283176
7.295 0.000282789
7.3 0.000282402
7.305 0.000282016
7.31 0.000281631
7.315 0.000281247
7.32 0.000280864
7.325 0.000280481
7.33 0.000280099
7.335 0.000279718
7.34 0.000279338
7.345 0.000278958
7.35 0.000278579
7.355 0.000278201
7.36 0.000277824
7.365 0.000277448
7.37 0.000277072
7.375 0.000276697
7.38 0.000276323
7.385 0.000275949
7.39 0.000275577
7.395 0.000275205
7.4 0.000274834
7.405 0.000274463
7.41 0.000274094
7.415 0.000273725
7.42 0.000273357
7.425 0.000272989
7.43 0.000272623
7.435 0.000272257
7.44 0.000271891
7.445 0.000271527
7.45 0.000271163
7.455 0.0002708
7.46 0.000270438
7.465 0.000270076
7.47 0.000269715
7.475 0.000269355
7.48 0.000268996
7.485 0.000268637
7.49 0.000268279
7.495 0.000267922
7.5 0.000267566
7.505 0.00026721
7.51 0.000266855
7.515 0.0002665
7.52 0.000266147
7.525 0.000265794
7.53 0.000265441
7.535 0.00026509
7.54 0.000264739
7.545 0.000264389
7.55 0.000264039
7.555 0.00026369
7.56 0.000263342
7.565 0.000262995
7.57 0.000262648
7.575 0.000262302
7.58 0.000261957
7.585 0.000261612
7.59 0.000261268
7.595 0.000260925
7.6 0.000260582
7.605 0.00026024
7.61 0.000259899
7.615 0.000259558
7.62 0.000259218
7.625 0.000258879
7.63 0.00025854
7.635 0.000258202
7.64 0.000257865
7.645 0.000257528
7.65 0.000257192
7.655 0.000256857
7.66 0.000256522
7.665 0.000256188
7.67 0.000255855
7.675 0.000255522
7.68 0.00025519
7.685 0.000254859
7.69 0.000254528
7.695 0.000254198
7.7 0.000253868
7.705 0.000253539
7.71 0.000253211
7.715 0.000252884
7.72 0.000252557
7.725 0.00025223
7.73 0.000251905
7.735 0.00025158
7.74 0.000251255
7.745 0.000250931
7.75 0.000250608
7.755 0.000250286
7.76 0.000249964
7.765 0.000249642
7.77 0.000249322
7.775 0.000249002
7.78 0.000248682
7.785 0.000248363
7.79 0.000248045
7.795 0.000247728
7.8 0.000247411
7.805 0.000247094
7.81 0.000246778
7.815 0.000246463
7.82 0.000246149
7.825 0.000245835
7.83 0.000245521
7.835 0.000245209
7.84 0.000244896
7.845 0.000244585
7.85 0.000244274
7.855 0.000243963
7.86 0.000243654
7.865 0.000243344
7.87 0.000243036
7.875 0.000242728
7.88 0.00024242
7.885 0.000242113
7.89 0.000241807
7.895 0.000241501
7.9 0.000241196
7.905 0.000240892
7.91 0.000240588
7.915 0.000240284
7.92 0.000239982
7.925 0.000239679
7.93 0.000239378
7.935 0.000239077
7.94 0.000238776
7.945 0.000238476
7.95 0.000238177
7.955 0.000237878
7.96 0.000237579
7.965 0.000237282
7.97 0.000236985
7.975 0.000236688
7.98 0.000236392
7.985 0.000236096
7.99 0.000235801
7.995 0.000235507
8 0.000235213
8.005 0.00023492
8.01 0.000234627
8.015 0.000234335
8.02 0.000234043
8.025 0.000233752
8.03 0.000233462
8.035 0.000233172
8.04 0.000232882
8.045 0.000232593
8.05 0.000232305
8.055 0.000232017
8.06 0.00023173
8.065 0.000231443
8.07 0.000231157
8.075 0.000230871
8.08 0.000230586
8.085 0.000230301
8.09 0.000230017
8.095 0.000229733
8.1 0.00022945
8.105 0.000229167
8.11 0.000228885
8.115 0.000228604
8.12 0.000228323
8.125 0.000228042
8.13 0.000227762
8.135 0.000227483
8.14 0.000227204
8.145 0.000226925
8.15 0.000226647
8.155 0.00022637
8.16 0.000226093
8.165 0.000225817
8.17 0.000225541
8.175 0.000225265
8.18 0.000224991
8.185 0.000224716
8.19 0.000224442
8.195 0.000224169
8.2 0.000223896
8.205 0.000223624
8.21 0.000223352
8.215 0.00022308
8.22 0.000222809
8.225 0.000222539
8.23 0.000222269
8.235 0.000222
8.24 0.000221731
8.245 0.000221462
8.25 0.000221194
8.255 0.000220927
8.26 0.00022066
8.265 0.000220393
8.27 0.000220127
8.275 0.000219862
8.28 0.000219597
8.285 0.000219332
8.29 0.000219068
8.295 0.000218804
8.3 0.000218541
8.305 0.000218279
8.31 0.000218016
8.315 0.000217755
8.32 0.000217493
8.325 0.000217233
8.33 0.000216972
8.335 0.000216712
8.34 0.000216453
8.345 0.000216194
8.35 0.000215936
8.355 0.000215678
8.36 0.00021542
8.365 0.000215163
8.37 0.000214906
8.375 0.00021465
8.38 0.000214395
8.385 0.000214139
8.39 0.000213885
8.395 0.00021363
8.4 0.000213376
8.405 0.000213123
8.41 0.00021287
8.415 0.000212617
8.42 0.000212365
8.425 0.000212114
8.43 0.000211863
8.435 0.000211612
8.44 0.000211362
8.445 0.000211112
8.45 0.000210862
8.455 0.000210613
8.46 0.000210365
8.465 0.000210117
8.47 0.000209869
8.475 0.000209622
8.48 0.000209375
8.485 0.000209129
8.49 0.000208883
8.495 0.000208637
8.5 0.000208392
8.505 0.000208148
8.51 0.000207904
8.515 0.00020766
8.52 0.000207417
8.525 0.000207174
8.53 0.000206931
8.535 0.000206689
8.54 0.000206448
8.545 0.000206206
8.55 0.000205966
8.555 0.000205725
8.56 0.000205485
8.565 0.000205246
8.57 0.000205007
8.575 0.000204768
8.58 0.00020453
8.585 0.000204292
8.59 0.000204055
8.595 0.000203818
8.6 0.000203581
8.605 0.000203345
8.61 0.000203109
8.615 0.000202874
8.62 0.000202639
8.625 0.000202404
8.63 0.00020217
8.635 0.000201936
8.64 0.000201703
8.645 0.00020147
8.65 0.000201238
8.655 0.000201005
8.66 0.000200774
8.665 0.000200542
8.67 0.000200311
8.675 0.000200081
8.68 0.000199851
8.685 0.000199621
8.69 0.000199392
8.695 0.000199163
8.7 0.000198934
8.705 0.000198706
8.71 0.000198478
8.715 0.000198251
8.72 0.000198024
8.725 0.000197798
8.73 0.000197571
8.735 0.000197346
8.74 0.00019712
8.745 0.000196895
8.75 0.00019667
8.755 0.000196446
8.76 0.000196222
8.765 0.000195999
8.77 0.000195776
8.775 0.000195553
8.78 0.000195331
8.785 0.000195109
8.79 0.000194887
8.795 0.000194666
8.8 0.000194445
8.805 0.000194224
8.81 0.000194004
8.815 0.000193785
8.82 0.000193565
8.825 0.000193346
8.83 0.000193128
8.835 0.00019291
8.84 0.000192692
8.845 0.000192474
8.85 0.000192257
8.855 0.00019204
8.86 0.000191824
8.865 0.000191608
8.87 0.000191392
8.875 0.000191177
8.88 0.000190962
8.885 0.000190747
8.89 0.000190533
8.895 0.000190319
8.9 0.000190106
8.905 0.000189893
8.91 0.00018968
8.915 0.000189468
8.92 0.000189255
8.925 0.000189044
8.93 0.000188832
8.935 0.000188621
8.94 0.000188411
8.945 0.000188201
8.95 0.000187991
8.955 0.000187781
8.96 0.000187572
8.965 0.000187363
8.97 0.000187154
8.975 0.000186946
8.98 0.000186738
8.985 0.000186531
8.99 0.000186324
8.995 0.000186117
9 0.00018591
9.005 0.000185704
9.01 0.000185498
9.015 0.000185293
9.02 0.000185088
9.025 0.000184883
9.03 0.000184679
9.035 0.000184475
9.04 0.000184271
9.045 0.000184068
9.05 0.000183865
9.055 0.000183662
9.06 0.000183459
9.065 0.000183257
9.07 0.000183056
9.075 0.000182854
9.08 0.000182653
9.085 0.000182452
9.09 0.000182252
9.095 0.000182052
9.1 0.000181852
9.105 0.000181653
9.11 0.000181454
9.115 0.000181255
9.12 0.000181057
9.125 0.000180859
9.13 0.000180661
9.135 0.000180463
9.14 0.000180266
9.145 0.000180069
9.15 0.000179873
9.155 0.000179677
9.16 0.000179481
9.165 0.000179285
9.17 0.00017909
9.175 0.000178895
9.18 0.000178701
9.185 0.000178506
9.19 0.000178313
9.195 0.000178119
9.2 0.000177926
9.205 0.000177733
9.21 0.00017754
9.215 0.000177348
9.22 0.000177156
9.225 0.000176964
9.23 0.000176772
9.235 0.000176581
9.24 0.00017639
9.245 0.0001762
9.25 0.00017601
9.255 0.00017582
9.26 0.00017563
9.265 0.000175441
9.27 0.000175252
9.275 0.000175063
9.28 0.000174875
9.285 0.000174687
9.29 0.000174499
9.295 0.000174312
9.3 0.000174125
9.305 0.000173938
9.31 0.000173751
9.315 0.000173565
9.32 0.000173379
9.325 0.000173194
9.33 0.000173008
9.335 0.000172823
9.34 0.000172638
9.345 0.000172454
9.35 0.00017227
9.355 0.000172086
9.36 0.000171902
9.365 0.000171719
9.37 0.000171536
9.375 0.000171353
9.38 0.000171171
9.385 0.000170989
9.39 0.000170807
9.395 0.000170626
9.4 0.000170444
9.405 0.000170263
9.41 0.000170083
9.415 0.000169902
9.42 0.000169722
9.425 0.000169543
9.43 0.000169363
9.435 0.000169184
9.44 0.000169005
9.445 0.000168826
9.45 0.000168648
9.455 0.00016847
9.46 0.000168292
9.465 0.000168114
9.47 0.000167937
9.475 0.00016776
9.48 0.000167583
9.485 0.000167407
9.49 0.000167231
9.495 0.000167055
9.5 0.000166879
9.505 0.000166704
9.51 0.000166529
9.515 0.000166354
9.52 0.00016618
9.525 0.000166006
9.53 0.000165832
9.535 0.000165658
9.54 0.000165485
9.545 0.000165312
9.55 0.000165139
9.555 0.000164966
9.56 0.000164794
9.565 0.000164622
9.57 0.00016445
9.575 0.000164279
9.58 0.000164107
9.585 0.000163937
9.59 0.000163766
9.595 0.000163595
9.6 0.000163425
9.605 0.000163255
9.61 0.000163086
9.615 0.000162916
9.62 0.000162747
9.625 0.000162578
9.63 0.00016241
9.635 0.000162242
9.64 0.000162074
9.645 0.000161906
9.65 0.000161738
9.655 0.000161571
9.66 0.000161404
9.665 0.000161237
9.67 0.000161071
9.675 0.000160904
9.68 0.000160739
9.685 0.000160573
9.69 0.000160407
9.695 0.000160242
9.7 0.000160077
9.705 0.000159912
9.71 0.000159748
9.715 0.000159584
9.72 0.00015942
9.725 0.000159256
9.73 0.000159093
9.735 0.00015893
9.74 0.000158767
9.745 0.000158604
9.75 0.000158442
9.755 0.000158279
9.76 0.000158117
9.765 0.000157956
9.77 0.000157794
9.775 0.000157633
9.78 0.000157472
9.785 0.000157312
9.79 0.000157151
9.795 0.000156991
9.8 0.000156831
9.805 0.000156671
9.81 0.000156512
9.815 0.000156353
9.82 0.000156194
9.825 0.000156035
9.83 0.000155876
9.835 0.000155718
9.84 0.00015556
9.845 0.000155402
9.85 0.000155245
9.855 0.000155087
9.86 0.00015493
9.865 0.000154774
9.87 0.000154617
9.875 0.000154461
9.88 0.000154305
9.885 0.000154149
9.89 0.000153993
9.895 0.000153838
9.9 0.000153682
9.905 0.000153528
9.91 0.000153373
9.915 0.000153218
9.92 0.000153064
9.925 0.00015291
9.93 0.000152756
9.935 0.000152603
9.94 0.00015245
9.945 0.000152296
9.95 0.000152144
9.955 0.000151991
9.96 0.000151839
9.965 0.000151687
9.97 0.000151535
9.975 0.000151383
9.98 0.000151231
9.985 0.00015108
9.99 0.000150929
9.995 0.000150778
