0 -nan
0.005 0.98193
0.01 0.451931
0.015 0.0892637
0.02 0.143001
0.025 0.830997
0.03 0.0301067
0.035 0.0484788
0.04 0.534947
0.045 0.0424894
0.05 0.423709
0.055 0.112866
0.06 0.0514977
0.065 0.776933
0.07 0.0623802
0.075 0.506877
0.08 0.631518
0.085 0.441217
0.09 0.0700952
0.095 0.196573
0.1 0.709437
0.105 0.0670099
0.11 0.522806
0.115 0.123359
0.12 0.546007
0.125 0.0029813
0.13 0.526699
0.135 0.249485
0.14 0.0522571
0.145 0.490485
0.15 0.351751
0.155 0.00983937
0.16 0.203352
0.165 0.492714
0.17 0.364043
0.175 0.0671313
0.18 0.037546
0.185 0.276209
0.19 0.472207
0.195 0.424876
0.2 0.20916
0.205 0.0325327
0.21 0.029709
0.215 0.181651
0.22 0.369252
0.225 0.474234
0.23 0.447311
0.235 0.317062
0.24 0.156582
0.245 0.0394129
0.25 0.00849495
0.255 0.0666299
0.26 0.184772
0.265 0.319066
0.27 0.427908
0.275 0.483594
0.28 0.476843
0.285 0.415213
0.29 0.317753
0.295 0.208367
0.3 0.10982
0.305 0.0395043
0.31 0.00729924
0.315 0.0153277
0.32 0.0591082
0.325 0.129502
0.33 0.214911
0.335 0.303326
0.34 0.383952
0.345 0.448313
0.35 0.490819
0.355 0.508877
0.36 0.502635
0.365 0.474503
0.37 0.42854
0.375 0.36982
0.38 0.303834
0.385 0.235978
0.39 0.171154
0.395 0.11349
0.4 0.0661778
0.405 0.0313988
0.41 0.0103469
0.415 0.00330346
0.42 0.00975905
0.425 0.0285591
0.43 0.0580603
0.435 0.0962852
0.44 0.141067
0.445 0.190178
0.45 0.241436
0.455 0.292796
0.46 0.342411
0.465 0.388681
0.47 0.430279
0.475 0.466166
0.48 0.495585
0.485 0.518052
0.49 0.533339
0.495 0.54144
0.5 0.542554
0.505 0.537044
0.51 0.52541
0.515 0.508258
0.52 0.486273
0.525 0.460188
0.53 0.430764
0.535 0.398766
0.54 0.364947
0.545 0.330031
0.55 0.294703
0.555 0.259597
0.56 0.225293
0.565 0.192305
0.57 0.161087
0.575 0.132025
0.58 0.105441
0.585 0.0815939
0.59 0.0606822
0.595 0.0428463
0.6 0.0281736
0.605 0.0167025
0.61 0.00842679
0.615 0.00330083
0.62 0.00124389
0.625 0.00214504
0.63 0.00586761
0.635 0.0122536
0.64 0.0211277
0.645 0.0323012
0.65 0.0455756
0.655 0.0607457
0.66 0.0776024
0.665 0.0959358
0.67 0.115537
0.675 0.136201
0.68 0.157726
0.685 0.179919
0.69 0.202594
0.695 0.225572
0.7 0.248686
0.705 0.271777
0.71 0.294699
0.715 0.317315
0.72 0.3395
0.725 0.361138
0.73 0.382127
0.735 0.402374
0.74 0.421797
0.745 0.440323
0.75 0.457891
0.755 0.474448
0.76 0.489951
0.765 0.504364
0.77 0.517661
0.775 0.529821
0.78 0.540833
0.785 0.55069
0.79 0.559393
0.795 0.566947
0.8 0.573364
0.805 0.578658
0.81 0.582849
0.815 0.585961
0.82 0.58802
0.825 0.589056
0.83 0.5891
0.835 0.588187
0.84 0.586353
0.845 0.583635
0.85 0.580073
0.855 0.575707
0.86 0.570577
0.865 0.564723
0.87 0.558189
0.875 0.551014
0.88 0.54324
0.885 0.534909
0.89 0.526062
0.895 0.516737
0.9 0.506976
0.905 0.496817
0.91 0.486297
0.915 0.475455
0.92 0.464325
0.925 0.452943
0.93 0.441344
0.935 0.429559
0.94 0.41762
0.945 0.405559
0.95 0.393404
0.955 0.381182
0.96 0.368922
0.965 0.356649
0.97 0.344386
0.975 0.332158
0.98 0.319986
0.985 0.307891
0.99 0.295892
0.995 0.284009
1 0.272258
1.005 0.260656
1.01 0.249218
1.015 0.237957
1.02 0.226888
1.025 0.216023
1.03 0.205372
1.035 0.194946
1.04 0.184755
1.045 0.174806
1.05 0.165108
1.055 0.155668
1.06 0.146492
1.065 0.137584
1.07 0.128951
1.075 0.120597
1.08 0.112523
1.085 0.104735
1.09 0.097233
1.095 0.0900198
1.1 0.0830965
1.105 0.0764637
1.11 0.0701219
1.115 0.0640708
1.12 0.0583098
1.125 0.0528381
1.13 0.0476543
1.135 0.0427568
1.14 0.0381436
1.145 0.0338125
1.15 0.0297608
1.155 0.0259859
1.16 0.0224846
1.165 0.0192537
1.17 0.0162898
1.175 0.0135891
1.18 0.0111479
1.185 0.00896226
1.19 0.00702798
1.195 0.00534085
1.2 0.00389651
1.205 0.0026905
1.21 0.00171829
1.215 0.000975237
1.22 0.000456664
1.225 0.000157821
1.23 7.39099e-05
1.235 0.000200099
1.24 0.000531525
1.245 0.0010633
1.25 0.00179053
1.255 0.00270831
1.26 0.00381173
1.265 0.0050959
1.27 0.00655592
1.275 0.00818693
1.28 0.00998408
1.285 0.0119426
1.29 0.0140576
1.295 0.0163244
1.3 0.0187382
1.305 0.0212945
1.31 0.0239886
1.315 0.0268159
1.32 0.029772
1.325 0.0328522
1.33 0.0360524
1.335 0.039368
1.34 0.0427949
1.345 0.0463288
1.35 0.0499656
1.355 0.0537011
1.36 0.0575314
1.365 0.0614525
1.37 0.0654606
1.375 0.0695518
1.38 0.0737223
1.385 0.0779686
1.39 0.082287
1.395 0.086674
1.4 0.0911262
1.405 0.0956401
1.41 0.100212
1.415 0.10484
1.42 0.10952
1.425 0.114248
1.43 0.119023
1.435 0.12384
1.44 0.128698
1.445 0.133593
1.45 0.138522
1.455 0.143483
1.46 0.148474
1.465 0.153491
1.47 0.158532
1.475 0.163595
1.48 0.168678
1.485 0.173777
1.49 0.178892
1.495 0.184019
1.5 0.189157
1.505 0.194304
1.51 0.199457
1.515 0.204615
1.52 0.209776
1.525 0.214938
1.53 0.220099
1.535 0.225257
1.54 0.230412
1.545 0.235561
1.55 0.240702
1.555 0.245835
1.56 0.250958
1.565 0.256069
1.57 0.261167
1.575 0.266251
1.58 0.271319
1.585 0.276371
1.59 0.281404
1.595 0.286419
1.6 0.291413
1.605 0.296387
1.61 0.301338
1.615 0.306266
1.62 0.31117
1.625 0.316048
1.63 0.320901
1.635 0.325728
1.64 0.330527
1.645 0.335297
1.65 0.340039
1.655 0.344751
1.66 0.349432
1.665 0.354083
1.67 0.358702
1.675 0.363289
1.68 0.367844
1.685 0.372365
1.69 0.376853
1.695 0.381306
1.7 0.385725
1.705 0.390109
1.71 0.394457
1.715 0.39877
1.72 0.403046
1.725 0.407287
1.73 0.41149
1.735 0.415657
1.74 0.419786
1.745 0.423877
1.75 0.427931
1.755 0.431947
1.76 0.435925
1.765 0.439865
1.77 0.443766
1.775 0.447628
1.78 0.451452
1.785 0.455237
1.79 0.458983
1.795 0.462691
1.8 0.466359
1.805 0.469988
1.81 0.473577
1.815 0.477128
1.82 0.48064
1.825 0.484112
1.83 0.487545
1.835 0.490939
1.84 0.494294
1.845 0.49761
1.85 0.500887
1.855 0.504125
1.86 0.507325
1.865 0.510485
1.87 0.513607
1.875 0.51669
1.88 0.519734
1.885 0.522741
1.89 0.525709
1.895 0.528638
1.9 0.53153
1.905 0.534384
1.91 0.537201
1.915 0.539979
1.92 0.542721
1.925 0.545425
1.93 0.548092
1.935 0.550722
1.94 0.553315
1.945 0.555872
1.95 0.558393
1.955 0.560877
1.96 0.563326
1.965 0.565738
1.97 0.568116
1.975 0.570458
1.98 0.572764
1.985 0.575036
1.99 0.577273
1.995 0.579476
2 0.581644
2.005 0.583779
2.01 0.585879
2.015 0.587946
2.02 0.58998
2.025 0.59198
2.03 0.593948
2.035 0.595883
2.04 0.597785
2.045 0.599656
2.05 0.601494
2.055 0.603301
2.06 0.605076
2.065 0.606821
2.07 0.608534
2.075 0.610216
2.08 0.611868
2.085 0.61349
2.09 0.615082
2.095 0.616644
2.1 0.618176
2.105 0.61968
2.11 0.621154
2.115 0.6226
2.12 0.624017
2.125 0.625405
2.13 0.626766
2.135 0.628099
2.14 0.629405
2.145 0.630683
2.15 0.631934
2.155 0.633159
2.16 0.634357
2.165 0.635528
2.17 0.636674
2.175 0.637794
2.18 0.638888
2.185 0.639957
2.19 0.641001
2.195 0.64202
2.2 0.643014
2.205 0.643984
2.21 0.64493
2.215 0.645852
2.22 0.646751
2.225 0.647626
2.23 0.648477
2.235 0.649306
2.24 0.650112
2.245 0.650896
2.25 0.651657
2.255 0.652397
2.26 0.653114
2.265 0.65381
2.27 0.654484
2.275 0.655138
2.28 0.65577
2.285 0.656382
2.29 0.656973
2.295 0.657544
2.3 0.658095
2.305 0.658626
2.31 0.659138
2.315 0.65963
2.32 0.660103
2.325 0.660557
2.33 0.660992
2.335 0.661408
2.34 0.661807
2.345 0.662187
2.35 0.662549
2.355 0.662893
2.36 0.663219
2.365 0.663529
2.37 0.663821
2.375 0.664096
2.38 0.664354
2.385 0.664596
2.39 0.664821
2.395 0.66503
2.4 0.665223
2.405 0.6654
2.41 0.665562
2.415 0.665708
2.42 0.665839
2.425 0.665954
2.43 0.666055
2.435 0.666141
2.44 0.666212
2.445 0.666269
2.45 0.666311
2.455 0.66634
2.46 0.666355
2.465 0.666355
2.47 0.666343
2.475 0.666317
2.48 0.666277
2.485 0.666225
2.49 0.666159
2.495 0.666081
2.5 0.66599
2.505 0.665887
2.51 0.665771
2.515 0.665644
2.52 0.665504
2.525 0.665352
2.53 0.665189
2.535 0.665014
2.54 0.664828
2.545 0.66463
2.55 0.664422
2.555 0.664202
2.56 0.663972
2.565 0.663731
2.57 0.663479
2.575 0.663217
2.58 0.662945
2.585 0.662662
2.59 0.66237
2.595 0.662067
2.6 0.661755
2.605 0.661433
2.61 0.661102
2.615 0.660761
2.62 0.660411
2.625 0.660052
2.63 0.659684
2.635 0.659307
2.64 0.658922
2.645 0.658527
2.65 0.658125
2.655 0.657713
2.66 0.657294
2.665 0.656866
2.67 0.65643
2.675 0.655987
2.68 0.655535
2.685 0.655076
2.69 0.654609
2.695 0.654135
2.7 0.653653
2.705 0.653164
2.71 0.652668
2.715 0.652164
2.72 0.651654
2.725 0.651137
2.73 0.650612
2.735 0.650082
2.74 0.649544
2.745 0.649001
2.75 0.64845
2.755 0.647894
2.76 0.647331
2.765 0.646762
2.77 0.646187
2.775 0.645607
2.78 0.64502
2.785 0.644428
2.79 0.643829
2.795 0.643226
2.8 0.642617
2.805 0.642002
2.81 0.641382
2.815 0.640757
2.82 0.640127
2.825 0.639491
2.83 0.638851
2.835 0.638206
2.84 0.637556
2.845 0.636901
2.85 0.636241
2.855 0.635577
2.86 0.634908
2.865 0.634235
2.87 0.633558
2.875 0.632876
2.88 0.63219
2.885 0.6315
2.89 0.630805
2.895 0.630107
2.9 0.629404
2.905 0.628698
2.91 0.627988
2.915 0.627274
2.92 0.626557
2.925 0.625836
2.93 0.625111
2.935 0.624383
2.94 0.623651
2.945 0.622916
2.95 0.622178
2.955 0.621437
2.96 0.620692
2.965 0.619944
2.97 0.619193
2.975 0.618439
2.98 0.617682
2.985 0.616922
2.99 0.61616
2.995 0.615394
3 0.614626
3.005 0.613855
3.01 0.613082
3.015 0.612306
3.02 0.611528
3.025 0.610747
3.03 0.609963
3.035 0.609177
3.04 0.608389
3.045 0.607599
3.05 0.606806
3.055 0.606012
3.06 0.605215
3.065 0.604416
3.07 0.603615
3.075 0.602812
3.08 0.602007
3.085 0.601201
3.09 0.600392
3.095 0.599582
3.1 0.59877
3.105 0.597956
3.11 0.59714
3.115 0.596323
3.12 0.595504
3.125 0.594684
3.13 0.593862
3.135 0.593039
3.14 0.592214
3.145 0.591388
3.15 0.590561
3.155 0.589732
3.16 0.588902
3.165 0.588071
3.17 0.587238
3.175 0.586405
3.18 0.58557
3.185 0.584734
3.19 0.583897
3.195 0.583059
3.2 0.58222
3.205 0.581381
3.21 0.58054
3.215 0.579698
3.22 0.578855
3.225 0.578012
3.23 0.577168
3.235 0.576323
3.24 0.575477
3.245 0.574631
3.25 0.573784
3.255 0.572936
3.26 0.572088
3.265 0.571239
3.27 0.57039
3.275 0.56954
3.28 0.568689
3.285 0.567838
3.29 0.566987
3.295 0.566135
3.3 0.565283
3.305 0.56443
3.31 0.563578
3.315 0.562724
3.32 0.561871
3.325 0.561017
3.33 0.560163
3.335 0.559309
3.34 0.558454
3.345 0.5576
3.35 0.556745
3.355 0.55589
3.36 0.555035
3.365 0.55418
3.37 0.553325
3.375 0.55247
3.38 0.551615
3.385 0.55076
3.39 0.549905
3.395 0.54905
3.4 0.548195
3.405 0.54734
3.41 0.546485
3.415 0.54563
3.42 0.544776
3.425 0.543922
3.43 0.543068
3.435 0.542214
3.44 0.54136
3.445 0.540506
3.45 0.539653
3.455 0.5388
3.46 0.537948
3.465 0.537095
3.47 0.536243
3.475 0.535392
3.48 0.534541
3.485 0.53369
3.49 0.532839
3.495 0.531989
3.5 0.531139
3.505 0.53029
3.51 0.529442
3.515 0.528593
3.52 0.527745
3.525 0.526898
3.53 0.526051
3.535 0.525205
3.54 0.524359
3.545 0.523514
3.55 0.52267
3.555 0.521826
3.56 0.520982
3.565 0.520139
3.57 0.519297
3.575 0.518456
3.58 0.517615
3.585 0.516775
3.59 0.515935
3.595 0.515096
3.6 0.514258
3.605 0.513421
3.61 0.512584
3.615 0.511748
3.62 0.510912
3.625 0.510078
3.63 0.509244
3.635 0.508411
3.64 0.507579
3.645 0.506747
3.65 0.505917
3.655 0.505087
3.66 0.504258
3.665 0.50343
3.67 0.502602
3.675 0.501776
3.68 0.50095
3.685 0.500126
3.69 0.499302
3.695 0.498479
3.7 0.497657
3.705 0.496835
3.71 0.496015
3.715 0.495196
3.72 0.494377
3.725 0.49356
3.73 0.492743
3.735 0.491928
3.74 0.491113
3.745 0.490299
3.75 0.489487
3.755 0.488675
3.76 0.487864
3.765 0.487054
3.77 0.486245
3.775 0.485438
3.78 0.484631
3.785 0.483825
3.79 0.483021
3.795 0.482217
3.8 0.481414
3.805 0.480613
3.81 0.479812
3.815 0.479013
3.82 0.478214
3.825 0.477417
3.83 0.47662
3.835 0.475825
3.84 0.475031
3.845 0.474238
3.85 0.473446
3.855 0.472655
3.86 0.471866
3.865 0.471077
3.87 0.470289
3.875 0.469503
3.88 0.468718
3.885 0.467933
3.89 0.46715
3.895 0.466369
3.9 0.465588
3.905 0.464808
3.91 0.46403
3.915 0.463252
3.92 0.462476
3.925 0.461701
3.93 0.460927
3.935 0.460155
3.94 0.459383
3.945 0.458613
3.95 0.457844
3.955 0.457076
3.96 0.456309
3.965 0.455543
3.97 0.454779
3.975 0.454015
3.98 0.453253
3.985 0.452492
3.99 0.451733
3.995 0.450974
4 0.450217
4.005 0.449461
4.01 0.448706
4.015 0.447953
4.02 0.4472
4.025 0.446449
4.03 0.445699
4.035 0.44495
4.04 0.444203
4.045 0.443456
4.05 0.442711
4.055 0.441967
4.06 0.441225
4.065 0.440483
4.07 0.439743
4.075 0.439004
4.08 0.438267
4.085 0.43753
4.09 0.436795
4.095 0.436061
4.1 0.435328
4.105 0.434597
4.11 0.433867
4.115 0.433138
4.12 0.43241
4.125 0.431684
4.13 0.430958
4.135 0.430234
4.14 0.429512
4.145 0.42879
4.15 0.42807
4.155 0.427351
4.16 0.426633
4.165 0.425917
4.17 0.425202
4.175 0.424488
4.18 0.423775
4.185 0.423064
4.19 0.422354
4.195 0.421645
4.2 0.420937
4.205 0.420231
4.21 0.419526
4.215 0.418822
4.22 0.418119
4.225 0.417418
4.23 0.416718
4.235 0.416019
4.24 0.415322
4.245 0.414625
4.25 0.413931
4.255 0.413237
4.26 0.412544
4.265 0.411853
4.27 0.411163
4.275 0.410475
4.28 0.409787
4.285 0.409101
4.29 0.408416
4.295 0.407733
4.3 0.40705
4.305 0.406369
4.31 0.40569
4.315 0.405011
4.32 0.404334
4.325 0.403658
4.33 0.402983
4.335 0.402309
4.34 0.401637
4.345 0.400966
4.35 0.400297
4.355 0.399628
4.36 0.398961
4.365 0.398295
4.37 0.39763
4.375 0.396967
4.38 0.396305
4.385 0.395644
4.39 0.394984
4.395 0.394326
4.4 0.393669
4.405 0.393013
4.41 0.392358
4.415 0.391705
4.42 0.391053
4.425 0.390402
4.43 0.389752
4.435 0.389104
4.44 0.388457
4.445 0.387811
4.45 0.387166
4.455 0.386523
4.46 0.385881
4.465 0.38524
4.47 0.3846
4.475 0.383962
4.48 0.383325
4.485 0.382689
4.49 0.382054
4.495 0.38142
4.5 0.380788
4.505 0.380157
4.51 0.379527
4.515 0.378899
4.52 0.378271
4.525 0.377645
4.53 0.37702
4.535 0.376397
4.54 0.375774
4.545 0.375153
4.55 0.374533
4.555 0.373914
4.56 0.373297
4.565 0.372681
4.57 0.372065
4.575 0.371452
4.58 0.370839
4.585 0.370227
4.59 0.369617
4.595 0.369008
4.6 0.3684
4.605 0.367794
4.61 0.367188
4.615 0.366584
4.62 0.365981
4.625 0.365379
4.63 0.364778
4.635 0.364179
4.64 0.363581
4.645 0.362984
4.65 0.362388
4.655 0.361793
4.66 0.3612
4.665 0.360607
4.67 0.360016
4.675 0.359426
4.68 0.358838
4.685 0.35825
4.69 0.357664
4.695 0.357078
4.7 0.356494
4.705 0.355911
4.71 0.35533
4.715 0.354749
4.72 0.35417
4.725 0.353592
4.73 0.353015
4.735 0.352439
4.74 0.351864
4.745 0.351291
4.75 0.350718
4.755 0.350147
4.76 0.349577
4.765 0.349008
4.77 0.34844
4.775 0.347873
4.78 0.347308
4.785 0.346744
4.79 0.34618
4.795 0.345618
4.8 0.345057
4.805 0.344498
4.81 0.343939
4.815 0.343382
4.82 0.342825
4.825 0.34227
4.83 0.341716
4.835 0.341163
4.84 0.340611
4.845 0.34006
4.85 0.339511
4.855 0.338962
4.86 0.338415
4.865 0.337868
4.87 0.337323
4.875 0.336779
4.88 0.336236
4.885 0.335694
4.89 0.335154
4.895 0.334614
4.9 0.334075
4.905 0.333538
4.91 0.333002
4.915 0.332466
4.92 0.331932
4.925 0.331399
4.93 0.330867
4.935 0.330336
4.94 0.329807
4.945 0.329278
4.95 0.32875
4.955 0.328224
4.96 0.327698
4.965 0.327174
4.97 0.32665
4.975 0.326128
4.98 0.325607
4.985 0.325087
4.99 0.324568
4.995 0.32405
5 0.323533
5.005 0.323017
5.01 0.322502
5.015 0.321988
5.02 0.321476
5.025 0.320964
5.03 0.320453
5.035 0.319944
5.04 0.319435
5.045 0.318928
5.05 0.318421
5.055 0.317916
5.06 0.317412
5.065 0.316908
5.07 0.316406
5.075 0.315905
5.08 0.315404
5.085 0.314905
5.09 0.314407
5.095 0.31391
5.1 0.313414
5.105 0.312919
5.11 0.312425
5.115 0.311931
5.12 0.311439
5.125 0.310948
5.13 0.310458
5.135 0.309969
5.14 0.309481
5.145 0.308994
5.15 0.308508
5.155 0.308023
5.16 0.307539
5.165 0.307056
5.17 0.306574
5.175 0.306093
5.18 0.305613
5.185 0.305134
5.19 0.304655
5.195 0.304178
5.2 0.303702
5.205 0.303227
5.21 0.302753
5.215 0.30228
5.22 0.301807
5.225 0.301336
5.23 0.300866
5.235 0.300396
5.24 0.299928
5.245 0.299461
5.25 0.298994
5.255 0.298529
5.26 0.298064
5.265 0.2976
5.27 0.297138
5.275 0.296676
5.28 0.296215
5.285 0.295756
5.29 0.295297
5.295 0.294839
5.3 0.294382
5.305 0.293926
5.31 0.293471
5.315 0.293017
5.32 0.292563
5.325 0.292111
5.33 0.29166
5.335 0.291209
5.34 0.29076
5.345 0.290311
5.35 0.289863
5.355 0.289417
5.36 0.288971
5.365 0.288526
5.37 0.288082
5.375 0.287639
5.38 0.287196
5.385 0.286755
5.39 0.286315
5.395 0.285875
5.4 0.285437
5.405 0.284999
5.41 0.284562
5.415 0.284126
5.42 0.283691
5.425 0.283257
5.43 0.282824
5.435 0.282392
5.44 0.28196
5.445 0.28153
5.45 0.2811
5.455 0.280671
5.46 0.280243
5.465 0.279816
5.47 0.27939
5.475 0.278964
5.48 0.27854
5.485 0.278116
5.49 0.277694
5.495 0.277272
5.5 0.276851
5.505 0.276431
5.51 0.276011
5.515 0.275593
5.52 0.275175
5.525 0.274759
5.53 0.274343
5.535 0.273928
5.54 0.273514
5.545 0.2731
5.55 0.272688
5.555 0.272276
5.56 0.271865
5.565 0.271455
5.57 0.271046
5.575 0.270638
5.58 0.27023
5.585 0.269824
5.59 0.269418
5.595 0.269013
5.6 0.268609
5.605 0.268205
5.61 0.267803
5.615 0.267401
5.62 0.267
5.625 0.2666
5.63 0.266201
5.635 0.265803
5.64 0.265405
5.645 0.265008
5.65 0.264612
5.655 0.264217
5.66 0.263822
5.665 0.263429
5.67 0.263036
5.675 0.262644
5.68 0.262253
5.685 0.261862
5.69 0.261473
5.695 0.261084
5.7 0.260696
5.705 0.260308
5.71 0.259922
5.715 0.259536
5.72 0.259151
5.725 0.258767
5.73 0.258384
5.735 0.258001
5.74 0.257619
5.745 0.257238
5.75 0.256858
5.755 0.256478
5.76 0.256099
5.765 0.255721
5.77 0.255344
5.775 0.254968
5.78 0.254592
5.785 0.254217
5.79 0.253843
5.795 0.253469
5.8 0.253097
5.805 0.252725
5.81 0.252353
5.815 0.251983
5.82 0.251613
5.825 0.251244
5.83 0.250876
5.835 0.250508
5.84 0.250142
5.845 0.249776
5.85 0.24941
5.855 0.249046
5.86 0.248682
5.865 0.248319
5.87 0.247957
5.875 0.247595
5.88 0.247234
5.885 0.246874
5.89 0.246514
5.895 0.246156
5.9 0.245798
5.905 0.24544
5.91 0.245084
5.915 0.244728
5.92 0.244373
5.925 0.244018
5.93 0.243664
5.935 0.243311
5.94 0.242959
5.945 0.242607
5.95 0.242256
5.955 0.241906
5.96 0.241557
5.965 0.241208
5.97 0.24086
5.975 0.240512
5.98 0.240165
5.985 0.239819
5.99 0.239474
5.995 0.239129
6 0.238785
6.005 0.238442
6.01 0.238099
6.015 0.237757
6.02 0.237416
6.025 0.237075
6.03 0.236736
6.035 0.236396
6.04 0.236058
6.045 0.23572
6.05 0.235383
6.055 0.235046
6.06 0.23471
6.065 0.234375
6.07 0.23404
6.075 0.233706
6.08 0.233373
6.085 0.23304
6.09 0.232708
6.095 0.232377
6.1 0.232047
6.105 0.231717
6.11 0.231387
6.115 0.231059
6.12 0.230731
6.125 0.230403
6.13 0.230076
6.135 0.22975
6.14 0.229425
6.145 0.2291
6.15 0.228776
6.155 0.228452
6.16 0.228129
6.165 0.227807
6.17 0.227486
6.175 0.227165
6.18 0.226844
6.185 0.226524
6.19 0.226205
6.195 0.225887
6.2 0.225569
6.205 0.225252
6.21 0.224935
6.215 0.224619
6.22 0.224304
6.225 0.223989
6.23 0.223675
6.235 0.223361
6.24 0.223048
6.245 0.222736
6.25 0.222424
6.255 0.222113
6.26 0.221803
6.265 0.221493
6.27 0.221184
6.275 0.220875
6.28 0.220567
6.285 0.220259
6.29 0.219953
6.295 0.219646
6.3 0.219341
6.305 0.219036
6.31 0.218731
6.315 0.218427
6.32 0.218124
6.325 0.217821
6.33 0.217519
6.335 0.217218
6.34 0.216917
6.345 0.216616
6.35 0.216316
6.355 0.216017
6.36 0.215719
6.365 0.215421
6.37 0.215123
6.375 0.214826
6.38 0.21453
6.385 0.214234
6.39 0.213939
6.395 0.213644
6.4 0.21335
6.405 0.213057
6.41 0.212764
6.415 0.212472
6.42 0.21218
6.425 0.211889
6.43 0.211598
6.435 0.211308
6.44 0.211018
6.445 0.210729
6.45 0.210441
6.455 0.210153
6.46 0.209866
6.465 0.209579
6.47 0.209293
6.475 0.209007
6.48 0.208722
6.485 0.208437
6.49 0.208153
6.495 0.20787
6.5 0.207587
6.505 0.207305
6.51 0.207023
6.515 0.206741
6.52 0.206461
6.525 0.20618
6.53 0.205901
6.535 0.205621
6.54 0.205343
6.545 0.205065
6.55 0.204787
6.555 0.20451
6.56 0.204234
6.565 0.203958
6.57 0.203682
6.575 0.203407
6.58 0.203133
6.585 0.202859
6.59 0.202586
6.595 0.202313
6.6 0.20204
6.605 0.201769
6.61 0.201497
6.615 0.201226
6.62 0.200956
6.625 0.200686
6.63 0.200417
6.635 0.200148
6.64 0.19988
6.645 0.199612
6.65 0.199345
6.655 0.199078
6.66 0.198812
6.665 0.198547
6.67 0.198281
6.675 0.198017
6.68 0.197752
6.685 0.197489
6.69 0.197226
6.695 0.196963
6.7 0.196701
6.705 0.196439
6.71 0.196178
6.715 0.195917
6.72 0.195657
6.725 0.195397
6.73 0.195138
6.735 0.194879
6.74 0.194621
6.745 0.194363
6.75 0.194105
6.755 0.193849
6.76 0.193592
6.765 0.193336
6.77 0.193081
6.775 0.192826
6.78 0.192571
6.785 0.192318
6.79 0.192064
6.795 0.191811
6.8 0.191558
6.805 0.191306
6.81 0.191055
6.815 0.190804
6.82 0.190553
6.825 0.190303
6.83 0.190053
6.835 0.189804
6.84 0.189555
6.845 0.189307
6.85 0.189059
6.855 0.188811
6.86 0.188564
6.865 0.188318
6.87 0.188072
6.875 0.187826
6.88 0.187581
6.885 0.187336
6.89 0.187092
6.895 0.186848
6.9 0.186605
6.905 0.186362
6.91 0.18612
6.915 0.185878
6.92 0.185636
6.925 0.185395
6.93 0.185154
6.935 0.184914
6.94 0.184674
6.945 0.184435
6.95 0.184196
6.955 0.183958
6.96 0.18372
6.965 0.183482
6.97 0.183245
6.975 0.183008
6.98 0.182772
6.985 0.182536
6.99 0.182301
6.995 0.182066
7 0.181831
7.005 0.181597
7.01 0.181364
7.015 0.181131
7.02 0.180898
7.025 0.180665
7.03 0.180433
7.035 0.180202
7.04 0.179971
7.045 0.17974
7.05 0.17951
7.055 0.17928
7.06 0.179051
7.065 0.178822
7.07 0.178593
7.075 0.178365
7.08 0.178137
7.085 0.17791
7.09 0.177683
7.095 0.177456
7.1 0.17723
7.105 0.177005
7.11 0.176779
7.115 0.176554
7.12 0.17633
7.125 0.176106
7.13 0.175882
7.135 0.175659
7.14 0.175436
7.145 0.175214
7.15 0.174992
7.155 0.17477
7.16 0.174549
7.165 0.174328
7.17 0.174108
7.175 0.173888
7.18 0.173668
7.185 0.173449
7.19 0.17323
7.195 0.173011
7.2 0.172793
7.205 0.172576
7.21 0.172358
7.215 0.172142
7.22 0.171925
7.225 0.171709
7.23 0.171493
7.235 0.171278
7.24 0.171063
7.245 0.170849
7.25 0.170634
7.255 0.170421
7.26 0.170207
7.265 0.169994
7.27 0.169782
7.275 0.169569
7.28 0.169357
7.285 0.169146
7.29 0.168935
7.295 0.168724
7.3 0.168514
7.305 0.168304
7.31 0.168094
7.315 0.167885
7.32 0.167676
7.325 0.167468
7.33 0.167259
7.335 0.167052
7.34 0.166844
7.345 0.166637
7.35 0.166431
7.355 0.166224
7.36 0.166019
7.365 0.165813
7.37 0.165608
7.375 0.165403
7.38 0.165199
7.385 0.164994
7.39 0.164791
7.395 0.164587
7.4 0.164384
7.405 0.164182
7.41 0.163979
7.415 0.163778
7.42 0.163576
7.425 0.163375
7.43 0.163174
7.435 0.162973
7.44 0.162773
7.445 0.162573
7.45 0.162374
7.455 0.162175
7.46 0.161976
7.465 0.161778
7.47 0.16158
7.475 0.161382
7.48 0.161185
7.485 0.160988
7.49 0.160791
7.495 0.160595
7.5 0.160399
7.505 0.160203
7.51 0.160008
7.515 0.159813
7.52 0.159618
7.525 0.159424
7.53 0.15923
7.535 0.159037
7.54 0.158843
7.545 0.15865
7.55 0.158458
7.555 0.158266
7.56 0.158074
7.565 0.157882
7.57 0.157691
7.575 0.1575
7.58 0.157309
7.585 0.157119
7.59 0.156929
7.595 0.15674
7.6 0.156551
7.605 0.156362
7.61 0.156173
7.615 0.155985
7.62 0.155797
7.625 0.155609
7.63 0.155422
7.635 0.155235
7.64 0.155048
7.645 0.154862
7.65 0.154676
7.655 0.15449
7.66 0.154305
7.665 0.15412
7.67 0.153935
7.675 0.153751
7.68 0.153567
7.685 0.153383
7.69 0.1532
7.695 0.153017
7.7 0.152834
7.705 0.152651
7.71 0.152469
7.715 0.152287
7.72 0.152106
7.725 0.151925
7.73 0.151744
7.735 0.151563
7.74 0.151383
7.745 0.151203
7.75 0.151023
7.755 0.150844
7.76 0.150665
7.765 0.150486
7.77 0.150307
7.775 0.150129
7.78 0.149951
7.785 0.149774
7.79 0.149597
7.795 0.14942
7.8 0.149243
7.805 0.149067
7.81 0.148891
7.815 0.148715
7.82 0.14854
7.825 0.148364
7.83 0.14819
7.835 0.148015
7.84 0.147841
7.845 0.147667
7.85 0.147493
7.855 0.14732
7.86 0.147147
7.865 0.146974
7.87 0.146802
7.875 0.146629
7.88 0.146458
7.885 0.146286
7.89 0.146115
7.895 0.145944
7.9 0.145773
7.905 0.145602
7.91 0.145432
7.915 0.145262
7.92 0.145093
7.925 0.144924
7.93 0.144755
7.935 0.144586
7.94 0.144417
7.945 0.144249
7.95 0.144081
7.955 0.143914
7.96 0.143746
7.965 0.143579
7.97 0.143413
7.975 0.143246
7.98 0.14308
7.985 0.142914
7.99 0.142749
7.995 0.142583
8 0.142418
8.005 0.142253
8.01 0.142089
8.015 0.141925
8.02 0.141761
8.025 0.141597
8.03 0.141433
8.035 0.14127
8.04 0.141107
8.045 0.140945
8.05 0.140782
8.055 0.14062
8.06 0.140459
8.065 0.140297
8.07 0.140136
8.075 0.139975
8.08 0.139814
8.085 0.139654
8.09 0.139493
8.095 0.139334
8.1 0.139174
8.105 0.139015
8.11 0.138855
8.115 0.138697
8.12 0.138538
8.125 0.13838
8.13 0.138222
8.135 0.138064
8.14 0.137906
8.145 0.137749
8.15 0.137592
8.155 0.137435
8.16 0.137279
8.165 0.137122
8.17 0.136966
8.175 0.136811
8.18 0.136655
8.185 0.1365
8.19 0.136345
8.195 0.13619
8.2 0.136036
8.205 0.135882
8.21 0.135728
8.215 0.135574
8.22 0.13542
8.225 0.135267
8.23 0.135114
8.235 0.134962
8.24 0.134809
8.245 0.134657
8.25 0.134505
8.255 0.134353
8.26 0.134202
8.265 0.134051
8.27 0.1339
8.275 0.133749
8.28 0.133599
8.285 0.133448
8.29 0.133298
8.295 0.133149
8.3 0.132999
8.305 0.13285
8.31 0.132701
8.315 0.132552
8.32 0.132404
8.325 0.132255
8.33 0.132107
8.335 0.13196
8.34 0.131812
8.345 0.131665
8.35 0.131518
8.355 0.131371
8.36 0.131224
8.365 0.131078
8.37 0.130932
8.375 0.130786
8.38 0.13064
8.385 0.130495
8.39 0.13035
8.395 0.130205
8.4 0.13006
8.405 0.129915
8.41 0.129771
8.415 0.129627
8.42 0.129483
8.425 0.12934
8.43 0.129197
8.435 0.129054
8.44 0.128911
8.445 0.128768
8.45 0.128626
8.455 0.128484
8.46 0.128342
8.465 0.1282
8.47 0.128058
8.475 0.127917
8.48 0.127776
8.485 0.127635
8.49 0.127495
8.495 0.127354
8.5 0.127214
8.505 0.127074
8.51 0.126935
8.515 0.126795
8.52 0.126656
8.525 0.126517
8.53 0.126378
8.535 0.12624
8.54 0.126101
8.545 0.125963
8.55 0.125825
8.555 0.125688
8.56 0.12555
8.565 0.125413
8.57 0.125276
8.575 0.125139
8.58 0.125002
8.585 0.124866
8.59 0.12473
8.595 0.124594
8.6 0.124458
8.605 0.124323
8.61 0.124187
8.615 0.124052
8.62 0.123917
8.625 0.123783
8.63 0.123648
8.635 0.123514
8.64 0.12338
8.645 0.123246
8.65 0.123113
8.655 0.122979
8.66 0.122846
8.665 0.122713
8.67 0.12258
8.675 0.122448
8.68 0.122316
8.685 0.122183
8.69 0.122052
8.695 0.12192
8.7 0.121788
8.705 0.121657
8.71 0.121526
8.715 0.121395
8.72 0.121264
8.725 0.121134
8.73 0.121004
8.735 0.120874
8.74 0.120744
8.745 0.120614
8.75 0.120485
8.755 0.120355
8.76 0.120226
8.765 0.120097
8.77 0.119969
8.775 0.11984
8.78 0.119712
8.785 0.119584
8.79 0.119456
8.795 0.119328
8.8 0.119201
8.805 0.119074
8.81 0.118947
8.815 0.11882
8.82 0.118693
8.825 0.118567
8.83 0.11844
8.835 0.118314
8.84 0.118189
8.845 0.118063
8.85 0.117937
8.855 0.117812
8.86 0.117687
8.865 0.117562
8.87 0.117437
8.875 0.117313
8.88 0.117189
8.885 0.117064
8.89 0.11694
8.895 0.116817
8.9 0.116693
8.905 0.11657
8.91 0.116447
8.915 0.116324
8.92 0.116201
8.925 0.116078
8.93 0.115956
8.935 0.115834
8.94 0.115712
8.945 0.11559
8.95 0.115468
8.955 0.115347
8.96 0.115225
8.965 0.115104
8.97 0.114983
8.975 0.114862
8.98 0.114742
8.985 0.114622
8.99 0.114501
8.995 0.114381
9 0.114262
9.005 0.114142
9.01 0.114022
9.015 0.113903
9.02 0.113784
9.025 0.113665
9.03 0.113546
9.035 0.113428
9.04 0.11331
9.045 0.113191
9.05 0.113073
9.055 0.112956
9.06 0.112838
9.065 0.11272
9.07 0.112603
9.075 0.112486
9.08 0.112369
9.085 0.112252
9.09 0.112136
9.095 0.112019
9.1 0.111903
9.105 0.111787
9.11 0.111671
9.115 0.111556
9.12 0.11144
9.125 0.111325
9.13 0.11121
9.135 0.111095
9.14 0.11098
9.145 0.110865
9.15 0.110751
9.155 0.110636
9.16 0.110522
9.165 0.110408
9.17 0.110295
9.175 0.110181
9.18 0.110067
9.185 0.109954
9.19 0.109841
9.195 0.109728
9.2 0.109615
9.205 0.109503
9.21 0.10939
9.215 0.109278
9.22 0.109166
9.225 0.109054
9.23 0.108942
9.235 0.108831
9.24 0.108719
9.245 0.108608
9.25 0.108497
9.255 0.108386
9.26 0.108275
9.265 0.108165
9.27 0.108054
9.275 0.107944
9.28 0.107834
9.285 0.107724
9.29 0.107614
9.295 0.107505
9.3 0.107395
9.305 0.107286
9.31 0.107177
9.315 0.107068
9.32 0.106959
9.325 0.106851
9.33 0.106742
9.335 0.106634
9.34 0.106526
9.345 0.106418
9.35 0.10631
9.355 0.106202
9.36 0.106095
9.365 0.105987
9.37 0.10588
9.375 0.105773
9.38 0.105666
9.385 0.10556
9.39 0.105453
9.395 0.105347
9.4 0.10524
9.405 0.105134
9.41 0.105028
9.415 0.104923
9.42 0.104817
9.425 0.104712
9.43 0.104606
9.435 0.104501
9.44 0.104396
9.445 0.104291
9.45 0.104187
9.455 0.104082
9.46 0.103978
9.465 0.103874
9.47 0.10377
9.475 0.103666
9.48 0.103562
9.485 0.103458
9.49 0.103355
9.495 0.103252
9.5 0.103148
9.505 0.103045
9.51 0.102943
9.515 0.10284
9.52 0.102737
9.525 0.102635
9.53 0.102533
9.535 0.102431
9.54 0.102329
9.545 0.102227
9.55 0.102125
9.555 0.102024
9.56 0.101922
9.565 0.101821
9.57 0.10172
9.575 0.101619
9.58 0.101518
9.585 0.101418
9.59 0.101317
9.595 0.101217
9.6 0.101117
9.605 0.101017
9.61 0.100917
9.615 0.100817
9.62 0.100717
9.625 0.100618
9.63 0.100519
9.635 0.100419
9.64 0.10032
9.645 0.100221
9.65 0.100123
9.655 0.100024
9.66 0.0999256
9.665 0.0998273
9.67 0.0997292
9.675 0.0996311
9.68 0.0995332
9.685 0.0994355
9.69 0.0993379
9.695 0.0992404
9.7 0.0991431
9.705 0.0990459
9.71 0.0989488
9.715 0.0988519
9.72 0.0987551
9.725 0.0986585
9.73 0.098562
9.735 0.0984656
9.74 0.0983694
9.745 0.0982733
9.75 0.0981774
9.755 0.0980816
9.76 0.0979859
9.765 0.0978904
9.77 0.097795
9.775 0.0976997
9.78 0.0976046
9.785 0.0975096
9.79 0.0974148
9.795 0.0973201
9.8 0.0972255
9.805 0.097131
9.81 0.0970367
9.815 0.0969425
9.82 0.0968485
9.825 0.0967546
9.83 0.0966608
9.835 0.0965672
9.84 0.0964737
9.845 0.0963803
9.85 0.096287
9.855 0.0961939
9.86 0.0961009
9.865 0.0960081
9.87 0.0959154
9.875 0.0958228
9.88 0.0957303
9.885 0.095638
9.89 0.0955458
9.895 0.0954538
9.9 0.0953618
9.905 0.09527
9.91 0.0951784
9.915 0.0950868
9.92 0.0949954
9.925 0.0949041
9.93 0.094813
9.935 0.094722
9.94 0.0946311
9.945 0.0945403
9.95 0.0944496
9.955 0.0943591
9.96 0.0942687
9.965 0.0941785
9.97 0.0940884
9.975 0.0939983
9.98 0.0939085
9.985 0.0938187
9.99 0.0937291
9.995 0.0936396
