0 -nan
0.005 0.836486
0.01 0.227215
0.015 0.920928
0.02 0.584121
0.025 0.379051
0.03 0.0175254
0.035 0.237115
0.04 0.285281
0.045 0.208977
0.05 0.144231
0.055 0.131422
0.06 0.160302
0.065 0.210506
0.07 0.266092
0.075 0.317669
0.08 0.360839
0.085 0.394283
0.09 0.41833
0.095 0.434069
0.1 0.442837
0.105 0.445961
0.11 0.444641
0.115 0.4399
0.12 0.43259
0.125 0.423399
0.13 0.412876
0.135 0.401455
0.14 0.389474
0.145 0.377194
0.15 0.364814
0.155 0.352485
0.16 0.340321
0.165 0.328403
0.17 0.316791
0.175 0.305525
0.18 0.294633
0.185 0.284129
0.19 0.274022
0.195 0.264311
0.2 0.254995
0.205 0.246066
0.21 0.237513
0.215 0.229326
0.22 0.221493
0.225 0.213999
0.23 0.206832
0.235 0.199976
0.24 0.19342
0.245 0.187148
0.25 0.181147
0.255 0.175405
0.26 0.16991
0.265 0.164649
0.27 0.15961
0.275 0.154784
0.28 0.150158
0.285 0.145725
0.29 0.141473
0.295 0.137394
0.3 0.13348
0.305 0.129722
0.31 0.126113
0.315 0.122646
0.32 0.119313
0.325 0.116109
0.33 0.113027
0.335 0.110061
0.34 0.107206
0.345 0.104457
0.35 0.101809
0.355 0.0992562
0.36 0.0967956
0.365 0.0944225
0.37 0.0921331
0.375 0.0899235
0.38 0.0877903
0.385 0.0857301
0.39 0.0837396
0.395 0.0818159
0.4 0.0799562
0.405 0.0781576
0.41 0.0764177
0.415 0.074734
0.42 0.073104
0.425 0.0715258
0.43 0.069997
0.435 0.0685158
0.44 0.0670802
0.445 0.0656884
0.45 0.0643386
0.455 0.0630294
0.46 0.0617589
0.465 0.0605259
0.47 0.0593288
0.475 0.0581664
0.48 0.0570372
0.485 0.0559401
0.49 0.0548739
0.495 0.0538374
0.5 0.0528296
0.505 0.0518494
0.51 0.0508959
0.515 0.0499681
0.52 0.0490652
0.525 0.0481862
0.53 0.0473303
0.535 0.0464967
0.54 0.0456847
0.545 0.0448935
0.55 0.0441225
0.555 0.0433709
0.56 0.0426382
0.565 0.0419237
0.57 0.0412268
0.575 0.040547
0.58 0.0398837
0.585 0.0392363
0.59 0.0386045
0.595 0.0379876
0.6 0.0373853
0.605 0.036797
0.61 0.0362224
0.615 0.0356611
0.62 0.0351126
0.625 0.0345765
0.63 0.0340525
0.635 0.0335402
0.64 0.0330393
0.645 0.0325495
0.65 0.0320704
0.655 0.0316017
0.66 0.0311431
0.665 0.0306944
0.67 0.0302552
0.675 0.0298253
0.68 0.0294045
0.685 0.0289924
0.69 0.0285889
0.695 0.0281937
0.7 0.0278065
0.705 0.0274273
0.71 0.0270557
0.715 0.0266915
0.72 0.0263346
0.725 0.0259848
0.73 0.0256418
0.735 0.0253056
0.74 0.0249759
0.745 0.0246526
0.75 0.0243354
0.755 0.0240243
0.76 0.0237191
0.765 0.0234197
0.77 0.0231258
0.775 0.0228374
0.78 0.0225544
0.785 0.0222765
0.79 0.0220038
0.795 0.0217359
0.8 0.021473
0.805 0.0212147
0.81 0.0209611
0.815 0.0207119
0.82 0.0204671
0.825 0.0202267
0.83 0.0199904
0.835 0.0197582
0.84 0.0195301
0.845 0.0193058
0.85 0.0190854
0.855 0.0188687
0.86 0.0186557
0.865 0.0184462
0.87 0.0182402
0.875 0.0180377
0.88 0.0178384
0.885 0.0176425
0.89 0.0174497
0.895 0.0172601
0.9 0.0170736
0.905 0.01689
0.91 0.0167094
0.915 0.0165316
0.92 0.0163567
0.925 0.0161845
0.93 0.016015
0.935 0.0158481
0.94 0.0156839
0.945 0.0155221
0.95 0.0153629
0.955 0.015206
0.96 0.0150516
0.965 0.0148995
0.97 0.0147496
0.975 0.014602
0.98 0.0144567
0.985 0.0143134
0.99 0.0141723
0.995 0.0140332
1 0.0138962
1.005 0.0137612
1.01 0.0136281
1.015 0.0134969
1.02 0.0133677
1.025 0.0132402
1.03 0.0131146
1.035 0.0129907
1.04 0.0128686
1.045 0.0127482
1.05 0.0126295
1.055 0.0125124
1.06 0.0123969
1.065 0.012283
1.07 0.0121707
1.075 0.0120599
1.08 0.0119506
1.085 0.0118428
1.09 0.0117364
1.095 0.0116315
1.1 0.0115279
1.105 0.0114258
1.11 0.0113249
1.115 0.0112254
1.12 0.0111272
1.125 0.0110303
1.13 0.0109347
1.135 0.0108402
1.14 0.010747
1.145 0.010655
1.15 0.0105642
1.155 0.0104745
1.16 0.0103859
1.165 0.0102985
1.17 0.0102122
1.175 0.0101269
1.18 0.0100427
1.185 0.00995954
1.19 0.00987741
1.195 0.00979629
1.2 0.00971616
1.205 0.00963701
1.21 0.00955882
1.215 0.00948158
1.22 0.00940527
1.225 0.00932987
1.23 0.00925537
1.235 0.00918177
1.24 0.00910903
1.245 0.00903715
1.25 0.00896612
1.255 0.00889593
1.26 0.00882655
1.265 0.00875798
1.27 0.0086902
1.275 0.0086232
1.28 0.00855698
1.285 0.00849151
1.29 0.0084268
1.295 0.00836281
1.3 0.00829955
1.305 0.00823701
1.31 0.00817517
1.315 0.00811402
1.32 0.00805355
1.325 0.00799376
1.33 0.00793463
1.335 0.00787615
1.34 0.00781831
1.345 0.00776111
1.35 0.00770453
1.355 0.00764857
1.36 0.00759321
1.365 0.00753845
1.37 0.00748428
1.375 0.0074307
1.38 0.00737768
1.385 0.00732523
1.39 0.00727333
1.395 0.00722199
1.4 0.00717118
1.405 0.00712091
1.41 0.00707117
1.415 0.00702194
1.42 0.00697322
1.425 0.00692501
1.43 0.0068773
1.435 0.00683008
1.44 0.00678334
1.445 0.00673708
1.45 0.00669129
1.455 0.00664596
1.46 0.00660109
1.465 0.00655668
1.47 0.00651271
1.475 0.00646918
1.48 0.00642609
1.485 0.00638342
1.49 0.00634118
1.495 0.00629935
1.5 0.00625794
1.505 0.00621693
1.51 0.00617632
1.515 0.00613611
1.52 0.0060963
1.525 0.00605686
1.53 0.00601781
1.535 0.00597913
1.54 0.00594083
1.545 0.00590289
1.55 0.00586531
1.555 0.00582809
1.56 0.00579123
1.565 0.00575471
1.57 0.00571853
1.575 0.0056827
1.58 0.0056472
1.585 0.00561203
1.59 0.00557719
1.595 0.00554267
1.6 0.00550847
1.605 0.00547459
1.61 0.00544101
1.615 0.00540775
1.62 0.00537479
1.625 0.00534213
1.63 0.00530976
1.635 0.00527769
1.64 0.00524591
1.645 0.00521441
1.65 0.0051832
1.655 0.00515226
1.66 0.0051216
1.665 0.00509122
1.67 0.0050611
1.675 0.00503125
1.68 0.00500166
1.685 0.00497233
1.69 0.00494326
1.695 0.00491444
1.7 0.00488588
1.705 0.00485756
1.71 0.00482949
1.715 0.00480166
1.72 0.00477407
1.725 0.00474671
1.73 0.00471959
1.735 0.0046927
1.74 0.00466605
1.745 0.00463961
1.75 0.0046134
1.755 0.00458742
1.76 0.00456165
1.765 0.00453609
1.77 0.00451075
1.775 0.00448563
1.78 0.00446071
1.785 0.004436
1.79 0.00441149
1.795 0.00438719
1.8 0.00436308
1.805 0.00433918
1.81 0.00431546
1.815 0.00429195
1.82 0.00426862
1.825 0.00424549
1.83 0.00422254
1.835 0.00419977
1.84 0.00417719
1.845 0.0041548
1.85 0.00413258
1.855 0.00411054
1.86 0.00408867
1.865 0.00406698
1.87 0.00404546
1.875 0.00402411
1.88 0.00400293
1.885 0.00398191
1.89 0.00396107
1.895 0.00394038
1.9 0.00391985
1.905 0.00389949
1.91 0.00387928
1.915 0.00385923
1.92 0.00383934
1.925 0.0038196
1.93 0.00380001
1.935 0.00378057
1.94 0.00376127
1.945 0.00374213
1.95 0.00372313
1.955 0.00370428
1.96 0.00368557
1.965 0.003667
1.97 0.00364857
1.975 0.00363027
1.98 0.00361212
1.985 0.0035941
1.99 0.00357621
1.995 0.00355846
2 0.00354084
2.005 0.00352335
2.01 0.00350599
2.015 0.00348876
2.02 0.00347166
2.025 0.00345468
2.03 0.00343782
2.035 0.00342109
2.04 0.00340448
2.045 0.00338799
2.05 0.00337161
2.055 0.00335536
2.06 0.00333923
2.065 0.00332321
2.07 0.0033073
2.075 0.00329151
2.08 0.00327583
2.085 0.00326027
2.09 0.00324481
2.095 0.00322946
2.1 0.00321423
2.105 0.00319909
2.11 0.00318407
2.115 0.00316915
2.12 0.00315434
2.125 0.00313963
2.13 0.00312502
2.135 0.00311052
2.14 0.00309611
2.145 0.0030818
2.15 0.0030676
2.155 0.00305349
2.16 0.00303948
2.165 0.00302556
2.17 0.00301174
2.175 0.00299802
2.18 0.00298438
2.185 0.00297084
2.19 0.0029574
2.195 0.00294404
2.2 0.00293077
2.205 0.0029176
2.21 0.00290451
2.215 0.00289151
2.22 0.0028786
2.225 0.00286577
2.23 0.00285303
2.235 0.00284037
2.24 0.0028278
2.245 0.00281531
2.25 0.0028029
2.255 0.00279057
2.26 0.00277833
2.265 0.00276617
2.27 0.00275408
2.275 0.00274208
2.28 0.00273015
2.285 0.0027183
2.29 0.00270653
2.295 0.00269483
2.3 0.00268321
2.305 0.00267166
2.31 0.00266019
2.315 0.0026488
2.32 0.00263747
2.325 0.00262622
2.33 0.00261504
2.335 0.00260393
2.34 0.00259289
2.345 0.00258192
2.35 0.00257102
2.355 0.00256019
2.36 0.00254943
2.365 0.00253874
2.37 0.00252811
2.375 0.00251755
2.38 0.00250705
2.385 0.00249662
2.39 0.00248626
2.395 0.00247596
2.4 0.00246572
2.405 0.00245555
2.41 0.00244544
2.415 0.00243539
2.42 0.00242541
2.425 0.00241548
2.43 0.00240562
2.435 0.00239582
2.44 0.00238607
2.445 0.00237639
2.45 0.00236676
2.455 0.00235719
2.46 0.00234768
2.465 0.00233823
2.47 0.00232884
2.475 0.0023195
2.48 0.00231022
2.485 0.00230099
2.49 0.00229182
2.495 0.0022827
2.5 0.00227364
2.505 0.00226463
2.51 0.00225567
2.515 0.00224677
2.52 0.00223792
2.525 0.00222912
2.53 0.00222037
2.535 0.00221168
2.54 0.00220304
2.545 0.00219444
2.55 0.0021859
2.555 0.00217741
2.56 0.00216896
2.565 0.00216057
2.57 0.00215222
2.575 0.00214392
2.58 0.00213567
2.585 0.00212747
2.59 0.00211931
2.595 0.0021112
2.6 0.00210314
2.605 0.00209513
2.61 0.00208715
2.615 0.00207923
2.62 0.00207135
2.625 0.00206351
2.63 0.00205572
2.635 0.00204798
2.64 0.00204027
2.645 0.00203261
2.65 0.00202499
2.655 0.00201742
2.66 0.00200989
2.665 0.0020024
2.67 0.00199495
2.675 0.00198754
2.68 0.00198018
2.685 0.00197285
2.69 0.00196557
2.695 0.00195833
2.7 0.00195112
2.705 0.00194396
2.71 0.00193683
2.715 0.00192975
2.72 0.0019227
2.725 0.00191569
2.73 0.00190872
2.735 0.00190179
2.74 0.00189489
2.745 0.00188804
2.75 0.00188122
2.755 0.00187443
2.76 0.00186769
2.765 0.00186098
2.77 0.0018543
2.775 0.00184767
2.78 0.00184106
2.785 0.0018345
2.79 0.00182796
2.795 0.00182147
2.8 0.001815
2.805 0.00180857
2.81 0.00180218
2.815 0.00179582
2.82 0.00178949
2.825 0.0017832
2.83 0.00177694
2.835 0.00177071
2.84 0.00176451
2.845 0.00175835
2.85 0.00175222
2.855 0.00174612
2.86 0.00174006
2.865 0.00173402
2.87 0.00172802
2.875 0.00172205
2.88 0.0017161
2.885 0.00171019
2.89 0.00170431
2.895 0.00169846
2.9 0.00169264
2.905 0.00168685
2.91 0.00168109
2.915 0.00167536
2.92 0.00166966
2.925 0.00166398
2.93 0.00165834
2.935 0.00165273
2.94 0.00164714
2.945 0.00164158
2.95 0.00163605
2.955 0.00163055
2.96 0.00162507
2.965 0.00161962
2.97 0.0016142
2.975 0.00160881
2.98 0.00160344
2.985 0.00159811
2.99 0.00159279
2.995 0.00158751
3 0.00158225
3.005 0.00157701
3.01 0.0015718
3.015 0.00156662
3.02 0.00156147
3.025 0.00155633
3.03 0.00155123
3.035 0.00154615
3.04 0.00154109
3.045 0.00153606
3.05 0.00153105
3.055 0.00152607
3.06 0.00152111
3.065 0.00151618
3.07 0.00151127
3.075 0.00150638
3.08 0.00150152
3.085 0.00149668
3.09 0.00149187
3.095 0.00148708
3.1 0.00148231
3.105 0.00147756
3.11 0.00147284
3.115 0.00146813
3.12 0.00146346
3.125 0.0014588
3.13 0.00145417
3.135 0.00144955
3.14 0.00144496
3.145 0.0014404
3.15 0.00143585
3.155 0.00143132
3.16 0.00142682
3.165 0.00142234
3.17 0.00141788
3.175 0.00141343
3.18 0.00140901
3.185 0.00140462
3.19 0.00140024
3.195 0.00139588
3.2 0.00139154
3.205 0.00138722
3.21 0.00138293
3.215 0.00137865
3.22 0.00137439
3.225 0.00137015
3.23 0.00136593
3.235 0.00136173
3.24 0.00135756
3.245 0.00135339
3.25 0.00134925
3.255 0.00134513
3.26 0.00134103
3.265 0.00133694
3.27 0.00133288
3.275 0.00132883
3.28 0.0013248
3.285 0.00132079
3.29 0.00131679
3.295 0.00131282
3.3 0.00130886
3.305 0.00130492
3.31 0.001301
3.315 0.0012971
3.32 0.00129321
3.325 0.00128934
3.33 0.00128549
3.335 0.00128166
3.34 0.00127784
3.345 0.00127404
3.35 0.00127026
3.355 0.00126649
3.36 0.00126274
3.365 0.00125901
3.37 0.00125529
3.375 0.00125159
3.38 0.00124791
3.385 0.00124424
3.39 0.00124059
3.395 0.00123696
3.4 0.00123334
3.405 0.00122973
3.41 0.00122615
3.415 0.00122258
3.42 0.00121902
3.425 0.00121548
3.43 0.00121195
3.435 0.00120844
3.44 0.00120495
3.445 0.00120147
3.45 0.001198
3.455 0.00119455
3.46 0.00119112
3.465 0.0011877
3.47 0.00118429
3.475 0.0011809
3.48 0.00117753
3.485 0.00117416
3.49 0.00117082
3.495 0.00116748
3.5 0.00116417
3.505 0.00116086
3.51 0.00115757
3.515 0.00115429
3.52 0.00115103
3.525 0.00114778
3.53 0.00114455
3.535 0.00114132
3.54 0.00113812
3.545 0.00113492
3.55 0.00113174
3.555 0.00112857
3.56 0.00112542
3.565 0.00112228
3.57 0.00111915
3.575 0.00111603
3.58 0.00111293
3.585 0.00110984
3.59 0.00110677
3.595 0.0011037
3.6 0.00110065
3.605 0.00109761
3.61 0.00109459
3.615 0.00109157
3.62 0.00108857
3.625 0.00108558
3.63 0.00108261
3.635 0.00107964
3.64 0.00107669
3.645 0.00107375
3.65 0.00107083
3.655 0.00106791
3.66 0.00106501
3.665 0.00106211
3.67 0.00105923
3.675 0.00105637
3.68 0.00105351
3.685 0.00105066
3.69 0.00104783
3.695 0.00104501
3.7 0.0010422
3.705 0.0010394
3.71 0.00103661
3.715 0.00103383
3.72 0.00103106
3.725 0.00102831
3.73 0.00102557
3.735 0.00102283
3.74 0.00102011
3.745 0.0010174
3.75 0.0010147
3.755 0.00101201
3.76 0.00100933
3.765 0.00100666
3.77 0.001004
3.775 0.00100136
3.78 0.00099872
3.785 0.000996093
3.79 0.000993477
3.795 0.000990871
3.8 0.000988276
3.805 0.00098569
3.81 0.000983115
3.815 0.00098055
3.82 0.000977995
3.825 0.000975449
3.83 0.000972914
3.835 0.000970389
3.84 0.000967873
3.845 0.000965367
3.85 0.000962871
3.855 0.000960385
3.86 0.000957908
3.865 0.000955441
3.87 0.000952983
3.875 0.000950535
3.88 0.000948096
3.885 0.000945666
3.89 0.000943246
3.895 0.000940835
3.9 0.000938433
3.905 0.000936041
3.91 0.000933658
3.915 0.000931283
3.92 0.000928918
3.925 0.000926562
3.93 0.000924215
3.935 0.000921876
3.94 0.000919547
3.945 0.000917226
3.95 0.000914914
3.955 0.000912611
3.96 0.000910317
3.965 0.000908031
3.97 0.000905754
3.975 0.000903485
3.98 0.000901225
3.985 0.000898973
3.99 0.00089673
3.995 0.000894495
4 0.000892268
4.005 0.00089005
4.01 0.00088784
4.015 0.000885638
4.02 0.000883445
4.025 0.000881259
4.03 0.000879082
4.035 0.000876913
4.04 0.000874751
4.045 0.000872598
4.05 0.000870453
4.055 0.000868315
4.06 0.000866186
4.065 0.000864064
4.07 0.00086195
4.075 0.000859843
4.08 0.000857745
4.085 0.000855654
4.09 0.000853571
4.095 0.000851495
4.1 0.000849427
4.105 0.000847367
4.11 0.000845314
4.115 0.000843268
4.12 0.00084123
4.125 0.000839199
4.13 0.000837175
4.135 0.000835159
4.14 0.00083315
4.145 0.000831149
4.15 0.000829154
4.155 0.000827167
4.16 0.000825187
4.165 0.000823214
4.17 0.000821248
4.175 0.000819289
4.18 0.000817337
4.185 0.000815392
4.19 0.000813454
4.195 0.000811523
4.2 0.000809599
4.205 0.000807681
4.21 0.00080577
4.215 0.000803867
4.22 0.000801969
4.225 0.000800079
4.23 0.000798195
4.235 0.000796318
4.24 0.000794448
4.245 0.000792584
4.25 0.000790726
4.255 0.000788876
4.26 0.000787031
4.265 0.000785193
4.27 0.000783362
4.275 0.000781537
4.28 0.000779718
4.285 0.000777906
4.29 0.0007761
4.295 0.0007743
4.3 0.000772506
4.305 0.000770719
4.31 0.000768938
4.315 0.000767163
4.32 0.000765394
4.325 0.000763632
4.33 0.000761875
4.335 0.000760125
4.34 0.00075838
4.345 0.000756641
4.35 0.000754909
4.355 0.000753182
4.36 0.000751462
4.365 0.000749747
4.37 0.000748038
4.375 0.000746335
4.38 0.000744638
4.385 0.000742946
4.39 0.00074126
4.395 0.00073958
4.4 0.000737906
4.405 0.000736237
4.41 0.000734574
4.415 0.000732917
4.42 0.000731265
4.425 0.000729619
4.43 0.000727978
4.435 0.000726343
4.44 0.000724714
4.445 0.000723089
4.45 0.000721471
4.455 0.000719858
4.46 0.00071825
4.465 0.000716647
4.47 0.00071505
4.475 0.000713458
4.48 0.000711872
4.485 0.000710291
4.49 0.000708715
4.495 0.000707144
4.5 0.000705579
4.505 0.000704018
4.51 0.000702463
4.515 0.000700913
4.52 0.000699368
4.525 0.000697829
4.53 0.000696294
4.535 0.000694764
4.54 0.00069324
4.545 0.00069172
4.55 0.000690206
4.555 0.000688696
4.56 0.000687192
4.565 0.000685692
4.57 0.000684197
4.575 0.000682707
4.58 0.000681222
4.585 0.000679742
4.59 0.000678266
4.595 0.000676796
4.6 0.00067533
4.605 0.000673869
4.61 0.000672412
4.615 0.000670961
4.62 0.000669514
4.625 0.000668072
4.63 0.000666634
4.635 0.000665201
4.64 0.000663773
4.645 0.000662349
4.65 0.00066093
4.655 0.000659515
4.66 0.000658105
4.665 0.000656699
4.67 0.000655298
4.675 0.000653902
4.68 0.00065251
4.685 0.000651122
4.69 0.000649739
4.695 0.00064836
4.7 0.000646985
4.705 0.000645615
4.71 0.000644249
4.715 0.000642888
4.72 0.000641531
4.725 0.000640178
4.73 0.000638829
4.735 0.000637485
4.74 0.000636145
4.745 0.000634809
4.75 0.000633477
4.755 0.00063215
4.76 0.000630826
4.765 0.000629507
4.77 0.000628192
4.775 0.000626881
4.78 0.000625575
4.785 0.000624272
4.79 0.000622973
4.795 0.000621679
4.8 0.000620388
4.805 0.000619101
4.81 0.000617819
4.815 0.00061654
4.82 0.000615266
4.825 0.000613995
4.83 0.000612728
4.835 0.000611465
4.84 0.000610206
4.845 0.000608951
4.85 0.0006077
4.855 0.000606453
4.86 0.000605209
4.865 0.00060397
4.87 0.000602734
4.875 0.000601502
4.88 0.000600273
4.885 0.000599049
4.89 0.000597828
4.895 0.000596611
4.9 0.000595398
4.905 0.000594188
4.91 0.000592982
4.915 0.00059178
4.92 0.000590581
4.925 0.000589386
4.93 0.000588195
4.935 0.000587007
4.94 0.000585823
4.945 0.000584642
4.95 0.000583465
4.955 0.000582291
4.96 0.000581121
4.965 0.000579955
4.97 0.000578792
4.975 0.000577633
4.98 0.000576477
4.985 0.000575324
4.99 0.000574175
4.995 0.000573029
5 0.000571887
5.005 0.000570748
5.01 0.000569613
5.015 0.000568481
5.02 0.000567352
5.025 0.000566227
5.03 0.000565105
5.035 0.000563987
5.04 0.000562871
5.045 0.000561759
5.05 0.000560651
5.055 0.000559545
5.06 0.000558443
5.065 0.000557344
5.07 0.000556249
5.075 0.000555156
5.08 0.000554067
5.085 0.000552981
5.09 0.000551898
5.095 0.000550819
5.1 0.000549742
5.105 0.000548669
5.11 0.000547599
5.115 0.000546532
5.12 0.000545468
5.125 0.000544407
5.13 0.000543349
5.135 0.000542295
5.14 0.000541243
5.145 0.000540194
5.15 0.000539149
5.155 0.000538106
5.16 0.000537067
5.165 0.000536031
5.17 0.000534997
5.175 0.000533967
5.18 0.000532939
5.185 0.000531915
5.19 0.000530893
5.195 0.000529875
5.2 0.000528859
5.205 0.000527846
5.21 0.000526836
5.215 0.000525829
5.22 0.000524825
5.225 0.000523824
5.23 0.000522826
5.235 0.00052183
5.24 0.000520837
5.245 0.000519848
5.25 0.000518861
5.255 0.000517876
5.26 0.000516895
5.265 0.000515916
5.27 0.000514941
5.275 0.000513967
5.28 0.000512997
5.285 0.00051203
5.29 0.000511065
5.295 0.000510103
5.3 0.000509143
5.305 0.000508186
5.31 0.000507232
5.315 0.000506281
5.32 0.000505332
5.325 0.000504386
5.33 0.000503443
5.335 0.000502502
5.34 0.000501564
5.345 0.000500629
5.35 0.000499696
5.355 0.000498766
5.36 0.000497838
5.365 0.000496913
5.37 0.000495991
5.375 0.000495071
5.38 0.000494154
5.385 0.000493239
5.39 0.000492327
5.395 0.000491417
5.4 0.00049051
5.405 0.000489605
5.41 0.000488703
5.415 0.000487803
5.42 0.000486906
5.425 0.000486011
5.43 0.000485119
5.435 0.000484229
5.44 0.000483342
5.445 0.000482457
5.45 0.000481574
5.455 0.000480694
5.46 0.000479816
5.465 0.000478941
5.47 0.000478068
5.475 0.000477198
5.48 0.000476329
5.485 0.000475464
5.49 0.0004746
5.495 0.000473739
5.5 0.000472881
5.505 0.000472024
5.51 0.00047117
5.515 0.000470318
5.52 0.000469469
5.525 0.000468622
5.53 0.000467777
5.535 0.000466934
5.54 0.000466094
5.545 0.000465256
5.55 0.00046442
5.555 0.000463587
5.56 0.000462755
5.565 0.000461926
5.57 0.0004611
5.575 0.000460275
5.58 0.000459453
5.585 0.000458632
5.59 0.000457814
5.595 0.000456999
5.6 0.000456185
5.605 0.000455373
5.61 0.000454564
5.615 0.000453757
5.62 0.000452952
5.625 0.000452149
5.63 0.000451348
5.635 0.00045055
5.64 0.000449753
5.645 0.000448959
5.65 0.000448167
5.655 0.000447377
5.66 0.000446588
5.665 0.000445802
5.67 0.000445019
5.675 0.000444237
5.68 0.000443457
5.685 0.000442679
5.69 0.000441903
5.695 0.00044113
5.7 0.000440358
5.705 0.000439588
5.71 0.000438821
5.715 0.000438055
5.72 0.000437292
5.725 0.00043653
5.73 0.00043577
5.735 0.000435013
5.74 0.000434257
5.745 0.000433503
5.75 0.000432752
5.755 0.000432002
5.76 0.000431254
5.765 0.000430508
5.77 0.000429764
5.775 0.000429022
5.78 0.000428282
5.785 0.000427544
5.79 0.000426808
5.795 0.000426073
5.8 0.000425341
5.805 0.00042461
5.81 0.000423881
5.815 0.000423155
5.82 0.00042243
5.825 0.000421706
5.83 0.000420985
5.835 0.000420266
5.84 0.000419548
5.845 0.000418832
5.85 0.000418118
5.855 0.000417406
5.86 0.000416696
5.865 0.000415988
5.87 0.000415281
5.875 0.000414576
5.88 0.000413873
5.885 0.000413172
5.89 0.000412472
5.895 0.000411775
5.9 0.000411079
5.905 0.000410384
5.91 0.000409692
5.915 0.000409001
5.92 0.000408312
5.925 0.000407625
5.93 0.00040694
5.935 0.000406256
5.94 0.000405574
5.945 0.000404894
5.95 0.000404215
5.955 0.000403538
5.96 0.000402863
5.965 0.000402189
5.97 0.000401518
5.975 0.000400848
5.98 0.000400179
5.985 0.000399512
5.99 0.000398847
5.995 0.000398184
6 0.000397522
6.005 0.000396862
6.01 0.000396203
6.015 0.000395546
6.02 0.000394891
6.025 0.000394238
6.03 0.000393586
6.035 0.000392935
6.04 0.000392286
6.045 0.000391639
6.05 0.000390994
6.055 0.00039035
6.06 0.000389707
6.065 0.000389067
6.07 0.000388427
6.075 0.00038779
6.08 0.000387154
6.085 0.000386519
6.09 0.000385886
6.095 0.000385255
6.1 0.000384625
6.105 0.000383997
6.11 0.00038337
6.115 0.000382745
6.12 0.000382121
6.125 0.000381499
6.13 0.000380878
6.135 0.000380259
6.14 0.000379641
6.145 0.000379025
6.15 0.000378411
6.155 0.000377797
6.16 0.000377186
6.165 0.000376576
6.17 0.000375967
6.175 0.00037536
6.18 0.000374754
6.185 0.00037415
6.19 0.000373547
6.195 0.000372945
6.2 0.000372346
6.205 0.000371747
6.21 0.00037115
6.215 0.000370554
6.22 0.00036996
6.225 0.000369368
6.23 0.000368776
6.235 0.000368186
6.24 0.000367598
6.245 0.000367011
6.25 0.000366425
6.255 0.000365841
6.26 0.000365258
6.265 0.000364677
6.27 0.000364096
6.275 0.000363518
6.28 0.00036294
6.285 0.000362364
6.29 0.00036179
6.295 0.000361217
6.3 0.000360645
6.305 0.000360074
6.31 0.000359505
6.315 0.000358937
6.32 0.000358371
6.325 0.000357806
6.33 0.000357242
6.335 0.00035668
6.34 0.000356118
6.345 0.000355559
6.35 0.000355
6.355 0.000354443
6.36 0.000353887
6.365 0.000353333
6.37 0.000352779
6.375 0.000352227
6.38 0.000351677
6.385 0.000351127
6.39 0.000350579
6.395 0.000350033
6.4 0.000349487
6.405 0.000348943
6.41 0.0003484
6.415 0.000347858
6.42 0.000347318
6.425 0.000346779
6.43 0.000346241
6.435 0.000345704
6.44 0.000345169
6.445 0.000344634
6.45 0.000344101
6.455 0.00034357
6.46 0.000343039
6.465 0.00034251
6.47 0.000341982
6.475 0.000341455
6.48 0.00034093
6.485 0.000340405
6.49 0.000339882
6.495 0.00033936
6.5 0.000338839
6.505 0.00033832
6.51 0.000337801
6.515 0.000337284
6.52 0.000336768
6.525 0.000336253
6.53 0.00033574
6.535 0.000335227
6.54 0.000334716
6.545 0.000334206
6.55 0.000333697
6.555 0.000333189
6.56 0.000332682
6.565 0.000332177
6.57 0.000331673
6.575 0.000331169
6.58 0.000330667
6.585 0.000330166
6.59 0.000329667
6.595 0.000329168
6.6 0.000328671
6.605 0.000328174
6.61 0.000327679
6.615 0.000327185
6.62 0.000326692
6.625 0.0003262
6.63 0.000325709
6.635 0.00032522
6.64 0.000324731
6.645 0.000324243
6.65 0.000323757
6.655 0.000323272
6.66 0.000322788
6.665 0.000322305
6.67 0.000321823
6.675 0.000321342
6.68 0.000320862
6.685 0.000320383
6.69 0.000319905
6.695 0.000319429
6.7 0.000318953
6.705 0.000318478
6.71 0.000318005
6.715 0.000317533
6.72 0.000317061
6.725 0.000316591
6.73 0.000316122
6.735 0.000315653
6.74 0.000315186
6.745 0.00031472
6.75 0.000314255
6.755 0.000313791
6.76 0.000313328
6.765 0.000312866
6.77 0.000312405
6.775 0.000311945
6.78 0.000311486
6.785 0.000311028
6.79 0.000310571
6.795 0.000310115
6.8 0.00030966
6.805 0.000309206
6.81 0.000308753
6.815 0.000308301
6.82 0.00030785
6.825 0.0003074
6.83 0.000306951
6.835 0.000306503
6.84 0.000306056
6.845 0.00030561
6.85 0.000305165
6.855 0.000304721
6.86 0.000304278
6.865 0.000303836
6.87 0.000303394
6.875 0.000302954
6.88 0.000302515
6.885 0.000302077
6.89 0.000301639
6.895 0.000301203
6.9 0.000300767
6.905 0.000300333
6.91 0.000299899
6.915 0.000299466
6.92 0.000299035
6.925 0.000298604
6.93 0.000298174
6.935 0.000297745
6.94 0.000297317
6.945 0.00029689
6.95 0.000296464
6.955 0.000296039
6.96 0.000295614
6.965 0.000295191
6.97 0.000294768
6.975 0.000294347
6.98 0.000293926
6.985 0.000293506
6.99 0.000293087
6.995 0.000292669
7 0.000292252
7.005 0.000291836
7.01 0.000291421
7.015 0.000291006
7.02 0.000290593
7.025 0.00029018
7.03 0.000289768
7.035 0.000289357
7.04 0.000288947
7.045 0.000288538
7.05 0.00028813
7.055 0.000287722
7.06 0.000287316
7.065 0.00028691
7.07 0.000286505
7.075 0.000286101
7.08 0.000285698
7.085 0.000285295
7.09 0.000284894
7.095 0.000284493
7.1 0.000284094
7.105 0.000283695
7.11 0.000283297
7.115 0.000282899
7.12 0.000282503
7.125 0.000282107
7.13 0.000281713
7.135 0.000281319
7.14 0.000280926
7.145 0.000280533
7.15 0.000280142
7.155 0.000279751
7.16 0.000279361
7.165 0.000278972
7.17 0.000278584
7.175 0.000278197
7.18 0.00027781
7.185 0.000277424
7.19 0.000277039
7.195 0.000276655
7.2 0.000276272
7.205 0.000275889
7.21 0.000275508
7.215 0.000275127
7.22 0.000274746
7.225 0.000274367
7.23 0.000273988
7.235 0.000273611
7.24 0.000273233
7.245 0.000272857
7.25 0.000272482
7.255 0.000272107
7.26 0.000271733
7.265 0.00027136
7.27 0.000270987
7.275 0.000270616
7.28 0.000270245
7.285 0.000269875
7.29 0.000269505
7.295 0.000269137
7.3 0.000268769
7.305 0.000268402
7.31 0.000268035
7.315 0.00026767
7.32 0.000267305
7.325 0.000266941
7.33 0.000266578
7.335 0.000266215
7.34 0.000265853
7.345 0.000265492
7.35 0.000265131
7.355 0.000264772
7.36 0.000264413
7.365 0.000264055
7.37 0.000263697
7.375 0.00026334
7.38 0.000262984
7.385 0.000262629
7.39 0.000262274
7.395 0.000261921
7.4 0.000261567
7.405 0.000261215
7.41 0.000260863
7.415 0.000260512
7.42 0.000260162
7.425 0.000259812
7.43 0.000259463
7.435 0.000259115
7.44 0.000258768
7.445 0.000258421
7.45 0.000258075
7.455 0.000257729
7.46 0.000257385
7.465 0.000257041
7.47 0.000256697
7.475 0.000256355
7.48 0.000256013
7.485 0.000255671
7.49 0.000255331
7.495 0.000254991
7.5 0.000254651
7.505 0.000254313
7.51 0.000253975
7.515 0.000253638
7.52 0.000253301
7.525 0.000252965
7.53 0.00025263
7.535 0.000252296
7.54 0.000251962
7.545 0.000251628
7.55 0.000251296
7.555 0.000250964
7.56 0.000250633
7.565 0.000250302
7.57 0.000249972
7.575 0.000249643
7.58 0.000249314
7.585 0.000248986
7.59 0.000248659
7.595 0.000248332
7.6 0.000248006
7.605 0.000247681
7.61 0.000247356
7.615 0.000247032
7.62 0.000246708
7.625 0.000246386
7.63 0.000246063
7.635 0.000245742
7.64 0.000245421
7.645 0.0002451
7.65 0.000244781
7.655 0.000244462
7.66 0.000244143
7.665 0.000243825
7.67 0.000243508
7.675 0.000243192
7.68 0.000242876
7.685 0.00024256
7.69 0.000242245
7.695 0.000241931
7.7 0.000241618
7.705 0.000241305
7.71 0.000240993
7.715 0.000240681
7.72 0.00024037
7.725 0.000240059
7.73 0.000239749
7.735 0.00023944
7.74 0.000239131
7.745 0.000238823
7.75 0.000238516
7.755 0.000238209
7.76 0.000237902
7.765 0.000237597
7.77 0.000237292
7.775 0.000236987
7.78 0.000236683
7.785 0.00023638
7.79 0.000236077
7.795 0.000235775
7.8 0.000235473
7.805 0.000235172
7.81 0.000234871
7.815 0.000234572
7.82 0.000234272
7.825 0.000233973
7.83 0.000233675
7.835 0.000233378
7.84 0.000233081
7.845 0.000232784
7.85 0.000232488
7.855 0.000232193
7.86 0.000231898
7.865 0.000231604
7.87 0.00023131
7.875 0.000231017
7.88 0.000230724
7.885 0.000230432
7.89 0.000230141
7.895 0.00022985
7.9 0.00022956
7.905 0.00022927
7.91 0.000228981
7.915 0.000228692
7.92 0.000228404
7.925 0.000228116
7.93 0.000227829
7.935 0.000227543
7.94 0.000227257
7.945 0.000226971
7.95 0.000226686
7.955 0.000226402
7.96 0.000226118
7.965 0.000225835
7.97 0.000225552
7.975 0.00022527
7.98 0.000224988
7.985 0.000224707
7.99 0.000224426
7.995 0.000224146
8 0.000223866
8.005 0.000223587
8.01 0.000223309
8.015 0.000223031
8.02 0.000222753
8.025 0.000222476
8.03 0.0002222
8.035 0.000221924
8.04 0.000221648
8.045 0.000221373
8.05 0.000221099
8.055 0.000220825
8.06 0.000220551
8.065 0.000220278
8.07 0.000220006
8.075 0.000219734
8.08 0.000219463
8.085 0.000219192
8.09 0.000218921
8.095 0.000218652
8.1 0.000218382
8.105 0.000218113
8.11 0.000217845
8.115 0.000217577
8.12 0.00021731
8.125 0.000217043
8.13 0.000216776
8.135 0.00021651
8.14 0.000216245
8.145 0.00021598
8.15 0.000215715
8.155 0.000215451
8.16 0.000215188
8.165 0.000214925
8.17 0.000214662
8.175 0.0002144
8.18 0.000214139
8.185 0.000213878
8.19 0.000213617
8.195 0.000213357
8.2 0.000213097
8.205 0.000212838
8.21 0.000212579
8.215 0.000212321
8.22 0.000212063
8.225 0.000211806
8.23 0.000211549
8.235 0.000211293
8.24 0.000211037
8.245 0.000210781
8.25 0.000210526
8.255 0.000210272
8.26 0.000210018
8.265 0.000209764
8.27 0.000209511
8.275 0.000209258
8.28 0.000209006
8.285 0.000208754
8.29 0.000208503
8.295 0.000208252
8.3 0.000208002
8.305 0.000207752
8.31 0.000207502
8.315 0.000207253
8.32 0.000207004
8.325 0.000206756
8.33 0.000206508
8.335 0.000206261
8.34 0.000206014
8.345 0.000205768
8.35 0.000205522
8.355 0.000205277
8.36 0.000205031
8.365 0.000204787
8.37 0.000204543
8.375 0.000204299
8.38 0.000204056
8.385 0.000203813
8.39 0.00020357
8.395 0.000203328
8.4 0.000203087
8.405 0.000202845
8.41 0.000202605
8.415 0.000202364
8.42 0.000202125
8.425 0.000201885
8.43 0.000201646
8.435 0.000201407
8.44 0.000201169
8.445 0.000200932
8.45 0.000200694
8.455 0.000200457
8.46 0.000200221
8.465 0.000199985
8.47 0.000199749
8.475 0.000199514
8.48 0.000199279
8.485 0.000199045
8.49 0.000198811
8.495 0.000198577
8.5 0.000198344
8.505 0.000198111
8.51 0.000197879
8.515 0.000197647
8.52 0.000197415
8.525 0.000197184
8.53 0.000196953
8.535 0.000196723
8.54 0.000196493
8.545 0.000196264
8.55 0.000196034
8.555 0.000195806
8.56 0.000195577
8.565 0.00019535
8.57 0.000195122
8.575 0.000194895
8.58 0.000194668
8.585 0.000194442
8.59 0.000194216
8.595 0.00019399
8.6 0.000193765
8.605 0.000193541
8.61 0.000193316
8.615 0.000193092
8.62 0.000192869
8.625 0.000192645
8.63 0.000192423
8.635 0.0001922
8.64 0.000191978
8.645 0.000191756
8.65 0.000191535
8.655 0.000191314
8.66 0.000191094
8.665 0.000190874
8.67 0.000190654
8.675 0.000190435
8.68 0.000190216
8.685 0.000189997
8.69 0.000189779
8.695 0.000189561
8.7 0.000189343
8.705 0.000189126
8.71 0.00018891
8.715 0.000188693
8.72 0.000188477
8.725 0.000188262
8.73 0.000188046
8.735 0.000187831
8.74 0.000187617
8.745 0.000187403
8.75 0.000187189
8.755 0.000186976
8.76 0.000186763
8.765 0.00018655
8.77 0.000186338
8.775 0.000186126
8.78 0.000185914
8.785 0.000185703
8.79 0.000185492
8.795 0.000185281
8.8 0.000185071
8.805 0.000184861
8.81 0.000184652
8.815 0.000184443
8.82 0.000184234
8.825 0.000184026
8.83 0.000183818
8.835 0.00018361
8.84 0.000183403
8.845 0.000183196
8.85 0.000182989
8.855 0.000182783
8.86 0.000182577
8.865 0.000182371
8.87 0.000182166
8.875 0.000181961
8.88 0.000181757
8.885 0.000181553
8.89 0.000181349
8.895 0.000181145
8.9 0.000180942
8.905 0.000180739
8.91 0.000180537
8.915 0.000180335
8.92 0.000180133
8.925 0.000179931
8.93 0.00017973
8.935 0.000179529
8.94 0.000179329
8.945 0.000179129
8.95 0.000178929
8.955 0.00017873
8.96 0.00017853
8.965 0.000178332
8.97 0.000178133
8.975 0.000177935
8.98 0.000177737
8.985 0.00017754
8.99 0.000177343
8.995 0.000177146
9 0.000176949
9.005 0.000176753
9.01 0.000176557
9.015 0.000176362
9.02 0.000176167
9.025 0.000175972
9.03 0.000175777
9.035 0.000175583
9.04 0.000175389
9.045 0.000175196
9.05 0.000175003
9.055 0.00017481
9.06 0.000174617
9.065 0.000174425
9.07 0.000174233
9.075 0.000174041
9.08 0.00017385
9.085 0.000173659
9.09 0.000173468
9.095 0.000173278
9.1 0.000173088
9.105 0.000172898
9.11 0.000172708
9.115 0.000172519
9.12 0.00017233
9.125 0.000172142
9.13 0.000171954
9.135 0.000171766
9.14 0.000171578
9.145 0.000171391
9.15 0.000171204
9.155 0.000171017
9.16 0.000170831
9.165 0.000170645
9.17 0.000170459
9.175 0.000170274
9.18 0.000170088
9.185 0.000169904
9.19 0.000169719
9.195 0.000169535
9.2 0.000169351
9.205 0.000169167
9.21 0.000168984
9.215 0.000168801
9.22 0.000168618
9.225 0.000168436
9.23 0.000168253
9.235 0.000168071
9.24 0.00016789
9.245 0.000167709
9.25 0.000167528
9.255 0.000167347
9.26 0.000167167
9.265 0.000166986
9.27 0.000166807
9.275 0.000166627
9.28 0.000166448
9.285 0.000166269
9.29 0.00016609
9.295 0.000165912
9.3 0.000165734
9.305 0.000165556
9.31 0.000165378
9.315 0.000165201
9.32 0.000165024
9.325 0.000164848
9.33 0.000164671
9.335 0.000164495
9.34 0.000164319
9.345 0.000164144
9.35 0.000163968
9.355 0.000163794
9.36 0.000163619
9.365 0.000163444
9.37 0.00016327
9.375 0.000163096
9.38 0.000162923
9.385 0.00016275
9.39 0.000162577
9.395 0.000162404
9.4 0.000162231
9.405 0.000162059
9.41 0.000161887
9.415 0.000161716
9.42 0.000161544
9.425 0.000161373
9.43 0.000161202
9.435 0.000161032
9.44 0.000160861
9.445 0.000160691
9.45 0.000160522
9.455 0.000160352
9.46 0.000160183
9.465 0.000160014
9.47 0.000159845
9.475 0.000159677
9.48 0.000159509
9.485 0.000159341
9.49 0.000159173
9.495 0.000159006
9.5 0.000158839
9.505 0.000158672
9.51 0.000158505
9.515 0.000158339
9.52 0.000158173
9.525 0.000158007
9.53 0.000157842
9.535 0.000157676
9.54 0.000157511
9.545 0.000157347
9.55 0.000157182
9.555 0.000157018
9.56 0.000156854
9.565 0.00015669
9.57 0.000156527
9.575 0.000156364
9.58 0.000156201
9.585 0.000156038
9.59 0.000155876
9.595 0.000155713
9.6 0.000155551
9.605 0.00015539
9.61 0.000155228
9.615 0.000155067
9.62 0.000154906
9.625 0.000154746
9.63 0.000154585
9.635 0.000154425
9.64 0.000154265
9.645 0.000154105
9.65 0.000153946
9.655 0.000153787
9.66 0.000153628
9.665 0.000153469
9.67 0.000153311
9.675 0.000153153
9.68 0.000152995
9.685 0.000152837
9.69 0.000152679
9.695 0.000152522
9.7 0.000152365
9.705 0.000152208
9.71 0.000152052
9.715 0.000151896
9.72 0.00015174
9.725 0.000151584
9.73 0.000151428
9.735 0.000151273
9.74 0.000151118
9.745 0.000150963
9.75 0.000150809
9.755 0.000150654
9.76 0.0001505
9.765 0.000150346
9.77 0.000150193
9.775 0.000150039
9.78 0.000149886
9.785 0.000149733
9.79 0.000149581
9.795 0.000149428
9.8 0.000149276
9.805 0.000149124
9.81 0.000148972
9.815 0.000148821
9.82 0.000148669
9.825 0.000148518
9.83 0.000148367
9.835 0.000148217
9.84 0.000148066
9.845 0.000147916
9.85 0.000147766
9.855 0.000147617
9.86 0.000147467
9.865 0.000147318
9.87 0.000147169
9.875 0.00014702
9.88 0.000146871
9.885 0.000146723
9.89 0.000146575
9.895 0.000146427
9.9 0.000146279
9.905 0.000146132
9.91 0.000145985
9.915 0.000145838
9.92 0.000145691
9.925 0.000145544
9.93 0.000145398
9.935 0.000145252
9.94 0.000145106
9.945 0.00014496
9.95 0.000144815
9.955 0.00014467
9.96 0.000144525
9.965 0.00014438
9.97 0.000144235
9.975 0.000144091
9.98 0.000143947
9.985 0.000143803
9.99 0.000143659
9.995 0.000143516
