0, -nan 
0.001, 0.541777 
0.002, 0.0676536 
0.003, 0.146795 
0.004, 0.474085 
0.005, 0.07042 
0.006, 0.501042 
0.007, 0.167643 
0.008, 0.82989 
0.009, 0.202802 
0.01, 0.376969 
0.011, 0.213832 
0.012, 0.0455058 
0.013, 0.971973 
0.014, 0.614335 
0.015, 0.112341 
0.016, 0.494749 
0.017, 0.716291 
0.018, 0.200033 
0.019, 0.641076 
0.02, 0.25476 
0.021, 0.622318 
0.022, 0.208231 
0.023, 0.376072 
0.024, 0.235512 
0.025, 0.542938 
0.026, 0.5516 
0.027, 0.517861 
0.028, 0.254248 
0.029, 0.239157 
0.03, 0.58581 
0.031, 0.333958 
0.032, 0.143393 
0.033, 0.723026 
0.034, 0.881235 
0.035, 0.740812 
0.036, 0.641923 
0.037, 0.685726 
0.038, 0.853251 
0.039, 0.995484 
0.04, 0.805283 
0.041, 0.23193 
0.042, 0.0721019 
0.043, 0.786884 
0.044, 0.77056 
0.045, 0.0174193 
0.046, 0.765589 
0.047, 0.502625 
0.048, 0.226146 
0.049, 0.830082 
0.05, 0.0559484 
0.051, 0.863751 
0.052, 0.0478843 
0.053, 0.814109 
0.054, 0.116417 
0.055, 0.644794 
0.056, 0.365026 
0.057, 0.281779 
0.058, 0.71404 
0.059, 0.0609105 
0.06, 0.609912 
0.061, 0.468383 
0.062, 0.0977159 
0.063, 0.659768 
0.064, 0.408881 
0.065, 0.09912 
0.066, 0.58875 
0.067, 0.517508 
0.068, 0.0927426 
0.069, 0.376136 
0.07, 0.650812 
0.071, 0.28985 
0.072, 0.113297 
0.073, 0.475449 
0.074, 0.616639 
0.075, 0.276864 
0.076, 0.107951 
0.077, 0.396763 
0.078, 0.627461 
0.079, 0.428081 
0.08, 0.131793 
0.081, 0.185575 
0.082, 0.49395 
0.083, 0.620544 
0.084, 0.407859 
0.085, 0.141332 
0.086, 0.146785 
0.087, 0.405457 
0.088, 0.617502 
0.089, 0.558444 
0.09, 0.301566 
0.091, 0.10961 
0.092, 0.162313 
0.093, 0.401933 
0.094, 0.61169 
0.095, 0.617138 
0.096, 0.422836 
0.097, 0.188387 
0.098, 0.0911453 
0.099, 0.196186 
0.1, 0.423595 
0.101, 0.617935 
0.102, 0.656611 
0.103, 0.522314 
0.104, 0.30197 
0.105, 0.125495 
0.106, 0.0891227 
0.107, 0.207489 
0.108, 0.414677 
0.109, 0.605456 
0.11, 0.689907 
0.111, 0.633523 
0.112, 0.466963 
0.113, 0.266144 
0.114, 0.115958 
0.115, 0.0751161 
0.116, 0.15588 
0.117, 0.324072 
0.118, 0.516128 
0.119, 0.664407 
0.12, 0.720658 
0.121, 0.670063 
0.122, 0.532739 
0.123, 0.354144 
0.124, 0.189043 
0.125, 0.0847159 
0.126, 0.0683784 
0.127, 0.141646 
0.128, 0.282503 
0.129, 0.453142 
0.13, 0.610815 
0.131, 0.718593 
0.132, 0.753467 
0.133, 0.710305 
0.134, 0.601362 
0.135, 0.4521 
0.136, 0.29471 
0.137, 0.161028 
0.138, 0.0763201 
0.139, 0.0550516 
0.14, 0.0991567 
0.141, 0.19878 
0.142, 0.335025 
0.143, 0.483942 
0.144, 0.620931 
0.145, 0.724753 
0.146, 0.780573 
0.147, 0.781681 
0.148, 0.729805 
0.149, 0.634161 
0.15, 0.509528 
0.151, 0.37377 
0.152, 0.245195 
0.153, 0.14014 
0.154, 0.0710616 
0.155, 0.0453109 
0.156, 0.064661 
0.157, 0.125545 
0.158, 0.219891 
0.159, 0.336376 
0.16, 0.46192 
0.161, 0.583208 
0.162, 0.688087 
0.163, 0.766709 
0.164, 0.81232 
0.165, 0.82167 
0.166, 0.795059 
0.167, 0.73603 
0.168, 0.650811 
0.169, 0.547566 
0.17, 0.435549 
0.171, 0.324257 
0.172, 0.222627 
0.173, 0.138372 
0.174, 0.0774676 
0.175, 0.0438218 
0.176, 0.0391373 
0.177, 0.0629463 
0.178, 0.1128 
0.179, 0.184583 
0.18, 0.272912 
0.181, 0.371583 
0.182, 0.474038 
0.183, 0.573805 
0.184, 0.664898 
0.185, 0.742148 
0.186, 0.801456 
0.187, 0.839957 
0.188, 0.856105 
0.189, 0.84966 
0.19, 0.821623 
0.191, 0.774088 
0.192, 0.710063 
0.193, 0.633254 
0.194, 0.547826 
0.195, 0.458169 
0.196, 0.36867 
0.197, 0.283503 
0.198, 0.206446 
0.199, 0.140741 
0.2, 0.088975 
0.201, 0.0530142 
0.202, 0.0339688 
0.203, 0.0321941 
0.204, 0.0473249 
0.205, 0.0783358 
0.206, 0.123625 
0.207, 0.181111 
0.208, 0.248347 
0.209, 0.322633 
0.21, 0.401131 
0.211, 0.480979 
0.212, 0.559393 
0.213, 0.633759 
0.214, 0.701715 
0.215, 0.761212 
0.216, 0.810563 
0.217, 0.84848 
0.218, 0.874084 
0.219, 0.886916 
0.22, 0.886919 
0.221, 0.87442 
0.222, 0.850095 
0.223, 0.81493 
0.224, 0.770175 
0.225, 0.717292 
0.226, 0.657902 
0.227, 0.593733 
0.228, 0.526566 
0.229, 0.458187 
0.23, 0.390338 
0.231, 0.324679 
0.232, 0.262748 
0.233, 0.20593 
0.234, 0.155436 
0.235, 0.112279 
0.236, 0.0772662 
0.237, 0.0509885 
0.238, 0.0338211 
0.239, 0.0259266 
0.24, 0.027263 
0.241, 0.0375963 
0.242, 0.0565158 
0.243, 0.0834521 
0.244, 0.117698 
0.245, 0.158429 
0.246, 0.204728 
0.247, 0.255606 
0.248, 0.310027 
0.249, 0.366927 
0.25, 0.425241 
0.251, 0.483915 
0.252, 0.54193 
0.253, 0.598318 
0.254, 0.652172 
0.255, 0.702663 
0.256, 0.749049 
0.257, 0.790681 
0.258, 0.827009 
0.259, 0.857589 
0.26, 0.882081 
0.261, 0.90025 
0.262, 0.911968 
0.263, 0.917203 
0.264, 0.916021 
0.265, 0.908578 
0.266, 0.895113 
0.267, 0.875941 
0.268, 0.851443 
0.269, 0.82206 
0.27, 0.788282 
0.271, 0.750639 
0.272, 0.709695 
0.273, 0.666034 
0.274, 0.620255 
0.275, 0.572962 
0.276, 0.524756 
0.277, 0.47623 
0.278, 0.427959 
0.279, 0.380496 
0.28, 0.334365 
0.281, 0.290058 
0.282, 0.248028 
0.283, 0.208689 
0.284, 0.172411 
0.285, 0.139518 
0.286, 0.110289 
0.287, 0.0849524 
0.288, 0.0636911 
0.289, 0.0466391 
0.29, 0.0338838 
0.291, 0.025467 
0.292, 0.0213868 
0.293, 0.0215991 
0.294, 0.0260205 
0.295, 0.0345306 
0.296, 0.046975 
0.297, 0.0631682 
0.298, 0.0828967 
0.299, 0.105922 
0.3, 0.131986 
0.301, 0.160809 
0.302, 0.1921 
0.303, 0.225555 
0.304, 0.26086 
0.305, 0.297698 
0.306, 0.335748 
0.307, 0.374691 
0.308, 0.414209 
0.309, 0.453989 
0.31, 0.493729 
0.311, 0.533133 
0.312, 0.571918 
0.313, 0.609816 
0.314, 0.64657 
0.315, 0.681944 
0.316, 0.715714 
0.317, 0.747678 
0.318, 0.777651 
0.319, 0.805468 
0.32, 0.830983 
0.321, 0.85407 
0.322, 0.874625 
0.323, 0.89256 
0.324, 0.90781 
0.325, 0.920328 
0.326, 0.930084 
0.327, 0.937069 
0.328, 0.94129 
0.329, 0.942771 
0.33, 0.941551 
0.331, 0.937685 
0.332, 0.931242 
0.333, 0.922304 
0.334, 0.910963 
0.335, 0.897326 
0.336, 0.881506 
0.337, 0.863628 
0.338, 0.843821 
0.339, 0.822225 
0.34, 0.798983 
0.341, 0.774244 
0.342, 0.748158 
0.343, 0.720882 
0.344, 0.692571 
0.345, 0.663382 
0.346, 0.633473 
0.347, 0.603001 
0.348, 0.57212 
0.349, 0.540983 
0.35, 0.509738 
0.351, 0.478533 
0.352, 0.447509 
0.353, 0.416803 
0.354, 0.386546 
0.355, 0.356864 
0.356, 0.327878 
0.357, 0.299702 
0.358, 0.272442 
0.359, 0.246198 
0.36, 0.221065 
0.361, 0.197127 
0.362, 0.174463 
0.363, 0.153145 
0.364, 0.133236 
0.365, 0.114792 
0.366, 0.0978628 
0.367, 0.0824896 
0.368, 0.0687069 
0.369, 0.0565418 
0.37, 0.0460147 
0.371, 0.0371391 
0.372, 0.0299219 
0.373, 0.0243638 
0.374, 0.0204591 
0.375, 0.0181963 
0.376, 0.0175583 
0.377, 0.0185226 
0.378, 0.0210615 
0.379, 0.0251427 
0.38, 0.0307291 
0.381, 0.0377796 
0.382, 0.046249 
0.383, 0.0560886 
0.384, 0.0672462 
0.385, 0.0796668 
0.386, 0.0932924 
0.387, 0.108063 
0.388, 0.123916 
0.389, 0.140786 
0.39, 0.158609 
0.391, 0.177317 
0.392, 0.196841 
0.393, 0.217113 
0.394, 0.238062 
0.395, 0.25962 
0.396, 0.281715 
0.397, 0.304278 
0.398, 0.32724 
0.399, 0.350532 
0.4, 0.374085 
0.401, 0.397832 
0.402, 0.421707 
0.403, 0.445645 
0.404, 0.469582 
0.405, 0.493456 
0.406, 0.517208 
0.407, 0.540778 
0.408, 0.564109 
0.409, 0.587148 
0.41, 0.60984 
0.411, 0.632136 
0.412, 0.653988 
0.413, 0.675348 
0.414, 0.696174 
0.415, 0.716424 
0.416, 0.736059 
0.417, 0.755041 
0.418, 0.773338 
0.419, 0.790917 
0.42, 0.807748 
0.421, 0.823805 
0.422, 0.839063 
0.423, 0.8535 
0.424, 0.867096 
0.425, 0.879834 
0.426, 0.891698 
0.427, 0.902675 
0.428, 0.912756 
0.429, 0.92193 
0.43, 0.930193 
0.431, 0.937539 
0.432, 0.943966 
0.433, 0.949475 
0.434, 0.954067 
0.435, 0.957744 
0.436, 0.960513 
0.437, 0.962381 
0.438, 0.963355 
0.439, 0.963447 
0.44, 0.962667 
0.441, 0.96103 
0.442, 0.958549 
0.443, 0.955239 
0.444, 0.95112 
0.445, 0.946207 
0.446, 0.94052 
0.447, 0.934081 
0.448, 0.926909 
0.449, 0.919027 
0.45, 0.910457 
0.451, 0.901224 
0.452, 0.891351 
0.453, 0.880863 
0.454, 0.869785 
0.455, 0.858143 
0.456, 0.845964 
0.457, 0.833274 
0.458, 0.8201 
0.459, 0.806469 
0.46, 0.792407 
0.461, 0.777943 
0.462, 0.763104 
0.463, 0.747918 
0.464, 0.732411 
0.465, 0.716612 
0.466, 0.700547 
0.467, 0.684243 
0.468, 0.667728 
0.469, 0.651028 
0.47, 0.63417 
0.471, 0.617179 
0.472, 0.600082 
0.473, 0.582903 
0.474, 0.565668 
0.475, 0.548401 
0.476, 0.531126 
0.477, 0.513867 
0.478, 0.496646 
0.479, 0.479487 
0.48, 0.462412 
0.481, 0.445441 
0.482, 0.428596 
0.483, 0.411897 
0.484, 0.395364 
0.485, 0.379015 
0.486, 0.362869 
0.487, 0.346944 
0.488, 0.331256 
0.489, 0.315824 
0.49, 0.300661 
0.491, 0.285783 
0.492, 0.271206 
0.493, 0.256942 
0.494, 0.243004 
0.495, 0.229406 
0.496, 0.216159 
0.497, 0.203274 
0.498, 0.190762 
0.499, 0.178632 
0.5, 0.166894 
0.501, 0.155556 
0.502, 0.144626 
0.503, 0.134112 
0.504, 0.12402 
0.505, 0.114356 
0.506, 0.105125 
0.507, 0.0963326 
0.508, 0.0879828 
0.509, 0.0800793 
0.51, 0.0726251 
0.511, 0.0656228 
0.512, 0.0590745 
0.513, 0.0529815 
0.514, 0.0473449 
0.515, 0.0421651 
0.516, 0.0374421 
0.517, 0.0331753 
0.518, 0.0293638 
0.519, 0.0260062 
0.52, 0.0231005 
0.521, 0.0206444 
0.522, 0.0186353 
0.523, 0.01707 
0.524, 0.0159451 
0.525, 0.0152566 
0.526, 0.0150003 
0.527, 0.0151717 
0.528, 0.0157658 
0.529, 0.0167775 
0.53, 0.0182012 
0.531, 0.0200311 
0.532, 0.0222612 
0.533, 0.024885 
0.534, 0.027896 
0.535, 0.0312874 
0.536, 0.0350521 
0.537, 0.0391828 
0.538, 0.0436721 
0.539, 0.0485123 
0.54, 0.0536956 
0.541, 0.059214 
0.542, 0.0650595 
0.543, 0.0712236 
0.544, 0.077698 
0.545, 0.0844743 
0.546, 0.0915437 
0.547, 0.0988976 
0.548, 0.106527 
0.549, 0.114424 
0.55, 0.122578 
0.551, 0.130981 
0.552, 0.139624 
0.553, 0.148498 
0.554, 0.157593 
0.555, 0.166902 
0.556, 0.176413 
0.557, 0.186119 
0.558, 0.196011 
0.559, 0.206078 
0.56, 0.216313 
0.561, 0.226705 
0.562, 0.237247 
0.563, 0.247929 
0.564, 0.258742 
0.565, 0.269678 
0.566, 0.280727 
0.567, 0.291881 
0.568, 0.303131 
0.569, 0.314468 
0.57, 0.325885 
0.571, 0.337373 
0.572, 0.348923 
0.573, 0.360527 
0.574, 0.372178 
0.575, 0.383866 
0.576, 0.395585 
0.577, 0.407327 
0.578, 0.419083 
0.579, 0.430846 
0.58, 0.44261 
0.581, 0.454366 
0.582, 0.466107 
0.583, 0.477827 
0.584, 0.489519 
0.585, 0.501175 
0.586, 0.512789 
0.587, 0.524355 
0.588, 0.535866 
0.589, 0.547317 
0.59, 0.5587 
0.591, 0.57001 
0.592, 0.581242 
0.593, 0.592389 
0.594, 0.603447 
0.595, 0.614409 
0.596, 0.625271 
0.597, 0.636028 
0.598, 0.646674 
0.599, 0.657205 
0.6, 0.667617 
0.601, 0.677904 
0.602, 0.688063 
0.603, 0.698089 
0.604, 0.707978 
0.605, 0.717727 
0.606, 0.727332 
0.607, 0.736789 
0.608, 0.746094 
0.609, 0.755244 
0.61, 0.764237 
0.611, 0.773069 
0.612, 0.781737 
0.613, 0.790238 
0.614, 0.798571 
0.615, 0.806731 
0.616, 0.814717 
0.617, 0.822528 
0.618, 0.830159 
0.619, 0.837611 
0.62, 0.84488 
0.621, 0.851965 
0.622, 0.858865 
0.623, 0.865577 
0.624, 0.872102 
0.625, 0.878436 
0.626, 0.88458 
0.627, 0.890532 
0.628, 0.896292 
0.629, 0.901858 
0.63, 0.907229 
0.631, 0.912406 
0.632, 0.917388 
0.633, 0.922174 
0.634, 0.926765 
0.635, 0.931159 
0.636, 0.935357 
0.637, 0.939359 
0.638, 0.943166 
0.639, 0.946776 
0.64, 0.950191 
0.641, 0.953411 
0.642, 0.956436 
0.643, 0.959267 
0.644, 0.961905 
0.645, 0.964349 
0.646, 0.966602 
0.647, 0.968664 
0.648, 0.970535 
0.649, 0.972217 
0.65, 0.973711 
0.651, 0.975018 
0.652, 0.976139 
0.653, 0.977075 
0.654, 0.977829 
0.655, 0.9784 
0.656, 0.97879 
0.657, 0.979002 
0.658, 0.979036 
0.659, 0.978895 
0.66, 0.978579 
0.661, 0.97809 
0.662, 0.977431 
0.663, 0.976602 
0.664, 0.975607 
0.665, 0.974446 
0.666, 0.973121 
0.667, 0.971635 
0.668, 0.96999 
0.669, 0.968187 
0.67, 0.966228 
0.671, 0.964116 
0.672, 0.961853 
0.673, 0.95944 
0.674, 0.95688 
0.675, 0.954176 
0.676, 0.951328 
0.677, 0.94834 
0.678, 0.945214 
0.679, 0.941952 
0.68, 0.938557 
0.681, 0.93503 
0.682, 0.931374 
0.683, 0.927591 
0.684, 0.923683 
0.685, 0.919654 
0.686, 0.915505 
0.687, 0.911238 
0.688, 0.906857 
0.689, 0.902363 
0.69, 0.897759 
0.691, 0.893047 
0.692, 0.88823 
0.693, 0.88331 
0.694, 0.878289 
0.695, 0.87317 
0.696, 0.867955 
0.697, 0.862647 
0.698, 0.857248 
0.699, 0.85176 
0.7, 0.846186 
0.701, 0.840528 
0.702, 0.834789 
0.703, 0.828971 
0.704, 0.823076 
0.705, 0.817107 
0.706, 0.811066 
0.707, 0.804955 
0.708, 0.798777 
0.709, 0.792533 
0.71, 0.786228 
0.711, 0.779861 
0.712, 0.773437 
0.713, 0.766957 
0.714, 0.760423 
0.715, 0.753838 
0.716, 0.747204 
0.717, 0.740523 
0.718, 0.733797 
0.719, 0.727029 
0.72, 0.72022 
0.721, 0.713373 
0.722, 0.70649 
0.723, 0.699573 
0.724, 0.692624 
0.725, 0.685645 
0.726, 0.678639 
0.727, 0.671607 
0.728, 0.664551 
0.729, 0.657473 
0.73, 0.650375 
0.731, 0.64326 
0.732, 0.636129 
0.733, 0.628983 
0.734, 0.621826 
0.735, 0.614658 
0.736, 0.607482 
0.737, 0.6003 
0.738, 0.593112 
0.739, 0.585922 
0.74, 0.57873 
0.741, 0.571539 
0.742, 0.56435 
0.743, 0.557164 
0.744, 0.549985 
0.745, 0.542812 
0.746, 0.535648 
0.747, 0.528495 
0.748, 0.521353 
0.749, 0.514225 
0.75, 0.507112 
0.751, 0.500015 
0.752, 0.492937 
0.753, 0.485877 
0.754, 0.478839 
0.755, 0.471822 
0.756, 0.464829 
0.757, 0.457862 
0.758, 0.45092 
0.759, 0.444006 
0.76, 0.437121 
0.761, 0.430266 
0.762, 0.423442 
0.763, 0.416651 
0.764, 0.409893 
0.765, 0.40317 
0.766, 0.396484 
0.767, 0.389834 
0.768, 0.383223 
0.769, 0.376651 
0.77, 0.37012 
0.771, 0.36363 
0.772, 0.357182 
0.773, 0.350778 
0.774, 0.344417 
0.775, 0.338103 
0.776, 0.331834 
0.777, 0.325612 
0.778, 0.319439 
0.779, 0.313314 
0.78, 0.307239 
0.781, 0.301214 
0.782, 0.29524 
0.783, 0.289318 
0.784, 0.283449 
0.785, 0.277634 
0.786, 0.271872 
0.787, 0.266166 
0.788, 0.260514 
0.789, 0.254919 
0.79, 0.249381 
0.791, 0.2439 
0.792, 0.238476 
0.793, 0.233112 
0.794, 0.227806 
0.795, 0.222559 
0.796, 0.217373 
0.797, 0.212247 
0.798, 0.207182 
0.799, 0.202179 
0.8, 0.197237 
0.801, 0.192358 
0.802, 0.187541 
0.803, 0.182788 
0.804, 0.178097 
0.805, 0.173471 
0.806, 0.168908 
0.807, 0.16441 
0.808, 0.159977 
0.809, 0.155608 
0.81, 0.151305 
0.811, 0.147067 
0.812, 0.142895 
0.813, 0.138788 
0.814, 0.134748 
0.815, 0.130774 
0.816, 0.126866 
0.817, 0.123025 
0.818, 0.119251 
0.819, 0.115543 
0.82, 0.111903 
0.821, 0.108329 
0.822, 0.104823 
0.823, 0.101384 
0.824, 0.0980122 
0.825, 0.0947077 
0.826, 0.0914705 
0.827, 0.0883007 
0.828, 0.0851983 
0.829, 0.0821633 
0.83, 0.0791956 
0.831, 0.0762953 
0.832, 0.0734622 
0.833, 0.0706964 
0.834, 0.0679978 
0.835, 0.0653662 
0.836, 0.0628017 
0.837, 0.060304 
0.838, 0.0578732 
0.839, 0.0555091 
0.84, 0.0532116 
0.841, 0.0509805 
0.842, 0.0488157 
0.843, 0.046717 
0.844, 0.0446843 
0.845, 0.0427174 
0.846, 0.0408161 
0.847, 0.0389802 
0.848, 0.0372096 
0.849, 0.035504 
0.85, 0.0338632 
0.851, 0.032287 
0.852, 0.0307751 
0.853, 0.0293273 
0.854, 0.0279434 
0.855, 0.026623 
0.856, 0.0253661 
0.857, 0.0241722 
0.858, 0.0230411 
0.859, 0.0219725 
0.86, 0.0209661 
0.861, 0.0200217 
0.862, 0.0191389 
0.863, 0.0183174 
0.864, 0.0175569 
0.865, 0.0168571 
0.866, 0.0162176 
0.867, 0.0156382 
0.868, 0.0151185 
0.869, 0.0146582 
0.87, 0.0142568 
0.871, 0.0139141 
0.872, 0.0136297 
0.873, 0.0134032 
0.874, 0.0132343 
0.875, 0.0131226 
0.876, 0.0130677 
0.877, 0.0130693 
0.878, 0.0131269 
0.879, 0.0132403 
0.88, 0.0134089 
0.881, 0.0136324 
0.882, 0.0139104 
0.883, 0.0142425 
0.884, 0.0146282 
0.885, 0.0150673 
0.886, 0.0155593 
0.887, 0.0161037 
0.888, 0.0167002 
0.889, 0.0173483 
0.89, 0.0180476 
0.891, 0.0187977 
0.892, 0.0195982 
0.893, 0.0204486 
0.894, 0.0213485 
0.895, 0.0222975 
0.896, 0.0232951 
0.897, 0.024341 
0.898, 0.0254346 
0.899, 0.0265755 
0.9, 0.0277633 
0.901, 0.0289976 
0.902, 0.0302779 
0.903, 0.0316037 
0.904, 0.0329746 
0.905, 0.0343902 
0.906, 0.0358501 
0.907, 0.0373537 
0.908, 0.0389006 
0.909, 0.0404904 
0.91, 0.0421226 
0.911, 0.0437968 
0.912, 0.0455125 
0.913, 0.0472693 
0.914, 0.0490667 
0.915, 0.0509043 
0.916, 0.0527815 
0.917, 0.0546981 
0.918, 0.0566534 
0.919, 0.0586471 
0.92, 0.0606786 
0.921, 0.0627477 
0.922, 0.0648537 
0.923, 0.0669962 
0.924, 0.0691749 
0.925, 0.0713891 
0.926, 0.0736386 
0.927, 0.0759228 
0.928, 0.0782413 
0.929, 0.0805937 
0.93, 0.0829794 
0.931, 0.085398 
0.932, 0.0878492 
0.933, 0.0903324 
0.934, 0.0928472 
0.935, 0.0953932 
0.936, 0.0979699 
0.937, 0.100577 
0.938, 0.103214 
0.939, 0.10588 
0.94, 0.108575 
0.941, 0.111299 
0.942, 0.114051 
0.943, 0.11683 
0.944, 0.119637 
0.945, 0.12247 
0.946, 0.12533 
0.947, 0.128216 
0.948, 0.131127 
0.949, 0.134063 
0.95, 0.137024 
0.951, 0.140009 
0.952, 0.143018 
0.953, 0.146051 
0.954, 0.149106 
0.955, 0.152184 
0.956, 0.155284 
0.957, 0.158406 
0.958, 0.161549 
0.959, 0.164713 
0.96, 0.167898 
0.961, 0.171102 
0.962, 0.174327 
0.963, 0.177571 
0.964, 0.180833 
0.965, 0.184114 
0.966, 0.187414 
0.967, 0.190731 
0.968, 0.194065 
0.969, 0.197416 
0.97, 0.200784 
0.971, 0.204168 
0.972, 0.207568 
0.973, 0.210984 
0.974, 0.214414 
0.975, 0.217859 
0.976, 0.221318 
0.977, 0.224792 
0.978, 0.228279 
0.979, 0.231779 
0.98, 0.235292 
0.981, 0.238817 
0.982, 0.242355 
0.983, 0.245904 
0.984, 0.249465 
0.985, 0.253037 
0.986, 0.256619 
0.987, 0.260212 
0.988, 0.263815 
0.989, 0.267428 
0.99, 0.27105 
0.991, 0.274681 
0.992, 0.278321 
0.993, 0.281969 
0.994, 0.285625 
0.995, 0.289289 
0.996, 0.29296 
0.997, 0.296638 
0.998, 0.300323 
0.999, 0.304015 
1, 0.307712 
1.001, 0.311416 
1.002, 0.315125 
1.003, 0.318839 
1.004, 0.322558 
1.005, 0.326281 
1.006, 0.330009 
1.007, 0.333741 
1.008, 0.337477 
1.009, 0.341216 
1.01, 0.344958 
1.011, 0.348703 
1.012, 0.35245 
1.013, 0.3562 
1.014, 0.359952 
1.015, 0.363705 
1.016, 0.36746 
1.017, 0.371216 
1.018, 0.374973 
1.019, 0.378731 
1.02, 0.382489 
1.021, 0.386247 
1.022, 0.390005 
1.023, 0.393762 
1.024, 0.397519 
1.025, 0.401275 
1.026, 0.40503 
1.027, 0.408784 
1.028, 0.412536 
1.029, 0.416285 
1.03, 0.420033 
1.031, 0.423779 
1.032, 0.427522 
1.033, 0.431262 
1.034, 0.434999 
1.035, 0.438733 
1.036, 0.442463 
1.037, 0.446189 
1.038, 0.449912 
1.039, 0.453631 
1.04, 0.457345 
1.041, 0.461054 
1.042, 0.464759 
1.043, 0.468459 
1.044, 0.472153 
1.045, 0.475842 
1.046, 0.479526 
1.047, 0.483203 
1.048, 0.486875 
1.049, 0.490541 
1.05, 0.4942 
1.051, 0.497852 
1.052, 0.501498 
1.053, 0.505137 
1.054, 0.508769 
1.055, 0.512393 
1.056, 0.51601 
1.057, 0.519619 
1.058, 0.523221 
1.059, 0.526814 
1.06, 0.530399 
1.061, 0.533976 
1.062, 0.537545 
1.063, 0.541104 
1.064, 0.544655 
1.065, 0.548197 
1.066, 0.55173 
1.067, 0.555254 
1.068, 0.558768 
1.069, 0.562272 
1.07, 0.565767 
1.071, 0.569251 
1.072, 0.572726 
1.073, 0.576191 
1.074, 0.579645 
1.075, 0.583089 
1.076, 0.586522 
1.077, 0.589945 
1.078, 0.593356 
1.079, 0.596757 
1.08, 0.600146 
1.081, 0.603525 
1.082, 0.606891 
1.083, 0.610247 
1.084, 0.613591 
1.085, 0.616923 
1.086, 0.620243 
1.087, 0.623551 
1.088, 0.626848 
1.089, 0.630132 
1.09, 0.633403 
1.091, 0.636663 
1.092, 0.639909 
1.093, 0.643144 
1.094, 0.646365 
1.095, 0.649574 
1.096, 0.65277 
1.097, 0.655953 
1.098, 0.659122 
1.099, 0.662279 
1.1, 0.665422 
1.101, 0.668552 
1.102, 0.671668 
1.103, 0.674771 
1.104, 0.67786 
1.105, 0.680936 
1.106, 0.683997 
1.107, 0.687045 
1.108, 0.690079 
1.109, 0.693099 
1.11, 0.696105 
1.111, 0.699096 
1.112, 0.702073 
1.113, 0.705036 
1.114, 0.707985 
1.115, 0.710919 
1.116, 0.713838 
1.117, 0.716743 
1.118, 0.719633 
1.119, 0.722509 
1.12, 0.72537 
1.121, 0.728216 
1.122, 0.731047 
1.123, 0.733863 
1.124, 0.736664 
1.125, 0.73945 
1.126, 0.742221 
1.127, 0.744976 
1.128, 0.747717 
1.129, 0.750442 
1.13, 0.753152 
1.131, 0.755847 
1.132, 0.758526 
1.133, 0.76119 
1.134, 0.763838 
1.135, 0.766471 
1.136, 0.769088 
1.137, 0.771689 
1.138, 0.774275 
1.139, 0.776846 
1.14, 0.7794 
1.141, 0.781939 
1.142, 0.784462 
1.143, 0.786969 
1.144, 0.789461 
1.145, 0.791936 
1.146, 0.794396 
1.147, 0.79684 
1.148, 0.799267 
1.149, 0.801679 
1.15, 0.804075 
1.151, 0.806455 
1.152, 0.808819 
1.153, 0.811167 
1.154, 0.813499 
1.155, 0.815814 
1.156, 0.818114 
1.157, 0.820397 
1.158, 0.822665 
1.159, 0.824916 
1.16, 0.827151 
1.161, 0.82937 
1.162, 0.831573 
1.163, 0.833759 
1.164, 0.83593 
1.165, 0.838084 
1.166, 0.840222 
1.167, 0.842344 
1.168, 0.844449 
1.169, 0.846539 
1.17, 0.848612 
1.171, 0.850669 
1.172, 0.852709 
1.173, 0.854734 
1.174, 0.856742 
1.175, 0.858734 
1.176, 0.86071 
1.177, 0.86267 
1.178, 0.864613 
1.179, 0.86654 
1.18, 0.868451 
1.181, 0.870346 
1.182, 0.872225 
1.183, 0.874087 
1.184, 0.875933 
1.185, 0.877764 
1.186, 0.879578 
1.187, 0.881375 
1.188, 0.883157 
1.189, 0.884923 
1.19, 0.886672 
1.191, 0.888406 
1.192, 0.890123 
1.193, 0.891825 
1.194, 0.89351 
1.195, 0.895179 
1.196, 0.896832 
1.197, 0.89847 
1.198, 0.900091 
1.199, 0.901696 
1.2, 0.903286 
1.201, 0.904859 
1.202, 0.906417 
1.203, 0.907958 
1.204, 0.909484 
1.205, 0.910994 
1.206, 0.912489 
1.207, 0.913967 
1.208, 0.91543 
1.209, 0.916877 
1.21, 0.918308 
1.211, 0.919724 
1.212, 0.921124 
1.213, 0.922508 
1.214, 0.923877 
1.215, 0.92523 
1.216, 0.926568 
1.217, 0.92789 
1.218, 0.929197 
1.219, 0.930488 
1.22, 0.931764 
1.221, 0.933024 
1.222, 0.934269 
1.223, 0.935499 
1.224, 0.936714 
1.225, 0.937913 
1.226, 0.939097 
1.227, 0.940266 
1.228, 0.941419 
1.229, 0.942558 
1.23, 0.943681 
1.231, 0.94479 
1.232, 0.945883 
1.233, 0.946961 
1.234, 0.948025 
1.235, 0.949073 
1.236, 0.950107 
1.237, 0.951126 
1.238, 0.95213 
1.239, 0.953119 
1.24, 0.954094 
1.241, 0.955053 
1.242, 0.955999 
1.243, 0.956929 
1.244, 0.957845 
1.245, 0.958747 
1.246, 0.959634 
1.247, 0.960507 
1.248, 0.961365 
1.249, 0.962209 
1.25, 0.963038 
1.251, 0.963853 
1.252, 0.964655 
1.253, 0.965441 
1.254, 0.966214 
1.255, 0.966973 
1.256, 0.967717 
1.257, 0.968448 
1.258, 0.969164 
1.259, 0.969867 
1.26, 0.970556 
1.261, 0.971231 
1.262, 0.971892 
1.263, 0.972539 
1.264, 0.973173 
1.265, 0.973793 
1.266, 0.974399 
1.267, 0.974992 
1.268, 0.975571 
1.269, 0.976137 
1.27, 0.97669 
1.271, 0.977229 
1.272, 0.977754 
1.273, 0.978267 
1.274, 0.978766 
1.275, 0.979252 
1.276, 0.979725 
1.277, 0.980185 
1.278, 0.980631 
1.279, 0.981065 
1.28, 0.981486 
1.281, 0.981893 
1.282, 0.982288 
1.283, 0.982671 
1.284, 0.98304 
1.285, 0.983397 
1.286, 0.983741 
1.287, 0.984072 
1.288, 0.984391 
1.289, 0.984697 
1.29, 0.984991 
1.291, 0.985273 
1.292, 0.985542 
1.293, 0.985798 
1.294, 0.986043 
1.295, 0.986275 
1.296, 0.986495 
1.297, 0.986703 
1.298, 0.986899 
1.299, 0.987083 
1.3, 0.987255 
1.301, 0.987415 
1.302, 0.987563 
1.303, 0.987699 
1.304, 0.987824 
1.305, 0.987937 
1.306, 0.988038 
1.307, 0.988127 
1.308, 0.988205 
1.309, 0.988272 
1.31, 0.988327 
1.311, 0.98837 
1.312, 0.988403 
1.313, 0.988424 
1.314, 0.988433 
1.315, 0.988432 
1.316, 0.988419 
1.317, 0.988395 
1.318, 0.98836 
1.319, 0.988314 
1.32, 0.988258 
1.321, 0.98819 
1.322, 0.988111 
1.323, 0.988022 
1.324, 0.987922 
1.325, 0.987811 
1.326, 0.987689 
1.327, 0.987557 
1.328, 0.987415 
1.329, 0.987262 
1.33, 0.987098 
1.331, 0.986924 
1.332, 0.98674 
1.333, 0.986545 
1.334, 0.98634 
1.335, 0.986125 
1.336, 0.9859 
1.337, 0.985665 
1.338, 0.98542 
1.339, 0.985164 
1.34, 0.984899 
1.341, 0.984624 
1.342, 0.984339 
1.343, 0.984044 
1.344, 0.98374 
1.345, 0.983426 
1.346, 0.983102 
1.347, 0.982769 
1.348, 0.982426 
1.349, 0.982074 
1.35, 0.981712 
1.351, 0.981341 
1.352, 0.98096 
1.353, 0.980571 
1.354, 0.980172 
1.355, 0.979764 
1.356, 0.979346 
1.357, 0.97892 
1.358, 0.978485 
1.359, 0.97804 
1.36, 0.977587 
1.361, 0.977125 
1.362, 0.976654 
1.363, 0.976174 
1.364, 0.975685 
1.365, 0.975188 
1.366, 0.974683 
1.367, 0.974168 
1.368, 0.973645 
1.369, 0.973114 
1.37, 0.972574 
1.371, 0.972026 
1.372, 0.971469 
1.373, 0.970904 
1.374, 0.970331 
1.375, 0.96975 
1.376, 0.969161 
1.377, 0.968563 
1.378, 0.967958 
1.379, 0.967344 
1.38, 0.966723 
1.381, 0.966093 
1.382, 0.965456 
1.383, 0.964811 
1.384, 0.964158 
1.385, 0.963498 
1.386, 0.962829 
1.387, 0.962154 
1.388, 0.96147 
1.389, 0.960779 
1.39, 0.960081 
1.391, 0.959375 
1.392, 0.958662 
1.393, 0.957942 
1.394, 0.957214 
1.395, 0.956479 
1.396, 0.955737 
1.397, 0.954987 
1.398, 0.954231 
1.399, 0.953467 
1.4, 0.952697 
1.401, 0.951919 
1.402, 0.951135 
1.403, 0.950344 
1.404, 0.949546 
1.405, 0.948741 
1.406, 0.947929 
1.407, 0.947111 
1.408, 0.946286 
1.409, 0.945455 
1.41, 0.944617 
1.411, 0.943772 
1.412, 0.942921 
1.413, 0.942064 
1.414, 0.9412 
1.415, 0.94033 
1.416, 0.939453 
1.417, 0.938571 
1.418, 0.937682 
1.419, 0.936787 
1.42, 0.935886 
1.421, 0.934978 
1.422, 0.934065 
1.423, 0.933146 
1.424, 0.932221 
1.425, 0.93129 
1.426, 0.930353 
1.427, 0.92941 
1.428, 0.928462 
1.429, 0.927508 
1.43, 0.926548 
1.431, 0.925582 
1.432, 0.924611 
1.433, 0.923635 
1.434, 0.922652 
1.435, 0.921665 
1.436, 0.920672 
1.437, 0.919673 
1.438, 0.918669 
1.439, 0.91766 
1.44, 0.916646 
1.441, 0.915626 
1.442, 0.914602 
1.443, 0.913572 
1.444, 0.912537 
1.445, 0.911497 
1.446, 0.910451 
1.447, 0.909401 
1.448, 0.908346 
1.449, 0.907286 
1.45, 0.906222 
1.451, 0.905152 
1.452, 0.904078 
1.453, 0.902999 
1.454, 0.901915 
1.455, 0.900826 
1.456, 0.899733 
1.457, 0.898635 
1.458, 0.897533 
1.459, 0.896426 
1.46, 0.895315 
1.461, 0.894199 
1.462, 0.893079 
1.463, 0.891955 
1.464, 0.890826 
1.465, 0.889693 
1.466, 0.888556 
1.467, 0.887414 
1.468, 0.886269 
1.469, 0.885119 
1.47, 0.883965 
1.471, 0.882807 
1.472, 0.881645 
1.473, 0.880479 
1.474, 0.879309 
1.475, 0.878135 
1.476, 0.876957 
1.477, 0.875776 
1.478, 0.874591 
1.479, 0.873401 
1.48, 0.872208 
1.481, 0.871012 
1.482, 0.869812 
1.483, 0.868608 
1.484, 0.8674 
1.485, 0.866189 
1.486, 0.864975 
1.487, 0.863757 
1.488, 0.862535 
1.489, 0.86131 
1.49, 0.860082 
1.491, 0.85885 
1.492, 0.857615 
1.493, 0.856377 
1.494, 0.855135 
1.495, 0.85389 
1.496, 0.852642 
1.497, 0.851391 
1.498, 0.850137 
1.499, 0.84888 
1.5, 0.847619 
1.501, 0.846356 
1.502, 0.84509 
1.503, 0.84382 
1.504, 0.842548 
1.505, 0.841273 
1.506, 0.839995 
1.507, 0.838714 
1.508, 0.83743 
1.509, 0.836144 
1.51, 0.834854 
1.511, 0.833562 
1.512, 0.832268 
1.513, 0.830971 
1.514, 0.829671 
1.515, 0.828368 
1.516, 0.827063 
1.517, 0.825756 
1.518, 0.824446 
1.519, 0.823133 
1.52, 0.821819 
1.521, 0.820501 
1.522, 0.819182 
1.523, 0.81786 
1.524, 0.816535 
1.525, 0.815209 
1.526, 0.81388 
1.527, 0.812549 
1.528, 0.811216 
1.529, 0.80988 
1.53, 0.808542 
1.531, 0.807203 
1.532, 0.805861 
1.533, 0.804517 
1.534, 0.803171 
1.535, 0.801823 
1.536, 0.800474 
1.537, 0.799122 
1.538, 0.797768 
1.539, 0.796412 
1.54, 0.795055 
1.541, 0.793696 
1.542, 0.792335 
1.543, 0.790972 
1.544, 0.789607 
1.545, 0.788241 
1.546, 0.786873 
1.547, 0.785503 
1.548, 0.784132 
1.549, 0.782759 
1.55, 0.781384 
1.551, 0.780008 
1.552, 0.77863 
1.553, 0.777251 
1.554, 0.77587 
1.555, 0.774488 
1.556, 0.773104 
1.557, 0.771719 
1.558, 0.770333 
1.559, 0.768945 
1.56, 0.767556 
1.561, 0.766165 
1.562, 0.764773 
1.563, 0.76338 
1.564, 0.761986 
1.565, 0.760591 
1.566, 0.759194 
1.567, 0.757796 
1.568, 0.756397 
1.569, 0.754997 
1.57, 0.753596 
1.571, 0.752193 
1.572, 0.75079 
1.573, 0.749385 
1.574, 0.74798 
1.575, 0.746573 
1.576, 0.745166 
1.577, 0.743758 
1.578, 0.742348 
1.579, 0.740938 
1.58, 0.739527 
1.581, 0.738115 
1.582, 0.736703 
1.583, 0.735289 
1.584, 0.733875 
1.585, 0.73246 
1.586, 0.731044 
1.587, 0.729627 
1.588, 0.72821 
1.589, 0.726792 
1.59, 0.725373 
1.591, 0.723954 
1.592, 0.722534 
1.593, 0.721114 
1.594, 0.719693 
1.595, 0.718271 
1.596, 0.716849 
1.597, 0.715427 
1.598, 0.714004 
1.599, 0.71258 
1.6, 0.711156 
1.601, 0.709731 
1.602, 0.708307 
1.603, 0.706881 
1.604, 0.705456 
1.605, 0.70403 
1.606, 0.702603 
1.607, 0.701176 
1.608, 0.69975 
1.609, 0.698322 
1.61, 0.696895 
1.611, 0.695467 
1.612, 0.694039 
1.613, 0.692611 
1.614, 0.691182 
1.615, 0.689754 
1.616, 0.688325 
1.617, 0.686896 
1.618, 0.685468 
1.619, 0.684038 
1.62, 0.682609 
1.621, 0.68118 
1.622, 0.679751 
1.623, 0.678322 
1.624, 0.676893 
1.625, 0.675463 
1.626, 0.674034 
1.627, 0.672605 
1.628, 0.671176 
1.629, 0.669747 
1.63, 0.668318 
1.631, 0.666889 
1.632, 0.66546 
1.633, 0.664032 
1.634, 0.662604 
1.635, 0.661175 
1.636, 0.659747 
1.637, 0.65832 
1.638, 0.656892 
1.639, 0.655465 
1.64, 0.654038 
1.641, 0.652611 
1.642, 0.651184 
1.643, 0.649758 
1.644, 0.648332 
1.645, 0.646907 
1.646, 0.645482 
1.647, 0.644057 
1.648, 0.642632 
1.649, 0.641208 
1.65, 0.639785 
1.651, 0.638361 
1.652, 0.636939 
1.653, 0.635516 
1.654, 0.634094 
1.655, 0.632673 
1.656, 0.631252 
1.657, 0.629832 
1.658, 0.628412 
1.659, 0.626993 
1.66, 0.625574 
1.661, 0.624156 
1.662, 0.622738 
1.663, 0.621321 
1.664, 0.619905 
1.665, 0.618489 
1.666, 0.617074 
1.667, 0.61566 
1.668, 0.614246 
1.669, 0.612833 
1.67, 0.61142 
1.671, 0.610008 
1.672, 0.608597 
1.673, 0.607187 
1.674, 0.605777 
1.675, 0.604369 
1.676, 0.602961 
1.677, 0.601553 
1.678, 0.600147 
1.679, 0.598741 
1.68, 0.597336 
1.681, 0.595932 
1.682, 0.594529 
1.683, 0.593127 
1.684, 0.591725 
1.685, 0.590325 
1.686, 0.588925 
1.687, 0.587526 
1.688, 0.586128 
1.689, 0.584731 
1.69, 0.583335 
1.691, 0.58194 
1.692, 0.580546 
1.693, 0.579153 
1.694, 0.57776 
1.695, 0.576369 
1.696, 0.574979 
1.697, 0.57359 
1.698, 0.572201 
1.699, 0.570814 
1.7, 0.569428 
1.701, 0.568043 
1.702, 0.566659 
1.703, 0.565276 
1.704, 0.563894 
1.705, 0.562513 
1.706, 0.561134 
1.707, 0.559755 
1.708, 0.558378 
1.709, 0.557002 
1.71, 0.555626 
1.711, 0.554252 
1.712, 0.55288 
1.713, 0.551508 
1.714, 0.550137 
1.715, 0.548768 
1.716, 0.5474 
1.717, 0.546033 
1.718, 0.544667 
1.719, 0.543303 
1.72, 0.54194 
1.721, 0.540578 
1.722, 0.539217 
1.723, 0.537858 
1.724, 0.5365 
1.725, 0.535143 
1.726, 0.533787 
1.727, 0.532433 
1.728, 0.53108 
1.729, 0.529728 
1.73, 0.528378 
1.731, 0.527029 
1.732, 0.525681 
1.733, 0.524335 
1.734, 0.52299 
1.735, 0.521647 
1.736, 0.520305 
1.737, 0.518964 
1.738, 0.517624 
1.739, 0.516286 
1.74, 0.51495 
1.741, 0.513615 
1.742, 0.512281 
1.743, 0.510949 
1.744, 0.509618 
1.745, 0.508288 
1.746, 0.50696 
1.747, 0.505634 
1.748, 0.504309 
1.749, 0.502985 
1.75, 0.501663 
1.751, 0.500342 
1.752, 0.499023 
1.753, 0.497706 
1.754, 0.496389 
1.755, 0.495075 
1.756, 0.493762 
1.757, 0.49245 
1.758, 0.49114 
1.759, 0.489832 
1.76, 0.488525 
1.761, 0.48722 
1.762, 0.485916 
1.763, 0.484614 
1.764, 0.483313 
1.765, 0.482014 
1.766, 0.480717 
1.767, 0.479421 
1.768, 0.478126 
1.769, 0.476834 
1.77, 0.475543 
1.771, 0.474253 
1.772, 0.472966 
1.773, 0.471679 
1.774, 0.470395 
1.775, 0.469112 
1.776, 0.467831 
1.777, 0.466551 
1.778, 0.465273 
1.779, 0.463997 
1.78, 0.462723 
1.781, 0.46145 
1.782, 0.460179 
1.783, 0.458909 
1.784, 0.457641 
1.785, 0.456375 
1.786, 0.455111 
1.787, 0.453848 
1.788, 0.452587 
1.789, 0.451328 
1.79, 0.45007 
1.791, 0.448814 
1.792, 0.44756 
1.793, 0.446308 
1.794, 0.445057 
1.795, 0.443808 
1.796, 0.442561 
1.797, 0.441316 
1.798, 0.440072 
1.799, 0.438831 
1.8, 0.437591 
1.801, 0.436352 
1.802, 0.435116 
1.803, 0.433881 
1.804, 0.432648 
1.805, 0.431417 
1.806, 0.430188 
1.807, 0.42896 
1.808, 0.427734 
1.809, 0.426511 
1.81, 0.425289 
1.811, 0.424068 
1.812, 0.42285 
1.813, 0.421633 
1.814, 0.420418 
1.815, 0.419205 
1.816, 0.417994 
1.817, 0.416785 
1.818, 0.415578 
1.819, 0.414372 
1.82, 0.413168 
1.821, 0.411966 
1.822, 0.410766 
1.823, 0.409568 
1.824, 0.408372 
1.825, 0.407178 
1.826, 0.405985 
1.827, 0.404794 
1.828, 0.403606 
1.829, 0.402419 
1.83, 0.401234 
1.831, 0.400051 
1.832, 0.398869 
1.833, 0.39769 
1.834, 0.396513 
1.835, 0.395337 
1.836, 0.394163 
1.837, 0.392992 
1.838, 0.391822 
1.839, 0.390654 
1.84, 0.389488 
1.841, 0.388324 
1.842, 0.387162 
1.843, 0.386002 
1.844, 0.384843 
1.845, 0.383687 
1.846, 0.382533 
1.847, 0.38138 
1.848, 0.38023 
1.849, 0.379081 
1.85, 0.377934 
1.851, 0.37679 
1.852, 0.375647 
1.853, 0.374506 
1.854, 0.373367 
1.855, 0.37223 
1.856, 0.371095 
1.857, 0.369962 
1.858, 0.368831 
1.859, 0.367702 
1.86, 0.366575 
1.861, 0.36545 
1.862, 0.364327 
1.863, 0.363205 
1.864, 0.362086 
1.865, 0.360969 
1.866, 0.359854 
1.867, 0.35874 
1.868, 0.357629 
1.869, 0.35652 
1.87, 0.355412 
1.871, 0.354307 
1.872, 0.353204 
1.873, 0.352102 
1.874, 0.351003 
1.875, 0.349905 
1.876, 0.34881 
1.877, 0.347717 
1.878, 0.346625 
1.879, 0.345536 
1.88, 0.344448 
1.881, 0.343363 
1.882, 0.34228 
1.883, 0.341198 
1.884, 0.340119 
1.885, 0.339041 
1.886, 0.337966 
1.887, 0.336893 
1.888, 0.335821 
1.889, 0.334752 
1.89, 0.333685 
1.891, 0.332619 
1.892, 0.331556 
1.893, 0.330495 
1.894, 0.329435 
1.895, 0.328378 
1.896, 0.327323 
1.897, 0.32627 
1.898, 0.325218 
1.899, 0.324169 
1.9, 0.323122 
1.901, 0.322077 
1.902, 0.321034 
1.903, 0.319993 
1.904, 0.318954 
1.905, 0.317917 
1.906, 0.316882 
1.907, 0.315849 
1.908, 0.314818 
1.909, 0.313789 
1.91, 0.312762 
1.911, 0.311737 
1.912, 0.310714 
1.913, 0.309694 
1.914, 0.308675 
1.915, 0.307658 
1.916, 0.306644 
1.917, 0.305631 
1.918, 0.30462 
1.919, 0.303612 
1.92, 0.302605 
1.921, 0.301601 
1.922, 0.300598 
1.923, 0.299598 
1.924, 0.298599 
1.925, 0.297603 
1.926, 0.296609 
1.927, 0.295617 
1.928, 0.294626 
1.929, 0.293638 
1.93, 0.292652 
1.931, 0.291668 
1.932, 0.290686 
1.933, 0.289706 
1.934, 0.288728 
1.935, 0.287752 
1.936, 0.286778 
1.937, 0.285806 
1.938, 0.284836 
1.939, 0.283868 
1.94, 0.282902 
1.941, 0.281939 
1.942, 0.280977 
1.943, 0.280017 
1.944, 0.27906 
1.945, 0.278104 
1.946, 0.277151 
1.947, 0.276199 
1.948, 0.27525 
1.949, 0.274302 
1.95, 0.273357 
1.951, 0.272413 
1.952, 0.271472 
1.953, 0.270533 
1.954, 0.269596 
1.955, 0.26866 
1.956, 0.267727 
1.957, 0.266796 
1.958, 0.265867 
1.959, 0.26494 
1.96, 0.264015 
1.961, 0.263092 
1.962, 0.262171 
1.963, 0.261252 
1.964, 0.260335 
1.965, 0.25942 
1.966, 0.258507 
1.967, 0.257596 
1.968, 0.256688 
1.969, 0.255781 
1.97, 0.254876 
1.971, 0.253973 
1.972, 0.253073 
1.973, 0.252174 
1.974, 0.251277 
1.975, 0.250383 
1.976, 0.24949 
1.977, 0.248599 
1.978, 0.247711 
1.979, 0.246824 
1.98, 0.24594 
1.981, 0.245057 
1.982, 0.244177 
1.983, 0.243298 
1.984, 0.242422 
1.985, 0.241548 
1.986, 0.240675 
1.987, 0.239805 
1.988, 0.238936 
1.989, 0.23807 
1.99, 0.237206 
1.991, 0.236343 
1.992, 0.235483 
1.993, 0.234625 
1.994, 0.233768 
1.995, 0.232914 
1.996, 0.232062 
1.997, 0.231211 
1.998, 0.230363 
1.999, 0.229517 
2, 0.228672 
2.001, 0.22783 
2.002, 0.22699 
2.003, 0.226152 
2.004, 0.225315 
2.005, 0.224481 
2.006, 0.223649 
2.007, 0.222818 
2.008, 0.22199 
2.009, 0.221164 
2.01, 0.220339 
2.011, 0.219517 
2.012, 0.218696 
2.013, 0.217878 
2.014, 0.217062 
2.015, 0.216247 
2.016, 0.215435 
2.017, 0.214624 
2.018, 0.213816 
2.019, 0.213009 
2.02, 0.212205 
2.021, 0.211402 
2.022, 0.210602 
2.023, 0.209803 
2.024, 0.209006 
2.025, 0.208212 
2.026, 0.207419 
2.027, 0.206628 
2.028, 0.205839 
2.029, 0.205053 
2.03, 0.204268 
2.031, 0.203485 
2.032, 0.202704 
2.033, 0.201925 
2.034, 0.201148 
2.035, 0.200373 
2.036, 0.1996 
2.037, 0.198829 
2.038, 0.198059 
2.039, 0.197292 
2.04, 0.196527 
2.041, 0.195763 
2.042, 0.195002 
2.043, 0.194242 
2.044, 0.193485 
2.045, 0.192729 
2.046, 0.191976 
2.047, 0.191224 
2.048, 0.190474 
2.049, 0.189726 
2.05, 0.18898 
2.051, 0.188236 
2.052, 0.187494 
2.053, 0.186754 
2.054, 0.186016 
2.055, 0.185279 
2.056, 0.184545 
2.057, 0.183813 
2.058, 0.183082 
2.059, 0.182353 
2.06, 0.181627 
2.061, 0.180902 
2.062, 0.180179 
2.063, 0.179458 
2.064, 0.178739 
2.065, 0.178022 
2.066, 0.177306 
2.067, 0.176593 
2.068, 0.175881 
2.069, 0.175172 
2.07, 0.174464 
2.071, 0.173758 
2.072, 0.173054 
2.073, 0.172352 
2.074, 0.171652 
2.075, 0.170954 
2.076, 0.170258 
2.077, 0.169563 
2.078, 0.16887 
2.079, 0.16818 
2.08, 0.167491 
2.081, 0.166804 
2.082, 0.166119 
2.083, 0.165436 
2.084, 0.164754 
2.085, 0.164075 
2.086, 0.163397 
2.087, 0.162721 
2.088, 0.162047 
2.089, 0.161375 
2.09, 0.160705 
2.091, 0.160037 
2.092, 0.15937 
2.093, 0.158706 
2.094, 0.158043 
2.095, 0.157382 
2.096, 0.156723 
2.097, 0.156066 
2.098, 0.15541 
2.099, 0.154757 
2.1, 0.154105 
2.101, 0.153455 
2.102, 0.152807 
2.103, 0.152161 
2.104, 0.151516 
2.105, 0.150874 
2.106, 0.150233 
2.107, 0.149594 
2.108, 0.148957 
2.109, 0.148321 
2.11, 0.147688 
2.111, 0.147056 
2.112, 0.146426 
2.113, 0.145798 
2.114, 0.145172 
2.115, 0.144548 
2.116, 0.143925 
2.117, 0.143304 
2.118, 0.142685 
2.119, 0.142068 
2.12, 0.141452 
2.121, 0.140839 
2.122, 0.140227 
2.123, 0.139617 
2.124, 0.139008 
2.125, 0.138402 
2.126, 0.137797 
2.127, 0.137194 
2.128, 0.136593 
2.129, 0.135994 
2.13, 0.135396 
2.131, 0.1348 
2.132, 0.134206 
2.133, 0.133614 
2.134, 0.133023 
2.135, 0.132434 
2.136, 0.131847 
2.137, 0.131262 
2.138, 0.130678 
2.139, 0.130097 
2.14, 0.129517 
2.141, 0.128938 
2.142, 0.128362 
2.143, 0.127787 
2.144, 0.127214 
2.145, 0.126643 
2.146, 0.126073 
2.147, 0.125505 
2.148, 0.124939 
2.149, 0.124375 
2.15, 0.123812 
2.151, 0.123251 
2.152, 0.122692 
2.153, 0.122134 
2.154, 0.121579 
2.155, 0.121025 
2.156, 0.120472 
2.157, 0.119922 
2.158, 0.119373 
2.159, 0.118825 
2.16, 0.11828 
2.161, 0.117736 
2.162, 0.117194 
2.163, 0.116654 
2.164, 0.116115 
2.165, 0.115578 
2.166, 0.115043 
2.167, 0.114509 
2.168, 0.113977 
2.169, 0.113447 
2.17, 0.112918 
2.171, 0.112391 
2.172, 0.111866 
2.173, 0.111343 
2.174, 0.110821 
2.175, 0.1103 
2.176, 0.109782 
2.177, 0.109265 
2.178, 0.10875 
2.179, 0.108236 
2.18, 0.107724 
2.181, 0.107214 
2.182, 0.106706 
2.183, 0.106199 
2.184, 0.105693 
2.185, 0.10519 
2.186, 0.104688 
2.187, 0.104187 
2.188, 0.103689 
2.189, 0.103191 
2.19, 0.102696 
2.191, 0.102202 
2.192, 0.10171 
2.193, 0.101219 
2.194, 0.100731 
2.195, 0.100243 
2.196, 0.0997575 
2.197, 0.0992735 
2.198, 0.098791 
2.199, 0.0983102 
2.2, 0.0978309 
2.201, 0.0973533 
2.202, 0.0968773 
2.203, 0.0964029 
2.204, 0.0959301 
2.205, 0.0954589 
2.206, 0.0949892 
2.207, 0.0945212 
2.208, 0.0940548 
2.209, 0.0935899 
2.21, 0.0931267 
2.211, 0.092665 
2.212, 0.0922049 
2.213, 0.0917464 
2.214, 0.0912895 
2.215, 0.0908341 
2.216, 0.0903803 
2.217, 0.0899281 
2.218, 0.0894775 
2.219, 0.0890284 
2.22, 0.0885808 
2.221, 0.0881349 
2.222, 0.0876905 
2.223, 0.0872476 
2.224, 0.0868063 
2.225, 0.0863666 
2.226, 0.0859284 
2.227, 0.0854917 
2.228, 0.0850566 
2.229, 0.0846231 
2.23, 0.084191 
2.231, 0.0837606 
2.232, 0.0833316 
2.233, 0.0829042 
2.234, 0.0824783 
2.235, 0.0820539 
2.236, 0.0816311 
2.237, 0.0812097 
2.238, 0.0807899 
2.239, 0.0803716 
2.24, 0.0799549 
2.241, 0.0795396 
2.242, 0.0791258 
2.243, 0.0787136 
2.244, 0.0783029 
2.245, 0.0778936 
2.246, 0.0774859 
2.247, 0.0770796 
2.248, 0.0766749 
2.249, 0.0762716 
2.25, 0.0758699 
2.251, 0.0754696 
2.252, 0.0750708 
2.253, 0.0746735 
2.254, 0.0742777 
2.255, 0.0738833 
2.256, 0.0734905 
2.257, 0.0730991 
2.258, 0.0727091 
2.259, 0.0723207 
2.26, 0.0719337 
2.261, 0.0715482 
2.262, 0.0711641 
2.263, 0.0707815 
2.264, 0.0704003 
2.265, 0.0700206 
2.266, 0.0696424 
2.267, 0.0692656 
2.268, 0.0688902 
2.269, 0.0685163 
2.27, 0.0681439 
2.271, 0.0677728 
2.272, 0.0674033 
2.273, 0.0670351 
2.274, 0.0666684 
2.275, 0.0663031 
2.276, 0.0659392 
2.277, 0.0655768 
2.278, 0.0652158 
2.279, 0.0648562 
2.28, 0.064498 
2.281, 0.0641413 
2.282, 0.0637859 
2.283, 0.063432 
2.284, 0.0630795 
2.285, 0.0627283 
2.286, 0.0623786 
2.287, 0.0620303 
2.288, 0.0616834 
2.289, 0.0613379 
2.29, 0.0609937 
2.291, 0.060651 
2.292, 0.0603097 
2.293, 0.0599697 
2.294, 0.0596311 
2.295, 0.0592939 
2.296, 0.0589581 
2.297, 0.0586237 
2.298, 0.0582906 
2.299, 0.0579589 
2.3, 0.0576286 
2.301, 0.0572997 
2.302, 0.0569721 
2.303, 0.0566459 
2.304, 0.056321 
2.305, 0.0559975 
2.306, 0.0556753 
2.307, 0.0553546 
2.308, 0.0550351 
2.309, 0.054717 
2.31, 0.0544003 
2.311, 0.0540849 
2.312, 0.0537708 
2.313, 0.0534581 
2.314, 0.0531467 
2.315, 0.0528367 
2.316, 0.0525279 
2.317, 0.0522205 
2.318, 0.0519145 
2.319, 0.0516098 
2.32, 0.0513063 
2.321, 0.0510042 
2.322, 0.0507035 
2.323, 0.050404 
2.324, 0.0501059 
2.325, 0.049809 
2.326, 0.0495135 
2.327, 0.0492193 
2.328, 0.0489264 
2.329, 0.0486348 
2.33, 0.0483444 
2.331, 0.0480554 
2.332, 0.0477677 
2.333, 0.0474813 
2.334, 0.0471961 
2.335, 0.0469123 
2.336, 0.0466297 
2.337, 0.0463484 
2.338, 0.0460684 
2.339, 0.0457897 
2.34, 0.0455122 
2.341, 0.0452361 
2.342, 0.0449612 
2.343, 0.0446875 
2.344, 0.0444152 
2.345, 0.044144 
2.346, 0.0438742 
2.347, 0.0436056 
2.348, 0.0433383 
2.349, 0.0430722 
2.35, 0.0428074 
2.351, 0.0425438 
2.352, 0.0422815 
2.353, 0.0420204 
2.354, 0.0417606 
2.355, 0.041502 
2.356, 0.0412447 
2.357, 0.0409885 
2.358, 0.0407337 
2.359, 0.04048 
2.36, 0.0402276 
2.361, 0.0399764 
2.362, 0.0397264 
2.363, 0.0394777 
2.364, 0.0392302 
2.365, 0.0389839 
2.366, 0.0387388 
2.367, 0.0384949 
2.368, 0.0382523 
2.369, 0.0380108 
2.37, 0.0377706 
2.371, 0.0375315 
2.372, 0.0372937 
2.373, 0.037057 
2.374, 0.0368216 
2.375, 0.0365873 
2.376, 0.0363543 
2.377, 0.0361224 
2.378, 0.0358918 
2.379, 0.0356623 
2.38, 0.035434 
2.381, 0.0352069 
2.382, 0.0349809 
2.383, 0.0347562 
2.384, 0.0345326 
2.385, 0.0343102 
2.386, 0.0340889 
2.387, 0.0338688 
2.388, 0.0336499 
2.389, 0.0334322 
2.39, 0.0332156 
2.391, 0.0330002 
2.392, 0.0327859 
2.393, 0.0325728 
2.394, 0.0323609 
2.395, 0.0321501 
2.396, 0.0319404 
2.397, 0.0317319 
2.398, 0.0315245 
2.399, 0.0313183 
2.4, 0.0311132 
2.401, 0.0309093 
2.402, 0.0307065 
2.403, 0.0305048 
2.404, 0.0303042 
2.405, 0.0301048 
2.406, 0.0299065 
2.407, 0.0297094 
2.408, 0.0295133 
2.409, 0.0293184 
2.41, 0.0291246 
2.411, 0.0289319 
2.412, 0.0287403 
2.413, 0.0285499 
2.414, 0.0283605 
2.415, 0.0281722 
2.416, 0.0279851 
2.417, 0.0277991 
2.418, 0.0276141 
2.419, 0.0274303 
2.42, 0.0272475 
2.421, 0.0270659 
2.422, 0.0268853 
2.423, 0.0267058 
2.424, 0.0265275 
2.425, 0.0263502 
2.426, 0.0261739 
2.427, 0.0259988 
2.428, 0.0258247 
2.429, 0.0256518 
2.43, 0.0254799 
2.431, 0.025309 
2.432, 0.0251393 
2.433, 0.0249706 
2.434, 0.024803 
2.435, 0.0246364 
2.436, 0.0244709 
2.437, 0.0243064 
2.438, 0.0241431 
2.439, 0.0239807 
2.44, 0.0238195 
2.441, 0.0236592 
2.442, 0.0235001 
2.443, 0.0233419 
2.444, 0.0231849 
2.445, 0.0230288 
2.446, 0.0228738 
2.447, 0.0227199 
2.448, 0.0225669 
2.449, 0.0224151 
2.45, 0.0222642 
2.451, 0.0221144 
2.452, 0.0219656 
2.453, 0.0218178 
2.454, 0.0216711 
2.455, 0.0215253 
2.456, 0.0213806 
2.457, 0.0212369 
2.458, 0.0210943 
2.459, 0.0209526 
2.46, 0.020812 
2.461, 0.0206723 
2.462, 0.0205337 
2.463, 0.0203961 
2.464, 0.0202595 
2.465, 0.0201239 
2.466, 0.0199892 
2.467, 0.0198556 
2.468, 0.019723 
2.469, 0.0195914 
2.47, 0.0194607 
2.471, 0.0193311 
2.472, 0.0192024 
2.473, 0.0190747 
2.474, 0.018948 
2.475, 0.0188223 
2.476, 0.0186976 
2.477, 0.0185738 
2.478, 0.018451 
2.479, 0.0183292 
2.48, 0.0182084 
2.481, 0.0180885 
2.482, 0.0179696 
2.483, 0.0178517 
2.484, 0.0177347 
2.485, 0.0176187 
2.486, 0.0175036 
2.487, 0.0173896 
2.488, 0.0172764 
2.489, 0.0171642 
2.49, 0.017053 
2.491, 0.0169427 
2.492, 0.0168334 
2.493, 0.016725 
2.494, 0.0166175 
2.495, 0.016511 
2.496, 0.0164054 
2.497, 0.0163008 
2.498, 0.0161971 
2.499, 0.0160943 
2.5, 0.0159925 
2.501, 0.0158916 
2.502, 0.0157916 
2.503, 0.0156926 
2.504, 0.0155944 
2.505, 0.0154972 
2.506, 0.0154009 
2.507, 0.0153056 
2.508, 0.0152111 
2.509, 0.0151176 
2.51, 0.015025 
2.511, 0.0149332 
2.512, 0.0148424 
2.513, 0.0147525 
2.514, 0.0146635 
2.515, 0.0145754 
2.516, 0.0144882 
2.517, 0.0144019 
2.518, 0.0143166 
2.519, 0.014232 
2.52, 0.0141484 
2.521, 0.0140657 
2.522, 0.0139839 
2.523, 0.0139029 
2.524, 0.0138229 
2.525, 0.0137437 
2.526, 0.0136654 
2.527, 0.013588 
2.528, 0.0135115 
2.529, 0.0134358 
2.53, 0.013361 
2.531, 0.0132871 
2.532, 0.0132141 
2.533, 0.0131419 
2.534, 0.0130706 
2.535, 0.0130001 
2.536, 0.0129306 
2.537, 0.0128618 
2.538, 0.012794 
2.539, 0.012727 
2.54, 0.0126608 
2.541, 0.0125955 
2.542, 0.0125311 
2.543, 0.0124675 
2.544, 0.0124048 
2.545, 0.0123429 
2.546, 0.0122818 
2.547, 0.0122216 
2.548, 0.0121622 
2.549, 0.0121037 
2.55, 0.012046 
2.551, 0.0119892 
2.552, 0.0119331 
2.553, 0.0118779 
2.554, 0.0118236 
2.555, 0.0117701 
2.556, 0.0117173 
2.557, 0.0116655 
2.558, 0.0116144 
2.559, 0.0115642 
2.56, 0.0115147 
2.561, 0.0114661 
2.562, 0.0114184 
2.563, 0.0113714 
2.564, 0.0113252 
2.565, 0.0112799 
2.566, 0.0112353 
2.567, 0.0111916 
2.568, 0.0111487 
2.569, 0.0111065 
2.57, 0.0110652 
2.571, 0.0110247 
2.572, 0.0109849 
2.573, 0.010946 
2.574, 0.0109079 
2.575, 0.0108705 
2.576, 0.010834 
2.577, 0.0107982 
2.578, 0.0107632 
2.579, 0.010729 
2.58, 0.0106956 
2.581, 0.010663 
2.582, 0.0106311 
2.583, 0.0106001 
2.584, 0.0105698 
2.585, 0.0105403 
2.586, 0.0105115 
2.587, 0.0104836 
2.588, 0.0104564 
2.589, 0.0104299 
2.59, 0.0104043 
2.591, 0.0103794 
2.592, 0.0103552 
2.593, 0.0103318 
2.594, 0.0103092 
2.595, 0.0102874 
2.596, 0.0102663 
2.597, 0.0102459 
2.598, 0.0102263 
2.599, 0.0102075 
2.6, 0.0101894 
2.601, 0.010172 
2.602, 0.0101554 
2.603, 0.0101396 
2.604, 0.0101245 
2.605, 0.0101101 
2.606, 0.0100965 
2.607, 0.0100836 
2.608, 0.0100714 
2.609, 0.01006 
2.61, 0.0100493 
2.611, 0.0100394 
2.612, 0.0100301 
2.613, 0.0100216 
2.614, 0.0100139 
2.615, 0.0100068 
2.616, 0.0100005 
2.617, 0.00999488 
2.618, 0.00998999 
2.619, 0.00998583 
2.62, 0.00998238 
2.621, 0.00997964 
2.622, 0.00997762 
2.623, 0.00997631 
2.624, 0.00997572 
2.625, 0.00997582 
2.626, 0.00997664 
2.627, 0.00997816 
2.628, 0.00998039 
2.629, 0.00998331 
2.63, 0.00998694 
2.631, 0.00999127 
2.632, 0.00999629 
2.633, 0.010002 
2.634, 0.0100084 
2.635, 0.0100155 
2.636, 0.0100233 
2.637, 0.0100318 
2.638, 0.010041 
2.639, 0.0100508 
2.64, 0.0100614 
2.641, 0.0100726 
2.642, 0.0100845 
2.643, 0.0100971 
2.644, 0.0101104 
2.645, 0.0101243 
2.646, 0.0101389 
2.647, 0.0101542 
2.648, 0.0101702 
2.649, 0.0101868 
2.65, 0.0102041 
2.651, 0.0102221 
2.652, 0.0102407 
2.653, 0.01026 
2.654, 0.01028 
2.655, 0.0103006 
2.656, 0.0103219 
2.657, 0.0103438 
2.658, 0.0103664 
2.659, 0.0103897 
2.66, 0.0104136 
2.661, 0.0104382 
2.662, 0.0104634 
2.663, 0.0104892 
2.664, 0.0105157 
2.665, 0.0105429 
2.666, 0.0105707 
2.667, 0.0105991 
2.668, 0.0106282 
2.669, 0.0106579 
2.67, 0.0106883 
2.671, 0.0107193 
2.672, 0.0107509 
2.673, 0.0107832 
2.674, 0.0108161 
2.675, 0.0108496 
2.676, 0.0108838 
2.677, 0.0109186 
2.678, 0.010954 
2.679, 0.01099 
2.68, 0.0110267 
2.681, 0.011064 
2.682, 0.0111019 
2.683, 0.0111404 
2.684, 0.0111795 
2.685, 0.0112193 
2.686, 0.0112597 
2.687, 0.0113006 
2.688, 0.0113422 
2.689, 0.0113845 
2.69, 0.0114273 
2.691, 0.0114707 
2.692, 0.0115147 
2.693, 0.0115594 
2.694, 0.0116046 
2.695, 0.0116504 
2.696, 0.0116969 
2.697, 0.0117439 
2.698, 0.0117916 
2.699, 0.0118398 
2.7, 0.0118886 
2.701, 0.011938 
2.702, 0.0119881 
2.703, 0.0120387 
2.704, 0.0120899 
2.705, 0.0121416 
2.706, 0.012194 
2.707, 0.012247 
2.708, 0.0123005 
2.709, 0.0123546 
2.71, 0.0124093 
2.711, 0.0124646 
2.712, 0.0125204 
2.713, 0.0125769 
2.714, 0.0126339 
2.715, 0.0126914 
2.716, 0.0127496 
2.717, 0.0128083 
2.718, 0.0128676 
2.719, 0.0129275 
2.72, 0.0129879 
2.721, 0.0130489 
2.722, 0.0131104 
2.723, 0.0131726 
2.724, 0.0132352 
2.725, 0.0132985 
2.726, 0.0133623 
2.727, 0.0134266 
2.728, 0.0134916 
2.729, 0.013557 
2.73, 0.013623 
2.731, 0.0136896 
2.732, 0.0137567 
2.733, 0.0138244 
2.734, 0.0138926 
2.735, 0.0139614 
2.736, 0.0140307 
2.737, 0.0141006 
2.738, 0.0141709 
2.739, 0.0142419 
2.74, 0.0143134 
2.741, 0.0143854 
2.742, 0.0144579 
2.743, 0.014531 
2.744, 0.0146046 
2.745, 0.0146788 
2.746, 0.0147535 
2.747, 0.0148287 
2.748, 0.0149045 
2.749, 0.0149807 
2.75, 0.0150575 
2.751, 0.0151349 
2.752, 0.0152127 
2.753, 0.0152911 
2.754, 0.01537 
2.755, 0.0154494 
2.756, 0.0155293 
2.757, 0.0156098 
2.758, 0.0156908 
2.759, 0.0157723 
2.76, 0.0158543 
2.761, 0.0159368 
2.762, 0.0160198 
2.763, 0.0161033 
2.764, 0.0161874 
2.765, 0.0162719 
2.766, 0.016357 
2.767, 0.0164425 
2.768, 0.0165286 
2.769, 0.0166152 
2.77, 0.0167022 
2.771, 0.0167898 
2.772, 0.0168779 
2.773, 0.0169664 
2.774, 0.0170555 
2.775, 0.017145 
2.776, 0.0172351 
2.777, 0.0173256 
2.778, 0.0174167 
2.779, 0.0175082 
2.78, 0.0176002 
2.781, 0.0176927 
2.782, 0.0177857 
2.783, 0.0178792 
2.784, 0.0179731 
2.785, 0.0180675 
2.786, 0.0181625 
2.787, 0.0182579 
2.788, 0.0183537 
2.789, 0.0184501 
2.79, 0.0185469 
2.791, 0.0186442 
2.792, 0.018742 
2.793, 0.0188403 
2.794, 0.018939 
2.795, 0.0190382 
2.796, 0.0191379 
2.797, 0.019238 
2.798, 0.0193386 
2.799, 0.0194397 
2.8, 0.0195412 
2.801, 0.0196432 
2.802, 0.0197457 
2.803, 0.0198486 
2.804, 0.019952 
2.805, 0.0200558 
2.806, 0.0201601 
2.807, 0.0202648 
2.808, 0.02037 
2.809, 0.0204757 
2.81, 0.0205818 
2.811, 0.0206884 
2.812, 0.0207954 
2.813, 0.0209029 
2.814, 0.0210108 
2.815, 0.0211191 
2.816, 0.021228 
2.817, 0.0213372 
2.818, 0.0214469 
2.819, 0.021557 
2.82, 0.0216676 
2.821, 0.0217786 
2.822, 0.0218901 
2.823, 0.022002 
2.824, 0.0221143 
2.825, 0.0222271 
2.826, 0.0223403 
2.827, 0.022454 
2.828, 0.022568 
2.829, 0.0226825 
2.83, 0.0227975 
2.831, 0.0229128 
2.832, 0.0230286 
2.833, 0.0231448 
2.834, 0.0232615 
2.835, 0.0233785 
2.836, 0.023496 
2.837, 0.0236139 
2.838, 0.0237323 
2.839, 0.023851 
2.84, 0.0239702 
2.841, 0.0240898 
2.842, 0.0242098 
2.843, 0.0243302 
2.844, 0.0244511 
2.845, 0.0245723 
2.846, 0.024694 
2.847, 0.0248161 
2.848, 0.0249385 
2.849, 0.0250614 
2.85, 0.0251847 
2.851, 0.0253085 
2.852, 0.0254326 
2.853, 0.0255571 
2.854, 0.025682 
2.855, 0.0258074 
2.856, 0.0259331 
2.857, 0.0260592 
2.858, 0.0261857 
2.859, 0.0263127 
2.86, 0.02644 
2.861, 0.0265677 
2.862, 0.0266958 
2.863, 0.0268244 
2.864, 0.0269533 
2.865, 0.0270826 
2.866, 0.0272123 
2.867, 0.0273423 
2.868, 0.0274728 
2.869, 0.0276037 
2.87, 0.0277349 
2.871, 0.0278665 
2.872, 0.0279986 
2.873, 0.028131 
2.874, 0.0282637 
2.875, 0.0283969 
2.876, 0.0285305 
2.877, 0.0286644 
2.878, 0.0287987 
2.879, 0.0289334 
2.88, 0.0290684 
2.881, 0.0292039 
2.882, 0.0293397 
2.883, 0.0294759 
2.884, 0.0296124 
2.885, 0.0297494 
2.886, 0.0298867 
2.887, 0.0300243 
2.888, 0.0301624 
2.889, 0.0303008 
2.89, 0.0304395 
2.891, 0.0305787 
2.892, 0.0307182 
2.893, 0.0308581 
2.894, 0.0309983 
2.895, 0.0311389 
2.896, 0.0312798 
2.897, 0.0314211 
2.898, 0.0315628 
2.899, 0.0317048 
2.9, 0.0318472 
2.901, 0.03199 
2.902, 0.0321331 
2.903, 0.0322765 
2.904, 0.0324203 
2.905, 0.0325645 
2.906, 0.032709 
2.907, 0.0328539 
2.908, 0.0329991 
2.909, 0.0331446 
2.91, 0.0332905 
2.911, 0.0334368 
2.912, 0.0335834 
2.913, 0.0337303 
2.914, 0.0338776 
2.915, 0.0340252 
2.916, 0.0341732 
2.917, 0.0343215 
2.918, 0.0344701 
2.919, 0.0346191 
2.92, 0.0347685 
2.921, 0.0349181 
2.922, 0.0350681 
2.923, 0.0352184 
2.924, 0.0353691 
2.925, 0.0355201 
2.926, 0.0356714 
2.927, 0.0358231 
2.928, 0.0359751 
2.929, 0.0361274 
2.93, 0.0362801 
2.931, 0.0364331 
2.932, 0.0365864 
2.933, 0.03674 
2.934, 0.0368939 
2.935, 0.0370482 
2.936, 0.0372028 
2.937, 0.0373578 
2.938, 0.037513 
2.939, 0.0376686 
2.94, 0.0378245 
2.941, 0.0379807 
2.942, 0.0381372 
2.943, 0.038294 
2.944, 0.0384512 
2.945, 0.0386087 
2.946, 0.0387664 
2.947, 0.0389245 
2.948, 0.0390829 
2.949, 0.0392417 
2.95, 0.0394007 
2.951, 0.03956 
2.952, 0.0397197 
2.953, 0.0398797 
2.954, 0.0400399 
2.955, 0.0402005 
2.956, 0.0403614 
2.957, 0.0405225 
2.958, 0.040684 
2.959, 0.0408458 
2.96, 0.0410079 
2.961, 0.0411703 
2.962, 0.041333 
2.963, 0.041496 
2.964, 0.0416593 
2.965, 0.0418229 
2.966, 0.0419867 
2.967, 0.0421509 
2.968, 0.0423154 
2.969, 0.0424802 
2.97, 0.0426452 
2.971, 0.0428106 
2.972, 0.0429762 
2.973, 0.0431421 
2.974, 0.0433084 
2.975, 0.0434749 
2.976, 0.0436417 
2.977, 0.0438088 
2.978, 0.0439761 
2.979, 0.0441438 
2.98, 0.0443118 
2.981, 0.04448 
2.982, 0.0446485 
2.983, 0.0448173 
2.984, 0.0449864 
2.985, 0.0451557 
2.986, 0.0453254 
2.987, 0.0454953 
2.988, 0.0456655 
2.989, 0.0458359 
2.99, 0.0460067 
2.991, 0.0461777 
2.992, 0.046349 
2.993, 0.0465206 
2.994, 0.0466924 
2.995, 0.0468646 
2.996, 0.047037 
2.997, 0.0472096 
2.998, 0.0473826 
2.999, 0.0475558 
3, 0.0477292 
3.001, 0.047903 
3.002, 0.048077 
3.003, 0.0482512 
3.004, 0.0484258 
3.005, 0.0486006 
3.006, 0.0487756 
3.007, 0.048951 
3.008, 0.0491266 
3.009, 0.0493024 
3.01, 0.0494785 
3.011, 0.0496549 
3.012, 0.0498315 
3.013, 0.0500084 
3.014, 0.0501856 
3.015, 0.050363 
3.016, 0.0505406 
3.017, 0.0507186 
3.018, 0.0508967 
3.019, 0.0510751 
3.02, 0.0512538 
3.021, 0.0514328 
3.022, 0.0516119 
3.023, 0.0517914 
3.024, 0.051971 
3.025, 0.052151 
3.026, 0.0523312 
3.027, 0.0525116 
3.028, 0.0526923 
3.029, 0.0528732 
3.03, 0.0530543 
3.031, 0.0532357 
3.032, 0.0534174 
3.033, 0.0535993 
3.034, 0.0537814 
3.035, 0.0539638 
3.036, 0.0541464 
3.037, 0.0543293 
3.038, 0.0545124 
3.039, 0.0546957 
3.04, 0.0548793 
3.041, 0.0550631 
3.042, 0.0552472 
3.043, 0.0554315 
3.044, 0.055616 
3.045, 0.0558007 
3.046, 0.0559857 
3.047, 0.0561709 
3.048, 0.0563564 
3.049, 0.0565421 
3.05, 0.056728 
3.051, 0.0569142 
3.052, 0.0571005 
3.053, 0.0572871 
3.054, 0.057474 
3.055, 0.057661 
3.056, 0.0578483 
3.057, 0.0580358 
3.058, 0.0582236 
3.059, 0.0584115 
3.06, 0.0585997 
3.061, 0.0587881 
3.062, 0.0589767 
3.063, 0.0591656 
3.064, 0.0593547 
3.065, 0.0595439 
3.066, 0.0597335 
3.067, 0.0599232 
3.068, 0.0601131 
3.069, 0.0603033 
3.07, 0.0604937 
3.071, 0.0606843 
3.072, 0.0608751 
3.073, 0.0610661 
3.074, 0.0612574 
3.075, 0.0614488 
3.076, 0.0616405 
3.077, 0.0618324 
3.078, 0.0620244 
3.079, 0.0622167 
3.08, 0.0624092 
3.081, 0.062602 
3.082, 0.0627949 
3.083, 0.062988 
3.084, 0.0631814 
3.085, 0.0633749 
3.086, 0.0635687 
3.087, 0.0637626 
3.088, 0.0639568 
3.089, 0.0641512 
3.09, 0.0643457 
3.091, 0.0645405 
3.092, 0.0647355 
3.093, 0.0649307 
3.094, 0.065126 
3.095, 0.0653216 
3.096, 0.0655174 
3.097, 0.0657134 
3.098, 0.0659095 
3.099, 0.0661059 
3.1, 0.0663025 
3.101, 0.0664992 
3.102, 0.0666962 
3.103, 0.0668933 
3.104, 0.0670907 
3.105, 0.0672882 
3.106, 0.0674859 
3.107, 0.0676839 
3.108, 0.067882 
3.109, 0.0680803 
3.11, 0.0682788 
3.111, 0.0684775 
3.112, 0.0686763 
3.113, 0.0688754 
3.114, 0.0690746 
3.115, 0.0692741 
3.116, 0.0694737 
3.117, 0.0696735 
3.118, 0.0698735 
3.119, 0.0700737 
3.12, 0.070274 
3.121, 0.0704746 
3.122, 0.0706753 
3.123, 0.0708762 
3.124, 0.0710773 
3.125, 0.0712786 
3.126, 0.07148 
3.127, 0.0716817 
3.128, 0.0718835 
3.129, 0.0720855 
3.13, 0.0722876 
3.131, 0.07249 
3.132, 0.0726925 
3.133, 0.0728952 
3.134, 0.0730981 
3.135, 0.0733011 
3.136, 0.0735043 
3.137, 0.0737077 
3.138, 0.0739113 
3.139, 0.074115 
3.14, 0.0743189 
3.141, 0.074523 
3.142, 0.0747273 
3.143, 0.0749317 
3.144, 0.0751363 
3.145, 0.0753411 
3.146, 0.075546 
3.147, 0.0757511 
3.148, 0.0759563 
3.149, 0.0761618 
3.15, 0.0763674 
3.151, 0.0765731 
3.152, 0.0767791 
3.153, 0.0769851 
3.154, 0.0771914 
3.155, 0.0773978 
3.156, 0.0776044 
3.157, 0.0778111 
3.158, 0.078018 
3.159, 0.0782251 
3.16, 0.0784323 
3.161, 0.0786397 
3.162, 0.0788472 
3.163, 0.0790549 
3.164, 0.0792628 
3.165, 0.0794708 
3.166, 0.079679 
3.167, 0.0798873 
3.168, 0.0800958 
3.169, 0.0803044 
3.17, 0.0805132 
3.171, 0.0807222 
3.172, 0.0809313 
3.173, 0.0811405 
3.174, 0.0813499 
3.175, 0.0815595 
3.176, 0.0817692 
3.177, 0.081979 
3.178, 0.082189 
3.179, 0.0823992 
3.18, 0.0826095 
3.181, 0.08282 
3.182, 0.0830306 
3.183, 0.0832413 
3.184, 0.0834522 
3.185, 0.0836633 
3.186, 0.0838744 
3.187, 0.0840858 
3.188, 0.0842973 
3.189, 0.0845089 
3.19, 0.0847206 
3.191, 0.0849326 
3.192, 0.0851446 
3.193, 0.0853568 
3.194, 0.0855691 
3.195, 0.0857816 
3.196, 0.0859942 
3.197, 0.086207 
3.198, 0.0864199 
3.199, 0.0866329 
3.2, 0.0868461 
3.201, 0.0870594 
3.202, 0.0872728 
3.203, 0.0874864 
3.204, 0.0877001 
3.205, 0.087914 
3.206, 0.088128 
3.207, 0.0883421 
3.208, 0.0885564 
3.209, 0.0887708 
3.21, 0.0889853 
3.211, 0.0892 
3.212, 0.0894147 
3.213, 0.0896297 
3.214, 0.0898447 
3.215, 0.0900599 
3.216, 0.0902752 
3.217, 0.0904907 
3.218, 0.0907062 
3.219, 0.0909219 
3.22, 0.0911378 
3.221, 0.0913537 
3.222, 0.0915698 
3.223, 0.091786 
3.224, 0.0920024 
3.225, 0.0922188 
3.226, 0.0924354 
3.227, 0.0926521 
3.228, 0.092869 
3.229, 0.0930859 
3.23, 0.093303 
3.231, 0.0935202 
3.232, 0.0937375 
3.233, 0.093955 
3.234, 0.0941726 
3.235, 0.0943903 
3.236, 0.0946081 
3.237, 0.094826 
3.238, 0.095044 
3.239, 0.0952622 
3.24, 0.0954805 
3.241, 0.0956989 
3.242, 0.0959174 
3.243, 0.0961361 
3.244, 0.0963548 
3.245, 0.0965737 
3.246, 0.0967927 
3.247, 0.0970118 
3.248, 0.097231 
3.249, 0.0974503 
3.25, 0.0976698 
3.251, 0.0978893 
3.252, 0.098109 
3.253, 0.0983288 
3.254, 0.0985487 
3.255, 0.0987687 
3.256, 0.0989888 
3.257, 0.099209 
3.258, 0.0994294 
3.259, 0.0996498 
3.26, 0.0998704 
3.261, 0.100091 
3.262, 0.100312 
3.263, 0.100533 
3.264, 0.100754 
3.265, 0.100975 
3.266, 0.101196 
3.267, 0.101417 
3.268, 0.101639 
3.269, 0.10186 
3.27, 0.102082 
3.271, 0.102304 
3.272, 0.102525 
3.273, 0.102747 
3.274, 0.102969 
3.275, 0.103191 
3.276, 0.103414 
3.277, 0.103636 
3.278, 0.103858 
3.279, 0.104081 
3.28, 0.104304 
3.281, 0.104526 
3.282, 0.104749 
3.283, 0.104972 
3.284, 0.105195 
3.285, 0.105418 
3.286, 0.105642 
3.287, 0.105865 
3.288, 0.106088 
3.289, 0.106312 
3.29, 0.106535 
3.291, 0.106759 
3.292, 0.106983 
3.293, 0.107207 
3.294, 0.107431 
3.295, 0.107655 
3.296, 0.107879 
3.297, 0.108103 
3.298, 0.108328 
3.299, 0.108552 
3.3, 0.108777 
3.301, 0.109001 
3.302, 0.109226 
3.303, 0.109451 
3.304, 0.109676 
3.305, 0.109901 
3.306, 0.110126 
3.307, 0.110351 
3.308, 0.110576 
3.309, 0.110802 
3.31, 0.111027 
3.311, 0.111253 
3.312, 0.111478 
3.313, 0.111704 
3.314, 0.11193 
3.315, 0.112156 
3.316, 0.112382 
3.317, 0.112608 
3.318, 0.112834 
3.319, 0.11306 
3.32, 0.113286 
3.321, 0.113513 
3.322, 0.113739 
3.323, 0.113966 
3.324, 0.114192 
3.325, 0.114419 
3.326, 0.114646 
3.327, 0.114873 
3.328, 0.115099 
3.329, 0.115327 
3.33, 0.115554 
3.331, 0.115781 
3.332, 0.116008 
3.333, 0.116235 
3.334, 0.116463 
3.335, 0.11669 
3.336, 0.116918 
3.337, 0.117145 
3.338, 0.117373 
3.339, 0.117601 
3.34, 0.117829 
3.341, 0.118057 
3.342, 0.118285 
3.343, 0.118513 
3.344, 0.118741 
3.345, 0.118969 
3.346, 0.119198 
3.347, 0.119426 
3.348, 0.119655 
3.349, 0.119883 
3.35, 0.120112 
3.351, 0.12034 
3.352, 0.120569 
3.353, 0.120798 
3.354, 0.121027 
3.355, 0.121256 
3.356, 0.121485 
3.357, 0.121714 
3.358, 0.121943 
3.359, 0.122172 
3.36, 0.122402 
3.361, 0.122631 
3.362, 0.12286 
3.363, 0.12309 
3.364, 0.123319 
3.365, 0.123549 
3.366, 0.123779 
3.367, 0.124009 
3.368, 0.124238 
3.369, 0.124468 
3.37, 0.124698 
3.371, 0.124928 
3.372, 0.125158 
3.373, 0.125388 
3.374, 0.125619 
3.375, 0.125849 
3.376, 0.126079 
3.377, 0.12631 
3.378, 0.12654 
3.379, 0.126771 
3.38, 0.127001 
3.381, 0.127232 
3.382, 0.127463 
3.383, 0.127693 
3.384, 0.127924 
3.385, 0.128155 
3.386, 0.128386 
3.387, 0.128617 
3.388, 0.128848 
3.389, 0.129079 
3.39, 0.12931 
3.391, 0.129542 
3.392, 0.129773 
3.393, 0.130004 
3.394, 0.130236 
3.395, 0.130467 
3.396, 0.130699 
3.397, 0.13093 
3.398, 0.131162 
3.399, 0.131393 
3.4, 0.131625 
3.401, 0.131857 
3.402, 0.132089 
3.403, 0.132321 
3.404, 0.132553 
3.405, 0.132785 
3.406, 0.133017 
3.407, 0.133249 
3.408, 0.133481 
3.409, 0.133713 
3.41, 0.133945 
3.411, 0.134178 
3.412, 0.13441 
3.413, 0.134642 
3.414, 0.134875 
3.415, 0.135107 
3.416, 0.13534 
3.417, 0.135572 
3.418, 0.135805 
3.419, 0.136038 
3.42, 0.136271 
3.421, 0.136503 
3.422, 0.136736 
3.423, 0.136969 
3.424, 0.137202 
3.425, 0.137435 
3.426, 0.137668 
3.427, 0.137901 
3.428, 0.138134 
3.429, 0.138367 
3.43, 0.1386 
3.431, 0.138834 
3.432, 0.139067 
3.433, 0.1393 
3.434, 0.139534 
3.435, 0.139767 
3.436, 0.140001 
3.437, 0.140234 
3.438, 0.140468 
3.439, 0.140701 
3.44, 0.140935 
3.441, 0.141168 
3.442, 0.141402 
3.443, 0.141636 
3.444, 0.14187 
3.445, 0.142103 
3.446, 0.142337 
3.447, 0.142571 
3.448, 0.142805 
3.449, 0.143039 
3.45, 0.143273 
3.451, 0.143507 
3.452, 0.143741 
3.453, 0.143975 
3.454, 0.14421 
3.455, 0.144444 
3.456, 0.144678 
3.457, 0.144912 
3.458, 0.145147 
3.459, 0.145381 
3.46, 0.145615 
3.461, 0.14585 
3.462, 0.146084 
3.463, 0.146319 
3.464, 0.146553 
3.465, 0.146788 
3.466, 0.147022 
3.467, 0.147257 
3.468, 0.147492 
3.469, 0.147726 
3.47, 0.147961 
3.471, 0.148196 
3.472, 0.148431 
3.473, 0.148665 
3.474, 0.1489 
3.475, 0.149135 
3.476, 0.14937 
3.477, 0.149605 
3.478, 0.14984 
3.479, 0.150075 
3.48, 0.15031 
3.481, 0.150545 
3.482, 0.15078 
3.483, 0.151015 
3.484, 0.15125 
3.485, 0.151486 
3.486, 0.151721 
3.487, 0.151956 
3.488, 0.152191 
3.489, 0.152427 
3.49, 0.152662 
3.491, 0.152897 
3.492, 0.153133 
3.493, 0.153368 
3.494, 0.153603 
3.495, 0.153839 
3.496, 0.154074 
3.497, 0.15431 
3.498, 0.154545 
3.499, 0.154781 
3.5, 0.155016 
3.501, 0.155252 
3.502, 0.155488 
3.503, 0.155723 
3.504, 0.155959 
3.505, 0.156195 
3.506, 0.15643 
3.507, 0.156666 
3.508, 0.156902 
3.509, 0.157138 
3.51, 0.157373 
3.511, 0.157609 
3.512, 0.157845 
3.513, 0.158081 
3.514, 0.158317 
3.515, 0.158553 
3.516, 0.158789 
3.517, 0.159024 
3.518, 0.15926 
3.519, 0.159496 
3.52, 0.159732 
3.521, 0.159968 
3.522, 0.160204 
3.523, 0.16044 
3.524, 0.160677 
3.525, 0.160913 
3.526, 0.161149 
3.527, 0.161385 
3.528, 0.161621 
3.529, 0.161857 
3.53, 0.162093 
3.531, 0.162329 
3.532, 0.162566 
3.533, 0.162802 
3.534, 0.163038 
3.535, 0.163274 
3.536, 0.163511 
3.537, 0.163747 
3.538, 0.163983 
3.539, 0.16422 
3.54, 0.164456 
3.541, 0.164692 
3.542, 0.164929 
3.543, 0.165165 
3.544, 0.165401 
3.545, 0.165638 
3.546, 0.165874 
3.547, 0.166111 
3.548, 0.166347 
3.549, 0.166583 
3.55, 0.16682 
3.551, 0.167056 
3.552, 0.167293 
3.553, 0.167529 
3.554, 0.167766 
3.555, 0.168002 
3.556, 0.168239 
3.557, 0.168475 
3.558, 0.168712 
3.559, 0.168948 
3.56, 0.169185 
3.561, 0.169422 
3.562, 0.169658 
3.563, 0.169895 
3.564, 0.170131 
3.565, 0.170368 
3.566, 0.170605 
3.567, 0.170841 
3.568, 0.171078 
3.569, 0.171314 
3.57, 0.171551 
3.571, 0.171788 
3.572, 0.172024 
3.573, 0.172261 
3.574, 0.172498 
3.575, 0.172734 
3.576, 0.172971 
3.577, 0.173208 
3.578, 0.173444 
3.579, 0.173681 
3.58, 0.173918 
3.581, 0.174155 
3.582, 0.174391 
3.583, 0.174628 
3.584, 0.174865 
3.585, 0.175101 
3.586, 0.175338 
3.587, 0.175575 
3.588, 0.175812 
3.589, 0.176048 
3.59, 0.176285 
3.591, 0.176522 
3.592, 0.176759 
3.593, 0.176995 
3.594, 0.177232 
3.595, 0.177469 
3.596, 0.177706 
3.597, 0.177942 
3.598, 0.178179 
3.599, 0.178416 
3.6, 0.178653 
3.601, 0.178889 
3.602, 0.179126 
3.603, 0.179363 
3.604, 0.1796 
3.605, 0.179836 
3.606, 0.180073 
3.607, 0.18031 
3.608, 0.180547 
3.609, 0.180783 
3.61, 0.18102 
3.611, 0.181257 
3.612, 0.181494 
3.613, 0.18173 
3.614, 0.181967 
3.615, 0.182204 
3.616, 0.182441 
3.617, 0.182677 
3.618, 0.182914 
3.619, 0.183151 
3.62, 0.183388 
3.621, 0.183624 
3.622, 0.183861 
3.623, 0.184098 
3.624, 0.184335 
3.625, 0.184571 
3.626, 0.184808 
3.627, 0.185045 
3.628, 0.185281 
3.629, 0.185518 
3.63, 0.185755 
3.631, 0.185991 
3.632, 0.186228 
3.633, 0.186465 
3.634, 0.186701 
3.635, 0.186938 
3.636, 0.187175 
3.637, 0.187411 
3.638, 0.187648 
3.639, 0.187885 
3.64, 0.188121 
3.641, 0.188358 
3.642, 0.188595 
3.643, 0.188831 
3.644, 0.189068 
3.645, 0.189304 
3.646, 0.189541 
3.647, 0.189777 
3.648, 0.190014 
3.649, 0.190251 
3.65, 0.190487 
3.651, 0.190724 
3.652, 0.19096 
3.653, 0.191197 
3.654, 0.191433 
3.655, 0.19167 
3.656, 0.191906 
3.657, 0.192143 
3.658, 0.192379 
3.659, 0.192616 
3.66, 0.192852 
3.661, 0.193088 
3.662, 0.193325 
3.663, 0.193561 
3.664, 0.193798 
3.665, 0.194034 
3.666, 0.19427 
3.667, 0.194507 
3.668, 0.194743 
3.669, 0.19498 
3.67, 0.195216 
3.671, 0.195452 
3.672, 0.195689 
3.673, 0.195925 
3.674, 0.196161 
3.675, 0.196397 
3.676, 0.196634 
3.677, 0.19687 
3.678, 0.197106 
3.679, 0.197342 
3.68, 0.197578 
3.681, 0.197815 
3.682, 0.198051 
3.683, 0.198287 
3.684, 0.198523 
3.685, 0.198759 
3.686, 0.198995 
3.687, 0.199231 
3.688, 0.199468 
3.689, 0.199704 
3.69, 0.19994 
3.691, 0.200176 
3.692, 0.200412 
3.693, 0.200648 
3.694, 0.200884 
3.695, 0.20112 
3.696, 0.201356 
3.697, 0.201591 
3.698, 0.201827 
3.699, 0.202063 
3.7, 0.202299 
3.701, 0.202535 
3.702, 0.202771 
3.703, 0.203007 
3.704, 0.203242 
3.705, 0.203478 
3.706, 0.203714 
3.707, 0.20395 
3.708, 0.204186 
3.709, 0.204421 
3.71, 0.204657 
3.711, 0.204893 
3.712, 0.205128 
3.713, 0.205364 
3.714, 0.2056 
3.715, 0.205835 
3.716, 0.206071 
3.717, 0.206306 
3.718, 0.206542 
3.719, 0.206777 
3.72, 0.207013 
3.721, 0.207248 
3.722, 0.207484 
3.723, 0.207719 
3.724, 0.207955 
3.725, 0.20819 
3.726, 0.208425 
3.727, 0.208661 
3.728, 0.208896 
3.729, 0.209131 
3.73, 0.209367 
3.731, 0.209602 
3.732, 0.209837 
3.733, 0.210072 
3.734, 0.210307 
3.735, 0.210543 
3.736, 0.210778 
3.737, 0.211013 
3.738, 0.211248 
3.739, 0.211483 
3.74, 0.211718 
3.741, 0.211953 
3.742, 0.212188 
3.743, 0.212423 
3.744, 0.212658 
3.745, 0.212893 
3.746, 0.213128 
3.747, 0.213363 
3.748, 0.213598 
3.749, 0.213832 
3.75, 0.214067 
3.751, 0.214302 
3.752, 0.214537 
3.753, 0.214772 
3.754, 0.215006 
3.755, 0.215241 
3.756, 0.215476 
3.757, 0.21571 
3.758, 0.215945 
3.759, 0.216179 
3.76, 0.216414 
3.761, 0.216648 
3.762, 0.216883 
3.763, 0.217117 
3.764, 0.217352 
3.765, 0.217586 
3.766, 0.217821 
3.767, 0.218055 
3.768, 0.218289 
3.769, 0.218524 
3.77, 0.218758 
3.771, 0.218992 
3.772, 0.219226 
3.773, 0.219461 
3.774, 0.219695 
3.775, 0.219929 
3.776, 0.220163 
3.777, 0.220397 
3.778, 0.220631 
3.779, 0.220865 
3.78, 0.221099 
3.781, 0.221333 
3.782, 0.221567 
3.783, 0.221801 
3.784, 0.222035 
3.785, 0.222269 
3.786, 0.222503 
3.787, 0.222736 
3.788, 0.22297 
3.789, 0.223204 
3.79, 0.223438 
3.791, 0.223671 
3.792, 0.223905 
3.793, 0.224138 
3.794, 0.224372 
3.795, 0.224606 
3.796, 0.224839 
3.797, 0.225073 
3.798, 0.225306 
3.799, 0.225539 
3.8, 0.225773 
3.801, 0.226006 
3.802, 0.226239 
3.803, 0.226473 
3.804, 0.226706 
3.805, 0.226939 
3.806, 0.227172 
3.807, 0.227406 
3.808, 0.227639 
3.809, 0.227872 
3.81, 0.228105 
3.811, 0.228338 
3.812, 0.228571 
3.813, 0.228804 
3.814, 0.229037 
3.815, 0.22927 
3.816, 0.229503 
3.817, 0.229735 
3.818, 0.229968 
3.819, 0.230201 
3.82, 0.230434 
3.821, 0.230666 
3.822, 0.230899 
3.823, 0.231132 
3.824, 0.231364 
3.825, 0.231597 
3.826, 0.231829 
3.827, 0.232062 
3.828, 0.232294 
3.829, 0.232527 
3.83, 0.232759 
3.831, 0.232991 
3.832, 0.233224 
3.833, 0.233456 
3.834, 0.233688 
3.835, 0.23392 
3.836, 0.234153 
3.837, 0.234385 
3.838, 0.234617 
3.839, 0.234849 
3.84, 0.235081 
3.841, 0.235313 
3.842, 0.235545 
3.843, 0.235777 
3.844, 0.236009 
3.845, 0.23624 
3.846, 0.236472 
3.847, 0.236704 
3.848, 0.236936 
3.849, 0.237167 
3.85, 0.237399 
3.851, 0.237631 
3.852, 0.237862 
3.853, 0.238094 
3.854, 0.238325 
3.855, 0.238557 
3.856, 0.238788 
3.857, 0.23902 
3.858, 0.239251 
3.859, 0.239482 
3.86, 0.239714 
3.861, 0.239945 
3.862, 0.240176 
3.863, 0.240407 
3.864, 0.240638 
3.865, 0.240869 
3.866, 0.2411 
3.867, 0.241331 
3.868, 0.241562 
3.869, 0.241793 
3.87, 0.242024 
3.871, 0.242255 
3.872, 0.242486 
3.873, 0.242717 
3.874, 0.242947 
3.875, 0.243178 
3.876, 0.243409 
3.877, 0.243639 
3.878, 0.24387 
3.879, 0.2441 
3.88, 0.244331 
3.881, 0.244561 
3.882, 0.244792 
3.883, 0.245022 
3.884, 0.245252 
3.885, 0.245483 
3.886, 0.245713 
3.887, 0.245943 
3.888, 0.246173 
3.889, 0.246403 
3.89, 0.246633 
3.891, 0.246863 
3.892, 0.247093 
3.893, 0.247323 
3.894, 0.247553 
3.895, 0.247783 
3.896, 0.248013 
3.897, 0.248243 
3.898, 0.248473 
3.899, 0.248702 
3.9, 0.248932 
3.901, 0.249161 
3.902, 0.249391 
3.903, 0.249621 
3.904, 0.24985 
3.905, 0.25008 
3.906, 0.250309 
3.907, 0.250538 
3.908, 0.250768 
3.909, 0.250997 
3.91, 0.251226 
3.911, 0.251455 
3.912, 0.251684 
3.913, 0.251914 
3.914, 0.252143 
3.915, 0.252372 
3.916, 0.252601 
3.917, 0.252829 
3.918, 0.253058 
3.919, 0.253287 
3.92, 0.253516 
3.921, 0.253745 
3.922, 0.253973 
3.923, 0.254202 
3.924, 0.254431 
3.925, 0.254659 
3.926, 0.254888 
3.927, 0.255116 
3.928, 0.255345 
3.929, 0.255573 
3.93, 0.255801 
3.931, 0.25603 
3.932, 0.256258 
3.933, 0.256486 
3.934, 0.256714 
3.935, 0.256942 
3.936, 0.257171 
3.937, 0.257399 
3.938, 0.257627 
3.939, 0.257854 
3.94, 0.258082 
3.941, 0.25831 
3.942, 0.258538 
3.943, 0.258766 
3.944, 0.258993 
3.945, 0.259221 
3.946, 0.259449 
3.947, 0.259676 
3.948, 0.259904 
3.949, 0.260131 
3.95, 0.260359 
3.951, 0.260586 
3.952, 0.260813 
3.953, 0.261041 
3.954, 0.261268 
3.955, 0.261495 
3.956, 0.261722 
3.957, 0.261949 
3.958, 0.262176 
3.959, 0.262403 
3.96, 0.26263 
3.961, 0.262857 
3.962, 0.263084 
3.963, 0.263311 
3.964, 0.263538 
3.965, 0.263764 
3.966, 0.263991 
3.967, 0.264218 
3.968, 0.264444 
3.969, 0.264671 
3.97, 0.264897 
3.971, 0.265124 
3.972, 0.26535 
3.973, 0.265576 
3.974, 0.265803 
3.975, 0.266029 
3.976, 0.266255 
3.977, 0.266481 
3.978, 0.266707 
3.979, 0.266933 
3.98, 0.267159 
3.981, 0.267385 
3.982, 0.267611 
3.983, 0.267837 
3.984, 0.268063 
3.985, 0.268289 
3.986, 0.268514 
3.987, 0.26874 
3.988, 0.268965 
3.989, 0.269191 
3.99, 0.269416 
3.991, 0.269642 
3.992, 0.269867 
3.993, 0.270093 
3.994, 0.270318 
3.995, 0.270543 
3.996, 0.270768 
3.997, 0.270994 
3.998, 0.271219 
3.999, 0.271444 
4, 0.271669 
4.001, 0.271894 
4.002, 0.272119 
4.003, 0.272343 
4.004, 0.272568 
4.005, 0.272793 
4.006, 0.273018 
4.007, 0.273242 
4.008, 0.273467 
4.009, 0.273691 
4.01, 0.273916 
4.011, 0.27414 
4.012, 0.274365 
4.013, 0.274589 
4.014, 0.274813 
4.015, 0.275037 
4.016, 0.275262 
4.017, 0.275486 
4.018, 0.27571 
4.019, 0.275934 
4.02, 0.276158 
4.021, 0.276382 
4.022, 0.276606 
4.023, 0.276829 
4.024, 0.277053 
4.025, 0.277277 
4.026, 0.277501 
4.027, 0.277724 
4.028, 0.277948 
4.029, 0.278171 
4.03, 0.278395 
4.031, 0.278618 
4.032, 0.278841 
4.033, 0.279065 
4.034, 0.279288 
4.035, 0.279511 
4.036, 0.279734 
4.037, 0.279957 
4.038, 0.28018 
4.039, 0.280403 
4.04, 0.280626 
4.041, 0.280849 
4.042, 0.281072 
4.043, 0.281295 
4.044, 0.281518 
4.045, 0.28174 
4.046, 0.281963 
4.047, 0.282185 
4.048, 0.282408 
4.049, 0.28263 
4.05, 0.282853 
4.051, 0.283075 
4.052, 0.283297 
4.053, 0.283519 
4.054, 0.283742 
4.055, 0.283964 
4.056, 0.284186 
4.057, 0.284408 
4.058, 0.28463 
4.059, 0.284852 
4.06, 0.285074 
4.061, 0.285295 
4.062, 0.285517 
4.063, 0.285739 
4.064, 0.28596 
4.065, 0.286182 
4.066, 0.286404 
4.067, 0.286625 
4.068, 0.286846 
4.069, 0.287068 
4.07, 0.287289 
4.071, 0.28751 
4.072, 0.287732 
4.073, 0.287953 
4.074, 0.288174 
4.075, 0.288395 
4.076, 0.288616 
4.077, 0.288837 
4.078, 0.289058 
4.079, 0.289278 
4.08, 0.289499 
4.081, 0.28972 
4.082, 0.289941 
4.083, 0.290161 
4.084, 0.290382 
4.085, 0.290602 
4.086, 0.290823 
4.087, 0.291043 
4.088, 0.291263 
4.089, 0.291483 
4.09, 0.291704 
4.091, 0.291924 
4.092, 0.292144 
4.093, 0.292364 
4.094, 0.292584 
4.095, 0.292804 
4.096, 0.293024 
4.097, 0.293244 
4.098, 0.293463 
4.099, 0.293683 
4.1, 0.293903 
4.101, 0.294122 
4.102, 0.294342 
4.103, 0.294561 
4.104, 0.294781 
4.105, 0.295 
4.106, 0.295219 
4.107, 0.295439 
4.108, 0.295658 
4.109, 0.295877 
4.11, 0.296096 
4.111, 0.296315 
4.112, 0.296534 
4.113, 0.296753 
4.114, 0.296972 
4.115, 0.29719 
4.116, 0.297409 
4.117, 0.297628 
4.118, 0.297847 
4.119, 0.298065 
4.12, 0.298284 
4.121, 0.298502 
4.122, 0.29872 
4.123, 0.298939 
4.124, 0.299157 
4.125, 0.299375 
4.126, 0.299593 
4.127, 0.299812 
4.128, 0.30003 
4.129, 0.300248 
4.13, 0.300466 
4.131, 0.300683 
4.132, 0.300901 
4.133, 0.301119 
4.134, 0.301337 
4.135, 0.301554 
4.136, 0.301772 
4.137, 0.301989 
4.138, 0.302207 
4.139, 0.302424 
4.14, 0.302642 
4.141, 0.302859 
4.142, 0.303076 
4.143, 0.303293 
4.144, 0.303511 
4.145, 0.303728 
4.146, 0.303945 
4.147, 0.304162 
4.148, 0.304378 
4.149, 0.304595 
4.15, 0.304812 
4.151, 0.305029 
4.152, 0.305245 
4.153, 0.305462 
4.154, 0.305679 
4.155, 0.305895 
4.156, 0.306111 
4.157, 0.306328 
4.158, 0.306544 
4.159, 0.30676 
4.16, 0.306976 
4.161, 0.307193 
4.162, 0.307409 
4.163, 0.307625 
4.164, 0.307841 
4.165, 0.308057 
4.166, 0.308272 
4.167, 0.308488 
4.168, 0.308704 
4.169, 0.308919 
4.17, 0.309135 
4.171, 0.309351 
4.172, 0.309566 
4.173, 0.309782 
4.174, 0.309997 
4.175, 0.310212 
4.176, 0.310427 
4.177, 0.310643 
4.178, 0.310858 
4.179, 0.311073 
4.18, 0.311288 
4.181, 0.311503 
4.182, 0.311718 
4.183, 0.311932 
4.184, 0.312147 
4.185, 0.312362 
4.186, 0.312576 
4.187, 0.312791 
4.188, 0.313006 
4.189, 0.31322 
4.19, 0.313434 
4.191, 0.313649 
4.192, 0.313863 
4.193, 0.314077 
4.194, 0.314291 
4.195, 0.314506 
4.196, 0.31472 
4.197, 0.314934 
4.198, 0.315147 
4.199, 0.315361 
4.2, 0.315575 
4.201, 0.315789 
4.202, 0.316003 
4.203, 0.316216 
4.204, 0.31643 
4.205, 0.316643 
4.206, 0.316857 
4.207, 0.31707 
4.208, 0.317283 
4.209, 0.317497 
4.21, 0.31771 
4.211, 0.317923 
4.212, 0.318136 
4.213, 0.318349 
4.214, 0.318562 
4.215, 0.318775 
4.216, 0.318988 
4.217, 0.3192 
4.218, 0.319413 
4.219, 0.319626 
4.22, 0.319838 
4.221, 0.320051 
4.222, 0.320263 
4.223, 0.320476 
4.224, 0.320688 
4.225, 0.3209 
4.226, 0.321113 
4.227, 0.321325 
4.228, 0.321537 
4.229, 0.321749 
4.23, 0.321961 
4.231, 0.322173 
4.232, 0.322385 
4.233, 0.322596 
4.234, 0.322808 
4.235, 0.32302 
4.236, 0.323231 
4.237, 0.323443 
4.238, 0.323654 
4.239, 0.323866 
4.24, 0.324077 
4.241, 0.324289 
4.242, 0.3245 
4.243, 0.324711 
4.244, 0.324922 
4.245, 0.325133 
4.246, 0.325344 
4.247, 0.325555 
4.248, 0.325766 
4.249, 0.325977 
4.25, 0.326187 
4.251, 0.326398 
4.252, 0.326609 
4.253, 0.326819 
4.254, 0.32703 
4.255, 0.32724 
4.256, 0.327451 
4.257, 0.327661 
4.258, 0.327871 
4.259, 0.328081 
4.26, 0.328291 
4.261, 0.328502 
4.262, 0.328712 
4.263, 0.328921 
4.264, 0.329131 
4.265, 0.329341 
4.266, 0.329551 
4.267, 0.329761 
4.268, 0.32997 
4.269, 0.33018 
4.27, 0.330389 
4.271, 0.330599 
4.272, 0.330808 
4.273, 0.331017 
4.274, 0.331227 
4.275, 0.331436 
4.276, 0.331645 
4.277, 0.331854 
4.278, 0.332063 
4.279, 0.332272 
4.28, 0.332481 
4.281, 0.33269 
4.282, 0.332898 
4.283, 0.333107 
4.284, 0.333316 
4.285, 0.333524 
4.286, 0.333733 
4.287, 0.333941 
4.288, 0.33415 
4.289, 0.334358 
4.29, 0.334566 
4.291, 0.334774 
4.292, 0.334982 
4.293, 0.335191 
4.294, 0.335399 
4.295, 0.335606 
4.296, 0.335814 
4.297, 0.336022 
4.298, 0.33623 
4.299, 0.336438 
4.3, 0.336645 
4.301, 0.336853 
4.302, 0.33706 
4.303, 0.337268 
4.304, 0.337475 
4.305, 0.337682 
4.306, 0.33789 
4.307, 0.338097 
4.308, 0.338304 
4.309, 0.338511 
4.31, 0.338718 
4.311, 0.338925 
4.312, 0.339132 
4.313, 0.339338 
4.314, 0.339545 
4.315, 0.339752 
4.316, 0.339958 
4.317, 0.340165 
4.318, 0.340372 
4.319, 0.340578 
4.32, 0.340784 
4.321, 0.340991 
4.322, 0.341197 
4.323, 0.341403 
4.324, 0.341609 
4.325, 0.341815 
4.326, 0.342021 
4.327, 0.342227 
4.328, 0.342433 
4.329, 0.342639 
4.33, 0.342844 
4.331, 0.34305 
4.332, 0.343256 
4.333, 0.343461 
4.334, 0.343667 
4.335, 0.343872 
4.336, 0.344077 
4.337, 0.344283 
4.338, 0.344488 
4.339, 0.344693 
4.34, 0.344898 
4.341, 0.345103 
4.342, 0.345308 
4.343, 0.345513 
4.344, 0.345718 
4.345, 0.345923 
4.346, 0.346127 
4.347, 0.346332 
4.348, 0.346536 
4.349, 0.346741 
4.35, 0.346945 
4.351, 0.34715 
4.352, 0.347354 
4.353, 0.347558 
4.354, 0.347763 
4.355, 0.347967 
4.356, 0.348171 
4.357, 0.348375 
4.358, 0.348579 
4.359, 0.348783 
4.36, 0.348986 
4.361, 0.34919 
4.362, 0.349394 
4.363, 0.349597 
4.364, 0.349801 
4.365, 0.350004 
4.366, 0.350208 
4.367, 0.350411 
4.368, 0.350614 
4.369, 0.350818 
4.37, 0.351021 
4.371, 0.351224 
4.372, 0.351427 
4.373, 0.35163 
4.374, 0.351833 
4.375, 0.352036 
4.376, 0.352238 
4.377, 0.352441 
4.378, 0.352644 
4.379, 0.352846 
4.38, 0.353049 
4.381, 0.353251 
4.382, 0.353454 
4.383, 0.353656 
4.384, 0.353858 
4.385, 0.354061 
4.386, 0.354263 
4.387, 0.354465 
4.388, 0.354667 
4.389, 0.354869 
4.39, 0.355071 
4.391, 0.355272 
4.392, 0.355474 
4.393, 0.355676 
4.394, 0.355877 
4.395, 0.356079 
4.396, 0.35628 
4.397, 0.356482 
4.398, 0.356683 
4.399, 0.356885 
4.4, 0.357086 
4.401, 0.357287 
4.402, 0.357488 
4.403, 0.357689 
4.404, 0.35789 
4.405, 0.358091 
4.406, 0.358292 
4.407, 0.358493 
4.408, 0.358693 
4.409, 0.358894 
4.41, 0.359095 
4.411, 0.359295 
4.412, 0.359496 
4.413, 0.359696 
4.414, 0.359896 
4.415, 0.360097 
4.416, 0.360297 
4.417, 0.360497 
4.418, 0.360697 
4.419, 0.360897 
4.42, 0.361097 
4.421, 0.361297 
4.422, 0.361497 
4.423, 0.361696 
4.424, 0.361896 
4.425, 0.362096 
4.426, 0.362295 
4.427, 0.362495 
4.428, 0.362694 
4.429, 0.362893 
4.43, 0.363093 
4.431, 0.363292 
4.432, 0.363491 
4.433, 0.36369 
4.434, 0.363889 
4.435, 0.364088 
4.436, 0.364287 
4.437, 0.364486 
4.438, 0.364685 
4.439, 0.364883 
4.44, 0.365082 
4.441, 0.365281 
4.442, 0.365479 
4.443, 0.365677 
4.444, 0.365876 
4.445, 0.366074 
4.446, 0.366272 
4.447, 0.366471 
4.448, 0.366669 
4.449, 0.366867 
4.45, 0.367065 
4.451, 0.367263 
4.452, 0.367461 
4.453, 0.367658 
4.454, 0.367856 
4.455, 0.368054 
4.456, 0.368251 
4.457, 0.368449 
4.458, 0.368646 
4.459, 0.368844 
4.46, 0.369041 
4.461, 0.369238 
4.462, 0.369436 
4.463, 0.369633 
4.464, 0.36983 
4.465, 0.370027 
4.466, 0.370224 
4.467, 0.370421 
4.468, 0.370617 
4.469, 0.370814 
4.47, 0.371011 
4.471, 0.371208 
4.472, 0.371404 
4.473, 0.371601 
4.474, 0.371797 
4.475, 0.371993 
4.476, 0.37219 
4.477, 0.372386 
4.478, 0.372582 
4.479, 0.372778 
4.48, 0.372974 
4.481, 0.37317 
4.482, 0.373366 
4.483, 0.373562 
4.484, 0.373758 
4.485, 0.373953 
4.486, 0.374149 
4.487, 0.374345 
4.488, 0.37454 
4.489, 0.374736 
4.49, 0.374931 
4.491, 0.375126 
4.492, 0.375322 
4.493, 0.375517 
4.494, 0.375712 
4.495, 0.375907 
4.496, 0.376102 
4.497, 0.376297 
4.498, 0.376492 
4.499, 0.376687 
4.5, 0.376881 
4.501, 0.377076 
4.502, 0.377271 
4.503, 0.377465 
4.504, 0.37766 
4.505, 0.377854 
4.506, 0.378048 
4.507, 0.378243 
4.508, 0.378437 
4.509, 0.378631 
4.51, 0.378825 
4.511, 0.379019 
4.512, 0.379213 
4.513, 0.379407 
4.514, 0.379601 
4.515, 0.379794 
4.516, 0.379988 
4.517, 0.380182 
4.518, 0.380375 
4.519, 0.380569 
4.52, 0.380762 
4.521, 0.380956 
4.522, 0.381149 
4.523, 0.381342 
4.524, 0.381535 
4.525, 0.381728 
4.526, 0.381921 
4.527, 0.382114 
4.528, 0.382307 
4.529, 0.3825 
4.53, 0.382693 
4.531, 0.382886 
4.532, 0.383078 
4.533, 0.383271 
4.534, 0.383463 
4.535, 0.383656 
4.536, 0.383848 
4.537, 0.38404 
4.538, 0.384233 
4.539, 0.384425 
4.54, 0.384617 
4.541, 0.384809 
4.542, 0.385001 
4.543, 0.385193 
4.544, 0.385385 
4.545, 0.385577 
4.546, 0.385768 
4.547, 0.38596 
4.548, 0.386152 
4.549, 0.386343 
4.55, 0.386535 
4.551, 0.386726 
4.552, 0.386917 
4.553, 0.387109 
4.554, 0.3873 
4.555, 0.387491 
4.556, 0.387682 
4.557, 0.387873 
4.558, 0.388064 
4.559, 0.388255 
4.56, 0.388446 
4.561, 0.388636 
4.562, 0.388827 
4.563, 0.389018 
4.564, 0.389208 
4.565, 0.389399 
4.566, 0.389589 
4.567, 0.38978 
4.568, 0.38997 
4.569, 0.39016 
4.57, 0.39035 
4.571, 0.39054 
4.572, 0.39073 
4.573, 0.39092 
4.574, 0.39111 
4.575, 0.3913 
4.576, 0.39149 
4.577, 0.39168 
4.578, 0.391869 
4.579, 0.392059 
4.58, 0.392248 
4.581, 0.392438 
4.582, 0.392627 
4.583, 0.392816 
4.584, 0.393006 
4.585, 0.393195 
4.586, 0.393384 
4.587, 0.393573 
4.588, 0.393762 
4.589, 0.393951 
4.59, 0.39414 
4.591, 0.394329 
4.592, 0.394517 
4.593, 0.394706 
4.594, 0.394895 
4.595, 0.395083 
4.596, 0.395272 
4.597, 0.39546 
4.598, 0.395648 
4.599, 0.395837 
4.6, 0.396025 
4.601, 0.396213 
4.602, 0.396401 
4.603, 0.396589 
4.604, 0.396777 
4.605, 0.396965 
4.606, 0.397153 
4.607, 0.39734 
4.608, 0.397528 
4.609, 0.397716 
4.61, 0.397903 
4.611, 0.398091 
4.612, 0.398278 
4.613, 0.398465 
4.614, 0.398653 
4.615, 0.39884 
4.616, 0.399027 
4.617, 0.399214 
4.618, 0.399401 
4.619, 0.399588 
4.62, 0.399775 
4.621, 0.399962 
4.622, 0.400149 
4.623, 0.400335 
4.624, 0.400522 
4.625, 0.400709 
4.626, 0.400895 
4.627, 0.401082 
4.628, 0.401268 
4.629, 0.401454 
4.63, 0.40164 
4.631, 0.401827 
4.632, 0.402013 
4.633, 0.402199 
4.634, 0.402385 
4.635, 0.402571 
4.636, 0.402757 
4.637, 0.402942 
4.638, 0.403128 
4.639, 0.403314 
4.64, 0.403499 
4.641, 0.403685 
4.642, 0.40387 
4.643, 0.404056 
4.644, 0.404241 
4.645, 0.404426 
4.646, 0.404612 
4.647, 0.404797 
4.648, 0.404982 
4.649, 0.405167 
4.65, 0.405352 
4.651, 0.405537 
4.652, 0.405721 
4.653, 0.405906 
4.654, 0.406091 
4.655, 0.406276 
4.656, 0.40646 
4.657, 0.406645 
4.658, 0.406829 
4.659, 0.407013 
4.66, 0.407198 
4.661, 0.407382 
4.662, 0.407566 
4.663, 0.40775 
4.664, 0.407934 
4.665, 0.408118 
4.666, 0.408302 
4.667, 0.408486 
4.668, 0.40867 
4.669, 0.408853 
4.67, 0.409037 
4.671, 0.409221 
4.672, 0.409404 
4.673, 0.409588 
4.674, 0.409771 
4.675, 0.409954 
4.676, 0.410138 
4.677, 0.410321 
4.678, 0.410504 
4.679, 0.410687 
4.68, 0.41087 
4.681, 0.411053 
4.682, 0.411236 
4.683, 0.411419 
4.684, 0.411601 
4.685, 0.411784 
4.686, 0.411967 
4.687, 0.412149 
4.688, 0.412332 
4.689, 0.412514 
4.69, 0.412696 
4.691, 0.412879 
4.692, 0.413061 
4.693, 0.413243 
4.694, 0.413425 
4.695, 0.413607 
4.696, 0.413789 
4.697, 0.413971 
4.698, 0.414153 
4.699, 0.414335 
4.7, 0.414516 
4.701, 0.414698 
4.702, 0.414879 
4.703, 0.415061 
4.704, 0.415242 
4.705, 0.415424 
4.706, 0.415605 
4.707, 0.415786 
4.708, 0.415968 
4.709, 0.416149 
4.71, 0.41633 
4.711, 0.416511 
4.712, 0.416692 
4.713, 0.416873 
4.714, 0.417053 
4.715, 0.417234 
4.716, 0.417415 
4.717, 0.417595 
4.718, 0.417776 
4.719, 0.417956 
4.72, 0.418137 
4.721, 0.418317 
4.722, 0.418497 
4.723, 0.418678 
4.724, 0.418858 
4.725, 0.419038 
4.726, 0.419218 
4.727, 0.419398 
4.728, 0.419578 
4.729, 0.419758 
4.73, 0.419937 
4.731, 0.420117 
4.732, 0.420297 
4.733, 0.420476 
4.734, 0.420656 
4.735, 0.420835 
4.736, 0.421015 
4.737, 0.421194 
4.738, 0.421373 
4.739, 0.421552 
4.74, 0.421731 
4.741, 0.42191 
4.742, 0.422089 
4.743, 0.422268 
4.744, 0.422447 
4.745, 0.422626 
4.746, 0.422805 
4.747, 0.422983 
4.748, 0.423162 
4.749, 0.423341 
4.75, 0.423519 
4.751, 0.423698 
4.752, 0.423876 
4.753, 0.424054 
4.754, 0.424232 
4.755, 0.424411 
4.756, 0.424589 
4.757, 0.424767 
4.758, 0.424945 
4.759, 0.425123 
4.76, 0.4253 
4.761, 0.425478 
4.762, 0.425656 
4.763, 0.425834 
4.764, 0.426011 
4.765, 0.426189 
4.766, 0.426366 
4.767, 0.426543 
4.768, 0.426721 
4.769, 0.426898 
4.77, 0.427075 
4.771, 0.427252 
4.772, 0.427429 
4.773, 0.427606 
4.774, 0.427783 
4.775, 0.42796 
4.776, 0.428137 
4.777, 0.428314 
4.778, 0.428491 
4.779, 0.428667 
4.78, 0.428844 
4.781, 0.42902 
4.782, 0.429197 
4.783, 0.429373 
4.784, 0.429549 
4.785, 0.429726 
4.786, 0.429902 
4.787, 0.430078 
4.788, 0.430254 
4.789, 0.43043 
4.79, 0.430606 
4.791, 0.430782 
4.792, 0.430957 
4.793, 0.431133 
4.794, 0.431309 
4.795, 0.431484 
4.796, 0.43166 
4.797, 0.431835 
4.798, 0.432011 
4.799, 0.432186 
4.8, 0.432361 
4.801, 0.432537 
4.802, 0.432712 
4.803, 0.432887 
4.804, 0.433062 
4.805, 0.433237 
4.806, 0.433412 
4.807, 0.433587 
4.808, 0.433761 
4.809, 0.433936 
4.81, 0.434111 
4.811, 0.434285 
4.812, 0.43446 
4.813, 0.434634 
4.814, 0.434809 
4.815, 0.434983 
4.816, 0.435157 
4.817, 0.435331 
4.818, 0.435506 
4.819, 0.43568 
4.82, 0.435854 
4.821, 0.436028 
4.822, 0.436201 
4.823, 0.436375 
4.824, 0.436549 
4.825, 0.436723 
4.826, 0.436896 
4.827, 0.43707 
4.828, 0.437243 
4.829, 0.437417 
4.83, 0.43759 
4.831, 0.437764 
4.832, 0.437937 
4.833, 0.43811 
4.834, 0.438283 
4.835, 0.438456 
4.836, 0.438629 
4.837, 0.438802 
4.838, 0.438975 
4.839, 0.439148 
4.84, 0.439321 
4.841, 0.439493 
4.842, 0.439666 
4.843, 0.439838 
4.844, 0.440011 
4.845, 0.440183 
4.846, 0.440356 
4.847, 0.440528 
4.848, 0.4407 
4.849, 0.440872 
4.85, 0.441044 
4.851, 0.441217 
4.852, 0.441389 
4.853, 0.44156 
4.854, 0.441732 
4.855, 0.441904 
4.856, 0.442076 
4.857, 0.442247 
4.858, 0.442419 
4.859, 0.442591 
4.86, 0.442762 
4.861, 0.442934 
4.862, 0.443105 
4.863, 0.443276 
4.864, 0.443447 
4.865, 0.443619 
4.866, 0.44379 
4.867, 0.443961 
4.868, 0.444132 
4.869, 0.444303 
4.87, 0.444473 
4.871, 0.444644 
4.872, 0.444815 
4.873, 0.444986 
4.874, 0.445156 
4.875, 0.445327 
4.876, 0.445497 
4.877, 0.445668 
4.878, 0.445838 
4.879, 0.446008 
4.88, 0.446179 
4.881, 0.446349 
4.882, 0.446519 
4.883, 0.446689 
4.884, 0.446859 
4.885, 0.447029 
4.886, 0.447199 
4.887, 0.447368 
4.888, 0.447538 
4.889, 0.447708 
4.89, 0.447877 
4.891, 0.448047 
4.892, 0.448216 
4.893, 0.448386 
4.894, 0.448555 
4.895, 0.448724 
4.896, 0.448894 
4.897, 0.449063 
4.898, 0.449232 
4.899, 0.449401 
4.9, 0.44957 
4.901, 0.449739 
4.902, 0.449908 
4.903, 0.450076 
4.904, 0.450245 
4.905, 0.450414 
4.906, 0.450582 
4.907, 0.450751 
4.908, 0.450919 
4.909, 0.451088 
4.91, 0.451256 
4.911, 0.451424 
4.912, 0.451593 
4.913, 0.451761 
4.914, 0.451929 
4.915, 0.452097 
4.916, 0.452265 
4.917, 0.452433 
4.918, 0.452601 
4.919, 0.452769 
4.92, 0.452936 
4.921, 0.453104 
4.922, 0.453272 
4.923, 0.453439 
4.924, 0.453607 
4.925, 0.453774 
4.926, 0.453941 
4.927, 0.454109 
4.928, 0.454276 
4.929, 0.454443 
4.93, 0.45461 
4.931, 0.454777 
4.932, 0.454944 
4.933, 0.455111 
4.934, 0.455278 
4.935, 0.455445 
4.936, 0.455611 
4.937, 0.455778 
4.938, 0.455945 
4.939, 0.456111 
4.94, 0.456278 
4.941, 0.456444 
4.942, 0.456611 
4.943, 0.456777 
4.944, 0.456943 
4.945, 0.457109 
4.946, 0.457275 
4.947, 0.457441 
4.948, 0.457607 
4.949, 0.457773 
4.95, 0.457939 
4.951, 0.458105 
4.952, 0.458271 
4.953, 0.458436 
4.954, 0.458602 
4.955, 0.458768 
4.956, 0.458933 
4.957, 0.459099 
4.958, 0.459264 
4.959, 0.459429 
4.96, 0.459595 
4.961, 0.45976 
4.962, 0.459925 
4.963, 0.46009 
4.964, 0.460255 
4.965, 0.46042 
4.966, 0.460585 
4.967, 0.46075 
4.968, 0.460914 
4.969, 0.461079 
4.97, 0.461244 
4.971, 0.461408 
4.972, 0.461573 
4.973, 0.461737 
4.974, 0.461902 
4.975, 0.462066 
4.976, 0.46223 
4.977, 0.462395 
4.978, 0.462559 
4.979, 0.462723 
4.98, 0.462887 
4.981, 0.463051 
4.982, 0.463215 
4.983, 0.463378 
4.984, 0.463542 
4.985, 0.463706 
4.986, 0.46387 
4.987, 0.464033 
4.988, 0.464197 
4.989, 0.46436 
4.99, 0.464524 
4.991, 0.464687 
4.992, 0.46485 
4.993, 0.465014 
4.994, 0.465177 
4.995, 0.46534 
4.996, 0.465503 
4.997, 0.465666 
4.998, 0.465829 
4.999, 0.465992 
