0 -nan
0.005 0.0622758
0.01 0.07765
0.015 0.260348
0.02 0.405858
0.025 0.130718
0.03 0.879539
0.035 0.728956
0.04 0.26969
0.045 0.0497247
0.05 0.084601
0.055 0.247683
0.06 0.439865
0.065 0.610671
0.07 0.742179
0.075 0.833017
0.08 0.888592
0.085 0.91616
0.09 0.922654
0.095 0.913923
0.1 0.894595
0.105 0.868197
0.11 0.837349
0.115 0.80396
0.12 0.769401
0.125 0.734635
0.13 0.700329
0.135 0.66693
0.14 0.634727
0.145 0.603896
0.15 0.574529
0.155 0.546664
0.16 0.520296
0.165 0.495395
0.17 0.471913
0.175 0.449789
0.18 0.428956
0.185 0.409347
0.19 0.390889
0.195 0.373514
0.2 0.357154
0.205 0.341745
0.21 0.327225
0.215 0.313536
0.22 0.300623
0.225 0.288435
0.23 0.276924
0.235 0.266045
0.24 0.255756
0.245 0.24602
0.25 0.236799
0.255 0.228061
0.26 0.219775
0.265 0.211911
0.27 0.204444
0.275 0.197347
0.28 0.190599
0.285 0.184179
0.29 0.178065
0.295 0.17224
0.3 0.166686
0.305 0.161388
0.31 0.15633
0.315 0.1515
0.32 0.146883
0.325 0.142468
0.33 0.138244
0.335 0.1342
0.34 0.130326
0.345 0.126613
0.35 0.123053
0.355 0.119638
0.36 0.11636
0.365 0.113211
0.37 0.110186
0.375 0.107278
0.38 0.104482
0.385 0.101791
0.39 0.0992004
0.395 0.096706
0.4 0.0943028
0.405 0.0919865
0.41 0.089753
0.415 0.0875985
0.42 0.0855194
0.425 0.0835123
0.43 0.0815739
0.435 0.0797012
0.44 0.0778913
0.445 0.0761415
0.45 0.0744491
0.455 0.0728117
0.46 0.0712271
0.465 0.0696929
0.47 0.0682071
0.475 0.0667678
0.48 0.0653729
0.485 0.0640208
0.49 0.0627097
0.495 0.0614379
0.5 0.0602041
0.505 0.0590066
0.51 0.0578441
0.515 0.0567152
0.52 0.0556188
0.525 0.0545534
0.53 0.0535181
0.535 0.0525117
0.54 0.0515331
0.545 0.0505814
0.55 0.0496555
0.555 0.0487546
0.56 0.0478778
0.565 0.0470242
0.57 0.046193
0.575 0.0453835
0.58 0.0445949
0.585 0.0438265
0.59 0.0430776
0.595 0.0423476
0.6 0.0416358
0.605 0.0409417
0.61 0.0402647
0.615 0.0396042
0.62 0.0389597
0.625 0.0383307
0.63 0.0377167
0.635 0.0371172
0.64 0.0365318
0.645 0.03596
0.65 0.0354015
0.655 0.0348558
0.66 0.0343225
0.665 0.0338013
0.67 0.0332918
0.675 0.0327937
0.68 0.0323066
0.685 0.0318302
0.69 0.0313642
0.695 0.0309083
0.7 0.0304622
0.705 0.0300256
0.71 0.0295983
0.715 0.02918
0.72 0.0287705
0.725 0.0283694
0.73 0.0279767
0.735 0.027592
0.74 0.0272151
0.745 0.0268459
0.75 0.0264841
0.755 0.0261295
0.76 0.025782
0.765 0.0254413
0.77 0.0251073
0.775 0.0247798
0.78 0.0244586
0.785 0.0241437
0.79 0.0238347
0.795 0.0235316
0.8 0.0232342
0.805 0.0229424
0.81 0.022656
0.815 0.0223749
0.82 0.022099
0.825 0.0218282
0.83 0.0215622
0.835 0.0213011
0.84 0.0210447
0.845 0.0207929
0.85 0.0205455
0.855 0.0203026
0.86 0.0200638
0.865 0.0198293
0.87 0.0195988
0.875 0.0193723
0.88 0.0191497
0.885 0.0189309
0.89 0.0187158
0.895 0.0185043
0.9 0.0182964
0.905 0.018092
0.91 0.017891
0.915 0.0176932
0.92 0.0174988
0.925 0.0173075
0.93 0.0171193
0.935 0.0169341
0.94 0.016752
0.945 0.0165727
0.95 0.0163963
0.955 0.0162227
0.96 0.0160518
0.965 0.0158836
0.97 0.0157181
0.975 0.015555
0.98 0.0153945
0.985 0.0152365
0.99 0.0150809
0.995 0.0149277
1 0.0147767
1.005 0.0146281
1.01 0.0144816
1.015 0.0143374
1.02 0.0141952
1.025 0.0140552
1.03 0.0139173
1.035 0.0137813
1.04 0.0136473
1.045 0.0135153
1.05 0.0133852
1.055 0.0132569
1.06 0.0131305
1.065 0.0130058
1.07 0.0128829
1.075 0.0127618
1.08 0.0126423
1.085 0.0125246
1.09 0.0124084
1.095 0.0122938
1.1 0.0121809
1.105 0.0120694
1.11 0.0119595
1.115 0.0118511
1.12 0.0117442
1.125 0.0116386
1.13 0.0115345
1.135 0.0114318
1.14 0.0113305
1.145 0.0112304
1.15 0.0111317
1.155 0.0110343
1.16 0.0109382
1.165 0.0108433
1.17 0.0107497
1.175 0.0106572
1.18 0.0105659
1.185 0.0104758
1.19 0.0103869
1.195 0.010299
1.2 0.0102123
1.205 0.0101266
1.21 0.0100421
1.215 0.00995856
1.22 0.00987608
1.225 0.00979462
1.23 0.00971416
1.235 0.00963468
1.24 0.00955618
1.245 0.00947863
1.25 0.00940201
1.255 0.00932632
1.26 0.00925154
1.265 0.00917765
1.27 0.00910464
1.275 0.0090325
1.28 0.00896121
1.285 0.00889076
1.29 0.00882114
1.295 0.00875233
1.3 0.00868432
1.305 0.0086171
1.31 0.00855065
1.315 0.00848497
1.32 0.00842004
1.325 0.00835585
1.33 0.0082924
1.335 0.00822966
1.34 0.00816763
1.345 0.00810629
1.35 0.00804565
1.355 0.00798568
1.36 0.00792638
1.365 0.00786773
1.37 0.00780973
1.375 0.00775237
1.38 0.00769564
1.385 0.00763953
1.39 0.00758403
1.395 0.00752913
1.4 0.00747482
1.405 0.0074211
1.41 0.00736795
1.415 0.00731538
1.42 0.00726336
1.425 0.00721189
1.43 0.00716097
1.435 0.00711059
1.44 0.00706073
1.445 0.0070114
1.45 0.00696258
1.455 0.00691426
1.46 0.00686645
1.465 0.00681913
1.47 0.0067723
1.475 0.00672595
1.48 0.00668007
1.485 0.00663466
1.49 0.00658971
1.495 0.00654522
1.5 0.00650117
1.505 0.00645757
1.51 0.0064144
1.515 0.00637166
1.52 0.00632935
1.525 0.00628746
1.53 0.00624598
1.535 0.00620491
1.54 0.00616424
1.545 0.00612398
1.55 0.0060841
1.555 0.00604461
1.56 0.00600551
1.565 0.00596678
1.57 0.00592843
1.575 0.00589044
1.58 0.00585282
1.585 0.00581555
1.59 0.00577864
1.595 0.00574208
1.6 0.00570587
1.605 0.00567
1.61 0.00563446
1.615 0.00559926
1.62 0.00556438
1.625 0.00552983
1.63 0.0054956
1.635 0.00546169
1.64 0.00542809
1.645 0.00539479
1.65 0.00536181
1.655 0.00532912
1.66 0.00529673
1.665 0.00526464
1.67 0.00523283
1.675 0.00520132
1.68 0.00517008
1.685 0.00513913
1.69 0.00510845
1.695 0.00507805
1.7 0.00504792
1.705 0.00501805
1.71 0.00498845
1.715 0.00495911
1.72 0.00493003
1.725 0.0049012
1.73 0.00487263
1.735 0.0048443
1.74 0.00481622
1.745 0.00478838
1.75 0.00476078
1.755 0.00473342
1.76 0.0047063
1.765 0.00467941
1.77 0.00465274
1.775 0.00462631
1.78 0.0046001
1.785 0.00457411
1.79 0.00454834
1.795 0.00452278
1.8 0.00449745
1.805 0.00447232
1.81 0.0044474
1.815 0.00442269
1.82 0.00439819
1.825 0.00437389
1.83 0.00434979
1.835 0.00432589
1.84 0.00430218
1.845 0.00427867
1.85 0.00425535
1.855 0.00423222
1.86 0.00420928
1.865 0.00418652
1.87 0.00416395
1.875 0.00414156
1.88 0.00411935
1.885 0.00409732
1.89 0.00407546
1.895 0.00405378
1.9 0.00403227
1.905 0.00401093
1.91 0.00398976
1.915 0.00396876
1.92 0.00394792
1.925 0.00392725
1.93 0.00390674
1.935 0.00388638
1.94 0.00386619
1.945 0.00384615
1.95 0.00382627
1.955 0.00380655
1.96 0.00378697
1.965 0.00376754
1.97 0.00374827
1.975 0.00372914
1.98 0.00371016
1.985 0.00369132
1.99 0.00367262
1.995 0.00365407
2 0.00363565
2.005 0.00361738
2.01 0.00359924
2.015 0.00358124
2.02 0.00356337
2.025 0.00354564
2.03 0.00352804
2.035 0.00351057
2.04 0.00349322
2.045 0.00347601
2.05 0.00345892
2.055 0.00344196
2.06 0.00342513
2.065 0.00340841
2.07 0.00339182
2.075 0.00337535
2.08 0.003359
2.085 0.00334276
2.09 0.00332665
2.095 0.00331065
2.1 0.00329476
2.105 0.00327899
2.11 0.00326334
2.115 0.00324779
2.12 0.00323236
2.125 0.00321703
2.13 0.00320181
2.135 0.0031867
2.14 0.0031717
2.145 0.00315681
2.15 0.00314201
2.155 0.00312732
2.16 0.00311274
2.165 0.00309825
2.17 0.00308387
2.175 0.00306959
2.18 0.0030554
2.185 0.00304132
2.19 0.00302733
2.195 0.00301343
2.2 0.00299964
2.205 0.00298593
2.21 0.00297232
2.215 0.00295881
2.22 0.00294538
2.225 0.00293205
2.23 0.0029188
2.235 0.00290565
2.24 0.00289258
2.245 0.00287961
2.25 0.00286672
2.255 0.00285391
2.26 0.00284119
2.265 0.00282856
2.27 0.00281601
2.275 0.00280354
2.28 0.00279116
2.285 0.00277886
2.29 0.00276664
2.295 0.0027545
2.3 0.00274243
2.305 0.00273045
2.31 0.00271855
2.315 0.00270672
2.32 0.00269497
2.325 0.0026833
2.33 0.0026717
2.335 0.00266018
2.34 0.00264873
2.345 0.00263736
2.35 0.00262606
2.355 0.00261483
2.36 0.00260367
2.365 0.00259259
2.37 0.00258157
2.375 0.00257063
2.38 0.00255975
2.385 0.00254895
2.39 0.00253821
2.395 0.00252754
2.4 0.00251693
2.405 0.0025064
2.41 0.00249592
2.415 0.00248552
2.42 0.00247518
2.425 0.0024649
2.43 0.00245469
2.435 0.00244454
2.44 0.00243445
2.445 0.00242443
2.45 0.00241447
2.455 0.00240457
2.46 0.00239473
2.465 0.00238495
2.47 0.00237522
2.475 0.00236556
2.48 0.00235596
2.485 0.00234642
2.49 0.00233693
2.495 0.0023275
2.5 0.00231813
2.505 0.00230881
2.51 0.00229956
2.515 0.00229035
2.52 0.0022812
2.525 0.00227211
2.53 0.00226307
2.535 0.00225408
2.54 0.00224515
2.545 0.00223627
2.55 0.00222744
2.555 0.00221867
2.56 0.00220995
2.565 0.00220127
2.57 0.00219265
2.575 0.00218408
2.58 0.00217556
2.585 0.00216709
2.59 0.00215867
2.595 0.0021503
2.6 0.00214197
2.605 0.0021337
2.61 0.00212547
2.615 0.00211729
2.62 0.00210916
2.625 0.00210107
2.63 0.00209303
2.635 0.00208504
2.64 0.00207709
2.645 0.00206919
2.65 0.00206133
2.655 0.00205352
2.66 0.00204575
2.665 0.00203802
2.67 0.00203034
2.675 0.0020227
2.68 0.00201511
2.685 0.00200756
2.69 0.00200005
2.695 0.00199258
2.7 0.00198515
2.705 0.00197777
2.71 0.00197042
2.715 0.00196312
2.72 0.00195586
2.725 0.00194864
2.73 0.00194145
2.735 0.00193431
2.74 0.00192721
2.745 0.00192014
2.75 0.00191312
2.755 0.00190613
2.76 0.00189918
2.765 0.00189227
2.77 0.0018854
2.775 0.00187856
2.78 0.00187176
2.785 0.001865
2.79 0.00185828
2.795 0.00185159
2.8 0.00184493
2.805 0.00183832
2.81 0.00183174
2.815 0.00182519
2.82 0.00181868
2.825 0.0018122
2.83 0.00180576
2.835 0.00179935
2.84 0.00179298
2.845 0.00178664
2.85 0.00178033
2.855 0.00177406
2.86 0.00176782
2.865 0.00176161
2.87 0.00175544
2.875 0.00174929
2.88 0.00174318
2.885 0.00173711
2.89 0.00173106
2.895 0.00172504
2.9 0.00171906
2.905 0.00171311
2.91 0.00170719
2.915 0.0017013
2.92 0.00169544
2.925 0.0016896
2.93 0.0016838
2.935 0.00167803
2.94 0.00167229
2.945 0.00166658
2.95 0.0016609
2.955 0.00165525
2.96 0.00164962
2.965 0.00164403
2.97 0.00163846
2.975 0.00163292
2.98 0.00162741
2.985 0.00162192
2.99 0.00161647
2.995 0.00161104
3 0.00160564
3.005 0.00160027
3.01 0.00159492
3.015 0.0015896
3.02 0.0015843
3.025 0.00157904
3.03 0.0015738
3.035 0.00156858
3.04 0.00156339
3.045 0.00155823
3.05 0.00155309
3.055 0.00154798
3.06 0.00154289
3.065 0.00153783
3.07 0.00153279
3.075 0.00152778
3.08 0.00152279
3.085 0.00151783
3.09 0.00151289
3.095 0.00150797
3.1 0.00150308
3.105 0.00149821
3.11 0.00149337
3.115 0.00148855
3.12 0.00148375
3.125 0.00147897
3.13 0.00147422
3.135 0.00146949
3.14 0.00146479
3.145 0.00146011
3.15 0.00145544
3.155 0.00145081
3.16 0.00144619
3.165 0.00144159
3.17 0.00143702
3.175 0.00143247
3.18 0.00142794
3.185 0.00142343
3.19 0.00141895
3.195 0.00141448
3.2 0.00141004
3.205 0.00140561
3.21 0.00140121
3.215 0.00139683
3.22 0.00139247
3.225 0.00138813
3.23 0.00138381
3.235 0.00137951
3.24 0.00137523
3.245 0.00137096
3.25 0.00136672
3.255 0.0013625
3.26 0.0013583
3.265 0.00135412
3.27 0.00134995
3.275 0.00134581
3.28 0.00134169
3.285 0.00133758
3.29 0.00133349
3.295 0.00132942
3.3 0.00132537
3.305 0.00132134
3.31 0.00131733
3.315 0.00131333
3.32 0.00130936
3.325 0.0013054
3.33 0.00130146
3.335 0.00129753
3.34 0.00129363
3.345 0.00128974
3.35 0.00128587
3.355 0.00128202
3.36 0.00127818
3.365 0.00127437
3.37 0.00127056
3.375 0.00126678
3.38 0.00126301
3.385 0.00125926
3.39 0.00125553
3.395 0.00125181
3.4 0.00124811
3.405 0.00124443
3.41 0.00124076
3.415 0.00123711
3.42 0.00123347
3.425 0.00122985
3.43 0.00122625
3.435 0.00122266
3.44 0.00121908
3.445 0.00121553
3.45 0.00121199
3.455 0.00120846
3.46 0.00120495
3.465 0.00120146
3.47 0.00119797
3.475 0.00119451
3.48 0.00119106
3.485 0.00118763
3.49 0.0011842
3.495 0.0011808
3.5 0.00117741
3.505 0.00117403
3.51 0.00117067
3.515 0.00116732
3.52 0.00116399
3.525 0.00116067
3.53 0.00115737
3.535 0.00115408
3.54 0.0011508
3.545 0.00114754
3.55 0.00114429
3.555 0.00114105
3.56 0.00113783
3.565 0.00113463
3.57 0.00113143
3.575 0.00112825
3.58 0.00112508
3.585 0.00112193
3.59 0.00111879
3.595 0.00111566
3.6 0.00111255
3.605 0.00110945
3.61 0.00110636
3.615 0.00110328
3.62 0.00110022
3.625 0.00109717
3.63 0.00109413
3.635 0.00109111
3.64 0.0010881
3.645 0.0010851
3.65 0.00108211
3.655 0.00107913
3.66 0.00107617
3.665 0.00107322
3.67 0.00107028
3.675 0.00106736
3.68 0.00106444
3.685 0.00106154
3.69 0.00105865
3.695 0.00105577
3.7 0.0010529
3.705 0.00105005
3.71 0.0010472
3.715 0.00104437
3.72 0.00104155
3.725 0.00103874
3.73 0.00103594
3.735 0.00103315
3.74 0.00103038
3.745 0.00102761
3.75 0.00102486
3.755 0.00102212
3.76 0.00101939
3.765 0.00101667
3.77 0.00101396
3.775 0.00101126
3.78 0.00100857
3.785 0.00100589
3.79 0.00100323
3.795 0.00100057
3.8 0.000997925
3.805 0.00099529
3.81 0.000992666
3.815 0.000990052
3.82 0.000987448
3.825 0.000984854
3.83 0.000982271
3.835 0.000979697
3.84 0.000977134
3.845 0.000974581
3.85 0.000972038
3.855 0.000969505
3.86 0.000966981
3.865 0.000964468
3.87 0.000961964
3.875 0.00095947
3.88 0.000956986
3.885 0.000954511
3.89 0.000952046
3.895 0.00094959
3.9 0.000947144
3.905 0.000944708
3.91 0.000942281
3.915 0.000939863
3.92 0.000937454
3.925 0.000935055
3.93 0.000932665
3.935 0.000930284
3.94 0.000927912
3.945 0.000925549
3.95 0.000923195
3.955 0.00092085
3.96 0.000918514
3.965 0.000916187
3.97 0.000913869
3.975 0.000911559
3.98 0.000909259
3.985 0.000906967
3.99 0.000904683
3.995 0.000902409
4 0.000900142
4.005 0.000897885
4.01 0.000895636
4.015 0.000893395
4.02 0.000891162
4.025 0.000888938
4.03 0.000886723
4.035 0.000884515
4.04 0.000882316
4.045 0.000880125
4.05 0.000877942
4.055 0.000875768
4.06 0.000873601
4.065 0.000871442
4.07 0.000869292
4.075 0.000867149
4.08 0.000865014
4.085 0.000862887
4.09 0.000860768
4.095 0.000858657
4.1 0.000856554
4.105 0.000854458
4.11 0.00085237
4.115 0.000850289
4.12 0.000848216
4.125 0.000846151
4.13 0.000844093
4.135 0.000842043
4.14 0.00084
4.145 0.000837965
4.15 0.000835937
4.155 0.000833916
4.16 0.000831903
4.165 0.000829897
4.17 0.000827898
4.175 0.000825906
4.18 0.000823922
4.185 0.000821945
4.19 0.000819974
4.195 0.000818011
4.2 0.000816055
4.205 0.000814106
4.21 0.000812164
4.215 0.000810229
4.22 0.000808301
4.225 0.00080638
4.23 0.000804465
4.235 0.000802557
4.24 0.000800656
4.245 0.000798762
4.25 0.000796875
4.255 0.000794994
4.26 0.00079312
4.265 0.000791252
4.27 0.000789391
4.275 0.000787537
4.28 0.000785689
4.285 0.000783848
4.29 0.000782013
4.295 0.000780184
4.3 0.000778362
4.305 0.000776547
4.31 0.000774737
4.315 0.000772934
4.32 0.000771138
4.325 0.000769347
4.33 0.000767563
4.335 0.000765785
4.34 0.000764013
4.345 0.000762247
4.35 0.000760488
4.355 0.000758734
4.36 0.000756987
4.365 0.000755245
4.37 0.00075351
4.375 0.00075178
4.38 0.000750057
4.385 0.000748339
4.39 0.000746627
4.395 0.000744921
4.4 0.000743221
4.405 0.000741527
4.41 0.000739839
4.415 0.000738156
4.42 0.000736479
4.425 0.000734808
4.43 0.000733142
4.435 0.000731483
4.44 0.000729828
4.445 0.00072818
4.45 0.000726537
4.455 0.000724899
4.46 0.000723267
4.465 0.000721641
4.47 0.00072002
4.475 0.000718404
4.48 0.000716794
4.485 0.000715189
4.49 0.00071359
4.495 0.000711996
4.5 0.000710407
4.505 0.000708824
4.51 0.000707246
4.515 0.000705673
4.52 0.000704106
4.525 0.000702543
4.53 0.000700986
4.535 0.000699434
4.54 0.000697887
4.545 0.000696346
4.55 0.000694809
4.555 0.000693278
4.56 0.000691751
4.565 0.00069023
4.57 0.000688713
4.575 0.000687202
4.58 0.000685696
4.585 0.000684194
4.59 0.000682697
4.595 0.000681206
4.6 0.000679719
4.605 0.000678237
4.61 0.00067676
4.615 0.000675288
4.62 0.00067382
4.625 0.000672358
4.63 0.0006709
4.635 0.000669446
4.64 0.000667998
4.645 0.000666554
4.65 0.000665115
4.655 0.000663681
4.66 0.000662251
4.665 0.000660826
4.67 0.000659405
4.675 0.000657989
4.68 0.000656578
4.685 0.000655171
4.69 0.000653768
4.695 0.00065237
4.7 0.000650977
4.705 0.000649588
4.71 0.000648203
4.715 0.000646823
4.72 0.000645447
4.725 0.000644076
4.73 0.000642709
4.735 0.000641347
4.74 0.000639988
4.745 0.000638634
4.75 0.000637285
4.755 0.000635939
4.76 0.000634598
4.765 0.000633261
4.77 0.000631928
4.775 0.0006306
4.78 0.000629275
4.785 0.000627955
4.79 0.000626639
4.795 0.000625327
4.8 0.00062402
4.805 0.000622716
4.81 0.000621416
4.815 0.000620121
4.82 0.000618829
4.825 0.000617542
4.83 0.000616259
4.835 0.000614979
4.84 0.000613704
4.845 0.000612432
4.85 0.000611165
4.855 0.000609901
4.86 0.000608641
4.865 0.000607386
4.87 0.000606134
4.875 0.000604886
4.88 0.000603641
4.885 0.000602401
4.89 0.000601164
4.895 0.000599932
4.9 0.000598703
4.905 0.000597478
4.91 0.000596256
4.915 0.000595038
4.92 0.000593824
4.925 0.000592614
4.93 0.000591408
4.935 0.000590205
4.94 0.000589006
4.945 0.00058781
4.95 0.000586618
4.955 0.00058543
4.96 0.000584245
4.965 0.000583064
4.97 0.000581886
4.975 0.000580712
4.98 0.000579542
4.985 0.000578375
4.99 0.000577212
4.995 0.000576052
5 0.000574896
5.005 0.000573743
5.01 0.000572593
5.015 0.000571447
5.02 0.000570305
5.025 0.000569166
5.03 0.00056803
5.035 0.000566898
5.04 0.000565769
5.045 0.000564643
5.05 0.000563521
5.055 0.000562402
5.06 0.000561287
5.065 0.000560174
5.07 0.000559065
5.075 0.00055796
5.08 0.000556858
5.085 0.000555758
5.09 0.000554663
5.095 0.00055357
5.1 0.000552481
5.105 0.000551394
5.11 0.000550311
5.115 0.000549232
5.12 0.000548155
5.125 0.000547082
5.13 0.000546011
5.135 0.000544944
5.14 0.00054388
5.145 0.000542819
5.15 0.000541761
5.155 0.000540707
5.16 0.000539655
5.165 0.000538607
5.17 0.000537561
5.175 0.000536519
5.18 0.000535479
5.185 0.000534443
5.19 0.000533409
5.195 0.000532379
5.2 0.000531351
5.205 0.000530327
5.21 0.000529305
5.215 0.000528287
5.22 0.000527271
5.225 0.000526258
5.23 0.000525249
5.235 0.000524242
5.24 0.000523238
5.245 0.000522237
5.25 0.000521238
5.255 0.000520243
5.26 0.00051925
5.265 0.000518261
5.27 0.000517274
5.275 0.00051629
5.28 0.000515308
5.285 0.00051433
5.29 0.000513354
5.295 0.000512381
5.3 0.000511411
5.305 0.000510444
5.31 0.000509479
5.315 0.000508517
5.32 0.000507558
5.325 0.000506602
5.33 0.000505648
5.335 0.000504697
5.34 0.000503748
5.345 0.000502802
5.35 0.000501859
5.355 0.000500919
5.36 0.000499981
5.365 0.000499046
5.37 0.000498113
5.375 0.000497184
5.38 0.000496256
5.385 0.000495331
5.39 0.000494409
5.395 0.00049349
5.4 0.000492573
5.405 0.000491658
5.41 0.000490746
5.415 0.000489837
5.42 0.00048893
5.425 0.000488026
5.43 0.000487124
5.435 0.000486225
5.44 0.000485328
5.445 0.000484433
5.45 0.000483541
5.455 0.000482652
5.46 0.000481765
5.465 0.00048088
5.47 0.000479998
5.475 0.000479119
5.48 0.000478241
5.485 0.000477366
5.49 0.000476494
5.495 0.000475624
5.5 0.000474756
5.505 0.000473891
5.51 0.000473028
5.515 0.000472167
5.52 0.000471309
5.525 0.000470453
5.53 0.000469599
5.535 0.000468748
5.54 0.000467899
5.545 0.000467053
5.55 0.000466208
5.555 0.000465366
5.56 0.000464526
5.565 0.000463689
5.57 0.000462853
5.575 0.00046202
5.58 0.00046119
5.585 0.000460361
5.59 0.000459535
5.595 0.000458711
5.6 0.000457889
5.605 0.000457069
5.61 0.000456252
5.615 0.000455437
5.62 0.000454624
5.625 0.000453813
5.63 0.000453004
5.635 0.000452197
5.64 0.000451393
5.645 0.000450591
5.65 0.00044979
5.655 0.000448992
5.66 0.000448197
5.665 0.000447403
5.67 0.000446611
5.675 0.000445821
5.68 0.000445034
5.685 0.000444249
5.69 0.000443465
5.695 0.000442684
5.7 0.000441905
5.705 0.000441128
5.71 0.000440353
5.715 0.00043958
5.72 0.000438809
5.725 0.00043804
5.73 0.000437273
5.735 0.000436508
5.74 0.000435745
5.745 0.000434984
5.75 0.000434225
5.755 0.000433468
5.76 0.000432713
5.765 0.00043196
5.77 0.000431209
5.775 0.00043046
5.78 0.000429713
5.785 0.000428967
5.79 0.000428224
5.795 0.000427483
5.8 0.000426743
5.805 0.000426006
5.81 0.00042527
5.815 0.000424536
5.82 0.000423805
5.825 0.000423075
5.83 0.000422347
5.835 0.000421621
5.84 0.000420896
5.845 0.000420174
5.85 0.000419453
5.855 0.000418735
5.86 0.000418018
5.865 0.000417303
5.87 0.00041659
5.875 0.000415878
5.88 0.000415169
5.885 0.000414461
5.89 0.000413755
5.895 0.000413051
5.9 0.000412349
5.905 0.000411648
5.91 0.000410949
5.915 0.000410252
5.92 0.000409557
5.925 0.000408864
5.93 0.000408172
5.935 0.000407482
5.94 0.000406794
5.945 0.000406108
5.95 0.000405423
5.955 0.00040474
5.96 0.000404059
5.965 0.000403379
5.97 0.000402702
5.975 0.000402025
5.98 0.000401351
5.985 0.000400678
5.99 0.000400007
5.995 0.000399338
6 0.00039867
6.005 0.000398004
6.01 0.00039734
6.015 0.000396677
6.02 0.000396016
6.025 0.000395357
6.03 0.000394699
6.035 0.000394043
6.04 0.000393389
6.045 0.000392736
6.05 0.000392085
6.055 0.000391435
6.06 0.000390787
6.065 0.000390141
6.07 0.000389496
6.075 0.000388853
6.08 0.000388212
6.085 0.000387572
6.09 0.000386933
6.095 0.000386297
6.1 0.000385661
6.105 0.000385028
6.11 0.000384396
6.115 0.000383765
6.12 0.000383136
6.125 0.000382509
6.13 0.000381883
6.135 0.000381258
6.14 0.000380635
6.145 0.000380014
6.15 0.000379394
6.155 0.000378776
6.16 0.000378159
6.165 0.000377544
6.17 0.00037693
6.175 0.000376318
6.18 0.000375707
6.185 0.000375098
6.19 0.00037449
6.195 0.000373884
6.2 0.000373279
6.205 0.000372675
6.21 0.000372074
6.215 0.000371473
6.22 0.000370874
6.225 0.000370276
6.23 0.00036968
6.235 0.000369086
6.24 0.000368492
6.245 0.0003679
6.25 0.00036731
6.255 0.000366721
6.26 0.000366133
6.265 0.000365547
6.27 0.000364963
6.275 0.000364379
6.28 0.000363797
6.285 0.000363217
6.29 0.000362637
6.295 0.00036206
6.3 0.000361483
6.305 0.000360908
6.31 0.000360335
6.315 0.000359762
6.32 0.000359191
6.325 0.000358622
6.33 0.000358053
6.335 0.000357487
6.34 0.000356921
6.345 0.000356357
6.35 0.000355794
6.355 0.000355232
6.36 0.000354672
6.365 0.000354113
6.37 0.000353556
6.375 0.000353
6.38 0.000352445
6.385 0.000351891
6.39 0.000351339
6.395 0.000350788
6.4 0.000350238
6.405 0.00034969
6.41 0.000349142
6.415 0.000348597
6.42 0.000348052
6.425 0.000347509
6.43 0.000346967
6.435 0.000346426
6.44 0.000345886
6.445 0.000345348
6.45 0.000344811
6.455 0.000344275
6.46 0.000343741
6.465 0.000343208
6.47 0.000342676
6.475 0.000342145
6.48 0.000341615
6.485 0.000341087
6.49 0.00034056
6.495 0.000340034
6.5 0.000339509
6.505 0.000338986
6.51 0.000338464
6.515 0.000337943
6.52 0.000337423
6.525 0.000336904
6.53 0.000336387
6.535 0.000335871
6.54 0.000335355
6.545 0.000334842
6.55 0.000334329
6.555 0.000333817
6.56 0.000333307
6.565 0.000332798
6.57 0.00033229
6.575 0.000331783
6.58 0.000331277
6.585 0.000330773
6.59 0.00033027
6.595 0.000329767
6.6 0.000329266
6.605 0.000328766
6.61 0.000328267
6.615 0.00032777
6.62 0.000327273
6.625 0.000326778
6.63 0.000326284
6.635 0.00032579
6.64 0.000325298
6.645 0.000324807
6.65 0.000324318
6.655 0.000323829
6.66 0.000323341
6.665 0.000322855
6.67 0.000322369
6.675 0.000321885
6.68 0.000321402
6.685 0.00032092
6.69 0.000320439
6.695 0.000319959
6.7 0.00031948
6.705 0.000319002
6.71 0.000318525
6.715 0.000318049
6.72 0.000317575
6.725 0.000317101
6.73 0.000316629
6.735 0.000316157
6.74 0.000315687
6.745 0.000315218
6.75 0.000314749
6.755 0.000314282
6.76 0.000313816
6.765 0.000313351
6.77 0.000312886
6.775 0.000312423
6.78 0.000311961
6.785 0.0003115
6.79 0.00031104
6.795 0.000310581
6.8 0.000310123
6.805 0.000309666
6.81 0.00030921
6.815 0.000308755
6.82 0.000308301
6.825 0.000307848
6.83 0.000307396
6.835 0.000306945
6.84 0.000306495
6.845 0.000306046
6.85 0.000305598
6.855 0.000305151
6.86 0.000304705
6.865 0.00030426
6.87 0.000303816
6.875 0.000303373
6.88 0.000302931
6.885 0.000302489
6.89 0.000302049
6.895 0.00030161
6.9 0.000301172
6.905 0.000300734
6.91 0.000300298
6.915 0.000299862
6.92 0.000299428
6.925 0.000298994
6.93 0.000298562
6.935 0.00029813
6.94 0.000297699
6.945 0.000297269
6.95 0.00029684
6.955 0.000296412
6.96 0.000295985
6.965 0.000295559
6.97 0.000295134
6.975 0.00029471
6.98 0.000294286
6.985 0.000293864
6.99 0.000293442
6.995 0.000293022
7 0.000292602
7.005 0.000292183
7.01 0.000291765
7.015 0.000291348
7.02 0.000290932
7.025 0.000290517
7.03 0.000290102
7.035 0.000289689
7.04 0.000289276
7.045 0.000288865
7.05 0.000288454
7.055 0.000288044
7.06 0.000287635
7.065 0.000287226
7.07 0.000286819
7.075 0.000286413
7.08 0.000286007
7.085 0.000285602
7.09 0.000285198
7.095 0.000284795
7.1 0.000284393
7.105 0.000283992
7.11 0.000283591
7.115 0.000283192
7.12 0.000282793
7.125 0.000282395
7.13 0.000281998
7.135 0.000281601
7.14 0.000281206
7.145 0.000280811
7.15 0.000280418
7.155 0.000280025
7.16 0.000279632
7.165 0.000279241
7.17 0.000278851
7.175 0.000278461
7.18 0.000278072
7.185 0.000277684
7.19 0.000277297
7.195 0.00027691
7.2 0.000276525
7.205 0.00027614
7.21 0.000275756
7.215 0.000275373
7.22 0.00027499
7.225 0.000274609
7.23 0.000274228
7.235 0.000273848
7.24 0.000273469
7.245 0.00027309
7.25 0.000272713
7.255 0.000272336
7.26 0.00027196
7.265 0.000271584
7.27 0.00027121
7.275 0.000270836
7.28 0.000270463
7.285 0.000270091
7.29 0.000269719
7.295 0.000269349
7.3 0.000268979
7.305 0.000268609
7.31 0.000268241
7.315 0.000267873
7.32 0.000267506
7.325 0.00026714
7.33 0.000266775
7.335 0.00026641
7.34 0.000266046
7.345 0.000265683
7.35 0.000265321
7.355 0.000264959
7.36 0.000264598
7.365 0.000264238
7.37 0.000263879
7.375 0.00026352
7.38 0.000263162
7.385 0.000262805
7.39 0.000262448
7.395 0.000262092
7.4 0.000261737
7.405 0.000261383
7.41 0.000261029
7.415 0.000260676
7.42 0.000260324
7.425 0.000259972
7.43 0.000259622
7.435 0.000259272
7.44 0.000258922
7.445 0.000258574
7.45 0.000258226
7.455 0.000257878
7.46 0.000257532
7.465 0.000257186
7.47 0.000256841
7.475 0.000256496
7.48 0.000256152
7.485 0.000255809
7.49 0.000255467
7.495 0.000255125
7.5 0.000254784
7.505 0.000254444
7.51 0.000254104
7.515 0.000253765
7.52 0.000253427
7.525 0.000253089
7.53 0.000252752
7.535 0.000252416
7.54 0.00025208
7.545 0.000251745
7.55 0.000251411
7.555 0.000251077
7.56 0.000250745
7.565 0.000250412
7.57 0.000250081
7.575 0.00024975
7.58 0.000249419
7.585 0.00024909
7.59 0.000248761
7.595 0.000248432
7.6 0.000248105
7.605 0.000247778
7.61 0.000247451
7.615 0.000247125
7.62 0.0002468
7.625 0.000246476
7.63 0.000246152
7.635 0.000245829
7.64 0.000245506
7.645 0.000245184
7.65 0.000244863
7.655 0.000244542
7.66 0.000244222
7.665 0.000243903
7.67 0.000243584
7.675 0.000243266
7.68 0.000242948
7.685 0.000242631
7.69 0.000242315
7.695 0.000241999
7.7 0.000241684
7.705 0.00024137
7.71 0.000241056
7.715 0.000240743
7.72 0.00024043
7.725 0.000240118
7.73 0.000239807
7.735 0.000239496
7.74 0.000239186
7.745 0.000238876
7.75 0.000238567
7.755 0.000238259
7.76 0.000237951
7.765 0.000237644
7.77 0.000237337
7.775 0.000237031
7.78 0.000236726
7.785 0.000236421
7.79 0.000236117
7.795 0.000235813
7.8 0.00023551
7.805 0.000235207
7.81 0.000234906
7.815 0.000234604
7.82 0.000234304
7.825 0.000234003
7.83 0.000233704
7.835 0.000233405
7.84 0.000233106
7.845 0.000232808
7.85 0.000232511
7.855 0.000232214
7.86 0.000231918
7.865 0.000231623
7.87 0.000231328
7.875 0.000231033
7.88 0.000230739
7.885 0.000230446
7.89 0.000230153
7.895 0.000229861
7.9 0.000229569
7.905 0.000229278
7.91 0.000228988
7.915 0.000228698
7.92 0.000228408
7.925 0.000228119
7.93 0.000227831
7.935 0.000227543
7.94 0.000227256
7.945 0.000226969
7.95 0.000226683
7.955 0.000226397
7.96 0.000226112
7.965 0.000225828
7.97 0.000225544
7.975 0.00022526
7.98 0.000224977
7.985 0.000224695
7.99 0.000224413
7.995 0.000224131
8 0.000223851
8.005 0.00022357
8.01 0.00022329
8.015 0.000223011
8.02 0.000222732
8.025 0.000222454
8.03 0.000222177
8.035 0.000221899
8.04 0.000221623
8.045 0.000221347
8.05 0.000221071
8.055 0.000220796
8.06 0.000220521
8.065 0.000220247
8.07 0.000219974
8.075 0.000219701
8.08 0.000219428
8.085 0.000219156
8.09 0.000218884
8.095 0.000218613
8.1 0.000218343
8.105 0.000218073
8.11 0.000217803
8.115 0.000217534
8.12 0.000217266
8.125 0.000216998
8.13 0.00021673
8.135 0.000216463
8.14 0.000216197
8.145 0.000215931
8.15 0.000215665
8.155 0.0002154
8.16 0.000215135
8.165 0.000214871
8.17 0.000214608
8.175 0.000214344
8.18 0.000214082
8.185 0.00021382
8.19 0.000213558
8.195 0.000213297
8.2 0.000213036
8.205 0.000212776
8.21 0.000212516
8.215 0.000212257
8.22 0.000211998
8.225 0.000211739
8.23 0.000211482
8.235 0.000211224
8.24 0.000210967
8.245 0.000210711
8.25 0.000210455
8.255 0.000210199
8.26 0.000209944
8.265 0.00020969
8.27 0.000209435
8.275 0.000209182
8.28 0.000208929
8.285 0.000208676
8.29 0.000208423
8.295 0.000208172
8.3 0.00020792
8.305 0.000207669
8.31 0.000207419
8.315 0.000207169
8.32 0.000206919
8.325 0.00020667
8.33 0.000206421
8.335 0.000206173
8.34 0.000205925
8.345 0.000205678
8.35 0.000205431
8.355 0.000205185
8.36 0.000204939
8.365 0.000204693
8.37 0.000204448
8.375 0.000204203
8.38 0.000203959
8.385 0.000203715
8.39 0.000203472
8.395 0.000203229
8.4 0.000202987
8.405 0.000202744
8.41 0.000202503
8.415 0.000202262
8.42 0.000202021
8.425 0.000201781
8.43 0.000201541
8.435 0.000201301
8.44 0.000201062
8.445 0.000200824
8.45 0.000200585
8.455 0.000200348
8.46 0.00020011
8.465 0.000199873
8.47 0.000199637
8.475 0.000199401
8.48 0.000199165
8.485 0.00019893
8.49 0.000198695
8.495 0.00019846
8.5 0.000198226
8.505 0.000197993
8.51 0.00019776
8.515 0.000197527
8.52 0.000197294
8.525 0.000197063
8.53 0.000196831
8.535 0.0001966
8.54 0.000196369
8.545 0.000196139
8.55 0.000195909
8.555 0.000195679
8.56 0.00019545
8.565 0.000195222
8.57 0.000194993
8.575 0.000194765
8.58 0.000194538
8.585 0.000194311
8.59 0.000194084
8.595 0.000193858
8.6 0.000193632
8.605 0.000193406
8.61 0.000193181
8.615 0.000192956
8.62 0.000192732
8.625 0.000192508
8.63 0.000192284
8.635 0.000192061
8.64 0.000191839
8.645 0.000191616
8.65 0.000191394
8.655 0.000191172
8.66 0.000190951
8.665 0.00019073
8.67 0.00019051
8.675 0.00019029
8.68 0.00019007
8.685 0.000189851
8.69 0.000189632
8.695 0.000189413
8.7 0.000189195
8.705 0.000188977
8.71 0.00018876
8.715 0.000188543
8.72 0.000188326
8.725 0.00018811
8.73 0.000187894
8.735 0.000187678
8.74 0.000187463
8.745 0.000187248
8.75 0.000187034
8.755 0.00018682
8.76 0.000186606
8.765 0.000186392
8.77 0.000186179
8.775 0.000185967
8.78 0.000185755
8.785 0.000185543
8.79 0.000185331
8.795 0.00018512
8.8 0.000184909
8.805 0.000184699
8.81 0.000184488
8.815 0.000184279
8.82 0.000184069
8.825 0.00018386
8.83 0.000183652
8.835 0.000183443
8.84 0.000183235
8.845 0.000183028
8.85 0.00018282
8.855 0.000182614
8.86 0.000182407
8.865 0.000182201
8.87 0.000181995
8.875 0.000181789
8.88 0.000181584
8.885 0.000181379
8.89 0.000181175
8.895 0.000180971
8.9 0.000180767
8.905 0.000180564
8.91 0.000180361
8.915 0.000180158
8.92 0.000179955
8.925 0.000179753
8.93 0.000179552
8.935 0.00017935
8.94 0.000179149
8.945 0.000178948
8.95 0.000178748
8.955 0.000178548
8.96 0.000178348
8.965 0.000178149
8.97 0.00017795
8.975 0.000177751
8.98 0.000177553
8.985 0.000177355
8.99 0.000177157
8.995 0.00017696
9 0.000176763
9.005 0.000176566
9.01 0.00017637
9.015 0.000176174
9.02 0.000175978
9.025 0.000175782
9.03 0.000175587
9.035 0.000175393
9.04 0.000175198
9.045 0.000175004
9.05 0.00017481
9.055 0.000174617
9.06 0.000174424
9.065 0.000174231
9.07 0.000174038
9.075 0.000173846
9.08 0.000173654
9.085 0.000173463
9.09 0.000173271
9.095 0.000173081
9.1 0.00017289
9.105 0.0001727
9.11 0.00017251
9.115 0.00017232
9.12 0.000172131
9.125 0.000171942
9.13 0.000171753
9.135 0.000171564
9.14 0.000171376
9.145 0.000171189
9.15 0.000171001
9.155 0.000170814
9.16 0.000170627
9.165 0.00017044
9.17 0.000170254
9.175 0.000170068
9.18 0.000169883
9.185 0.000169697
9.19 0.000169512
9.195 0.000169327
9.2 0.000169143
9.205 0.000168959
9.21 0.000168775
9.215 0.000168592
9.22 0.000168408
9.225 0.000168225
9.23 0.000168043
9.235 0.00016786
9.24 0.000167678
9.245 0.000167497
9.25 0.000167315
9.255 0.000167134
9.26 0.000166953
9.265 0.000166773
9.27 0.000166592
9.275 0.000166412
9.28 0.000166233
9.285 0.000166053
9.29 0.000165874
9.295 0.000165695
9.3 0.000165517
9.305 0.000165338
9.31 0.00016516
9.315 0.000164983
9.32 0.000164805
9.325 0.000164628
9.33 0.000164451
9.335 0.000164275
9.34 0.000164099
9.345 0.000163923
9.35 0.000163747
9.355 0.000163572
9.36 0.000163397
9.365 0.000163222
9.37 0.000163047
9.375 0.000162873
9.38 0.000162699
9.385 0.000162525
9.39 0.000162352
9.395 0.000162179
9.4 0.000162006
9.405 0.000161833
9.41 0.000161661
9.415 0.000161489
9.42 0.000161317
9.425 0.000161145
9.43 0.000160974
9.435 0.000160803
9.44 0.000160632
9.445 0.000160462
9.45 0.000160292
9.455 0.000160122
9.46 0.000159952
9.465 0.000159783
9.47 0.000159614
9.475 0.000159445
9.48 0.000159277
9.485 0.000159108
9.49 0.00015894
9.495 0.000158773
9.5 0.000158605
9.505 0.000158438
9.51 0.000158271
9.515 0.000158104
9.52 0.000157938
9.525 0.000157772
9.53 0.000157606
9.535 0.00015744
9.54 0.000157275
9.545 0.00015711
9.55 0.000156945
9.555 0.00015678
9.56 0.000156616
9.565 0.000156452
9.57 0.000156288
9.575 0.000156125
9.58 0.000155961
9.585 0.000155798
9.59 0.000155635
9.595 0.000155473
9.6 0.000155311
9.605 0.000155149
9.61 0.000154987
9.615 0.000154825
9.62 0.000154664
9.625 0.000154503
9.63 0.000154342
9.635 0.000154182
9.64 0.000154022
9.645 0.000153862
9.65 0.000153702
9.655 0.000153542
9.66 0.000153383
9.665 0.000153224
9.67 0.000153065
9.675 0.000152907
9.68 0.000152748
9.685 0.00015259
9.69 0.000152433
9.695 0.000152275
9.7 0.000152118
9.705 0.000151961
9.71 0.000151804
9.715 0.000151647
9.72 0.000151491
9.725 0.000151335
9.73 0.000151179
9.735 0.000151023
9.74 0.000150868
9.745 0.000150713
9.75 0.000150558
9.755 0.000150403
9.76 0.000150249
9.765 0.000150095
9.77 0.000149941
9.775 0.000149787
9.78 0.000149634
9.785 0.000149481
9.79 0.000149328
9.795 0.000149175
9.8 0.000149022
9.805 0.00014887
9.81 0.000148718
9.815 0.000148566
9.82 0.000148415
9.825 0.000148263
9.83 0.000148112
9.835 0.000147961
9.84 0.00014781
9.845 0.00014766
9.85 0.00014751
9.855 0.00014736
9.86 0.00014721
9.865 0.000147061
9.87 0.000146911
9.875 0.000146762
9.88 0.000146613
9.885 0.000146465
9.89 0.000146316
9.895 0.000146168
9.9 0.00014602
9.905 0.000145873
9.91 0.000145725
9.915 0.000145578
9.92 0.000145431
9.925 0.000145284
9.93 0.000145137
9.935 0.000144991
9.94 0.000144845
9.945 0.000144699
9.95 0.000144553
9.955 0.000144408
9.96 0.000144263
9.965 0.000144117
9.97 0.000143973
9.975 0.000143828
9.98 0.000143684
9.985 0.000143539
9.99 0.000143395
9.995 0.000143252
