0 -nan
0.005 0.216752
0.01 0.234507
0.015 0.530037
0.02 0.0925112
0.025 0.459562
0.03 0.348832
0.035 0.117631
0.04 0.52943
0.045 0.0522119
0.05 0.282529
0.055 0.0737804
0.06 0.207934
0.065 0.535073
0.07 0.246507
0.075 0.00843325
0.08 0.0515713
0.085 0.0225174
0.09 0.227536
0.095 0.856866
0.1 0.518482
0.105 0.1908
0.11 0.917363
0.115 0.0950096
0.12 0.878509
0.125 0.330411
0.13 0.399548
0.135 0.943219
0.14 0.11847
0.145 0.448474
0.15 0.982044
0.155 0.381697
0.16 0.0703968
0.165 0.640259
0.17 0.964348
0.175 0.536046
0.18 0.0708157
0.185 0.191424
0.19 0.676646
0.195 0.943358
0.2 0.747942
0.205 0.323542
0.21 0.0502388
0.215 0.115778
0.22 0.430829
0.225 0.761209
0.23 0.908746
0.235 0.813714
0.24 0.550784
0.245 0.25948
0.25 0.0660644
0.255 0.0346914
0.26 0.157773
0.265 0.375696
0.27 0.60874
0.275 0.786321
0.28 0.86525
0.285 0.835203
0.29 0.714052
0.295 0.537498
0.3 0.347351
0.305 0.181563
0.31 0.0676461
0.315 0.0197903
0.32 0.0391321
0.325 0.116194
0.33 0.234442
0.335 0.374057
0.34 0.515277
0.345 0.640937
0.35 0.73808
0.355 0.798676
0.36 0.819596
0.365 0.802048
0.37 0.750687
0.375 0.672561
0.38 0.57607
0.385 0.470013
0.39 0.362811
0.395 0.261922
0.4 0.17345
0.405 0.101945
0.41 0.0503456
0.415 0.020054
0.42 0.0110935
0.425 0.022324
0.43 0.0516866
0.435 0.0964556
0.44 0.153479
0.445 0.219398
0.45 0.290837
0.455 0.364556
0.46 0.437575
0.465 0.507259
0.47 0.571373
0.475 0.628114
0.48 0.676116
0.485 0.714439
0.49 0.742541
0.495 0.760243
0.5 0.767689
0.505 0.765291
0.51 0.753689
0.515 0.733701
0.52 0.706272
0.525 0.672442
0.53 0.6333
0.535 0.589951
0.54 0.543494
0.545 0.494989
0.55 0.445443
0.555 0.395795
0.56 0.3469
0.565 0.299526
0.57 0.254347
0.575 0.211943
0.58 0.172796
0.585 0.137299
0.59 0.105754
0.595 0.0783783
0.6 0.0553127
0.605 0.0366255
0.61 0.0223203
0.615 0.0123428
0.62 0.00658805
0.625 0.00490734
0.63 0.00711482
0.635 0.012994
0.64 0.0223037
0.645 0.0347837
0.65 0.0501599
0.655 0.0681492
0.66 0.0884633
0.665 0.110813
0.67 0.134911
0.675 0.160474
0.68 0.187229
0.685 0.21491
0.69 0.243263
0.695 0.272046
0.7 0.301032
0.705 0.330007
0.71 0.358773
0.715 0.387148
0.72 0.414963
0.725 0.442068
0.73 0.468324
0.735 0.493612
0.74 0.517822
0.745 0.540863
0.75 0.562655
0.755 0.58313
0.76 0.602235
0.765 0.619927
0.77 0.636173
0.775 0.650951
0.78 0.664249
0.785 0.676063
0.79 0.686396
0.795 0.69526
0.8 0.702671
0.805 0.708655
0.81 0.71324
0.815 0.716459
0.82 0.718351
0.825 0.718956
0.83 0.718319
0.835 0.716488
0.84 0.713512
0.845 0.709441
0.85 0.704328
0.855 0.698226
0.86 0.69119
0.865 0.683274
0.87 0.674532
0.875 0.66502
0.88 0.654791
0.885 0.643898
0.89 0.632395
0.895 0.620334
0.9 0.607765
0.905 0.594737
0.91 0.581301
0.915 0.567501
0.92 0.553385
0.925 0.538996
0.93 0.524377
0.935 0.509568
0.94 0.49461
0.945 0.479539
0.95 0.464392
0.955 0.449204
0.96 0.434006
0.965 0.418831
0.97 0.403707
0.975 0.388662
0.98 0.373723
0.985 0.358915
0.99 0.34426
0.995 0.32978
1 0.315496
1.005 0.301426
1.01 0.287588
1.015 0.273998
1.02 0.260671
1.025 0.24762
1.03 0.234858
1.035 0.222396
1.04 0.210245
1.045 0.198412
1.05 0.186908
1.055 0.175737
1.06 0.164908
1.065 0.154424
1.07 0.144291
1.075 0.134512
1.08 0.12509
1.085 0.116027
1.09 0.107324
1.095 0.0989834
1.1 0.091004
1.105 0.0833859
1.11 0.0761281
1.115 0.0692294
1.12 0.0626878
1.125 0.056501
1.13 0.0506664
1.135 0.0451808
1.14 0.0400407
1.145 0.0352425
1.15 0.030782
1.155 0.0266549
1.16 0.0228565
1.165 0.019382
1.17 0.0162264
1.175 0.0133844
1.18 0.0108506
1.185 0.00861941
1.19 0.00668512
1.195 0.00504192
1.2 0.00368387
1.205 0.00260496
1.21 0.00179909
1.215 0.0012601
1.22 0.000981798
1.225 0.000957931
1.23 0.00118223
1.235 0.00164842
1.24 0.00235021
1.245 0.0032813
1.25 0.00443542
1.255 0.00580632
1.26 0.00738776
1.265 0.00917355
1.27 0.0111575
1.275 0.0133336
1.28 0.0156957
1.285 0.0182378
1.29 0.020954
1.295 0.0238384
1.3 0.0268853
1.305 0.0300888
1.31 0.0334433
1.315 0.0369433
1.32 0.0405832
1.325 0.0443577
1.33 0.0482615
1.335 0.0522892
1.34 0.0564357
1.345 0.0606961
1.35 0.0650653
1.355 0.0695385
1.36 0.0741108
1.365 0.0787777
1.37 0.0835345
1.375 0.0883768
1.38 0.0933002
1.385 0.0983002
1.39 0.103373
1.395 0.108514
1.4 0.11372
1.405 0.118986
1.41 0.124308
1.415 0.129684
1.42 0.135109
1.425 0.14058
1.43 0.146093
1.435 0.151645
1.44 0.157233
1.445 0.162853
1.45 0.168503
1.455 0.174179
1.46 0.179878
1.465 0.185598
1.47 0.191336
1.475 0.197089
1.48 0.202854
1.485 0.20863
1.49 0.214413
1.495 0.220201
1.5 0.225991
1.505 0.231783
1.51 0.237573
1.515 0.243359
1.52 0.24914
1.525 0.254913
1.53 0.260676
1.535 0.266428
1.54 0.272167
1.545 0.277891
1.55 0.283599
1.555 0.289288
1.56 0.294958
1.565 0.300607
1.57 0.306234
1.575 0.311837
1.58 0.317414
1.585 0.322966
1.59 0.32849
1.595 0.333985
1.6 0.33945
1.605 0.344885
1.61 0.350287
1.615 0.355657
1.62 0.360993
1.625 0.366294
1.63 0.37156
1.635 0.37679
1.64 0.381982
1.645 0.387137
1.65 0.392253
1.655 0.39733
1.66 0.402367
1.665 0.407365
1.67 0.412321
1.675 0.417236
1.68 0.422108
1.685 0.426939
1.69 0.431727
1.695 0.436472
1.7 0.441173
1.705 0.44583
1.71 0.450443
1.715 0.455012
1.72 0.459536
1.725 0.464014
1.73 0.468448
1.735 0.472836
1.74 0.477179
1.745 0.481476
1.75 0.485727
1.755 0.489932
1.76 0.49409
1.765 0.498203
1.77 0.502269
1.775 0.506289
1.78 0.510263
1.785 0.51419
1.79 0.518071
1.795 0.521906
1.8 0.525694
1.805 0.529437
1.81 0.533132
1.815 0.536782
1.82 0.540386
1.825 0.543944
1.83 0.547455
1.835 0.550922
1.84 0.554342
1.845 0.557717
1.85 0.561047
1.855 0.564331
1.86 0.567571
1.865 0.570766
1.87 0.573916
1.875 0.577021
1.88 0.580082
1.885 0.5831
1.89 0.586073
1.895 0.589003
1.9 0.591889
1.905 0.594732
1.91 0.597532
1.915 0.60029
1.92 0.603005
1.925 0.605678
1.93 0.608309
1.935 0.610898
1.94 0.613446
1.945 0.615952
1.95 0.618418
1.955 0.620843
1.96 0.623227
1.965 0.625572
1.97 0.627877
1.975 0.630142
1.98 0.632368
1.985 0.634556
1.99 0.636704
1.995 0.638815
2 0.640887
2.005 0.642921
2.01 0.644919
2.015 0.646879
2.02 0.648802
2.025 0.650688
2.03 0.652539
2.035 0.654353
2.04 0.656132
2.045 0.657876
2.05 0.659585
2.055 0.661259
2.06 0.662898
2.065 0.664504
2.07 0.666075
2.075 0.667614
2.08 0.669119
2.085 0.670591
2.09 0.672031
2.095 0.673439
2.1 0.674814
2.105 0.676158
2.11 0.677471
2.115 0.678753
2.12 0.680004
2.125 0.681224
2.13 0.682415
2.135 0.683576
2.14 0.684707
2.145 0.685809
2.15 0.686882
2.155 0.687926
2.16 0.688943
2.165 0.689931
2.17 0.690891
2.175 0.691824
2.18 0.69273
2.185 0.693609
2.19 0.694461
2.195 0.695287
2.2 0.696088
2.205 0.696862
2.21 0.697611
2.215 0.698335
2.22 0.699034
2.225 0.699708
2.23 0.700358
2.235 0.700984
2.24 0.701586
2.245 0.702164
2.25 0.702719
2.255 0.703252
2.26 0.703761
2.265 0.704248
2.27 0.704713
2.275 0.705156
2.28 0.705577
2.285 0.705976
2.29 0.706355
2.295 0.706712
2.3 0.707049
2.305 0.707365
2.31 0.707661
2.315 0.707938
2.32 0.708194
2.325 0.708431
2.33 0.708648
2.335 0.708847
2.34 0.709027
2.345 0.709188
2.35 0.709331
2.355 0.709455
2.36 0.709562
2.365 0.709651
2.37 0.709723
2.375 0.709778
2.38 0.709815
2.385 0.709836
2.39 0.70984
2.395 0.709827
2.4 0.709799
2.405 0.709755
2.41 0.709694
2.415 0.709619
2.42 0.709528
2.425 0.709421
2.43 0.7093
2.435 0.709164
2.44 0.709014
2.445 0.708849
2.45 0.708669
2.455 0.708476
2.46 0.708269
2.465 0.708049
2.47 0.707815
2.475 0.707568
2.48 0.707307
2.485 0.707034
2.49 0.706748
2.495 0.70645
2.5 0.706139
2.505 0.705816
2.51 0.70548
2.515 0.705133
2.52 0.704775
2.525 0.704404
2.53 0.704023
2.535 0.70363
2.54 0.703226
2.545 0.702811
2.55 0.702385
2.555 0.701949
2.56 0.701502
2.565 0.701045
2.57 0.700578
2.575 0.700101
2.58 0.699614
2.585 0.699117
2.59 0.69861
2.595 0.698095
2.6 0.69757
2.605 0.697035
2.61 0.696492
2.615 0.69594
2.62 0.695379
2.625 0.69481
2.63 0.694232
2.635 0.693645
2.64 0.693051
2.645 0.692448
2.65 0.691837
2.655 0.691219
2.66 0.690593
2.665 0.689959
2.67 0.689317
2.675 0.688669
2.68 0.688013
2.685 0.687349
2.69 0.686679
2.695 0.686002
2.7 0.685318
2.705 0.684628
2.71 0.683931
2.715 0.683227
2.72 0.682517
2.725 0.681801
2.73 0.681079
2.735 0.68035
2.74 0.679616
2.745 0.678875
2.75 0.678129
2.755 0.677378
2.76 0.676621
2.765 0.675858
2.77 0.67509
2.775 0.674316
2.78 0.673538
2.785 0.672754
2.79 0.671966
2.795 0.671172
2.8 0.670374
2.805 0.669571
2.81 0.668763
2.815 0.667951
2.82 0.667135
2.825 0.666313
2.83 0.665488
2.835 0.664658
2.84 0.663825
2.845 0.662987
2.85 0.662145
2.855 0.661299
2.86 0.66045
2.865 0.659596
2.87 0.65874
2.875 0.657879
2.88 0.657015
2.885 0.656147
2.89 0.655276
2.895 0.654402
2.9 0.653524
2.905 0.652644
2.91 0.65176
2.915 0.650873
2.92 0.649983
2.925 0.64909
2.93 0.648195
2.935 0.647296
2.94 0.646395
2.945 0.645491
2.95 0.644585
2.955 0.643676
2.96 0.642765
2.965 0.641851
2.97 0.640935
2.975 0.640016
2.98 0.639096
2.985 0.638173
2.99 0.637248
2.995 0.636321
3 0.635391
3.005 0.63446
3.01 0.633527
3.015 0.632592
3.02 0.631656
3.025 0.630717
3.03 0.629777
3.035 0.628835
3.04 0.627892
3.045 0.626947
3.05 0.626
3.055 0.625052
3.06 0.624103
3.065 0.623152
3.07 0.6222
3.075 0.621247
3.08 0.620292
3.085 0.619336
3.09 0.618379
3.095 0.617421
3.1 0.616462
3.105 0.615502
3.11 0.614541
3.115 0.613579
3.12 0.612616
3.125 0.611652
3.13 0.610687
3.135 0.609721
3.14 0.608755
3.145 0.607788
3.15 0.606821
3.155 0.605852
3.16 0.604883
3.165 0.603914
3.17 0.602944
3.175 0.601973
3.18 0.601002
3.185 0.600031
3.19 0.599059
3.195 0.598087
3.2 0.597114
3.205 0.596142
3.21 0.595168
3.215 0.594195
3.22 0.593222
3.225 0.592248
3.23 0.591274
3.235 0.5903
3.24 0.589326
3.245 0.588352
3.25 0.587377
3.255 0.586403
3.26 0.585429
3.265 0.584455
3.27 0.583481
3.275 0.582507
3.28 0.581533
3.285 0.580559
3.29 0.579586
3.295 0.578612
3.3 0.577639
3.305 0.576666
3.31 0.575694
3.315 0.574721
3.32 0.573749
3.325 0.572778
3.33 0.571806
3.335 0.570835
3.34 0.569865
3.345 0.568895
3.35 0.567925
3.355 0.566956
3.36 0.565987
3.365 0.565019
3.37 0.564052
3.375 0.563084
3.38 0.562118
3.385 0.561152
3.39 0.560187
3.395 0.559222
3.4 0.558258
3.405 0.557294
3.41 0.556332
3.415 0.55537
3.42 0.554408
3.425 0.553448
3.43 0.552488
3.435 0.551529
3.44 0.55057
3.445 0.549613
3.45 0.548656
3.455 0.5477
3.46 0.546745
3.465 0.545791
3.47 0.544838
3.475 0.543885
3.48 0.542934
3.485 0.541983
3.49 0.541033
3.495 0.540084
3.5 0.539137
3.505 0.53819
3.51 0.537244
3.515 0.536299
3.52 0.535355
3.525 0.534412
3.53 0.53347
3.535 0.532529
3.54 0.53159
3.545 0.530651
3.55 0.529713
3.555 0.528777
3.56 0.527841
3.565 0.526907
3.57 0.525974
3.575 0.525042
3.58 0.524111
3.585 0.523181
3.59 0.522252
3.595 0.521325
3.6 0.520398
3.605 0.519473
3.61 0.518549
3.615 0.517626
3.62 0.516705
3.625 0.515785
3.63 0.514866
3.635 0.513948
3.64 0.513031
3.645 0.512116
3.65 0.511202
3.655 0.510289
3.66 0.509377
3.665 0.508467
3.67 0.507558
3.675 0.50665
3.68 0.505744
3.685 0.504839
3.69 0.503935
3.695 0.503033
3.7 0.502132
3.705 0.501232
3.71 0.500334
3.715 0.499437
3.72 0.498541
3.725 0.497647
3.73 0.496754
3.735 0.495862
3.74 0.494972
3.745 0.494083
3.75 0.493196
3.755 0.49231
3.76 0.491425
3.765 0.490542
3.77 0.48966
3.775 0.488779
3.78 0.4879
3.785 0.487023
3.79 0.486147
3.795 0.485272
3.8 0.484399
3.805 0.483527
3.81 0.482657
3.815 0.481788
3.82 0.48092
3.825 0.480054
3.83 0.47919
3.835 0.478326
3.84 0.477465
3.845 0.476605
3.85 0.475746
3.855 0.474889
3.86 0.474033
3.865 0.473179
3.87 0.472326
3.875 0.471475
3.88 0.470625
3.885 0.469776
3.89 0.46893
3.895 0.468084
3.9 0.46724
3.905 0.466398
3.91 0.465557
3.915 0.464718
3.92 0.46388
3.925 0.463044
3.93 0.462209
3.935 0.461376
3.94 0.460544
3.945 0.459714
3.95 0.458885
3.955 0.458058
3.96 0.457232
3.965 0.456408
3.97 0.455585
3.975 0.454764
3.98 0.453945
3.985 0.453127
3.99 0.45231
3.995 0.451495
4 0.450681
4.005 0.44987
4.01 0.449059
4.015 0.44825
4.02 0.447443
4.025 0.446637
4.03 0.445833
4.035 0.44503
4.04 0.444229
4.045 0.443429
4.05 0.442631
4.055 0.441834
4.06 0.441039
4.065 0.440246
4.07 0.439454
4.075 0.438663
4.08 0.437875
4.085 0.437087
4.09 0.436301
4.095 0.435517
4.1 0.434734
4.105 0.433953
4.11 0.433173
4.115 0.432395
4.12 0.431619
4.125 0.430844
4.13 0.43007
4.135 0.429298
4.14 0.428528
4.145 0.427759
4.15 0.426991
4.155 0.426226
4.16 0.425461
4.165 0.424698
4.17 0.423937
4.175 0.423177
4.18 0.422419
4.185 0.421663
4.19 0.420907
4.195 0.420154
4.2 0.419402
4.205 0.418651
4.21 0.417902
4.215 0.417155
4.22 0.416409
4.225 0.415664
4.23 0.414921
4.235 0.41418
4.24 0.41344
4.245 0.412702
4.25 0.411965
4.255 0.411229
4.26 0.410496
4.265 0.409763
4.27 0.409032
4.275 0.408303
4.28 0.407575
4.285 0.406849
4.29 0.406124
4.295 0.405401
4.3 0.404679
4.305 0.403959
4.31 0.40324
4.315 0.402523
4.32 0.401807
4.325 0.401093
4.33 0.40038
4.335 0.399669
4.34 0.398959
4.345 0.398251
4.35 0.397544
4.355 0.396839
4.36 0.396135
4.365 0.395432
4.37 0.394731
4.375 0.394032
4.38 0.393334
4.385 0.392638
4.39 0.391943
4.395 0.391249
4.4 0.390557
4.405 0.389866
4.41 0.389177
4.415 0.38849
4.42 0.387803
4.425 0.387119
4.43 0.386435
4.435 0.385753
4.44 0.385073
4.445 0.384394
4.45 0.383717
4.455 0.383041
4.46 0.382366
4.465 0.381693
4.47 0.381021
4.475 0.380351
4.48 0.379682
4.485 0.379015
4.49 0.378349
4.495 0.377684
4.5 0.377021
4.505 0.376359
4.51 0.375699
4.515 0.37504
4.52 0.374383
4.525 0.373727
4.53 0.373072
4.535 0.372419
4.54 0.371767
4.545 0.371117
4.55 0.370468
4.555 0.36982
4.56 0.369174
4.565 0.368529
4.57 0.367886
4.575 0.367244
4.58 0.366603
4.585 0.365964
4.59 0.365326
4.595 0.36469
4.6 0.364055
4.605 0.363421
4.61 0.362789
4.615 0.362158
4.62 0.361528
4.625 0.3609
4.63 0.360273
4.635 0.359648
4.64 0.359024
4.645 0.358401
4.65 0.357779
4.655 0.357159
4.66 0.356541
4.665 0.355923
4.67 0.355307
4.675 0.354693
4.68 0.354079
4.685 0.353467
4.69 0.352857
4.695 0.352247
4.7 0.351639
4.705 0.351033
4.71 0.350428
4.715 0.349823
4.72 0.349221
4.725 0.348619
4.73 0.348019
4.735 0.347421
4.74 0.346823
4.745 0.346227
4.75 0.345632
4.755 0.345039
4.76 0.344447
4.765 0.343856
4.77 0.343266
4.775 0.342678
4.78 0.342091
4.785 0.341505
4.79 0.34092
4.795 0.340337
4.8 0.339755
4.805 0.339175
4.81 0.338595
4.815 0.338017
4.82 0.33744
4.825 0.336865
4.83 0.336291
4.835 0.335718
4.84 0.335146
4.845 0.334575
4.85 0.334006
4.855 0.333438
4.86 0.332871
4.865 0.332306
4.87 0.331741
4.875 0.331178
4.88 0.330617
4.885 0.330056
4.89 0.329497
4.895 0.328939
4.9 0.328382
4.905 0.327826
4.91 0.327272
4.915 0.326718
4.92 0.326166
4.925 0.325616
4.93 0.325066
4.935 0.324518
4.94 0.32397
4.945 0.323424
4.95 0.32288
4.955 0.322336
4.96 0.321794
4.965 0.321253
4.97 0.320713
4.975 0.320174
4.98 0.319636
4.985 0.3191
4.99 0.318564
4.995 0.31803
5 0.317497
5.005 0.316966
5.01 0.316435
5.015 0.315906
5.02 0.315378
5.025 0.31485
5.03 0.314325
5.035 0.3138
5.04 0.313276
5.045 0.312754
5.05 0.312232
5.055 0.311712
5.06 0.311193
5.065 0.310675
5.07 0.310159
5.075 0.309643
5.08 0.309128
5.085 0.308615
5.09 0.308103
5.095 0.307592
5.1 0.307082
5.105 0.306573
5.11 0.306065
5.115 0.305559
5.12 0.305053
5.125 0.304549
5.13 0.304045
5.135 0.303543
5.14 0.303042
5.145 0.302542
5.15 0.302043
5.155 0.301545
5.16 0.301049
5.165 0.300553
5.17 0.300058
5.175 0.299565
5.18 0.299073
5.185 0.298581
5.19 0.298091
5.195 0.297602
5.2 0.297114
5.205 0.296627
5.21 0.296141
5.215 0.295656
5.22 0.295172
5.225 0.294689
5.23 0.294208
5.235 0.293727
5.24 0.293248
5.245 0.292769
5.25 0.292291
5.255 0.291815
5.26 0.29134
5.265 0.290865
5.27 0.290392
5.275 0.28992
5.28 0.289448
5.285 0.288978
5.29 0.288509
5.295 0.288041
5.3 0.287573
5.305 0.287107
5.31 0.286642
5.315 0.286178
5.32 0.285715
5.325 0.285253
5.33 0.284792
5.335 0.284332
5.34 0.283872
5.345 0.283414
5.35 0.282957
5.355 0.282501
5.36 0.282046
5.365 0.281592
5.37 0.281139
5.375 0.280687
5.38 0.280235
5.385 0.279785
5.39 0.279336
5.395 0.278888
5.4 0.278441
5.405 0.277994
5.41 0.277549
5.415 0.277105
5.42 0.276661
5.425 0.276219
5.43 0.275777
5.435 0.275337
5.44 0.274897
5.445 0.274459
5.45 0.274021
5.455 0.273584
5.46 0.273148
5.465 0.272714
5.47 0.27228
5.475 0.271847
5.48 0.271415
5.485 0.270984
5.49 0.270554
5.495 0.270124
5.5 0.269696
5.505 0.269269
5.51 0.268842
5.515 0.268417
5.52 0.267992
5.525 0.267569
5.53 0.267146
5.535 0.266724
5.54 0.266303
5.545 0.265883
5.55 0.265464
5.555 0.265046
5.56 0.264628
5.565 0.264212
5.57 0.263796
5.575 0.263382
5.58 0.262968
5.585 0.262555
5.59 0.262143
5.595 0.261732
5.6 0.261322
5.605 0.260912
5.61 0.260504
5.615 0.260096
5.62 0.25969
5.625 0.259284
5.63 0.258879
5.635 0.258475
5.64 0.258072
5.645 0.257669
5.65 0.257268
5.655 0.256867
5.66 0.256467
5.665 0.256068
5.67 0.25567
5.675 0.255273
5.68 0.254877
5.685 0.254481
5.69 0.254086
5.695 0.253692
5.7 0.253299
5.705 0.252907
5.71 0.252516
5.715 0.252125
5.72 0.251736
5.725 0.251347
5.73 0.250959
5.735 0.250572
5.74 0.250185
5.745 0.2498
5.75 0.249415
5.755 0.249031
5.76 0.248648
5.765 0.248266
5.77 0.247884
5.775 0.247504
5.78 0.247124
5.785 0.246745
5.79 0.246367
5.795 0.245989
5.8 0.245612
5.805 0.245237
5.81 0.244862
5.815 0.244487
5.82 0.244114
5.825 0.243741
5.83 0.243369
5.835 0.242998
5.84 0.242628
5.845 0.242258
5.85 0.24189
5.855 0.241522
5.86 0.241154
5.865 0.240788
5.87 0.240422
5.875 0.240057
5.88 0.239693
5.885 0.23933
5.89 0.238967
5.895 0.238605
5.9 0.238244
5.905 0.237884
5.91 0.237525
5.915 0.237166
5.92 0.236808
5.925 0.23645
5.93 0.236094
5.935 0.235738
5.94 0.235383
5.945 0.235029
5.95 0.234675
5.955 0.234322
5.96 0.23397
5.965 0.233619
5.97 0.233268
5.975 0.232918
5.98 0.232569
5.985 0.232221
5.99 0.231873
5.995 0.231526
6 0.23118
6.005 0.230834
6.01 0.230489
6.015 0.230145
6.02 0.229802
6.025 0.229459
6.03 0.229117
6.035 0.228776
6.04 0.228436
6.045 0.228096
6.05 0.227757
6.055 0.227418
6.06 0.227081
6.065 0.226743
6.07 0.226407
6.075 0.226072
6.08 0.225737
6.085 0.225402
6.09 0.225069
6.095 0.224736
6.1 0.224404
6.105 0.224072
6.11 0.223742
6.115 0.223412
6.12 0.223082
6.125 0.222753
6.13 0.222425
6.135 0.222098
6.14 0.221771
6.145 0.221445
6.15 0.22112
6.155 0.220795
6.16 0.220471
6.165 0.220148
6.17 0.219825
6.175 0.219503
6.18 0.219182
6.185 0.218861
6.19 0.218541
6.195 0.218221
6.2 0.217903
6.205 0.217585
6.21 0.217267
6.215 0.21695
6.22 0.216634
6.225 0.216319
6.23 0.216004
6.235 0.21569
6.24 0.215376
6.245 0.215063
6.25 0.214751
6.255 0.214439
6.26 0.214128
6.265 0.213818
6.27 0.213508
6.275 0.213199
6.28 0.21289
6.285 0.212583
6.29 0.212275
6.295 0.211969
6.3 0.211663
6.305 0.211357
6.31 0.211053
6.315 0.210749
6.32 0.210445
6.325 0.210142
6.33 0.20984
6.335 0.209538
6.34 0.209237
6.345 0.208937
6.35 0.208637
6.355 0.208338
6.36 0.208039
6.365 0.207741
6.37 0.207444
6.375 0.207147
6.38 0.20685
6.385 0.206555
6.39 0.20626
6.395 0.205965
6.4 0.205672
6.405 0.205378
6.41 0.205086
6.415 0.204794
6.42 0.204502
6.425 0.204211
6.43 0.203921
6.435 0.203631
6.44 0.203342
6.445 0.203053
6.45 0.202765
6.455 0.202478
6.46 0.202191
6.465 0.201905
6.47 0.201619
6.475 0.201334
6.48 0.20105
6.485 0.200766
6.49 0.200482
6.495 0.200199
6.5 0.199917
6.505 0.199635
6.51 0.199354
6.515 0.199074
6.52 0.198793
6.525 0.198514
6.53 0.198235
6.535 0.197957
6.54 0.197679
6.545 0.197402
6.55 0.197125
6.555 0.196849
6.56 0.196573
6.565 0.196298
6.57 0.196024
6.575 0.19575
6.58 0.195476
6.585 0.195203
6.59 0.194931
6.595 0.194659
6.6 0.194388
6.605 0.194117
6.61 0.193847
6.615 0.193577
6.62 0.193308
6.625 0.193039
6.63 0.192771
6.635 0.192504
6.64 0.192237
6.645 0.19197
6.65 0.191704
6.655 0.191439
6.66 0.191174
6.665 0.190909
6.67 0.190646
6.675 0.190382
6.68 0.190119
6.685 0.189857
6.69 0.189595
6.695 0.189334
6.7 0.189073
6.705 0.188813
6.71 0.188553
6.715 0.188294
6.72 0.188035
6.725 0.187777
6.73 0.187519
6.735 0.187262
6.74 0.187005
6.745 0.186749
6.75 0.186493
6.755 0.186238
6.76 0.185983
6.765 0.185729
6.77 0.185475
6.775 0.185222
6.78 0.184969
6.785 0.184717
6.79 0.184465
6.795 0.184214
6.8 0.183963
6.805 0.183712
6.81 0.183463
6.815 0.183213
6.82 0.182964
6.825 0.182716
6.83 0.182468
6.835 0.182221
6.84 0.181974
6.845 0.181727
6.85 0.181481
6.855 0.181236
6.86 0.180991
6.865 0.180746
6.87 0.180502
6.875 0.180258
6.88 0.180015
6.885 0.179772
6.89 0.17953
6.895 0.179288
6.9 0.179047
6.905 0.178806
6.91 0.178566
6.915 0.178326
6.92 0.178086
6.925 0.177847
6.93 0.177609
6.935 0.177371
6.94 0.177133
6.945 0.176896
6.95 0.176659
6.955 0.176423
6.96 0.176187
6.965 0.175952
6.97 0.175717
6.975 0.175482
6.98 0.175248
6.985 0.175015
6.99 0.174782
6.995 0.174549
7 0.174317
7.005 0.174085
7.01 0.173854
7.015 0.173623
7.02 0.173392
7.025 0.173162
7.03 0.172933
7.035 0.172703
7.04 0.172475
7.045 0.172246
7.05 0.172018
7.055 0.171791
7.06 0.171564
7.065 0.171337
7.07 0.171111
7.075 0.170886
7.08 0.17066
7.085 0.170435
7.09 0.170211
7.095 0.169987
7.1 0.169763
7.105 0.16954
7.11 0.169317
7.115 0.169095
7.12 0.168873
7.125 0.168652
7.13 0.16843
7.135 0.16821
7.14 0.16799
7.145 0.16777
7.15 0.16755
7.155 0.167331
7.16 0.167113
7.165 0.166894
7.17 0.166677
7.175 0.166459
7.18 0.166242
7.185 0.166026
7.19 0.16581
7.195 0.165594
7.2 0.165378
7.205 0.165163
7.21 0.164949
7.215 0.164735
7.22 0.164521
7.225 0.164308
7.23 0.164095
7.235 0.163882
7.24 0.16367
7.245 0.163458
7.25 0.163247
7.255 0.163036
7.26 0.162825
7.265 0.162615
7.27 0.162405
7.275 0.162196
7.28 0.161987
7.285 0.161778
7.29 0.16157
7.295 0.161362
7.3 0.161154
7.305 0.160947
7.31 0.16074
7.315 0.160534
7.32 0.160328
7.325 0.160123
7.33 0.159917
7.335 0.159712
7.34 0.159508
7.345 0.159304
7.35 0.1591
7.355 0.158897
7.36 0.158694
7.365 0.158491
7.37 0.158289
7.375 0.158087
7.38 0.157886
7.385 0.157685
7.39 0.157484
7.395 0.157284
7.4 0.157084
7.405 0.156884
7.41 0.156685
7.415 0.156486
7.42 0.156287
7.425 0.156089
7.43 0.155891
7.435 0.155694
7.44 0.155497
7.445 0.1553
7.45 0.155104
7.455 0.154908
7.46 0.154712
7.465 0.154517
7.47 0.154322
7.475 0.154127
7.48 0.153933
7.485 0.153739
7.49 0.153545
7.495 0.153352
7.5 0.153159
7.505 0.152967
7.51 0.152775
7.515 0.152583
7.52 0.152392
7.525 0.1522
7.53 0.15201
7.535 0.151819
7.54 0.151629
7.545 0.15144
7.55 0.15125
7.555 0.151061
7.56 0.150872
7.565 0.150684
7.57 0.150496
7.575 0.150308
7.58 0.150121
7.585 0.149934
7.59 0.149747
7.595 0.149561
7.6 0.149375
7.605 0.149189
7.61 0.149004
7.615 0.148819
7.62 0.148634
7.625 0.14845
7.63 0.148266
7.635 0.148082
7.64 0.147899
7.645 0.147716
7.65 0.147533
7.655 0.147351
7.66 0.147169
7.665 0.146987
7.67 0.146806
7.675 0.146625
7.68 0.146444
7.685 0.146264
7.69 0.146083
7.695 0.145904
7.7 0.145724
7.705 0.145545
7.71 0.145366
7.715 0.145188
7.72 0.14501
7.725 0.144832
7.73 0.144654
7.735 0.144477
7.74 0.1443
7.745 0.144123
7.75 0.143947
7.755 0.143771
7.76 0.143595
7.765 0.14342
7.77 0.143245
7.775 0.14307
7.78 0.142896
7.785 0.142722
7.79 0.142548
7.795 0.142374
7.8 0.142201
7.805 0.142028
7.81 0.141855
7.815 0.141683
7.82 0.141511
7.825 0.141339
7.83 0.141168
7.835 0.140997
7.84 0.140826
7.845 0.140656
7.85 0.140485
7.855 0.140316
7.86 0.140146
7.865 0.139977
7.87 0.139808
7.875 0.139639
7.88 0.13947
7.885 0.139302
7.89 0.139135
7.895 0.138967
7.9 0.1388
7.905 0.138633
7.91 0.138466
7.915 0.1383
7.92 0.138134
7.925 0.137968
7.93 0.137802
7.935 0.137637
7.94 0.137472
7.945 0.137308
7.95 0.137143
7.955 0.136979
7.96 0.136815
7.965 0.136652
7.97 0.136489
7.975 0.136326
7.98 0.136163
7.985 0.136001
7.99 0.135838
7.995 0.135677
8 0.135515
8.005 0.135354
8.01 0.135193
8.015 0.135032
8.02 0.134872
8.025 0.134712
8.03 0.134552
8.035 0.134392
8.04 0.134233
8.045 0.134074
8.05 0.133915
8.055 0.133756
8.06 0.133598
8.065 0.13344
8.07 0.133283
8.075 0.133125
8.08 0.132968
8.085 0.132811
8.09 0.132654
8.095 0.132498
8.1 0.132342
8.105 0.132186
8.11 0.132031
8.115 0.131875
8.12 0.13172
8.125 0.131566
8.13 0.131411
8.135 0.131257
8.14 0.131103
8.145 0.130949
8.15 0.130796
8.155 0.130643
8.16 0.13049
8.165 0.130337
8.17 0.130185
8.175 0.130033
8.18 0.129881
8.185 0.129729
8.19 0.129578
8.195 0.129427
8.2 0.129276
8.205 0.129125
8.21 0.128975
8.215 0.128825
8.22 0.128675
8.225 0.128525
8.23 0.128376
8.235 0.128227
8.24 0.128078
8.245 0.12793
8.25 0.127781
8.255 0.127633
8.26 0.127485
8.265 0.127338
8.27 0.12719
8.275 0.127043
8.28 0.126897
8.285 0.12675
8.29 0.126604
8.295 0.126458
8.3 0.126312
8.305 0.126166
8.31 0.126021
8.315 0.125876
8.32 0.125731
8.325 0.125586
8.33 0.125442
8.335 0.125298
8.34 0.125154
8.345 0.12501
8.35 0.124867
8.355 0.124723
8.36 0.12458
8.365 0.124438
8.37 0.124295
8.375 0.124153
8.38 0.124011
8.385 0.123869
8.39 0.123728
8.395 0.123586
8.4 0.123445
8.405 0.123305
8.41 0.123164
8.415 0.123024
8.42 0.122884
8.425 0.122744
8.43 0.122604
8.435 0.122465
8.44 0.122325
8.445 0.122186
8.45 0.122048
8.455 0.121909
8.46 0.121771
8.465 0.121633
8.47 0.121495
8.475 0.121357
8.48 0.12122
8.485 0.121083
8.49 0.120946
8.495 0.120809
8.5 0.120673
8.505 0.120537
8.51 0.120401
8.515 0.120265
8.52 0.120129
8.525 0.119994
8.53 0.119859
8.535 0.119724
8.54 0.119589
8.545 0.119455
8.55 0.119321
8.555 0.119187
8.56 0.119053
8.565 0.118919
8.57 0.118786
8.575 0.118653
8.58 0.11852
8.585 0.118387
8.59 0.118255
8.595 0.118122
8.6 0.11799
8.605 0.117858
8.61 0.117727
8.615 0.117595
8.62 0.117464
8.625 0.117333
8.63 0.117202
8.635 0.117072
8.64 0.116941
8.645 0.116811
8.65 0.116681
8.655 0.116552
8.66 0.116422
8.665 0.116293
8.67 0.116164
8.675 0.116035
8.68 0.115906
8.685 0.115778
8.69 0.11565
8.695 0.115521
8.7 0.115394
8.705 0.115266
8.71 0.115139
8.715 0.115011
8.72 0.114884
8.725 0.114758
8.73 0.114631
8.735 0.114505
8.74 0.114378
8.745 0.114252
8.75 0.114127
8.755 0.114001
8.76 0.113876
8.765 0.11375
8.77 0.113625
8.775 0.113501
8.78 0.113376
8.785 0.113252
8.79 0.113127
8.795 0.113003
8.8 0.11288
8.805 0.112756
8.81 0.112633
8.815 0.112509
8.82 0.112386
8.825 0.112264
8.83 0.112141
8.835 0.112019
8.84 0.111896
8.845 0.111774
8.85 0.111653
8.855 0.111531
8.86 0.111409
8.865 0.111288
8.87 0.111167
8.875 0.111046
8.88 0.110926
8.885 0.110805
8.89 0.110685
8.895 0.110565
8.9 0.110445
8.905 0.110325
8.91 0.110206
8.915 0.110086
8.92 0.109967
8.925 0.109848
8.93 0.109729
8.935 0.109611
8.94 0.109492
8.945 0.109374
8.95 0.109256
8.955 0.109138
8.96 0.109021
8.965 0.108903
8.97 0.108786
8.975 0.108669
8.98 0.108552
8.985 0.108435
8.99 0.108319
8.995 0.108202
9 0.108086
9.005 0.10797
9.01 0.107854
9.015 0.107739
9.02 0.107623
9.025 0.107508
9.03 0.107393
9.035 0.107278
9.04 0.107163
9.045 0.107049
9.05 0.106934
9.055 0.10682
9.06 0.106706
9.065 0.106592
9.07 0.106478
9.075 0.106365
9.08 0.106252
9.085 0.106139
9.09 0.106026
9.095 0.105913
9.1 0.1058
9.105 0.105688
9.11 0.105576
9.115 0.105463
9.12 0.105352
9.125 0.10524
9.13 0.105128
9.135 0.105017
9.14 0.104906
9.145 0.104795
9.15 0.104684
9.155 0.104573
9.16 0.104463
9.165 0.104352
9.17 0.104242
9.175 0.104132
9.18 0.104022
9.185 0.103912
9.19 0.103803
9.195 0.103694
9.2 0.103584
9.205 0.103475
9.21 0.103367
9.215 0.103258
9.22 0.103149
9.225 0.103041
9.23 0.102933
9.235 0.102825
9.24 0.102717
9.245 0.102609
9.25 0.102502
9.255 0.102395
9.26 0.102287
9.265 0.10218
9.27 0.102074
9.275 0.101967
9.28 0.10186
9.285 0.101754
9.29 0.101648
9.295 0.101542
9.3 0.101436
9.305 0.10133
9.31 0.101225
9.315 0.101119
9.32 0.101014
9.325 0.100909
9.33 0.100804
9.335 0.100699
9.34 0.100595
9.345 0.10049
9.35 0.100386
9.355 0.100282
9.36 0.100178
9.365 0.100074
9.37 0.0999707
9.375 0.0998672
9.38 0.0997639
9.385 0.0996608
9.39 0.0995577
9.395 0.0994549
9.4 0.0993522
9.405 0.0992497
9.41 0.0991473
9.415 0.0990451
9.42 0.098943
9.425 0.0988411
9.43 0.0987393
9.435 0.0986377
9.44 0.0985362
9.445 0.0984349
9.45 0.0983338
9.455 0.0982328
9.46 0.0981319
9.465 0.0980312
9.47 0.0979307
9.475 0.0978303
9.48 0.0977301
9.485 0.09763
9.49 0.09753
9.495 0.0974302
9.5 0.0973306
9.505 0.0972311
9.51 0.0971318
9.515 0.0970326
9.52 0.0969335
9.525 0.0968346
9.53 0.0967359
9.535 0.0966373
9.54 0.0965388
9.545 0.0964405
9.55 0.0963424
9.555 0.0962444
9.56 0.0961465
9.565 0.0960488
9.57 0.0959512
9.575 0.0958538
9.58 0.0957565
9.585 0.0956593
9.59 0.0955623
9.595 0.0954655
9.6 0.0953688
9.605 0.0952722
9.61 0.0951758
9.615 0.0950795
9.62 0.0949834
9.625 0.0948874
9.63 0.0947915
9.635 0.0946958
9.64 0.0946003
9.645 0.0945048
9.65 0.0944096
9.655 0.0943144
9.66 0.0942194
9.665 0.0941246
9.67 0.0940298
9.675 0.0939353
9.68 0.0938408
9.685 0.0937465
9.69 0.0936524
9.695 0.0935583
9.7 0.0934645
9.705 0.0933707
9.71 0.0932771
9.715 0.0931836
9.72 0.0930903
9.725 0.0929971
9.73 0.092904
9.735 0.0928111
9.74 0.0927183
9.745 0.0926257
9.75 0.0925332
9.755 0.0924408
9.76 0.0923486
9.765 0.0922564
9.77 0.0921645
9.775 0.0920726
9.78 0.0919809
9.785 0.0918894
9.79 0.0917979
9.795 0.0917066
9.8 0.0916155
9.805 0.0915244
9.81 0.0914335
9.815 0.0913427
9.82 0.0912521
9.825 0.0911616
9.83 0.0910712
9.835 0.090981
9.84 0.0908909
9.845 0.0908009
9.85 0.0907111
9.855 0.0906213
9.86 0.0905317
9.865 0.0904423
9.87 0.090353
9.875 0.0902638
9.88 0.0901747
9.885 0.0900858
9.89 0.0899969
9.895 0.0899083
9.9 0.0898197
9.905 0.0897313
9.91 0.089643
9.915 0.0895548
9.92 0.0894668
9.925 0.0893789
9.93 0.0892911
9.935 0.0892034
9.94 0.0891159
9.945 0.0890285
9.95 0.0889412
9.955 0.088854
9.96 0.088767
9.965 0.0886801
9.97 0.0885933
9.975 0.0885066
9.98 0.0884201
9.985 0.0883337
9.99 0.0882474
9.995 0.0881613
