0 -nan
0.005 0.978569
0.01 0.420434
0.015 0.0551229
0.02 0.121271
0.025 0.759238
0.03 0.0411091
0.035 0.0433986
0.04 0.612286
0.045 0.03273
0.05 0.377145
0.055 0.158826
0.06 0.063935
0.065 0.707868
0.07 0.0814164
0.075 0.546841
0.08 0.650797
0.085 0.467093
0.09 0.0886443
0.095 0.146404
0.1 0.661935
0.105 0.0816894
0.11 0.46207
0.115 0.136033
0.12 0.493528
0.125 0.00785929
0.13 0.499967
0.135 0.22025
0.14 0.0592218
0.145 0.466902
0.15 0.324996
0.155 0.011455
0.16 0.20112
0.165 0.47205
0.17 0.347283
0.175 0.065956
0.18 0.0400408
0.185 0.270808
0.19 0.461308
0.195 0.41686
0.2 0.207433
0.205 0.034172
0.21 0.0306684
0.215 0.180825
0.22 0.368322
0.225 0.475152
0.23 0.450383
0.235 0.320915
0.24 0.159455
0.245 0.0405098
0.25 0.00852258
0.255 0.0673909
0.26 0.188225
0.265 0.326412
0.27 0.439098
0.275 0.49737
0.28 0.491198
0.285 0.428036
0.29 0.327425
0.295 0.214147
0.3 0.111966
0.305 0.0391453
0.31 0.00613514
0.315 0.0152603
0.32 0.0618822
0.325 0.136423
0.33 0.226676
0.335 0.31997
0.34 0.404898
0.345 0.472497
0.35 0.516866
0.355 0.535279
0.36 0.52793
0.365 0.497419
0.37 0.448101
0.375 0.385408
0.38 0.315211
0.385 0.243269
0.39 0.174807
0.395 0.114214
0.4 0.0648646
0.405 0.0290509
0.41 0.00800173
0.415 0.00196721
0.42 0.0103507
0.425 0.0318672
0.43 0.0647124
0.435 0.10673
0.44 0.155569
0.445 0.208819
0.45 0.26413
0.455 0.319304
0.46 0.372364
0.465 0.421607
0.47 0.465628
0.475 0.503334
0.48 0.533941
0.485 0.556962
0.49 0.57218
0.495 0.579628
0.5 0.579546
0.505 0.572358
0.51 0.558631
0.515 0.539042
0.52 0.51435
0.525 0.485364
0.53 0.452918
0.535 0.417849
0.54 0.380975
0.545 0.343082
0.55 0.304908
0.555 0.267137
0.56 0.230388
0.565 0.19521
0.57 0.162084
0.575 0.131417
0.58 0.103543
0.585 0.0787308
0.59 0.0571798
0.595 0.0390284
0.6 0.0243569
0.605 0.0131927
0.61 0.00551562
0.615 0.00126279
0.62 0.000334234
0.625 0.00259791
0.63 0.00789474
0.635 0.0160434
0.64 0.0268447
0.645 0.040086
0.65 0.0555447
0.655 0.0729921
0.66 0.0921963
0.665 0.112925
0.67 0.134949
0.675 0.158042
0.68 0.181985
0.685 0.206567
0.69 0.231584
0.695 0.256845
0.7 0.282168
0.705 0.307384
0.71 0.332333
0.715 0.356871
0.72 0.380864
0.725 0.404191
0.73 0.426743
0.735 0.448423
0.74 0.469146
0.745 0.488837
0.75 0.507433
0.755 0.524881
0.76 0.541138
0.765 0.556169
0.77 0.569951
0.775 0.582465
0.78 0.593702
0.785 0.60366
0.79 0.612342
0.795 0.61976
0.8 0.625927
0.805 0.630865
0.81 0.634598
0.815 0.637154
0.82 0.638566
0.825 0.638868
0.83 0.638099
0.835 0.636297
0.84 0.633505
0.845 0.629765
0.85 0.625123
0.855 0.619622
0.86 0.613311
0.865 0.606233
0.87 0.598437
0.875 0.589968
0.88 0.580873
0.885 0.571198
0.89 0.560987
0.895 0.550285
0.9 0.539136
0.905 0.527583
0.91 0.515668
0.915 0.50343
0.92 0.490911
0.925 0.478147
0.93 0.465176
0.935 0.452034
0.94 0.438755
0.945 0.425372
0.95 0.411916
0.955 0.398419
0.96 0.384908
0.965 0.371412
0.97 0.357955
0.975 0.344564
0.98 0.331262
0.985 0.31807
0.99 0.305009
0.995 0.292099
1 0.279359
1.005 0.266804
1.01 0.254452
1.015 0.242317
1.02 0.230412
1.025 0.21875
1.03 0.207342
1.035 0.1962
1.04 0.185332
1.045 0.174747
1.05 0.164453
1.055 0.154457
1.06 0.144764
1.065 0.13538
1.07 0.12631
1.075 0.117557
1.08 0.109124
1.085 0.101014
1.09 0.0932285
1.095 0.0857687
1.1 0.0786354
1.105 0.0718287
1.11 0.0653484
1.115 0.0591936
1.12 0.0533631
1.125 0.0478553
1.13 0.0426683
1.135 0.0377995
1.14 0.0332464
1.145 0.0290059
1.15 0.0250747
1.155 0.0214493
1.16 0.0181259
1.165 0.0151004
1.17 0.0123686
1.175 0.00992615
1.18 0.00776835
1.185 0.00589049
1.19 0.00428768
1.195 0.00295491
1.2 0.00188706
1.205 0.00107892
1.21 0.000525173
1.215 0.000220457
1.22 0.000159337
1.225 0.00033633
1.23 0.000745917
1.235 0.00138255
1.24 0.00224065
1.245 0.00331465
1.25 0.00459896
1.255 0.00608799
1.26 0.00777618
1.265 0.00965798
1.27 0.0117279
1.275 0.0139803
1.28 0.0164099
1.285 0.0190112
1.29 0.0217788
1.295 0.0247074
1.3 0.0277917
1.305 0.0310265
1.31 0.0344067
1.315 0.0379271
1.32 0.0415827
1.325 0.0453686
1.33 0.0492798
1.335 0.0533116
1.34 0.0574592
1.345 0.0617179
1.35 0.0660832
1.355 0.0705505
1.36 0.0751154
1.365 0.0797736
1.37 0.0845207
1.375 0.0893526
1.38 0.0942652
1.385 0.0992545
1.39 0.104316
1.395 0.109447
1.4 0.114643
1.405 0.1199
1.41 0.125215
1.415 0.130585
1.42 0.136005
1.425 0.141472
1.43 0.146984
1.435 0.152536
1.44 0.158127
1.445 0.163752
1.45 0.169409
1.455 0.175094
1.46 0.180806
1.465 0.186541
1.47 0.192297
1.475 0.198071
1.48 0.20386
1.485 0.209662
1.49 0.215475
1.495 0.221296
1.5 0.227124
1.505 0.232955
1.51 0.238788
1.515 0.244621
1.52 0.250452
1.525 0.256278
1.53 0.262098
1.535 0.267911
1.54 0.273714
1.545 0.279506
1.55 0.285284
1.555 0.291048
1.56 0.296797
1.565 0.302527
1.57 0.308239
1.575 0.31393
1.58 0.3196
1.585 0.325247
1.59 0.33087
1.595 0.336468
1.6 0.342039
1.605 0.347583
1.61 0.353098
1.615 0.358583
1.62 0.364039
1.625 0.369462
1.63 0.374854
1.635 0.380212
1.64 0.385536
1.645 0.390826
1.65 0.39608
1.655 0.401298
1.66 0.406479
1.665 0.411623
1.67 0.416728
1.675 0.421796
1.68 0.426824
1.685 0.431812
1.69 0.43676
1.695 0.441668
1.7 0.446534
1.705 0.451359
1.71 0.456143
1.715 0.460884
1.72 0.465583
1.725 0.470239
1.73 0.474852
1.735 0.479422
1.74 0.483948
1.745 0.48843
1.75 0.492869
1.755 0.497263
1.76 0.501614
1.765 0.505919
1.77 0.510181
1.775 0.514397
1.78 0.518569
1.785 0.522697
1.79 0.526779
1.795 0.530817
1.8 0.534809
1.805 0.538757
1.81 0.54266
1.815 0.546518
1.82 0.550332
1.825 0.5541
1.83 0.557824
1.835 0.561503
1.84 0.565138
1.845 0.568728
1.85 0.572273
1.855 0.575775
1.86 0.579232
1.865 0.582645
1.87 0.586014
1.875 0.589339
1.88 0.592621
1.885 0.59586
1.89 0.599055
1.895 0.602207
1.9 0.605316
1.905 0.608382
1.91 0.611406
1.915 0.614387
1.92 0.617326
1.925 0.620224
1.93 0.623079
1.935 0.625893
1.94 0.628666
1.945 0.631398
1.95 0.634089
1.955 0.63674
1.96 0.63935
1.965 0.64192
1.97 0.64445
1.975 0.64694
1.98 0.649392
1.985 0.651804
1.99 0.654178
1.995 0.656513
2 0.658809
2.005 0.661068
2.01 0.663289
2.015 0.665472
2.02 0.667619
2.025 0.669728
2.03 0.671801
2.035 0.673838
2.04 0.675838
2.045 0.677803
2.05 0.679732
2.055 0.681626
2.06 0.683485
2.065 0.685309
2.07 0.687099
2.075 0.688855
2.08 0.690578
2.085 0.692266
2.09 0.693922
2.095 0.695545
2.1 0.697135
2.105 0.698692
2.11 0.700218
2.115 0.701712
2.12 0.703174
2.125 0.704605
2.13 0.706005
2.135 0.707375
2.14 0.708714
2.145 0.710023
2.15 0.711302
2.155 0.712552
2.16 0.713773
2.165 0.714965
2.17 0.716128
2.175 0.717262
2.18 0.718369
2.185 0.719448
2.19 0.720499
2.195 0.721523
2.2 0.72252
2.205 0.72349
2.21 0.724433
2.215 0.725351
2.22 0.726242
2.225 0.727108
2.23 0.727949
2.235 0.728764
2.24 0.729555
2.245 0.730321
2.25 0.731062
2.255 0.73178
2.26 0.732473
2.265 0.733143
2.27 0.73379
2.275 0.734414
2.28 0.735014
2.285 0.735592
2.29 0.736148
2.295 0.736682
2.3 0.737194
2.305 0.737684
2.31 0.738153
2.315 0.738601
2.32 0.739028
2.325 0.739434
2.33 0.73982
2.335 0.740186
2.34 0.740531
2.345 0.740857
2.35 0.741164
2.355 0.741451
2.36 0.741719
2.365 0.741968
2.37 0.742199
2.375 0.742411
2.38 0.742605
2.385 0.742781
2.39 0.742939
2.395 0.74308
2.4 0.743203
2.405 0.74331
2.41 0.743399
2.415 0.743472
2.42 0.743528
2.425 0.743567
2.43 0.743591
2.435 0.743599
2.44 0.74359
2.445 0.743567
2.45 0.743528
2.455 0.743474
2.46 0.743405
2.465 0.743321
2.47 0.743222
2.475 0.743109
2.48 0.742982
2.485 0.742841
2.49 0.742686
2.495 0.742517
2.5 0.742334
2.505 0.742139
2.51 0.74193
2.515 0.741708
2.52 0.741473
2.525 0.741225
2.53 0.740965
2.535 0.740693
2.54 0.740408
2.545 0.740112
2.55 0.739803
2.555 0.739483
2.56 0.739151
2.565 0.738808
2.57 0.738454
2.575 0.738088
2.58 0.737712
2.585 0.737325
2.59 0.736927
2.595 0.736518
2.6 0.736099
2.605 0.73567
2.61 0.735231
2.615 0.734782
2.62 0.734323
2.625 0.733855
2.63 0.733376
2.635 0.732889
2.64 0.732392
2.645 0.731886
2.65 0.731371
2.655 0.730847
2.66 0.730315
2.665 0.729773
2.67 0.729224
2.675 0.728666
2.68 0.728099
2.685 0.727525
2.69 0.726942
2.695 0.726351
2.7 0.725753
2.705 0.725147
2.71 0.724534
2.715 0.723913
2.72 0.723284
2.725 0.722649
2.73 0.722006
2.735 0.721357
2.74 0.7207
2.745 0.720037
2.75 0.719367
2.755 0.71869
2.76 0.718007
2.765 0.717317
2.77 0.716622
2.775 0.71592
2.78 0.715212
2.785 0.714498
2.79 0.713778
2.795 0.713052
2.8 0.712321
2.805 0.711583
2.81 0.710841
2.815 0.710093
2.82 0.70934
2.825 0.708581
2.83 0.707817
2.835 0.707048
2.84 0.706275
2.845 0.705496
2.85 0.704712
2.855 0.703924
2.86 0.703131
2.865 0.702333
2.87 0.701531
2.875 0.700725
2.88 0.699914
2.885 0.699099
2.89 0.69828
2.895 0.697457
2.9 0.696629
2.905 0.695798
2.91 0.694963
2.915 0.694124
2.92 0.693281
2.925 0.692434
2.93 0.691584
2.935 0.690731
2.94 0.689874
2.945 0.689013
2.95 0.688149
2.955 0.687282
2.96 0.686412
2.965 0.685539
2.97 0.684662
2.975 0.683783
2.98 0.6829
2.985 0.682015
2.99 0.681127
2.995 0.680236
3 0.679342
3.005 0.678446
3.01 0.677547
3.015 0.676645
3.02 0.675741
3.025 0.674835
3.03 0.673926
3.035 0.673015
3.04 0.672102
3.045 0.671187
3.05 0.670269
3.055 0.669349
3.06 0.668427
3.065 0.667504
3.07 0.666578
3.075 0.66565
3.08 0.664721
3.085 0.663789
3.09 0.662856
3.095 0.661921
3.1 0.660985
3.105 0.660047
3.11 0.659107
3.115 0.658166
3.12 0.657223
3.125 0.656279
3.13 0.655334
3.135 0.654387
3.14 0.653439
3.145 0.652489
3.15 0.651538
3.155 0.650587
3.16 0.649634
3.165 0.648679
3.17 0.647724
3.175 0.646768
3.18 0.645811
3.185 0.644853
3.19 0.643893
3.195 0.642934
3.2 0.641973
3.205 0.641011
3.21 0.640049
3.215 0.639085
3.22 0.638122
3.225 0.637157
3.23 0.636192
3.235 0.635226
3.24 0.63426
3.245 0.633293
3.25 0.632325
3.255 0.631357
3.26 0.630389
3.265 0.62942
3.27 0.628451
3.275 0.627482
3.28 0.626512
3.285 0.625542
3.29 0.624571
3.295 0.6236
3.3 0.62263
3.305 0.621659
3.31 0.620687
3.315 0.619716
3.32 0.618745
3.325 0.617773
3.33 0.616801
3.335 0.61583
3.34 0.614858
3.345 0.613887
3.35 0.612915
3.355 0.611944
3.36 0.610972
3.365 0.610001
3.37 0.60903
3.375 0.608059
3.38 0.607088
3.385 0.606118
3.39 0.605147
3.395 0.604177
3.4 0.603207
3.405 0.602238
3.41 0.601269
3.415 0.6003
3.42 0.599331
3.425 0.598363
3.43 0.597395
3.435 0.596428
3.44 0.595461
3.445 0.594495
3.45 0.593529
3.455 0.592563
3.46 0.591598
3.465 0.590634
3.47 0.58967
3.475 0.588706
3.48 0.587744
3.485 0.586782
3.49 0.58582
3.495 0.584859
3.5 0.583899
3.505 0.582939
3.51 0.58198
3.515 0.581022
3.52 0.580064
3.525 0.579107
3.53 0.578151
3.535 0.577196
3.54 0.576241
3.545 0.575288
3.55 0.574334
3.555 0.573382
3.56 0.572431
3.565 0.57148
3.57 0.570531
3.575 0.569582
3.58 0.568634
3.585 0.567686
3.59 0.56674
3.595 0.565795
3.6 0.56485
3.605 0.563907
3.61 0.562964
3.615 0.562023
3.62 0.561082
3.625 0.560143
3.63 0.559204
3.635 0.558266
3.64 0.55733
3.645 0.556394
3.65 0.555459
3.655 0.554526
3.66 0.553593
3.665 0.552662
3.67 0.551731
3.675 0.550802
3.68 0.549874
3.685 0.548947
3.69 0.548021
3.695 0.547096
3.7 0.546172
3.705 0.545249
3.71 0.544328
3.715 0.543407
3.72 0.542488
3.725 0.54157
3.73 0.540653
3.735 0.539737
3.74 0.538823
3.745 0.537909
3.75 0.536997
3.755 0.536086
3.76 0.535176
3.765 0.534268
3.77 0.53336
3.775 0.532454
3.78 0.53155
3.785 0.530646
3.79 0.529744
3.795 0.528843
3.8 0.527943
3.805 0.527044
3.81 0.526147
3.815 0.525251
3.82 0.524356
3.825 0.523463
3.83 0.522571
3.835 0.52168
3.84 0.52079
3.845 0.519902
3.85 0.519015
3.855 0.51813
3.86 0.517245
3.865 0.516362
3.87 0.515481
3.875 0.514601
3.88 0.513722
3.885 0.512844
3.89 0.511968
3.895 0.511093
3.9 0.51022
3.905 0.509347
3.91 0.508477
3.915 0.507607
3.92 0.506739
3.925 0.505873
3.93 0.505007
3.935 0.504144
3.94 0.503281
3.945 0.50242
3.95 0.50156
3.955 0.500702
3.96 0.499845
3.965 0.49899
3.97 0.498136
3.975 0.497283
3.98 0.496432
3.985 0.495582
3.99 0.494733
3.995 0.493886
4 0.493041
4.005 0.492196
4.01 0.491354
4.015 0.490512
4.02 0.489673
4.025 0.488834
4.03 0.487997
4.035 0.487161
4.04 0.486327
4.045 0.485495
4.05 0.484663
4.055 0.483833
4.06 0.483005
4.065 0.482178
4.07 0.481353
4.075 0.480528
4.08 0.479706
4.085 0.478885
4.09 0.478065
4.095 0.477247
4.1 0.47643
4.105 0.475614
4.11 0.474801
4.115 0.473988
4.12 0.473177
4.125 0.472368
4.13 0.47156
4.135 0.470753
4.14 0.469948
4.145 0.469144
4.15 0.468342
4.155 0.467541
4.16 0.466742
4.165 0.465944
4.17 0.465147
4.175 0.464352
4.18 0.463559
4.185 0.462767
4.19 0.461976
4.195 0.461187
4.2 0.4604
4.205 0.459614
4.21 0.458829
4.215 0.458046
4.22 0.457264
4.225 0.456484
4.23 0.455705
4.235 0.454927
4.24 0.454151
4.245 0.453377
4.25 0.452604
4.255 0.451832
4.26 0.451062
4.265 0.450294
4.27 0.449527
4.275 0.448761
4.28 0.447997
4.285 0.447234
4.29 0.446472
4.295 0.445713
4.3 0.444954
4.305 0.444197
4.31 0.443442
4.315 0.442688
4.32 0.441935
4.325 0.441184
4.33 0.440434
4.335 0.439686
4.34 0.438939
4.345 0.438194
4.35 0.43745
4.355 0.436708
4.36 0.435967
4.365 0.435227
4.37 0.434489
4.375 0.433752
4.38 0.433017
4.385 0.432283
4.39 0.431551
4.395 0.43082
4.4 0.430091
4.405 0.429363
4.41 0.428636
4.415 0.427911
4.42 0.427187
4.425 0.426465
4.43 0.425744
4.435 0.425024
4.44 0.424306
4.445 0.42359
4.45 0.422875
4.455 0.422161
4.46 0.421449
4.465 0.420738
4.47 0.420028
4.475 0.41932
4.48 0.418613
4.485 0.417908
4.49 0.417204
4.495 0.416502
4.5 0.415801
4.505 0.415101
4.51 0.414403
4.515 0.413706
4.52 0.413011
4.525 0.412317
4.53 0.411624
4.535 0.410933
4.54 0.410243
4.545 0.409555
4.55 0.408868
4.555 0.408182
4.56 0.407498
4.565 0.406815
4.57 0.406134
4.575 0.405454
4.58 0.404775
4.585 0.404098
4.59 0.403422
4.595 0.402747
4.6 0.402074
4.605 0.401402
4.61 0.400732
4.615 0.400062
4.62 0.399395
4.625 0.398728
4.63 0.398063
4.635 0.3974
4.64 0.396737
4.645 0.396076
4.65 0.395417
4.655 0.394759
4.66 0.394102
4.665 0.393446
4.67 0.392792
4.675 0.392139
4.68 0.391488
4.685 0.390837
4.69 0.390189
4.695 0.389541
4.7 0.388895
4.705 0.38825
4.71 0.387607
4.715 0.386964
4.72 0.386323
4.725 0.385684
4.73 0.385046
4.735 0.384409
4.74 0.383773
4.745 0.383139
4.75 0.382506
4.755 0.381874
4.76 0.381244
4.765 0.380615
4.77 0.379987
4.775 0.379361
4.78 0.378736
4.785 0.378112
4.79 0.377489
4.795 0.376868
4.8 0.376248
4.805 0.375629
4.81 0.375012
4.815 0.374396
4.82 0.373781
4.825 0.373167
4.83 0.372555
4.835 0.371944
4.84 0.371334
4.845 0.370725
4.85 0.370118
4.855 0.369512
4.86 0.368907
4.865 0.368304
4.87 0.367702
4.875 0.367101
4.88 0.366501
4.885 0.365903
4.89 0.365306
4.895 0.36471
4.9 0.364115
4.905 0.363521
4.91 0.362929
4.915 0.362338
4.92 0.361748
4.925 0.36116
4.93 0.360572
4.935 0.359986
4.94 0.359402
4.945 0.358818
4.95 0.358235
4.955 0.357654
4.96 0.357074
4.965 0.356495
4.97 0.355918
4.975 0.355341
4.98 0.354766
4.985 0.354192
4.99 0.35362
4.995 0.353048
5 0.352478
5.005 0.351908
5.01 0.35134
5.015 0.350774
5.02 0.350208
5.025 0.349644
5.03 0.34908
5.035 0.348518
5.04 0.347957
5.045 0.347398
5.05 0.346839
5.055 0.346282
5.06 0.345725
5.065 0.34517
5.07 0.344616
5.075 0.344064
5.08 0.343512
5.085 0.342962
5.09 0.342412
5.095 0.341864
5.1 0.341317
5.105 0.340771
5.11 0.340227
5.115 0.339683
5.12 0.339141
5.125 0.338599
5.13 0.338059
5.135 0.33752
5.14 0.336982
5.145 0.336445
5.15 0.33591
5.155 0.335375
5.16 0.334842
5.165 0.334309
5.17 0.333778
5.175 0.333248
5.18 0.332719
5.185 0.332191
5.19 0.331665
5.195 0.331139
5.2 0.330614
5.205 0.330091
5.21 0.329569
5.215 0.329047
5.22 0.328527
5.225 0.328008
5.23 0.32749
5.235 0.326973
5.24 0.326457
5.245 0.325942
5.25 0.325429
5.255 0.324916
5.26 0.324405
5.265 0.323894
5.27 0.323385
5.275 0.322876
5.28 0.322369
5.285 0.321863
5.29 0.321358
5.295 0.320853
5.3 0.32035
5.305 0.319848
5.31 0.319347
5.315 0.318847
5.32 0.318349
5.325 0.317851
5.33 0.317354
5.335 0.316858
5.34 0.316363
5.345 0.31587
5.35 0.315377
5.355 0.314885
5.36 0.314395
5.365 0.313905
5.37 0.313417
5.375 0.312929
5.38 0.312442
5.385 0.311957
5.39 0.311472
5.395 0.310989
5.4 0.310506
5.405 0.310025
5.41 0.309544
5.415 0.309065
5.42 0.308586
5.425 0.308109
5.43 0.307632
5.435 0.307157
5.44 0.306682
5.445 0.306209
5.45 0.305736
5.455 0.305265
5.46 0.304794
5.465 0.304324
5.47 0.303856
5.475 0.303388
5.48 0.302921
5.485 0.302455
5.49 0.301991
5.495 0.301527
5.5 0.301064
5.505 0.300602
5.51 0.300141
5.515 0.299681
5.52 0.299222
5.525 0.298764
5.53 0.298307
5.535 0.297851
5.54 0.297396
5.545 0.296941
5.55 0.296488
5.555 0.296035
5.56 0.295584
5.565 0.295133
5.57 0.294684
5.575 0.294235
5.58 0.293787
5.585 0.293341
5.59 0.292895
5.595 0.29245
5.6 0.292006
5.605 0.291562
5.61 0.29112
5.615 0.290679
5.62 0.290238
5.625 0.289799
5.63 0.28936
5.635 0.288923
5.64 0.288486
5.645 0.28805
5.65 0.287615
5.655 0.287181
5.66 0.286747
5.665 0.286315
5.67 0.285884
5.675 0.285453
5.68 0.285023
5.685 0.284595
5.69 0.284167
5.695 0.28374
5.7 0.283314
5.705 0.282888
5.71 0.282464
5.715 0.28204
5.72 0.281618
5.725 0.281196
5.73 0.280775
5.735 0.280355
5.74 0.279936
5.745 0.279517
5.75 0.2791
5.755 0.278683
5.76 0.278267
5.765 0.277852
5.77 0.277438
5.775 0.277025
5.78 0.276613
5.785 0.276201
5.79 0.27579
5.795 0.275381
5.8 0.274972
5.805 0.274563
5.81 0.274156
5.815 0.273749
5.82 0.273344
5.825 0.272939
5.83 0.272535
5.835 0.272131
5.84 0.271729
5.845 0.271327
5.85 0.270927
5.855 0.270527
5.86 0.270128
5.865 0.269729
5.87 0.269332
5.875 0.268935
5.88 0.268539
5.885 0.268144
5.89 0.26775
5.895 0.267356
5.9 0.266963
5.905 0.266571
5.91 0.26618
5.915 0.26579
5.92 0.2654
5.925 0.265012
5.93 0.264624
5.935 0.264236
5.94 0.26385
5.945 0.263464
5.95 0.26308
5.955 0.262696
5.96 0.262312
5.965 0.26193
5.97 0.261548
5.975 0.261167
5.98 0.260787
5.985 0.260407
5.99 0.260029
5.995 0.259651
6 0.259274
6.005 0.258897
6.01 0.258522
6.015 0.258147
6.02 0.257773
6.025 0.257399
6.03 0.257027
6.035 0.256655
6.04 0.256284
6.045 0.255913
6.05 0.255544
6.055 0.255175
6.06 0.254806
6.065 0.254439
6.07 0.254072
6.075 0.253706
6.08 0.253341
6.085 0.252977
6.09 0.252613
6.095 0.25225
6.1 0.251888
6.105 0.251526
6.11 0.251165
6.115 0.250805
6.12 0.250446
6.125 0.250087
6.13 0.249729
6.135 0.249372
6.14 0.249015
6.145 0.248659
6.15 0.248304
6.155 0.24795
6.16 0.247596
6.165 0.247243
6.17 0.246891
6.175 0.246539
6.18 0.246188
6.185 0.245838
6.19 0.245488
6.195 0.245139
6.2 0.244791
6.205 0.244444
6.21 0.244097
6.215 0.243751
6.22 0.243406
6.225 0.243061
6.23 0.242717
6.235 0.242373
6.24 0.242031
6.245 0.241689
6.25 0.241347
6.255 0.241007
6.26 0.240667
6.265 0.240328
6.27 0.239989
6.275 0.239651
6.28 0.239314
6.285 0.238977
6.29 0.238641
6.295 0.238306
6.3 0.237971
6.305 0.237637
6.31 0.237304
6.315 0.236971
6.32 0.236639
6.325 0.236308
6.33 0.235977
6.335 0.235647
6.34 0.235317
6.345 0.234989
6.35 0.234661
6.355 0.234333
6.36 0.234006
6.365 0.23368
6.37 0.233354
6.375 0.23303
6.38 0.232705
6.385 0.232382
6.39 0.232059
6.395 0.231736
6.4 0.231414
6.405 0.231093
6.41 0.230773
6.415 0.230453
6.42 0.230134
6.425 0.229815
6.43 0.229497
6.435 0.229179
6.44 0.228863
6.445 0.228547
6.45 0.228231
6.455 0.227916
6.46 0.227602
6.465 0.227288
6.47 0.226975
6.475 0.226662
6.48 0.22635
6.485 0.226039
6.49 0.225728
6.495 0.225418
6.5 0.225109
6.505 0.2248
6.51 0.224492
6.515 0.224184
6.52 0.223877
6.525 0.22357
6.53 0.223264
6.535 0.222959
6.54 0.222654
6.545 0.22235
6.55 0.222047
6.555 0.221744
6.56 0.221441
6.565 0.22114
6.57 0.220838
6.575 0.220538
6.58 0.220238
6.585 0.219938
6.59 0.219639
6.595 0.219341
6.6 0.219043
6.605 0.218746
6.61 0.218449
6.615 0.218153
6.62 0.217858
6.625 0.217563
6.63 0.217268
6.635 0.216975
6.64 0.216681
6.645 0.216389
6.65 0.216096
6.655 0.215805
6.66 0.215514
6.665 0.215223
6.67 0.214934
6.675 0.214644
6.68 0.214355
6.685 0.214067
6.69 0.213779
6.695 0.213492
6.7 0.213206
6.705 0.21292
6.71 0.212634
6.715 0.212349
6.72 0.212065
6.725 0.211781
6.73 0.211498
6.735 0.211215
6.74 0.210932
6.745 0.210651
6.75 0.210369
6.755 0.210089
6.76 0.209809
6.765 0.209529
6.77 0.20925
6.775 0.208971
6.78 0.208693
6.785 0.208416
6.79 0.208139
6.795 0.207862
6.8 0.207587
6.805 0.207311
6.81 0.207036
6.815 0.206762
6.82 0.206488
6.825 0.206215
6.83 0.205942
6.835 0.205669
6.84 0.205398
6.845 0.205126
6.85 0.204856
6.855 0.204585
6.86 0.204315
6.865 0.204046
6.87 0.203777
6.875 0.203509
6.88 0.203241
6.885 0.202974
6.89 0.202707
6.895 0.202441
6.9 0.202175
6.905 0.20191
6.91 0.201645
6.915 0.201381
6.92 0.201117
6.925 0.200854
6.93 0.200591
6.935 0.200329
6.94 0.200067
6.945 0.199806
6.95 0.199545
6.955 0.199285
6.96 0.199025
6.965 0.198765
6.97 0.198506
6.975 0.198248
6.98 0.19799
6.985 0.197733
6.99 0.197476
6.995 0.197219
7 0.196963
7.005 0.196707
7.01 0.196452
7.015 0.196198
7.02 0.195944
7.025 0.19569
7.03 0.195437
7.035 0.195184
7.04 0.194932
7.045 0.19468
7.05 0.194428
7.055 0.194178
7.06 0.193927
7.065 0.193677
7.07 0.193428
7.075 0.193179
7.08 0.19293
7.085 0.192682
7.09 0.192434
7.095 0.192187
7.1 0.19194
7.105 0.191694
7.11 0.191448
7.115 0.191203
7.12 0.190958
7.125 0.190713
7.13 0.190469
7.135 0.190225
7.14 0.189982
7.145 0.18974
7.15 0.189497
7.155 0.189255
7.16 0.189014
7.165 0.188773
7.17 0.188533
7.175 0.188292
7.18 0.188053
7.185 0.187814
7.19 0.187575
7.195 0.187337
7.2 0.187099
7.205 0.186861
7.21 0.186624
7.215 0.186387
7.22 0.186151
7.225 0.185916
7.23 0.18568
7.235 0.185445
7.24 0.185211
7.245 0.184977
7.25 0.184743
7.255 0.18451
7.26 0.184277
7.265 0.184045
7.27 0.183813
7.275 0.183581
7.28 0.18335
7.285 0.18312
7.29 0.182889
7.295 0.182659
7.3 0.18243
7.305 0.182201
7.31 0.181972
7.315 0.181744
7.32 0.181516
7.325 0.181289
7.33 0.181062
7.335 0.180835
7.34 0.180609
7.345 0.180384
7.35 0.180158
7.355 0.179933
7.36 0.179709
7.365 0.179485
7.37 0.179261
7.375 0.179037
7.38 0.178815
7.385 0.178592
7.39 0.17837
7.395 0.178148
7.4 0.177927
7.405 0.177706
7.41 0.177485
7.415 0.177265
7.42 0.177045
7.425 0.176826
7.43 0.176607
7.435 0.176388
7.44 0.17617
7.445 0.175952
7.45 0.175735
7.455 0.175518
7.46 0.175301
7.465 0.175085
7.47 0.174869
7.475 0.174653
7.48 0.174438
7.485 0.174224
7.49 0.174009
7.495 0.173795
7.5 0.173582
7.505 0.173368
7.51 0.173155
7.515 0.172943
7.52 0.172731
7.525 0.172519
7.53 0.172308
7.535 0.172097
7.54 0.171886
7.545 0.171676
7.55 0.171466
7.555 0.171257
7.56 0.171047
7.565 0.170839
7.57 0.17063
7.575 0.170422
7.58 0.170214
7.585 0.170007
7.59 0.1698
7.595 0.169594
7.6 0.169387
7.605 0.169182
7.61 0.168976
7.615 0.168771
7.62 0.168566
7.625 0.168362
7.63 0.168158
7.635 0.167954
7.64 0.167751
7.645 0.167548
7.65 0.167345
7.655 0.167143
7.66 0.166941
7.665 0.166739
7.67 0.166538
7.675 0.166337
7.68 0.166136
7.685 0.165936
7.69 0.165736
7.695 0.165537
7.7 0.165338
7.705 0.165139
7.71 0.164941
7.715 0.164742
7.72 0.164545
7.725 0.164347
7.73 0.16415
7.735 0.163953
7.74 0.163757
7.745 0.163561
7.75 0.163365
7.755 0.16317
7.76 0.162975
7.765 0.16278
7.77 0.162586
7.775 0.162392
7.78 0.162198
7.785 0.162005
7.79 0.161812
7.795 0.161619
7.8 0.161426
7.805 0.161234
7.81 0.161043
7.815 0.160851
7.82 0.16066
7.825 0.16047
7.83 0.160279
7.835 0.160089
7.84 0.159899
7.845 0.15971
7.85 0.159521
7.855 0.159332
7.86 0.159144
7.865 0.158955
7.87 0.158768
7.875 0.15858
7.88 0.158393
7.885 0.158206
7.89 0.15802
7.895 0.157833
7.9 0.157647
7.905 0.157462
7.91 0.157277
7.915 0.157092
7.92 0.156907
7.925 0.156723
7.93 0.156539
7.935 0.156355
7.94 0.156172
7.945 0.155989
7.95 0.155806
7.955 0.155623
7.96 0.155441
7.965 0.155259
7.97 0.155078
7.975 0.154897
7.98 0.154716
7.985 0.154535
7.99 0.154355
7.995 0.154175
8 0.153995
8.005 0.153816
8.01 0.153637
8.015 0.153458
8.02 0.153279
8.025 0.153101
8.03 0.152923
8.035 0.152746
8.04 0.152568
8.045 0.152391
8.05 0.152215
8.055 0.152038
8.06 0.151862
8.065 0.151686
8.07 0.151511
8.075 0.151336
8.08 0.151161
8.085 0.150986
8.09 0.150812
8.095 0.150638
8.1 0.150464
8.105 0.150291
8.11 0.150117
8.115 0.149944
8.12 0.149772
8.125 0.1496
8.13 0.149428
8.135 0.149256
8.14 0.149084
8.145 0.148913
8.15 0.148742
8.155 0.148572
8.16 0.148401
8.165 0.148231
8.17 0.148062
8.175 0.147892
8.18 0.147723
8.185 0.147554
8.19 0.147386
8.195 0.147217
8.2 0.147049
8.205 0.146881
8.21 0.146714
8.215 0.146547
8.22 0.14638
8.225 0.146213
8.23 0.146047
8.235 0.14588
8.24 0.145715
8.245 0.145549
8.25 0.145384
8.255 0.145219
8.26 0.145054
8.265 0.144889
8.27 0.144725
8.275 0.144561
8.28 0.144398
8.285 0.144234
8.29 0.144071
8.295 0.143908
8.3 0.143746
8.305 0.143583
8.31 0.143421
8.315 0.143259
8.32 0.143098
8.325 0.142937
8.33 0.142776
8.335 0.142615
8.34 0.142454
8.345 0.142294
8.35 0.142134
8.355 0.141975
8.36 0.141815
8.365 0.141656
8.37 0.141497
8.375 0.141338
8.38 0.14118
8.385 0.141022
8.39 0.140864
8.395 0.140706
8.4 0.140549
8.405 0.140392
8.41 0.140235
8.415 0.140078
8.42 0.139922
8.425 0.139766
8.43 0.13961
8.435 0.139454
8.44 0.139299
8.445 0.139144
8.45 0.138989
8.455 0.138835
8.46 0.13868
8.465 0.138526
8.47 0.138372
8.475 0.138219
8.48 0.138065
8.485 0.137912
8.49 0.137759
8.495 0.137607
8.5 0.137454
8.505 0.137302
8.51 0.137151
8.515 0.136999
8.52 0.136848
8.525 0.136696
8.53 0.136546
8.535 0.136395
8.54 0.136244
8.545 0.136094
8.55 0.135944
8.555 0.135795
8.56 0.135645
8.565 0.135496
8.57 0.135347
8.575 0.135198
8.58 0.13505
8.585 0.134902
8.59 0.134754
8.595 0.134606
8.6 0.134458
8.605 0.134311
8.61 0.134164
8.615 0.134017
8.62 0.13387
8.625 0.133724
8.63 0.133578
8.635 0.133432
8.64 0.133286
8.645 0.133141
8.65 0.132996
8.655 0.132851
8.66 0.132706
8.665 0.132562
8.67 0.132417
8.675 0.132273
8.68 0.132129
8.685 0.131986
8.69 0.131842
8.695 0.131699
8.7 0.131556
8.705 0.131414
8.71 0.131271
8.715 0.131129
8.72 0.130987
8.725 0.130845
8.73 0.130704
8.735 0.130562
8.74 0.130421
8.745 0.13028
8.75 0.130139
8.755 0.129999
8.76 0.129859
8.765 0.129719
8.77 0.129579
8.775 0.129439
8.78 0.1293
8.785 0.129161
8.79 0.129022
8.795 0.128883
8.8 0.128745
8.805 0.128606
8.81 0.128468
8.815 0.128331
8.82 0.128193
8.825 0.128056
8.83 0.127918
8.835 0.127781
8.84 0.127645
8.845 0.127508
8.85 0.127372
8.855 0.127236
8.86 0.1271
8.865 0.126964
8.87 0.126829
8.875 0.126693
8.88 0.126558
8.885 0.126423
8.89 0.126289
8.895 0.126154
8.9 0.12602
8.905 0.125886
8.91 0.125752
8.915 0.125619
8.92 0.125485
8.925 0.125352
8.93 0.125219
8.935 0.125086
8.94 0.124954
8.945 0.124821
8.95 0.124689
8.955 0.124557
8.96 0.124425
8.965 0.124294
8.97 0.124163
8.975 0.124031
8.98 0.1239
8.985 0.12377
8.99 0.123639
8.995 0.123509
9 0.123379
9.005 0.123249
9.01 0.123119
9.015 0.122989
9.02 0.12286
9.025 0.122731
9.03 0.122602
9.035 0.122473
9.04 0.122345
9.045 0.122216
9.05 0.122088
9.055 0.12196
9.06 0.121833
9.065 0.121705
9.07 0.121578
9.075 0.12145
9.08 0.121323
9.085 0.121197
9.09 0.12107
9.095 0.120944
9.1 0.120817
9.105 0.120691
9.11 0.120566
9.115 0.12044
9.12 0.120315
9.125 0.120189
9.13 0.120064
9.135 0.119939
9.14 0.119815
9.145 0.11969
9.15 0.119566
9.155 0.119442
9.16 0.119318
9.165 0.119194
9.17 0.119071
9.175 0.118947
9.18 0.118824
9.185 0.118701
9.19 0.118578
9.195 0.118456
9.2 0.118333
9.205 0.118211
9.21 0.118089
9.215 0.117967
9.22 0.117845
9.225 0.117724
9.23 0.117603
9.235 0.117481
9.24 0.117361
9.245 0.11724
9.25 0.117119
9.255 0.116999
9.26 0.116879
9.265 0.116758
9.27 0.116639
9.275 0.116519
9.28 0.116399
9.285 0.11628
9.29 0.116161
9.295 0.116042
9.3 0.115923
9.305 0.115805
9.31 0.115686
9.315 0.115568
9.32 0.11545
9.325 0.115332
9.33 0.115214
9.335 0.115097
9.34 0.114979
9.345 0.114862
9.35 0.114745
9.355 0.114628
9.36 0.114511
9.365 0.114395
9.37 0.114279
9.375 0.114162
9.38 0.114046
9.385 0.113931
9.39 0.113815
9.395 0.1137
9.4 0.113584
9.405 0.113469
9.41 0.113354
9.415 0.113239
9.42 0.113125
9.425 0.11301
9.43 0.112896
9.435 0.112782
9.44 0.112668
9.445 0.112554
9.45 0.112441
9.455 0.112327
9.46 0.112214
9.465 0.112101
9.47 0.111988
9.475 0.111875
9.48 0.111763
9.485 0.11165
9.49 0.111538
9.495 0.111426
9.5 0.111314
9.505 0.111202
9.51 0.11109
9.515 0.110979
9.52 0.110868
9.525 0.110757
9.53 0.110646
9.535 0.110535
9.54 0.110424
9.545 0.110314
9.55 0.110203
9.555 0.110093
9.56 0.109983
9.565 0.109874
9.57 0.109764
9.575 0.109654
9.58 0.109545
9.585 0.109436
9.59 0.109327
9.595 0.109218
9.6 0.109109
9.605 0.109001
9.61 0.108892
9.615 0.108784
9.62 0.108676
9.625 0.108568
9.63 0.10846
9.635 0.108353
9.64 0.108245
9.645 0.108138
9.65 0.108031
9.655 0.107924
9.66 0.107817
9.665 0.107711
9.67 0.107604
9.675 0.107498
9.68 0.107391
9.685 0.107285
9.69 0.10718
9.695 0.107074
9.7 0.106968
9.705 0.106863
9.71 0.106758
9.715 0.106652
9.72 0.106547
9.725 0.106443
9.73 0.106338
9.735 0.106233
9.74 0.106129
9.745 0.106025
9.75 0.105921
9.755 0.105817
9.76 0.105713
9.765 0.105609
9.77 0.105506
9.775 0.105403
9.78 0.105299
9.785 0.105196
9.79 0.105094
9.795 0.104991
9.8 0.104888
9.805 0.104786
9.81 0.104684
9.815 0.104581
9.82 0.104479
9.825 0.104378
9.83 0.104276
9.835 0.104174
9.84 0.104073
9.845 0.103972
9.85 0.103871
9.855 0.10377
9.86 0.103669
9.865 0.103568
9.87 0.103467
9.875 0.103367
9.88 0.103267
9.885 0.103167
9.89 0.103067
9.895 0.102967
9.9 0.102867
9.905 0.102768
9.91 0.102668
9.915 0.102569
9.92 0.10247
9.925 0.102371
9.93 0.102272
9.935 0.102173
9.94 0.102075
9.945 0.101976
9.95 0.101878
9.955 0.10178
9.96 0.101682
9.965 0.101584
9.97 0.101486
9.975 0.101389
9.98 0.101291
9.985 0.101194
9.99 0.101097
9.995 0.101
