0 -nan
0.005 0.951524
0.01 0.344126
0.015 0.0595164
0.02 0.078591
0.025 0.793685
0.03 0.0676699
0.035 0.0437452
0.04 0.52274
0.045 0.0132133
0.05 0.317122
0.055 0.175408
0.06 0.0774515
0.065 0.691291
0.07 0.117078
0.075 0.637649
0.08 0.750038
0.085 0.571369
0.09 0.147872
0.095 0.116948
0.1 0.720356
0.105 0.146545
0.11 0.444156
0.115 0.219392
0.12 0.481897
0.125 0.0342679
0.13 0.56977
0.135 0.155532
0.14 0.122228
0.145 0.521964
0.15 0.253206
0.155 0.00795218
0.16 0.289045
0.165 0.483645
0.17 0.264595
0.175 0.0234045
0.18 0.0949758
0.185 0.340755
0.19 0.452503
0.195 0.33122
0.2 0.122019
0.205 0.0152455
0.21 0.0798056
0.215 0.246233
0.22 0.391818
0.225 0.431274
0.23 0.355517
0.235 0.21654
0.24 0.0865206
0.245 0.0203644
0.25 0.0371941
0.255 0.121672
0.26 0.237678
0.265 0.345141
0.27 0.413309
0.275 0.427479
0.28 0.389378
0.285 0.313147
0.29 0.219366
0.295 0.129179
0.3 0.0598294
0.305 0.0221292
0.31 0.0197896
0.315 0.0501936
0.32 0.106048
0.325 0.177383
0.33 0.253483
0.335 0.324465
0.34 0.382383
0.345 0.421839
0.35 0.440135
0.355 0.437095
0.36 0.414641
0.365 0.376246
0.37 0.326354
0.375 0.269827
0.38 0.211469
0.385 0.155657
0.39 0.106079
0.395 0.0655752
0.4 0.0360795
0.405 0.0186316
0.41 0.01345
0.415 0.0200428
0.42 0.0373427
0.425 0.0638503
0.43 0.097776
0.435 0.137172
0.44 0.180046
0.445 0.224464
0.45 0.268623
0.455 0.31091
0.46 0.349943
0.465 0.384592
0.47 0.41399
0.475 0.437525
0.48 0.45483
0.485 0.465766
0.49 0.47039
0.495 0.468937
0.5 0.461782
0.505 0.449418
0.51 0.432422
0.515 0.411436
0.52 0.387136
0.525 0.360215
0.53 0.331362
0.535 0.301248
0.54 0.270513
0.545 0.239755
0.55 0.20952
0.555 0.180304
0.56 0.152539
0.565 0.126601
0.57 0.102803
0.575 0.0813998
0.58 0.0625891
0.585 0.0465137
0.59 0.033266
0.595 0.0228913
0.6 0.0153926
0.605 0.0107346
0.61 0.00884867
0.615 0.00963677
0.62 0.0129762
0.625 0.0187235
0.63 0.0267187
0.635 0.0367887
0.64 0.0487508
0.645 0.0624159
0.65 0.0775911
0.655 0.0940825
0.66 0.111697
0.665 0.130246
0.67 0.149543
0.675 0.16941
0.68 0.189675
0.685 0.210175
0.69 0.230756
0.695 0.251273
0.7 0.271592
0.705 0.29159
0.71 0.311151
0.715 0.330173
0.72 0.348563
0.725 0.366238
0.73 0.383125
0.735 0.399161
0.74 0.414293
0.745 0.428474
0.75 0.441668
0.755 0.453847
0.76 0.464988
0.765 0.475078
0.77 0.484108
0.775 0.492076
0.78 0.498987
0.785 0.504848
0.79 0.509673
0.795 0.513479
0.8 0.516288
0.805 0.518124
0.81 0.519014
0.815 0.518987
0.82 0.518077
0.825 0.516317
0.83 0.513742
0.835 0.510389
0.84 0.506296
0.845 0.501501
0.85 0.496043
0.855 0.489962
0.86 0.483296
0.865 0.476085
0.87 0.468368
0.875 0.460183
0.88 0.451569
0.885 0.442563
0.89 0.433202
0.895 0.423521
0.9 0.413556
0.905 0.40334
0.91 0.392908
0.915 0.38229
0.92 0.371517
0.925 0.36062
0.93 0.349627
0.935 0.338565
0.94 0.32746
0.945 0.316337
0.95 0.305221
0.955 0.294133
0.96 0.283096
0.965 0.272129
0.97 0.261252
0.975 0.250483
0.98 0.239838
0.985 0.229334
0.99 0.218985
0.995 0.208805
1 0.198806
1.005 0.189002
1.01 0.179401
1.015 0.170015
1.02 0.160853
1.025 0.151922
1.03 0.14323
1.035 0.134784
1.04 0.126589
1.045 0.118651
1.05 0.110974
1.055 0.103563
1.06 0.0964192
1.065 0.0895467
1.07 0.082947
1.075 0.0766219
1.08 0.0705722
1.085 0.0647985
1.09 0.059301
1.095 0.0540792
1.1 0.0491324
1.105 0.0444596
1.11 0.0400592
1.115 0.0359295
1.12 0.0320683
1.125 0.0284733
1.13 0.0251419
1.135 0.0220711
1.14 0.0192577
1.145 0.0166986
1.15 0.0143901
1.155 0.0123285
1.16 0.01051
1.165 0.00893059
1.17 0.00758611
1.175 0.00647231
1.18 0.00558483
1.185 0.00491924
1.19 0.00447099
1.195 0.00423549
1.2 0.00420808
1.205 0.00438408
1.21 0.00475872
1.215 0.00532724
1.22 0.00608485
1.225 0.00702674
1.23 0.0081481
1.235 0.00944411
1.24 0.01091
1.245 0.0125409
1.25 0.0143321
1.255 0.0162788
1.26 0.0183763
1.265 0.02062
1.27 0.0230052
1.275 0.0255272
1.28 0.0281815
1.285 0.0309636
1.29 0.033869
1.295 0.0368934
1.3 0.0400323
1.305 0.0432816
1.31 0.0466369
1.315 0.050094
1.32 0.053649
1.325 0.0572977
1.33 0.0610362
1.335 0.0648606
1.34 0.068767
1.345 0.0727517
1.35 0.0768111
1.355 0.0809414
1.36 0.0851392
1.365 0.089401
1.37 0.0937233
1.375 0.0981029
1.38 0.102537
1.385 0.107021
1.39 0.111553
1.395 0.11613
1.4 0.120748
1.405 0.125406
1.41 0.130099
1.415 0.134825
1.42 0.139582
1.425 0.144367
1.43 0.149177
1.435 0.154011
1.44 0.158864
1.445 0.163736
1.45 0.168624
1.455 0.173525
1.46 0.178437
1.465 0.183359
1.47 0.188289
1.475 0.193223
1.48 0.198161
1.485 0.203101
1.49 0.20804
1.495 0.212978
1.5 0.217911
1.505 0.22284
1.51 0.227761
1.515 0.232674
1.52 0.237578
1.525 0.242469
1.53 0.247349
1.535 0.252214
1.54 0.257063
1.545 0.261897
1.55 0.266712
1.555 0.271508
1.56 0.276285
1.565 0.28104
1.57 0.285774
1.575 0.290484
1.58 0.29517
1.585 0.299831
1.59 0.304466
1.595 0.309075
1.6 0.313656
1.605 0.31821
1.61 0.322734
1.615 0.327228
1.62 0.331693
1.625 0.336126
1.63 0.340528
1.635 0.344897
1.64 0.349235
1.645 0.353539
1.65 0.357809
1.655 0.362045
1.66 0.366247
1.665 0.370414
1.67 0.374545
1.675 0.378641
1.68 0.382701
1.685 0.386724
1.69 0.390711
1.695 0.394661
1.7 0.398574
1.705 0.40245
1.71 0.406288
1.715 0.410088
1.72 0.41385
1.725 0.417574
1.73 0.42126
1.735 0.424908
1.74 0.428517
1.745 0.432088
1.75 0.435619
1.755 0.439113
1.76 0.442567
1.765 0.445983
1.77 0.44936
1.775 0.452698
1.78 0.455997
1.785 0.459258
1.79 0.462479
1.795 0.465662
1.8 0.468807
1.805 0.471913
1.81 0.47498
1.815 0.478008
1.82 0.480999
1.825 0.483951
1.83 0.486865
1.835 0.489741
1.84 0.492578
1.845 0.495379
1.85 0.498141
1.855 0.500866
1.86 0.503553
1.865 0.506203
1.87 0.508817
1.875 0.511393
1.88 0.513932
1.885 0.516435
1.89 0.518902
1.895 0.521332
1.9 0.523727
1.905 0.526085
1.91 0.528408
1.915 0.530696
1.92 0.532948
1.925 0.535166
1.93 0.537349
1.935 0.539497
1.94 0.541611
1.945 0.54369
1.95 0.545736
1.955 0.547749
1.96 0.549728
1.965 0.551673
1.97 0.553586
1.975 0.555466
1.98 0.557314
1.985 0.55913
1.99 0.560913
1.995 0.562665
2 0.564385
2.005 0.566074
2.01 0.567732
2.015 0.56936
2.02 0.570957
2.025 0.572524
2.03 0.57406
2.035 0.575567
2.04 0.577045
2.045 0.578493
2.05 0.579913
2.055 0.581303
2.06 0.582665
2.065 0.583999
2.07 0.585306
2.075 0.586584
2.08 0.587835
2.085 0.589058
2.09 0.590255
2.095 0.591425
2.1 0.592569
2.105 0.593686
2.11 0.594778
2.115 0.595844
2.12 0.596884
2.125 0.597899
2.13 0.598889
2.135 0.599855
2.14 0.600796
2.145 0.601713
2.15 0.602606
2.155 0.603475
2.16 0.60432
2.165 0.605143
2.17 0.605942
2.175 0.606719
2.18 0.607473
2.185 0.608205
2.19 0.608914
2.195 0.609602
2.2 0.610268
2.205 0.610913
2.21 0.611537
2.215 0.61214
2.22 0.612722
2.225 0.613284
2.23 0.613825
2.235 0.614347
2.24 0.614848
2.245 0.61533
2.25 0.615793
2.255 0.616237
2.26 0.616661
2.265 0.617067
2.27 0.617455
2.275 0.617824
2.28 0.618175
2.285 0.618508
2.29 0.618824
2.295 0.619122
2.3 0.619402
2.305 0.619666
2.31 0.619913
2.315 0.620143
2.32 0.620357
2.325 0.620554
2.33 0.620736
2.335 0.620901
2.34 0.621051
2.345 0.621185
2.35 0.621304
2.355 0.621408
2.36 0.621497
2.365 0.621571
2.37 0.621631
2.375 0.621676
2.38 0.621706
2.385 0.621723
2.39 0.621726
2.395 0.621715
2.4 0.621691
2.405 0.621653
2.41 0.621602
2.415 0.621539
2.42 0.621462
2.425 0.621372
2.43 0.62127
2.435 0.621156
2.44 0.621029
2.445 0.62089
2.45 0.62074
2.455 0.620578
2.46 0.620404
2.465 0.620218
2.47 0.620021
2.475 0.619814
2.48 0.619595
2.485 0.619365
2.49 0.619125
2.495 0.618874
2.5 0.618612
2.505 0.618341
2.51 0.618059
2.515 0.617767
2.52 0.617465
2.525 0.617154
2.53 0.616833
2.535 0.616502
2.54 0.616162
2.545 0.615813
2.55 0.615455
2.555 0.615088
2.56 0.614712
2.565 0.614327
2.57 0.613934
2.575 0.613532
2.58 0.613122
2.585 0.612704
2.59 0.612278
2.595 0.611844
2.6 0.611401
2.605 0.610951
2.61 0.610494
2.615 0.610029
2.62 0.609556
2.625 0.609076
2.63 0.608589
2.635 0.608095
2.64 0.607594
2.645 0.607086
2.65 0.606571
2.655 0.60605
2.66 0.605521
2.665 0.604987
2.67 0.604446
2.675 0.603899
2.68 0.603345
2.685 0.602786
2.69 0.602221
2.695 0.601649
2.7 0.601072
2.705 0.600489
2.71 0.599901
2.715 0.599307
2.72 0.598707
2.725 0.598102
2.73 0.597492
2.735 0.596877
2.74 0.596257
2.745 0.595631
2.75 0.595001
2.755 0.594366
2.76 0.593726
2.765 0.593081
2.77 0.592432
2.775 0.591778
2.78 0.59112
2.785 0.590458
2.79 0.589791
2.795 0.58912
2.8 0.588444
2.805 0.587765
2.81 0.587082
2.815 0.586395
2.82 0.585703
2.825 0.585009
2.83 0.58431
2.835 0.583608
2.84 0.582902
2.845 0.582192
2.85 0.58148
2.855 0.580763
2.86 0.580044
2.865 0.579321
2.87 0.578595
2.875 0.577866
2.88 0.577134
2.885 0.576398
2.89 0.57566
2.895 0.574919
2.9 0.574175
2.905 0.573429
2.91 0.572679
2.915 0.571927
2.92 0.571172
2.925 0.570415
2.93 0.569655
2.935 0.568893
2.94 0.568129
2.945 0.567362
2.95 0.566592
2.955 0.565821
2.96 0.565047
2.965 0.564272
2.97 0.563494
2.975 0.562714
2.98 0.561932
2.985 0.561148
2.99 0.560362
2.995 0.559575
3 0.558785
3.005 0.557994
3.01 0.557201
3.015 0.556407
3.02 0.555611
3.025 0.554813
3.03 0.554014
3.035 0.553213
3.04 0.552411
3.045 0.551607
3.05 0.550802
3.055 0.549996
3.06 0.549188
3.065 0.548379
3.07 0.547569
3.075 0.546758
3.08 0.545945
3.085 0.545132
3.09 0.544317
3.095 0.543502
3.1 0.542685
3.105 0.541867
3.11 0.541049
3.115 0.54023
3.12 0.539409
3.125 0.538588
3.13 0.537766
3.135 0.536944
3.14 0.53612
3.145 0.535296
3.15 0.534471
3.155 0.533646
3.16 0.53282
3.165 0.531994
3.17 0.531167
3.175 0.530339
3.18 0.529511
3.185 0.528682
3.19 0.527853
3.195 0.527024
3.2 0.526194
3.205 0.525364
3.21 0.524534
3.215 0.523703
3.22 0.522872
3.225 0.522041
3.23 0.52121
3.235 0.520378
3.24 0.519546
3.245 0.518714
3.25 0.517882
3.255 0.51705
3.26 0.516218
3.265 0.515386
3.27 0.514554
3.275 0.513721
3.28 0.512889
3.285 0.512057
3.29 0.511225
3.295 0.510393
3.3 0.509561
3.305 0.508729
3.31 0.507898
3.315 0.507066
3.32 0.506235
3.325 0.505404
3.33 0.504573
3.335 0.503742
3.34 0.502912
3.345 0.502082
3.35 0.501252
3.355 0.500423
3.36 0.499594
3.365 0.498765
3.37 0.497937
3.375 0.497109
3.38 0.496281
3.385 0.495454
3.39 0.494627
3.395 0.493801
3.4 0.492975
3.405 0.49215
3.41 0.491325
3.415 0.490501
3.42 0.489677
3.425 0.488854
3.43 0.488031
3.435 0.487209
3.44 0.486388
3.445 0.485567
3.45 0.484747
3.455 0.483927
3.46 0.483108
3.465 0.48229
3.47 0.481472
3.475 0.480655
3.48 0.479839
3.485 0.479023
3.49 0.478208
3.495 0.477394
3.5 0.476581
3.505 0.475768
3.51 0.474956
3.515 0.474145
3.52 0.473335
3.525 0.472525
3.53 0.471717
3.535 0.470909
3.54 0.470102
3.545 0.469295
3.55 0.46849
3.555 0.467686
3.56 0.466882
3.565 0.466079
3.57 0.465277
3.575 0.464476
3.58 0.463676
3.585 0.462877
3.59 0.462079
3.595 0.461282
3.6 0.460485
3.605 0.45969
3.61 0.458895
3.615 0.458102
3.62 0.457309
3.625 0.456518
3.63 0.455727
3.635 0.454938
3.64 0.454149
3.645 0.453362
3.65 0.452575
3.655 0.451789
3.66 0.451005
3.665 0.450222
3.67 0.449439
3.675 0.448658
3.68 0.447878
3.685 0.447098
3.69 0.44632
3.695 0.445543
3.7 0.444767
3.705 0.443992
3.71 0.443218
3.715 0.442446
3.72 0.441674
3.725 0.440903
3.73 0.440134
3.735 0.439366
3.74 0.438599
3.745 0.437832
3.75 0.437068
3.755 0.436304
3.76 0.435541
3.765 0.43478
3.77 0.434019
3.775 0.43326
3.78 0.432502
3.785 0.431745
3.79 0.43099
3.795 0.430235
3.8 0.429482
3.805 0.42873
3.81 0.427979
3.815 0.427229
3.82 0.42648
3.825 0.425733
3.83 0.424987
3.835 0.424242
3.84 0.423498
3.845 0.422755
3.85 0.422014
3.855 0.421274
3.86 0.420535
3.865 0.419797
3.87 0.419061
3.875 0.418325
3.88 0.417591
3.885 0.416859
3.89 0.416127
3.895 0.415397
3.9 0.414668
3.905 0.41394
3.91 0.413213
3.915 0.412488
3.92 0.411764
3.925 0.411041
3.93 0.410319
3.935 0.409599
3.94 0.408879
3.945 0.408162
3.95 0.407445
3.955 0.40673
3.96 0.406015
3.965 0.405303
3.97 0.404591
3.975 0.403881
3.98 0.403172
3.985 0.402464
3.99 0.401757
3.995 0.401052
4 0.400348
4.005 0.399645
4.01 0.398944
4.015 0.398244
4.02 0.397545
4.025 0.396847
4.03 0.396151
4.035 0.395456
4.04 0.394762
4.045 0.39407
4.05 0.393378
4.055 0.392688
4.06 0.392
4.065 0.391312
4.07 0.390626
4.075 0.389941
4.08 0.389258
4.085 0.388576
4.09 0.387895
4.095 0.387215
4.1 0.386536
4.105 0.385859
4.11 0.385183
4.115 0.384509
4.12 0.383836
4.125 0.383164
4.13 0.382493
4.135 0.381823
4.14 0.381155
4.145 0.380488
4.15 0.379823
4.155 0.379159
4.16 0.378496
4.165 0.377834
4.17 0.377173
4.175 0.376514
4.18 0.375856
4.185 0.3752
4.19 0.374544
4.195 0.37389
4.2 0.373237
4.205 0.372586
4.21 0.371936
4.215 0.371287
4.22 0.370639
4.225 0.369993
4.23 0.369348
4.235 0.368704
4.24 0.368061
4.245 0.36742
4.25 0.36678
4.255 0.366141
4.26 0.365504
4.265 0.364867
4.27 0.364232
4.275 0.363599
4.28 0.362966
4.285 0.362335
4.29 0.361705
4.295 0.361077
4.3 0.360449
4.305 0.359823
4.31 0.359198
4.315 0.358575
4.32 0.357953
4.325 0.357331
4.33 0.356712
4.335 0.356093
4.34 0.355476
4.345 0.35486
4.35 0.354245
4.355 0.353631
4.36 0.353019
4.365 0.352408
4.37 0.351798
4.375 0.35119
4.38 0.350582
4.385 0.349976
4.39 0.349372
4.395 0.348768
4.4 0.348166
4.405 0.347565
4.41 0.346965
4.415 0.346366
4.42 0.345769
4.425 0.345172
4.43 0.344577
4.435 0.343984
4.44 0.343391
4.445 0.3428
4.45 0.34221
4.455 0.341621
4.46 0.341033
4.465 0.340447
4.47 0.339862
4.475 0.339278
4.48 0.338695
4.485 0.338114
4.49 0.337533
4.495 0.336954
4.5 0.336376
4.505 0.3358
4.51 0.335224
4.515 0.33465
4.52 0.334077
4.525 0.333505
4.53 0.332934
4.535 0.332365
4.54 0.331796
4.545 0.331229
4.55 0.330663
4.555 0.330098
4.56 0.329535
4.565 0.328972
4.57 0.328411
4.575 0.327851
4.58 0.327292
4.585 0.326735
4.59 0.326178
4.595 0.325623
4.6 0.325069
4.605 0.324516
4.61 0.323964
4.615 0.323413
4.62 0.322864
4.625 0.322315
4.63 0.321768
4.635 0.321222
4.64 0.320677
4.645 0.320133
4.65 0.319591
4.655 0.319049
4.66 0.318509
4.665 0.31797
4.67 0.317432
4.675 0.316895
4.68 0.316359
4.685 0.315825
4.69 0.315291
4.695 0.314759
4.7 0.314228
4.705 0.313698
4.71 0.313169
4.715 0.312641
4.72 0.312114
4.725 0.311589
4.73 0.311064
4.735 0.310541
4.74 0.310019
4.745 0.309498
4.75 0.308978
4.755 0.308459
4.76 0.307941
4.765 0.307425
4.77 0.306909
4.775 0.306395
4.78 0.305881
4.785 0.305369
4.79 0.304858
4.795 0.304348
4.8 0.303839
4.805 0.303331
4.81 0.302824
4.815 0.302318
4.82 0.301813
4.825 0.30131
4.83 0.300807
4.835 0.300306
4.84 0.299805
4.845 0.299306
4.85 0.298808
4.855 0.298311
4.86 0.297815
4.865 0.29732
4.87 0.296826
4.875 0.296333
4.88 0.295841
4.885 0.29535
4.89 0.29486
4.895 0.294372
4.9 0.293884
4.905 0.293397
4.91 0.292912
4.915 0.292427
4.92 0.291944
4.925 0.291461
4.93 0.29098
4.935 0.290499
4.94 0.29002
4.945 0.289542
4.95 0.289064
4.955 0.288588
4.96 0.288113
4.965 0.287638
4.97 0.287165
4.975 0.286693
4.98 0.286222
4.985 0.285752
4.99 0.285282
4.995 0.284814
5 0.284347
5.005 0.283881
5.01 0.283416
5.015 0.282951
5.02 0.282488
5.025 0.282026
5.03 0.281565
5.035 0.281105
5.04 0.280645
5.045 0.280187
5.05 0.27973
5.055 0.279273
5.06 0.278818
5.065 0.278364
5.07 0.27791
5.075 0.277458
5.08 0.277007
5.085 0.276556
5.09 0.276107
5.095 0.275658
5.1 0.275211
5.105 0.274764
5.11 0.274318
5.115 0.273874
5.12 0.27343
5.125 0.272987
5.13 0.272545
5.135 0.272104
5.14 0.271664
5.145 0.271225
5.15 0.270787
5.155 0.27035
5.16 0.269914
5.165 0.269479
5.17 0.269044
5.175 0.268611
5.18 0.268178
5.185 0.267747
5.19 0.267316
5.195 0.266886
5.2 0.266458
5.205 0.26603
5.21 0.265603
5.215 0.265177
5.22 0.264752
5.225 0.264327
5.23 0.263904
5.235 0.263482
5.24 0.26306
5.245 0.26264
5.25 0.26222
5.255 0.261801
5.26 0.261383
5.265 0.260966
5.27 0.26055
5.275 0.260135
5.28 0.25972
5.285 0.259307
5.29 0.258894
5.295 0.258482
5.3 0.258072
5.305 0.257662
5.31 0.257253
5.315 0.256844
5.32 0.256437
5.325 0.25603
5.33 0.255625
5.335 0.25522
5.34 0.254816
5.345 0.254413
5.35 0.254011
5.355 0.25361
5.36 0.253209
5.365 0.25281
5.37 0.252411
5.375 0.252013
5.38 0.251616
5.385 0.25122
5.39 0.250824
5.395 0.25043
5.4 0.250036
5.405 0.249643
5.41 0.249251
5.415 0.24886
5.42 0.248469
5.425 0.24808
5.43 0.247691
5.435 0.247303
5.44 0.246916
5.445 0.24653
5.45 0.246144
5.455 0.24576
5.46 0.245376
5.465 0.244993
5.47 0.244611
5.475 0.244229
5.48 0.243849
5.485 0.243469
5.49 0.24309
5.495 0.242712
5.5 0.242335
5.505 0.241958
5.51 0.241582
5.515 0.241207
5.52 0.240833
5.525 0.24046
5.53 0.240087
5.535 0.239715
5.54 0.239344
5.545 0.238974
5.55 0.238604
5.555 0.238236
5.56 0.237868
5.565 0.237501
5.57 0.237134
5.575 0.236769
5.58 0.236404
5.585 0.23604
5.59 0.235676
5.595 0.235314
5.6 0.234952
5.605 0.234591
5.61 0.234231
5.615 0.233871
5.62 0.233513
5.625 0.233155
5.63 0.232797
5.635 0.232441
5.64 0.232085
5.645 0.23173
5.65 0.231376
5.655 0.231022
5.66 0.23067
5.665 0.230318
5.67 0.229966
5.675 0.229616
5.68 0.229266
5.685 0.228917
5.69 0.228568
5.695 0.228221
5.7 0.227874
5.705 0.227528
5.71 0.227182
5.715 0.226837
5.72 0.226493
5.725 0.22615
5.73 0.225808
5.735 0.225466
5.74 0.225124
5.745 0.224784
5.75 0.224444
5.755 0.224105
5.76 0.223767
5.765 0.223429
5.77 0.223092
5.775 0.222756
5.78 0.222421
5.785 0.222086
5.79 0.221752
5.795 0.221418
5.8 0.221085
5.805 0.220753
5.81 0.220422
5.815 0.220091
5.82 0.219761
5.825 0.219432
5.83 0.219103
5.835 0.218775
5.84 0.218448
5.845 0.218121
5.85 0.217796
5.855 0.21747
5.86 0.217146
5.865 0.216822
5.87 0.216499
5.875 0.216176
5.88 0.215854
5.885 0.215533
5.89 0.215212
5.895 0.214892
5.9 0.214573
5.905 0.214254
5.91 0.213936
5.915 0.213619
5.92 0.213303
5.925 0.212987
5.93 0.212671
5.935 0.212356
5.94 0.212042
5.945 0.211729
5.95 0.211416
5.955 0.211104
5.96 0.210793
5.965 0.210482
5.97 0.210172
5.975 0.209862
5.98 0.209553
5.985 0.209245
5.99 0.208937
5.995 0.20863
6 0.208324
6.005 0.208018
6.01 0.207713
6.015 0.207408
6.02 0.207104
6.025 0.206801
6.03 0.206498
6.035 0.206196
6.04 0.205895
6.045 0.205594
6.05 0.205294
6.055 0.204994
6.06 0.204695
6.065 0.204397
6.07 0.204099
6.075 0.203802
6.08 0.203505
6.085 0.203209
6.09 0.202914
6.095 0.202619
6.1 0.202325
6.105 0.202031
6.11 0.201738
6.115 0.201446
6.12 0.201154
6.125 0.200863
6.13 0.200572
6.135 0.200282
6.14 0.199993
6.145 0.199704
6.15 0.199416
6.155 0.199128
6.16 0.198841
6.165 0.198554
6.17 0.198269
6.175 0.197983
6.18 0.197698
6.185 0.197414
6.19 0.19713
6.195 0.196847
6.2 0.196565
6.205 0.196283
6.21 0.196002
6.215 0.195721
6.22 0.19544
6.225 0.195161
6.23 0.194882
6.235 0.194603
6.24 0.194325
6.245 0.194048
6.25 0.193771
6.255 0.193494
6.26 0.193219
6.265 0.192943
6.27 0.192669
6.275 0.192395
6.28 0.192121
6.285 0.191848
6.29 0.191575
6.295 0.191304
6.3 0.191032
6.305 0.190761
6.31 0.190491
6.315 0.190221
6.32 0.189952
6.325 0.189683
6.33 0.189415
6.335 0.189147
6.34 0.18888
6.345 0.188614
6.35 0.188348
6.355 0.188082
6.36 0.187817
6.365 0.187553
6.37 0.187289
6.375 0.187025
6.38 0.186762
6.385 0.1865
6.39 0.186238
6.395 0.185977
6.4 0.185716
6.405 0.185456
6.41 0.185196
6.415 0.184937
6.42 0.184678
6.425 0.184419
6.43 0.184162
6.435 0.183904
6.44 0.183648
6.445 0.183392
6.45 0.183136
6.455 0.182881
6.46 0.182626
6.465 0.182372
6.47 0.182118
6.475 0.181865
6.48 0.181612
6.485 0.18136
6.49 0.181108
6.495 0.180857
6.5 0.180606
6.505 0.180356
6.51 0.180106
6.515 0.179857
6.52 0.179608
6.525 0.17936
6.53 0.179112
6.535 0.178865
6.54 0.178618
6.545 0.178371
6.55 0.178125
6.555 0.17788
6.56 0.177635
6.565 0.177391
6.57 0.177147
6.575 0.176903
6.58 0.17666
6.585 0.176418
6.59 0.176176
6.595 0.175934
6.6 0.175693
6.605 0.175452
6.61 0.175212
6.615 0.174972
6.62 0.174733
6.625 0.174494
6.63 0.174256
6.635 0.174018
6.64 0.17378
6.645 0.173544
6.65 0.173307
6.655 0.173071
6.66 0.172835
6.665 0.1726
6.67 0.172366
6.675 0.172131
6.68 0.171898
6.685 0.171664
6.69 0.171431
6.695 0.171199
6.7 0.170967
6.705 0.170735
6.71 0.170504
6.715 0.170274
6.72 0.170044
6.725 0.169814
6.73 0.169584
6.735 0.169356
6.74 0.169127
6.745 0.168899
6.75 0.168672
6.755 0.168444
6.76 0.168218
6.765 0.167992
6.77 0.167766
6.775 0.16754
6.78 0.167315
6.785 0.167091
6.79 0.166867
6.795 0.166643
6.8 0.16642
6.805 0.166197
6.81 0.165975
6.815 0.165753
6.82 0.165531
6.825 0.16531
6.83 0.165089
6.835 0.164869
6.84 0.164649
6.845 0.16443
6.85 0.164211
6.855 0.163992
6.86 0.163774
6.865 0.163556
6.87 0.163339
6.875 0.163122
6.88 0.162905
6.885 0.162689
6.89 0.162473
6.895 0.162258
6.9 0.162043
6.905 0.161828
6.91 0.161614
6.915 0.161401
6.92 0.161187
6.925 0.160974
6.93 0.160762
6.935 0.16055
6.94 0.160338
6.945 0.160127
6.95 0.159916
6.955 0.159705
6.96 0.159495
6.965 0.159286
6.97 0.159076
6.975 0.158867
6.98 0.158659
6.985 0.158451
6.99 0.158243
6.995 0.158036
7 0.157829
7.005 0.157622
7.01 0.157416
7.015 0.15721
7.02 0.157005
7.025 0.156799
7.03 0.156595
7.035 0.156391
7.04 0.156187
7.045 0.155983
7.05 0.15578
7.055 0.155577
7.06 0.155375
7.065 0.155173
7.07 0.154971
7.075 0.15477
7.08 0.154569
7.085 0.154369
7.09 0.154168
7.095 0.153969
7.1 0.153769
7.105 0.15357
7.11 0.153372
7.115 0.153173
7.12 0.152975
7.125 0.152778
7.13 0.152581
7.135 0.152384
7.14 0.152187
7.145 0.151991
7.15 0.151795
7.155 0.1516
7.16 0.151405
7.165 0.15121
7.17 0.151016
7.175 0.150822
7.18 0.150629
7.185 0.150435
7.19 0.150242
7.195 0.15005
7.2 0.149858
7.205 0.149666
7.21 0.149475
7.215 0.149283
7.22 0.149093
7.225 0.148902
7.23 0.148712
7.235 0.148522
7.24 0.148333
7.245 0.148144
7.25 0.147955
7.255 0.147767
7.26 0.147579
7.265 0.147391
7.27 0.147204
7.275 0.147017
7.28 0.146831
7.285 0.146644
7.29 0.146458
7.295 0.146273
7.3 0.146088
7.305 0.145903
7.31 0.145718
7.315 0.145534
7.32 0.14535
7.325 0.145166
7.33 0.144983
7.335 0.1448
7.34 0.144618
7.345 0.144435
7.35 0.144253
7.355 0.144072
7.36 0.143891
7.365 0.14371
7.37 0.143529
7.375 0.143349
7.38 0.143169
7.385 0.142989
7.39 0.14281
7.395 0.142631
7.4 0.142452
7.405 0.142274
7.41 0.142096
7.415 0.141918
7.42 0.141741
7.425 0.141564
7.43 0.141387
7.435 0.141211
7.44 0.141034
7.445 0.140859
7.45 0.140683
7.455 0.140508
7.46 0.140333
7.465 0.140159
7.47 0.139984
7.475 0.139811
7.48 0.139637
7.485 0.139464
7.49 0.139291
7.495 0.139118
7.5 0.138946
7.505 0.138774
7.51 0.138602
7.515 0.13843
7.52 0.138259
7.525 0.138088
7.53 0.137918
7.535 0.137748
7.54 0.137578
7.545 0.137408
7.55 0.137239
7.555 0.13707
7.56 0.136901
7.565 0.136733
7.57 0.136565
7.575 0.136397
7.58 0.136229
7.585 0.136062
7.59 0.135895
7.595 0.135729
7.6 0.135562
7.605 0.135396
7.61 0.13523
7.615 0.135065
7.62 0.1349
7.625 0.134735
7.63 0.13457
7.635 0.134406
7.64 0.134242
7.645 0.134078
7.65 0.133915
7.655 0.133752
7.66 0.133589
7.665 0.133426
7.67 0.133264
7.675 0.133102
7.68 0.13294
7.685 0.132779
7.69 0.132618
7.695 0.132457
7.7 0.132296
7.705 0.132136
7.71 0.131976
7.715 0.131816
7.72 0.131657
7.725 0.131498
7.73 0.131339
7.735 0.13118
7.74 0.131022
7.745 0.130864
7.75 0.130706
7.755 0.130549
7.76 0.130391
7.765 0.130234
7.77 0.130078
7.775 0.129921
7.78 0.129765
7.785 0.129609
7.79 0.129454
7.795 0.129298
7.8 0.129143
7.805 0.128988
7.81 0.128834
7.815 0.12868
7.82 0.128526
7.825 0.128372
7.83 0.128218
7.835 0.128065
7.84 0.127912
7.845 0.12776
7.85 0.127607
7.855 0.127455
7.86 0.127303
7.865 0.127152
7.87 0.127
7.875 0.126849
7.88 0.126698
7.885 0.126548
7.89 0.126397
7.895 0.126247
7.9 0.126098
7.905 0.125948
7.91 0.125799
7.915 0.12565
7.92 0.125501
7.925 0.125352
7.93 0.125204
7.935 0.125056
7.94 0.124908
7.945 0.124761
7.95 0.124614
7.955 0.124467
7.96 0.12432
7.965 0.124173
7.97 0.124027
7.975 0.123881
7.98 0.123735
7.985 0.12359
7.99 0.123445
7.995 0.1233
8 0.123155
8.005 0.12301
8.01 0.122866
8.015 0.122722
8.02 0.122578
8.025 0.122435
8.03 0.122291
8.035 0.122148
8.04 0.122006
8.045 0.121863
8.05 0.121721
8.055 0.121579
8.06 0.121437
8.065 0.121295
8.07 0.121154
8.075 0.121013
8.08 0.120872
8.085 0.120731
8.09 0.120591
8.095 0.120451
8.1 0.120311
8.105 0.120171
8.11 0.120032
8.115 0.119892
8.12 0.119753
8.125 0.119615
8.13 0.119476
8.135 0.119338
8.14 0.1192
8.145 0.119062
8.15 0.118924
8.155 0.118787
8.16 0.11865
8.165 0.118513
8.17 0.118376
8.175 0.11824
8.18 0.118104
8.185 0.117968
8.19 0.117832
8.195 0.117696
8.2 0.117561
8.205 0.117426
8.21 0.117291
8.215 0.117156
8.22 0.117022
8.225 0.116888
8.23 0.116754
8.235 0.11662
8.24 0.116487
8.245 0.116353
8.25 0.11622
8.255 0.116087
8.26 0.115955
8.265 0.115822
8.27 0.11569
8.275 0.115558
8.28 0.115426
8.285 0.115295
8.29 0.115164
8.295 0.115032
8.3 0.114902
8.305 0.114771
8.31 0.114641
8.315 0.11451
8.32 0.11438
8.325 0.11425
8.33 0.114121
8.335 0.113991
8.34 0.113862
8.345 0.113733
8.35 0.113605
8.355 0.113476
8.36 0.113348
8.365 0.11322
8.37 0.113092
8.375 0.112964
8.38 0.112837
8.385 0.112709
8.39 0.112582
8.395 0.112456
8.4 0.112329
8.405 0.112202
8.41 0.112076
8.415 0.11195
8.42 0.111824
8.425 0.111699
8.43 0.111573
8.435 0.111448
8.44 0.111323
8.445 0.111198
8.45 0.111074
8.455 0.110949
8.46 0.110825
8.465 0.110701
8.47 0.110578
8.475 0.110454
8.48 0.110331
8.485 0.110207
8.49 0.110085
8.495 0.109962
8.5 0.109839
8.505 0.109717
8.51 0.109595
8.515 0.109473
8.52 0.109351
8.525 0.109229
8.53 0.109108
8.535 0.108987
8.54 0.108866
8.545 0.108745
8.55 0.108624
8.555 0.108504
8.56 0.108384
8.565 0.108264
8.57 0.108144
8.575 0.108024
8.58 0.107905
8.585 0.107786
8.59 0.107667
8.595 0.107548
8.6 0.107429
8.605 0.107311
8.61 0.107192
8.615 0.107074
8.62 0.106956
8.625 0.106839
8.63 0.106721
8.635 0.106604
8.64 0.106487
8.645 0.10637
8.65 0.106253
8.655 0.106136
8.66 0.10602
8.665 0.105904
8.67 0.105788
8.675 0.105672
8.68 0.105556
8.685 0.105441
8.69 0.105325
8.695 0.10521
8.7 0.105095
8.705 0.104981
8.71 0.104866
8.715 0.104752
8.72 0.104637
8.725 0.104523
8.73 0.10441
8.735 0.104296
8.74 0.104183
8.745 0.104069
8.75 0.103956
8.755 0.103843
8.76 0.10373
8.765 0.103618
8.77 0.103505
8.775 0.103393
8.78 0.103281
8.785 0.103169
8.79 0.103058
8.795 0.102946
8.8 0.102835
8.805 0.102724
8.81 0.102613
8.815 0.102502
8.82 0.102391
8.825 0.102281
8.83 0.102171
8.835 0.10206
8.84 0.101951
8.845 0.101841
8.85 0.101731
8.855 0.101622
8.86 0.101512
8.865 0.101403
8.87 0.101295
8.875 0.101186
8.88 0.101077
8.885 0.100969
8.89 0.100861
8.895 0.100753
8.9 0.100645
8.905 0.100537
8.91 0.100429
8.915 0.100322
8.92 0.100215
8.925 0.100108
8.93 0.100001
8.935 0.0998942
8.94 0.0997877
8.945 0.0996813
8.95 0.0995751
8.955 0.0994691
8.96 0.0993632
8.965 0.0992575
8.97 0.0991519
8.975 0.0990465
8.98 0.0989413
8.985 0.0988362
8.99 0.0987313
8.995 0.0986266
9 0.098522
9.005 0.0984176
9.01 0.0983134
9.015 0.0982093
9.02 0.0981054
9.025 0.0980016
9.03 0.097898
9.035 0.0977946
9.04 0.0976913
9.045 0.0975882
9.05 0.0974852
9.055 0.0973824
9.06 0.0972798
9.065 0.0971773
9.07 0.0970749
9.075 0.0969728
9.08 0.0968707
9.085 0.0967689
9.09 0.0966672
9.095 0.0965656
9.1 0.0964642
9.105 0.096363
9.11 0.0962619
9.115 0.096161
9.12 0.0960602
9.125 0.0959596
9.13 0.0958592
9.135 0.0957589
9.14 0.0956587
9.145 0.0955587
9.15 0.0954589
9.155 0.0953592
9.16 0.0952596
9.165 0.0951602
9.17 0.095061
9.175 0.0949619
9.18 0.094863
9.185 0.0947642
9.19 0.0946656
9.195 0.0945671
9.2 0.0944688
9.205 0.0943706
9.21 0.0942725
9.215 0.0941747
9.22 0.0940769
9.225 0.0939793
9.23 0.0938819
9.235 0.0937846
9.24 0.0936875
9.245 0.0935905
9.25 0.0934936
9.255 0.0933969
9.26 0.0933004
9.265 0.0932039
9.27 0.0931077
9.275 0.0930116
9.28 0.0929156
9.285 0.0928198
9.29 0.0927241
9.295 0.0926285
9.3 0.0925331
9.305 0.0924379
9.31 0.0923428
9.315 0.0922478
9.32 0.092153
9.325 0.0920583
9.33 0.0919638
9.335 0.0918694
9.34 0.0917751
9.345 0.091681
9.35 0.0915871
9.355 0.0914932
9.36 0.0913996
9.365 0.091306
9.37 0.0912126
9.375 0.0911193
9.38 0.0910262
9.385 0.0909332
9.39 0.0908404
9.395 0.0907477
9.4 0.0906551
9.405 0.0905627
9.41 0.0904704
9.415 0.0903782
9.42 0.0902862
9.425 0.0901943
9.43 0.0901026
9.435 0.090011
9.44 0.0899195
9.445 0.0898282
9.45 0.089737
9.455 0.0896459
9.46 0.089555
9.465 0.0894642
9.47 0.0893735
9.475 0.089283
9.48 0.0891926
9.485 0.0891024
9.49 0.0890123
9.495 0.0889223
9.5 0.0888324
9.505 0.0887427
9.51 0.0886531
9.515 0.0885637
9.52 0.0884743
9.525 0.0883852
9.53 0.0882961
9.535 0.0882072
9.54 0.0881184
9.545 0.0880297
9.55 0.0879412
9.555 0.0878528
9.56 0.0877645
9.565 0.0876764
9.57 0.0875884
9.575 0.0875005
9.58 0.0874127
9.585 0.0873251
9.59 0.0872376
9.595 0.0871503
9.6 0.087063
9.605 0.0869759
9.61 0.0868889
9.615 0.0868021
9.62 0.0867153
9.625 0.0866287
9.63 0.0865423
9.635 0.0864559
9.64 0.0863697
9.645 0.0862836
9.65 0.0861977
9.655 0.0861118
9.66 0.0860261
9.665 0.0859405
9.67 0.085855
9.675 0.0857697
9.68 0.0856845
9.685 0.0855994
9.69 0.0855144
9.695 0.0854296
9.7 0.0853449
9.705 0.0852603
9.71 0.0851758
9.715 0.0850914
9.72 0.0850072
9.725 0.0849231
9.73 0.0848391
9.735 0.0847553
9.74 0.0846715
9.745 0.0845879
9.75 0.0845044
9.755 0.084421
9.76 0.0843378
9.765 0.0842546
9.77 0.0841716
9.775 0.0840887
9.78 0.084006
9.785 0.0839233
9.79 0.0838408
9.795 0.0837583
9.8 0.083676
9.805 0.0835939
9.81 0.0835118
9.815 0.0834299
9.82 0.083348
9.825 0.0832663
9.83 0.0831847
9.835 0.0831033
9.84 0.0830219
9.845 0.0829407
9.85 0.0828596
9.855 0.0827786
9.86 0.0826977
9.865 0.0826169
9.87 0.0825363
9.875 0.0824557
9.88 0.0823753
9.885 0.082295
9.89 0.0822148
9.895 0.0821347
9.9 0.0820547
9.905 0.0819749
9.91 0.0818952
9.915 0.0818155
9.92 0.081736
9.925 0.0816566
9.93 0.0815774
9.935 0.0814982
9.94 0.0814191
9.945 0.0813402
9.95 0.0812614
9.955 0.0811826
9.96 0.081104
9.965 0.0810255
9.97 0.0809472
9.975 0.0808689
9.98 0.0807907
9.985 0.0807127
9.99 0.0806348
9.995 0.0805569
