0 -nan
0.005 0.976531
0.01 0.424609
0.015 0.0729406
0.02 0.124999
0.025 0.803823
0.03 0.0379165
0.035 0.044852
0.04 0.554282
0.045 0.0334573
0.05 0.3923
0.055 0.135111
0.06 0.0577584
0.065 0.742612
0.07 0.0751767
0.075 0.53953
0.08 0.656309
0.085 0.4694
0.09 0.0864335
0.095 0.166371
0.1 0.696319
0.105 0.0824823
0.11 0.490053
0.115 0.141164
0.12 0.518047
0.125 0.00730481
0.13 0.524452
0.135 0.22275
0.14 0.0639203
0.145 0.487035
0.15 0.325044
0.155 0.00770702
0.16 0.215158
0.165 0.483102
0.17 0.340132
0.175 0.0572004
0.18 0.0458996
0.185 0.283483
0.19 0.463573
0.195 0.404565
0.2 0.19185
0.205 0.0280847
0.21 0.0364547
0.215 0.190259
0.22 0.370665
0.225 0.465113
0.23 0.430644
0.235 0.299264
0.24 0.143738
0.245 0.0346951
0.25 0.011483
0.255 0.0741862
0.26 0.192655
0.265 0.323494
0.27 0.426592
0.275 0.476088
0.28 0.464324
0.285 0.39991
0.29 0.302265
0.295 0.19506
0.3 0.100407
0.305 0.0348399
0.31 0.00737302
0.315 0.0194042
0.32 0.0659507
0.325 0.137623
0.33 0.22281
0.335 0.309676
0.34 0.387732
0.345 0.448878
0.35 0.487916
0.355 0.502612
0.36 0.493418
0.365 0.462967
0.37 0.415462
0.375 0.356036
0.38 0.290171
0.385 0.223192
0.39 0.159891
0.395 0.104257
0.4 0.0593223
0.405 0.027114
0.41 0.0086757
0.415 0.00415404
0.42 0.0129249
0.425 0.0337422
0.43 0.0648949
0.435 0.104362
0.44 0.149955
0.445 0.199445
0.45 0.250665
0.455 0.301598
0.46 0.35044
0.465 0.395637
0.47 0.435917
0.475 0.470294
0.48 0.49807
0.485 0.518814
0.49 0.532347
0.495 0.538716
0.5 0.538156
0.505 0.53107
0.51 0.517989
0.515 0.499544
0.52 0.476439
0.525 0.449421
0.53 0.419259
0.535 0.386724
0.54 0.352566
0.545 0.317509
0.55 0.282227
0.555 0.247348
0.56 0.213436
0.565 0.180994
0.57 0.15046
0.575 0.122204
0.58 0.0965329
0.585 0.0736882
0.59 0.0538514
0.595 0.0371471
0.6 0.0236472
0.605 0.013375
0.61 0.00631041
0.615 0.00239442
0.62 0.00153421
0.625 0.00360776
0.63 0.00846842
0.635 0.0159493
0.64 0.0258672
0.645 0.0380268
0.65 0.0522239
0.655 0.0682484
0.66 0.0858877
0.665 0.104929
0.67 0.125161
0.675 0.146378
0.68 0.168378
0.685 0.190968
0.69 0.213961
0.695 0.237182
0.7 0.260464
0.705 0.283651
0.71 0.306598
0.715 0.329172
0.72 0.351251
0.725 0.372723
0.73 0.393487
0.735 0.413456
0.74 0.43255
0.745 0.450702
0.75 0.467852
0.755 0.483953
0.76 0.498963
0.765 0.512852
0.77 0.525597
0.775 0.53718
0.78 0.547594
0.785 0.556836
0.79 0.564908
0.795 0.57182
0.8 0.577586
0.805 0.582223
0.81 0.585755
0.815 0.588206
0.82 0.589606
0.825 0.589986
0.83 0.589381
0.835 0.587827
0.84 0.585361
0.845 0.582024
0.85 0.577855
0.855 0.572896
0.86 0.567188
0.865 0.560774
0.87 0.553697
0.875 0.545998
0.88 0.537721
0.885 0.528906
0.89 0.519595
0.895 0.509829
0.9 0.499647
0.905 0.48909
0.91 0.478195
0.915 0.466999
0.92 0.455539
0.925 0.44385
0.93 0.431966
0.935 0.419919
0.94 0.407741
0.945 0.395462
0.95 0.383111
0.955 0.370717
0.96 0.358305
0.965 0.345901
0.97 0.333529
0.975 0.321212
0.98 0.308971
0.985 0.296826
0.99 0.284797
0.995 0.272903
1 0.261159
1.005 0.249581
1.01 0.238184
1.015 0.226983
1.02 0.215988
1.025 0.205213
1.03 0.194668
1.035 0.184362
1.04 0.174305
1.045 0.164504
1.05 0.154966
1.055 0.145699
1.06 0.136707
1.065 0.127997
1.07 0.119571
1.075 0.111433
1.08 0.103587
1.085 0.0960354
1.09 0.0887791
1.095 0.0818198
1.1 0.0751583
1.105 0.0687948
1.11 0.0627292
1.115 0.0569609
1.12 0.0514888
1.125 0.0463117
1.13 0.0414279
1.135 0.0368351
1.14 0.0325312
1.145 0.0285134
1.15 0.0247789
1.155 0.0213245
1.16 0.0181468
1.165 0.0152422
1.17 0.0126069
1.175 0.0102369
1.18 0.00812824
1.185 0.00627652
1.19 0.00467738
1.195 0.00332629
1.2 0.00221864
1.205 0.00134973
1.21 0.000714755
1.215 0.000308867
1.22 0.000127149
1.225 0.000164637
1.23 0.00041633
1.235 0.000877196
1.24 0.00154218
1.245 0.00240623
1.25 0.00346426
1.255 0.0047112
1.26 0.006142
1.265 0.0077516
1.27 0.00953497
1.275 0.0114871
1.28 0.0136031
1.285 0.0158779
1.29 0.0183067
1.295 0.0208845
1.3 0.0236067
1.305 0.0264684
1.31 0.0294649
1.315 0.0325916
1.32 0.0358439
1.325 0.0392172
1.33 0.0427071
1.335 0.0463092
1.34 0.0500191
1.345 0.0538326
1.35 0.0577455
1.355 0.0617536
1.36 0.0658529
1.365 0.0700393
1.37 0.0743091
1.375 0.0786583
1.38 0.0830832
1.385 0.08758
1.39 0.0921453
1.395 0.0967753
1.4 0.101467
1.405 0.106216
1.41 0.11102
1.415 0.115876
1.42 0.120779
1.425 0.125728
1.43 0.130719
1.435 0.135749
1.44 0.140816
1.445 0.145916
1.45 0.151046
1.455 0.156205
1.46 0.161389
1.465 0.166597
1.47 0.171824
1.475 0.17707
1.48 0.182331
1.485 0.187607
1.49 0.192893
1.495 0.198188
1.5 0.203491
1.505 0.208798
1.51 0.214109
1.515 0.219421
1.52 0.224732
1.525 0.230041
1.53 0.235346
1.535 0.240644
1.54 0.245936
1.545 0.251218
1.55 0.25649
1.555 0.26175
1.56 0.266996
1.565 0.272228
1.57 0.277443
1.575 0.282642
1.58 0.287821
1.585 0.292981
1.59 0.29812
1.595 0.303237
1.6 0.30833
1.605 0.3134
1.61 0.318445
1.615 0.323463
1.62 0.328455
1.625 0.333419
1.63 0.338354
1.635 0.34326
1.64 0.348136
1.645 0.352981
1.65 0.357794
1.655 0.362576
1.66 0.367324
1.665 0.372039
1.67 0.37672
1.675 0.381367
1.68 0.385978
1.685 0.390554
1.69 0.395094
1.695 0.399598
1.7 0.404065
1.705 0.408494
1.71 0.412886
1.715 0.41724
1.72 0.421557
1.725 0.425834
1.73 0.430073
1.735 0.434273
1.74 0.438433
1.745 0.442554
1.75 0.446636
1.755 0.450678
1.76 0.454679
1.765 0.458641
1.77 0.462562
1.775 0.466443
1.78 0.470284
1.785 0.474084
1.79 0.477844
1.795 0.481563
1.8 0.485241
1.805 0.488879
1.81 0.492476
1.815 0.496033
1.82 0.499549
1.825 0.503024
1.83 0.506458
1.835 0.509852
1.84 0.513206
1.845 0.516519
1.85 0.519792
1.855 0.523025
1.86 0.526218
1.865 0.52937
1.87 0.532483
1.875 0.535555
1.88 0.538589
1.885 0.541582
1.89 0.544537
1.895 0.547452
1.9 0.550328
1.905 0.553165
1.91 0.555963
1.915 0.558723
1.92 0.561444
1.925 0.564127
1.93 0.566772
1.935 0.56938
1.94 0.571949
1.945 0.574482
1.95 0.576977
1.955 0.579435
1.96 0.581856
1.965 0.584241
1.97 0.58659
1.975 0.588902
1.98 0.591178
1.985 0.593419
1.99 0.595624
1.995 0.597795
2 0.59993
2.005 0.60203
2.01 0.604096
2.015 0.606128
2.02 0.608126
2.025 0.61009
2.03 0.612021
2.035 0.613918
2.04 0.615783
2.045 0.617614
2.05 0.619414
2.055 0.621181
2.06 0.622916
2.065 0.624619
2.07 0.626291
2.075 0.627932
2.08 0.629542
2.085 0.631121
2.09 0.63267
2.095 0.634188
2.1 0.635677
2.105 0.637136
2.11 0.638566
2.115 0.639967
2.12 0.641338
2.125 0.642681
2.13 0.643996
2.135 0.645283
2.14 0.646542
2.145 0.647773
2.15 0.648977
2.155 0.650154
2.16 0.651304
2.165 0.652428
2.17 0.653525
2.175 0.654596
2.18 0.655641
2.185 0.656661
2.19 0.657656
2.195 0.658625
2.2 0.65957
2.205 0.66049
2.21 0.661386
2.215 0.662257
2.22 0.663105
2.225 0.66393
2.23 0.664731
2.235 0.665508
2.24 0.666263
2.245 0.666996
2.25 0.667706
2.255 0.668394
2.26 0.669059
2.265 0.669704
2.27 0.670326
2.275 0.670928
2.28 0.671508
2.285 0.672068
2.29 0.672607
2.295 0.673126
2.3 0.673624
2.305 0.674103
2.31 0.674562
2.315 0.675002
2.32 0.675422
2.325 0.675823
2.33 0.676206
2.335 0.67657
2.34 0.676915
2.345 0.677242
2.35 0.677552
2.355 0.677843
2.36 0.678117
2.365 0.678374
2.37 0.678613
2.375 0.678835
2.38 0.679041
2.385 0.67923
2.39 0.679403
2.395 0.679559
2.4 0.679699
2.405 0.679824
2.41 0.679933
2.415 0.680026
2.42 0.680105
2.425 0.680168
2.43 0.680216
2.435 0.680249
2.44 0.680268
2.445 0.680273
2.45 0.680263
2.455 0.68024
2.46 0.680202
2.465 0.680151
2.47 0.680086
2.475 0.680008
2.48 0.679917
2.485 0.679813
2.49 0.679696
2.495 0.679566
2.5 0.679424
2.505 0.679269
2.51 0.679102
2.515 0.678923
2.52 0.678732
2.525 0.67853
2.53 0.678316
2.535 0.67809
2.54 0.677853
2.545 0.677605
2.55 0.677346
2.555 0.677076
2.56 0.676795
2.565 0.676504
2.57 0.676202
2.575 0.67589
2.58 0.675568
2.585 0.675236
2.59 0.674894
2.595 0.674542
2.6 0.67418
2.605 0.673809
2.61 0.673429
2.615 0.673039
2.62 0.67264
2.625 0.672233
2.63 0.671816
2.635 0.67139
2.64 0.670956
2.645 0.670514
2.65 0.670063
2.655 0.669604
2.66 0.669137
2.665 0.668661
2.67 0.668178
2.675 0.667687
2.68 0.667188
2.685 0.666682
2.69 0.666168
2.695 0.665646
2.7 0.665118
2.705 0.664582
2.71 0.66404
2.715 0.66349
2.72 0.662933
2.725 0.66237
2.73 0.6618
2.735 0.661224
2.74 0.660641
2.745 0.660052
2.75 0.659456
2.755 0.658855
2.76 0.658247
2.765 0.657633
2.77 0.657014
2.775 0.656389
2.78 0.655758
2.785 0.655121
2.79 0.654479
2.795 0.653831
2.8 0.653178
2.805 0.65252
2.81 0.651857
2.815 0.651188
2.82 0.650515
2.825 0.649837
2.83 0.649153
2.835 0.648465
2.84 0.647773
2.845 0.647075
2.85 0.646374
2.855 0.645667
2.86 0.644957
2.865 0.644242
2.87 0.643523
2.875 0.642799
2.88 0.642072
2.885 0.64134
2.89 0.640605
2.895 0.639866
2.9 0.639123
2.905 0.638376
2.91 0.637625
2.915 0.636871
2.92 0.636114
2.925 0.635353
2.93 0.634588
2.935 0.63382
2.94 0.633049
2.945 0.632275
2.95 0.631497
2.955 0.630717
2.96 0.629933
2.965 0.629147
2.97 0.628357
2.975 0.627565
2.98 0.62677
2.985 0.625972
2.99 0.625171
2.995 0.624368
3 0.623562
3.005 0.622754
3.01 0.621943
3.015 0.62113
3.02 0.620314
3.025 0.619496
3.03 0.618676
3.035 0.617854
3.04 0.617029
3.045 0.616202
3.05 0.615373
3.055 0.614543
3.06 0.61371
3.065 0.612875
3.07 0.612039
3.075 0.6112
3.08 0.61036
3.085 0.609518
3.09 0.608675
3.095 0.607829
3.1 0.606982
3.105 0.606134
3.11 0.605284
3.115 0.604432
3.12 0.60358
3.125 0.602725
3.13 0.60187
3.135 0.601013
3.14 0.600154
3.145 0.599295
3.15 0.598434
3.155 0.597572
3.16 0.596709
3.165 0.595845
3.17 0.594979
3.175 0.594113
3.18 0.593246
3.185 0.592378
3.19 0.591509
3.195 0.590639
3.2 0.589768
3.205 0.588896
3.21 0.588023
3.215 0.58715
3.22 0.586276
3.225 0.585402
3.23 0.584526
3.235 0.58365
3.24 0.582774
3.245 0.581897
3.25 0.581019
3.255 0.580141
3.26 0.579262
3.265 0.578383
3.27 0.577503
3.275 0.576623
3.28 0.575743
3.285 0.574862
3.29 0.573981
3.295 0.5731
3.3 0.572219
3.305 0.571337
3.31 0.570455
3.315 0.569573
3.32 0.56869
3.325 0.567808
3.33 0.566925
3.335 0.566043
3.34 0.56516
3.345 0.564277
3.35 0.563394
3.355 0.562511
3.36 0.561629
3.365 0.560746
3.37 0.559863
3.375 0.55898
3.38 0.558098
3.385 0.557216
3.39 0.556333
3.395 0.555451
3.4 0.554569
3.405 0.553688
3.41 0.552806
3.415 0.551925
3.42 0.551044
3.425 0.550164
3.43 0.549283
3.435 0.548403
3.44 0.547524
3.445 0.546644
3.45 0.545765
3.455 0.544887
3.46 0.544009
3.465 0.543131
3.47 0.542254
3.475 0.541377
3.48 0.5405
3.485 0.539625
3.49 0.538749
3.495 0.537874
3.5 0.537
3.505 0.536126
3.51 0.535253
3.515 0.53438
3.52 0.533508
3.525 0.532637
3.53 0.531766
3.535 0.530896
3.54 0.530027
3.545 0.529158
3.55 0.52829
3.555 0.527422
3.56 0.526555
3.565 0.525689
3.57 0.524824
3.575 0.523959
3.58 0.523095
3.585 0.522232
3.59 0.52137
3.595 0.520509
3.6 0.519648
3.605 0.518788
3.61 0.517929
3.615 0.51707
3.62 0.516213
3.625 0.515356
3.63 0.514501
3.635 0.513646
3.64 0.512792
3.645 0.511939
3.65 0.511086
3.655 0.510235
3.66 0.509385
3.665 0.508535
3.67 0.507687
3.675 0.506839
3.68 0.505992
3.685 0.505147
3.69 0.504302
3.695 0.503458
3.7 0.502615
3.705 0.501774
3.71 0.500933
3.715 0.500093
3.72 0.499254
3.725 0.498417
3.73 0.49758
3.735 0.496744
3.74 0.49591
3.745 0.495076
3.75 0.494244
3.755 0.493412
3.76 0.492582
3.765 0.491753
3.77 0.490924
3.775 0.490097
3.78 0.489271
3.785 0.488446
3.79 0.487623
3.795 0.4868
3.8 0.485978
3.805 0.485158
3.81 0.484339
3.815 0.48352
3.82 0.482703
3.825 0.481888
3.83 0.481073
3.835 0.480259
3.84 0.479447
3.845 0.478636
3.85 0.477826
3.855 0.477017
3.86 0.476209
3.865 0.475403
3.87 0.474597
3.875 0.473793
3.88 0.47299
3.885 0.472189
3.89 0.471388
3.895 0.470589
3.9 0.469791
3.905 0.468994
3.91 0.468198
3.915 0.467404
3.92 0.466611
3.925 0.465819
3.93 0.465028
3.935 0.464238
3.94 0.46345
3.945 0.462663
3.95 0.461877
3.955 0.461093
3.96 0.46031
3.965 0.459528
3.97 0.458747
3.975 0.457967
3.98 0.457189
3.985 0.456412
3.99 0.455637
3.995 0.454862
4 0.454089
4.005 0.453317
4.01 0.452547
4.015 0.451777
4.02 0.451009
4.025 0.450243
4.03 0.449477
4.035 0.448713
4.04 0.44795
4.045 0.447189
4.05 0.446429
4.055 0.44567
4.06 0.444912
4.065 0.444155
4.07 0.4434
4.075 0.442647
4.08 0.441894
4.085 0.441143
4.09 0.440393
4.095 0.439645
4.1 0.438897
4.105 0.438151
4.11 0.437407
4.115 0.436663
4.12 0.435921
4.125 0.435181
4.13 0.434441
4.135 0.433703
4.14 0.432967
4.145 0.432231
4.15 0.431497
4.155 0.430764
4.16 0.430033
4.165 0.429302
4.17 0.428574
4.175 0.427846
4.18 0.42712
4.185 0.426395
4.19 0.425671
4.195 0.424949
4.2 0.424228
4.205 0.423509
4.21 0.42279
4.215 0.422073
4.22 0.421358
4.225 0.420643
4.23 0.41993
4.235 0.419219
4.24 0.418508
4.245 0.417799
4.25 0.417091
4.255 0.416385
4.26 0.41568
4.265 0.414976
4.27 0.414274
4.275 0.413572
4.28 0.412873
4.285 0.412174
4.29 0.411477
4.295 0.410781
4.3 0.410087
4.305 0.409393
4.31 0.408701
4.315 0.408011
4.32 0.407322
4.325 0.406634
4.33 0.405947
4.335 0.405262
4.34 0.404577
4.345 0.403895
4.35 0.403213
4.355 0.402533
4.36 0.401854
4.365 0.401177
4.37 0.400501
4.375 0.399826
4.38 0.399152
4.385 0.39848
4.39 0.397809
4.395 0.397139
4.4 0.396471
4.405 0.395804
4.41 0.395138
4.415 0.394474
4.42 0.393811
4.425 0.393149
4.43 0.392488
4.435 0.391829
4.44 0.391171
4.445 0.390514
4.45 0.389859
4.455 0.389205
4.46 0.388552
4.465 0.3879
4.47 0.38725
4.475 0.386601
4.48 0.385953
4.485 0.385307
4.49 0.384662
4.495 0.384018
4.5 0.383376
4.505 0.382734
4.51 0.382094
4.515 0.381455
4.52 0.380818
4.525 0.380182
4.53 0.379547
4.535 0.378913
4.54 0.378281
4.545 0.37765
4.55 0.37702
4.555 0.376391
4.56 0.375764
4.565 0.375138
4.57 0.374513
4.575 0.373889
4.58 0.373267
4.585 0.372646
4.59 0.372026
4.595 0.371408
4.6 0.37079
4.605 0.370174
4.61 0.369559
4.615 0.368946
4.62 0.368333
4.625 0.367722
4.63 0.367112
4.635 0.366504
4.64 0.365896
4.645 0.36529
4.65 0.364685
4.655 0.364081
4.66 0.363479
4.665 0.362878
4.67 0.362277
4.675 0.361679
4.68 0.361081
4.685 0.360485
4.69 0.359889
4.695 0.359295
4.7 0.358703
4.705 0.358111
4.71 0.357521
4.715 0.356932
4.72 0.356344
4.725 0.355757
4.73 0.355171
4.735 0.354587
4.74 0.354004
4.745 0.353422
4.75 0.352841
4.755 0.352262
4.76 0.351683
4.765 0.351106
4.77 0.35053
4.775 0.349955
4.78 0.349382
4.785 0.348809
4.79 0.348238
4.795 0.347668
4.8 0.347099
4.805 0.346531
4.81 0.345964
4.815 0.345399
4.82 0.344835
4.825 0.344271
4.83 0.343709
4.835 0.343149
4.84 0.342589
4.845 0.34203
4.85 0.341473
4.855 0.340917
4.86 0.340362
4.865 0.339808
4.87 0.339255
4.875 0.338704
4.88 0.338153
4.885 0.337604
4.89 0.337056
4.895 0.336509
4.9 0.335963
4.905 0.335418
4.91 0.334874
4.915 0.334332
4.92 0.33379
4.925 0.33325
4.93 0.332711
4.935 0.332172
4.94 0.331636
4.945 0.3311
4.95 0.330565
4.955 0.330031
4.96 0.329499
4.965 0.328967
4.97 0.328437
4.975 0.327908
4.98 0.32738
4.985 0.326853
4.99 0.326327
4.995 0.325802
5 0.325278
5.005 0.324755
5.01 0.324234
5.015 0.323713
5.02 0.323194
5.025 0.322675
5.03 0.322158
5.035 0.321642
5.04 0.321127
5.045 0.320613
5.05 0.3201
5.055 0.319588
5.06 0.319077
5.065 0.318567
5.07 0.318058
5.075 0.317551
5.08 0.317044
5.085 0.316538
5.09 0.316034
5.095 0.31553
5.1 0.315028
5.105 0.314527
5.11 0.314026
5.115 0.313527
5.12 0.313029
5.125 0.312531
5.13 0.312035
5.135 0.31154
5.14 0.311046
5.145 0.310553
5.15 0.310061
5.155 0.30957
5.16 0.30908
5.165 0.30859
5.17 0.308102
5.175 0.307615
5.18 0.307129
5.185 0.306644
5.19 0.30616
5.195 0.305678
5.2 0.305196
5.205 0.304715
5.21 0.304235
5.215 0.303756
5.22 0.303278
5.225 0.302801
5.23 0.302325
5.235 0.30185
5.24 0.301376
5.245 0.300903
5.25 0.300431
5.255 0.299959
5.26 0.299489
5.265 0.29902
5.27 0.298552
5.275 0.298085
5.28 0.297619
5.285 0.297153
5.29 0.296689
5.295 0.296226
5.3 0.295763
5.305 0.295302
5.31 0.294842
5.315 0.294382
5.32 0.293924
5.325 0.293466
5.33 0.293009
5.335 0.292554
5.34 0.292099
5.345 0.291645
5.35 0.291192
5.355 0.29074
5.36 0.290289
5.365 0.289839
5.37 0.28939
5.375 0.288942
5.38 0.288495
5.385 0.288048
5.39 0.287603
5.395 0.287159
5.4 0.286715
5.405 0.286272
5.41 0.285831
5.415 0.28539
5.42 0.28495
5.425 0.284511
5.43 0.284073
5.435 0.283636
5.44 0.283199
5.445 0.282764
5.45 0.282329
5.455 0.281896
5.46 0.281463
5.465 0.281031
5.47 0.2806
5.475 0.28017
5.48 0.279741
5.485 0.279313
5.49 0.278886
5.495 0.278459
5.5 0.278034
5.505 0.277609
5.51 0.277185
5.515 0.276762
5.52 0.27634
5.525 0.275919
5.53 0.275498
5.535 0.275079
5.54 0.27466
5.545 0.274242
5.55 0.273825
5.555 0.273409
5.56 0.272994
5.565 0.27258
5.57 0.272166
5.575 0.271754
5.58 0.271342
5.585 0.270931
5.59 0.270521
5.595 0.270111
5.6 0.269703
5.605 0.269295
5.61 0.268889
5.615 0.268483
5.62 0.268078
5.625 0.267673
5.63 0.26727
5.635 0.266867
5.64 0.266466
5.645 0.266065
5.65 0.265664
5.655 0.265265
5.66 0.264867
5.665 0.264469
5.67 0.264072
5.675 0.263676
5.68 0.263281
5.685 0.262886
5.69 0.262493
5.695 0.2621
5.7 0.261708
5.705 0.261317
5.71 0.260926
5.715 0.260536
5.72 0.260148
5.725 0.25976
5.73 0.259372
5.735 0.258986
5.74 0.2586
5.745 0.258215
5.75 0.257831
5.755 0.257448
5.76 0.257065
5.765 0.256683
5.77 0.256302
5.775 0.255922
5.78 0.255543
5.785 0.255164
5.79 0.254786
5.795 0.254409
5.8 0.254033
5.805 0.253657
5.81 0.253282
5.815 0.252908
5.82 0.252535
5.825 0.252162
5.83 0.25179
5.835 0.251419
5.84 0.251049
5.845 0.250679
5.85 0.250311
5.855 0.249943
5.86 0.249575
5.865 0.249209
5.87 0.248843
5.875 0.248478
5.88 0.248113
5.885 0.24775
5.89 0.247387
5.895 0.247025
5.9 0.246663
5.905 0.246303
5.91 0.245943
5.915 0.245583
5.92 0.245225
5.925 0.244867
5.93 0.24451
5.935 0.244153
5.94 0.243798
5.945 0.243443
5.95 0.243089
5.955 0.242735
5.96 0.242382
5.965 0.24203
5.97 0.241679
5.975 0.241328
5.98 0.240978
5.985 0.240629
5.99 0.24028
5.995 0.239933
6 0.239585
6.005 0.239239
6.01 0.238893
6.015 0.238548
6.02 0.238204
6.025 0.23786
6.03 0.237517
6.035 0.237175
6.04 0.236833
6.045 0.236492
6.05 0.236152
6.055 0.235812
6.06 0.235473
6.065 0.235135
6.07 0.234797
6.075 0.23446
6.08 0.234124
6.085 0.233788
6.09 0.233454
6.095 0.233119
6.1 0.232786
6.105 0.232453
6.11 0.232121
6.115 0.231789
6.12 0.231458
6.125 0.231128
6.13 0.230798
6.135 0.230469
6.14 0.230141
6.145 0.229813
6.15 0.229486
6.155 0.22916
6.16 0.228834
6.165 0.228509
6.17 0.228185
6.175 0.227861
6.18 0.227538
6.185 0.227215
6.19 0.226893
6.195 0.226572
6.2 0.226252
6.205 0.225932
6.21 0.225612
6.215 0.225294
6.22 0.224976
6.225 0.224658
6.23 0.224341
6.235 0.224025
6.24 0.22371
6.245 0.223395
6.25 0.22308
6.255 0.222767
6.26 0.222453
6.265 0.222141
6.27 0.221829
6.275 0.221518
6.28 0.221207
6.285 0.220897
6.29 0.220588
6.295 0.220279
6.3 0.219971
6.305 0.219663
6.31 0.219356
6.315 0.21905
6.32 0.218744
6.325 0.218439
6.33 0.218134
6.335 0.21783
6.34 0.217527
6.345 0.217224
6.35 0.216922
6.355 0.21662
6.36 0.216319
6.365 0.216018
6.37 0.215718
6.375 0.215419
6.38 0.21512
6.385 0.214822
6.39 0.214525
6.395 0.214228
6.4 0.213931
6.405 0.213635
6.41 0.21334
6.415 0.213046
6.42 0.212751
6.425 0.212458
6.43 0.212165
6.435 0.211873
6.44 0.211581
6.445 0.211289
6.45 0.210999
6.455 0.210709
6.46 0.210419
6.465 0.21013
6.47 0.209841
6.475 0.209554
6.48 0.209266
6.485 0.208979
6.49 0.208693
6.495 0.208408
6.5 0.208122
6.505 0.207838
6.51 0.207554
6.515 0.20727
6.52 0.206987
6.525 0.206705
6.53 0.206423
6.535 0.206142
6.54 0.205861
6.545 0.205581
6.55 0.205301
6.555 0.205022
6.56 0.204743
6.565 0.204465
6.57 0.204188
6.575 0.20391
6.58 0.203634
6.585 0.203358
6.59 0.203083
6.595 0.202808
6.6 0.202533
6.605 0.202259
6.61 0.201986
6.615 0.201713
6.62 0.201441
6.625 0.201169
6.63 0.200898
6.635 0.200627
6.64 0.200357
6.645 0.200087
6.65 0.199818
6.655 0.199549
6.66 0.199281
6.665 0.199013
6.67 0.198746
6.675 0.19848
6.68 0.198213
6.685 0.197948
6.69 0.197683
6.695 0.197418
6.7 0.197154
6.705 0.19689
6.71 0.196627
6.715 0.196365
6.72 0.196102
6.725 0.195841
6.73 0.19558
6.735 0.195319
6.74 0.195059
6.745 0.194799
6.75 0.19454
6.755 0.194281
6.76 0.194023
6.765 0.193765
6.77 0.193508
6.775 0.193251
6.78 0.192995
6.785 0.192739
6.79 0.192484
6.795 0.192229
6.8 0.191975
6.805 0.191721
6.81 0.191468
6.815 0.191215
6.82 0.190962
6.825 0.19071
6.83 0.190459
6.835 0.190208
6.84 0.189957
6.845 0.189707
6.85 0.189457
6.855 0.189208
6.86 0.18896
6.865 0.188711
6.87 0.188464
6.875 0.188216
6.88 0.18797
6.885 0.187723
6.89 0.187477
6.895 0.187232
6.9 0.186987
6.905 0.186742
6.91 0.186498
6.915 0.186255
6.92 0.186011
6.925 0.185769
6.93 0.185526
6.935 0.185285
6.94 0.185043
6.945 0.184802
6.95 0.184562
6.955 0.184322
6.96 0.184082
6.965 0.183843
6.97 0.183604
6.975 0.183366
6.98 0.183128
6.985 0.182891
6.99 0.182654
6.995 0.182417
7 0.182181
7.005 0.181946
7.01 0.18171
7.015 0.181476
7.02 0.181241
7.025 0.181007
7.03 0.180774
7.035 0.180541
7.04 0.180308
7.045 0.180076
7.05 0.179844
7.055 0.179613
7.06 0.179382
7.065 0.179152
7.07 0.178921
7.075 0.178692
7.08 0.178463
7.085 0.178234
7.09 0.178005
7.095 0.177777
7.1 0.17755
7.105 0.177323
7.11 0.177096
7.115 0.17687
7.12 0.176644
7.125 0.176418
7.13 0.176193
7.135 0.175969
7.14 0.175744
7.145 0.175521
7.15 0.175297
7.155 0.175074
7.16 0.174851
7.165 0.174629
7.17 0.174407
7.175 0.174186
7.18 0.173965
7.185 0.173744
7.19 0.173524
7.195 0.173304
7.2 0.173085
7.205 0.172866
7.21 0.172647
7.215 0.172429
7.22 0.172211
7.225 0.171994
7.23 0.171777
7.235 0.17156
7.24 0.171344
7.245 0.171128
7.25 0.170913
7.255 0.170698
7.26 0.170483
7.265 0.170269
7.27 0.170055
7.275 0.169841
7.28 0.169628
7.285 0.169415
7.29 0.169203
7.295 0.168991
7.3 0.168779
7.305 0.168568
7.31 0.168357
7.315 0.168147
7.32 0.167936
7.325 0.167727
7.33 0.167517
7.335 0.167308
7.34 0.1671
7.345 0.166891
7.35 0.166684
7.355 0.166476
7.36 0.166269
7.365 0.166062
7.37 0.165856
7.375 0.16565
7.38 0.165444
7.385 0.165239
7.39 0.165034
7.395 0.164829
7.4 0.164625
7.405 0.164421
7.41 0.164218
7.415 0.164015
7.42 0.163812
7.425 0.16361
7.43 0.163408
7.435 0.163206
7.44 0.163005
7.445 0.162804
7.45 0.162603
7.455 0.162403
7.46 0.162203
7.465 0.162003
7.47 0.161804
7.475 0.161605
7.48 0.161407
7.485 0.161209
7.49 0.161011
7.495 0.160814
7.5 0.160617
7.505 0.16042
7.51 0.160223
7.515 0.160027
7.52 0.159832
7.525 0.159636
7.53 0.159441
7.535 0.159247
7.54 0.159052
7.545 0.158858
7.55 0.158665
7.555 0.158471
7.56 0.158279
7.565 0.158086
7.57 0.157894
7.575 0.157702
7.58 0.15751
7.585 0.157319
7.59 0.157128
7.595 0.156937
7.6 0.156747
7.605 0.156557
7.61 0.156367
7.615 0.156178
7.62 0.155989
7.625 0.155801
7.63 0.155612
7.635 0.155424
7.64 0.155237
7.645 0.155049
7.65 0.154862
7.655 0.154676
7.66 0.154489
7.665 0.154303
7.67 0.154118
7.675 0.153932
7.68 0.153747
7.685 0.153562
7.69 0.153378
7.695 0.153194
7.7 0.15301
7.705 0.152827
7.71 0.152644
7.715 0.152461
7.72 0.152278
7.725 0.152096
7.73 0.151914
7.735 0.151733
7.74 0.151551
7.745 0.15137
7.75 0.15119
7.755 0.15101
7.76 0.15083
7.765 0.15065
7.77 0.15047
7.775 0.150291
7.78 0.150113
7.785 0.149934
7.79 0.149756
7.795 0.149578
7.8 0.149401
7.805 0.149223
7.81 0.149046
7.815 0.14887
7.82 0.148693
7.825 0.148517
7.83 0.148342
7.835 0.148166
7.84 0.147991
7.845 0.147816
7.85 0.147642
7.855 0.147468
7.86 0.147294
7.865 0.14712
7.87 0.146947
7.875 0.146774
7.88 0.146601
7.885 0.146428
7.89 0.146256
7.895 0.146084
7.9 0.145913
7.905 0.145741
7.91 0.14557
7.915 0.1454
7.92 0.145229
7.925 0.145059
7.93 0.144889
7.935 0.14472
7.94 0.144551
7.945 0.144382
7.95 0.144213
7.955 0.144044
7.96 0.143876
7.965 0.143708
7.97 0.143541
7.975 0.143374
7.98 0.143207
7.985 0.14304
7.99 0.142873
7.995 0.142707
8 0.142541
8.005 0.142376
8.01 0.142211
8.015 0.142046
8.02 0.141881
8.025 0.141716
8.03 0.141552
8.035 0.141388
8.04 0.141224
8.045 0.141061
8.05 0.140898
8.055 0.140735
8.06 0.140573
8.065 0.14041
8.07 0.140248
8.075 0.140087
8.08 0.139925
8.085 0.139764
8.09 0.139603
8.095 0.139442
8.1 0.139282
8.105 0.139122
8.11 0.138962
8.115 0.138802
8.12 0.138643
8.125 0.138484
8.13 0.138325
8.135 0.138166
8.14 0.138008
8.145 0.13785
8.15 0.137692
8.155 0.137535
8.16 0.137378
8.165 0.137221
8.17 0.137064
8.175 0.136908
8.18 0.136751
8.185 0.136595
8.19 0.13644
8.195 0.136284
8.2 0.136129
8.205 0.135974
8.21 0.13582
8.215 0.135665
8.22 0.135511
8.225 0.135357
8.23 0.135203
8.235 0.13505
8.24 0.134897
8.245 0.134744
8.25 0.134591
8.255 0.134439
8.26 0.134287
8.265 0.134135
8.27 0.133983
8.275 0.133832
8.28 0.133681
8.285 0.13353
8.29 0.133379
8.295 0.133229
8.3 0.133079
8.305 0.132929
8.31 0.132779
8.315 0.13263
8.32 0.132481
8.325 0.132332
8.33 0.132183
8.335 0.132035
8.34 0.131887
8.345 0.131739
8.35 0.131591
8.355 0.131443
8.36 0.131296
8.365 0.131149
8.37 0.131003
8.375 0.130856
8.38 0.13071
8.385 0.130564
8.39 0.130418
8.395 0.130272
8.4 0.130127
8.405 0.129982
8.41 0.129837
8.415 0.129692
8.42 0.129548
8.425 0.129404
8.43 0.12926
8.435 0.129116
8.44 0.128973
8.445 0.12883
8.45 0.128687
8.455 0.128544
8.46 0.128401
8.465 0.128259
8.47 0.128117
8.475 0.127975
8.48 0.127834
8.485 0.127692
8.49 0.127551
8.495 0.12741
8.5 0.127269
8.505 0.127129
8.51 0.126989
8.515 0.126849
8.52 0.126709
8.525 0.126569
8.53 0.12643
8.535 0.126291
8.54 0.126152
8.545 0.126013
8.55 0.125875
8.555 0.125736
8.56 0.125598
8.565 0.125461
8.57 0.125323
8.575 0.125186
8.58 0.125049
8.585 0.124912
8.59 0.124775
8.595 0.124638
8.6 0.124502
8.605 0.124366
8.61 0.12423
8.615 0.124095
8.62 0.123959
8.625 0.123824
8.63 0.123689
8.635 0.123554
8.64 0.12342
8.645 0.123285
8.65 0.123151
8.655 0.123017
8.66 0.122884
8.665 0.12275
8.67 0.122617
8.675 0.122484
8.68 0.122351
8.685 0.122218
8.69 0.122086
8.695 0.121954
8.7 0.121822
8.705 0.12169
8.71 0.121558
8.715 0.121427
8.72 0.121296
8.725 0.121165
8.73 0.121034
8.735 0.120903
8.74 0.120773
8.745 0.120643
8.75 0.120513
8.755 0.120383
8.76 0.120254
8.765 0.120124
8.77 0.119995
8.775 0.119866
8.78 0.119738
8.785 0.119609
8.79 0.119481
8.795 0.119353
8.8 0.119225
8.805 0.119097
8.81 0.118969
8.815 0.118842
8.82 0.118715
8.825 0.118588
8.83 0.118461
8.835 0.118335
8.84 0.118208
8.845 0.118082
8.85 0.117956
8.855 0.117831
8.86 0.117705
8.865 0.11758
8.87 0.117454
8.875 0.117329
8.88 0.117205
8.885 0.11708
8.89 0.116956
8.895 0.116832
8.9 0.116708
8.905 0.116584
8.91 0.11646
8.915 0.116337
8.92 0.116213
8.925 0.11609
8.93 0.115968
8.935 0.115845
8.94 0.115722
8.945 0.1156
8.95 0.115478
8.955 0.115356
8.96 0.115234
8.965 0.115113
8.97 0.114991
8.975 0.11487
8.98 0.114749
8.985 0.114629
8.99 0.114508
8.995 0.114387
9 0.114267
9.005 0.114147
9.01 0.114027
9.015 0.113908
9.02 0.113788
9.025 0.113669
9.03 0.11355
9.035 0.113431
9.04 0.113312
9.045 0.113193
9.05 0.113075
9.055 0.112957
9.06 0.112839
9.065 0.112721
9.07 0.112603
9.075 0.112486
9.08 0.112368
9.085 0.112251
9.09 0.112134
9.095 0.112017
9.1 0.111901
9.105 0.111784
9.11 0.111668
9.115 0.111552
9.12 0.111436
9.125 0.11132
9.13 0.111205
9.135 0.111089
9.14 0.110974
9.145 0.110859
9.15 0.110744
9.155 0.11063
9.16 0.110515
9.165 0.110401
9.17 0.110287
9.175 0.110173
9.18 0.110059
9.185 0.109945
9.19 0.109832
9.195 0.109718
9.2 0.109605
9.205 0.109492
9.21 0.10938
9.215 0.109267
9.22 0.109155
9.225 0.109042
9.23 0.10893
9.235 0.108818
9.24 0.108706
9.245 0.108595
9.25 0.108483
9.255 0.108372
9.26 0.108261
9.265 0.10815
9.27 0.108039
9.275 0.107929
9.28 0.107818
9.285 0.107708
9.29 0.107598
9.295 0.107488
9.3 0.107378
9.305 0.107269
9.31 0.107159
9.315 0.10705
9.32 0.106941
9.325 0.106832
9.33 0.106723
9.335 0.106614
9.34 0.106506
9.345 0.106397
9.35 0.106289
9.355 0.106181
9.36 0.106074
9.365 0.105966
9.37 0.105858
9.375 0.105751
9.38 0.105644
9.385 0.105537
9.39 0.10543
9.395 0.105323
9.4 0.105217
9.405 0.10511
9.41 0.105004
9.415 0.104898
9.42 0.104792
9.425 0.104686
9.43 0.104581
9.435 0.104475
9.44 0.10437
9.445 0.104265
9.45 0.10416
9.455 0.104055
9.46 0.10395
9.465 0.103846
9.47 0.103741
9.475 0.103637
9.48 0.103533
9.485 0.103429
9.49 0.103325
9.495 0.103222
9.5 0.103118
9.505 0.103015
9.51 0.102912
9.515 0.102809
9.52 0.102706
9.525 0.102603
9.53 0.102501
9.535 0.102398
9.54 0.102296
9.545 0.102194
9.55 0.102092
9.555 0.10199
9.56 0.101888
9.565 0.101787
9.57 0.101686
9.575 0.101584
9.58 0.101483
9.585 0.101382
9.59 0.101282
9.595 0.101181
9.6 0.101081
9.605 0.10098
9.61 0.10088
9.615 0.10078
9.62 0.10068
9.625 0.10058
9.63 0.100481
9.635 0.100381
9.64 0.100282
9.645 0.100183
9.65 0.100084
9.655 0.099985
9.66 0.0998862
9.665 0.0997876
9.67 0.0996892
9.675 0.0995909
9.68 0.0994927
9.685 0.0993947
9.69 0.0992968
9.695 0.0991991
9.7 0.0991015
9.705 0.099004
9.71 0.0989067
9.715 0.0988095
9.72 0.0987125
9.725 0.0986156
9.73 0.0985188
9.735 0.0984222
9.74 0.0983257
9.745 0.0982294
9.75 0.0981332
9.755 0.0980371
9.76 0.0979412
9.765 0.0978454
9.77 0.0977497
9.775 0.0976542
9.78 0.0975588
9.785 0.0974636
9.79 0.0973685
9.795 0.0972735
9.8 0.0971787
9.805 0.097084
9.81 0.0969894
9.815 0.096895
9.82 0.0968007
9.825 0.0967066
9.83 0.0966126
9.835 0.0965187
9.84 0.0964249
9.845 0.0963313
9.85 0.0962378
9.855 0.0961445
9.86 0.0960512
9.865 0.0959581
9.87 0.0958652
9.875 0.0957724
9.88 0.0956797
9.885 0.0955871
9.89 0.0954947
9.895 0.0954024
9.9 0.0953102
9.905 0.0952182
9.91 0.0951263
9.915 0.0950345
9.92 0.0949429
9.925 0.0948514
9.93 0.09476
9.935 0.0946687
9.94 0.0945776
9.945 0.0944866
9.95 0.0943957
9.955 0.094305
9.96 0.0942144
9.965 0.0941239
9.97 0.0940335
9.975 0.0939433
9.98 0.0938532
9.985 0.0937632
9.99 0.0936734
9.995 0.0935837
