0 -nan
0.005 0.806009
0.01 0.197888
0.015 0.936915
0.02 0.592789
0.025 0.339289
0.03 0.0279962
0.035 0.244971
0.04 0.267517
0.045 0.179585
0.05 0.11932
0.055 0.119245
0.06 0.162741
0.065 0.226132
0.07 0.292271
0.075 0.351642
0.08 0.40018
0.085 0.437027
0.09 0.462965
0.095 0.479466
0.1 0.488177
0.105 0.490666
0.11 0.488312
0.115 0.482276
0.12 0.473506
0.125 0.462763
0.13 0.450648
0.135 0.437633
0.14 0.424079
0.145 0.410267
0.15 0.396406
0.155 0.382655
0.16 0.369132
0.165 0.355918
0.17 0.343075
0.175 0.330642
0.18 0.318643
0.185 0.307093
0.19 0.295995
0.195 0.285349
0.2 0.275148
0.205 0.265382
0.21 0.256038
0.215 0.247104
0.22 0.238563
0.225 0.230399
0.23 0.222598
0.235 0.215142
0.24 0.208015
0.245 0.201203
0.25 0.194691
0.255 0.188463
0.26 0.182505
0.265 0.176805
0.27 0.171348
0.275 0.166124
0.28 0.16112
0.285 0.156326
0.29 0.15173
0.295 0.147323
0.3 0.143096
0.305 0.139039
0.31 0.135144
0.315 0.131403
0.32 0.127809
0.325 0.124355
0.33 0.121033
0.335 0.117837
0.34 0.114762
0.345 0.111802
0.35 0.10895
0.355 0.106203
0.36 0.103556
0.365 0.101003
0.37 0.0985407
0.375 0.0961648
0.38 0.0938716
0.385 0.0916573
0.39 0.0895185
0.395 0.0874518
0.4 0.0854542
0.405 0.0835227
0.41 0.0816545
0.415 0.0798469
0.42 0.0780975
0.425 0.0764037
0.43 0.0747634
0.435 0.0731743
0.44 0.0716344
0.445 0.0701418
0.45 0.0686944
0.455 0.0672907
0.46 0.0659288
0.465 0.0646072
0.47 0.0633242
0.475 0.0620786
0.48 0.0608687
0.485 0.0596934
0.49 0.0585513
0.495 0.0574412
0.5 0.0563619
0.505 0.0553124
0.51 0.0542915
0.515 0.0532983
0.52 0.0523317
0.525 0.0513909
0.53 0.0504749
0.535 0.0495828
0.54 0.048714
0.545 0.0478675
0.55 0.0470427
0.555 0.0462388
0.56 0.045455
0.565 0.0446909
0.57 0.0439456
0.575 0.0432187
0.58 0.0425094
0.585 0.0418173
0.59 0.0411419
0.595 0.0404825
0.6 0.0398386
0.605 0.0392099
0.61 0.0385958
0.615 0.0379959
0.62 0.0374098
0.625 0.036837
0.63 0.0362772
0.635 0.0357299
0.64 0.0351948
0.645 0.0346716
0.65 0.0341598
0.655 0.0336593
0.66 0.0331695
0.665 0.0326903
0.67 0.0322213
0.675 0.0317623
0.68 0.031313
0.685 0.030873
0.69 0.0304422
0.695 0.0300203
0.7 0.029607
0.705 0.0292022
0.71 0.0288056
0.715 0.0284169
0.72 0.028036
0.725 0.0276627
0.73 0.0272967
0.735 0.0269379
0.74 0.0265861
0.745 0.0262411
0.75 0.0259027
0.755 0.0255708
0.76 0.0252452
0.765 0.0249258
0.77 0.0246123
0.775 0.0243047
0.78 0.0240028
0.785 0.0237065
0.79 0.0234155
0.795 0.0231299
0.8 0.0228495
0.805 0.022574
0.81 0.0223036
0.815 0.0220379
0.82 0.0217769
0.825 0.0215205
0.83 0.0212686
0.835 0.0210211
0.84 0.0207778
0.845 0.0205388
0.85 0.0203038
0.855 0.0200728
0.86 0.0198457
0.865 0.0196224
0.87 0.0194029
0.875 0.019187
0.88 0.0189746
0.885 0.0187658
0.89 0.0185604
0.895 0.0183583
0.9 0.0181595
0.905 0.0179639
0.91 0.0177714
0.915 0.017582
0.92 0.0173956
0.925 0.0172121
0.93 0.0170315
0.935 0.0168538
0.94 0.0166788
0.945 0.0165064
0.95 0.0163368
0.955 0.0161697
0.96 0.0160052
0.965 0.0158431
0.97 0.0156835
0.975 0.0155263
0.98 0.0153715
0.985 0.0152189
0.99 0.0150686
0.995 0.0149205
1 0.0147745
1.005 0.0146307
1.01 0.014489
1.015 0.0143493
1.02 0.0142116
1.025 0.0140759
1.03 0.0139421
1.035 0.0138103
1.04 0.0136802
1.045 0.013552
1.05 0.0134256
1.055 0.0133009
1.06 0.013178
1.065 0.0130567
1.07 0.0129371
1.075 0.0128192
1.08 0.0127028
1.085 0.012588
1.09 0.0124748
1.095 0.0123631
1.1 0.0122528
1.105 0.0121441
1.11 0.0120368
1.115 0.0119308
1.12 0.0118263
1.125 0.0117231
1.13 0.0116213
1.135 0.0115208
1.14 0.0114216
1.145 0.0113237
1.15 0.011227
1.155 0.0111315
1.16 0.0110373
1.165 0.0109442
1.17 0.0108524
1.175 0.0107616
1.18 0.010672
1.185 0.0105835
1.19 0.0104961
1.195 0.0104098
1.2 0.0103245
1.205 0.0102403
1.21 0.0101571
1.215 0.0100749
1.22 0.00999372
1.225 0.0099135
1.23 0.00983424
1.235 0.00975592
1.24 0.00967853
1.245 0.00960205
1.25 0.00952648
1.255 0.0094518
1.26 0.00937799
1.265 0.00930503
1.27 0.00923293
1.275 0.00916165
1.28 0.0090912
1.285 0.00902156
1.29 0.00895271
1.295 0.00888465
1.3 0.00881735
1.305 0.00875082
1.31 0.00868504
1.315 0.00861999
1.32 0.00855567
1.325 0.00849207
1.33 0.00842917
1.335 0.00836697
1.34 0.00830545
1.345 0.00824461
1.35 0.00818443
1.355 0.00812491
1.36 0.00806604
1.365 0.0080078
1.37 0.00795018
1.375 0.00789319
1.38 0.00783681
1.385 0.00778102
1.39 0.00772583
1.395 0.00767123
1.4 0.0076172
1.405 0.00756374
1.41 0.00751084
1.415 0.00745849
1.42 0.00740668
1.425 0.00735541
1.43 0.00730467
1.435 0.00725446
1.44 0.00720476
1.445 0.00715557
1.45 0.00710688
1.455 0.00705868
1.46 0.00701097
1.465 0.00696374
1.47 0.00691699
1.475 0.00687071
1.48 0.00682489
1.485 0.00677952
1.49 0.00673461
1.495 0.00669014
1.5 0.00664611
1.505 0.00660251
1.51 0.00655934
1.515 0.00651659
1.52 0.00647425
1.525 0.00643233
1.53 0.00639081
1.535 0.00634969
1.54 0.00630897
1.545 0.00626863
1.55 0.00622869
1.555 0.00618912
1.56 0.00614993
1.565 0.0061111
1.57 0.00607265
1.575 0.00603455
1.58 0.00599682
1.585 0.00595943
1.59 0.0059224
1.595 0.0058857
1.6 0.00584935
1.605 0.00581333
1.61 0.00577764
1.615 0.00574228
1.62 0.00570725
1.625 0.00567253
1.63 0.00563813
1.635 0.00560404
1.64 0.00557026
1.645 0.00553678
1.65 0.0055036
1.655 0.00547072
1.66 0.00543814
1.665 0.00540584
1.67 0.00537383
1.675 0.0053421
1.68 0.00531066
1.685 0.00527948
1.69 0.00524859
1.695 0.00521796
1.7 0.0051876
1.705 0.0051575
1.71 0.00512767
1.715 0.00509809
1.72 0.00506877
1.725 0.0050397
1.73 0.00501088
1.735 0.0049823
1.74 0.00495397
1.745 0.00492588
1.75 0.00489803
1.755 0.00487041
1.76 0.00484303
1.765 0.00481587
1.77 0.00478894
1.775 0.00476224
1.78 0.00473576
1.785 0.0047095
1.79 0.00468346
1.795 0.00465764
1.8 0.00463202
1.805 0.00460662
1.81 0.00458142
1.815 0.00455643
1.82 0.00453165
1.825 0.00450706
1.83 0.00448268
1.835 0.00445849
1.84 0.0044345
1.845 0.0044107
1.85 0.00438709
1.855 0.00436367
1.86 0.00434044
1.865 0.00431739
1.87 0.00429453
1.875 0.00427184
1.88 0.00424934
1.885 0.00422701
1.89 0.00420486
1.895 0.00418288
1.9 0.00416107
1.905 0.00413944
1.91 0.00411797
1.915 0.00409667
1.92 0.00407553
1.925 0.00405455
1.93 0.00403374
1.935 0.00401309
1.94 0.00399259
1.945 0.00397225
1.95 0.00395207
1.955 0.00393204
1.96 0.00391216
1.965 0.00389243
1.97 0.00387285
1.975 0.00385342
1.98 0.00383413
1.985 0.00381499
1.99 0.00379599
1.995 0.00377713
2 0.00375842
2.005 0.00373984
2.01 0.00372139
2.015 0.00370309
2.02 0.00368492
2.025 0.00366688
2.03 0.00364897
2.035 0.0036312
2.04 0.00361355
2.045 0.00359604
2.05 0.00357864
2.055 0.00356138
2.06 0.00354424
2.065 0.00352722
2.07 0.00351033
2.075 0.00349355
2.08 0.0034769
2.085 0.00346037
2.09 0.00344395
2.095 0.00342765
2.1 0.00341146
2.105 0.00339539
2.11 0.00337943
2.115 0.00336359
2.12 0.00334785
2.125 0.00333223
2.13 0.00331671
2.135 0.0033013
2.14 0.003286
2.145 0.00327081
2.15 0.00325572
2.155 0.00324073
2.16 0.00322585
2.165 0.00321107
2.17 0.00319639
2.175 0.00318182
2.18 0.00316734
2.185 0.00315296
2.19 0.00313867
2.195 0.00312449
2.2 0.0031104
2.205 0.0030964
2.21 0.0030825
2.215 0.00306869
2.22 0.00305498
2.225 0.00304136
2.23 0.00302782
2.235 0.00301438
2.24 0.00300103
2.245 0.00298776
2.25 0.00297459
2.255 0.0029615
2.26 0.00294849
2.265 0.00293558
2.27 0.00292274
2.275 0.00290999
2.28 0.00289733
2.285 0.00288474
2.29 0.00287224
2.295 0.00285982
2.3 0.00284748
2.305 0.00283522
2.31 0.00282303
2.315 0.00281093
2.32 0.0027989
2.325 0.00278695
2.33 0.00277508
2.335 0.00276328
2.34 0.00275156
2.345 0.00273991
2.35 0.00272834
2.355 0.00271684
2.36 0.00270541
2.365 0.00269405
2.37 0.00268277
2.375 0.00267155
2.38 0.00266041
2.385 0.00264933
2.39 0.00263833
2.395 0.00262739
2.4 0.00261652
2.405 0.00260572
2.41 0.00259498
2.415 0.00258431
2.42 0.00257371
2.425 0.00256317
2.43 0.0025527
2.435 0.00254229
2.44 0.00253194
2.445 0.00252166
2.45 0.00251144
2.455 0.00250128
2.46 0.00249118
2.465 0.00248114
2.47 0.00247117
2.475 0.00246125
2.48 0.00245139
2.485 0.0024416
2.49 0.00243186
2.495 0.00242218
2.5 0.00241255
2.505 0.00240299
2.51 0.00239348
2.515 0.00238403
2.52 0.00237463
2.525 0.00236529
2.53 0.002356
2.535 0.00234677
2.54 0.00233759
2.545 0.00232847
2.55 0.0023194
2.555 0.00231038
2.56 0.00230141
2.565 0.0022925
2.57 0.00228364
2.575 0.00227483
2.58 0.00226607
2.585 0.00225736
2.59 0.0022487
2.595 0.00224009
2.6 0.00223153
2.605 0.00222302
2.61 0.00221456
2.615 0.00220614
2.62 0.00219778
2.625 0.00218946
2.63 0.00218119
2.635 0.00217296
2.64 0.00216478
2.645 0.00215665
2.65 0.00214856
2.655 0.00214052
2.66 0.00213252
2.665 0.00212457
2.67 0.00211667
2.675 0.0021088
2.68 0.00210098
2.685 0.00209321
2.69 0.00208547
2.695 0.00207778
2.7 0.00207013
2.705 0.00206253
2.71 0.00205497
2.715 0.00204744
2.72 0.00203996
2.725 0.00203252
2.73 0.00202512
2.735 0.00201776
2.74 0.00201044
2.745 0.00200316
2.75 0.00199592
2.755 0.00198872
2.76 0.00198156
2.765 0.00197444
2.77 0.00196735
2.775 0.0019603
2.78 0.00195329
2.785 0.00194632
2.79 0.00193939
2.795 0.00193249
2.8 0.00192563
2.805 0.00191881
2.81 0.00191202
2.815 0.00190526
2.82 0.00189855
2.825 0.00189187
2.83 0.00188522
2.835 0.00187861
2.84 0.00187203
2.845 0.00186549
2.85 0.00185898
2.855 0.00185251
2.86 0.00184607
2.865 0.00183966
2.87 0.00183329
2.875 0.00182695
2.88 0.00182064
2.885 0.00181437
2.89 0.00180813
2.895 0.00180192
2.9 0.00179574
2.905 0.00178959
2.91 0.00178348
2.915 0.00177739
2.92 0.00177134
2.925 0.00176532
2.93 0.00175933
2.935 0.00175337
2.94 0.00174744
2.945 0.00174154
2.95 0.00173567
2.955 0.00172982
2.96 0.00172401
2.965 0.00171823
2.97 0.00171248
2.975 0.00170675
2.98 0.00170106
2.985 0.00169539
2.99 0.00168975
2.995 0.00168414
3 0.00167856
3.005 0.001673
3.01 0.00166747
3.015 0.00166197
3.02 0.0016565
3.025 0.00165105
3.03 0.00164563
3.035 0.00164024
3.04 0.00163487
3.045 0.00162953
3.05 0.00162422
3.055 0.00161893
3.06 0.00161367
3.065 0.00160843
3.07 0.00160322
3.075 0.00159803
3.08 0.00159287
3.085 0.00158774
3.09 0.00158263
3.095 0.00157754
3.1 0.00157248
3.105 0.00156744
3.11 0.00156243
3.115 0.00155744
3.12 0.00155247
3.125 0.00154753
3.13 0.00154261
3.135 0.00153772
3.14 0.00153284
3.145 0.001528
3.15 0.00152317
3.155 0.00151837
3.16 0.00151359
3.165 0.00150883
3.17 0.00150409
3.175 0.00149938
3.18 0.00149469
3.185 0.00149002
3.19 0.00148537
3.195 0.00148075
3.2 0.00147614
3.205 0.00147156
3.21 0.001467
3.215 0.00146246
3.22 0.00145794
3.225 0.00145344
3.23 0.00144897
3.235 0.00144451
3.24 0.00144007
3.245 0.00143566
3.25 0.00143126
3.255 0.00142689
3.26 0.00142253
3.265 0.0014182
3.27 0.00141388
3.275 0.00140958
3.28 0.00140531
3.285 0.00140105
3.29 0.00139681
3.295 0.0013926
3.3 0.0013884
3.305 0.00138422
3.31 0.00138005
3.315 0.00137591
3.32 0.00137179
3.325 0.00136768
3.33 0.00136359
3.335 0.00135952
3.34 0.00135547
3.345 0.00135144
3.35 0.00134743
3.355 0.00134343
3.36 0.00133945
3.365 0.00133549
3.37 0.00133155
3.375 0.00132762
3.38 0.00132371
3.385 0.00131982
3.39 0.00131594
3.395 0.00131208
3.4 0.00130824
3.405 0.00130442
3.41 0.00130061
3.415 0.00129682
3.42 0.00129305
3.425 0.00128929
3.43 0.00128555
3.435 0.00128182
3.44 0.00127812
3.445 0.00127442
3.45 0.00127075
3.455 0.00126708
3.46 0.00126344
3.465 0.00125981
3.47 0.0012562
3.475 0.0012526
3.48 0.00124902
3.485 0.00124545
3.49 0.0012419
3.495 0.00123836
3.5 0.00123484
3.505 0.00123133
3.51 0.00122784
3.515 0.00122436
3.52 0.0012209
3.525 0.00121745
3.53 0.00121402
3.535 0.0012106
3.54 0.00120719
3.545 0.0012038
3.55 0.00120043
3.555 0.00119707
3.56 0.00119372
3.565 0.00119038
3.57 0.00118707
3.575 0.00118376
3.58 0.00118047
3.585 0.00117719
3.59 0.00117393
3.595 0.00117067
3.6 0.00116744
3.605 0.00116421
3.61 0.001161
3.615 0.0011578
3.62 0.00115462
3.625 0.00115145
3.63 0.00114829
3.635 0.00114515
3.64 0.00114201
3.645 0.00113889
3.65 0.00113579
3.655 0.00113269
3.66 0.00112961
3.665 0.00112654
3.67 0.00112349
3.675 0.00112044
3.68 0.00111741
3.685 0.00111439
3.69 0.00111139
3.695 0.00110839
3.7 0.00110541
3.705 0.00110244
3.71 0.00109948
3.715 0.00109653
3.72 0.0010936
3.725 0.00109067
3.73 0.00108776
3.735 0.00108486
3.74 0.00108197
3.745 0.0010791
3.75 0.00107623
3.755 0.00107338
3.76 0.00107053
3.765 0.0010677
3.77 0.00106488
3.775 0.00106207
3.78 0.00105927
3.785 0.00105649
3.79 0.00105371
3.795 0.00105095
3.8 0.00104819
3.805 0.00104545
3.81 0.00104272
3.815 0.00103999
3.82 0.00103728
3.825 0.00103458
3.83 0.00103189
3.835 0.00102921
3.84 0.00102654
3.845 0.00102389
3.85 0.00102124
3.855 0.0010186
3.86 0.00101597
3.865 0.00101335
3.87 0.00101074
3.875 0.00100815
3.88 0.00100556
3.885 0.00100298
3.89 0.00100041
3.895 0.000997855
3.9 0.000995307
3.905 0.000992768
3.91 0.000990239
3.915 0.00098772
3.92 0.000985211
3.925 0.000982711
3.93 0.00098022
3.935 0.000977739
3.94 0.000975267
3.945 0.000972805
3.95 0.000970352
3.955 0.000967908
3.96 0.000965474
3.965 0.000963049
3.97 0.000960632
3.975 0.000958225
3.98 0.000955827
3.985 0.000953438
3.99 0.000951058
3.995 0.000948687
4 0.000946324
4.005 0.000943971
4.01 0.000941626
4.015 0.00093929
4.02 0.000936962
4.025 0.000934643
4.03 0.000932333
4.035 0.000930032
4.04 0.000927738
4.045 0.000925454
4.05 0.000923178
4.055 0.00092091
4.06 0.00091865
4.065 0.000916399
4.07 0.000914156
4.075 0.000911921
4.08 0.000909695
4.085 0.000907476
4.09 0.000905266
4.095 0.000903064
4.1 0.00090087
4.105 0.000898684
4.11 0.000896505
4.115 0.000894335
4.12 0.000892173
4.125 0.000890018
4.13 0.000887871
4.135 0.000885732
4.14 0.000883601
4.145 0.000881477
4.15 0.000879361
4.155 0.000877252
4.16 0.000875152
4.165 0.000873058
4.17 0.000870972
4.175 0.000868894
4.18 0.000866823
4.185 0.00086476
4.19 0.000862703
4.195 0.000860654
4.2 0.000858613
4.205 0.000856579
4.21 0.000854552
4.215 0.000852532
4.22 0.000850519
4.225 0.000848513
4.23 0.000846515
4.235 0.000844523
4.24 0.000842539
4.245 0.000840561
4.25 0.000838591
4.255 0.000836627
4.26 0.00083467
4.265 0.00083272
4.27 0.000830777
4.275 0.000828841
4.28 0.000826912
4.285 0.000824989
4.29 0.000823073
4.295 0.000821163
4.3 0.000819261
4.305 0.000817364
4.31 0.000815475
4.315 0.000813592
4.32 0.000811715
4.325 0.000809845
4.33 0.000807982
4.335 0.000806124
4.34 0.000804274
4.345 0.000802429
4.35 0.000800591
4.355 0.000798759
4.36 0.000796934
4.365 0.000795115
4.37 0.000793302
4.375 0.000791495
4.38 0.000789694
4.385 0.0007879
4.39 0.000786111
4.395 0.000784329
4.4 0.000782553
4.405 0.000780782
4.41 0.000779018
4.415 0.00077726
4.42 0.000775507
4.425 0.000773761
4.43 0.00077202
4.435 0.000770286
4.44 0.000768557
4.445 0.000766834
4.45 0.000765117
4.455 0.000763405
4.46 0.0007617
4.465 0.000759999
4.47 0.000758305
4.475 0.000756616
4.48 0.000754933
4.485 0.000753256
4.49 0.000751584
4.495 0.000749918
4.5 0.000748257
4.505 0.000746602
4.51 0.000744952
4.515 0.000743308
4.52 0.000741669
4.525 0.000740035
4.53 0.000738407
4.535 0.000736785
4.54 0.000735167
4.545 0.000733555
4.55 0.000731949
4.555 0.000730347
4.56 0.000728751
4.565 0.00072716
4.57 0.000725574
4.575 0.000723994
4.58 0.000722418
4.585 0.000720848
4.59 0.000719283
4.595 0.000717723
4.6 0.000716167
4.605 0.000714617
4.61 0.000713073
4.615 0.000711533
4.62 0.000709998
4.625 0.000708468
4.63 0.000706943
4.635 0.000705422
4.64 0.000703907
4.645 0.000702397
4.65 0.000700891
4.655 0.000699391
4.66 0.000697895
4.665 0.000696404
4.67 0.000694917
4.675 0.000693436
4.68 0.000691959
4.685 0.000690487
4.69 0.000689019
4.695 0.000687557
4.7 0.000686098
4.705 0.000684645
4.71 0.000683196
4.715 0.000681752
4.72 0.000680312
4.725 0.000678877
4.73 0.000677447
4.735 0.00067602
4.74 0.000674599
4.745 0.000673182
4.75 0.000671769
4.755 0.000670361
4.76 0.000668957
4.765 0.000667558
4.77 0.000666163
4.775 0.000664772
4.78 0.000663386
4.785 0.000662004
4.79 0.000660626
4.795 0.000659253
4.8 0.000657884
4.805 0.000656519
4.81 0.000655159
4.815 0.000653802
4.82 0.00065245
4.825 0.000651102
4.83 0.000649758
4.835 0.000648419
4.84 0.000647083
4.845 0.000645752
4.85 0.000644425
4.855 0.000643102
4.86 0.000641783
4.865 0.000640468
4.87 0.000639157
4.875 0.00063785
4.88 0.000636547
4.885 0.000635248
4.89 0.000633953
4.895 0.000632662
4.9 0.000631375
4.905 0.000630091
4.91 0.000628812
4.915 0.000627537
4.92 0.000626265
4.925 0.000624998
4.93 0.000623734
4.935 0.000622474
4.94 0.000621218
4.945 0.000619965
4.95 0.000618717
4.955 0.000617472
4.96 0.000616231
4.965 0.000614993
4.97 0.00061376
4.975 0.00061253
4.98 0.000611304
4.985 0.000610081
4.99 0.000608862
4.995 0.000607647
5 0.000606436
5.005 0.000605228
5.01 0.000604023
5.015 0.000602822
5.02 0.000601625
5.025 0.000600432
5.03 0.000599242
5.035 0.000598055
5.04 0.000596872
5.045 0.000595692
5.05 0.000594516
5.055 0.000593344
5.06 0.000592175
5.065 0.000591009
5.07 0.000589847
5.075 0.000588688
5.08 0.000587533
5.085 0.000586381
5.09 0.000585232
5.095 0.000584087
5.1 0.000582945
5.105 0.000581807
5.11 0.000580672
5.115 0.00057954
5.12 0.000578411
5.125 0.000577286
5.13 0.000576164
5.135 0.000575045
5.14 0.00057393
5.145 0.000572818
5.15 0.000571709
5.155 0.000570603
5.16 0.0005695
5.165 0.000568401
5.17 0.000567305
5.175 0.000566212
5.18 0.000565122
5.185 0.000564035
5.19 0.000562952
5.195 0.000561871
5.2 0.000560794
5.205 0.00055972
5.21 0.000558648
5.215 0.00055758
5.22 0.000556515
5.225 0.000555453
5.23 0.000554394
5.235 0.000553338
5.24 0.000552285
5.245 0.000551235
5.25 0.000550189
5.255 0.000549145
5.26 0.000548104
5.265 0.000547066
5.27 0.000546031
5.275 0.000544998
5.28 0.000543969
5.285 0.000542943
5.29 0.000541919
5.295 0.000540899
5.3 0.000539881
5.305 0.000538866
5.31 0.000537855
5.315 0.000536846
5.32 0.000535839
5.325 0.000534836
5.33 0.000533835
5.335 0.000532838
5.34 0.000531843
5.345 0.00053085
5.35 0.000529861
5.355 0.000528874
5.36 0.00052789
5.365 0.000526909
5.37 0.000525931
5.375 0.000524955
5.38 0.000523982
5.385 0.000523012
5.39 0.000522044
5.395 0.000521079
5.4 0.000520117
5.405 0.000519157
5.41 0.0005182
5.415 0.000517246
5.42 0.000516294
5.425 0.000515345
5.43 0.000514399
5.435 0.000513455
5.44 0.000512514
5.445 0.000511575
5.45 0.000510639
5.455 0.000509706
5.46 0.000508775
5.465 0.000507846
5.47 0.000506921
5.475 0.000505997
5.48 0.000505076
5.485 0.000504158
5.49 0.000503242
5.495 0.000502329
5.5 0.000501418
5.505 0.00050051
5.51 0.000499604
5.515 0.000498701
5.52 0.0004978
5.525 0.000496901
5.53 0.000496005
5.535 0.000495111
5.54 0.00049422
5.545 0.000493331
5.55 0.000492445
5.555 0.000491561
5.56 0.000490679
5.565 0.0004898
5.57 0.000488923
5.575 0.000488048
5.58 0.000487176
5.585 0.000486306
5.59 0.000485438
5.595 0.000484573
5.6 0.00048371
5.605 0.000482849
5.61 0.000481991
5.615 0.000481135
5.62 0.000480281
5.625 0.00047943
5.63 0.00047858
5.635 0.000477733
5.64 0.000476888
5.645 0.000476046
5.65 0.000475206
5.655 0.000474368
5.66 0.000473532
5.665 0.000472698
5.67 0.000471867
5.675 0.000471037
5.68 0.00047021
5.685 0.000469385
5.69 0.000468563
5.695 0.000467742
5.7 0.000466923
5.705 0.000466107
5.71 0.000465293
5.715 0.000464481
5.72 0.000463671
5.725 0.000462863
5.73 0.000462058
5.735 0.000461254
5.74 0.000460453
5.745 0.000459653
5.75 0.000458856
5.755 0.000458061
5.76 0.000457268
5.765 0.000456477
5.77 0.000455687
5.775 0.0004549
5.78 0.000454115
5.785 0.000453333
5.79 0.000452552
5.795 0.000451773
5.8 0.000450996
5.805 0.000450221
5.81 0.000449448
5.815 0.000448677
5.82 0.000447908
5.825 0.000447141
5.83 0.000446376
5.835 0.000445613
5.84 0.000444852
5.845 0.000444093
5.85 0.000443336
5.855 0.000442581
5.86 0.000441827
5.865 0.000441076
5.87 0.000440326
5.875 0.000439579
5.88 0.000438833
5.885 0.000438089
5.89 0.000437347
5.895 0.000436607
5.9 0.000435869
5.905 0.000435133
5.91 0.000434399
5.915 0.000433666
5.92 0.000432935
5.925 0.000432207
5.93 0.00043148
5.935 0.000430754
5.94 0.000430031
5.945 0.00042931
5.95 0.00042859
5.955 0.000427872
5.96 0.000427156
5.965 0.000426442
5.97 0.000425729
5.975 0.000425018
5.98 0.000424309
5.985 0.000423602
5.99 0.000422897
5.995 0.000422193
6 0.000421491
6.005 0.000420791
6.01 0.000420093
6.015 0.000419396
6.02 0.000418701
6.025 0.000418008
6.03 0.000417316
6.035 0.000416627
6.04 0.000415939
6.045 0.000415252
6.05 0.000414568
6.055 0.000413885
6.06 0.000413203
6.065 0.000412524
6.07 0.000411846
6.075 0.000411169
6.08 0.000410495
6.085 0.000409822
6.09 0.000409151
6.095 0.000408481
6.1 0.000407813
6.105 0.000407147
6.11 0.000406482
6.115 0.000405819
6.12 0.000405157
6.125 0.000404498
6.13 0.000403839
6.135 0.000403183
6.14 0.000402528
6.145 0.000401874
6.15 0.000401222
6.155 0.000400572
6.16 0.000399923
6.165 0.000399276
6.17 0.000398631
6.175 0.000397987
6.18 0.000397344
6.185 0.000396703
6.19 0.000396064
6.195 0.000395426
6.2 0.00039479
6.205 0.000394155
6.21 0.000393522
6.215 0.00039289
6.22 0.00039226
6.225 0.000391632
6.23 0.000391005
6.235 0.000390379
6.24 0.000389755
6.245 0.000389132
6.25 0.000388511
6.255 0.000387891
6.26 0.000387273
6.265 0.000386657
6.27 0.000386041
6.275 0.000385428
6.28 0.000384815
6.285 0.000384205
6.29 0.000383595
6.295 0.000382987
6.3 0.000382381
6.305 0.000381776
6.31 0.000381172
6.315 0.00038057
6.32 0.000379969
6.325 0.00037937
6.33 0.000378772
6.335 0.000378176
6.34 0.00037758
6.345 0.000376987
6.35 0.000376394
6.355 0.000375804
6.36 0.000375214
6.365 0.000374626
6.37 0.000374039
6.375 0.000373454
6.38 0.00037287
6.385 0.000372287
6.39 0.000371706
6.395 0.000371126
6.4 0.000370548
6.405 0.00036997
6.41 0.000369395
6.415 0.00036882
6.42 0.000368247
6.425 0.000367675
6.43 0.000367105
6.435 0.000366535
6.44 0.000365968
6.445 0.000365401
6.45 0.000364836
6.455 0.000364272
6.46 0.000363709
6.465 0.000363148
6.47 0.000362588
6.475 0.000362029
6.48 0.000361472
6.485 0.000360916
6.49 0.000360361
6.495 0.000359808
6.5 0.000359255
6.505 0.000358704
6.51 0.000358155
6.515 0.000357606
6.52 0.000357059
6.525 0.000356513
6.53 0.000355968
6.535 0.000355425
6.54 0.000354882
6.545 0.000354341
6.55 0.000353802
6.555 0.000353263
6.56 0.000352726
6.565 0.00035219
6.57 0.000351655
6.575 0.000351121
6.58 0.000350589
6.585 0.000350058
6.59 0.000349528
6.595 0.000348999
6.6 0.000348471
6.605 0.000347945
6.61 0.00034742
6.615 0.000346896
6.62 0.000346373
6.625 0.000345851
6.63 0.000345331
6.635 0.000344812
6.64 0.000344293
6.645 0.000343776
6.65 0.000343261
6.655 0.000342746
6.66 0.000342232
6.665 0.00034172
6.67 0.000341209
6.675 0.000340699
6.68 0.00034019
6.685 0.000339682
6.69 0.000339176
6.695 0.00033867
6.7 0.000338166
6.705 0.000337663
6.71 0.00033716
6.715 0.00033666
6.72 0.00033616
6.725 0.000335661
6.73 0.000335163
6.735 0.000334667
6.74 0.000334171
6.745 0.000333677
6.75 0.000333184
6.755 0.000332691
6.76 0.0003322
6.765 0.00033171
6.77 0.000331222
6.775 0.000330734
6.78 0.000330247
6.785 0.000329761
6.79 0.000329277
6.795 0.000328793
6.8 0.000328311
6.805 0.000327829
6.81 0.000327349
6.815 0.00032687
6.82 0.000326391
6.825 0.000325914
6.83 0.000325438
6.835 0.000324963
6.84 0.000324489
6.845 0.000324016
6.85 0.000323544
6.855 0.000323073
6.86 0.000322603
6.865 0.000322134
6.87 0.000321666
6.875 0.000321199
6.88 0.000320734
6.885 0.000320269
6.89 0.000319805
6.895 0.000319342
6.9 0.00031888
6.905 0.000318419
6.91 0.00031796
6.915 0.000317501
6.92 0.000317043
6.925 0.000316586
6.93 0.00031613
6.935 0.000315675
6.94 0.000315221
6.945 0.000314769
6.95 0.000314317
6.955 0.000313866
6.96 0.000313416
6.965 0.000312967
6.97 0.000312519
6.975 0.000312071
6.98 0.000311625
6.985 0.00031118
6.99 0.000310736
6.995 0.000310293
7 0.00030985
7.005 0.000309409
7.01 0.000308968
7.015 0.000308529
7.02 0.00030809
7.025 0.000307653
7.03 0.000307216
7.035 0.00030678
7.04 0.000306345
7.045 0.000305911
7.05 0.000305478
7.055 0.000305046
7.06 0.000304615
7.065 0.000304185
7.07 0.000303756
7.075 0.000303327
7.08 0.0003029
7.085 0.000302473
7.09 0.000302047
7.095 0.000301622
7.1 0.000301198
7.105 0.000300775
7.11 0.000300353
7.115 0.000299932
7.12 0.000299512
7.125 0.000299092
7.13 0.000298674
7.135 0.000298256
7.14 0.000297839
7.145 0.000297423
7.15 0.000297008
7.155 0.000296594
7.16 0.00029618
7.165 0.000295768
7.17 0.000295356
7.175 0.000294945
7.18 0.000294535
7.185 0.000294126
7.19 0.000293718
7.195 0.000293311
7.2 0.000292904
7.205 0.000292498
7.21 0.000292093
7.215 0.000291689
7.22 0.000291286
7.225 0.000290884
7.23 0.000290482
7.235 0.000290082
7.24 0.000289682
7.245 0.000289283
7.25 0.000288885
7.255 0.000288487
7.26 0.000288091
7.265 0.000287695
7.27 0.0002873
7.275 0.000286906
7.28 0.000286513
7.285 0.00028612
7.29 0.000285729
7.295 0.000285338
7.3 0.000284948
7.305 0.000284558
7.31 0.00028417
7.315 0.000283782
7.32 0.000283395
7.325 0.000283009
7.33 0.000282624
7.335 0.000282239
7.34 0.000281855
7.345 0.000281473
7.35 0.00028109
7.355 0.000280709
7.36 0.000280328
7.365 0.000279948
7.37 0.000279569
7.375 0.000279191
7.38 0.000278813
7.385 0.000278437
7.39 0.000278061
7.395 0.000277685
7.4 0.000277311
7.405 0.000276937
7.41 0.000276564
7.415 0.000276192
7.42 0.00027582
7.425 0.00027545
7.43 0.00027508
7.435 0.00027471
7.44 0.000274342
7.445 0.000273974
7.45 0.000273607
7.455 0.000273241
7.46 0.000272875
7.465 0.000272511
7.47 0.000272146
7.475 0.000271783
7.48 0.00027142
7.485 0.000271059
7.49 0.000270697
7.495 0.000270337
7.5 0.000269977
7.505 0.000269618
7.51 0.00026926
7.515 0.000268902
7.52 0.000268545
7.525 0.000268189
7.53 0.000267834
7.535 0.000267479
7.54 0.000267125
7.545 0.000266772
7.55 0.000266419
7.555 0.000266067
7.56 0.000265716
7.565 0.000265365
7.57 0.000265015
7.575 0.000264666
7.58 0.000264318
7.585 0.00026397
7.59 0.000263623
7.595 0.000263276
7.6 0.000262931
7.605 0.000262585
7.61 0.000262241
7.615 0.000261897
7.62 0.000261554
7.625 0.000261212
7.63 0.00026087
7.635 0.000260529
7.64 0.000260189
7.645 0.000259849
7.65 0.00025951
7.655 0.000259172
7.66 0.000258834
7.665 0.000258497
7.67 0.000258161
7.675 0.000257825
7.68 0.00025749
7.685 0.000257156
7.69 0.000256822
7.695 0.000256489
7.7 0.000256156
7.705 0.000255824
7.71 0.000255493
7.715 0.000255163
7.72 0.000254833
7.725 0.000254504
7.73 0.000254175
7.735 0.000253847
7.74 0.00025352
7.745 0.000253193
7.75 0.000252867
7.755 0.000252541
7.76 0.000252217
7.765 0.000251892
7.77 0.000251569
7.775 0.000251246
7.78 0.000250923
7.785 0.000250602
7.79 0.000250281
7.795 0.00024996
7.8 0.00024964
7.805 0.000249321
7.81 0.000249002
7.815 0.000248684
7.82 0.000248367
7.825 0.00024805
7.83 0.000247734
7.835 0.000247418
7.84 0.000247103
7.845 0.000246789
7.85 0.000246475
7.855 0.000246162
7.86 0.000245849
7.865 0.000245537
7.87 0.000245226
7.875 0.000244915
7.88 0.000244605
7.885 0.000244295
7.89 0.000243986
7.895 0.000243678
7.9 0.00024337
7.905 0.000243063
7.91 0.000242756
7.915 0.00024245
7.92 0.000242144
7.925 0.000241839
7.93 0.000241535
7.935 0.000241231
7.94 0.000240928
7.945 0.000240625
7.95 0.000240323
7.955 0.000240021
7.96 0.00023972
7.965 0.00023942
7.97 0.00023912
7.975 0.000238821
7.98 0.000238522
7.985 0.000238224
7.99 0.000237926
7.995 0.000237629
8 0.000237333
8.005 0.000237037
8.01 0.000236742
8.015 0.000236447
8.02 0.000236152
8.025 0.000235859
8.03 0.000235566
8.035 0.000235273
8.04 0.000234981
8.045 0.000234689
8.05 0.000234398
8.055 0.000234108
8.06 0.000233818
8.065 0.000233528
8.07 0.00023324
8.075 0.000232951
8.08 0.000232663
8.085 0.000232376
8.09 0.00023209
8.095 0.000231803
8.1 0.000231518
8.105 0.000231233
8.11 0.000230948
8.115 0.000230664
8.12 0.00023038
8.125 0.000230097
8.13 0.000229815
8.135 0.000229533
8.14 0.000229251
8.145 0.00022897
8.15 0.00022869
8.155 0.00022841
8.16 0.000228131
8.165 0.000227852
8.17 0.000227573
8.175 0.000227295
8.18 0.000227018
8.185 0.000226741
8.19 0.000226465
8.195 0.000226189
8.2 0.000225914
8.205 0.000225639
8.21 0.000225364
8.215 0.000225091
8.22 0.000224817
8.225 0.000224544
8.23 0.000224272
8.235 0.000224
8.24 0.000223729
8.245 0.000223458
8.25 0.000223188
8.255 0.000222918
8.26 0.000222648
8.265 0.000222379
8.27 0.000222111
8.275 0.000221843
8.28 0.000221576
8.285 0.000221309
8.29 0.000221042
8.295 0.000220776
8.3 0.000220511
8.305 0.000220246
8.31 0.000219981
8.315 0.000219717
8.32 0.000219453
8.325 0.00021919
8.33 0.000218927
8.335 0.000218665
8.34 0.000218403
8.345 0.000218142
8.35 0.000217881
8.355 0.000217621
8.36 0.000217361
8.365 0.000217102
8.37 0.000216843
8.375 0.000216584
8.38 0.000216326
8.385 0.000216069
8.39 0.000215812
8.395 0.000215555
8.4 0.000215299
8.405 0.000215043
8.41 0.000214788
8.415 0.000214533
8.42 0.000214279
8.425 0.000214025
8.43 0.000213772
8.435 0.000213519
8.44 0.000213266
8.445 0.000213014
8.45 0.000212762
8.455 0.000212511
8.46 0.00021226
8.465 0.00021201
8.47 0.00021176
8.475 0.000211511
8.48 0.000211262
8.485 0.000211013
8.49 0.000210765
8.495 0.000210517
8.5 0.00021027
8.505 0.000210023
8.51 0.000209777
8.515 0.000209531
8.52 0.000209285
8.525 0.00020904
8.53 0.000208796
8.535 0.000208552
8.54 0.000208308
8.545 0.000208064
8.55 0.000207821
8.555 0.000207579
8.56 0.000207337
8.565 0.000207095
8.57 0.000206854
8.575 0.000206613
8.58 0.000206373
8.585 0.000206133
8.59 0.000205893
8.595 0.000205654
8.6 0.000205415
8.605 0.000205177
8.61 0.000204939
8.615 0.000204702
8.62 0.000204465
8.625 0.000204228
8.63 0.000203992
8.635 0.000203756
8.64 0.00020352
8.645 0.000203285
8.65 0.000203051
8.655 0.000202817
8.66 0.000202583
8.665 0.000202349
8.67 0.000202116
8.675 0.000201884
8.68 0.000201652
8.685 0.00020142
8.69 0.000201188
8.695 0.000200957
8.7 0.000200727
8.705 0.000200497
8.71 0.000200267
8.715 0.000200037
8.72 0.000199808
8.725 0.00019958
8.73 0.000199351
8.735 0.000199124
8.74 0.000198896
8.745 0.000198669
8.75 0.000198442
8.755 0.000198216
8.76 0.00019799
8.765 0.000197765
8.77 0.00019754
8.775 0.000197315
8.78 0.000197091
8.785 0.000196867
8.79 0.000196643
8.795 0.00019642
8.8 0.000196197
8.805 0.000195974
8.81 0.000195752
8.815 0.000195531
8.82 0.000195309
8.825 0.000195088
8.83 0.000194868
8.835 0.000194648
8.84 0.000194428
8.845 0.000194208
8.85 0.000193989
8.855 0.000193771
8.86 0.000193552
8.865 0.000193334
8.87 0.000193117
8.875 0.000192899
8.88 0.000192683
8.885 0.000192466
8.89 0.00019225
8.895 0.000192034
8.9 0.000191819
8.905 0.000191604
8.91 0.000191389
8.915 0.000191175
8.92 0.000190961
8.925 0.000190747
8.93 0.000190534
8.935 0.000190321
8.94 0.000190108
8.945 0.000189896
8.95 0.000189684
8.955 0.000189473
8.96 0.000189262
8.965 0.000189051
8.97 0.000188841
8.975 0.00018863
8.98 0.000188421
8.985 0.000188211
8.99 0.000188002
8.995 0.000187794
9 0.000187585
9.005 0.000187377
9.01 0.00018717
9.015 0.000186962
9.02 0.000186756
9.025 0.000186549
9.03 0.000186343
9.035 0.000186137
9.04 0.000185931
9.045 0.000185726
9.05 0.000185521
9.055 0.000185317
9.06 0.000185112
9.065 0.000184908
9.07 0.000184705
9.075 0.000184502
9.08 0.000184299
9.085 0.000184096
9.09 0.000183894
9.095 0.000183692
9.1 0.000183491
9.105 0.000183289
9.11 0.000183089
9.115 0.000182888
9.12 0.000182688
9.125 0.000182488
9.13 0.000182288
9.135 0.000182089
9.14 0.00018189
9.145 0.000181692
9.15 0.000181493
9.155 0.000181295
9.16 0.000181098
9.165 0.000180901
9.17 0.000180704
9.175 0.000180507
9.18 0.000180311
9.185 0.000180115
9.19 0.000179919
9.195 0.000179724
9.2 0.000179529
9.205 0.000179334
9.21 0.000179139
9.215 0.000178945
9.22 0.000178752
9.225 0.000178558
9.23 0.000178365
9.235 0.000178172
9.24 0.00017798
9.245 0.000177787
9.25 0.000177595
9.255 0.000177404
9.26 0.000177213
9.265 0.000177022
9.27 0.000176831
9.275 0.000176641
9.28 0.000176451
9.285 0.000176261
9.29 0.000176071
9.295 0.000175882
9.3 0.000175693
9.305 0.000175505
9.31 0.000175317
9.315 0.000175129
9.32 0.000174941
9.325 0.000174754
9.33 0.000174567
9.335 0.00017438
9.34 0.000174194
9.345 0.000174008
9.35 0.000173822
9.355 0.000173636
9.36 0.000173451
9.365 0.000173266
9.37 0.000173082
9.375 0.000172897
9.38 0.000172713
9.385 0.000172529
9.39 0.000172346
9.395 0.000172163
9.4 0.00017198
9.405 0.000171797
9.41 0.000171615
9.415 0.000171433
9.42 0.000171251
9.425 0.00017107
9.43 0.000170889
9.435 0.000170708
9.44 0.000170527
9.445 0.000170347
9.45 0.000170167
9.455 0.000169987
9.46 0.000169808
9.465 0.000169629
9.47 0.00016945
9.475 0.000169271
9.48 0.000169093
9.485 0.000168915
9.49 0.000168737
9.495 0.00016856
9.5 0.000168383
9.505 0.000168206
9.51 0.000168029
9.515 0.000167853
9.52 0.000167677
9.525 0.000167501
9.53 0.000167326
9.535 0.000167151
9.54 0.000166976
9.545 0.000166801
9.55 0.000166627
9.555 0.000166452
9.56 0.000166279
9.565 0.000166105
9.57 0.000165932
9.575 0.000165759
9.58 0.000165586
9.585 0.000165413
9.59 0.000165241
9.595 0.000165069
9.6 0.000164898
9.605 0.000164726
9.61 0.000164555
9.615 0.000164384
9.62 0.000164213
9.625 0.000164043
9.63 0.000163873
9.635 0.000163703
9.64 0.000163534
9.645 0.000163364
9.65 0.000163195
9.655 0.000163026
9.66 0.000162858
9.665 0.00016269
9.67 0.000162522
9.675 0.000162354
9.68 0.000162187
9.685 0.000162019
9.69 0.000161852
9.695 0.000161686
9.7 0.000161519
9.705 0.000161353
9.71 0.000161187
9.715 0.000161021
9.72 0.000160856
9.725 0.000160691
9.73 0.000160526
9.735 0.000160361
9.74 0.000160197
9.745 0.000160033
9.75 0.000159869
9.755 0.000159705
9.76 0.000159542
9.765 0.000159379
9.77 0.000159216
9.775 0.000159053
9.78 0.000158891
9.785 0.000158729
9.79 0.000158567
9.795 0.000158405
9.8 0.000158244
9.805 0.000158083
9.81 0.000157922
9.815 0.000157761
9.82 0.000157601
9.825 0.00015744
9.83 0.000157281
9.835 0.000157121
9.84 0.000156961
9.845 0.000156802
9.85 0.000156643
9.855 0.000156485
9.86 0.000156326
9.865 0.000156168
9.87 0.00015601
9.875 0.000155852
9.88 0.000155695
9.885 0.000155537
9.89 0.00015538
9.895 0.000155223
9.9 0.000155067
9.905 0.000154911
9.91 0.000154754
9.915 0.000154599
9.92 0.000154443
9.925 0.000154288
9.93 0.000154132
9.935 0.000153978
9.94 0.000153823
9.945 0.000153668
9.95 0.000153514
9.955 0.00015336
9.96 0.000153206
9.965 0.000153053
9.97 0.0001529
9.975 0.000152747
9.98 0.000152594
9.985 0.000152441
9.99 0.000152289
9.995 0.000152137
