0 -nan
0.005 0.951141
0.01 0.356745
0.015 0.0452105
0.02 0.0845606
0.025 0.730521
0.03 0.059405
0.035 0.0364471
0.04 0.594754
0.045 0.0198367
0.05 0.31504
0.055 0.199174
0.06 0.0856386
0.065 0.650904
0.07 0.117723
0.075 0.613882
0.08 0.707203
0.085 0.533357
0.09 0.133979
0.095 0.101686
0.1 0.65395
0.105 0.125908
0.11 0.408335
0.115 0.186785
0.12 0.446251
0.125 0.0253791
0.13 0.51072
0.135 0.16305
0.14 0.0955993
0.145 0.471296
0.15 0.262224
0.155 0.009322
0.16 0.241288
0.165 0.453664
0.17 0.283297
0.175 0.0393593
0.18 0.0685021
0.185 0.29696
0.19 0.437194
0.195 0.354231
0.2 0.153724
0.205 0.0222936
0.21 0.0548496
0.215 0.208841
0.22 0.369104
0.225 0.438288
0.23 0.388159
0.235 0.257343
0.24 0.116161
0.245 0.0273124
0.25 0.0214785
0.255 0.0928575
0.26 0.209559
0.265 0.33011
0.27 0.418477
0.275 0.453342
0.28 0.430739
0.285 0.361407
0.29 0.265204
0.295 0.164841
0.3 0.0805829
0.305 0.0267744
0.31 0.0103618
0.315 0.0311164
0.32 0.0830323
0.325 0.156328
0.33 0.239555
0.335 0.321466
0.34 0.392429
0.345 0.445314
0.35 0.47588
0.355 0.48274
0.36 0.467015
0.365 0.431802
0.37 0.381558
0.375 0.321476
0.38 0.256926
0.385 0.193001
0.39 0.134164
0.395 0.0840251
0.4 0.0452205
0.405 0.019389
0.41 0.00721802
0.415 0.0085452
0.42 0.022494
0.425 0.0476271
0.43 0.0821041
0.435 0.123833
0.44 0.170607
0.445 0.220225
0.45 0.270588
0.455 0.319775
0.46 0.366099
0.465 0.40814
0.47 0.444767
0.475 0.475137
0.48 0.498688
0.485 0.515124
0.49 0.524387
0.495 0.526631
0.5 0.522187
0.505 0.511537
0.51 0.495276
0.515 0.474086
0.52 0.448706
0.525 0.419904
0.53 0.38846
0.535 0.355142
0.54 0.320692
0.545 0.285812
0.55 0.251153
0.555 0.217308
0.56 0.184808
0.565 0.154116
0.57 0.12563
0.575 0.099676
0.58 0.0765188
0.585 0.0563579
0.59 0.0393338
0.595 0.0255314
0.6 0.0149847
0.605 0.00768169
0.61 0.00356945
0.615 0.0025589
0.62 0.00452991
0.625 0.00933603
0.63 0.0168091
0.635 0.0267636
0.64 0.0390005
0.645 0.0533113
0.65 0.069481
0.655 0.0872917
0.66 0.106525
0.665 0.126963
0.67 0.148395
0.675 0.170613
0.68 0.193418
0.685 0.216618
0.69 0.240033
0.695 0.263492
0.7 0.286834
0.705 0.309911
0.71 0.332586
0.715 0.354733
0.72 0.37624
0.725 0.397005
0.73 0.416936
0.735 0.435955
0.74 0.453992
0.745 0.470989
0.75 0.486897
0.755 0.501678
0.76 0.5153
0.765 0.52774
0.77 0.538986
0.775 0.549028
0.78 0.557867
0.785 0.565507
0.79 0.57196
0.795 0.577242
0.8 0.581372
0.805 0.584376
0.81 0.586282
0.815 0.587121
0.82 0.586928
0.825 0.585739
0.83 0.583593
0.835 0.580531
0.84 0.576593
0.845 0.571822
0.85 0.566263
0.855 0.559959
0.86 0.552955
0.865 0.545294
0.87 0.537022
0.875 0.528182
0.88 0.518818
0.885 0.508972
0.89 0.498688
0.895 0.488006
0.9 0.476967
0.905 0.46561
0.91 0.453973
0.915 0.442095
0.92 0.43001
0.925 0.417753
0.93 0.405358
0.935 0.392858
0.94 0.380282
0.945 0.36766
0.95 0.35502
0.955 0.34239
0.96 0.329795
0.965 0.317258
0.97 0.304802
0.975 0.29245
0.98 0.280221
0.985 0.268135
0.99 0.256209
0.995 0.244459
1 0.232902
1.005 0.221552
1.01 0.210421
1.015 0.199523
1.02 0.188868
1.025 0.178466
1.03 0.168327
1.035 0.15846
1.04 0.148871
1.045 0.139567
1.05 0.130554
1.055 0.121838
1.06 0.113421
1.065 0.105309
1.07 0.0975041
1.075 0.0900083
1.08 0.0828235
1.085 0.075951
1.09 0.0693912
1.095 0.0631444
1.1 0.0572101
1.105 0.0515875
1.11 0.0462754
1.115 0.0412722
1.12 0.0365757
1.125 0.0321836
1.13 0.0280934
1.135 0.0243019
1.14 0.0208059
1.145 0.0176019
1.15 0.0146862
1.155 0.0120547
1.16 0.00970327
1.165 0.00762762
1.17 0.00582318
1.175 0.00428531
1.18 0.00300921
1.185 0.00198995
1.19 0.00122253
1.195 0.000701831
1.2 0.000422669
1.205 0.000379792
1.21 0.000567891
1.215 0.000981613
1.22 0.00161557
1.225 0.00246435
1.23 0.00352253
1.235 0.00478467
1.24 0.00624533
1.245 0.00789908
1.25 0.00974051
1.255 0.0117642
1.26 0.0139648
1.265 0.016337
1.27 0.0188755
1.275 0.021575
1.28 0.0244303
1.285 0.0274363
1.29 0.0305878
1.295 0.0338798
1.3 0.0373073
1.305 0.0408654
1.31 0.0445492
1.315 0.048354
1.32 0.052275
1.325 0.0563076
1.33 0.0604471
1.335 0.0646892
1.34 0.0690294
1.345 0.0734634
1.35 0.0779868
1.355 0.0825956
1.36 0.0872855
1.365 0.0920527
1.37 0.0968931
1.375 0.101803
1.38 0.106778
1.385 0.111816
1.39 0.116912
1.395 0.122062
1.4 0.127264
1.405 0.132514
1.41 0.137808
1.415 0.143144
1.42 0.148519
1.425 0.153928
1.43 0.15937
1.435 0.164842
1.44 0.17034
1.445 0.175861
1.45 0.181404
1.455 0.186966
1.46 0.192544
1.465 0.198135
1.47 0.203737
1.475 0.209349
1.48 0.214967
1.485 0.220589
1.49 0.226214
1.495 0.231839
1.5 0.237462
1.505 0.243082
1.51 0.248696
1.515 0.254303
1.52 0.259901
1.525 0.265488
1.53 0.271062
1.535 0.276623
1.54 0.282169
1.545 0.287697
1.55 0.293207
1.555 0.298697
1.56 0.304166
1.565 0.309613
1.57 0.315037
1.575 0.320436
1.58 0.325809
1.585 0.331155
1.59 0.336473
1.595 0.341762
1.6 0.347021
1.605 0.35225
1.61 0.357447
1.615 0.362611
1.62 0.367742
1.625 0.372839
1.63 0.377901
1.635 0.382928
1.64 0.387919
1.645 0.392872
1.65 0.397789
1.655 0.402668
1.66 0.407508
1.665 0.412309
1.67 0.417071
1.675 0.421793
1.68 0.426474
1.685 0.431115
1.69 0.435715
1.695 0.440274
1.7 0.444791
1.705 0.449266
1.71 0.453699
1.715 0.458089
1.72 0.462436
1.725 0.466741
1.73 0.471002
1.735 0.475221
1.74 0.479395
1.745 0.483527
1.75 0.487614
1.755 0.491658
1.76 0.495658
1.765 0.499614
1.77 0.503526
1.775 0.507394
1.78 0.511218
1.785 0.514999
1.79 0.518735
1.795 0.522427
1.8 0.526076
1.805 0.52968
1.81 0.533241
1.815 0.536758
1.82 0.540231
1.825 0.543661
1.83 0.547047
1.835 0.55039
1.84 0.55369
1.845 0.556946
1.85 0.56016
1.855 0.563331
1.86 0.566459
1.865 0.569545
1.87 0.572589
1.875 0.57559
1.88 0.57855
1.885 0.581467
1.89 0.584343
1.895 0.587178
1.9 0.589972
1.905 0.592725
1.91 0.595437
1.915 0.598108
1.92 0.60074
1.925 0.603331
1.93 0.605882
1.935 0.608394
1.94 0.610867
1.945 0.613301
1.95 0.615696
1.955 0.618052
1.96 0.62037
1.965 0.62265
1.97 0.624892
1.975 0.627097
1.98 0.629265
1.985 0.631395
1.99 0.633489
1.995 0.635547
2 0.637568
2.005 0.639554
2.01 0.641504
2.015 0.643419
2.02 0.645298
2.025 0.647143
2.03 0.648954
2.035 0.65073
2.04 0.652473
2.045 0.654182
2.05 0.655857
2.055 0.6575
2.06 0.65911
2.065 0.660687
2.07 0.662232
2.075 0.663745
2.08 0.665227
2.085 0.666678
2.09 0.668097
2.095 0.669486
2.1 0.670844
2.105 0.672172
2.11 0.67347
2.115 0.674738
2.12 0.675978
2.125 0.677188
2.13 0.678369
2.135 0.679522
2.14 0.680647
2.145 0.681743
2.15 0.682812
2.155 0.683854
2.16 0.684869
2.165 0.685857
2.17 0.686818
2.175 0.687753
2.18 0.688662
2.185 0.689545
2.19 0.690403
2.195 0.691235
2.2 0.692043
2.205 0.692825
2.21 0.693584
2.215 0.694318
2.22 0.695028
2.225 0.695715
2.23 0.696378
2.235 0.697018
2.24 0.697636
2.245 0.69823
2.25 0.698802
2.255 0.699352
2.26 0.69988
2.265 0.700387
2.27 0.700872
2.275 0.701336
2.28 0.701779
2.285 0.702201
2.29 0.702603
2.295 0.702984
2.3 0.703346
2.305 0.703688
2.31 0.70401
2.315 0.704313
2.32 0.704597
2.325 0.704862
2.33 0.705108
2.335 0.705336
2.34 0.705546
2.345 0.705738
2.35 0.705912
2.355 0.706068
2.36 0.706207
2.365 0.706329
2.37 0.706434
2.375 0.706523
2.38 0.706594
2.385 0.70665
2.39 0.706689
2.395 0.706712
2.4 0.70672
2.405 0.706712
2.41 0.706689
2.415 0.706651
2.42 0.706597
2.425 0.706529
2.43 0.706447
2.435 0.70635
2.44 0.706239
2.445 0.706113
2.45 0.705974
2.455 0.705821
2.46 0.705655
2.465 0.705476
2.47 0.705283
2.475 0.705077
2.48 0.704859
2.485 0.704627
2.49 0.704384
2.495 0.704128
2.5 0.70386
2.505 0.70358
2.51 0.703288
2.515 0.702984
2.52 0.702669
2.525 0.702343
2.53 0.702005
2.535 0.701657
2.54 0.701297
2.545 0.700927
2.55 0.700546
2.555 0.700155
2.56 0.699753
2.565 0.699341
2.57 0.698919
2.575 0.698488
2.58 0.698046
2.585 0.697595
2.59 0.697135
2.595 0.696665
2.6 0.696186
2.605 0.695698
2.61 0.695201
2.615 0.694695
2.62 0.69418
2.625 0.693657
2.63 0.693126
2.635 0.692586
2.64 0.692038
2.645 0.691482
2.65 0.690918
2.655 0.690346
2.66 0.689767
2.665 0.68918
2.67 0.688585
2.675 0.687983
2.68 0.687374
2.685 0.686758
2.69 0.686134
2.695 0.685504
2.7 0.684867
2.705 0.684223
2.71 0.683573
2.715 0.682916
2.72 0.682253
2.725 0.681583
2.73 0.680907
2.735 0.680225
2.74 0.679538
2.745 0.678844
2.75 0.678144
2.755 0.677439
2.76 0.676728
2.765 0.676012
2.77 0.67529
2.775 0.674563
2.78 0.673831
2.785 0.673093
2.79 0.67235
2.795 0.671603
2.8 0.67085
2.805 0.670093
2.81 0.669331
2.815 0.668564
2.82 0.667793
2.825 0.667017
2.83 0.666237
2.835 0.665453
2.84 0.664664
2.845 0.663871
2.85 0.663074
2.855 0.662273
2.86 0.661468
2.865 0.66066
2.87 0.659847
2.875 0.659031
2.88 0.658211
2.885 0.657387
2.89 0.65656
2.895 0.65573
2.9 0.654896
2.905 0.654059
2.91 0.653218
2.915 0.652375
2.92 0.651528
2.925 0.650678
2.93 0.649825
2.935 0.64897
2.94 0.648111
2.945 0.64725
2.95 0.646386
2.955 0.645519
2.96 0.64465
2.965 0.643778
2.97 0.642903
2.975 0.642026
2.98 0.641147
2.985 0.640266
2.99 0.639382
2.995 0.638496
3 0.637607
3.005 0.636717
3.01 0.635824
3.015 0.63493
3.02 0.634033
3.025 0.633135
3.03 0.632235
3.035 0.631333
3.04 0.630429
3.045 0.629523
3.05 0.628616
3.055 0.627707
3.06 0.626796
3.065 0.625884
3.07 0.624971
3.075 0.624056
3.08 0.62314
3.085 0.622222
3.09 0.621303
3.095 0.620382
3.1 0.619461
3.105 0.618538
3.11 0.617614
3.115 0.616689
3.12 0.615763
3.125 0.614836
3.13 0.613908
3.135 0.612979
3.14 0.612049
3.145 0.611118
3.15 0.610186
3.155 0.609253
3.16 0.60832
3.165 0.607386
3.17 0.606451
3.175 0.605516
3.18 0.60458
3.185 0.603643
3.19 0.602706
3.195 0.601768
3.2 0.600829
3.205 0.599891
3.21 0.598951
3.215 0.598012
3.22 0.597072
3.225 0.596131
3.23 0.59519
3.235 0.594249
3.24 0.593308
3.245 0.592367
3.25 0.591425
3.255 0.590483
3.26 0.589541
3.265 0.588599
3.27 0.587656
3.275 0.586714
3.28 0.585771
3.285 0.584829
3.29 0.583886
3.295 0.582944
3.3 0.582002
3.305 0.581059
3.31 0.580117
3.315 0.579175
3.32 0.578233
3.325 0.577291
3.33 0.57635
3.335 0.575408
3.34 0.574467
3.345 0.573526
3.35 0.572586
3.355 0.571645
3.36 0.570706
3.365 0.569766
3.37 0.568827
3.375 0.567888
3.38 0.566949
3.385 0.566011
3.39 0.565074
3.395 0.564136
3.4 0.5632
3.405 0.562264
3.41 0.561328
3.415 0.560393
3.42 0.559458
3.425 0.558524
3.43 0.557591
3.435 0.556658
3.44 0.555726
3.445 0.554794
3.45 0.553863
3.455 0.552933
3.46 0.552003
3.465 0.551074
3.47 0.550146
3.475 0.549218
3.48 0.548292
3.485 0.547366
3.49 0.546441
3.495 0.545516
3.5 0.544592
3.505 0.54367
3.51 0.542748
3.515 0.541826
3.52 0.540906
3.525 0.539987
3.53 0.539068
3.535 0.53815
3.54 0.537234
3.545 0.536318
3.55 0.535403
3.555 0.534489
3.56 0.533575
3.565 0.532663
3.57 0.531752
3.575 0.530842
3.58 0.529933
3.585 0.529025
3.59 0.528117
3.595 0.527211
3.6 0.526306
3.605 0.525402
3.61 0.524499
3.615 0.523597
3.62 0.522696
3.625 0.521796
3.63 0.520897
3.635 0.52
3.64 0.519103
3.645 0.518208
3.65 0.517313
3.655 0.51642
3.66 0.515528
3.665 0.514637
3.67 0.513747
3.675 0.512859
3.68 0.511971
3.685 0.511085
3.69 0.5102
3.695 0.509316
3.7 0.508433
3.705 0.507552
3.71 0.506672
3.715 0.505793
3.72 0.504915
3.725 0.504038
3.73 0.503163
3.735 0.502289
3.74 0.501416
3.745 0.500544
3.75 0.499674
3.755 0.498805
3.76 0.497937
3.765 0.49707
3.77 0.496205
3.775 0.495341
3.78 0.494478
3.785 0.493617
3.79 0.492757
3.795 0.491898
3.8 0.491041
3.805 0.490184
3.81 0.48933
3.815 0.488476
3.82 0.487624
3.825 0.486773
3.83 0.485924
3.835 0.485076
3.84 0.484229
3.845 0.483383
3.85 0.482539
3.855 0.481696
3.86 0.480855
3.865 0.480015
3.87 0.479176
3.875 0.478339
3.88 0.477503
3.885 0.476669
3.89 0.475835
3.895 0.475004
3.9 0.474173
3.905 0.473344
3.91 0.472517
3.915 0.471691
3.92 0.470866
3.925 0.470042
3.93 0.46922
3.935 0.4684
3.94 0.467581
3.945 0.466763
3.95 0.465946
3.955 0.465131
3.96 0.464318
3.965 0.463506
3.97 0.462695
3.975 0.461886
3.98 0.461078
3.985 0.460271
3.99 0.459466
3.995 0.458663
4 0.457861
4.005 0.45706
4.01 0.456261
4.015 0.455463
4.02 0.454666
4.025 0.453871
4.03 0.453078
4.035 0.452286
4.04 0.451495
4.045 0.450706
4.05 0.449918
4.055 0.449132
4.06 0.448347
4.065 0.447563
4.07 0.446781
4.075 0.446001
4.08 0.445221
4.085 0.444444
4.09 0.443667
4.095 0.442893
4.1 0.442119
4.105 0.441347
4.11 0.440577
4.115 0.439808
4.12 0.43904
4.125 0.438274
4.13 0.437509
4.135 0.436746
4.14 0.435984
4.145 0.435224
4.15 0.434465
4.155 0.433708
4.16 0.432952
4.165 0.432197
4.17 0.431444
4.175 0.430692
4.18 0.429942
4.185 0.429193
4.19 0.428446
4.195 0.4277
4.2 0.426956
4.205 0.426213
4.21 0.425471
4.215 0.424731
4.22 0.423993
4.225 0.423255
4.23 0.42252
4.235 0.421785
4.24 0.421052
4.245 0.420321
4.25 0.419591
4.255 0.418862
4.26 0.418135
4.265 0.417409
4.27 0.416685
4.275 0.415962
4.28 0.415241
4.285 0.414521
4.29 0.413802
4.295 0.413085
4.3 0.41237
4.305 0.411655
4.31 0.410942
4.315 0.410231
4.32 0.409521
4.325 0.408813
4.33 0.408105
4.335 0.4074
4.34 0.406695
4.345 0.405993
4.35 0.405291
4.355 0.404591
4.36 0.403892
4.365 0.403195
4.37 0.402499
4.375 0.401805
4.38 0.401112
4.385 0.40042
4.39 0.39973
4.395 0.399041
4.4 0.398354
4.405 0.397668
4.41 0.396984
4.415 0.3963
4.42 0.395619
4.425 0.394938
4.43 0.394259
4.435 0.393582
4.44 0.392905
4.445 0.392231
4.45 0.391557
4.455 0.390885
4.46 0.390214
4.465 0.389545
4.47 0.388877
4.475 0.388211
4.48 0.387546
4.485 0.386882
4.49 0.386219
4.495 0.385558
4.5 0.384899
4.505 0.38424
4.51 0.383583
4.515 0.382928
4.52 0.382274
4.525 0.381621
4.53 0.380969
4.535 0.380319
4.54 0.37967
4.545 0.379023
4.55 0.378377
4.555 0.377732
4.56 0.377089
4.565 0.376447
4.57 0.375806
4.575 0.375166
4.58 0.374528
4.585 0.373892
4.59 0.373256
4.595 0.372622
4.6 0.37199
4.605 0.371358
4.61 0.370728
4.615 0.370099
4.62 0.369472
4.625 0.368846
4.63 0.368221
4.635 0.367597
4.64 0.366975
4.645 0.366354
4.65 0.365735
4.655 0.365117
4.66 0.3645
4.665 0.363884
4.67 0.36327
4.675 0.362657
4.68 0.362045
4.685 0.361434
4.69 0.360825
4.695 0.360217
4.7 0.359611
4.705 0.359005
4.71 0.358401
4.715 0.357799
4.72 0.357197
4.725 0.356597
4.73 0.355998
4.735 0.3554
4.74 0.354804
4.745 0.354209
4.75 0.353615
4.755 0.353022
4.76 0.352431
4.765 0.351841
4.77 0.351252
4.775 0.350664
4.78 0.350078
4.785 0.349492
4.79 0.348909
4.795 0.348326
4.8 0.347745
4.805 0.347164
4.81 0.346585
4.815 0.346008
4.82 0.345431
4.825 0.344856
4.83 0.344282
4.835 0.343709
4.84 0.343138
4.845 0.342567
4.85 0.341998
4.855 0.34143
4.86 0.340863
4.865 0.340298
4.87 0.339733
4.875 0.33917
4.88 0.338608
4.885 0.338048
4.89 0.337488
4.895 0.33693
4.9 0.336373
4.905 0.335817
4.91 0.335262
4.915 0.334708
4.92 0.334156
4.925 0.333605
4.93 0.333055
4.935 0.332506
4.94 0.331958
4.945 0.331411
4.95 0.330866
4.955 0.330322
4.96 0.329779
4.965 0.329237
4.97 0.328696
4.975 0.328157
4.98 0.327618
4.985 0.327081
4.99 0.326545
4.995 0.32601
5 0.325476
5.005 0.324943
5.01 0.324412
5.015 0.323881
5.02 0.323352
5.025 0.322824
5.03 0.322297
5.035 0.321771
5.04 0.321246
5.045 0.320722
5.05 0.3202
5.055 0.319678
5.06 0.319158
5.065 0.318639
5.07 0.318121
5.075 0.317604
5.08 0.317088
5.085 0.316573
5.09 0.316059
5.095 0.315547
5.1 0.315035
5.105 0.314525
5.11 0.314015
5.115 0.313507
5.12 0.313
5.125 0.312494
5.13 0.311989
5.135 0.311485
5.14 0.310982
5.145 0.310481
5.15 0.30998
5.155 0.30948
5.16 0.308982
5.165 0.308484
5.17 0.307988
5.175 0.307492
5.18 0.306998
5.185 0.306505
5.19 0.306013
5.195 0.305521
5.2 0.305031
5.205 0.304542
5.21 0.304054
5.215 0.303567
5.22 0.303081
5.225 0.302596
5.23 0.302112
5.235 0.30163
5.24 0.301148
5.245 0.300667
5.25 0.300187
5.255 0.299708
5.26 0.299231
5.265 0.298754
5.27 0.298278
5.275 0.297804
5.28 0.29733
5.285 0.296857
5.29 0.296385
5.295 0.295915
5.3 0.295445
5.305 0.294976
5.31 0.294509
5.315 0.294042
5.32 0.293576
5.325 0.293112
5.33 0.292648
5.335 0.292185
5.34 0.291724
5.345 0.291263
5.35 0.290803
5.355 0.290344
5.36 0.289886
5.365 0.289429
5.37 0.288974
5.375 0.288519
5.38 0.288065
5.385 0.287612
5.39 0.28716
5.395 0.286708
5.4 0.286258
5.405 0.285809
5.41 0.285361
5.415 0.284914
5.42 0.284467
5.425 0.284022
5.43 0.283577
5.435 0.283134
5.44 0.282691
5.445 0.28225
5.45 0.281809
5.455 0.281369
5.46 0.28093
5.465 0.280492
5.47 0.280055
5.475 0.279619
5.48 0.279184
5.485 0.27875
5.49 0.278317
5.495 0.277884
5.5 0.277453
5.505 0.277022
5.51 0.276592
5.515 0.276164
5.52 0.275736
5.525 0.275309
5.53 0.274883
5.535 0.274458
5.54 0.274033
5.545 0.27361
5.55 0.273187
5.555 0.272766
5.56 0.272345
5.565 0.271925
5.57 0.271506
5.575 0.271088
5.58 0.270671
5.585 0.270255
5.59 0.269839
5.595 0.269425
5.6 0.269011
5.605 0.268598
5.61 0.268186
5.615 0.267775
5.62 0.267365
5.625 0.266955
5.63 0.266547
5.635 0.266139
5.64 0.265732
5.645 0.265326
5.65 0.264921
5.655 0.264517
5.66 0.264113
5.665 0.263711
5.67 0.263309
5.675 0.262908
5.68 0.262508
5.685 0.262109
5.69 0.26171
5.695 0.261313
5.7 0.260916
5.705 0.26052
5.71 0.260125
5.715 0.259731
5.72 0.259337
5.725 0.258945
5.73 0.258553
5.735 0.258162
5.74 0.257772
5.745 0.257382
5.75 0.256994
5.755 0.256606
5.76 0.256219
5.765 0.255833
5.77 0.255447
5.775 0.255063
5.78 0.254679
5.785 0.254296
5.79 0.253914
5.795 0.253532
5.8 0.253152
5.805 0.252772
5.81 0.252393
5.815 0.252015
5.82 0.251637
5.825 0.251261
5.83 0.250885
5.835 0.25051
5.84 0.250135
5.845 0.249762
5.85 0.249389
5.855 0.249017
5.86 0.248645
5.865 0.248275
5.87 0.247905
5.875 0.247536
5.88 0.247168
5.885 0.246801
5.89 0.246434
5.895 0.246068
5.9 0.245703
5.905 0.245338
5.91 0.244975
5.915 0.244612
5.92 0.244249
5.925 0.243888
5.93 0.243527
5.935 0.243167
5.94 0.242808
5.945 0.242449
5.95 0.242092
5.955 0.241735
5.96 0.241378
5.965 0.241023
5.97 0.240668
5.975 0.240314
5.98 0.23996
5.985 0.239608
5.99 0.239256
5.995 0.238904
6 0.238554
6.005 0.238204
6.01 0.237855
6.015 0.237507
6.02 0.237159
6.025 0.236812
6.03 0.236466
6.035 0.23612
6.04 0.235775
6.045 0.235431
6.05 0.235088
6.055 0.234745
6.06 0.234403
6.065 0.234061
6.07 0.233721
6.075 0.233381
6.08 0.233042
6.085 0.232703
6.09 0.232365
6.095 0.232028
6.1 0.231691
6.105 0.231355
6.11 0.23102
6.115 0.230686
6.12 0.230352
6.125 0.230019
6.13 0.229686
6.135 0.229354
6.14 0.229023
6.145 0.228693
6.15 0.228363
6.155 0.228034
6.16 0.227705
6.165 0.227377
6.17 0.22705
6.175 0.226724
6.18 0.226398
6.185 0.226073
6.19 0.225748
6.195 0.225424
6.2 0.225101
6.205 0.224778
6.21 0.224456
6.215 0.224135
6.22 0.223815
6.225 0.223495
6.23 0.223175
6.235 0.222856
6.24 0.222538
6.245 0.222221
6.25 0.221904
6.255 0.221588
6.26 0.221272
6.265 0.220957
6.27 0.220643
6.275 0.220329
6.28 0.220016
6.285 0.219704
6.29 0.219392
6.295 0.219081
6.3 0.218771
6.305 0.218461
6.31 0.218151
6.315 0.217843
6.32 0.217534
6.325 0.217227
6.33 0.21692
6.335 0.216614
6.34 0.216308
6.345 0.216003
6.35 0.215699
6.355 0.215395
6.36 0.215092
6.365 0.214789
6.37 0.214487
6.375 0.214186
6.38 0.213885
6.385 0.213585
6.39 0.213285
6.395 0.212986
6.4 0.212687
6.405 0.21239
6.41 0.212092
6.415 0.211796
6.42 0.211499
6.425 0.211204
6.43 0.210909
6.435 0.210615
6.44 0.210321
6.445 0.210028
6.45 0.209735
6.455 0.209443
6.46 0.209151
6.465 0.208861
6.47 0.20857
6.475 0.20828
6.48 0.207991
6.485 0.207703
6.49 0.207415
6.495 0.207127
6.5 0.20684
6.505 0.206554
6.51 0.206268
6.515 0.205983
6.52 0.205698
6.525 0.205414
6.53 0.20513
6.535 0.204847
6.54 0.204565
6.545 0.204283
6.55 0.204001
6.555 0.20372
6.56 0.20344
6.565 0.20316
6.57 0.202881
6.575 0.202603
6.58 0.202324
6.585 0.202047
6.59 0.20177
6.595 0.201493
6.6 0.201217
6.605 0.200942
6.61 0.200667
6.615 0.200393
6.62 0.200119
6.625 0.199846
6.63 0.199573
6.635 0.199301
6.64 0.199029
6.645 0.198758
6.65 0.198487
6.655 0.198217
6.66 0.197947
6.665 0.197678
6.67 0.19741
6.675 0.197141
6.68 0.196874
6.685 0.196607
6.69 0.19634
6.695 0.196074
6.7 0.195809
6.705 0.195544
6.71 0.195279
6.715 0.195015
6.72 0.194752
6.725 0.194489
6.73 0.194227
6.735 0.193965
6.74 0.193703
6.745 0.193442
6.75 0.193182
6.755 0.192922
6.76 0.192662
6.765 0.192403
6.77 0.192145
6.775 0.191887
6.78 0.19163
6.785 0.191373
6.79 0.191116
6.795 0.19086
6.8 0.190605
6.805 0.19035
6.81 0.190095
6.815 0.189841
6.82 0.189587
6.825 0.189334
6.83 0.189082
6.835 0.18883
6.84 0.188578
6.845 0.188327
6.85 0.188076
6.855 0.187826
6.86 0.187576
6.865 0.187327
6.87 0.187078
6.875 0.18683
6.88 0.186582
6.885 0.186334
6.89 0.186087
6.895 0.185841
6.9 0.185595
6.905 0.185349
6.91 0.185104
6.915 0.18486
6.92 0.184616
6.925 0.184372
6.93 0.184129
6.935 0.183886
6.94 0.183644
6.945 0.183402
6.95 0.18316
6.955 0.182919
6.96 0.182679
6.965 0.182439
6.97 0.182199
6.975 0.18196
6.98 0.181721
6.985 0.181483
6.99 0.181245
6.995 0.181008
7 0.180771
7.005 0.180535
7.01 0.180299
7.015 0.180063
7.02 0.179828
7.025 0.179593
7.03 0.179359
7.035 0.179125
7.04 0.178892
7.045 0.178659
7.05 0.178426
7.055 0.178194
7.06 0.177962
7.065 0.177731
7.07 0.1775
7.075 0.17727
7.08 0.17704
7.085 0.17681
7.09 0.176581
7.095 0.176353
7.1 0.176124
7.105 0.175897
7.11 0.175669
7.115 0.175442
7.12 0.175216
7.125 0.17499
7.13 0.174764
7.135 0.174539
7.14 0.174314
7.145 0.174089
7.15 0.173865
7.155 0.173641
7.16 0.173418
7.165 0.173195
7.17 0.172973
7.175 0.172751
7.18 0.172529
7.185 0.172308
7.19 0.172087
7.195 0.171867
7.2 0.171647
7.205 0.171427
7.21 0.171208
7.215 0.170989
7.22 0.170771
7.225 0.170553
7.23 0.170336
7.235 0.170118
7.24 0.169902
7.245 0.169685
7.25 0.169469
7.255 0.169254
7.26 0.169039
7.265 0.168824
7.27 0.168609
7.275 0.168395
7.28 0.168182
7.285 0.167968
7.29 0.167756
7.295 0.167543
7.3 0.167331
7.305 0.167119
7.31 0.166908
7.315 0.166697
7.32 0.166487
7.325 0.166276
7.33 0.166067
7.335 0.165857
7.34 0.165648
7.345 0.16544
7.35 0.165231
7.355 0.165023
7.36 0.164816
7.365 0.164609
7.37 0.164402
7.375 0.164196
7.38 0.16399
7.385 0.163784
7.39 0.163579
7.395 0.163374
7.4 0.163169
7.405 0.162965
7.41 0.162761
7.415 0.162558
7.42 0.162355
7.425 0.162152
7.43 0.16195
7.435 0.161748
7.44 0.161546
7.445 0.161345
7.45 0.161144
7.455 0.160944
7.46 0.160743
7.465 0.160544
7.47 0.160344
7.475 0.160145
7.48 0.159946
7.485 0.159748
7.49 0.15955
7.495 0.159352
7.5 0.159155
7.505 0.158958
7.51 0.158761
7.515 0.158565
7.52 0.158369
7.525 0.158173
7.53 0.157978
7.535 0.157783
7.54 0.157589
7.545 0.157395
7.55 0.157201
7.555 0.157007
7.56 0.156814
7.565 0.156621
7.57 0.156429
7.575 0.156237
7.58 0.156045
7.585 0.155854
7.59 0.155662
7.595 0.155472
7.6 0.155281
7.605 0.155091
7.61 0.154901
7.615 0.154712
7.62 0.154523
7.625 0.154334
7.63 0.154146
7.635 0.153958
7.64 0.15377
7.645 0.153582
7.65 0.153395
7.655 0.153208
7.66 0.153022
7.665 0.152836
7.67 0.15265
7.675 0.152465
7.68 0.15228
7.685 0.152095
7.69 0.15191
7.695 0.151726
7.7 0.151542
7.705 0.151359
7.71 0.151175
7.715 0.150993
7.72 0.15081
7.725 0.150628
7.73 0.150446
7.735 0.150264
7.74 0.150083
7.745 0.149902
7.75 0.149721
7.755 0.149541
7.76 0.149361
7.765 0.149181
7.77 0.149002
7.775 0.148823
7.78 0.148644
7.785 0.148465
7.79 0.148287
7.795 0.148109
7.8 0.147932
7.805 0.147755
7.81 0.147578
7.815 0.147401
7.82 0.147225
7.825 0.147049
7.83 0.146873
7.835 0.146698
7.84 0.146522
7.845 0.146348
7.85 0.146173
7.855 0.145999
7.86 0.145825
7.865 0.145651
7.87 0.145478
7.875 0.145305
7.88 0.145132
7.885 0.14496
7.89 0.144788
7.895 0.144616
7.9 0.144445
7.905 0.144273
7.91 0.144102
7.915 0.143932
7.92 0.143761
7.925 0.143591
7.93 0.143422
7.935 0.143252
7.94 0.143083
7.945 0.142914
7.95 0.142746
7.955 0.142577
7.96 0.142409
7.965 0.142241
7.97 0.142074
7.975 0.141907
7.98 0.14174
7.985 0.141573
7.99 0.141407
7.995 0.141241
8 0.141075
8.005 0.14091
8.01 0.140745
8.015 0.14058
8.02 0.140415
8.025 0.140251
8.03 0.140087
8.035 0.139923
8.04 0.139759
8.045 0.139596
8.05 0.139433
8.055 0.13927
8.06 0.139108
8.065 0.138946
8.07 0.138784
8.075 0.138622
8.08 0.138461
8.085 0.1383
8.09 0.138139
8.095 0.137979
8.1 0.137819
8.105 0.137659
8.11 0.137499
8.115 0.13734
8.12 0.13718
8.125 0.137021
8.13 0.136863
8.135 0.136705
8.14 0.136546
8.145 0.136389
8.15 0.136231
8.155 0.136074
8.16 0.135917
8.165 0.13576
8.17 0.135603
8.175 0.135447
8.18 0.135291
8.185 0.135136
8.19 0.13498
8.195 0.134825
8.2 0.13467
8.205 0.134515
8.21 0.134361
8.215 0.134207
8.22 0.134053
8.225 0.133899
8.23 0.133746
8.235 0.133593
8.24 0.13344
8.245 0.133287
8.25 0.133135
8.255 0.132983
8.26 0.132831
8.265 0.132679
8.27 0.132528
8.275 0.132377
8.28 0.132226
8.285 0.132075
8.29 0.131925
8.295 0.131775
8.3 0.131625
8.305 0.131475
8.31 0.131326
8.315 0.131177
8.32 0.131028
8.325 0.130879
8.33 0.130731
8.335 0.130583
8.34 0.130435
8.345 0.130287
8.35 0.13014
8.355 0.129992
8.36 0.129845
8.365 0.129699
8.37 0.129552
8.375 0.129406
8.38 0.12926
8.385 0.129114
8.39 0.128969
8.395 0.128824
8.4 0.128679
8.405 0.128534
8.41 0.128389
8.415 0.128245
8.42 0.128101
8.425 0.127957
8.43 0.127814
8.435 0.12767
8.44 0.127527
8.445 0.127384
8.45 0.127241
8.455 0.127099
8.46 0.126957
8.465 0.126815
8.47 0.126673
8.475 0.126532
8.48 0.12639
8.485 0.126249
8.49 0.126109
8.495 0.125968
8.5 0.125828
8.505 0.125687
8.51 0.125548
8.515 0.125408
8.52 0.125268
8.525 0.125129
8.53 0.12499
8.535 0.124851
8.54 0.124713
8.545 0.124575
8.55 0.124436
8.555 0.124299
8.56 0.124161
8.565 0.124023
8.57 0.123886
8.575 0.123749
8.58 0.123613
8.585 0.123476
8.59 0.12334
8.595 0.123204
8.6 0.123068
8.605 0.122932
8.61 0.122796
8.615 0.122661
8.62 0.122526
8.625 0.122391
8.63 0.122257
8.635 0.122122
8.64 0.121988
8.645 0.121854
8.65 0.121721
8.655 0.121587
8.66 0.121454
8.665 0.121321
8.67 0.121188
8.675 0.121055
8.68 0.120923
8.685 0.12079
8.69 0.120658
8.695 0.120527
8.7 0.120395
8.705 0.120264
8.71 0.120132
8.715 0.120001
8.72 0.119871
8.725 0.11974
8.73 0.11961
8.735 0.11948
8.74 0.11935
8.745 0.11922
8.75 0.11909
8.755 0.118961
8.76 0.118832
8.765 0.118703
8.77 0.118574
8.775 0.118446
8.78 0.118318
8.785 0.118189
8.79 0.118062
8.795 0.117934
8.8 0.117806
8.805 0.117679
8.81 0.117552
8.815 0.117425
8.82 0.117298
8.825 0.117172
8.83 0.117046
8.835 0.116919
8.84 0.116794
8.845 0.116668
8.85 0.116542
8.855 0.116417
8.86 0.116292
8.865 0.116167
8.87 0.116042
8.875 0.115918
8.88 0.115793
8.885 0.115669
8.89 0.115545
8.895 0.115422
8.9 0.115298
8.905 0.115175
8.91 0.115052
8.915 0.114929
8.92 0.114806
8.925 0.114683
8.93 0.114561
8.935 0.114439
8.94 0.114317
8.945 0.114195
8.95 0.114073
8.955 0.113952
8.96 0.11383
8.965 0.113709
8.97 0.113588
8.975 0.113468
8.98 0.113347
8.985 0.113227
8.99 0.113107
8.995 0.112987
9 0.112867
9.005 0.112748
9.01 0.112628
9.015 0.112509
9.02 0.11239
9.025 0.112271
9.03 0.112152
9.035 0.112034
9.04 0.111916
9.045 0.111798
9.05 0.11168
9.055 0.111562
9.06 0.111444
9.065 0.111327
9.07 0.11121
9.075 0.111093
9.08 0.110976
9.085 0.110859
9.09 0.110743
9.095 0.110626
9.1 0.11051
9.105 0.110394
9.11 0.110279
9.115 0.110163
9.12 0.110048
9.125 0.109932
9.13 0.109817
9.135 0.109703
9.14 0.109588
9.145 0.109473
9.15 0.109359
9.155 0.109245
9.16 0.109131
9.165 0.109017
9.17 0.108903
9.175 0.10879
9.18 0.108676
9.185 0.108563
9.19 0.10845
9.195 0.108338
9.2 0.108225
9.205 0.108113
9.21 0.108
9.215 0.107888
9.22 0.107776
9.225 0.107664
9.23 0.107553
9.235 0.107441
9.24 0.10733
9.245 0.107219
9.25 0.107108
9.255 0.106997
9.26 0.106887
9.265 0.106776
9.27 0.106666
9.275 0.106556
9.28 0.106446
9.285 0.106336
9.29 0.106227
9.295 0.106117
9.3 0.106008
9.305 0.105899
9.31 0.10579
9.315 0.105681
9.32 0.105573
9.325 0.105464
9.33 0.105356
9.335 0.105248
9.34 0.10514
9.345 0.105032
9.35 0.104925
9.355 0.104817
9.36 0.10471
9.365 0.104603
9.37 0.104496
9.375 0.104389
9.38 0.104282
9.385 0.104176
9.39 0.104069
9.395 0.103963
9.4 0.103857
9.405 0.103751
9.41 0.103646
9.415 0.10354
9.42 0.103435
9.425 0.103329
9.43 0.103224
9.435 0.103119
9.44 0.103015
9.445 0.10291
9.45 0.102806
9.455 0.102701
9.46 0.102597
9.465 0.102493
9.47 0.102389
9.475 0.102286
9.48 0.102182
9.485 0.102079
9.49 0.101976
9.495 0.101872
9.5 0.10177
9.505 0.101667
9.51 0.101564
9.515 0.101462
9.52 0.101359
9.525 0.101257
9.53 0.101155
9.535 0.101053
9.54 0.100952
9.545 0.10085
9.55 0.100749
9.555 0.100648
9.56 0.100546
9.565 0.100445
9.57 0.100345
9.575 0.100244
9.58 0.100144
9.585 0.100043
9.59 0.0999429
9.595 0.0998429
9.6 0.099743
9.605 0.0996432
9.61 0.0995436
9.615 0.0994441
9.62 0.0993447
9.625 0.0992456
9.63 0.0991465
9.635 0.0990476
9.64 0.0989489
9.645 0.0988503
9.65 0.0987518
9.655 0.0986535
9.66 0.0985553
9.665 0.0984573
9.67 0.0983594
9.675 0.0982616
9.68 0.098164
9.685 0.0980666
9.69 0.0979692
9.695 0.0978721
9.7 0.097775
9.705 0.0976781
9.71 0.0975814
9.715 0.0974848
9.72 0.0973883
9.725 0.097292
9.73 0.0971958
9.735 0.0970997
9.74 0.0970038
9.745 0.096908
9.75 0.0968124
9.755 0.0967169
9.76 0.0966215
9.765 0.0965263
9.77 0.0964312
9.775 0.0963363
9.78 0.0962415
9.785 0.0961468
9.79 0.0960523
9.795 0.0959579
9.8 0.0958636
9.805 0.0957695
9.81 0.0956755
9.815 0.0955816
9.82 0.0954879
9.825 0.0953943
9.83 0.0953009
9.835 0.0952076
9.84 0.0951144
9.845 0.0950213
9.85 0.0949284
9.855 0.0948356
9.86 0.094743
9.865 0.0946505
9.87 0.0945581
9.875 0.0944658
9.88 0.0943737
9.885 0.0942817
9.89 0.0941899
9.895 0.0940982
9.9 0.0940066
9.905 0.0939151
9.91 0.0938238
9.915 0.0937326
9.92 0.0936415
9.925 0.0935506
9.93 0.0934598
9.935 0.0933691
9.94 0.0932785
9.945 0.0931881
9.95 0.0930978
9.955 0.0930077
9.96 0.0929176
9.965 0.0928277
9.97 0.0927379
9.975 0.0926483
9.98 0.0925588
9.985 0.0924694
9.99 0.0923801
9.995 0.092291
