0 -nan
0.005 0.0622984
0.01 0.0777004
0.015 0.260802
0.02 0.405271
0.025 0.130512
0.03 0.878837
0.035 0.728387
0.04 0.26938
0.045 0.0495947
0.05 0.084589
0.055 0.247758
0.06 0.440012
0.065 0.610877
0.07 0.742432
0.075 0.833305
0.08 0.888907
0.085 0.916492
0.09 0.922997
0.095 0.914271
0.1 0.894944
0.105 0.868543
0.11 0.837689
0.115 0.804293
0.12 0.769725
0.125 0.73495
0.13 0.700634
0.135 0.667225
0.14 0.635012
0.145 0.60417
0.15 0.574793
0.155 0.546918
0.16 0.520541
0.165 0.495631
0.17 0.472139
0.175 0.450006
0.18 0.429166
0.185 0.409548
0.19 0.391083
0.195 0.3737
0.2 0.357334
0.205 0.341918
0.21 0.327392
0.215 0.313697
0.22 0.300778
0.225 0.288585
0.23 0.277068
0.235 0.266184
0.24 0.255891
0.245 0.24615
0.25 0.236925
0.255 0.228183
0.26 0.219893
0.265 0.212025
0.27 0.204554
0.275 0.197455
0.28 0.190703
0.285 0.184279
0.29 0.178162
0.295 0.172334
0.3 0.166778
0.305 0.161477
0.31 0.156417
0.315 0.151584
0.32 0.146965
0.325 0.142548
0.33 0.138322
0.335 0.134275
0.34 0.1304
0.345 0.126685
0.35 0.123123
0.355 0.119706
0.36 0.116426
0.365 0.113276
0.37 0.110249
0.375 0.10734
0.38 0.104542
0.385 0.101849
0.39 0.0992578
0.395 0.096762
0.4 0.0943575
0.405 0.0920399
0.41 0.0898053
0.415 0.0876496
0.42 0.0855694
0.425 0.0835612
0.43 0.0816217
0.435 0.079748
0.44 0.0779371
0.445 0.0761863
0.45 0.074493
0.455 0.0728547
0.46 0.0712692
0.465 0.0697342
0.47 0.0682476
0.475 0.0668074
0.48 0.0654118
0.485 0.0640589
0.49 0.062747
0.495 0.0614746
0.5 0.06024
0.505 0.0590419
0.51 0.0578787
0.515 0.0567492
0.52 0.0556521
0.525 0.0545862
0.53 0.0535503
0.535 0.0525433
0.54 0.0515642
0.545 0.0506119
0.55 0.0496855
0.555 0.0487841
0.56 0.0479068
0.565 0.0470527
0.57 0.046221
0.575 0.045411
0.58 0.0446219
0.585 0.0438531
0.59 0.0431038
0.595 0.0423733
0.6 0.0416612
0.605 0.0409667
0.61 0.0402893
0.615 0.0396284
0.62 0.0389835
0.625 0.0383541
0.63 0.0377398
0.635 0.0371399
0.64 0.0365542
0.645 0.0359821
0.65 0.0354232
0.655 0.0348772
0.66 0.0343436
0.665 0.0338221
0.67 0.0333123
0.675 0.0328139
0.68 0.0323265
0.685 0.0318498
0.69 0.0313835
0.695 0.0309274
0.7 0.030481
0.705 0.0300442
0.71 0.0296166
0.715 0.0291981
0.72 0.0287883
0.725 0.028387
0.73 0.027994
0.735 0.0276091
0.74 0.027232
0.745 0.0268626
0.75 0.0265006
0.755 0.0261458
0.76 0.0257981
0.765 0.0254572
0.77 0.025123
0.775 0.0247953
0.78 0.0244739
0.785 0.0241587
0.79 0.0238495
0.795 0.0235463
0.8 0.0232487
0.805 0.0229567
0.81 0.0226701
0.815 0.0223889
0.82 0.0221128
0.825 0.0218418
0.83 0.0215758
0.835 0.0213145
0.84 0.0210579
0.845 0.0208059
0.85 0.0205584
0.855 0.0203153
0.86 0.0200764
0.865 0.0198417
0.87 0.0196111
0.875 0.0193845
0.88 0.0191617
0.885 0.0189428
0.89 0.0187276
0.895 0.018516
0.9 0.018308
0.905 0.0181034
0.91 0.0179022
0.915 0.0177044
0.92 0.0175098
0.925 0.0173184
0.93 0.0171301
0.935 0.0169448
0.94 0.0167625
0.945 0.0165832
0.95 0.0164067
0.955 0.016233
0.96 0.016062
0.965 0.0158937
0.97 0.015728
0.975 0.0155649
0.98 0.0154043
0.985 0.0152462
0.99 0.0150905
0.995 0.0149371
1 0.0147861
1.005 0.0146373
1.01 0.0144908
1.015 0.0143465
1.02 0.0142043
1.025 0.0140641
1.03 0.0139261
1.035 0.0137901
1.04 0.013656
1.045 0.0135239
1.05 0.0133937
1.055 0.0132653
1.06 0.0131388
1.065 0.0130141
1.07 0.0128911
1.075 0.0127699
1.08 0.0126504
1.085 0.0125325
1.09 0.0124163
1.095 0.0123017
1.1 0.0121886
1.105 0.0120771
1.11 0.0119672
1.115 0.0118587
1.12 0.0117517
1.125 0.0116461
1.13 0.0115419
1.135 0.0114391
1.14 0.0113377
1.145 0.0112376
1.15 0.0111389
1.155 0.0110414
1.16 0.0109452
1.165 0.0108502
1.17 0.0107565
1.175 0.010664
1.18 0.0105727
1.185 0.0104825
1.19 0.0103935
1.195 0.0103056
1.2 0.0102188
1.205 0.0101331
1.21 0.0100485
1.215 0.00996494
1.22 0.00988241
1.225 0.0098009
1.23 0.00972039
1.235 0.00964086
1.24 0.00956231
1.245 0.00948471
1.25 0.00940804
1.255 0.00933231
1.26 0.00925748
1.265 0.00918354
1.27 0.00911049
1.275 0.0090383
1.28 0.00896697
1.285 0.00889648
1.29 0.00882681
1.295 0.00875795
1.3 0.0086899
1.305 0.00862264
1.31 0.00855615
1.315 0.00849043
1.32 0.00842546
1.325 0.00836123
1.33 0.00829773
1.335 0.00823495
1.34 0.00817288
1.345 0.00811151
1.35 0.00805083
1.355 0.00799082
1.36 0.00793148
1.365 0.0078728
1.37 0.00781476
1.375 0.00775737
1.38 0.0077006
1.385 0.00764445
1.39 0.00758892
1.395 0.00753398
1.4 0.00747964
1.405 0.00742589
1.41 0.00737271
1.415 0.0073201
1.42 0.00726805
1.425 0.00721655
1.43 0.00716559
1.435 0.00711518
1.44 0.00706529
1.445 0.00701592
1.45 0.00696707
1.455 0.00691873
1.46 0.00687089
1.465 0.00682354
1.47 0.00677668
1.475 0.0067303
1.48 0.00668439
1.485 0.00663895
1.49 0.00659397
1.495 0.00654945
1.5 0.00650538
1.505 0.00646174
1.51 0.00641855
1.515 0.00637578
1.52 0.00633345
1.525 0.00629153
1.53 0.00625002
1.535 0.00620893
1.54 0.00616824
1.545 0.00612794
1.55 0.00608804
1.555 0.00604853
1.56 0.0060094
1.565 0.00597065
1.57 0.00593227
1.575 0.00589426
1.58 0.00585661
1.585 0.00581932
1.59 0.00578239
1.595 0.00574581
1.6 0.00570957
1.605 0.00567367
1.61 0.00563812
1.615 0.00560289
1.62 0.00556799
1.625 0.00553342
1.63 0.00549917
1.635 0.00546523
1.64 0.00543161
1.645 0.0053983
1.65 0.00536529
1.655 0.00533258
1.66 0.00530017
1.665 0.00526806
1.67 0.00523623
1.675 0.0052047
1.68 0.00517344
1.685 0.00514247
1.69 0.00511177
1.695 0.00508135
1.7 0.0050512
1.705 0.00502132
1.71 0.0049917
1.715 0.00496234
1.72 0.00493324
1.725 0.00490439
1.73 0.00487579
1.735 0.00484745
1.74 0.00481935
1.745 0.0047915
1.75 0.00476388
1.755 0.0047365
1.76 0.00470936
1.765 0.00468245
1.77 0.00465577
1.775 0.00462932
1.78 0.00460309
1.785 0.00457708
1.79 0.0045513
1.795 0.00452573
1.8 0.00450037
1.805 0.00447523
1.81 0.0044503
1.815 0.00442557
1.82 0.00440105
1.825 0.00437674
1.83 0.00435262
1.835 0.0043287
1.84 0.00430498
1.845 0.00428146
1.85 0.00425812
1.855 0.00423498
1.86 0.00421202
1.865 0.00418925
1.87 0.00416667
1.875 0.00414426
1.88 0.00412204
1.885 0.00409999
1.89 0.00407812
1.895 0.00405642
1.9 0.0040349
1.905 0.00401355
1.91 0.00399237
1.915 0.00397135
1.92 0.0039505
1.925 0.00392981
1.93 0.00390929
1.935 0.00388892
1.94 0.00386871
1.945 0.00384867
1.95 0.00382877
1.955 0.00380903
1.96 0.00378944
1.965 0.00377
1.97 0.00375072
1.975 0.00373157
1.98 0.00371258
1.985 0.00369373
1.99 0.00367502
1.995 0.00365646
2 0.00363803
2.005 0.00361974
2.01 0.00360159
2.015 0.00358358
2.02 0.0035657
2.025 0.00354796
2.03 0.00353034
2.035 0.00351286
2.04 0.00349551
2.045 0.00347828
2.05 0.00346119
2.055 0.00344421
2.06 0.00342737
2.065 0.00341064
2.07 0.00339404
2.075 0.00337756
2.08 0.00336119
2.085 0.00334495
2.09 0.00332882
2.095 0.00331282
2.1 0.00329692
2.105 0.00328114
2.11 0.00326547
2.115 0.00324992
2.12 0.00323447
2.125 0.00321914
2.13 0.00320391
2.135 0.00318879
2.14 0.00317378
2.145 0.00315887
2.15 0.00314407
2.155 0.00312937
2.16 0.00311478
2.165 0.00310028
2.17 0.00308589
2.175 0.0030716
2.18 0.0030574
2.185 0.00304331
2.19 0.00302931
2.195 0.00301541
2.2 0.0030016
2.205 0.00298789
2.21 0.00297427
2.215 0.00296075
2.22 0.00294731
2.225 0.00293397
2.23 0.00292072
2.235 0.00290755
2.24 0.00289448
2.245 0.00288149
2.25 0.0028686
2.255 0.00285578
2.26 0.00284306
2.265 0.00283041
2.27 0.00281786
2.275 0.00280538
2.28 0.00279299
2.285 0.00278068
2.29 0.00276845
2.295 0.0027563
2.3 0.00274423
2.305 0.00273224
2.31 0.00272033
2.315 0.0027085
2.32 0.00269674
2.325 0.00268506
2.33 0.00267346
2.335 0.00266193
2.34 0.00265047
2.345 0.00263909
2.35 0.00262778
2.355 0.00261655
2.36 0.00260538
2.365 0.00259429
2.37 0.00258327
2.375 0.00257232
2.38 0.00256143
2.385 0.00255062
2.39 0.00253987
2.395 0.0025292
2.4 0.00251859
2.405 0.00250804
2.41 0.00249756
2.415 0.00248715
2.42 0.0024768
2.425 0.00246652
2.43 0.0024563
2.435 0.00244615
2.44 0.00243605
2.445 0.00242602
2.45 0.00241605
2.455 0.00240615
2.46 0.0023963
2.465 0.00238651
2.47 0.00237679
2.475 0.00236712
2.48 0.00235751
2.485 0.00234796
2.49 0.00233847
2.495 0.00232903
2.5 0.00231965
2.505 0.00231033
2.51 0.00230107
2.515 0.00229186
2.52 0.0022827
2.525 0.0022736
2.53 0.00226456
2.535 0.00225556
2.54 0.00224663
2.545 0.00223774
2.55 0.00222891
2.555 0.00222013
2.56 0.0022114
2.565 0.00220272
2.57 0.00219409
2.575 0.00218552
2.58 0.00217699
2.585 0.00216852
2.59 0.00216009
2.595 0.00215171
2.6 0.00214338
2.605 0.0021351
2.61 0.00212687
2.615 0.00211868
2.62 0.00211055
2.625 0.00210245
2.63 0.00209441
2.635 0.00208641
2.64 0.00207846
2.645 0.00207055
2.65 0.00206269
2.655 0.00205487
2.66 0.00204709
2.665 0.00203936
2.67 0.00203168
2.675 0.00202403
2.68 0.00201643
2.685 0.00200888
2.69 0.00200136
2.695 0.00199389
2.7 0.00198646
2.705 0.00197907
2.71 0.00197172
2.715 0.00196441
2.72 0.00195715
2.725 0.00194992
2.73 0.00194273
2.735 0.00193559
2.74 0.00192848
2.745 0.00192141
2.75 0.00191438
2.755 0.00190739
2.76 0.00190043
2.765 0.00189352
2.77 0.00188664
2.775 0.0018798
2.78 0.001873
2.785 0.00186623
2.79 0.0018595
2.795 0.00185281
2.8 0.00184615
2.805 0.00183953
2.81 0.00183294
2.815 0.00182639
2.82 0.00181988
2.825 0.0018134
2.83 0.00180695
2.835 0.00180054
2.84 0.00179416
2.845 0.00178782
2.85 0.0017815
2.855 0.00177523
2.86 0.00176898
2.865 0.00176277
2.87 0.00175659
2.875 0.00175045
2.88 0.00174433
2.885 0.00173825
2.89 0.0017322
2.895 0.00172618
2.9 0.00172019
2.905 0.00171424
2.91 0.00170831
2.915 0.00170242
2.92 0.00169655
2.925 0.00169072
2.93 0.00168492
2.935 0.00167914
2.94 0.0016734
2.945 0.00166768
2.95 0.001662
2.955 0.00165634
2.96 0.00165071
2.965 0.00164511
2.97 0.00163954
2.975 0.001634
2.98 0.00162848
2.985 0.00162299
2.99 0.00161753
2.995 0.0016121
3 0.0016067
3.005 0.00160132
3.01 0.00159597
3.015 0.00159065
3.02 0.00158535
3.025 0.00158008
3.03 0.00157483
3.035 0.00156962
3.04 0.00156442
3.045 0.00155926
3.05 0.00155412
3.055 0.001549
3.06 0.00154391
3.065 0.00153884
3.07 0.0015338
3.075 0.00152879
3.08 0.0015238
3.085 0.00151883
3.09 0.00151389
3.095 0.00150897
3.1 0.00150407
3.105 0.0014992
3.11 0.00149435
3.115 0.00148953
3.12 0.00148473
3.125 0.00147995
3.13 0.0014752
3.135 0.00147047
3.14 0.00146576
3.145 0.00146107
3.15 0.00145641
3.155 0.00145176
3.16 0.00144714
3.165 0.00144255
3.17 0.00143797
3.175 0.00143342
3.18 0.00142889
3.185 0.00142437
3.19 0.00141989
3.195 0.00141542
3.2 0.00141097
3.205 0.00140654
3.21 0.00140214
3.215 0.00139775
3.22 0.00139339
3.225 0.00138904
3.23 0.00138472
3.235 0.00138042
3.24 0.00137613
3.245 0.00137187
3.25 0.00136763
3.255 0.0013634
3.26 0.0013592
3.265 0.00135501
3.27 0.00135085
3.275 0.0013467
3.28 0.00134257
3.285 0.00133846
3.29 0.00133437
3.295 0.0013303
3.3 0.00132625
3.305 0.00132222
3.31 0.0013182
3.315 0.0013142
3.32 0.00131022
3.325 0.00130626
3.33 0.00130232
3.335 0.00129839
3.34 0.00129449
3.345 0.0012906
3.35 0.00128672
3.355 0.00128287
3.36 0.00127903
3.365 0.00127521
3.37 0.0012714
3.375 0.00126762
3.38 0.00126385
3.385 0.00126009
3.39 0.00125636
3.395 0.00125264
3.4 0.00124894
3.405 0.00124525
3.41 0.00124158
3.415 0.00123792
3.42 0.00123429
3.425 0.00123066
3.43 0.00122706
3.435 0.00122347
3.44 0.00121989
3.445 0.00121633
3.45 0.00121279
3.455 0.00120926
3.46 0.00120575
3.465 0.00120225
3.47 0.00119877
3.475 0.0011953
3.48 0.00119185
3.485 0.00118841
3.49 0.00118499
3.495 0.00118158
3.5 0.00117819
3.505 0.00117481
3.51 0.00117145
3.515 0.0011681
3.52 0.00116476
3.525 0.00116144
3.53 0.00115813
3.535 0.00115484
3.54 0.00115156
3.545 0.0011483
3.55 0.00114505
3.555 0.00114181
3.56 0.00113859
3.565 0.00113538
3.57 0.00113218
3.575 0.001129
3.58 0.00112583
3.585 0.00112267
3.59 0.00111953
3.595 0.0011164
3.6 0.00111328
3.605 0.00111018
3.61 0.00110709
3.615 0.00110401
3.62 0.00110095
3.625 0.0010979
3.63 0.00109486
3.635 0.00109183
3.64 0.00108882
3.645 0.00108581
3.65 0.00108283
3.655 0.00107985
3.66 0.00107688
3.665 0.00107393
3.67 0.00107099
3.675 0.00106806
3.68 0.00106515
3.685 0.00106224
3.69 0.00105935
3.695 0.00105647
3.7 0.0010536
3.705 0.00105074
3.71 0.0010479
3.715 0.00104506
3.72 0.00104224
3.725 0.00103943
3.73 0.00103663
3.735 0.00103384
3.74 0.00103106
3.745 0.0010283
3.75 0.00102554
3.755 0.0010228
3.76 0.00102006
3.765 0.00101734
3.77 0.00101463
3.775 0.00101193
3.78 0.00100924
3.785 0.00100656
3.79 0.00100389
3.795 0.00100123
3.8 0.000998587
3.805 0.00099595
3.81 0.000993324
3.815 0.000990708
3.82 0.000988102
3.825 0.000985507
3.83 0.000982922
3.835 0.000980347
3.84 0.000977782
3.845 0.000975227
3.85 0.000972682
3.855 0.000970147
3.86 0.000967622
3.865 0.000965107
3.87 0.000962602
3.875 0.000960106
3.88 0.00095762
3.885 0.000955144
3.89 0.000952677
3.895 0.00095022
3.9 0.000947772
3.905 0.000945334
3.91 0.000942905
3.915 0.000940486
3.92 0.000938076
3.925 0.000935675
3.93 0.000933283
3.935 0.0009309
3.94 0.000928527
3.945 0.000926163
3.95 0.000923807
3.955 0.000921461
3.96 0.000919123
3.965 0.000916795
3.97 0.000914475
3.975 0.000912164
3.98 0.000909862
3.985 0.000907568
3.99 0.000905283
3.995 0.000903007
4 0.000900739
4.005 0.00089848
4.01 0.00089623
4.015 0.000893987
4.02 0.000891754
4.025 0.000889528
4.03 0.000887311
4.035 0.000885102
4.04 0.000882902
4.045 0.000880709
4.05 0.000878525
4.055 0.000876349
4.06 0.000874181
4.065 0.000872021
4.07 0.000869869
4.075 0.000867724
4.08 0.000865588
4.085 0.00086346
4.09 0.00086134
4.095 0.000859227
4.1 0.000857122
4.105 0.000855025
4.11 0.000852935
4.115 0.000850853
4.12 0.000848779
4.125 0.000846713
4.13 0.000844653
4.135 0.000842602
4.14 0.000840558
4.145 0.000838521
4.15 0.000836492
4.155 0.00083447
4.16 0.000832455
4.165 0.000830448
4.17 0.000828447
4.175 0.000826455
4.18 0.000824469
4.185 0.00082249
4.19 0.000820519
4.195 0.000818554
4.2 0.000816597
4.205 0.000814647
4.21 0.000812703
4.215 0.000810767
4.22 0.000808837
4.225 0.000806915
4.23 0.000804999
4.235 0.00080309
4.24 0.000801188
4.245 0.000799293
4.25 0.000797404
4.255 0.000795522
4.26 0.000793646
4.265 0.000791778
4.27 0.000789915
4.275 0.00078806
4.28 0.000786211
4.285 0.000784368
4.29 0.000782532
4.295 0.000780702
4.3 0.000778879
4.305 0.000777062
4.31 0.000775252
4.315 0.000773448
4.32 0.00077165
4.325 0.000769858
4.33 0.000768073
4.335 0.000766293
4.34 0.00076452
4.345 0.000762753
4.35 0.000760993
4.355 0.000759238
4.36 0.000757489
4.365 0.000755747
4.37 0.00075401
4.375 0.00075228
4.38 0.000750555
4.385 0.000748836
4.39 0.000747123
4.395 0.000745416
4.4 0.000743715
4.405 0.00074202
4.41 0.00074033
4.415 0.000738647
4.42 0.000736968
4.425 0.000735296
4.43 0.00073363
4.435 0.000731969
4.44 0.000730313
4.445 0.000728663
4.45 0.000727019
4.455 0.000725381
4.46 0.000723748
4.465 0.00072212
4.47 0.000720498
4.475 0.000718881
4.48 0.00071727
4.485 0.000715664
4.49 0.000714064
4.495 0.000712469
4.5 0.000710879
4.505 0.000709295
4.51 0.000707716
4.515 0.000706142
4.52 0.000704573
4.525 0.00070301
4.53 0.000701452
4.535 0.000699899
4.54 0.000698351
4.545 0.000696808
4.55 0.000695271
4.555 0.000693738
4.56 0.000692211
4.565 0.000690688
4.57 0.000689171
4.575 0.000687659
4.58 0.000686151
4.585 0.000684649
4.59 0.000683151
4.595 0.000681659
4.6 0.000680171
4.605 0.000678688
4.61 0.00067721
4.615 0.000675737
4.62 0.000674268
4.625 0.000672805
4.63 0.000671346
4.635 0.000669891
4.64 0.000668442
4.645 0.000666997
4.65 0.000665557
4.655 0.000664122
4.66 0.000662691
4.665 0.000661265
4.67 0.000659843
4.675 0.000658426
4.68 0.000657014
4.685 0.000655606
4.69 0.000654203
4.695 0.000652804
4.7 0.00065141
4.705 0.00065002
4.71 0.000648634
4.715 0.000647253
4.72 0.000645877
4.725 0.000644504
4.73 0.000643136
4.735 0.000641773
4.74 0.000640414
4.745 0.000639059
4.75 0.000637708
4.755 0.000636362
4.76 0.00063502
4.765 0.000633682
4.77 0.000632349
4.775 0.000631019
4.78 0.000629694
4.785 0.000628373
4.79 0.000627056
4.795 0.000625743
4.8 0.000624435
4.805 0.00062313
4.81 0.00062183
4.815 0.000620533
4.82 0.000619241
4.825 0.000617953
4.83 0.000616668
4.835 0.000615388
4.84 0.000614112
4.845 0.00061284
4.85 0.000611571
4.855 0.000610307
4.86 0.000609046
4.865 0.00060779
4.87 0.000606537
4.875 0.000605288
4.88 0.000604043
4.885 0.000602802
4.89 0.000601564
4.895 0.000600331
4.9 0.000599101
4.905 0.000597875
4.91 0.000596653
4.915 0.000595434
4.92 0.000594219
4.925 0.000593008
4.93 0.000591801
4.935 0.000590597
4.94 0.000589397
4.945 0.000588201
4.95 0.000587008
4.955 0.000585819
4.96 0.000584634
4.965 0.000583452
4.97 0.000582274
4.975 0.000581099
4.98 0.000579928
4.985 0.00057876
4.99 0.000577596
4.995 0.000576435
5 0.000575278
5.005 0.000574124
5.01 0.000572974
5.015 0.000571828
5.02 0.000570684
5.025 0.000569544
5.03 0.000568408
5.035 0.000567275
5.04 0.000566145
5.045 0.000565019
5.05 0.000563896
5.055 0.000562776
5.06 0.00056166
5.065 0.000560547
5.07 0.000559438
5.075 0.000558331
5.08 0.000557228
5.085 0.000556128
5.09 0.000555032
5.095 0.000553938
5.1 0.000552848
5.105 0.000551761
5.11 0.000550678
5.115 0.000549597
5.12 0.00054852
5.125 0.000547446
5.13 0.000546375
5.135 0.000545307
5.14 0.000544242
5.145 0.000543181
5.15 0.000542122
5.155 0.000541067
5.16 0.000540014
5.165 0.000538965
5.17 0.000537919
5.175 0.000536876
5.18 0.000535836
5.185 0.000534798
5.19 0.000533764
5.195 0.000532733
5.2 0.000531705
5.205 0.00053068
5.21 0.000529658
5.215 0.000528638
5.22 0.000527622
5.225 0.000526609
5.23 0.000525598
5.235 0.000524591
5.24 0.000523586
5.245 0.000522584
5.25 0.000521585
5.255 0.000520589
5.26 0.000519596
5.265 0.000518606
5.27 0.000517618
5.275 0.000516633
5.28 0.000515651
5.285 0.000514672
5.29 0.000513696
5.295 0.000512722
5.3 0.000511752
5.305 0.000510784
5.31 0.000509818
5.315 0.000508856
5.32 0.000507896
5.325 0.000506939
5.33 0.000505984
5.335 0.000505033
5.34 0.000504084
5.345 0.000503137
5.35 0.000502194
5.355 0.000501253
5.36 0.000500314
5.365 0.000499378
5.37 0.000498445
5.375 0.000497515
5.38 0.000496587
5.385 0.000495661
5.39 0.000494739
5.395 0.000493818
5.4 0.000492901
5.405 0.000491986
5.41 0.000491073
5.415 0.000490163
5.42 0.000489256
5.425 0.000488351
5.43 0.000487448
5.435 0.000486548
5.44 0.000485651
5.445 0.000484756
5.45 0.000483863
5.455 0.000482973
5.46 0.000482086
5.465 0.000481201
5.47 0.000480318
5.475 0.000479438
5.48 0.00047856
5.485 0.000477684
5.49 0.000476811
5.495 0.000475941
5.5 0.000475072
5.505 0.000474206
5.51 0.000473343
5.515 0.000472482
5.52 0.000471623
5.525 0.000470766
5.53 0.000469912
5.535 0.00046906
5.54 0.000468211
5.545 0.000467364
5.55 0.000466519
5.555 0.000465676
5.56 0.000464836
5.565 0.000463998
5.57 0.000463162
5.575 0.000462328
5.58 0.000461497
5.585 0.000460668
5.59 0.000459841
5.595 0.000459016
5.6 0.000458194
5.605 0.000457374
5.61 0.000456556
5.615 0.00045574
5.62 0.000454926
5.625 0.000454115
5.63 0.000453306
5.635 0.000452499
5.64 0.000451694
5.645 0.000450891
5.65 0.00045009
5.655 0.000449292
5.66 0.000448495
5.665 0.000447701
5.67 0.000446909
5.675 0.000446119
5.68 0.000445331
5.685 0.000444545
5.69 0.000443761
5.695 0.000442979
5.7 0.000442199
5.705 0.000441422
5.71 0.000440646
5.715 0.000439873
5.72 0.000439101
5.725 0.000438332
5.73 0.000437564
5.735 0.000436799
5.74 0.000436035
5.745 0.000435274
5.75 0.000434514
5.755 0.000433757
5.76 0.000433001
5.765 0.000432248
5.77 0.000431496
5.775 0.000430747
5.78 0.000429999
5.785 0.000429253
5.79 0.000428509
5.795 0.000427768
5.8 0.000427028
5.805 0.00042629
5.81 0.000425554
5.815 0.000424819
5.82 0.000424087
5.825 0.000423357
5.83 0.000422628
5.835 0.000421902
5.84 0.000421177
5.845 0.000420454
5.85 0.000419733
5.855 0.000419014
5.86 0.000418296
5.865 0.000417581
5.87 0.000416867
5.875 0.000416156
5.88 0.000415446
5.885 0.000414737
5.89 0.000414031
5.895 0.000413326
5.9 0.000412624
5.905 0.000411923
5.91 0.000411223
5.915 0.000410526
5.92 0.00040983
5.925 0.000409136
5.93 0.000408444
5.935 0.000407754
5.94 0.000407065
5.945 0.000406378
5.95 0.000405693
5.955 0.00040501
5.96 0.000404328
5.965 0.000403648
5.97 0.00040297
5.975 0.000402293
5.98 0.000401619
5.985 0.000400945
5.99 0.000400274
5.995 0.000399604
6 0.000398936
6.005 0.00039827
6.01 0.000397605
6.015 0.000396942
6.02 0.00039628
6.025 0.000395621
6.03 0.000394963
6.035 0.000394306
6.04 0.000393651
6.045 0.000392998
6.05 0.000392346
6.055 0.000391696
6.06 0.000391048
6.065 0.000390401
6.07 0.000389756
6.075 0.000389113
6.08 0.000388471
6.085 0.00038783
6.09 0.000387191
6.095 0.000386554
6.1 0.000385919
6.105 0.000385284
6.11 0.000384652
6.115 0.000384021
6.12 0.000383392
6.125 0.000382764
6.13 0.000382137
6.135 0.000381513
6.14 0.000380889
6.145 0.000380268
6.15 0.000379647
6.155 0.000379029
6.16 0.000378411
6.165 0.000377796
6.17 0.000377182
6.175 0.000376569
6.18 0.000375958
6.185 0.000375348
6.19 0.00037474
6.195 0.000374133
6.2 0.000373528
6.205 0.000372924
6.21 0.000372322
6.215 0.000371721
6.22 0.000371121
6.225 0.000370523
6.23 0.000369927
6.235 0.000369332
6.24 0.000368738
6.245 0.000368146
6.25 0.000367555
6.255 0.000366966
6.26 0.000366378
6.265 0.000365791
6.27 0.000365206
6.275 0.000364622
6.28 0.00036404
6.285 0.000363459
6.29 0.000362879
6.295 0.000362301
6.3 0.000361724
6.305 0.000361149
6.31 0.000360575
6.315 0.000360002
6.32 0.000359431
6.325 0.000358861
6.33 0.000358292
6.335 0.000357725
6.34 0.000357159
6.345 0.000356595
6.35 0.000356031
6.355 0.000355469
6.36 0.000354909
6.365 0.00035435
6.37 0.000353792
6.375 0.000353235
6.38 0.00035268
6.385 0.000352126
6.39 0.000351573
6.395 0.000351022
6.4 0.000350472
6.405 0.000349923
6.41 0.000349375
6.415 0.000348829
6.42 0.000348284
6.425 0.00034774
6.43 0.000347198
6.435 0.000346657
6.44 0.000346117
6.445 0.000345578
6.45 0.000345041
6.455 0.000344505
6.46 0.00034397
6.465 0.000343437
6.47 0.000342904
6.475 0.000342373
6.48 0.000341843
6.485 0.000341315
6.49 0.000340787
6.495 0.000340261
6.5 0.000339736
6.505 0.000339212
6.51 0.00033869
6.515 0.000338168
6.52 0.000337648
6.525 0.000337129
6.53 0.000336611
6.535 0.000336095
6.54 0.000335579
6.545 0.000335065
6.55 0.000334552
6.555 0.00033404
6.56 0.00033353
6.565 0.00033302
6.57 0.000332512
6.575 0.000332004
6.58 0.000331498
6.585 0.000330994
6.59 0.00033049
6.595 0.000329987
6.6 0.000329486
6.605 0.000328986
6.61 0.000328487
6.615 0.000327989
6.62 0.000327492
6.625 0.000326996
6.63 0.000326501
6.635 0.000326008
6.64 0.000325515
6.645 0.000325024
6.65 0.000324534
6.655 0.000324045
6.66 0.000323557
6.665 0.00032307
6.67 0.000322584
6.675 0.0003221
6.68 0.000321616
6.685 0.000321134
6.69 0.000320652
6.695 0.000320172
6.7 0.000319693
6.705 0.000319215
6.71 0.000318738
6.715 0.000318262
6.72 0.000317787
6.725 0.000317313
6.73 0.00031684
6.735 0.000316368
6.74 0.000315898
6.745 0.000315428
6.75 0.000314959
6.755 0.000314492
6.76 0.000314025
6.765 0.00031356
6.77 0.000313095
6.775 0.000312632
6.78 0.000312169
6.785 0.000311708
6.79 0.000311248
6.795 0.000310788
6.8 0.00031033
6.805 0.000309873
6.81 0.000309416
6.815 0.000308961
6.82 0.000308507
6.825 0.000308054
6.83 0.000307601
6.835 0.00030715
6.84 0.0003067
6.845 0.00030625
6.85 0.000305802
6.855 0.000305355
6.86 0.000304908
6.865 0.000304463
6.87 0.000304019
6.875 0.000303575
6.88 0.000303133
6.885 0.000302691
6.89 0.000302251
6.895 0.000301811
6.9 0.000301373
6.905 0.000300935
6.91 0.000300498
6.915 0.000300062
6.92 0.000299628
6.925 0.000299194
6.93 0.000298761
6.935 0.000298329
6.94 0.000297898
6.945 0.000297468
6.95 0.000297039
6.955 0.00029661
6.96 0.000296183
6.965 0.000295757
6.97 0.000295331
6.975 0.000294907
6.98 0.000294483
6.985 0.00029406
6.99 0.000293638
6.995 0.000293217
7 0.000292797
7.005 0.000292378
7.01 0.00029196
7.015 0.000291543
7.02 0.000291126
7.025 0.000290711
7.03 0.000290296
7.035 0.000289882
7.04 0.000289469
7.045 0.000289057
7.05 0.000288646
7.055 0.000288236
7.06 0.000287827
7.065 0.000287418
7.07 0.000287011
7.075 0.000286604
7.08 0.000286198
7.085 0.000285793
7.09 0.000285389
7.095 0.000284985
7.1 0.000284583
7.105 0.000284181
7.11 0.000283781
7.115 0.000283381
7.12 0.000282982
7.125 0.000282583
7.13 0.000282186
7.135 0.000281789
7.14 0.000281394
7.145 0.000280999
7.15 0.000280605
7.155 0.000280212
7.16 0.000279819
7.165 0.000279428
7.17 0.000279037
7.175 0.000278647
7.18 0.000278258
7.185 0.00027787
7.19 0.000277482
7.195 0.000277095
7.2 0.00027671
7.205 0.000276324
7.21 0.00027594
7.215 0.000275557
7.22 0.000275174
7.225 0.000274792
7.23 0.000274411
7.235 0.000274031
7.24 0.000273651
7.245 0.000273273
7.25 0.000272895
7.255 0.000272518
7.26 0.000272141
7.265 0.000271766
7.27 0.000271391
7.275 0.000271017
7.28 0.000270644
7.285 0.000270271
7.29 0.000269899
7.295 0.000269528
7.3 0.000269158
7.305 0.000268789
7.31 0.00026842
7.315 0.000268052
7.32 0.000267685
7.325 0.000267319
7.33 0.000266953
7.335 0.000266588
7.34 0.000266224
7.345 0.000265861
7.35 0.000265498
7.355 0.000265136
7.36 0.000264775
7.365 0.000264415
7.37 0.000264055
7.375 0.000263696
7.38 0.000263338
7.385 0.00026298
7.39 0.000262623
7.395 0.000262267
7.4 0.000261912
7.405 0.000261557
7.41 0.000261203
7.415 0.00026085
7.42 0.000260498
7.425 0.000260146
7.43 0.000259795
7.435 0.000259445
7.44 0.000259095
7.445 0.000258746
7.45 0.000258398
7.455 0.000258051
7.46 0.000257704
7.465 0.000257358
7.47 0.000257012
7.475 0.000256668
7.48 0.000256324
7.485 0.00025598
7.49 0.000255638
7.495 0.000255296
7.5 0.000254954
7.505 0.000254614
7.51 0.000254274
7.515 0.000253935
7.52 0.000253596
7.525 0.000253258
7.53 0.000252921
7.535 0.000252585
7.54 0.000252249
7.545 0.000251914
7.55 0.000251579
7.555 0.000251245
7.56 0.000250912
7.565 0.00025058
7.57 0.000250248
7.575 0.000249916
7.58 0.000249586
7.585 0.000249256
7.59 0.000248927
7.595 0.000248598
7.6 0.00024827
7.605 0.000247943
7.61 0.000247616
7.615 0.00024729
7.62 0.000246965
7.625 0.00024664
7.63 0.000246316
7.635 0.000245993
7.64 0.00024567
7.645 0.000245348
7.65 0.000245026
7.655 0.000244706
7.66 0.000244385
7.665 0.000244066
7.67 0.000243747
7.675 0.000243428
7.68 0.000243111
7.685 0.000242793
7.69 0.000242477
7.695 0.000242161
7.7 0.000241846
7.705 0.000241531
7.71 0.000241217
7.715 0.000240904
7.72 0.000240591
7.725 0.000240279
7.73 0.000239967
7.735 0.000239656
7.74 0.000239346
7.745 0.000239036
7.75 0.000238727
7.755 0.000238418
7.76 0.00023811
7.765 0.000237803
7.77 0.000237496
7.775 0.00023719
7.78 0.000236884
7.785 0.000236579
7.79 0.000236274
7.795 0.000235971
7.8 0.000235667
7.805 0.000235365
7.81 0.000235063
7.815 0.000234761
7.82 0.00023446
7.825 0.00023416
7.83 0.00023386
7.835 0.000233561
7.84 0.000233262
7.845 0.000232964
7.85 0.000232667
7.855 0.00023237
7.86 0.000232073
7.865 0.000231778
7.87 0.000231482
7.875 0.000231188
7.88 0.000230894
7.885 0.0002306
7.89 0.000230307
7.895 0.000230015
7.9 0.000229723
7.905 0.000229431
7.91 0.000229141
7.915 0.00022885
7.92 0.000228561
7.925 0.000228272
7.93 0.000227983
7.935 0.000227695
7.94 0.000227408
7.945 0.000227121
7.95 0.000226834
7.955 0.000226549
7.96 0.000226263
7.965 0.000225979
7.97 0.000225694
7.975 0.000225411
7.98 0.000225127
7.985 0.000224845
7.99 0.000224563
7.995 0.000224281
8 0.000224
8.005 0.00022372
8.01 0.00022344
8.015 0.00022316
8.02 0.000222881
8.025 0.000222603
8.03 0.000222325
8.035 0.000222048
8.04 0.000221771
8.045 0.000221495
8.05 0.000221219
8.055 0.000220943
8.06 0.000220669
8.065 0.000220394
8.07 0.000220121
8.075 0.000219847
8.08 0.000219575
8.085 0.000219302
8.09 0.000219031
8.095 0.00021876
8.1 0.000218489
8.105 0.000218219
8.11 0.000217949
8.115 0.00021768
8.12 0.000217411
8.125 0.000217143
8.13 0.000216875
8.135 0.000216608
8.14 0.000216341
8.145 0.000216075
8.15 0.000215809
8.155 0.000215544
8.16 0.000215279
8.165 0.000215015
8.17 0.000214751
8.175 0.000214488
8.18 0.000214225
8.185 0.000213963
8.19 0.000213701
8.195 0.000213439
8.2 0.000213178
8.205 0.000212918
8.21 0.000212658
8.215 0.000212399
8.22 0.00021214
8.225 0.000211881
8.23 0.000211623
8.235 0.000211365
8.24 0.000211108
8.245 0.000210852
8.25 0.000210595
8.255 0.00021034
8.26 0.000210085
8.265 0.00020983
8.27 0.000209575
8.275 0.000209322
8.28 0.000209068
8.285 0.000208815
8.29 0.000208563
8.295 0.000208311
8.3 0.000208059
8.305 0.000207808
8.31 0.000207557
8.315 0.000207307
8.32 0.000207058
8.325 0.000206808
8.33 0.000206559
8.335 0.000206311
8.34 0.000206063
8.345 0.000205816
8.35 0.000205569
8.355 0.000205322
8.36 0.000205076
8.365 0.00020483
8.37 0.000204585
8.375 0.00020434
8.38 0.000204096
8.385 0.000203852
8.39 0.000203608
8.395 0.000203365
8.4 0.000203122
8.405 0.00020288
8.41 0.000202638
8.415 0.000202397
8.42 0.000202156
8.425 0.000201915
8.43 0.000201675
8.435 0.000201436
8.44 0.000201197
8.445 0.000200958
8.45 0.000200719
8.455 0.000200481
8.46 0.000200244
8.465 0.000200007
8.47 0.00019977
8.475 0.000199534
8.48 0.000199298
8.485 0.000199063
8.49 0.000198828
8.495 0.000198593
8.5 0.000198359
8.505 0.000198125
8.51 0.000197892
8.515 0.000197659
8.52 0.000197426
8.525 0.000197194
8.53 0.000196963
8.535 0.000196731
8.54 0.0001965
8.545 0.00019627
8.55 0.00019604
8.555 0.00019581
8.56 0.000195581
8.565 0.000195352
8.57 0.000195124
8.575 0.000194896
8.58 0.000194668
8.585 0.000194441
8.59 0.000194214
8.595 0.000193987
8.6 0.000193761
8.605 0.000193536
8.61 0.00019331
8.615 0.000193085
8.62 0.000192861
8.625 0.000192637
8.63 0.000192413
8.635 0.00019219
8.64 0.000191967
8.645 0.000191744
8.65 0.000191522
8.655 0.0001913
8.66 0.000191079
8.665 0.000190858
8.67 0.000190637
8.675 0.000190417
8.68 0.000190197
8.685 0.000189978
8.69 0.000189759
8.695 0.00018954
8.7 0.000189322
8.705 0.000189104
8.71 0.000188886
8.715 0.000188669
8.72 0.000188452
8.725 0.000188235
8.73 0.000188019
8.735 0.000187804
8.74 0.000187588
8.745 0.000187373
8.75 0.000187159
8.755 0.000186944
8.76 0.000186731
8.765 0.000186517
8.77 0.000186304
8.775 0.000186091
8.78 0.000185879
8.785 0.000185667
8.79 0.000185455
8.795 0.000185244
8.8 0.000185033
8.805 0.000184822
8.81 0.000184612
8.815 0.000184402
8.82 0.000184192
8.825 0.000183983
8.83 0.000183774
8.835 0.000183566
8.84 0.000183358
8.845 0.00018315
8.85 0.000182943
8.855 0.000182736
8.86 0.000182529
8.865 0.000182323
8.87 0.000182117
8.875 0.000181911
8.88 0.000181706
8.885 0.000181501
8.89 0.000181296
8.895 0.000181092
8.9 0.000180888
8.905 0.000180684
8.91 0.000180481
8.915 0.000180278
8.92 0.000180076
8.925 0.000179874
8.93 0.000179672
8.935 0.00017947
8.94 0.000179269
8.945 0.000179068
8.95 0.000178868
8.955 0.000178667
8.96 0.000178468
8.965 0.000178268
8.97 0.000178069
8.975 0.00017787
8.98 0.000177672
8.985 0.000177473
8.99 0.000177276
8.995 0.000177078
9 0.000176881
9.005 0.000176684
9.01 0.000176488
9.015 0.000176291
9.02 0.000176096
9.025 0.0001759
9.03 0.000175705
9.035 0.00017551
9.04 0.000175315
9.045 0.000175121
9.05 0.000174927
9.055 0.000174734
9.06 0.00017454
9.065 0.000174347
9.07 0.000174155
9.075 0.000173962
9.08 0.00017377
9.085 0.000173579
9.09 0.000173387
9.095 0.000173196
9.1 0.000173006
9.105 0.000172815
9.11 0.000172625
9.115 0.000172435
9.12 0.000172246
9.125 0.000172057
9.13 0.000171868
9.135 0.000171679
9.14 0.000171491
9.145 0.000171303
9.15 0.000171116
9.155 0.000170928
9.16 0.000170741
9.165 0.000170555
9.17 0.000170368
9.175 0.000170182
9.18 0.000169996
9.185 0.000169811
9.19 0.000169626
9.195 0.000169441
9.2 0.000169256
9.205 0.000169072
9.21 0.000168888
9.215 0.000168704
9.22 0.000168521
9.225 0.000168338
9.23 0.000168155
9.235 0.000167973
9.24 0.000167791
9.245 0.000167609
9.25 0.000167427
9.255 0.000167246
9.26 0.000167065
9.265 0.000166884
9.27 0.000166704
9.275 0.000166524
9.28 0.000166344
9.285 0.000166164
9.29 0.000165985
9.295 0.000165806
9.3 0.000165627
9.305 0.000165449
9.31 0.000165271
9.315 0.000165093
9.32 0.000164916
9.325 0.000164738
9.33 0.000164562
9.335 0.000164385
9.34 0.000164209
9.345 0.000164032
9.35 0.000163857
9.355 0.000163681
9.36 0.000163506
9.365 0.000163331
9.37 0.000163156
9.375 0.000162982
9.38 0.000162808
9.385 0.000162634
9.39 0.00016246
9.395 0.000162287
9.4 0.000162114
9.405 0.000161941
9.41 0.000161769
9.415 0.000161597
9.42 0.000161425
9.425 0.000161253
9.43 0.000161082
9.435 0.000160911
9.44 0.00016074
9.445 0.000160569
9.45 0.000160399
9.455 0.000160229
9.46 0.000160059
9.465 0.00015989
9.47 0.000159721
9.475 0.000159552
9.48 0.000159383
9.485 0.000159215
9.49 0.000159047
9.495 0.000158879
9.5 0.000158711
9.505 0.000158544
9.51 0.000158377
9.515 0.00015821
9.52 0.000158044
9.525 0.000157877
9.53 0.000157711
9.535 0.000157546
9.54 0.00015738
9.545 0.000157215
9.55 0.00015705
9.555 0.000156885
9.56 0.000156721
9.565 0.000156557
9.57 0.000156393
9.575 0.000156229
9.58 0.000156066
9.585 0.000155903
9.59 0.00015574
9.595 0.000155577
9.6 0.000155415
9.605 0.000155252
9.61 0.000155091
9.615 0.000154929
9.62 0.000154768
9.625 0.000154607
9.63 0.000154446
9.635 0.000154285
9.64 0.000154125
9.645 0.000153965
9.65 0.000153805
9.655 0.000153645
9.66 0.000153486
9.665 0.000153327
9.67 0.000153168
9.675 0.000153009
9.68 0.000152851
9.685 0.000152693
9.69 0.000152535
9.695 0.000152377
9.7 0.00015222
9.705 0.000152062
9.71 0.000151905
9.715 0.000151749
9.72 0.000151592
9.725 0.000151436
9.73 0.00015128
9.735 0.000151125
9.74 0.000150969
9.745 0.000150814
9.75 0.000150659
9.755 0.000150504
9.76 0.00015035
9.765 0.000150195
9.77 0.000150041
9.775 0.000149887
9.78 0.000149734
9.785 0.000149581
9.79 0.000149428
9.795 0.000149275
9.8 0.000149122
9.805 0.00014897
9.81 0.000148817
9.815 0.000148666
9.82 0.000148514
9.825 0.000148362
9.83 0.000148211
9.835 0.00014806
9.84 0.000147909
9.845 0.000147759
9.85 0.000147609
9.855 0.000147459
9.86 0.000147309
9.865 0.000147159
9.87 0.00014701
9.875 0.000146861
9.88 0.000146712
9.885 0.000146563
9.89 0.000146414
9.895 0.000146266
9.9 0.000146118
9.905 0.00014597
9.91 0.000145823
9.915 0.000145675
9.92 0.000145528
9.925 0.000145381
9.93 0.000145235
9.935 0.000145088
9.94 0.000144942
9.945 0.000144796
9.95 0.00014465
9.955 0.000144504
9.96 0.000144359
9.965 0.000144214
9.97 0.000144069
9.975 0.000143924
9.98 0.00014378
9.985 0.000143636
9.99 0.000143491
9.995 0.000143348
