0 -nan
0.005 0.0459319
0.01 0.0790852
0.015 0.343066
0.02 0.42061
0.025 0.083384
0.03 0.829875
0.035 0.814112
0.04 0.396603
0.045 0.129446
0.05 0.0877907
0.055 0.18077
0.06 0.321315
0.065 0.459267
0.07 0.573023
0.075 0.656984
0.08 0.712986
0.085 0.745602
0.09 0.759872
0.095 0.760363
0.1 0.750858
0.105 0.734347
0.11 0.713119
0.115 0.688892
0.12 0.662934
0.125 0.636165
0.13 0.609247
0.135 0.582643
0.14 0.556672
0.145 0.531545
0.15 0.507396
0.155 0.484301
0.16 0.462294
0.165 0.441382
0.17 0.42155
0.175 0.402769
0.18 0.385002
0.185 0.368206
0.19 0.352333
0.195 0.337335
0.2 0.323166
0.205 0.309776
0.21 0.297121
0.215 0.285155
0.22 0.273838
0.225 0.263128
0.23 0.252989
0.235 0.243385
0.24 0.234282
0.245 0.225649
0.25 0.217457
0.255 0.20968
0.26 0.20229
0.265 0.195266
0.27 0.188584
0.275 0.182224
0.28 0.176167
0.285 0.170395
0.29 0.16489
0.295 0.159639
0.3 0.154625
0.305 0.149836
0.31 0.145259
0.315 0.140882
0.32 0.136694
0.325 0.132684
0.33 0.128843
0.335 0.125162
0.34 0.121633
0.345 0.118246
0.35 0.114996
0.355 0.111875
0.36 0.108876
0.365 0.105994
0.37 0.103222
0.375 0.100555
0.38 0.0979883
0.385 0.0955165
0.39 0.0931352
0.395 0.0908402
0.4 0.0886275
0.405 0.0864933
0.41 0.0844339
0.415 0.0824459
0.42 0.0805262
0.425 0.0786717
0.43 0.0768796
0.435 0.0751471
0.44 0.0734716
0.445 0.0718507
0.45 0.0702822
0.455 0.0687637
0.46 0.0672933
0.465 0.0658689
0.47 0.0644887
0.475 0.0631509
0.48 0.0618537
0.485 0.0605957
0.49 0.0593752
0.495 0.0581908
0.5 0.057041
0.505 0.0559247
0.51 0.0548404
0.515 0.0537871
0.52 0.0527635
0.525 0.0517685
0.53 0.0508011
0.535 0.0498604
0.54 0.0489453
0.545 0.0480549
0.55 0.0471883
0.555 0.0463448
0.56 0.0455235
0.565 0.0447237
0.57 0.0439445
0.575 0.0431854
0.58 0.0424456
0.585 0.0417245
0.59 0.0410215
0.595 0.040336
0.6 0.0396674
0.605 0.0390151
0.61 0.0383787
0.615 0.0377576
0.62 0.0371514
0.625 0.0365595
0.63 0.0359816
0.635 0.0354171
0.64 0.0348658
0.645 0.0343272
0.65 0.0338008
0.655 0.0332864
0.66 0.0327836
0.665 0.032292
0.67 0.0318113
0.675 0.0313412
0.68 0.0308814
0.685 0.0304316
0.69 0.0299914
0.695 0.0295607
0.7 0.0291392
0.705 0.0287266
0.71 0.0283226
0.715 0.027927
0.72 0.0275396
0.725 0.0271602
0.73 0.0267885
0.735 0.0264244
0.74 0.0260676
0.745 0.025718
0.75 0.0253753
0.755 0.0250393
0.76 0.02471
0.765 0.0243871
0.77 0.0240705
0.775 0.0237599
0.78 0.0234553
0.785 0.0231565
0.79 0.0228633
0.795 0.0225757
0.8 0.0222934
0.805 0.0220163
0.81 0.0217444
0.815 0.0214775
0.82 0.0212154
0.825 0.020958
0.83 0.0207054
0.835 0.0204572
0.84 0.0202134
0.845 0.019974
0.85 0.0197388
0.855 0.0195076
0.86 0.0192806
0.865 0.0190574
0.87 0.0188381
0.875 0.0186225
0.88 0.0184106
0.885 0.0182023
0.89 0.0179974
0.895 0.017796
0.9 0.017598
0.905 0.0174032
0.91 0.0172117
0.915 0.0170232
0.92 0.0168379
0.925 0.0166555
0.93 0.0164761
0.935 0.0162996
0.94 0.0161258
0.945 0.0159548
0.95 0.0157866
0.955 0.0156209
0.96 0.0154579
0.965 0.0152973
0.97 0.0151393
0.975 0.0149837
0.98 0.0148304
0.985 0.0146795
0.99 0.0145309
0.995 0.0143845
1 0.0142404
1.005 0.0140983
1.01 0.0139584
1.015 0.0138206
1.02 0.0136847
1.025 0.0135509
1.03 0.013419
1.035 0.013289
1.04 0.0131609
1.045 0.0130346
1.05 0.0129102
1.055 0.0127875
1.06 0.0126665
1.065 0.0125473
1.07 0.0124297
1.075 0.0123137
1.08 0.0121994
1.085 0.0120867
1.09 0.0119755
1.095 0.0118658
1.1 0.0117576
1.105 0.0116509
1.11 0.0115456
1.115 0.0114418
1.12 0.0113393
1.125 0.0112383
1.13 0.0111385
1.135 0.0110401
1.14 0.010943
1.145 0.0108471
1.15 0.0107525
1.155 0.0106591
1.16 0.0105669
1.165 0.010476
1.17 0.0103862
1.175 0.0102975
1.18 0.01021
1.185 0.0101235
1.19 0.0100382
1.195 0.00995394
1.2 0.00987073
1.205 0.00978856
1.21 0.0097074
1.215 0.00962726
1.22 0.00954809
1.225 0.0094699
1.23 0.00939267
1.235 0.00931637
1.24 0.009241
1.245 0.00916653
1.25 0.00909296
1.255 0.00902028
1.26 0.00894846
1.265 0.00887749
1.27 0.00880736
1.275 0.00873805
1.28 0.00866957
1.285 0.00860188
1.29 0.00853498
1.295 0.00846885
1.3 0.00840349
1.305 0.00833889
1.31 0.00827502
1.315 0.00821188
1.32 0.00814946
1.325 0.00808775
1.33 0.00802674
1.335 0.00796642
1.34 0.00790677
1.345 0.00784778
1.35 0.00778946
1.355 0.00773178
1.36 0.00767473
1.365 0.00761832
1.37 0.00756252
1.375 0.00750734
1.38 0.00745275
1.385 0.00739876
1.39 0.00734535
1.395 0.00729252
1.4 0.00724025
1.405 0.00718855
1.41 0.00713739
1.415 0.00708678
1.42 0.0070367
1.425 0.00698715
1.43 0.00693812
1.435 0.00688961
1.44 0.0068416
1.445 0.00679409
1.45 0.00674708
1.455 0.00670055
1.46 0.0066545
1.465 0.00660892
1.47 0.0065638
1.475 0.00651915
1.48 0.00647495
1.485 0.0064312
1.49 0.00638789
1.495 0.00634501
1.5 0.00630257
1.505 0.00626055
1.51 0.00621894
1.515 0.00617775
1.52 0.00613697
1.525 0.00609659
1.53 0.00605661
1.535 0.00601701
1.54 0.00597781
1.545 0.00593898
1.55 0.00590054
1.555 0.00586246
1.56 0.00582475
1.565 0.0057874
1.57 0.00575042
1.575 0.00571378
1.58 0.00567749
1.585 0.00564155
1.59 0.00560594
1.595 0.00557068
1.6 0.00553574
1.605 0.00550113
1.61 0.00546685
1.615 0.00543288
1.62 0.00539923
1.625 0.00536589
1.63 0.00533285
1.635 0.00530013
1.64 0.0052677
1.645 0.00523556
1.65 0.00520372
1.655 0.00517217
1.66 0.00514091
1.665 0.00510993
1.67 0.00507922
1.675 0.0050488
1.68 0.00501864
1.685 0.00498876
1.69 0.00495914
1.695 0.00492978
1.7 0.00490068
1.705 0.00487184
1.71 0.00484325
1.715 0.00481491
1.72 0.00478682
1.725 0.00475898
1.73 0.00473138
1.735 0.00470402
1.74 0.00467689
1.745 0.00465
1.75 0.00462333
1.755 0.0045969
1.76 0.00457069
1.765 0.00454471
1.77 0.00451895
1.775 0.0044934
1.78 0.00446807
1.785 0.00444295
1.79 0.00441805
1.795 0.00439335
1.8 0.00436886
1.805 0.00434458
1.81 0.00432049
1.815 0.00429661
1.82 0.00427292
1.825 0.00424943
1.83 0.00422613
1.835 0.00420302
1.84 0.0041801
1.845 0.00415737
1.85 0.00413482
1.855 0.00411246
1.86 0.00409027
1.865 0.00406827
1.87 0.00404644
1.875 0.00402479
1.88 0.00400331
1.885 0.003982
1.89 0.00396086
1.895 0.00393989
1.9 0.00391908
1.905 0.00389844
1.91 0.00387796
1.915 0.00385764
1.92 0.00383749
1.925 0.00381748
1.93 0.00379764
1.935 0.00377795
1.94 0.00375841
1.945 0.00373902
1.95 0.00371978
1.955 0.00370069
1.96 0.00368175
1.965 0.00366295
1.97 0.0036443
1.975 0.00362578
1.98 0.00360741
1.985 0.00358918
1.99 0.00357108
1.995 0.00355313
2 0.0035353
2.005 0.00351761
2.01 0.00350005
2.015 0.00348263
2.02 0.00346533
2.025 0.00344816
2.03 0.00343112
2.035 0.0034142
2.04 0.00339741
2.045 0.00338075
2.05 0.0033642
2.055 0.00334778
2.06 0.00333147
2.065 0.00331529
2.07 0.00329922
2.075 0.00328327
2.08 0.00326743
2.085 0.00325171
2.09 0.0032361
2.095 0.00322061
2.1 0.00320522
2.105 0.00318995
2.11 0.00317478
2.115 0.00315972
2.12 0.00314477
2.125 0.00312992
2.13 0.00311518
2.135 0.00310054
2.14 0.00308601
2.145 0.00307157
2.15 0.00305724
2.155 0.00304301
2.16 0.00302888
2.165 0.00301484
2.17 0.00300091
2.175 0.00298707
2.18 0.00297332
2.185 0.00295967
2.19 0.00294611
2.195 0.00293265
2.2 0.00291927
2.205 0.00290599
2.21 0.0028928
2.215 0.0028797
2.22 0.00286669
2.225 0.00285377
2.23 0.00284093
2.235 0.00282818
2.24 0.00281551
2.245 0.00280293
2.25 0.00279044
2.255 0.00277802
2.26 0.00276569
2.265 0.00275344
2.27 0.00274128
2.275 0.00272919
2.28 0.00271718
2.285 0.00270525
2.29 0.0026934
2.295 0.00268163
2.3 0.00266994
2.305 0.00265832
2.31 0.00264677
2.315 0.00263531
2.32 0.00262391
2.325 0.00261259
2.33 0.00260134
2.335 0.00259017
2.34 0.00257907
2.345 0.00256803
2.35 0.00255707
2.355 0.00254618
2.36 0.00253536
2.365 0.00252461
2.37 0.00251392
2.375 0.0025033
2.38 0.00249275
2.385 0.00248227
2.39 0.00247185
2.395 0.0024615
2.4 0.00245121
2.405 0.00244099
2.41 0.00243083
2.415 0.00242074
2.42 0.0024107
2.425 0.00240073
2.43 0.00239082
2.435 0.00238098
2.44 0.00237119
2.445 0.00236146
2.45 0.00235179
2.455 0.00234218
2.46 0.00233264
2.465 0.00232314
2.47 0.00231371
2.475 0.00230433
2.48 0.00229502
2.485 0.00228575
2.49 0.00227655
2.495 0.00226739
2.5 0.0022583
2.505 0.00224926
2.51 0.00224027
2.515 0.00223133
2.52 0.00222245
2.525 0.00221363
2.53 0.00220485
2.535 0.00219613
2.54 0.00218746
2.545 0.00217884
2.55 0.00217027
2.555 0.00216175
2.56 0.00215328
2.565 0.00214486
2.57 0.00213649
2.575 0.00212817
2.58 0.00211989
2.585 0.00211167
2.59 0.00210349
2.595 0.00209536
2.6 0.00208728
2.605 0.00207925
2.61 0.00207126
2.615 0.00206331
2.62 0.00205541
2.625 0.00204756
2.63 0.00203975
2.635 0.00203199
2.64 0.00202427
2.645 0.0020166
2.65 0.00200897
2.655 0.00200138
2.66 0.00199383
2.665 0.00198633
2.67 0.00197887
2.675 0.00197145
2.68 0.00196407
2.685 0.00195674
2.69 0.00194944
2.695 0.00194219
2.7 0.00193497
2.705 0.0019278
2.71 0.00192067
2.715 0.00191357
2.72 0.00190652
2.725 0.0018995
2.73 0.00189252
2.735 0.00188558
2.74 0.00187868
2.745 0.00187182
2.75 0.00186499
2.755 0.00185821
2.76 0.00185145
2.765 0.00184474
2.77 0.00183806
2.775 0.00183142
2.78 0.00182481
2.785 0.00181824
2.79 0.00181171
2.795 0.00180521
2.8 0.00179874
2.805 0.00179231
2.81 0.00178592
2.815 0.00177955
2.82 0.00177323
2.825 0.00176693
2.83 0.00176067
2.835 0.00175444
2.84 0.00174825
2.845 0.00174209
2.85 0.00173596
2.855 0.00172986
2.86 0.0017238
2.865 0.00171776
2.87 0.00171176
2.875 0.00170579
2.88 0.00169985
2.885 0.00169394
2.89 0.00168807
2.895 0.00168222
2.9 0.0016764
2.905 0.00167062
2.91 0.00166486
2.915 0.00165913
2.92 0.00165344
2.925 0.00164777
2.93 0.00164213
2.935 0.00163652
2.94 0.00163094
2.945 0.00162539
2.95 0.00161986
2.955 0.00161436
2.96 0.0016089
2.965 0.00160346
2.97 0.00159804
2.975 0.00159266
2.98 0.0015873
2.985 0.00158197
2.99 0.00157666
2.995 0.00157138
3 0.00156613
3.005 0.00156091
3.01 0.00155571
3.015 0.00155053
3.02 0.00154538
3.025 0.00154026
3.03 0.00153517
3.035 0.00153009
3.04 0.00152505
3.045 0.00152003
3.05 0.00151503
3.055 0.00151006
3.06 0.00150511
3.065 0.00150019
3.07 0.00149529
3.075 0.00149041
3.08 0.00148556
3.085 0.00148073
3.09 0.00147593
3.095 0.00147115
3.1 0.00146639
3.105 0.00146165
3.11 0.00145694
3.115 0.00145225
3.12 0.00144758
3.125 0.00144294
3.13 0.00143832
3.135 0.00143372
3.14 0.00142914
3.145 0.00142459
3.15 0.00142005
3.155 0.00141554
3.16 0.00141105
3.165 0.00140658
3.17 0.00140213
3.175 0.0013977
3.18 0.0013933
3.185 0.00138891
3.19 0.00138454
3.195 0.0013802
3.2 0.00137588
3.205 0.00137157
3.21 0.00136729
3.215 0.00136303
3.22 0.00135878
3.225 0.00135456
3.23 0.00135035
3.235 0.00134617
3.24 0.001342
3.245 0.00133786
3.25 0.00133373
3.255 0.00132962
3.26 0.00132553
3.265 0.00132146
3.27 0.00131741
3.275 0.00131338
3.28 0.00130937
3.285 0.00130537
3.29 0.00130139
3.295 0.00129743
3.3 0.00129349
3.305 0.00128957
3.31 0.00128566
3.315 0.00128177
3.32 0.0012779
3.325 0.00127405
3.33 0.00127022
3.335 0.0012664
3.34 0.0012626
3.345 0.00125881
3.35 0.00125505
3.355 0.0012513
3.36 0.00124756
3.365 0.00124385
3.37 0.00124015
3.375 0.00123646
3.38 0.0012328
3.385 0.00122914
3.39 0.00122551
3.395 0.00122189
3.4 0.00121829
3.405 0.0012147
3.41 0.00121113
3.415 0.00120758
3.42 0.00120404
3.425 0.00120051
3.43 0.001197
3.435 0.00119351
3.44 0.00119003
3.445 0.00118657
3.45 0.00118312
3.455 0.00117969
3.46 0.00117627
3.465 0.00117287
3.47 0.00116948
3.475 0.00116611
3.48 0.00116275
3.485 0.0011594
3.49 0.00115607
3.495 0.00115276
3.5 0.00114946
3.505 0.00114617
3.51 0.0011429
3.515 0.00113964
3.52 0.00113639
3.525 0.00113316
3.53 0.00112994
3.535 0.00112674
3.54 0.00112355
3.545 0.00112037
3.55 0.00111721
3.555 0.00111406
3.56 0.00111092
3.565 0.0011078
3.57 0.00110469
3.575 0.00110159
3.58 0.00109851
3.585 0.00109543
3.59 0.00109238
3.595 0.00108933
3.6 0.0010863
3.605 0.00108328
3.61 0.00108027
3.615 0.00107727
3.62 0.00107429
3.625 0.00107132
3.63 0.00106836
3.635 0.00106542
3.64 0.00106248
3.645 0.00105956
3.65 0.00105665
3.655 0.00105375
3.66 0.00105087
3.665 0.00104799
3.67 0.00104513
3.675 0.00104228
3.68 0.00103944
3.685 0.00103662
3.69 0.0010338
3.695 0.001031
3.7 0.0010282
3.705 0.00102542
3.71 0.00102265
3.715 0.00101989
3.72 0.00101714
3.725 0.00101441
3.73 0.00101168
3.735 0.00100897
3.74 0.00100626
3.745 0.00100357
3.75 0.00100089
3.755 0.000998215
3.76 0.000995554
3.765 0.000992904
3.77 0.000990265
3.775 0.000987635
3.78 0.000985017
3.785 0.000982408
3.79 0.000979811
3.795 0.000977223
3.8 0.000974645
3.805 0.000972078
3.81 0.000969521
3.815 0.000966974
3.82 0.000964437
3.825 0.00096191
3.83 0.000959393
3.835 0.000956886
3.84 0.000954388
3.845 0.0009519
3.85 0.000949422
3.855 0.000946954
3.86 0.000944495
3.865 0.000942046
3.87 0.000939607
3.875 0.000937176
3.88 0.000934756
3.885 0.000932344
3.89 0.000929942
3.895 0.000927549
3.9 0.000925166
3.905 0.000922791
3.91 0.000920426
3.915 0.00091807
3.92 0.000915723
3.925 0.000913385
3.93 0.000911055
3.935 0.000908735
3.94 0.000906424
3.945 0.000904121
3.95 0.000901827
3.955 0.000899542
3.96 0.000897265
3.965 0.000894997
3.97 0.000892738
3.975 0.000890487
3.98 0.000888245
3.985 0.000886011
3.99 0.000883786
3.995 0.000881569
4 0.00087936
4.005 0.00087716
4.01 0.000874967
4.015 0.000872784
4.02 0.000870608
4.025 0.00086844
4.03 0.000866281
4.035 0.000864129
4.04 0.000861985
4.045 0.00085985
4.05 0.000857722
4.055 0.000855602
4.06 0.000853491
4.065 0.000851386
4.07 0.00084929
4.075 0.000847202
4.08 0.000845121
4.085 0.000843047
4.09 0.000840982
4.095 0.000838924
4.1 0.000836873
4.105 0.00083483
4.11 0.000832795
4.115 0.000830767
4.12 0.000828746
4.125 0.000826733
4.13 0.000824727
4.135 0.000822728
4.14 0.000820736
4.145 0.000818752
4.15 0.000816775
4.155 0.000814805
4.16 0.000812842
4.165 0.000810887
4.17 0.000808938
4.175 0.000806996
4.18 0.000805062
4.185 0.000803134
4.19 0.000801213
4.195 0.000799299
4.2 0.000797392
4.205 0.000795492
4.21 0.000793599
4.215 0.000791712
4.22 0.000789832
4.225 0.000787959
4.23 0.000786092
4.235 0.000784232
4.24 0.000782378
4.245 0.000780532
4.25 0.000778691
4.255 0.000776857
4.26 0.00077503
4.265 0.000773209
4.27 0.000771395
4.275 0.000769586
4.28 0.000767785
4.285 0.000765989
4.29 0.0007642
4.295 0.000762417
4.3 0.00076064
4.305 0.00075887
4.31 0.000757106
4.315 0.000755347
4.32 0.000753595
4.325 0.000751849
4.33 0.000750109
4.335 0.000748376
4.34 0.000746648
4.345 0.000744926
4.35 0.00074321
4.355 0.0007415
4.36 0.000739796
4.365 0.000738097
4.37 0.000736405
4.375 0.000734718
4.38 0.000733037
4.385 0.000731362
4.39 0.000729693
4.395 0.000728029
4.4 0.000726372
4.405 0.000724719
4.41 0.000723073
4.415 0.000721432
4.42 0.000719796
4.425 0.000718166
4.43 0.000716542
4.435 0.000714923
4.44 0.000713309
4.445 0.000711702
4.45 0.000710099
4.455 0.000708502
4.46 0.00070691
4.465 0.000705324
4.47 0.000703743
4.475 0.000702167
4.48 0.000700597
4.485 0.000699031
4.49 0.000697471
4.495 0.000695917
4.5 0.000694367
4.505 0.000692823
4.51 0.000691284
4.515 0.000689749
4.52 0.00068822
4.525 0.000686697
4.53 0.000685178
4.535 0.000683664
4.54 0.000682155
4.545 0.000680651
4.55 0.000679152
4.555 0.000677658
4.56 0.000676169
4.565 0.000674685
4.57 0.000673206
4.575 0.000671732
4.58 0.000670262
4.585 0.000668797
4.59 0.000667338
4.595 0.000665882
4.6 0.000664432
4.605 0.000662986
4.61 0.000661545
4.615 0.000660109
4.62 0.000658678
4.625 0.000657251
4.63 0.000655828
4.635 0.000654411
4.64 0.000652998
4.645 0.000651589
4.65 0.000650185
4.655 0.000648786
4.66 0.000647391
4.665 0.000646
4.67 0.000644614
4.675 0.000643233
4.68 0.000641856
4.685 0.000640483
4.69 0.000639115
4.695 0.000637751
4.7 0.000636392
4.705 0.000635036
4.71 0.000633686
4.715 0.000632339
4.72 0.000630997
4.725 0.000629659
4.73 0.000628325
4.735 0.000626996
4.74 0.00062567
4.745 0.000624349
4.75 0.000623032
4.755 0.00062172
4.76 0.000620411
4.765 0.000619106
4.77 0.000617806
4.775 0.00061651
4.78 0.000615218
4.785 0.000613929
4.79 0.000612645
4.795 0.000611365
4.8 0.000610089
4.805 0.000608817
4.81 0.000607549
4.815 0.000606285
4.82 0.000605025
4.825 0.000603768
4.83 0.000602516
4.835 0.000601268
4.84 0.000600023
4.845 0.000598782
4.85 0.000597545
4.855 0.000596312
4.86 0.000595083
4.865 0.000593857
4.87 0.000592636
4.875 0.000591418
4.88 0.000590204
4.885 0.000588993
4.89 0.000587787
4.895 0.000586584
4.9 0.000585384
4.905 0.000584189
4.91 0.000582997
4.915 0.000581808
4.92 0.000580624
4.925 0.000579442
4.93 0.000578265
4.935 0.000577091
4.94 0.000575921
4.945 0.000574754
4.95 0.000573591
4.955 0.000572431
4.96 0.000571275
4.965 0.000570122
4.97 0.000568973
4.975 0.000567827
4.98 0.000566685
4.985 0.000565546
4.99 0.00056441
4.995 0.000563278
5 0.00056215
5.005 0.000561025
5.01 0.000559903
5.015 0.000558784
5.02 0.000557669
5.025 0.000556557
5.03 0.000555449
5.035 0.000554344
5.04 0.000553242
5.045 0.000552143
5.05 0.000551048
5.055 0.000549956
5.06 0.000548867
5.065 0.000547781
5.07 0.000546699
5.075 0.00054562
5.08 0.000544544
5.085 0.000543471
5.09 0.000542402
5.095 0.000541335
5.1 0.000540272
5.105 0.000539211
5.11 0.000538154
5.115 0.0005371
5.12 0.00053605
5.125 0.000535002
5.13 0.000533957
5.135 0.000532915
5.14 0.000531877
5.145 0.000530841
5.15 0.000529808
5.155 0.000528779
5.16 0.000527752
5.165 0.000526729
5.17 0.000525708
5.175 0.00052469
5.18 0.000523676
5.185 0.000522664
5.19 0.000521655
5.195 0.000520649
5.2 0.000519646
5.205 0.000518646
5.21 0.000517649
5.215 0.000516654
5.22 0.000515663
5.225 0.000514674
5.23 0.000513689
5.235 0.000512706
5.24 0.000511725
5.245 0.000510748
5.25 0.000509773
5.255 0.000508802
5.26 0.000507833
5.265 0.000506867
5.27 0.000505903
5.275 0.000504942
5.28 0.000503984
5.285 0.000503029
5.29 0.000502077
5.295 0.000501127
5.3 0.000500179
5.305 0.000499235
5.31 0.000498293
5.315 0.000497354
5.32 0.000496418
5.325 0.000495484
5.33 0.000494553
5.335 0.000493624
5.34 0.000492698
5.345 0.000491775
5.35 0.000490854
5.355 0.000489936
5.36 0.00048902
5.365 0.000488107
5.37 0.000487196
5.375 0.000486288
5.38 0.000485383
5.385 0.00048448
5.39 0.00048358
5.395 0.000482682
5.4 0.000481786
5.405 0.000480894
5.41 0.000480003
5.415 0.000479115
5.42 0.00047823
5.425 0.000477347
5.43 0.000476466
5.435 0.000475588
5.44 0.000474712
5.445 0.000473839
5.45 0.000472968
5.455 0.0004721
5.46 0.000471233
5.465 0.00047037
5.47 0.000469508
5.475 0.000468649
5.48 0.000467793
5.485 0.000466938
5.49 0.000466086
5.495 0.000465237
5.5 0.000464389
5.505 0.000463544
5.51 0.000462702
5.515 0.000461861
5.52 0.000461023
5.525 0.000460187
5.53 0.000459354
5.535 0.000458523
5.54 0.000457694
5.545 0.000456867
5.55 0.000456042
5.555 0.00045522
5.56 0.0004544
5.565 0.000453582
5.57 0.000452766
5.575 0.000451953
5.58 0.000451141
5.585 0.000450332
5.59 0.000449525
5.595 0.000448721
5.6 0.000447918
5.605 0.000447118
5.61 0.000446319
5.615 0.000445523
5.62 0.000444729
5.625 0.000443937
5.63 0.000443147
5.635 0.00044236
5.64 0.000441574
5.645 0.00044079
5.65 0.000440009
5.655 0.00043923
5.66 0.000438452
5.665 0.000437677
5.67 0.000436904
5.675 0.000436133
5.68 0.000435364
5.685 0.000434597
5.69 0.000433832
5.695 0.000433069
5.7 0.000432308
5.705 0.000431549
5.71 0.000430792
5.715 0.000430036
5.72 0.000429283
5.725 0.000428532
5.73 0.000427783
5.735 0.000427036
5.74 0.000426291
5.745 0.000425548
5.75 0.000424807
5.755 0.000424067
5.76 0.00042333
5.765 0.000422594
5.77 0.000421861
5.775 0.000421129
5.78 0.000420399
5.785 0.000419671
5.79 0.000418945
5.795 0.000418221
5.8 0.000417499
5.805 0.000416779
5.81 0.00041606
5.815 0.000415344
5.82 0.000414629
5.825 0.000413916
5.83 0.000413205
5.835 0.000412495
5.84 0.000411788
5.845 0.000411082
5.85 0.000410378
5.855 0.000409676
5.86 0.000408976
5.865 0.000408278
5.87 0.000407581
5.875 0.000406886
5.88 0.000406193
5.885 0.000405502
5.89 0.000404812
5.895 0.000404125
5.9 0.000403439
5.905 0.000402754
5.91 0.000402072
5.915 0.000401391
5.92 0.000400712
5.925 0.000400034
5.93 0.000399359
5.935 0.000398685
5.94 0.000398013
5.945 0.000397342
5.95 0.000396673
5.955 0.000396006
5.96 0.00039534
5.965 0.000394677
5.97 0.000394015
5.975 0.000393354
5.98 0.000392695
5.985 0.000392038
5.99 0.000391383
5.995 0.000390729
6 0.000390076
6.005 0.000389426
6.01 0.000388777
6.015 0.00038813
6.02 0.000387484
6.025 0.00038684
6.03 0.000386197
6.035 0.000385556
6.04 0.000384917
6.045 0.000384279
6.05 0.000383643
6.055 0.000383008
6.06 0.000382375
6.065 0.000381744
6.07 0.000381114
6.075 0.000380486
6.08 0.000379859
6.085 0.000379234
6.09 0.00037861
6.095 0.000377988
6.1 0.000377367
6.105 0.000376748
6.11 0.000376131
6.115 0.000375515
6.12 0.0003749
6.125 0.000374287
6.13 0.000373676
6.135 0.000373066
6.14 0.000372457
6.145 0.00037185
6.15 0.000371245
6.155 0.00037064
6.16 0.000370038
6.165 0.000369437
6.17 0.000368837
6.175 0.000368239
6.18 0.000367642
6.185 0.000367047
6.19 0.000366453
6.195 0.00036586
6.2 0.000365269
6.205 0.00036468
6.21 0.000364092
6.215 0.000363505
6.22 0.00036292
6.225 0.000362336
6.23 0.000361753
6.235 0.000361172
6.24 0.000360593
6.245 0.000360014
6.25 0.000359437
6.255 0.000358862
6.26 0.000358288
6.265 0.000357715
6.27 0.000357144
6.275 0.000356574
6.28 0.000356005
6.285 0.000355438
6.29 0.000354872
6.295 0.000354307
6.3 0.000353744
6.305 0.000353182
6.31 0.000352622
6.315 0.000352062
6.32 0.000351504
6.325 0.000350948
6.33 0.000350393
6.335 0.000349839
6.34 0.000349286
6.345 0.000348735
6.35 0.000348185
6.355 0.000347636
6.36 0.000347089
6.365 0.000346543
6.37 0.000345998
6.375 0.000345454
6.38 0.000344912
6.385 0.000344371
6.39 0.000343831
6.395 0.000343293
6.4 0.000342756
6.405 0.00034222
6.41 0.000341685
6.415 0.000341152
6.42 0.000340619
6.425 0.000340088
6.43 0.000339559
6.435 0.00033903
6.44 0.000338503
6.445 0.000337977
6.45 0.000337452
6.455 0.000336929
6.46 0.000336406
6.465 0.000335885
6.47 0.000335365
6.475 0.000334847
6.48 0.000334329
6.485 0.000333813
6.49 0.000333298
6.495 0.000332784
6.5 0.000332271
6.505 0.00033176
6.51 0.000331249
6.515 0.00033074
6.52 0.000330232
6.525 0.000329725
6.53 0.00032922
6.535 0.000328715
6.54 0.000328212
6.545 0.00032771
6.55 0.000327209
6.555 0.000326709
6.56 0.00032621
6.565 0.000325712
6.57 0.000325216
6.575 0.00032472
6.58 0.000324226
6.585 0.000323733
6.59 0.000323241
6.595 0.00032275
6.6 0.000322261
6.605 0.000321772
6.61 0.000321285
6.615 0.000320798
6.62 0.000320313
6.625 0.000319829
6.63 0.000319346
6.635 0.000318864
6.64 0.000318383
6.645 0.000317903
6.65 0.000317424
6.655 0.000316946
6.66 0.00031647
6.665 0.000315994
6.67 0.00031552
6.675 0.000315047
6.68 0.000314574
6.685 0.000314103
6.69 0.000313633
6.695 0.000313164
6.7 0.000312696
6.705 0.000312229
6.71 0.000311763
6.715 0.000311298
6.72 0.000310834
6.725 0.000310371
6.73 0.000309909
6.735 0.000309448
6.74 0.000308989
6.745 0.00030853
6.75 0.000308072
6.755 0.000307615
6.76 0.00030716
6.765 0.000306705
6.77 0.000306251
6.775 0.000305799
6.78 0.000305347
6.785 0.000304896
6.79 0.000304447
6.795 0.000303998
6.8 0.00030355
6.805 0.000303104
6.81 0.000302658
6.815 0.000302213
6.82 0.000301769
6.825 0.000301327
6.83 0.000300885
6.835 0.000300444
6.84 0.000300004
6.845 0.000299565
6.85 0.000299127
6.855 0.00029869
6.86 0.000298254
6.865 0.000297819
6.87 0.000297385
6.875 0.000296952
6.88 0.00029652
6.885 0.000296089
6.89 0.000295658
6.895 0.000295229
6.9 0.0002948
6.905 0.000294373
6.91 0.000293946
6.915 0.000293521
6.92 0.000293096
6.925 0.000292672
6.93 0.000292249
6.935 0.000291827
6.94 0.000291406
6.945 0.000290986
6.95 0.000290567
6.955 0.000290148
6.96 0.000289731
6.965 0.000289314
6.97 0.000288899
6.975 0.000288484
6.98 0.00028807
6.985 0.000287657
6.99 0.000287245
6.995 0.000286834
7 0.000286423
7.005 0.000286014
7.01 0.000285605
7.015 0.000285198
7.02 0.000284791
7.025 0.000284385
7.03 0.00028398
7.035 0.000283576
7.04 0.000283172
7.045 0.00028277
7.05 0.000282368
7.055 0.000281967
7.06 0.000281567
7.065 0.000281168
7.07 0.00028077
7.075 0.000280373
7.08 0.000279976
7.085 0.00027958
7.09 0.000279186
7.095 0.000278792
7.1 0.000278398
7.105 0.000278006
7.11 0.000277615
7.115 0.000277224
7.12 0.000276834
7.125 0.000276445
7.13 0.000276057
7.135 0.000275669
7.14 0.000275283
7.145 0.000274897
7.15 0.000274512
7.155 0.000274128
7.16 0.000273744
7.165 0.000273362
7.17 0.00027298
7.175 0.000272599
7.18 0.000272219
7.185 0.000271839
7.19 0.000271461
7.195 0.000271083
7.2 0.000270706
7.205 0.00027033
7.21 0.000269954
7.215 0.00026958
7.22 0.000269206
7.225 0.000268833
7.23 0.00026846
7.235 0.000268089
7.24 0.000267718
7.245 0.000267348
7.25 0.000266979
7.255 0.00026661
7.26 0.000266243
7.265 0.000265876
7.27 0.000265509
7.275 0.000265144
7.28 0.000264779
7.285 0.000264415
7.29 0.000264052
7.295 0.00026369
7.3 0.000263328
7.305 0.000262967
7.31 0.000262607
7.315 0.000262247
7.32 0.000261889
7.325 0.000261531
7.33 0.000261173
7.335 0.000260817
7.34 0.000260461
7.345 0.000260106
7.35 0.000259752
7.355 0.000259398
7.36 0.000259045
7.365 0.000258693
7.37 0.000258341
7.375 0.000257991
7.38 0.000257641
7.385 0.000257291
7.39 0.000256943
7.395 0.000256595
7.4 0.000256248
7.405 0.000255901
7.41 0.000255555
7.415 0.00025521
7.42 0.000254866
7.425 0.000254522
7.43 0.000254179
7.435 0.000253837
7.44 0.000253495
7.445 0.000253154
7.45 0.000252814
7.455 0.000252475
7.46 0.000252136
7.465 0.000251797
7.47 0.00025146
7.475 0.000251123
7.48 0.000250787
7.485 0.000250451
7.49 0.000250117
7.495 0.000249782
7.5 0.000249449
7.505 0.000249116
7.51 0.000248784
7.515 0.000248453
7.52 0.000248122
7.525 0.000247792
7.53 0.000247462
7.535 0.000247133
7.54 0.000246805
7.545 0.000246478
7.55 0.000246151
7.555 0.000245824
7.56 0.000245499
7.565 0.000245174
7.57 0.00024485
7.575 0.000244526
7.58 0.000244203
7.585 0.000243881
7.59 0.000243559
7.595 0.000243238
7.6 0.000242917
7.605 0.000242598
7.61 0.000242278
7.615 0.00024196
7.62 0.000241642
7.625 0.000241325
7.63 0.000241008
7.635 0.000240692
7.64 0.000240376
7.645 0.000240062
7.65 0.000239747
7.655 0.000239434
7.66 0.000239121
7.665 0.000238808
7.67 0.000238497
7.675 0.000238186
7.68 0.000237875
7.685 0.000237565
7.69 0.000237256
7.695 0.000236947
7.7 0.000236639
7.705 0.000236331
7.71 0.000236025
7.715 0.000235718
7.72 0.000235413
7.725 0.000235107
7.73 0.000234803
7.735 0.000234499
7.74 0.000234196
7.745 0.000233893
7.75 0.000233591
7.755 0.000233289
7.76 0.000232988
7.765 0.000232688
7.77 0.000232388
7.775 0.000232089
7.78 0.00023179
7.785 0.000231492
7.79 0.000231194
7.795 0.000230897
7.8 0.000230601
7.805 0.000230305
7.81 0.00023001
7.815 0.000229715
7.82 0.000229421
7.825 0.000229127
7.83 0.000228834
7.835 0.000228542
7.84 0.00022825
7.845 0.000227959
7.85 0.000227668
7.855 0.000227378
7.86 0.000227088
7.865 0.000226799
7.87 0.000226511
7.875 0.000226223
7.88 0.000225935
7.885 0.000225648
7.89 0.000225362
7.895 0.000225076
7.9 0.000224791
7.905 0.000224506
7.91 0.000224222
7.915 0.000223938
7.92 0.000223655
7.925 0.000223373
7.93 0.000223091
7.935 0.000222809
7.94 0.000222528
7.945 0.000222248
7.95 0.000221968
7.955 0.000221689
7.96 0.00022141
7.965 0.000221131
7.97 0.000220854
7.975 0.000220576
7.98 0.0002203
7.985 0.000220023
7.99 0.000219748
7.995 0.000219472
8 0.000219198
8.005 0.000218924
8.01 0.00021865
8.015 0.000218377
8.02 0.000218104
8.025 0.000217832
8.03 0.00021756
8.035 0.000217289
8.04 0.000217019
8.045 0.000216749
8.05 0.000216479
8.055 0.00021621
8.06 0.000215941
8.065 0.000215673
8.07 0.000215406
8.075 0.000215139
8.08 0.000214872
8.085 0.000214606
8.09 0.000214341
8.095 0.000214075
8.1 0.000213811
8.105 0.000213547
8.11 0.000213283
8.115 0.00021302
8.12 0.000212757
8.125 0.000212495
8.13 0.000212233
8.135 0.000211972
8.14 0.000211711
8.145 0.000211451
8.15 0.000211191
8.155 0.000210932
8.16 0.000210673
8.165 0.000210415
8.17 0.000210157
8.175 0.0002099
8.18 0.000209643
8.185 0.000209387
8.19 0.000209131
8.195 0.000208875
8.2 0.00020862
8.205 0.000208365
8.21 0.000208111
8.215 0.000207858
8.22 0.000207605
8.225 0.000207352
8.23 0.0002071
8.235 0.000206848
8.24 0.000206596
8.245 0.000206346
8.25 0.000206095
8.255 0.000205845
8.26 0.000205596
8.265 0.000205347
8.27 0.000205098
8.275 0.00020485
8.28 0.000204602
8.285 0.000204355
8.29 0.000204108
8.295 0.000203862
8.3 0.000203616
8.305 0.000203371
8.31 0.000203125
8.315 0.000202881
8.32 0.000202637
8.325 0.000202393
8.33 0.00020215
8.335 0.000201907
8.34 0.000201665
8.345 0.000201423
8.35 0.000201181
8.355 0.00020094
8.36 0.000200699
8.365 0.000200459
8.37 0.000200219
8.375 0.00019998
8.38 0.000199741
8.385 0.000199503
8.39 0.000199265
8.395 0.000199027
8.4 0.00019879
8.405 0.000198553
8.41 0.000198317
8.415 0.000198081
8.42 0.000197845
8.425 0.00019761
8.43 0.000197375
8.435 0.000197141
8.44 0.000196907
8.445 0.000196674
8.45 0.000196441
8.455 0.000196208
8.46 0.000195976
8.465 0.000195744
8.47 0.000195513
8.475 0.000195282
8.48 0.000195051
8.485 0.000194821
8.49 0.000194592
8.495 0.000194362
8.5 0.000194133
8.505 0.000193905
8.51 0.000193677
8.515 0.000193449
8.52 0.000193222
8.525 0.000192995
8.53 0.000192768
8.535 0.000192542
8.54 0.000192316
8.545 0.000192091
8.55 0.000191866
8.555 0.000191642
8.56 0.000191417
8.565 0.000191194
8.57 0.00019097
8.575 0.000190747
8.58 0.000190525
8.585 0.000190303
8.59 0.000190081
8.595 0.000189859
8.6 0.000189638
8.605 0.000189418
8.61 0.000189198
8.615 0.000188978
8.62 0.000188758
8.625 0.000188539
8.63 0.00018832
8.635 0.000188102
8.64 0.000187884
8.645 0.000187666
8.65 0.000187449
8.655 0.000187232
8.66 0.000187016
8.665 0.0001868
8.67 0.000186584
8.675 0.000186369
8.68 0.000186154
8.685 0.000185939
8.69 0.000185725
8.695 0.000185511
8.7 0.000185298
8.705 0.000185085
8.71 0.000184872
8.715 0.00018466
8.72 0.000184448
8.725 0.000184236
8.73 0.000184025
8.735 0.000183814
8.74 0.000183603
8.745 0.000183393
8.75 0.000183183
8.755 0.000182974
8.76 0.000182765
8.765 0.000182556
8.77 0.000182348
8.775 0.000182139
8.78 0.000181932
8.785 0.000181724
8.79 0.000181518
8.795 0.000181311
8.8 0.000181105
8.805 0.000180899
8.81 0.000180693
8.815 0.000180488
8.82 0.000180283
8.825 0.000180079
8.83 0.000179874
8.835 0.000179671
8.84 0.000179467
8.845 0.000179264
8.85 0.000179061
8.855 0.000178859
8.86 0.000178657
8.865 0.000178455
8.87 0.000178254
8.875 0.000178052
8.88 0.000177852
8.885 0.000177651
8.89 0.000177451
8.895 0.000177252
8.9 0.000177052
8.905 0.000176853
8.91 0.000176654
8.915 0.000176456
8.92 0.000176258
8.925 0.00017606
8.93 0.000175863
8.935 0.000175666
8.94 0.000175469
8.945 0.000175273
8.95 0.000175077
8.955 0.000174881
8.96 0.000174686
8.965 0.000174491
8.97 0.000174296
8.975 0.000174101
8.98 0.000173907
8.985 0.000173714
8.99 0.00017352
8.995 0.000173327
9 0.000173134
9.005 0.000172942
9.01 0.00017275
9.015 0.000172558
9.02 0.000172366
9.025 0.000172175
9.03 0.000171984
9.035 0.000171794
9.04 0.000171603
9.045 0.000171413
9.05 0.000171224
9.055 0.000171034
9.06 0.000170846
9.065 0.000170657
9.07 0.000170468
9.075 0.00017028
9.08 0.000170093
9.085 0.000169905
9.09 0.000169718
9.095 0.000169531
9.1 0.000169345
9.105 0.000169159
9.11 0.000168973
9.115 0.000168787
9.12 0.000168602
9.125 0.000168417
9.13 0.000168232
9.135 0.000168048
9.14 0.000167864
9.145 0.00016768
9.15 0.000167497
9.155 0.000167314
9.16 0.000167131
9.165 0.000166948
9.17 0.000166766
9.175 0.000166584
9.18 0.000166402
9.185 0.000166221
9.19 0.00016604
9.195 0.000165859
9.2 0.000165679
9.205 0.000165498
9.21 0.000165318
9.215 0.000165139
9.22 0.00016496
9.225 0.000164781
9.23 0.000164602
9.235 0.000164423
9.24 0.000164245
9.245 0.000164067
9.25 0.00016389
9.255 0.000163713
9.26 0.000163536
9.265 0.000163359
9.27 0.000163183
9.275 0.000163006
9.28 0.000162831
9.285 0.000162655
9.29 0.00016248
9.295 0.000162305
9.3 0.00016213
9.305 0.000161956
9.31 0.000161781
9.315 0.000161608
9.32 0.000161434
9.325 0.000161261
9.33 0.000161088
9.335 0.000160915
9.34 0.000160742
9.345 0.00016057
9.35 0.000160398
9.355 0.000160227
9.36 0.000160055
9.365 0.000159884
9.37 0.000159713
9.375 0.000159543
9.38 0.000159373
9.385 0.000159203
9.39 0.000159033
9.395 0.000158864
9.4 0.000158694
9.405 0.000158525
9.41 0.000158357
9.415 0.000158188
9.42 0.00015802
9.425 0.000157852
9.43 0.000157685
9.435 0.000157518
9.44 0.000157351
9.445 0.000157184
9.45 0.000157017
9.455 0.000156851
9.46 0.000156685
9.465 0.000156519
9.47 0.000156354
9.475 0.000156189
9.48 0.000156024
9.485 0.000155859
9.49 0.000155695
9.495 0.000155531
9.5 0.000155367
9.505 0.000155203
9.51 0.00015504
9.515 0.000154877
9.52 0.000154714
9.525 0.000154551
9.53 0.000154389
9.535 0.000154227
9.54 0.000154065
9.545 0.000153903
9.55 0.000153742
9.555 0.000153581
9.56 0.00015342
9.565 0.000153259
9.57 0.000153099
9.575 0.000152939
9.58 0.000152779
9.585 0.00015262
9.59 0.00015246
9.595 0.000152301
9.6 0.000152143
9.605 0.000151984
9.61 0.000151826
9.615 0.000151668
9.62 0.00015151
9.625 0.000151352
9.63 0.000151195
9.635 0.000151038
9.64 0.000150881
9.645 0.000150724
9.65 0.000150568
9.655 0.000150412
9.66 0.000150256
9.665 0.0001501
9.67 0.000149945
9.675 0.00014979
9.68 0.000149635
9.685 0.00014948
9.69 0.000149326
9.695 0.000149172
9.7 0.000149018
9.705 0.000148864
9.71 0.000148711
9.715 0.000148557
9.72 0.000148404
9.725 0.000148252
9.73 0.000148099
9.735 0.000147947
9.74 0.000147795
9.745 0.000147643
9.75 0.000147491
9.755 0.00014734
9.76 0.000147189
9.765 0.000147038
9.77 0.000146887
9.775 0.000146737
9.78 0.000146587
9.785 0.000146437
9.79 0.000146287
9.795 0.000146138
9.8 0.000145988
9.805 0.000145839
9.81 0.00014569
9.815 0.000145542
9.82 0.000145394
9.825 0.000145245
9.83 0.000145097
9.835 0.00014495
9.84 0.000144802
9.845 0.000144655
9.85 0.000144508
9.855 0.000144361
9.86 0.000144215
9.865 0.000144068
9.87 0.000143922
9.875 0.000143776
9.88 0.000143631
9.885 0.000143485
9.89 0.00014334
9.895 0.000143195
9.9 0.00014305
9.905 0.000142906
9.91 0.000142761
9.915 0.000142617
9.92 0.000142473
9.925 0.00014233
9.93 0.000142186
9.935 0.000142043
9.94 0.0001419
9.945 0.000141757
9.95 0.000141614
9.955 0.000141472
9.96 0.00014133
9.965 0.000141188
9.97 0.000141046
9.975 0.000140905
9.98 0.000140763
9.985 0.000140622
9.99 0.000140481
9.995 0.000140341
