0 -nan
0.005 0.871388
0.01 0.35392
0.015 0.713353
0.02 0.802123
0.025 0.29738
0.03 0.178383
0.035 0.610465
0.04 0.613134
0.045 0.38221
0.05 0.165771
0.055 0.0416975
0.06 0.00109456
0.065 0.0140491
0.07 0.054349
0.075 0.104511
0.08 0.154475
0.085 0.199193
0.09 0.236637
0.095 0.266449
0.1 0.289117
0.105 0.305493
0.11 0.316535
0.115 0.323168
0.12 0.326228
0.125 0.326439
0.13 0.324409
0.135 0.320644
0.14 0.315558
0.145 0.309485
0.15 0.302696
0.155 0.295405
0.16 0.287786
0.165 0.279973
0.17 0.272073
0.175 0.26417
0.18 0.256327
0.185 0.248593
0.19 0.241007
0.195 0.233594
0.2 0.226375
0.205 0.219362
0.21 0.212565
0.215 0.205988
0.22 0.199633
0.225 0.193499
0.23 0.187584
0.235 0.181883
0.24 0.176393
0.245 0.171108
0.25 0.166022
0.255 0.161127
0.26 0.156418
0.265 0.151888
0.27 0.14753
0.275 0.143337
0.28 0.139304
0.285 0.135422
0.29 0.131686
0.295 0.12809
0.3 0.124628
0.305 0.121294
0.31 0.118083
0.315 0.114989
0.32 0.112008
0.325 0.109134
0.33 0.106363
0.335 0.103691
0.34 0.101112
0.345 0.0986241
0.35 0.0962222
0.355 0.0939031
0.36 0.091663
0.365 0.0894988
0.37 0.0874072
0.375 0.0853852
0.38 0.0834299
0.385 0.0815386
0.39 0.0797086
0.395 0.0779374
0.4 0.0762227
0.405 0.0745622
0.41 0.0729536
0.415 0.0713951
0.42 0.0698845
0.425 0.06842
0.43 0.0669998
0.435 0.0656222
0.44 0.0642857
0.445 0.0629885
0.45 0.0617292
0.455 0.0605065
0.46 0.0593189
0.465 0.0581652
0.47 0.0570441
0.475 0.0559544
0.48 0.054895
0.485 0.0538648
0.49 0.0528628
0.495 0.051888
0.5 0.0509394
0.505 0.0500161
0.51 0.0491172
0.515 0.0482419
0.52 0.0473895
0.525 0.0465591
0.53 0.0457499
0.535 0.0449614
0.54 0.0441928
0.545 0.0434434
0.55 0.0427126
0.555 0.0419999
0.56 0.0413046
0.565 0.0406261
0.57 0.0399641
0.575 0.0393179
0.58 0.038687
0.585 0.038071
0.59 0.0374695
0.595 0.0368819
0.6 0.0363078
0.605 0.0357469
0.61 0.0351988
0.615 0.034663
0.62 0.0341392
0.625 0.0336271
0.63 0.0331263
0.635 0.0326365
0.64 0.0321574
0.645 0.0316886
0.65 0.0312299
0.655 0.030781
0.66 0.0303416
0.665 0.0299115
0.67 0.0294904
0.675 0.029078
0.68 0.0286742
0.685 0.0282786
0.69 0.0278911
0.695 0.0275114
0.7 0.0271394
0.705 0.0267748
0.71 0.0264174
0.715 0.0260671
0.72 0.0257237
0.725 0.0253869
0.73 0.0250567
0.735 0.0247328
0.74 0.0244151
0.745 0.0241035
0.75 0.0237977
0.755 0.0234977
0.76 0.0232033
0.765 0.0229144
0.77 0.0226307
0.775 0.0223523
0.78 0.0220789
0.785 0.0218105
0.79 0.021547
0.795 0.0212881
0.8 0.0210339
0.805 0.0207842
0.81 0.0205388
0.815 0.0202978
0.82 0.0200609
0.825 0.0198282
0.83 0.0195994
0.835 0.0193746
0.84 0.0191536
0.845 0.0189363
0.85 0.0187227
0.855 0.0185126
0.86 0.0183061
0.865 0.018103
0.87 0.0179032
0.875 0.0177067
0.88 0.0175134
0.885 0.0173232
0.89 0.0171361
0.895 0.016952
0.9 0.0167708
0.905 0.0165925
0.91 0.0164171
0.915 0.0162443
0.92 0.0160743
0.925 0.0159069
0.93 0.0157421
0.935 0.0155799
0.94 0.0154201
0.945 0.0152628
0.95 0.0151078
0.955 0.0149552
0.96 0.0148049
0.965 0.0146568
0.97 0.014511
0.975 0.0143673
0.98 0.0142257
0.985 0.0140862
0.99 0.0139487
0.995 0.0138132
1 0.0136796
1.005 0.013548
1.01 0.0134183
1.015 0.0132904
1.02 0.0131643
1.025 0.0130401
1.03 0.0129175
1.035 0.0127967
1.04 0.0126775
1.045 0.01256
1.05 0.0124442
1.055 0.0123299
1.06 0.0122171
1.065 0.012106
1.07 0.0119963
1.075 0.0118881
1.08 0.0117813
1.085 0.011676
1.09 0.0115721
1.095 0.0114695
1.1 0.0113683
1.105 0.0112685
1.11 0.0111699
1.115 0.0110726
1.12 0.0109766
1.125 0.0108818
1.13 0.0107883
1.135 0.0106959
1.14 0.0106047
1.145 0.0105147
1.15 0.0104258
1.155 0.0103381
1.16 0.0102514
1.165 0.0101658
1.17 0.0100813
1.175 0.00999785
1.18 0.00991541
1.185 0.00983398
1.19 0.00975355
1.195 0.0096741
1.2 0.00959561
1.205 0.00951808
1.21 0.00944147
1.215 0.00936579
1.22 0.00929101
1.225 0.00921712
1.23 0.0091441
1.235 0.00907195
1.24 0.00900064
1.245 0.00893018
1.25 0.00886053
1.255 0.00879169
1.26 0.00872365
1.265 0.0086564
1.27 0.00858992
1.275 0.0085242
1.28 0.00845923
1.285 0.008395
1.29 0.00833149
1.295 0.0082687
1.3 0.00820662
1.305 0.00814523
1.31 0.00808453
1.315 0.0080245
1.32 0.00796514
1.325 0.00790643
1.33 0.00784837
1.335 0.00779094
1.34 0.00773414
1.345 0.00767796
1.35 0.00762238
1.355 0.00756741
1.36 0.00751303
1.365 0.00745923
1.37 0.007406
1.375 0.00735334
1.38 0.00730125
1.385 0.0072497
1.39 0.00719869
1.395 0.00714822
1.4 0.00709828
1.405 0.00704886
1.41 0.00699995
1.415 0.00695155
1.42 0.00690364
1.425 0.00685623
1.43 0.00680931
1.435 0.00676286
1.44 0.00671689
1.445 0.00667139
1.45 0.00662634
1.455 0.00658175
1.46 0.0065376
1.465 0.0064939
1.47 0.00645064
1.475 0.0064078
1.48 0.00636539
1.485 0.0063234
1.49 0.00628182
1.495 0.00624065
1.5 0.00619988
1.505 0.00615951
1.51 0.00611953
1.515 0.00607994
1.52 0.00604073
1.525 0.0060019
1.53 0.00596345
1.535 0.00592536
1.54 0.00588763
1.545 0.00585026
1.55 0.00581325
1.555 0.00577658
1.56 0.00574026
1.565 0.00570429
1.57 0.00566864
1.575 0.00563334
1.58 0.00559836
1.585 0.0055637
1.59 0.00552936
1.595 0.00549534
1.6 0.00546164
1.605 0.00542824
1.61 0.00539515
1.615 0.00536235
1.62 0.00532986
1.625 0.00529766
1.63 0.00526575
1.635 0.00523413
1.64 0.00520279
1.645 0.00517173
1.65 0.00514095
1.655 0.00511044
1.66 0.0050802
1.665 0.00505023
1.67 0.00502053
1.675 0.00499108
1.68 0.0049619
1.685 0.00493296
1.69 0.00490428
1.695 0.00487585
1.7 0.00484767
1.705 0.00481973
1.71 0.00479202
1.715 0.00476456
1.72 0.00473733
1.725 0.00471034
1.73 0.00468357
1.735 0.00465703
1.74 0.00463072
1.745 0.00460463
1.75 0.00457876
1.755 0.0045531
1.76 0.00452766
1.765 0.00450243
1.77 0.00447742
1.775 0.00445261
1.78 0.004428
1.785 0.0044036
1.79 0.0043794
1.795 0.0043554
1.8 0.00433159
1.805 0.00430798
1.81 0.00428456
1.815 0.00426134
1.82 0.0042383
1.825 0.00421544
1.83 0.00419277
1.835 0.00417029
1.84 0.00414798
1.845 0.00412585
1.85 0.0041039
1.855 0.00408212
1.86 0.00406051
1.865 0.00403908
1.87 0.00401781
1.875 0.00399672
1.88 0.00397578
1.885 0.00395502
1.89 0.00393441
1.895 0.00391396
1.9 0.00389368
1.905 0.00387355
1.91 0.00385357
1.915 0.00383375
1.92 0.00381409
1.925 0.00379457
1.93 0.0037752
1.935 0.00375598
1.94 0.00373691
1.945 0.00371798
1.95 0.00369919
1.955 0.00368055
1.96 0.00366205
1.965 0.00364368
1.97 0.00362545
1.975 0.00360736
1.98 0.00358941
1.985 0.00357159
1.99 0.0035539
1.995 0.00353634
2 0.00351891
2.005 0.00350161
2.01 0.00348444
2.015 0.00346739
2.02 0.00345047
2.025 0.00343367
2.03 0.00341699
2.035 0.00340044
2.04 0.003384
2.045 0.00336768
2.05 0.00335148
2.055 0.0033354
2.06 0.00331943
2.065 0.00330358
2.07 0.00328784
2.075 0.00327221
2.08 0.0032567
2.085 0.00324129
2.09 0.00322599
2.095 0.0032108
2.1 0.00319572
2.105 0.00318074
2.11 0.00316587
2.115 0.0031511
2.12 0.00313644
2.125 0.00312187
2.13 0.00310741
2.135 0.00309305
2.14 0.00307879
2.145 0.00306462
2.15 0.00305056
2.155 0.00303659
2.16 0.00302271
2.165 0.00300893
2.17 0.00299525
2.175 0.00298166
2.18 0.00296816
2.185 0.00295475
2.19 0.00294143
2.195 0.0029282
2.2 0.00291506
2.205 0.00290201
2.21 0.00288905
2.215 0.00287617
2.22 0.00286338
2.225 0.00285067
2.23 0.00283805
2.235 0.00282551
2.24 0.00281305
2.245 0.00280068
2.25 0.00278839
2.255 0.00277618
2.26 0.00276405
2.265 0.00275199
2.27 0.00274002
2.275 0.00272813
2.28 0.00271631
2.285 0.00270457
2.29 0.0026929
2.295 0.00268131
2.3 0.00266979
2.305 0.00265835
2.31 0.00264698
2.315 0.00263569
2.32 0.00262446
2.325 0.00261331
2.33 0.00260223
2.335 0.00259122
2.34 0.00258028
2.345 0.00256941
2.35 0.0025586
2.355 0.00254787
2.36 0.0025372
2.365 0.0025266
2.37 0.00251606
2.375 0.00250559
2.38 0.00249519
2.385 0.00248485
2.39 0.00247457
2.395 0.00246436
2.4 0.00245421
2.405 0.00244412
2.41 0.0024341
2.415 0.00242414
2.42 0.00241423
2.425 0.00240439
2.43 0.00239461
2.435 0.00238489
2.44 0.00237523
2.445 0.00236562
2.45 0.00235608
2.455 0.00234659
2.46 0.00233716
2.465 0.00232778
2.47 0.00231846
2.475 0.0023092
2.48 0.00229999
2.485 0.00229084
2.49 0.00228174
2.495 0.0022727
2.5 0.00226371
2.505 0.00225477
2.51 0.00224589
2.515 0.00223706
2.52 0.00222828
2.525 0.00221955
2.53 0.00221087
2.535 0.00220224
2.54 0.00219367
2.545 0.00218514
2.55 0.00217667
2.555 0.00216824
2.56 0.00215986
2.565 0.00215153
2.57 0.00214325
2.575 0.00213501
2.58 0.00212683
2.585 0.00211869
2.59 0.00211059
2.595 0.00210255
2.6 0.00209455
2.605 0.00208659
2.61 0.00207868
2.615 0.00207082
2.62 0.00206299
2.625 0.00205522
2.63 0.00204749
2.635 0.0020398
2.64 0.00203215
2.645 0.00202455
2.65 0.00201699
2.655 0.00200947
2.66 0.00200199
2.665 0.00199456
2.67 0.00198716
2.675 0.00197981
2.68 0.0019725
2.685 0.00196523
2.69 0.001958
2.695 0.00195081
2.7 0.00194365
2.705 0.00193654
2.71 0.00192947
2.715 0.00192243
2.72 0.00191544
2.725 0.00190848
2.73 0.00190156
2.735 0.00189467
2.74 0.00188783
2.745 0.00188102
2.75 0.00187425
2.755 0.00186751
2.76 0.00186081
2.765 0.00185415
2.77 0.00184752
2.775 0.00184093
2.78 0.00183437
2.785 0.00182785
2.79 0.00182136
2.795 0.00181491
2.8 0.00180849
2.805 0.00180211
2.81 0.00179576
2.815 0.00178944
2.82 0.00178315
2.825 0.0017769
2.83 0.00177068
2.835 0.0017645
2.84 0.00175834
2.845 0.00175222
2.85 0.00174613
2.855 0.00174008
2.86 0.00173405
2.865 0.00172806
2.87 0.00172209
2.875 0.00171616
2.88 0.00171026
2.885 0.00170438
2.89 0.00169854
2.895 0.00169273
2.9 0.00168695
2.905 0.00168119
2.91 0.00167547
2.915 0.00166978
2.92 0.00166411
2.925 0.00165847
2.93 0.00165287
2.935 0.00164729
2.94 0.00164174
2.945 0.00163621
2.95 0.00163072
2.955 0.00162525
2.96 0.00161981
2.965 0.0016144
2.97 0.00160901
2.975 0.00160365
2.98 0.00159832
2.985 0.00159301
2.99 0.00158773
2.995 0.00158248
3 0.00157725
3.005 0.00157205
3.01 0.00156687
3.015 0.00156172
3.02 0.0015566
3.025 0.0015515
3.03 0.00154642
3.035 0.00154137
3.04 0.00153635
3.045 0.00153135
3.05 0.00152637
3.055 0.00152142
3.06 0.00151649
3.065 0.00151159
3.07 0.00150671
3.075 0.00150185
3.08 0.00149702
3.085 0.00149221
3.09 0.00148742
3.095 0.00148266
3.1 0.00147792
3.105 0.0014732
3.11 0.0014685
3.115 0.00146383
3.12 0.00145918
3.125 0.00145455
3.13 0.00144994
3.135 0.00144535
3.14 0.00144079
3.145 0.00143625
3.15 0.00143173
3.155 0.00142723
3.16 0.00142275
3.165 0.00141829
3.17 0.00141386
3.175 0.00140944
3.18 0.00140505
3.185 0.00140067
3.19 0.00139632
3.195 0.00139199
3.2 0.00138767
3.205 0.00138338
3.21 0.00137911
3.215 0.00137485
3.22 0.00137062
3.225 0.0013664
3.23 0.00136221
3.235 0.00135803
3.24 0.00135388
3.245 0.00134974
3.25 0.00134562
3.255 0.00134152
3.26 0.00133744
3.265 0.00133338
3.27 0.00132933
3.275 0.00132531
3.28 0.0013213
3.285 0.00131731
3.29 0.00131334
3.295 0.00130938
3.3 0.00130545
3.305 0.00130153
3.31 0.00129763
3.315 0.00129375
3.32 0.00128988
3.325 0.00128603
3.33 0.0012822
3.335 0.00127839
3.34 0.00127459
3.345 0.00127081
3.35 0.00126705
3.355 0.0012633
3.36 0.00125957
3.365 0.00125586
3.37 0.00125216
3.375 0.00124848
3.38 0.00124482
3.385 0.00124117
3.39 0.00123754
3.395 0.00123392
3.4 0.00123032
3.405 0.00122673
3.41 0.00122316
3.415 0.00121961
3.42 0.00121607
3.425 0.00121255
3.43 0.00120904
3.435 0.00120555
3.44 0.00120207
3.445 0.00119861
3.45 0.00119516
3.455 0.00119173
3.46 0.00118831
3.465 0.00118491
3.47 0.00118152
3.475 0.00117815
3.48 0.00117479
3.485 0.00117144
3.49 0.00116811
3.495 0.00116479
3.5 0.00116149
3.505 0.0011582
3.51 0.00115493
3.515 0.00115167
3.52 0.00114842
3.525 0.00114519
3.53 0.00114197
3.535 0.00113876
3.54 0.00113557
3.545 0.00113239
3.55 0.00112922
3.555 0.00112607
3.56 0.00112293
3.565 0.0011198
3.57 0.00111669
3.575 0.00111359
3.58 0.0011105
3.585 0.00110743
3.59 0.00110437
3.595 0.00110132
3.6 0.00109828
3.605 0.00109526
3.61 0.00109225
3.615 0.00108925
3.62 0.00108626
3.625 0.00108328
3.63 0.00108032
3.635 0.00107737
3.64 0.00107443
3.645 0.00107151
3.65 0.00106859
3.655 0.00106569
3.66 0.0010628
3.665 0.00105992
3.67 0.00105705
3.675 0.0010542
3.68 0.00105135
3.685 0.00104852
3.69 0.0010457
3.695 0.00104289
3.7 0.00104009
3.705 0.0010373
3.71 0.00103453
3.715 0.00103176
3.72 0.00102901
3.725 0.00102627
3.73 0.00102354
3.735 0.00102081
3.74 0.0010181
3.745 0.00101541
3.75 0.00101272
3.755 0.00101004
3.76 0.00100737
3.765 0.00100471
3.77 0.00100207
3.775 0.000999432
3.78 0.000996807
3.785 0.000994191
3.79 0.000991586
3.795 0.000988992
3.8 0.000986407
3.805 0.000983833
3.81 0.000981269
3.815 0.000978714
3.82 0.00097617
3.825 0.000973635
3.83 0.000971111
3.835 0.000968596
3.84 0.000966091
3.845 0.000963596
3.85 0.00096111
3.855 0.000958634
3.86 0.000956167
3.865 0.00095371
3.87 0.000951263
3.875 0.000948824
3.88 0.000946396
3.885 0.000943976
3.89 0.000941566
3.895 0.000939165
3.9 0.000936773
3.905 0.00093439
3.91 0.000932017
3.915 0.000929652
3.92 0.000927297
3.925 0.00092495
3.93 0.000922612
3.935 0.000920283
3.94 0.000917963
3.945 0.000915652
3.95 0.000913349
3.955 0.000911055
3.96 0.00090877
3.965 0.000906493
3.97 0.000904225
3.975 0.000901965
3.98 0.000899714
3.985 0.000897471
3.99 0.000895236
3.995 0.00089301
4 0.000890792
4.005 0.000888583
4.01 0.000886381
4.015 0.000884188
4.02 0.000882003
4.025 0.000879826
4.03 0.000877657
4.035 0.000875496
4.04 0.000873343
4.045 0.000871198
4.05 0.000869061
4.055 0.000866932
4.06 0.00086481
4.065 0.000862697
4.07 0.000860591
4.075 0.000858492
4.08 0.000856402
4.085 0.000854319
4.09 0.000852243
4.095 0.000850175
4.1 0.000848115
4.105 0.000846062
4.11 0.000844017
4.115 0.000841979
4.12 0.000839948
4.125 0.000837925
4.13 0.000835909
4.135 0.0008339
4.14 0.000831899
4.145 0.000829904
4.15 0.000827917
4.155 0.000825937
4.16 0.000823964
4.165 0.000821999
4.17 0.00082004
4.175 0.000818088
4.18 0.000816143
4.185 0.000814205
4.19 0.000812274
4.195 0.00081035
4.2 0.000808432
4.205 0.000806522
4.21 0.000804618
4.215 0.000802721
4.22 0.000800831
4.225 0.000798947
4.23 0.00079707
4.235 0.000795199
4.24 0.000793335
4.245 0.000791478
4.25 0.000789627
4.255 0.000787783
4.26 0.000785945
4.265 0.000784114
4.27 0.000782288
4.275 0.00078047
4.28 0.000778657
4.285 0.000776851
4.29 0.000775051
4.295 0.000773258
4.3 0.000771471
4.305 0.000769689
4.31 0.000767914
4.315 0.000766146
4.32 0.000764383
4.325 0.000762626
4.33 0.000760875
4.335 0.000759131
4.34 0.000757392
4.345 0.00075566
4.35 0.000753933
4.355 0.000752212
4.36 0.000750497
4.365 0.000748788
4.37 0.000747085
4.375 0.000745387
4.38 0.000743696
4.385 0.00074201
4.39 0.00074033
4.395 0.000738655
4.4 0.000736986
4.405 0.000735323
4.41 0.000733666
4.415 0.000732014
4.42 0.000730367
4.425 0.000728727
4.43 0.000727091
4.435 0.000725461
4.44 0.000723837
4.445 0.000722218
4.45 0.000720605
4.455 0.000718997
4.46 0.000717394
4.465 0.000715797
4.47 0.000714205
4.475 0.000712618
4.48 0.000711037
4.485 0.00070946
4.49 0.000707889
4.495 0.000706324
4.5 0.000704763
4.505 0.000703208
4.51 0.000701658
4.515 0.000700113
4.52 0.000698573
4.525 0.000697038
4.53 0.000695508
4.535 0.000693983
4.54 0.000692463
4.545 0.000690948
4.55 0.000689438
4.555 0.000687933
4.56 0.000686433
4.565 0.000684938
4.57 0.000683448
4.575 0.000681963
4.58 0.000680482
4.585 0.000679006
4.59 0.000677535
4.595 0.000676069
4.6 0.000674608
4.605 0.000673151
4.61 0.000671699
4.615 0.000670252
4.62 0.000668809
4.625 0.000667371
4.63 0.000665938
4.635 0.000664509
4.64 0.000663085
4.645 0.000661666
4.65 0.000660251
4.655 0.00065884
4.66 0.000657434
4.665 0.000656033
4.67 0.000654636
4.675 0.000653243
4.68 0.000651855
4.685 0.000650472
4.69 0.000649092
4.695 0.000647718
4.7 0.000646347
4.705 0.000644981
4.71 0.000643619
4.715 0.000642262
4.72 0.000640908
4.725 0.000639559
4.73 0.000638215
4.735 0.000636874
4.74 0.000635538
4.745 0.000634206
4.75 0.000632878
4.755 0.000631554
4.76 0.000630235
4.765 0.000628919
4.77 0.000627608
4.775 0.000626301
4.78 0.000624998
4.785 0.000623698
4.79 0.000622403
4.795 0.000621112
4.8 0.000619825
4.805 0.000618542
4.81 0.000617263
4.815 0.000615988
4.82 0.000614717
4.825 0.00061345
4.83 0.000612187
4.835 0.000610927
4.84 0.000609672
4.845 0.00060842
4.85 0.000607172
4.855 0.000605929
4.86 0.000604688
4.865 0.000603452
4.87 0.00060222
4.875 0.000600991
4.88 0.000599766
4.885 0.000598545
4.89 0.000597327
4.895 0.000596113
4.9 0.000594903
4.905 0.000593697
4.91 0.000592494
4.915 0.000591295
4.92 0.000590099
4.925 0.000588907
4.93 0.000587719
4.935 0.000586534
4.94 0.000585353
4.945 0.000584176
4.95 0.000583002
4.955 0.000581831
4.96 0.000580664
4.965 0.000579501
4.97 0.000578341
4.975 0.000577184
4.98 0.000576032
4.985 0.000574882
4.99 0.000573736
4.995 0.000572593
5 0.000571454
5.005 0.000570318
5.01 0.000569186
5.015 0.000568056
5.02 0.000566931
5.025 0.000565808
5.03 0.000564689
5.035 0.000563573
5.04 0.000562461
5.045 0.000561352
5.05 0.000560246
5.055 0.000559143
5.06 0.000558044
5.065 0.000556948
5.07 0.000555855
5.075 0.000554765
5.08 0.000553679
5.085 0.000552595
5.09 0.000551515
5.095 0.000550438
5.1 0.000549364
5.105 0.000548294
5.11 0.000547226
5.115 0.000546162
5.12 0.0005451
5.125 0.000544042
5.13 0.000542987
5.135 0.000541935
5.14 0.000540886
5.145 0.00053984
5.15 0.000538797
5.155 0.000537757
5.16 0.00053672
5.165 0.000535686
5.17 0.000534655
5.175 0.000533627
5.18 0.000532602
5.185 0.00053158
5.19 0.00053056
5.195 0.000529544
5.2 0.000528531
5.205 0.000527521
5.21 0.000526513
5.215 0.000525508
5.22 0.000524507
5.225 0.000523508
5.23 0.000522512
5.235 0.000521518
5.24 0.000520528
5.245 0.000519541
5.25 0.000518556
5.255 0.000517574
5.26 0.000516595
5.265 0.000515618
5.27 0.000514645
5.275 0.000513674
5.28 0.000512706
5.285 0.00051174
5.29 0.000510778
5.295 0.000509818
5.3 0.00050886
5.305 0.000507906
5.31 0.000506954
5.315 0.000506005
5.32 0.000505058
5.325 0.000504114
5.33 0.000503173
5.335 0.000502235
5.34 0.000501299
5.345 0.000500365
5.35 0.000499434
5.355 0.000498506
5.36 0.000497581
5.365 0.000496658
5.37 0.000495737
5.375 0.000494819
5.38 0.000493904
5.385 0.000492991
5.39 0.000492081
5.395 0.000491173
5.4 0.000490268
5.405 0.000489365
5.41 0.000488465
5.415 0.000487567
5.42 0.000486672
5.425 0.000485779
5.43 0.000484889
5.435 0.000484001
5.44 0.000483115
5.445 0.000482232
5.45 0.000481351
5.455 0.000480473
5.46 0.000479597
5.465 0.000478724
5.47 0.000477853
5.475 0.000476984
5.48 0.000476118
5.485 0.000475254
5.49 0.000474392
5.495 0.000473533
5.5 0.000472676
5.505 0.000471821
5.51 0.000470969
5.515 0.000470119
5.52 0.000469271
5.525 0.000468426
5.53 0.000467583
5.535 0.000466742
5.54 0.000465903
5.545 0.000465067
5.55 0.000464233
5.555 0.000463401
5.56 0.000462571
5.565 0.000461744
5.57 0.000460919
5.575 0.000460096
5.58 0.000459275
5.585 0.000458457
5.59 0.00045764
5.595 0.000456826
5.6 0.000456014
5.605 0.000455204
5.61 0.000454396
5.615 0.000453591
5.62 0.000452787
5.625 0.000451986
5.63 0.000451187
5.635 0.00045039
5.64 0.000449595
5.645 0.000448802
5.65 0.000448011
5.655 0.000447223
5.66 0.000446436
5.665 0.000445652
5.67 0.000444869
5.675 0.000444089
5.68 0.000443311
5.685 0.000442534
5.69 0.00044176
5.695 0.000440988
5.7 0.000440218
5.705 0.00043945
5.71 0.000438683
5.715 0.000437919
5.72 0.000437157
5.725 0.000436397
5.73 0.000435639
5.735 0.000434882
5.74 0.000434128
5.745 0.000433376
5.75 0.000432626
5.755 0.000431877
5.76 0.000431131
5.765 0.000430386
5.77 0.000429644
5.775 0.000428903
5.78 0.000428164
5.785 0.000427427
5.79 0.000426692
5.795 0.000425959
5.8 0.000425228
5.805 0.000424499
5.81 0.000423771
5.815 0.000423046
5.82 0.000422322
5.825 0.0004216
5.83 0.00042088
5.835 0.000420162
5.84 0.000419446
5.845 0.000418731
5.85 0.000418019
5.855 0.000417308
5.86 0.000416599
5.865 0.000415892
5.87 0.000415186
5.875 0.000414483
5.88 0.000413781
5.885 0.000413081
5.89 0.000412382
5.895 0.000411686
5.9 0.000410991
5.905 0.000410298
5.91 0.000409607
5.915 0.000408917
5.92 0.00040823
5.925 0.000407544
5.93 0.000406859
5.935 0.000406177
5.94 0.000405496
5.945 0.000404817
5.95 0.000404139
5.955 0.000403464
5.96 0.00040279
5.965 0.000402117
5.97 0.000401447
5.975 0.000400778
5.98 0.00040011
5.985 0.000399445
5.99 0.000398781
5.995 0.000398118
6 0.000397457
6.005 0.000396798
6.01 0.000396141
6.015 0.000395485
6.02 0.000394831
6.025 0.000394178
6.03 0.000393528
6.035 0.000392878
6.04 0.000392231
6.045 0.000391584
6.05 0.00039094
6.055 0.000390297
6.06 0.000389656
6.065 0.000389016
6.07 0.000388378
6.075 0.000387741
6.08 0.000387106
6.085 0.000386472
6.09 0.000385841
6.095 0.00038521
6.1 0.000384581
6.105 0.000383954
6.11 0.000383328
6.115 0.000382704
6.12 0.000382081
6.125 0.00038146
6.13 0.00038084
6.135 0.000380222
6.14 0.000379605
6.145 0.00037899
6.15 0.000378377
6.155 0.000377764
6.16 0.000377154
6.165 0.000376544
6.17 0.000375937
6.175 0.00037533
6.18 0.000374726
6.185 0.000374122
6.19 0.00037352
6.195 0.00037292
6.2 0.000372321
6.205 0.000371723
6.21 0.000371127
6.215 0.000370532
6.22 0.000369939
6.225 0.000369347
6.23 0.000368757
6.235 0.000368168
6.24 0.00036758
6.245 0.000366994
6.25 0.000366409
6.255 0.000365826
6.26 0.000365244
6.265 0.000364663
6.27 0.000364084
6.275 0.000363506
6.28 0.00036293
6.285 0.000362355
6.29 0.000361781
6.295 0.000361208
6.3 0.000360637
6.305 0.000360068
6.31 0.000359499
6.315 0.000358932
6.32 0.000358367
6.325 0.000357802
6.33 0.000357239
6.335 0.000356678
6.34 0.000356117
6.345 0.000355558
6.35 0.000355001
6.355 0.000354444
6.36 0.000353889
6.365 0.000353336
6.37 0.000352783
6.375 0.000352232
6.38 0.000351682
6.385 0.000351133
6.39 0.000350586
6.395 0.00035004
6.4 0.000349495
6.405 0.000348952
6.41 0.00034841
6.415 0.000347869
6.42 0.000347329
6.425 0.00034679
6.43 0.000346253
6.435 0.000345717
6.44 0.000345183
6.445 0.000344649
6.45 0.000344117
6.455 0.000343586
6.46 0.000343056
6.465 0.000342528
6.47 0.000342
6.475 0.000341474
6.48 0.000340949
6.485 0.000340426
6.49 0.000339903
6.495 0.000339382
6.5 0.000338862
6.505 0.000338343
6.51 0.000337825
6.515 0.000337309
6.52 0.000336793
6.525 0.000336279
6.53 0.000335766
6.535 0.000335254
6.54 0.000334744
6.545 0.000334234
6.55 0.000333726
6.555 0.000333219
6.56 0.000332713
6.565 0.000332208
6.57 0.000331704
6.575 0.000331202
6.58 0.0003307
6.585 0.0003302
6.59 0.000329701
6.595 0.000329203
6.6 0.000328706
6.605 0.00032821
6.61 0.000327716
6.615 0.000327222
6.62 0.00032673
6.625 0.000326239
6.63 0.000325748
6.635 0.000325259
6.64 0.000324771
6.645 0.000324284
6.65 0.000323799
6.655 0.000323314
6.66 0.00032283
6.665 0.000322348
6.67 0.000321866
6.675 0.000321386
6.68 0.000320907
6.685 0.000320428
6.69 0.000319951
6.695 0.000319475
6.7 0.000319
6.705 0.000318526
6.71 0.000318053
6.715 0.000317581
6.72 0.000317111
6.725 0.000316641
6.73 0.000316172
6.735 0.000315705
6.74 0.000315238
6.745 0.000314772
6.75 0.000314308
6.755 0.000313844
6.76 0.000313382
6.765 0.00031292
6.77 0.00031246
6.775 0.000312
6.78 0.000311542
6.785 0.000311084
6.79 0.000310628
6.795 0.000310172
6.8 0.000309718
6.805 0.000309265
6.81 0.000308812
6.815 0.000308361
6.82 0.00030791
6.825 0.000307461
6.83 0.000307012
6.835 0.000306565
6.84 0.000306118
6.845 0.000305673
6.85 0.000305228
6.855 0.000304784
6.86 0.000304342
6.865 0.0003039
6.87 0.000303459
6.875 0.00030302
6.88 0.000302581
6.885 0.000302143
6.89 0.000301706
6.895 0.00030127
6.9 0.000300835
6.905 0.000300401
6.91 0.000299968
6.915 0.000299536
6.92 0.000299104
6.925 0.000298674
6.93 0.000298245
6.935 0.000297816
6.94 0.000297388
6.945 0.000296962
6.95 0.000296536
6.955 0.000296111
6.96 0.000295687
6.965 0.000295264
6.97 0.000294842
6.975 0.000294421
6.98 0.000294001
6.985 0.000293582
6.99 0.000293163
6.995 0.000292745
7 0.000292329
7.005 0.000291913
7.01 0.000291498
7.015 0.000291084
7.02 0.000290671
7.025 0.000290259
7.03 0.000289847
7.035 0.000289437
7.04 0.000289027
7.045 0.000288618
7.05 0.00028821
7.055 0.000287803
7.06 0.000287397
7.065 0.000286992
7.07 0.000286587
7.075 0.000286184
7.08 0.000285781
7.085 0.000285379
7.09 0.000284978
7.095 0.000284578
7.1 0.000284178
7.105 0.00028378
7.11 0.000283382
7.115 0.000282985
7.12 0.000282589
7.125 0.000282194
7.13 0.000281799
7.135 0.000281406
7.14 0.000281013
7.145 0.000280621
7.15 0.00028023
7.155 0.00027984
7.16 0.00027945
7.165 0.000279062
7.17 0.000278674
7.175 0.000278287
7.18 0.000277901
7.185 0.000277515
7.19 0.000277131
7.195 0.000276747
7.2 0.000276364
7.205 0.000275982
7.21 0.0002756
7.215 0.00027522
7.22 0.00027484
7.225 0.000274461
7.23 0.000274082
7.235 0.000273705
7.24 0.000273328
7.245 0.000272952
7.25 0.000272577
7.255 0.000272203
7.26 0.000271829
7.265 0.000271456
7.27 0.000271084
7.275 0.000270713
7.28 0.000270342
7.285 0.000269972
7.29 0.000269603
7.295 0.000269235
7.3 0.000268867
7.305 0.000268501
7.31 0.000268135
7.315 0.000267769
7.32 0.000267405
7.325 0.000267041
7.33 0.000266678
7.335 0.000266316
7.34 0.000265954
7.345 0.000265593
7.35 0.000265233
7.355 0.000264874
7.36 0.000264515
7.365 0.000264157
7.37 0.0002638
7.375 0.000263443
7.38 0.000263088
7.385 0.000262733
7.39 0.000262378
7.395 0.000262025
7.4 0.000261672
7.405 0.00026132
7.41 0.000260968
7.415 0.000260618
7.42 0.000260267
7.425 0.000259918
7.43 0.000259569
7.435 0.000259222
7.44 0.000258874
7.445 0.000258528
7.45 0.000258182
7.455 0.000257837
7.46 0.000257492
7.465 0.000257149
7.47 0.000256805
7.475 0.000256463
7.48 0.000256121
7.485 0.00025578
7.49 0.00025544
7.495 0.0002551
7.5 0.000254761
7.505 0.000254423
7.51 0.000254085
7.515 0.000253748
7.52 0.000253412
7.525 0.000253077
7.53 0.000252742
7.535 0.000252407
7.54 0.000252074
7.545 0.000251741
7.55 0.000251408
7.555 0.000251077
7.56 0.000250746
7.565 0.000250415
7.57 0.000250086
7.575 0.000249757
7.58 0.000249428
7.585 0.0002491
7.59 0.000248773
7.595 0.000248447
7.6 0.000248121
7.605 0.000247796
7.61 0.000247471
7.615 0.000247147
7.62 0.000246824
7.625 0.000246501
7.63 0.000246179
7.635 0.000245858
7.64 0.000245537
7.645 0.000245217
7.65 0.000244898
7.655 0.000244579
7.66 0.000244261
7.665 0.000243943
7.67 0.000243626
7.675 0.00024331
7.68 0.000242994
7.685 0.000242679
7.69 0.000242364
7.695 0.00024205
7.7 0.000241737
7.705 0.000241424
7.71 0.000241112
7.715 0.000240801
7.72 0.00024049
7.725 0.000240179
7.73 0.00023987
7.735 0.000239561
7.74 0.000239252
7.745 0.000238944
7.75 0.000238637
7.755 0.00023833
7.76 0.000238024
7.765 0.000237718
7.77 0.000237414
7.775 0.000237109
7.78 0.000236805
7.785 0.000236502
7.79 0.0002362
7.795 0.000235898
7.8 0.000235596
7.805 0.000235295
7.81 0.000234995
7.815 0.000234695
7.82 0.000234396
7.825 0.000234097
7.83 0.000233799
7.835 0.000233502
7.84 0.000233205
7.845 0.000232909
7.85 0.000232613
7.855 0.000232318
7.86 0.000232023
7.865 0.000231729
7.87 0.000231436
7.875 0.000231143
7.88 0.00023085
7.885 0.000230558
7.89 0.000230267
7.895 0.000229976
7.9 0.000229686
7.905 0.000229397
7.91 0.000229108
7.915 0.000228819
7.92 0.000228531
7.925 0.000228244
7.93 0.000227957
7.935 0.00022767
7.94 0.000227384
7.945 0.000227099
7.95 0.000226814
7.955 0.00022653
7.96 0.000226247
7.965 0.000225963
7.97 0.000225681
7.975 0.000225399
7.98 0.000225117
7.985 0.000224836
7.99 0.000224556
7.995 0.000224276
8 0.000223996
8.005 0.000223717
8.01 0.000223439
8.015 0.000223161
8.02 0.000222883
8.025 0.000222607
8.03 0.00022233
8.035 0.000222054
8.04 0.000221779
8.045 0.000221504
8.05 0.00022123
8.055 0.000220956
8.06 0.000220683
8.065 0.00022041
8.07 0.000220138
8.075 0.000219866
8.08 0.000219595
8.085 0.000219324
8.09 0.000219054
8.095 0.000218784
8.1 0.000218515
8.105 0.000218246
8.11 0.000217978
8.115 0.00021771
8.12 0.000217443
8.125 0.000217176
8.13 0.00021691
8.135 0.000216644
8.14 0.000216378
8.145 0.000216114
8.15 0.000215849
8.155 0.000215585
8.16 0.000215322
8.165 0.000215059
8.17 0.000214797
8.175 0.000214535
8.18 0.000214273
8.185 0.000214012
8.19 0.000213752
8.195 0.000213492
8.2 0.000213232
8.205 0.000212973
8.21 0.000212714
8.215 0.000212456
8.22 0.000212199
8.225 0.000211941
8.23 0.000211685
8.235 0.000211428
8.24 0.000211173
8.245 0.000210917
8.25 0.000210662
8.255 0.000210408
8.26 0.000210154
8.265 0.000209901
8.27 0.000209647
8.275 0.000209395
8.28 0.000209143
8.285 0.000208891
8.29 0.00020864
8.295 0.000208389
8.3 0.000208139
8.305 0.000207889
8.31 0.00020764
8.315 0.000207391
8.32 0.000207142
8.325 0.000206894
8.33 0.000206646
8.335 0.000206399
8.34 0.000206152
8.345 0.000205906
8.35 0.00020566
8.355 0.000205415
8.36 0.00020517
8.365 0.000204925
8.37 0.000204681
8.375 0.000204438
8.38 0.000204194
8.385 0.000203952
8.39 0.000203709
8.395 0.000203467
8.4 0.000203226
8.405 0.000202985
8.41 0.000202744
8.415 0.000202504
8.42 0.000202264
8.425 0.000202025
8.43 0.000201786
8.435 0.000201547
8.44 0.000201309
8.445 0.000201072
8.45 0.000200834
8.455 0.000200597
8.46 0.000200361
8.465 0.000200125
8.47 0.000199889
8.475 0.000199654
8.48 0.00019942
8.485 0.000199185
8.49 0.000198951
8.495 0.000198718
8.5 0.000198485
8.505 0.000198252
8.51 0.00019802
8.515 0.000197788
8.52 0.000197556
8.525 0.000197325
8.53 0.000197095
8.535 0.000196864
8.54 0.000196635
8.545 0.000196405
8.55 0.000196176
8.555 0.000195948
8.56 0.000195719
8.565 0.000195491
8.57 0.000195264
8.575 0.000195037
8.58 0.00019481
8.585 0.000194584
8.59 0.000194358
8.595 0.000194133
8.6 0.000193908
8.605 0.000193683
8.61 0.000193459
8.615 0.000193235
8.62 0.000193011
8.625 0.000192788
8.63 0.000192565
8.635 0.000192343
8.64 0.000192121
8.645 0.000191899
8.65 0.000191678
8.655 0.000191457
8.66 0.000191237
8.665 0.000191017
8.67 0.000190797
8.675 0.000190578
8.68 0.000190359
8.685 0.00019014
8.69 0.000189922
8.695 0.000189704
8.7 0.000189487
8.705 0.00018927
8.71 0.000189053
8.715 0.000188837
8.72 0.000188621
8.725 0.000188406
8.73 0.00018819
8.735 0.000187975
8.74 0.000187761
8.745 0.000187547
8.75 0.000187333
8.755 0.00018712
8.76 0.000186907
8.765 0.000186694
8.77 0.000186482
8.775 0.00018627
8.78 0.000186058
8.785 0.000185847
8.79 0.000185636
8.795 0.000185426
8.8 0.000185216
8.805 0.000185006
8.81 0.000184797
8.815 0.000184588
8.82 0.000184379
8.825 0.000184171
8.83 0.000183963
8.835 0.000183755
8.84 0.000183548
8.845 0.000183341
8.85 0.000183134
8.855 0.000182928
8.86 0.000182722
8.865 0.000182517
8.87 0.000182311
8.875 0.000182107
8.88 0.000181902
8.885 0.000181698
8.89 0.000181494
8.895 0.000181291
8.9 0.000181088
8.905 0.000180885
8.91 0.000180682
8.915 0.00018048
8.92 0.000180278
8.925 0.000180077
8.93 0.000179876
8.935 0.000179675
8.94 0.000179475
8.945 0.000179275
8.95 0.000179075
8.955 0.000178876
8.96 0.000178676
8.965 0.000178478
8.97 0.000178279
8.975 0.000178081
8.98 0.000177883
8.985 0.000177686
8.99 0.000177489
8.995 0.000177292
9 0.000177096
9.005 0.0001769
9.01 0.000176704
9.015 0.000176508
9.02 0.000176313
9.025 0.000176118
9.03 0.000175924
9.035 0.00017573
9.04 0.000175536
9.045 0.000175342
9.05 0.000175149
9.055 0.000174956
9.06 0.000174764
9.065 0.000174571
9.07 0.000174379
9.075 0.000174188
9.08 0.000173997
9.085 0.000173806
9.09 0.000173615
9.095 0.000173424
9.1 0.000173234
9.105 0.000173045
9.11 0.000172855
9.115 0.000172666
9.12 0.000172477
9.125 0.000172289
9.13 0.000172101
9.135 0.000171913
9.14 0.000171725
9.145 0.000171538
9.15 0.000171351
9.155 0.000171164
9.16 0.000170978
9.165 0.000170792
9.17 0.000170606
9.175 0.000170421
9.18 0.000170236
9.185 0.000170051
9.19 0.000169866
9.195 0.000169682
9.2 0.000169498
9.205 0.000169314
9.21 0.000169131
9.215 0.000168948
9.22 0.000168765
9.225 0.000168583
9.23 0.000168401
9.235 0.000168219
9.24 0.000168037
9.245 0.000167856
9.25 0.000167675
9.255 0.000167494
9.26 0.000167314
9.265 0.000167134
9.27 0.000166954
9.275 0.000166775
9.28 0.000166595
9.285 0.000166416
9.29 0.000166238
9.295 0.000166059
9.3 0.000165881
9.305 0.000165703
9.31 0.000165526
9.315 0.000165349
9.32 0.000165172
9.325 0.000164995
9.33 0.000164819
9.335 0.000164643
9.34 0.000164467
9.345 0.000164291
9.35 0.000164116
9.355 0.000163941
9.36 0.000163766
9.365 0.000163592
9.37 0.000163418
9.375 0.000163244
9.38 0.000163071
9.385 0.000162897
9.39 0.000162724
9.395 0.000162551
9.4 0.000162379
9.405 0.000162207
9.41 0.000162035
9.415 0.000161863
9.42 0.000161692
9.425 0.000161521
9.43 0.00016135
9.435 0.000161179
9.44 0.000161009
9.445 0.000160839
9.45 0.000160669
9.455 0.0001605
9.46 0.000160331
9.465 0.000160162
9.47 0.000159993
9.475 0.000159825
9.48 0.000159656
9.485 0.000159489
9.49 0.000159321
9.495 0.000159154
9.5 0.000158986
9.505 0.00015882
9.51 0.000158653
9.515 0.000158487
9.52 0.000158321
9.525 0.000158155
9.53 0.000157989
9.535 0.000157824
9.54 0.000157659
9.545 0.000157494
9.55 0.00015733
9.555 0.000157166
9.56 0.000157002
9.565 0.000156838
9.57 0.000156675
9.575 0.000156511
9.58 0.000156348
9.585 0.000156186
9.59 0.000156023
9.595 0.000155861
9.6 0.000155699
9.605 0.000155538
9.61 0.000155376
9.615 0.000155215
9.62 0.000155054
9.625 0.000154893
9.63 0.000154733
9.635 0.000154573
9.64 0.000154413
9.645 0.000154253
9.65 0.000154094
9.655 0.000153934
9.66 0.000153776
9.665 0.000153617
9.67 0.000153458
9.675 0.0001533
9.68 0.000153142
9.685 0.000152984
9.69 0.000152827
9.695 0.00015267
9.7 0.000152513
9.705 0.000152356
9.71 0.0001522
9.715 0.000152043
9.72 0.000151887
9.725 0.000151731
9.73 0.000151576
9.735 0.000151421
9.74 0.000151266
9.745 0.000151111
9.75 0.000150956
9.755 0.000150802
9.76 0.000150648
9.765 0.000150494
9.77 0.00015034
9.775 0.000150187
9.78 0.000150034
9.785 0.000149881
9.79 0.000149728
9.795 0.000149575
9.8 0.000149423
9.805 0.000149271
9.81 0.000149119
9.815 0.000148968
9.82 0.000148817
9.825 0.000148666
9.83 0.000148515
9.835 0.000148364
9.84 0.000148214
9.845 0.000148063
9.85 0.000147914
9.855 0.000147764
9.86 0.000147614
9.865 0.000147465
9.87 0.000147316
9.875 0.000147167
9.88 0.000147019
9.885 0.00014687
9.89 0.000146722
9.895 0.000146574
9.9 0.000146427
9.905 0.000146279
9.91 0.000146132
9.915 0.000145985
9.92 0.000145838
9.925 0.000145692
9.93 0.000145545
9.935 0.000145399
9.94 0.000145253
9.945 0.000145107
9.95 0.000144962
9.955 0.000144817
9.96 0.000144672
9.965 0.000144527
9.97 0.000144382
9.975 0.000144238
9.98 0.000144094
9.985 0.00014395
9.99 0.000143806
9.995 0.000143663
