0 -nan
0.005 0.0614658
0.01 0.0757509
0.015 0.253281
0.02 0.412167
0.025 0.134338
0.03 0.886079
0.035 0.72998
0.04 0.268415
0.045 0.0489591
0.05 0.0846449
0.055 0.24786
0.06 0.439507
0.065 0.609388
0.07 0.739843
0.075 0.829666
0.08 0.884353
0.085 0.911193
0.09 0.917121
0.095 0.907972
0.1 0.888356
0.105 0.861777
0.11 0.830835
0.115 0.797422
0.12 0.762893
0.125 0.728199
0.13 0.693997
0.135 0.660725
0.14 0.628666
0.145 0.597991
0.15 0.568787
0.155 0.541089
0.16 0.51489
0.165 0.490158
0.17 0.466842
0.175 0.444882
0.18 0.42421
0.185 0.404757
0.19 0.386451
0.195 0.369223
0.2 0.353005
0.205 0.337733
0.21 0.323345
0.215 0.309783
0.22 0.296992
0.225 0.284921
0.23 0.273522
0.235 0.262751
0.24 0.252567
0.245 0.24293
0.25 0.233805
0.255 0.225158
0.26 0.21696
0.265 0.20918
0.27 0.201794
0.275 0.194775
0.28 0.188102
0.285 0.181753
0.29 0.175708
0.295 0.169949
0.3 0.164459
0.305 0.159222
0.31 0.154223
0.315 0.149449
0.32 0.144887
0.325 0.140524
0.33 0.13635
0.335 0.132355
0.34 0.128528
0.345 0.124861
0.35 0.121344
0.355 0.117971
0.36 0.114733
0.365 0.111624
0.37 0.108636
0.375 0.105765
0.38 0.103004
0.385 0.100347
0.39 0.0977896
0.395 0.0953271
0.4 0.0929547
0.405 0.0906682
0.41 0.0884637
0.415 0.0863372
0.42 0.0842852
0.425 0.0823043
0.43 0.0803914
0.435 0.0785433
0.44 0.0767574
0.445 0.0750307
0.45 0.0733609
0.455 0.0717454
0.46 0.0701819
0.465 0.0686684
0.47 0.0672026
0.475 0.0657827
0.48 0.0644067
0.485 0.0630729
0.49 0.0617797
0.495 0.0605253
0.5 0.0593083
0.505 0.0581273
0.51 0.0569808
0.515 0.0558675
0.52 0.0547862
0.525 0.0537356
0.53 0.0527147
0.535 0.0517222
0.54 0.0507573
0.545 0.0498189
0.55 0.048906
0.555 0.0480177
0.56 0.0471532
0.565 0.0463116
0.57 0.0454922
0.575 0.0446941
0.58 0.0439167
0.585 0.0431592
0.59 0.0424209
0.595 0.0417013
0.6 0.0409997
0.605 0.0403155
0.61 0.0396482
0.615 0.0389972
0.62 0.0383619
0.625 0.037742
0.63 0.0371368
0.635 0.036546
0.64 0.035969
0.645 0.0354056
0.65 0.0348551
0.655 0.0343173
0.66 0.0337918
0.665 0.0332782
0.67 0.0327761
0.675 0.0322853
0.68 0.0318053
0.685 0.0313359
0.69 0.0308767
0.695 0.0304275
0.7 0.0299879
0.705 0.0295578
0.71 0.0291368
0.715 0.0287246
0.72 0.0283211
0.725 0.027926
0.73 0.0275391
0.735 0.0271601
0.74 0.0267889
0.745 0.0264251
0.75 0.0260687
0.755 0.0257194
0.76 0.025377
0.765 0.0250414
0.77 0.0247124
0.775 0.0243898
0.78 0.0240734
0.785 0.0237631
0.79 0.0234588
0.795 0.0231602
0.8 0.0228673
0.805 0.0225799
0.81 0.0222978
0.815 0.022021
0.82 0.0217492
0.825 0.0214825
0.83 0.0212206
0.835 0.0209634
0.84 0.0207109
0.845 0.0204628
0.85 0.0202192
0.855 0.0199799
0.86 0.0197448
0.865 0.0195138
0.87 0.0192869
0.875 0.0190638
0.88 0.0188446
0.885 0.0186291
0.89 0.0184173
0.895 0.0182091
0.9 0.0180043
0.905 0.017803
0.91 0.0176051
0.915 0.0174104
0.92 0.0172189
0.925 0.0170305
0.93 0.0168452
0.935 0.0166629
0.94 0.0164835
0.945 0.016307
0.95 0.0161333
0.955 0.0159624
0.96 0.0157942
0.965 0.0156286
0.97 0.0154655
0.975 0.015305
0.98 0.015147
0.985 0.0149914
0.99 0.0148382
0.995 0.0146873
1 0.0145387
1.005 0.0143924
1.01 0.0142482
1.015 0.0141062
1.02 0.0139663
1.025 0.0138284
1.03 0.0136926
1.035 0.0135588
1.04 0.0134269
1.045 0.0132969
1.05 0.0131688
1.055 0.0130425
1.06 0.0129181
1.065 0.0127954
1.07 0.0126744
1.075 0.0125551
1.08 0.0124375
1.085 0.0123216
1.09 0.0122073
1.095 0.0120945
1.1 0.0119833
1.105 0.0118736
1.11 0.0117654
1.115 0.0116587
1.12 0.0115534
1.125 0.0114496
1.13 0.0113471
1.135 0.011246
1.14 0.0111462
1.145 0.0110478
1.15 0.0109506
1.155 0.0108547
1.16 0.0107601
1.165 0.0106667
1.17 0.0105745
1.175 0.0104835
1.18 0.0103937
1.185 0.010305
1.19 0.0102175
1.195 0.010131
1.2 0.0100456
1.205 0.00996136
1.21 0.00987813
1.215 0.00979593
1.22 0.00971475
1.225 0.00963458
1.23 0.00955539
1.235 0.00947717
1.24 0.00939991
1.245 0.00932359
1.25 0.00924819
1.255 0.0091737
1.26 0.0091001
1.265 0.00902739
1.27 0.00895554
1.275 0.00888454
1.28 0.00881439
1.285 0.00874506
1.29 0.00867654
1.295 0.00860882
1.3 0.00854189
1.305 0.00847574
1.31 0.00841035
1.315 0.00834572
1.32 0.00828182
1.325 0.00821866
1.33 0.00815621
1.335 0.00809447
1.34 0.00803343
1.345 0.00797308
1.35 0.0079134
1.355 0.00785439
1.36 0.00779603
1.365 0.00773832
1.37 0.00768125
1.375 0.00762481
1.38 0.00756899
1.385 0.00751377
1.39 0.00745916
1.395 0.00740514
1.4 0.0073517
1.405 0.00729884
1.41 0.00724654
1.415 0.00719481
1.42 0.00714362
1.425 0.00709298
1.43 0.00704288
1.435 0.0069933
1.44 0.00694425
1.445 0.0068957
1.45 0.00684767
1.455 0.00680013
1.46 0.00675309
1.465 0.00670653
1.47 0.00666045
1.475 0.00661485
1.48 0.00656971
1.485 0.00652503
1.49 0.0064808
1.495 0.00643702
1.5 0.00639368
1.505 0.00635078
1.51 0.00630831
1.515 0.00626626
1.52 0.00622463
1.525 0.00618342
1.53 0.00614261
1.535 0.0061022
1.54 0.00606219
1.545 0.00602257
1.55 0.00598334
1.555 0.00594449
1.56 0.00590602
1.565 0.00586791
1.57 0.00583018
1.575 0.00579281
1.58 0.00575579
1.585 0.00571913
1.59 0.00568282
1.595 0.00564685
1.6 0.00561122
1.605 0.00557593
1.61 0.00554097
1.615 0.00550634
1.62 0.00547202
1.625 0.00543803
1.63 0.00540436
1.635 0.00537099
1.64 0.00533794
1.645 0.00530519
1.65 0.00527273
1.655 0.00524058
1.66 0.00520871
1.665 0.00517714
1.67 0.00514585
1.675 0.00511485
1.68 0.00508412
1.685 0.00505367
1.69 0.00502349
1.695 0.00499359
1.7 0.00496394
1.705 0.00493456
1.71 0.00490544
1.715 0.00487658
1.72 0.00484797
1.725 0.00481961
1.73 0.0047915
1.735 0.00476363
1.74 0.00473601
1.745 0.00470863
1.75 0.00468148
1.755 0.00465456
1.76 0.00462788
1.765 0.00460143
1.77 0.0045752
1.775 0.00454919
1.78 0.00452341
1.785 0.00449784
1.79 0.00447249
1.795 0.00444736
1.8 0.00442243
1.805 0.00439772
1.81 0.00437321
1.815 0.0043489
1.82 0.0043248
1.825 0.00430089
1.83 0.00427719
1.835 0.00425368
1.84 0.00423036
1.845 0.00420723
1.85 0.00418429
1.855 0.00416154
1.86 0.00413897
1.865 0.00411659
1.87 0.00409439
1.875 0.00407236
1.88 0.00405052
1.885 0.00402884
1.89 0.00400735
1.895 0.00398602
1.9 0.00396486
1.905 0.00394387
1.91 0.00392305
1.915 0.00390239
1.92 0.0038819
1.925 0.00386156
1.93 0.00384138
1.935 0.00382137
1.94 0.0038015
1.945 0.0037818
1.95 0.00376224
1.955 0.00374284
1.96 0.00372358
1.965 0.00370447
1.97 0.00368551
1.975 0.0036667
1.98 0.00364803
1.985 0.0036295
1.99 0.00361111
1.995 0.00359286
2 0.00357475
2.005 0.00355678
2.01 0.00353894
2.015 0.00352123
2.02 0.00350366
2.025 0.00348621
2.03 0.0034689
2.035 0.00345172
2.04 0.00343466
2.045 0.00341773
2.05 0.00340092
2.055 0.00338424
2.06 0.00336768
2.065 0.00335124
2.07 0.00333492
2.075 0.00331872
2.08 0.00330264
2.085 0.00328668
2.09 0.00327083
2.095 0.00325509
2.1 0.00323947
2.105 0.00322396
2.11 0.00320856
2.115 0.00319327
2.12 0.00317809
2.125 0.00316301
2.13 0.00314805
2.135 0.00313319
2.14 0.00311843
2.145 0.00310378
2.15 0.00308923
2.155 0.00307479
2.16 0.00306044
2.165 0.0030462
2.17 0.00303205
2.175 0.003018
2.18 0.00300405
2.185 0.0029902
2.19 0.00297644
2.195 0.00296278
2.2 0.00294921
2.205 0.00293573
2.21 0.00292234
2.215 0.00290905
2.22 0.00289585
2.225 0.00288273
2.23 0.00286971
2.235 0.00285677
2.24 0.00284392
2.245 0.00283116
2.25 0.00281848
2.255 0.00280589
2.26 0.00279338
2.265 0.00278096
2.27 0.00276861
2.275 0.00275635
2.28 0.00274418
2.285 0.00273208
2.29 0.00272006
2.295 0.00270812
2.3 0.00269626
2.305 0.00268447
2.31 0.00267277
2.315 0.00266114
2.32 0.00264958
2.325 0.0026381
2.33 0.0026267
2.335 0.00261537
2.34 0.00260411
2.345 0.00259292
2.35 0.00258181
2.355 0.00257077
2.36 0.00255979
2.365 0.00254889
2.37 0.00253806
2.375 0.0025273
2.38 0.0025166
2.385 0.00250597
2.39 0.00249541
2.395 0.00248492
2.4 0.00247449
2.405 0.00246413
2.41 0.00245383
2.415 0.0024436
2.42 0.00243343
2.425 0.00242332
2.43 0.00241328
2.435 0.0024033
2.44 0.00239338
2.445 0.00238352
2.45 0.00237373
2.455 0.00236399
2.46 0.00235431
2.465 0.00234469
2.47 0.00233514
2.475 0.00232564
2.48 0.00231619
2.485 0.00230681
2.49 0.00229748
2.495 0.00228821
2.5 0.00227899
2.505 0.00226983
2.51 0.00226072
2.515 0.00225167
2.52 0.00224268
2.525 0.00223373
2.53 0.00222484
2.535 0.00221601
2.54 0.00220722
2.545 0.00219849
2.55 0.00218981
2.555 0.00218118
2.56 0.0021726
2.565 0.00216408
2.57 0.0021556
2.575 0.00214717
2.58 0.00213879
2.585 0.00213046
2.59 0.00212218
2.595 0.00211395
2.6 0.00210576
2.605 0.00209763
2.61 0.00208954
2.615 0.00208149
2.62 0.00207349
2.625 0.00206554
2.63 0.00205764
2.635 0.00204978
2.64 0.00204196
2.645 0.00203419
2.65 0.00202646
2.655 0.00201878
2.66 0.00201114
2.665 0.00200354
2.67 0.00199599
2.675 0.00198848
2.68 0.00198101
2.685 0.00197358
2.69 0.0019662
2.695 0.00195886
2.7 0.00195155
2.705 0.00194429
2.71 0.00193707
2.715 0.00192989
2.72 0.00192275
2.725 0.00191565
2.73 0.00190859
2.735 0.00190156
2.74 0.00189458
2.745 0.00188763
2.75 0.00188072
2.755 0.00187385
2.76 0.00186702
2.765 0.00186023
2.77 0.00185347
2.775 0.00184675
2.78 0.00184006
2.785 0.00183341
2.79 0.0018268
2.795 0.00182022
2.8 0.00181368
2.805 0.00180717
2.81 0.0018007
2.815 0.00179426
2.82 0.00178786
2.825 0.00178149
2.83 0.00177516
2.835 0.00176886
2.84 0.00176259
2.845 0.00175636
2.85 0.00175015
2.855 0.00174399
2.86 0.00173785
2.865 0.00173175
2.87 0.00172568
2.875 0.00171964
2.88 0.00171363
2.885 0.00170765
2.89 0.00170171
2.895 0.00169579
2.9 0.00168991
2.905 0.00168406
2.91 0.00167823
2.915 0.00167244
2.92 0.00166668
2.925 0.00166095
2.93 0.00165524
2.935 0.00164957
2.94 0.00164392
2.945 0.00163831
2.95 0.00163272
2.955 0.00162716
2.96 0.00162163
2.965 0.00161613
2.97 0.00161066
2.975 0.00160521
2.98 0.00159979
2.985 0.0015944
2.99 0.00158903
2.995 0.0015837
3 0.00157839
3.005 0.0015731
3.01 0.00156784
3.015 0.00156261
3.02 0.00155741
3.025 0.00155223
3.03 0.00154708
3.035 0.00154195
3.04 0.00153685
3.045 0.00153177
3.05 0.00152672
3.055 0.00152169
3.06 0.00151669
3.065 0.00151171
3.07 0.00150676
3.075 0.00150183
3.08 0.00149693
3.085 0.00149204
3.09 0.00148719
3.095 0.00148235
3.1 0.00147755
3.105 0.00147276
3.11 0.001468
3.115 0.00146326
3.12 0.00145854
3.125 0.00145384
3.13 0.00144917
3.135 0.00144452
3.14 0.0014399
3.145 0.00143529
3.15 0.00143071
3.155 0.00142615
3.16 0.00142161
3.165 0.00141709
3.17 0.0014126
3.175 0.00140812
3.18 0.00140367
3.185 0.00139924
3.19 0.00139483
3.195 0.00139044
3.2 0.00138607
3.205 0.00138172
3.21 0.00137739
3.215 0.00137308
3.22 0.00136879
3.225 0.00136452
3.23 0.00136027
3.235 0.00135605
3.24 0.00135184
3.245 0.00134765
3.25 0.00134348
3.255 0.00133933
3.26 0.0013352
3.265 0.00133108
3.27 0.00132699
3.275 0.00132292
3.28 0.00131886
3.285 0.00131482
3.29 0.00131081
3.295 0.00130681
3.3 0.00130282
3.305 0.00129886
3.31 0.00129491
3.315 0.00129099
3.32 0.00128708
3.325 0.00128318
3.33 0.00127931
3.335 0.00127545
3.34 0.00127161
3.345 0.00126779
3.35 0.00126399
3.355 0.0012602
3.36 0.00125643
3.365 0.00125267
3.37 0.00124894
3.375 0.00124522
3.38 0.00124151
3.385 0.00123782
3.39 0.00123415
3.395 0.0012305
3.4 0.00122686
3.405 0.00122324
3.41 0.00121963
3.415 0.00121604
3.42 0.00121247
3.425 0.00120891
3.43 0.00120536
3.435 0.00120184
3.44 0.00119832
3.445 0.00119483
3.45 0.00119134
3.455 0.00118788
3.46 0.00118443
3.465 0.00118099
3.47 0.00117757
3.475 0.00117416
3.48 0.00117077
3.485 0.00116739
3.49 0.00116403
3.495 0.00116068
3.5 0.00115735
3.505 0.00115403
3.51 0.00115072
3.515 0.00114743
3.52 0.00114416
3.525 0.00114089
3.53 0.00113765
3.535 0.00113441
3.54 0.00113119
3.545 0.00112798
3.55 0.00112479
3.555 0.00112161
3.56 0.00111844
3.565 0.00111529
3.57 0.00111215
3.575 0.00110902
3.58 0.00110591
3.585 0.00110281
3.59 0.00109972
3.595 0.00109664
3.6 0.00109358
3.605 0.00109053
3.61 0.0010875
3.615 0.00108447
3.62 0.00108146
3.625 0.00107846
3.63 0.00107548
3.635 0.0010725
3.64 0.00106954
3.645 0.00106659
3.65 0.00106366
3.655 0.00106073
3.66 0.00105782
3.665 0.00105492
3.67 0.00105203
3.675 0.00104915
3.68 0.00104629
3.685 0.00104343
3.69 0.00104059
3.695 0.00103776
3.7 0.00103494
3.705 0.00103213
3.71 0.00102934
3.715 0.00102655
3.72 0.00102378
3.725 0.00102102
3.73 0.00101827
3.735 0.00101553
3.74 0.0010128
3.745 0.00101008
3.75 0.00100737
3.755 0.00100468
3.76 0.00100199
3.765 0.000999318
3.77 0.000996655
3.775 0.000994001
3.78 0.000991359
3.785 0.000988727
3.79 0.000986105
3.795 0.000983494
3.8 0.000980893
3.805 0.000978303
3.81 0.000975723
3.815 0.000973153
3.82 0.000970593
3.825 0.000968043
3.83 0.000965503
3.835 0.000962973
3.84 0.000960453
3.845 0.000957943
3.85 0.000955443
3.855 0.000952953
3.86 0.000950472
3.865 0.000948001
3.87 0.00094554
3.875 0.000943088
3.88 0.000940645
3.885 0.000938213
3.89 0.000935789
3.895 0.000933375
3.9 0.00093097
3.905 0.000928575
3.91 0.000926189
3.915 0.000923812
3.92 0.000921444
3.925 0.000919085
3.93 0.000916735
3.935 0.000914395
3.94 0.000912063
3.945 0.00090974
3.95 0.000907426
3.955 0.000905121
3.96 0.000902824
3.965 0.000900537
3.97 0.000898258
3.975 0.000895987
3.98 0.000893725
3.985 0.000891472
3.99 0.000889227
3.995 0.000886991
4 0.000884763
4.005 0.000882544
4.01 0.000880333
4.015 0.00087813
4.02 0.000875935
4.025 0.000873749
4.03 0.000871571
4.035 0.000869401
4.04 0.000867239
4.045 0.000865085
4.05 0.000862939
4.055 0.000860801
4.06 0.000858671
4.065 0.000856549
4.07 0.000854435
4.075 0.000852328
4.08 0.00085023
4.085 0.000848139
4.09 0.000846056
4.095 0.00084398
4.1 0.000841912
4.105 0.000839852
4.11 0.000837799
4.115 0.000835754
4.12 0.000833716
4.125 0.000831686
4.13 0.000829663
4.135 0.000827647
4.14 0.000825639
4.145 0.000823638
4.15 0.000821645
4.155 0.000819658
4.16 0.000817679
4.165 0.000815707
4.17 0.000813742
4.175 0.000811784
4.18 0.000809833
4.185 0.000807889
4.19 0.000805953
4.195 0.000804023
4.2 0.0008021
4.205 0.000800184
4.21 0.000798275
4.215 0.000796372
4.22 0.000794477
4.225 0.000792588
4.23 0.000790706
4.235 0.000788831
4.24 0.000786962
4.245 0.0007851
4.25 0.000783244
4.255 0.000781395
4.26 0.000779553
4.265 0.000777717
4.27 0.000775888
4.275 0.000774065
4.28 0.000772248
4.285 0.000770438
4.29 0.000768634
4.295 0.000766837
4.3 0.000765046
4.305 0.000763261
4.31 0.000761482
4.315 0.00075971
4.32 0.000757943
4.325 0.000756183
4.33 0.000754429
4.335 0.000752681
4.34 0.00075094
4.345 0.000749204
4.35 0.000747474
4.355 0.00074575
4.36 0.000744032
4.365 0.00074232
4.37 0.000740614
4.375 0.000738914
4.38 0.00073722
4.385 0.000735531
4.39 0.000733849
4.395 0.000732172
4.4 0.000730501
4.405 0.000728835
4.41 0.000727175
4.415 0.000725521
4.42 0.000723873
4.425 0.00072223
4.43 0.000720593
4.435 0.000718961
4.44 0.000717335
4.445 0.000715714
4.45 0.000714099
4.455 0.000712489
4.46 0.000710885
4.465 0.000709286
4.47 0.000707693
4.475 0.000706104
4.48 0.000704522
4.485 0.000702944
4.49 0.000701372
4.495 0.000699805
4.5 0.000698243
4.505 0.000696687
4.51 0.000695136
4.515 0.00069359
4.52 0.000692049
4.525 0.000690513
4.53 0.000688982
4.535 0.000687456
4.54 0.000685936
4.545 0.00068442
4.55 0.00068291
4.555 0.000681404
4.56 0.000679904
4.565 0.000678408
4.57 0.000676918
4.575 0.000675432
4.58 0.000673951
4.585 0.000672475
4.59 0.000671004
4.595 0.000669538
4.6 0.000668076
4.605 0.000666619
4.61 0.000665167
4.615 0.00066372
4.62 0.000662278
4.625 0.00066084
4.63 0.000659407
4.635 0.000657978
4.64 0.000656554
4.645 0.000655135
4.65 0.00065372
4.655 0.00065231
4.66 0.000650905
4.665 0.000649504
4.67 0.000648107
4.675 0.000646715
4.68 0.000645328
4.685 0.000643945
4.69 0.000642566
4.695 0.000641192
4.7 0.000639822
4.705 0.000638457
4.71 0.000637096
4.715 0.000635739
4.72 0.000634387
4.725 0.000633039
4.73 0.000631695
4.735 0.000630355
4.74 0.00062902
4.745 0.000627689
4.75 0.000626363
4.755 0.00062504
4.76 0.000623722
4.765 0.000622407
4.77 0.000621097
4.775 0.000619791
4.78 0.00061849
4.785 0.000617192
4.79 0.000615898
4.795 0.000614609
4.8 0.000613323
4.805 0.000612042
4.81 0.000610764
4.815 0.000609491
4.82 0.000608221
4.825 0.000606956
4.83 0.000605694
4.835 0.000604436
4.84 0.000603183
4.845 0.000601933
4.85 0.000600687
4.855 0.000599445
4.86 0.000598206
4.865 0.000596972
4.87 0.000595741
4.875 0.000594514
4.88 0.000593291
4.885 0.000592072
4.89 0.000590857
4.895 0.000589645
4.9 0.000588437
4.905 0.000587232
4.91 0.000586032
4.915 0.000584835
4.92 0.000583641
4.925 0.000582452
4.93 0.000581266
4.935 0.000580083
4.94 0.000578905
4.945 0.000577729
4.95 0.000576558
4.955 0.00057539
4.96 0.000574225
4.965 0.000573064
4.97 0.000571907
4.975 0.000570753
4.98 0.000569602
4.985 0.000568455
4.99 0.000567311
4.995 0.000566171
5 0.000565035
5.005 0.000563901
5.01 0.000562772
5.015 0.000561645
5.02 0.000560522
5.025 0.000559402
5.03 0.000558286
5.035 0.000557173
5.04 0.000556063
5.045 0.000554957
5.05 0.000553854
5.055 0.000552754
5.06 0.000551657
5.065 0.000550564
5.07 0.000549474
5.075 0.000548387
5.08 0.000547304
5.085 0.000546223
5.09 0.000545146
5.095 0.000544072
5.1 0.000543001
5.105 0.000541934
5.11 0.000540869
5.115 0.000539808
5.12 0.000538749
5.125 0.000537694
5.13 0.000536642
5.135 0.000535593
5.14 0.000534547
5.145 0.000533504
5.15 0.000532465
5.155 0.000531428
5.16 0.000530394
5.165 0.000529363
5.17 0.000528336
5.175 0.000527311
5.18 0.000526289
5.185 0.00052527
5.19 0.000524255
5.195 0.000523242
5.2 0.000522232
5.205 0.000521225
5.21 0.000520221
5.215 0.000519219
5.22 0.000518221
5.225 0.000517226
5.23 0.000516233
5.235 0.000515243
5.24 0.000514256
5.245 0.000513272
5.25 0.000512291
5.255 0.000511313
5.26 0.000510337
5.265 0.000509364
5.27 0.000508394
5.275 0.000507427
5.28 0.000506462
5.285 0.0005055
5.29 0.000504541
5.295 0.000503585
5.3 0.000502631
5.305 0.00050168
5.31 0.000500732
5.315 0.000499787
5.32 0.000498844
5.325 0.000497904
5.33 0.000496966
5.335 0.000496031
5.34 0.000495099
5.345 0.000494169
5.35 0.000493242
5.355 0.000492318
5.36 0.000491396
5.365 0.000490477
5.37 0.00048956
5.375 0.000488646
5.38 0.000487735
5.385 0.000486826
5.39 0.000485919
5.395 0.000485015
5.4 0.000484114
5.405 0.000483215
5.41 0.000482319
5.415 0.000481425
5.42 0.000480533
5.425 0.000479644
5.43 0.000478758
5.435 0.000477874
5.44 0.000476992
5.445 0.000476113
5.45 0.000475237
5.455 0.000474362
5.46 0.00047349
5.465 0.000472621
5.47 0.000471754
5.475 0.000470889
5.48 0.000470027
5.485 0.000469167
5.49 0.000468309
5.495 0.000467454
5.5 0.000466601
5.505 0.000465751
5.51 0.000464902
5.515 0.000464056
5.52 0.000463213
5.525 0.000462371
5.53 0.000461532
5.535 0.000460696
5.54 0.000459861
5.545 0.000459029
5.55 0.000458199
5.555 0.000457371
5.56 0.000456546
5.565 0.000455723
5.57 0.000454902
5.575 0.000454083
5.58 0.000453266
5.585 0.000452452
5.59 0.00045164
5.595 0.00045083
5.6 0.000450022
5.605 0.000449216
5.61 0.000448413
5.615 0.000447611
5.62 0.000446812
5.625 0.000446015
5.63 0.00044522
5.635 0.000444427
5.64 0.000443636
5.645 0.000442848
5.65 0.000442061
5.655 0.000441277
5.66 0.000440495
5.665 0.000439714
5.67 0.000438936
5.675 0.00043816
5.68 0.000437386
5.685 0.000436614
5.69 0.000435844
5.695 0.000435076
5.7 0.00043431
5.705 0.000433547
5.71 0.000432785
5.715 0.000432025
5.72 0.000431267
5.725 0.000430511
5.73 0.000429757
5.735 0.000429005
5.74 0.000428255
5.745 0.000427507
5.75 0.000426761
5.755 0.000426017
5.76 0.000425275
5.765 0.000424535
5.77 0.000423797
5.775 0.000423061
5.78 0.000422326
5.785 0.000421594
5.79 0.000420863
5.795 0.000420134
5.8 0.000419408
5.805 0.000418683
5.81 0.00041796
5.815 0.000417239
5.82 0.000416519
5.825 0.000415802
5.83 0.000415086
5.835 0.000414372
5.84 0.000413661
5.845 0.00041295
5.85 0.000412242
5.855 0.000411536
5.86 0.000410831
5.865 0.000410128
5.87 0.000409427
5.875 0.000408728
5.88 0.000408031
5.885 0.000407335
5.89 0.000406641
5.895 0.000405949
5.9 0.000405259
5.905 0.00040457
5.91 0.000403884
5.915 0.000403198
5.92 0.000402515
5.925 0.000401834
5.93 0.000401154
5.935 0.000400476
5.94 0.000399799
5.945 0.000399124
5.95 0.000398451
5.955 0.00039778
5.96 0.000397111
5.965 0.000396443
5.97 0.000395776
5.975 0.000395112
5.98 0.000394449
5.985 0.000393788
5.99 0.000393128
5.995 0.00039247
6 0.000391814
6.005 0.00039116
6.01 0.000390507
6.015 0.000389855
6.02 0.000389206
6.025 0.000388557
6.03 0.000387911
6.035 0.000387266
6.04 0.000386623
6.045 0.000385981
6.05 0.000385341
6.055 0.000384703
6.06 0.000384066
6.065 0.000383431
6.07 0.000382797
6.075 0.000382165
6.08 0.000381534
6.085 0.000380905
6.09 0.000380278
6.095 0.000379652
6.1 0.000379027
6.105 0.000378405
6.11 0.000377783
6.115 0.000377164
6.12 0.000376545
6.125 0.000375929
6.13 0.000375313
6.135 0.0003747
6.14 0.000374087
6.145 0.000373477
6.15 0.000372868
6.155 0.00037226
6.16 0.000371654
6.165 0.000371049
6.17 0.000370446
6.175 0.000369844
6.18 0.000369243
6.185 0.000368645
6.19 0.000368047
6.195 0.000367451
6.2 0.000366857
6.205 0.000366264
6.21 0.000365672
6.215 0.000365082
6.22 0.000364493
6.225 0.000363906
6.23 0.00036332
6.235 0.000362735
6.24 0.000362152
6.245 0.00036157
6.25 0.00036099
6.255 0.000360411
6.26 0.000359833
6.265 0.000359257
6.27 0.000358682
6.275 0.000358109
6.28 0.000357537
6.285 0.000356966
6.29 0.000356397
6.295 0.000355829
6.3 0.000355263
6.305 0.000354697
6.31 0.000354134
6.315 0.000353571
6.32 0.00035301
6.325 0.00035245
6.33 0.000351892
6.335 0.000351334
6.34 0.000350779
6.345 0.000350224
6.35 0.000349671
6.355 0.000349119
6.36 0.000348568
6.365 0.000348019
6.37 0.000347471
6.375 0.000346924
6.38 0.000346379
6.385 0.000345835
6.39 0.000345292
6.395 0.00034475
6.4 0.00034421
6.405 0.000343671
6.41 0.000343133
6.415 0.000342596
6.42 0.000342061
6.425 0.000341527
6.43 0.000340994
6.435 0.000340463
6.44 0.000339933
6.445 0.000339404
6.45 0.000338876
6.455 0.000338349
6.46 0.000337824
6.465 0.0003373
6.47 0.000336777
6.475 0.000336255
6.48 0.000335735
6.485 0.000335215
6.49 0.000334697
6.495 0.00033418
6.5 0.000333665
6.505 0.00033315
6.51 0.000332637
6.515 0.000332125
6.52 0.000331614
6.525 0.000331104
6.53 0.000330596
6.535 0.000330088
6.54 0.000329582
6.545 0.000329077
6.55 0.000328573
6.555 0.00032807
6.56 0.000327569
6.565 0.000327068
6.57 0.000326569
6.575 0.000326071
6.58 0.000325574
6.585 0.000325078
6.59 0.000324583
6.595 0.000324089
6.6 0.000323597
6.605 0.000323105
6.61 0.000322615
6.615 0.000322126
6.62 0.000321638
6.625 0.000321151
6.63 0.000320665
6.635 0.000320181
6.64 0.000319697
6.645 0.000319214
6.65 0.000318733
6.655 0.000318253
6.66 0.000317773
6.665 0.000317295
6.67 0.000316818
6.675 0.000316342
6.68 0.000315867
6.685 0.000315393
6.69 0.00031492
6.695 0.000314449
6.7 0.000313978
6.705 0.000313508
6.71 0.00031304
6.715 0.000312572
6.72 0.000312106
6.725 0.00031164
6.73 0.000311176
6.735 0.000310712
6.74 0.00031025
6.745 0.000309789
6.75 0.000309328
6.755 0.000308869
6.76 0.000308411
6.765 0.000307954
6.77 0.000307497
6.775 0.000307042
6.78 0.000306588
6.785 0.000306135
6.79 0.000305683
6.795 0.000305232
6.8 0.000304781
6.805 0.000304332
6.81 0.000303884
6.815 0.000303437
6.82 0.000302991
6.825 0.000302545
6.83 0.000302101
6.835 0.000301658
6.84 0.000301216
6.845 0.000300774
6.85 0.000300334
6.855 0.000299895
6.86 0.000299456
6.865 0.000299019
6.87 0.000298582
6.875 0.000298147
6.88 0.000297712
6.885 0.000297278
6.89 0.000296846
6.895 0.000296414
6.9 0.000295983
6.905 0.000295553
6.91 0.000295124
6.915 0.000294696
6.92 0.000294269
6.925 0.000293843
6.93 0.000293418
6.935 0.000292994
6.94 0.00029257
6.945 0.000292148
6.95 0.000291726
6.955 0.000291306
6.96 0.000290886
6.965 0.000290467
6.97 0.000290049
6.975 0.000289632
6.98 0.000289216
6.985 0.000288801
6.99 0.000288386
6.995 0.000287973
7 0.000287561
7.005 0.000287149
7.01 0.000286738
7.015 0.000286328
7.02 0.000285919
7.025 0.000285511
7.03 0.000285104
7.035 0.000284697
7.04 0.000284292
7.045 0.000283887
7.05 0.000283483
7.055 0.00028308
7.06 0.000282678
7.065 0.000282277
7.07 0.000281877
7.075 0.000281477
7.08 0.000281079
7.085 0.000280681
7.09 0.000280284
7.095 0.000279888
7.1 0.000279492
7.105 0.000279098
7.11 0.000278704
7.115 0.000278311
7.12 0.000277919
7.125 0.000277528
7.13 0.000277138
7.135 0.000276748
7.14 0.00027636
7.145 0.000275972
7.15 0.000275585
7.155 0.000275199
7.16 0.000274813
7.165 0.000274429
7.17 0.000274045
7.175 0.000273662
7.18 0.00027328
7.185 0.000272898
7.19 0.000272518
7.195 0.000272138
7.2 0.000271759
7.205 0.000271381
7.21 0.000271003
7.215 0.000270627
7.22 0.000270251
7.225 0.000269876
7.23 0.000269501
7.235 0.000269128
7.24 0.000268755
7.245 0.000268383
7.25 0.000268012
7.255 0.000267642
7.26 0.000267272
7.265 0.000266903
7.27 0.000266535
7.275 0.000266167
7.28 0.000265801
7.285 0.000265435
7.29 0.00026507
7.295 0.000264706
7.3 0.000264342
7.305 0.000263979
7.31 0.000263617
7.315 0.000263256
7.32 0.000262895
7.325 0.000262535
7.33 0.000262176
7.335 0.000261818
7.34 0.00026146
7.345 0.000261103
7.35 0.000260747
7.355 0.000260391
7.36 0.000260037
7.365 0.000259683
7.37 0.000259329
7.375 0.000258977
7.38 0.000258625
7.385 0.000258274
7.39 0.000257923
7.395 0.000257574
7.4 0.000257225
7.405 0.000256876
7.41 0.000256529
7.415 0.000256182
7.42 0.000255836
7.425 0.00025549
7.43 0.000255145
7.435 0.000254801
7.44 0.000254458
7.445 0.000254115
7.45 0.000253773
7.455 0.000253432
7.46 0.000253091
7.465 0.000252751
7.47 0.000252412
7.475 0.000252074
7.48 0.000251736
7.485 0.000251399
7.49 0.000251062
7.495 0.000250726
7.5 0.000250391
7.505 0.000250056
7.51 0.000249723
7.515 0.000249389
7.52 0.000249057
7.525 0.000248725
7.53 0.000248394
7.535 0.000248063
7.54 0.000247733
7.545 0.000247404
7.55 0.000247076
7.555 0.000246748
7.56 0.000246421
7.565 0.000246094
7.57 0.000245768
7.575 0.000245443
7.58 0.000245118
7.585 0.000244794
7.59 0.000244471
7.595 0.000244148
7.6 0.000243826
7.605 0.000243505
7.61 0.000243184
7.615 0.000242864
7.62 0.000242544
7.625 0.000242225
7.63 0.000241907
7.635 0.000241589
7.64 0.000241272
7.645 0.000240956
7.65 0.00024064
7.655 0.000240325
7.66 0.00024001
7.665 0.000239696
7.67 0.000239383
7.675 0.00023907
7.68 0.000238758
7.685 0.000238447
7.69 0.000238136
7.695 0.000237825
7.7 0.000237516
7.705 0.000237207
7.71 0.000236898
7.715 0.00023659
7.72 0.000236283
7.725 0.000235977
7.73 0.00023567
7.735 0.000235365
7.74 0.00023506
7.745 0.000234756
7.75 0.000234452
7.755 0.000234149
7.76 0.000233847
7.765 0.000233545
7.77 0.000233243
7.775 0.000232943
7.78 0.000232642
7.785 0.000232343
7.79 0.000232044
7.795 0.000231745
7.8 0.000231447
7.805 0.00023115
7.81 0.000230853
7.815 0.000230557
7.82 0.000230262
7.825 0.000229967
7.83 0.000229672
7.835 0.000229378
7.84 0.000229085
7.845 0.000228792
7.85 0.0002285
7.855 0.000228209
7.86 0.000227917
7.865 0.000227627
7.87 0.000227337
7.875 0.000227048
7.88 0.000226759
7.885 0.00022647
7.89 0.000226183
7.895 0.000225895
7.9 0.000225609
7.905 0.000225323
7.91 0.000225037
7.915 0.000224752
7.92 0.000224468
7.925 0.000224184
7.93 0.0002239
7.935 0.000223617
7.94 0.000223335
7.945 0.000223053
7.95 0.000222772
7.955 0.000222491
7.96 0.000222211
7.965 0.000221931
7.97 0.000221652
7.975 0.000221373
7.98 0.000221095
7.985 0.000220818
7.99 0.000220541
7.995 0.000220264
8 0.000219988
8.005 0.000219713
8.01 0.000219438
8.015 0.000219163
8.02 0.000218889
8.025 0.000218616
8.03 0.000218343
8.035 0.000218071
8.04 0.000217799
8.045 0.000217527
8.05 0.000217256
8.055 0.000216986
8.06 0.000216716
8.065 0.000216447
8.07 0.000216178
8.075 0.000215909
8.08 0.000215642
8.085 0.000215374
8.09 0.000215107
8.095 0.000214841
8.1 0.000214575
8.105 0.00021431
8.11 0.000214045
8.115 0.00021378
8.12 0.000213516
8.125 0.000213253
8.13 0.00021299
8.135 0.000212728
8.14 0.000212466
8.145 0.000212204
8.15 0.000211943
8.155 0.000211683
8.16 0.000211423
8.165 0.000211163
8.17 0.000210904
8.175 0.000210645
8.18 0.000210387
8.185 0.000210129
8.19 0.000209872
8.195 0.000209616
8.2 0.000209359
8.205 0.000209104
8.21 0.000208848
8.215 0.000208593
8.22 0.000208339
8.225 0.000208085
8.23 0.000207832
8.235 0.000207579
8.24 0.000207326
8.245 0.000207074
8.25 0.000206822
8.255 0.000206571
8.26 0.000206321
8.265 0.00020607
8.27 0.000205821
8.275 0.000205571
8.28 0.000205322
8.285 0.000205074
8.29 0.000204826
8.295 0.000204579
8.3 0.000204331
8.305 0.000204085
8.31 0.000203839
8.315 0.000203593
8.32 0.000203348
8.325 0.000203103
8.33 0.000202858
8.335 0.000202614
8.34 0.000202371
8.345 0.000202128
8.35 0.000201885
8.355 0.000201643
8.36 0.000201401
8.365 0.00020116
8.37 0.000200919
8.375 0.000200678
8.38 0.000200438
8.385 0.000200199
8.39 0.00019996
8.395 0.000199721
8.4 0.000199483
8.405 0.000199245
8.41 0.000199007
8.415 0.00019877
8.42 0.000198533
8.425 0.000198297
8.43 0.000198061
8.435 0.000197826
8.44 0.000197591
8.445 0.000197357
8.45 0.000197123
8.455 0.000196889
8.46 0.000196656
8.465 0.000196423
8.47 0.00019619
8.475 0.000195958
8.48 0.000195727
8.485 0.000195495
8.49 0.000195265
8.495 0.000195034
8.5 0.000194804
8.505 0.000194575
8.51 0.000194345
8.515 0.000194117
8.52 0.000193888
8.525 0.00019366
8.53 0.000193433
8.535 0.000193206
8.54 0.000192979
8.545 0.000192752
8.55 0.000192526
8.555 0.000192301
8.56 0.000192076
8.565 0.000191851
8.57 0.000191627
8.575 0.000191403
8.58 0.000191179
8.585 0.000190956
8.59 0.000190733
8.595 0.000190511
8.6 0.000190289
8.605 0.000190067
8.61 0.000189846
8.615 0.000189625
8.62 0.000189404
8.625 0.000189184
8.63 0.000188964
8.635 0.000188745
8.64 0.000188526
8.645 0.000188308
8.65 0.000188089
8.655 0.000187871
8.66 0.000187654
8.665 0.000187437
8.67 0.00018722
8.675 0.000187004
8.68 0.000186788
8.685 0.000186572
8.69 0.000186357
8.695 0.000186142
8.7 0.000185928
8.705 0.000185714
8.71 0.0001855
8.715 0.000185287
8.72 0.000185074
8.725 0.000184861
8.73 0.000184649
8.735 0.000184437
8.74 0.000184226
8.745 0.000184015
8.75 0.000183804
8.755 0.000183593
8.76 0.000183383
8.765 0.000183174
8.77 0.000182964
8.775 0.000182755
8.78 0.000182547
8.785 0.000182338
8.79 0.00018213
8.795 0.000181923
8.8 0.000181716
8.805 0.000181509
8.81 0.000181302
8.815 0.000181096
8.82 0.00018089
8.825 0.000180685
8.83 0.00018048
8.835 0.000180275
8.84 0.000180071
8.845 0.000179867
8.85 0.000179663
8.855 0.00017946
8.86 0.000179257
8.865 0.000179054
8.87 0.000178852
8.875 0.00017865
8.88 0.000178448
8.885 0.000178247
8.89 0.000178046
8.895 0.000177845
8.9 0.000177645
8.905 0.000177445
8.91 0.000177245
8.915 0.000177046
8.92 0.000176847
8.925 0.000176649
8.93 0.00017645
8.935 0.000176252
8.94 0.000176055
8.945 0.000175858
8.95 0.000175661
8.955 0.000175464
8.96 0.000175268
8.965 0.000175072
8.97 0.000174876
8.975 0.000174681
8.98 0.000174486
8.985 0.000174291
8.99 0.000174097
8.995 0.000173903
9 0.000173709
9.005 0.000173516
9.01 0.000173323
9.015 0.00017313
9.02 0.000172938
9.025 0.000172746
9.03 0.000172554
9.035 0.000172363
9.04 0.000172172
9.045 0.000171981
9.05 0.000171791
9.055 0.0001716
9.06 0.000171411
9.065 0.000171221
9.07 0.000171032
9.075 0.000170843
9.08 0.000170654
9.085 0.000170466
9.09 0.000170278
9.095 0.000170091
9.1 0.000169903
9.105 0.000169716
9.11 0.00016953
9.115 0.000169343
9.12 0.000169157
9.125 0.000168971
9.13 0.000168786
9.135 0.000168601
9.14 0.000168416
9.145 0.000168231
9.15 0.000168047
9.155 0.000167863
9.16 0.000167679
9.165 0.000167496
9.17 0.000167313
9.175 0.00016713
9.18 0.000166948
9.185 0.000166766
9.19 0.000166584
9.195 0.000166402
9.2 0.000166221
9.205 0.00016604
9.21 0.000165859
9.215 0.000165679
9.22 0.000165499
9.225 0.000165319
9.23 0.000165139
9.235 0.00016496
9.24 0.000164781
9.245 0.000164603
9.25 0.000164424
9.255 0.000164246
9.26 0.000164069
9.265 0.000163891
9.27 0.000163714
9.275 0.000163537
9.28 0.00016336
9.285 0.000163184
9.29 0.000163008
9.295 0.000162832
9.3 0.000162657
9.305 0.000162482
9.31 0.000162307
9.315 0.000162132
9.32 0.000161958
9.325 0.000161784
9.33 0.00016161
9.335 0.000161437
9.34 0.000161263
9.345 0.00016109
9.35 0.000160918
9.355 0.000160745
9.36 0.000160573
9.365 0.000160401
9.37 0.00016023
9.375 0.000160059
9.38 0.000159888
9.385 0.000159717
9.39 0.000159546
9.395 0.000159376
9.4 0.000159206
9.405 0.000159037
9.41 0.000158867
9.415 0.000158698
9.42 0.000158529
9.425 0.000158361
9.43 0.000158193
9.435 0.000158024
9.44 0.000157857
9.445 0.000157689
9.45 0.000157522
9.455 0.000157355
9.46 0.000157188
9.465 0.000157022
9.47 0.000156856
9.475 0.00015669
9.48 0.000156524
9.485 0.000156359
9.49 0.000156194
9.495 0.000156029
9.5 0.000155864
9.505 0.0001557
9.51 0.000155536
9.515 0.000155372
9.52 0.000155209
9.525 0.000155045
9.53 0.000154882
9.535 0.000154719
9.54 0.000154557
9.545 0.000154395
9.55 0.000154233
9.555 0.000154071
9.56 0.000153909
9.565 0.000153748
9.57 0.000153587
9.575 0.000153426
9.58 0.000153266
9.585 0.000153106
9.59 0.000152946
9.595 0.000152786
9.6 0.000152627
9.605 0.000152467
9.61 0.000152308
9.615 0.00015215
9.62 0.000151991
9.625 0.000151833
9.63 0.000151675
9.635 0.000151517
9.64 0.00015136
9.645 0.000151202
9.65 0.000151045
9.655 0.000150889
9.66 0.000150732
9.665 0.000150576
9.67 0.00015042
9.675 0.000150264
9.68 0.000150108
9.685 0.000149953
9.69 0.000149798
9.695 0.000149643
9.7 0.000149489
9.705 0.000149334
9.71 0.00014918
9.715 0.000149026
9.72 0.000148873
9.725 0.000148719
9.73 0.000148566
9.735 0.000148413
9.74 0.00014826
9.745 0.000148108
9.75 0.000147956
9.755 0.000147804
9.76 0.000147652
9.765 0.0001475
9.77 0.000147349
9.775 0.000147198
9.78 0.000147047
9.785 0.000146897
9.79 0.000146746
9.795 0.000146596
9.8 0.000146446
9.805 0.000146297
9.81 0.000146147
9.815 0.000145998
9.82 0.000145849
9.825 0.0001457
9.83 0.000145552
9.835 0.000145404
9.84 0.000145255
9.845 0.000145108
9.85 0.00014496
9.855 0.000144813
9.86 0.000144665
9.865 0.000144518
9.87 0.000144372
9.875 0.000144225
9.88 0.000144079
9.885 0.000143933
9.89 0.000143787
9.895 0.000143641
9.9 0.000143496
9.905 0.000143351
9.91 0.000143206
9.915 0.000143061
9.92 0.000142917
9.925 0.000142772
9.93 0.000142628
9.935 0.000142485
9.94 0.000142341
9.945 0.000142198
9.95 0.000142054
9.955 0.000141911
9.96 0.000141769
9.965 0.000141626
9.97 0.000141484
9.975 0.000141342
9.98 0.0001412
9.985 0.000141058
9.99 0.000140916
9.995 0.000140775
