0 -nan
0.005 0.952566
0.01 0.359824
0.015 0.0459455
0.02 0.0862667
0.025 0.732739
0.03 0.0587212
0.035 0.037056
0.04 0.592821
0.045 0.020057
0.05 0.317297
0.055 0.196321
0.06 0.0840532
0.065 0.651655
0.07 0.115743
0.075 0.609923
0.08 0.703271
0.085 0.529589
0.09 0.132121
0.095 0.10175
0.1 0.650384
0.105 0.124314
0.11 0.406219
0.115 0.184705
0.12 0.443202
0.125 0.0251335
0.13 0.505729
0.135 0.162502
0.14 0.0944336
0.145 0.465925
0.15 0.260595
0.155 0.0100196
0.16 0.237681
0.165 0.448034
0.17 0.281468
0.175 0.0405584
0.18 0.0675114
0.185 0.291873
0.19 0.431222
0.195 0.351294
0.2 0.154359
0.205 0.0237266
0.21 0.0538824
0.215 0.204385
0.22 0.362597
0.225 0.432347
0.23 0.384829
0.235 0.257073
0.24 0.117839
0.245 0.0290327
0.25 0.0214862
0.255 0.0902239
0.26 0.204394
0.265 0.323365
0.27 0.411512
0.275 0.447464
0.28 0.426847
0.285 0.359823
0.29 0.26568
0.295 0.166695
0.3 0.0829076
0.305 0.028644
0.31 0.0110071
0.315 0.0300361
0.32 0.0800382
0.325 0.151531
0.33 0.233312
0.335 0.314296
0.34 0.384926
0.345 0.438067
0.35 0.469406
0.355 0.477436
0.36 0.463133
0.365 0.429443
0.37 0.380679
0.375 0.321912
0.38 0.258421
0.385 0.195234
0.39 0.136782
0.395 0.0866735
0.4 0.0475662
0.405 0.021139
0.41 0.00813341
0.415 0.00844898
0.42 0.0212743
0.425 0.0452362
0.43 0.0785538
0.435 0.119188
0.44 0.164976
0.445 0.213753
0.45 0.263443
0.455 0.312142
0.46 0.358169
0.465 0.400105
0.47 0.43681
0.475 0.467427
0.48 0.491378
0.485 0.508345
0.49 0.518248
0.495 0.521216
0.5 0.517558
0.505 0.507731
0.51 0.492308
0.515 0.47195
0.52 0.447377
0.525 0.419343
0.53 0.388611
0.535 0.355939
0.54 0.32206
0.545 0.287667
0.55 0.253408
0.555 0.219873
0.56 0.187592
0.565 0.15703
0.57 0.128584
0.575 0.102588
0.58 0.0793085
0.585 0.0589511
0.59 0.0416624
0.595 0.0275341
0.6 0.016607
0.605 0.00887649
0.61 0.00429663
0.615 0.00278559
0.62 0.00423027
0.625 0.00849102
0.63 0.0154062
0.635 0.0247964
0.64 0.0364685
0.645 0.0502193
0.65 0.0658387
0.655 0.0831133
0.66 0.101828
0.665 0.121771
0.67 0.142731
0.675 0.164506
0.68 0.186896
0.685 0.209714
0.69 0.23278
0.695 0.255923
0.7 0.278985
0.705 0.301816
0.71 0.324282
0.715 0.346255
0.72 0.367622
0.725 0.388282
0.73 0.408141
0.735 0.427121
0.74 0.445151
0.745 0.462171
0.75 0.478132
0.755 0.492992
0.76 0.50672
0.765 0.519292
0.77 0.530691
0.775 0.540909
0.78 0.549943
0.785 0.557797
0.79 0.56448
0.795 0.570007
0.8 0.574396
0.805 0.577672
0.81 0.579859
0.815 0.580989
0.82 0.581095
0.825 0.580211
0.83 0.578375
0.835 0.575625
0.84 0.572004
0.845 0.567551
0.85 0.56231
0.855 0.556323
0.86 0.549634
0.865 0.542287
0.87 0.534325
0.875 0.525791
0.88 0.516727
0.885 0.507177
0.89 0.497182
0.895 0.486782
0.9 0.476018
0.905 0.464929
0.91 0.453552
0.915 0.441924
0.92 0.430081
0.925 0.418057
0.93 0.405886
0.935 0.393599
0.94 0.381227
0.945 0.3688
0.95 0.356345
0.955 0.343889
0.96 0.331457
0.965 0.319075
0.97 0.306763
0.975 0.294544
0.98 0.282439
0.985 0.270466
0.99 0.258644
0.995 0.246988
1 0.235515
1.005 0.224239
1.01 0.213174
1.015 0.202331
1.02 0.191723
1.025 0.181359
1.03 0.171249
1.035 0.161402
1.04 0.151825
1.045 0.142525
1.05 0.133509
1.055 0.12478
1.06 0.116345
1.065 0.108207
1.07 0.100368
1.075 0.0928317
1.08 0.0856
1.085 0.0786742
1.09 0.0720549
1.095 0.0657427
1.1 0.0597372
1.105 0.0540381
1.11 0.0486441
1.115 0.0435539
1.12 0.0387656
1.125 0.0342772
1.13 0.0300862
1.135 0.0261897
1.14 0.0225847
1.145 0.019268
1.15 0.0162359
1.155 0.0134846
1.16 0.0110103
1.165 0.00880864
1.17 0.00687538
1.175 0.00520602
1.18 0.00379593
1.185 0.00264037
1.19 0.00173449
1.195 0.00107333
1.2 0.000651882
1.205 0.000465028
1.21 0.000507613
1.215 0.000774428
1.22 0.00126023
1.225 0.00195973
1.23 0.00286764
1.235 0.00397864
1.24 0.00528744
1.245 0.0067887
1.25 0.00847714
1.255 0.0103475
1.26 0.0123944
1.265 0.0146128
1.27 0.0169973
1.275 0.0195429
1.28 0.0222444
1.285 0.0250967
1.29 0.0280948
1.295 0.0312338
1.3 0.0345088
1.305 0.0379148
1.31 0.0414472
1.315 0.0451011
1.32 0.048872
1.325 0.0527553
1.33 0.0567464
1.335 0.0608409
1.34 0.0650344
1.345 0.0693227
1.35 0.0737016
1.355 0.0781668
1.36 0.0827144
1.365 0.0873404
1.37 0.0920409
1.375 0.096812
1.38 0.10165
1.385 0.106551
1.39 0.111512
1.395 0.11653
1.4 0.121599
1.405 0.126719
1.41 0.131884
1.415 0.137093
1.42 0.142341
1.425 0.147626
1.43 0.152945
1.435 0.158295
1.44 0.163673
1.445 0.169076
1.45 0.174503
1.455 0.179949
1.46 0.185413
1.465 0.190892
1.47 0.196384
1.475 0.201887
1.48 0.207398
1.485 0.212915
1.49 0.218436
1.495 0.223958
1.5 0.229481
1.505 0.235002
1.51 0.240519
1.515 0.24603
1.52 0.251533
1.525 0.257028
1.53 0.262512
1.535 0.267983
1.54 0.273441
1.545 0.278883
1.55 0.284309
1.555 0.289716
1.56 0.295104
1.565 0.300471
1.57 0.305816
1.575 0.311138
1.58 0.316436
1.585 0.321708
1.59 0.326954
1.595 0.332173
1.6 0.337363
1.605 0.342524
1.61 0.347654
1.615 0.352754
1.62 0.357822
1.625 0.362857
1.63 0.367859
1.635 0.372826
1.64 0.377759
1.645 0.382657
1.65 0.387518
1.655 0.392343
1.66 0.397131
1.665 0.401881
1.67 0.406593
1.675 0.411267
1.68 0.415902
1.685 0.420497
1.69 0.425052
1.695 0.429567
1.7 0.434042
1.705 0.438476
1.71 0.442869
1.715 0.447221
1.72 0.451531
1.725 0.455799
1.73 0.460026
1.735 0.46421
1.74 0.468352
1.745 0.472452
1.75 0.476508
1.755 0.480523
1.76 0.484494
1.765 0.488423
1.77 0.492308
1.775 0.496151
1.78 0.499951
1.785 0.503707
1.79 0.507421
1.795 0.511092
1.8 0.514719
1.805 0.518304
1.81 0.521846
1.815 0.525345
1.82 0.528801
1.825 0.532215
1.83 0.535586
1.835 0.538914
1.84 0.542201
1.845 0.545444
1.85 0.548646
1.855 0.551806
1.86 0.554924
1.865 0.558
1.87 0.561035
1.875 0.564028
1.88 0.56698
1.885 0.569891
1.89 0.572761
1.895 0.575591
1.9 0.57838
1.905 0.581129
1.91 0.583837
1.915 0.586506
1.92 0.589136
1.925 0.591726
1.93 0.594277
1.935 0.596789
1.94 0.599262
1.945 0.601697
1.95 0.604093
1.955 0.606452
1.96 0.608773
1.965 0.611056
1.97 0.613303
1.975 0.615512
1.98 0.617684
1.985 0.619821
1.99 0.621921
1.995 0.623985
2 0.626013
2.005 0.628006
2.01 0.629964
2.015 0.631887
2.02 0.633776
2.025 0.63563
2.03 0.63745
2.035 0.639237
2.04 0.64099
2.045 0.64271
2.05 0.644397
2.055 0.646051
2.06 0.647673
2.065 0.649263
2.07 0.650821
2.075 0.652348
2.08 0.653843
2.085 0.655307
2.09 0.656741
2.095 0.658144
2.1 0.659517
2.105 0.660861
2.11 0.662174
2.115 0.663459
2.12 0.664714
2.125 0.665941
2.13 0.667139
2.135 0.668309
2.14 0.669451
2.145 0.670565
2.15 0.671652
2.155 0.672712
2.16 0.673745
2.165 0.674751
2.17 0.675731
2.175 0.676685
2.18 0.677614
2.185 0.678516
2.19 0.679394
2.195 0.680246
2.2 0.681074
2.205 0.681877
2.21 0.682656
2.215 0.683411
2.22 0.684142
2.225 0.68485
2.23 0.685535
2.235 0.686196
2.24 0.686835
2.245 0.687452
2.25 0.688046
2.255 0.688618
2.26 0.689168
2.265 0.689697
2.27 0.690205
2.275 0.690692
2.28 0.691157
2.285 0.691603
2.29 0.692028
2.295 0.692432
2.3 0.692817
2.305 0.693183
2.31 0.693528
2.315 0.693855
2.32 0.694163
2.325 0.694452
2.33 0.694722
2.335 0.694974
2.34 0.695208
2.345 0.695424
2.35 0.695622
2.355 0.695803
2.36 0.695967
2.365 0.696113
2.37 0.696243
2.375 0.696356
2.38 0.696453
2.385 0.696533
2.39 0.696597
2.395 0.696646
2.4 0.696678
2.405 0.696696
2.41 0.696697
2.415 0.696684
2.42 0.696656
2.425 0.696614
2.43 0.696556
2.435 0.696485
2.44 0.696399
2.445 0.696299
2.45 0.696185
2.455 0.696058
2.46 0.695917
2.465 0.695763
2.47 0.695596
2.475 0.695416
2.48 0.695223
2.485 0.695018
2.49 0.6948
2.495 0.694569
2.5 0.694327
2.505 0.694073
2.51 0.693807
2.515 0.693529
2.52 0.693239
2.525 0.692939
2.53 0.692627
2.535 0.692304
2.54 0.69197
2.545 0.691626
2.55 0.691271
2.555 0.690905
2.56 0.690529
2.565 0.690143
2.57 0.689747
2.575 0.689341
2.58 0.688925
2.585 0.6885
2.59 0.688065
2.595 0.687621
2.6 0.687167
2.605 0.686705
2.61 0.686233
2.615 0.685753
2.62 0.685264
2.625 0.684767
2.63 0.684261
2.635 0.683746
2.64 0.683224
2.645 0.682693
2.65 0.682154
2.655 0.681608
2.66 0.681054
2.665 0.680492
2.67 0.679923
2.675 0.679346
2.68 0.678762
2.685 0.678171
2.69 0.677573
2.695 0.676967
2.7 0.676355
2.705 0.675736
2.71 0.675111
2.715 0.674479
2.72 0.673841
2.725 0.673196
2.73 0.672545
2.735 0.671888
2.74 0.671225
2.745 0.670556
2.75 0.669881
2.755 0.6692
2.76 0.668514
2.765 0.667822
2.77 0.667125
2.775 0.666422
2.78 0.665714
2.785 0.665001
2.79 0.664282
2.795 0.663559
2.8 0.66283
2.805 0.662097
2.81 0.661359
2.815 0.660616
2.82 0.659869
2.825 0.659117
2.83 0.658361
2.835 0.6576
2.84 0.656835
2.845 0.656066
2.85 0.655293
2.855 0.654515
2.86 0.653734
2.865 0.652949
2.87 0.652159
2.875 0.651366
2.88 0.65057
2.885 0.649769
2.89 0.648966
2.895 0.648158
2.9 0.647347
2.905 0.646533
2.91 0.645716
2.915 0.644895
2.92 0.644071
2.925 0.643244
2.93 0.642414
2.935 0.641581
2.94 0.640745
2.945 0.639906
2.95 0.639065
2.955 0.63822
2.96 0.637373
2.965 0.636524
2.97 0.635671
2.975 0.634817
2.98 0.633959
2.985 0.6331
2.99 0.632238
2.995 0.631374
3 0.630507
3.005 0.629639
3.01 0.628768
3.015 0.627895
3.02 0.62702
3.025 0.626143
3.03 0.625264
3.035 0.624384
3.04 0.623501
3.045 0.622617
3.05 0.621731
3.055 0.620843
3.06 0.619954
3.065 0.619063
3.07 0.61817
3.075 0.617276
3.08 0.616381
3.085 0.615484
3.09 0.614585
3.095 0.613686
3.1 0.612785
3.105 0.611882
3.11 0.610979
3.115 0.610074
3.12 0.609169
3.125 0.608262
3.13 0.607354
3.135 0.606445
3.14 0.605535
3.145 0.604624
3.15 0.603712
3.155 0.6028
3.16 0.601886
3.165 0.600972
3.17 0.600057
3.175 0.599141
3.18 0.598224
3.185 0.597307
3.19 0.596389
3.195 0.595471
3.2 0.594552
3.205 0.593632
3.21 0.592712
3.215 0.591792
3.22 0.590871
3.225 0.589949
3.23 0.589028
3.235 0.588105
3.24 0.587183
3.245 0.58626
3.25 0.585337
3.255 0.584414
3.26 0.58349
3.265 0.582567
3.27 0.581643
3.275 0.580719
3.28 0.579795
3.285 0.578871
3.29 0.577946
3.295 0.577022
3.3 0.576098
3.305 0.575174
3.31 0.574249
3.315 0.573325
3.32 0.572401
3.325 0.571477
3.33 0.570553
3.335 0.56963
3.34 0.568706
3.345 0.567783
3.35 0.56686
3.355 0.565937
3.36 0.565014
3.365 0.564092
3.37 0.56317
3.375 0.562248
3.38 0.561327
3.385 0.560406
3.39 0.559485
3.395 0.558565
3.4 0.557645
3.405 0.556726
3.41 0.555807
3.415 0.554889
3.42 0.553971
3.425 0.553054
3.43 0.552137
3.435 0.55122
3.44 0.550305
3.445 0.549389
3.45 0.548475
3.455 0.547561
3.46 0.546647
3.465 0.545735
3.47 0.544823
3.475 0.543911
3.48 0.543
3.485 0.54209
3.49 0.541181
3.495 0.540272
3.5 0.539365
3.505 0.538457
3.51 0.537551
3.515 0.536646
3.52 0.535741
3.525 0.534837
3.53 0.533934
3.535 0.533031
3.54 0.53213
3.545 0.531229
3.55 0.53033
3.555 0.529431
3.56 0.528533
3.565 0.527636
3.57 0.52674
3.575 0.525844
3.58 0.52495
3.585 0.524057
3.59 0.523164
3.595 0.522273
3.6 0.521383
3.605 0.520493
3.61 0.519605
3.615 0.518717
3.62 0.517831
3.625 0.516945
3.63 0.516061
3.635 0.515178
3.64 0.514296
3.645 0.513414
3.65 0.512534
3.655 0.511655
3.66 0.510777
3.665 0.5099
3.67 0.509025
3.675 0.50815
3.68 0.507276
3.685 0.506404
3.69 0.505533
3.695 0.504663
3.7 0.503794
3.705 0.502926
3.71 0.502059
3.715 0.501194
3.72 0.500329
3.725 0.499466
3.73 0.498604
3.735 0.497743
3.74 0.496884
3.745 0.496026
3.75 0.495168
3.755 0.494313
3.76 0.493458
3.765 0.492604
3.77 0.491752
3.775 0.490901
3.78 0.490051
3.785 0.489203
3.79 0.488356
3.795 0.48751
3.8 0.486665
3.805 0.485822
3.81 0.48498
3.815 0.484139
3.82 0.483299
3.825 0.482461
3.83 0.481624
3.835 0.480788
3.84 0.479954
3.845 0.479121
3.85 0.478289
3.855 0.477458
3.86 0.476629
3.865 0.475801
3.87 0.474975
3.875 0.47415
3.88 0.473326
3.885 0.472503
3.89 0.471682
3.895 0.470862
3.9 0.470044
3.905 0.469227
3.91 0.468411
3.915 0.467597
3.92 0.466784
3.925 0.465972
3.93 0.465161
3.935 0.464352
3.94 0.463545
3.945 0.462739
3.95 0.461934
3.955 0.46113
3.96 0.460328
3.965 0.459527
3.97 0.458728
3.975 0.45793
3.98 0.457133
3.985 0.456338
3.99 0.455544
3.995 0.454752
4 0.453961
4.005 0.453171
4.01 0.452383
4.015 0.451596
4.02 0.45081
4.025 0.450026
4.03 0.449243
4.035 0.448462
4.04 0.447682
4.045 0.446904
4.05 0.446127
4.055 0.445351
4.06 0.444577
4.065 0.443804
4.07 0.443032
4.075 0.442262
4.08 0.441493
4.085 0.440726
4.09 0.43996
4.095 0.439196
4.1 0.438433
4.105 0.437671
4.11 0.436911
4.115 0.436152
4.12 0.435395
4.125 0.434639
4.13 0.433884
4.135 0.433131
4.14 0.432379
4.145 0.431629
4.15 0.43088
4.155 0.430132
4.16 0.429386
4.165 0.428642
4.17 0.427898
4.175 0.427156
4.18 0.426416
4.185 0.425677
4.19 0.424939
4.195 0.424203
4.2 0.423468
4.205 0.422735
4.21 0.422003
4.215 0.421272
4.22 0.420543
4.225 0.419815
4.23 0.419089
4.235 0.418364
4.24 0.417641
4.245 0.416918
4.25 0.416198
4.255 0.415478
4.26 0.414761
4.265 0.414044
4.27 0.413329
4.275 0.412615
4.28 0.411903
4.285 0.411192
4.29 0.410482
4.295 0.409774
4.3 0.409068
4.305 0.408362
4.31 0.407658
4.315 0.406956
4.32 0.406255
4.325 0.405555
4.33 0.404857
4.335 0.40416
4.34 0.403464
4.345 0.40277
4.35 0.402077
4.355 0.401386
4.36 0.400696
4.365 0.400007
4.37 0.39932
4.375 0.398634
4.38 0.39795
4.385 0.397266
4.39 0.396585
4.395 0.395904
4.4 0.395225
4.405 0.394548
4.41 0.393871
4.415 0.393197
4.42 0.392523
4.425 0.391851
4.43 0.39118
4.435 0.390511
4.44 0.389843
4.445 0.389176
4.45 0.388511
4.455 0.387847
4.46 0.387184
4.465 0.386523
4.47 0.385863
4.475 0.385204
4.48 0.384547
4.485 0.383891
4.49 0.383237
4.495 0.382583
4.5 0.381932
4.505 0.381281
4.51 0.380632
4.515 0.379984
4.52 0.379338
4.525 0.378692
4.53 0.378048
4.535 0.377406
4.54 0.376765
4.545 0.376125
4.55 0.375486
4.555 0.374849
4.56 0.374213
4.565 0.373579
4.57 0.372945
4.575 0.372314
4.58 0.371683
4.585 0.371054
4.59 0.370426
4.595 0.369799
4.6 0.369173
4.605 0.368549
4.61 0.367926
4.615 0.367305
4.62 0.366685
4.625 0.366066
4.63 0.365448
4.635 0.364832
4.64 0.364217
4.645 0.363603
4.65 0.36299
4.655 0.362379
4.66 0.361769
4.665 0.361161
4.67 0.360553
4.675 0.359947
4.68 0.359342
4.685 0.358739
4.69 0.358136
4.695 0.357535
4.7 0.356936
4.705 0.356337
4.71 0.35574
4.715 0.355144
4.72 0.354549
4.725 0.353956
4.73 0.353363
4.735 0.352772
4.74 0.352183
4.745 0.351594
4.75 0.351007
4.755 0.350421
4.76 0.349836
4.765 0.349252
4.77 0.34867
4.775 0.348089
4.78 0.347509
4.785 0.34693
4.79 0.346353
4.795 0.345777
4.8 0.345202
4.805 0.344628
4.81 0.344055
4.815 0.343484
4.82 0.342914
4.825 0.342345
4.83 0.341777
4.835 0.34121
4.84 0.340645
4.845 0.340081
4.85 0.339518
4.855 0.338956
4.86 0.338395
4.865 0.337836
4.87 0.337278
4.875 0.336721
4.88 0.336165
4.885 0.33561
4.89 0.335057
4.895 0.334504
4.9 0.333953
4.905 0.333403
4.91 0.332854
4.915 0.332307
4.92 0.33176
4.925 0.331215
4.93 0.330671
4.935 0.330128
4.94 0.329586
4.945 0.329045
4.95 0.328506
4.955 0.327967
4.96 0.32743
4.965 0.326894
4.97 0.326359
4.975 0.325825
4.98 0.325292
4.985 0.32476
4.99 0.32423
4.995 0.323701
5 0.323172
5.005 0.322645
5.01 0.322119
5.015 0.321594
5.02 0.321071
5.025 0.320548
5.03 0.320026
5.035 0.319506
5.04 0.318987
5.045 0.318469
5.05 0.317951
5.055 0.317435
5.06 0.31692
5.065 0.316407
5.07 0.315894
5.075 0.315382
5.08 0.314872
5.085 0.314362
5.09 0.313854
5.095 0.313347
5.1 0.31284
5.105 0.312335
5.11 0.311831
5.115 0.311328
5.12 0.310826
5.125 0.310325
5.13 0.309825
5.135 0.309327
5.14 0.308829
5.145 0.308332
5.15 0.307837
5.155 0.307342
5.16 0.306849
5.165 0.306356
5.17 0.305865
5.175 0.305374
5.18 0.304885
5.185 0.304397
5.19 0.30391
5.195 0.303423
5.2 0.302938
5.205 0.302454
5.21 0.301971
5.215 0.301489
5.22 0.301008
5.225 0.300528
5.23 0.300049
5.235 0.299571
5.24 0.299094
5.245 0.298618
5.25 0.298143
5.255 0.297669
5.26 0.297196
5.265 0.296724
5.27 0.296253
5.275 0.295783
5.28 0.295314
5.285 0.294846
5.29 0.294379
5.295 0.293913
5.3 0.293448
5.305 0.292984
5.31 0.292521
5.315 0.292059
5.32 0.291598
5.325 0.291137
5.33 0.290678
5.335 0.29022
5.34 0.289763
5.345 0.289307
5.35 0.288851
5.355 0.288397
5.36 0.287944
5.365 0.287491
5.37 0.28704
5.375 0.286589
5.38 0.28614
5.385 0.285691
5.39 0.285243
5.395 0.284797
5.4 0.284351
5.405 0.283906
5.41 0.283462
5.415 0.283019
5.42 0.282577
5.425 0.282136
5.43 0.281696
5.435 0.281257
5.44 0.280818
5.445 0.280381
5.45 0.279945
5.455 0.279509
5.46 0.279074
5.465 0.278641
5.47 0.278208
5.475 0.277776
5.48 0.277345
5.485 0.276915
5.49 0.276486
5.495 0.276057
5.5 0.27563
5.505 0.275204
5.51 0.274778
5.515 0.274353
5.52 0.273929
5.525 0.273506
5.53 0.273084
5.535 0.272663
5.54 0.272243
5.545 0.271824
5.55 0.271405
5.555 0.270987
5.56 0.270571
5.565 0.270155
5.57 0.26974
5.575 0.269326
5.58 0.268912
5.585 0.2685
5.59 0.268088
5.595 0.267678
5.6 0.267268
5.605 0.266859
5.61 0.266451
5.615 0.266043
5.62 0.265637
5.625 0.265231
5.63 0.264827
5.635 0.264423
5.64 0.26402
5.645 0.263618
5.65 0.263216
5.655 0.262816
5.66 0.262416
5.665 0.262017
5.67 0.261619
5.675 0.261222
5.68 0.260825
5.685 0.26043
5.69 0.260035
5.695 0.259641
5.7 0.259248
5.705 0.258856
5.71 0.258464
5.715 0.258074
5.72 0.257684
5.725 0.257295
5.73 0.256906
5.735 0.256519
5.74 0.256132
5.745 0.255746
5.75 0.255361
5.755 0.254977
5.76 0.254594
5.765 0.254211
5.77 0.253829
5.775 0.253448
5.78 0.253068
5.785 0.252688
5.79 0.25231
5.795 0.251932
5.8 0.251555
5.805 0.251178
5.81 0.250803
5.815 0.250428
5.82 0.250054
5.825 0.24968
5.83 0.249308
5.835 0.248936
5.84 0.248565
5.845 0.248195
5.85 0.247825
5.855 0.247457
5.86 0.247089
5.865 0.246722
5.87 0.246355
5.875 0.245989
5.88 0.245625
5.885 0.24526
5.89 0.244897
5.895 0.244534
5.9 0.244172
5.905 0.243811
5.91 0.243451
5.915 0.243091
5.92 0.242732
5.925 0.242374
5.93 0.242016
5.935 0.241659
5.94 0.241303
5.945 0.240948
5.95 0.240593
5.955 0.240239
5.96 0.239886
5.965 0.239534
5.97 0.239182
5.975 0.238831
5.98 0.238481
5.985 0.238131
5.99 0.237782
5.995 0.237434
6 0.237086
6.005 0.23674
6.01 0.236394
6.015 0.236048
6.02 0.235704
6.025 0.23536
6.03 0.235016
6.035 0.234674
6.04 0.234332
6.045 0.233991
6.05 0.23365
6.055 0.233311
6.06 0.232972
6.065 0.232633
6.07 0.232295
6.075 0.231958
6.08 0.231622
6.085 0.231286
6.09 0.230951
6.095 0.230617
6.1 0.230283
6.105 0.22995
6.11 0.229618
6.115 0.229286
6.12 0.228955
6.125 0.228625
6.13 0.228296
6.135 0.227967
6.14 0.227638
6.145 0.227311
6.15 0.226984
6.155 0.226657
6.16 0.226332
6.165 0.226007
6.17 0.225682
6.175 0.225358
6.18 0.225035
6.185 0.224713
6.19 0.224391
6.195 0.22407
6.2 0.22375
6.205 0.22343
6.21 0.22311
6.215 0.222792
6.22 0.222474
6.225 0.222157
6.23 0.22184
6.235 0.221524
6.24 0.221209
6.245 0.220894
6.25 0.22058
6.255 0.220266
6.26 0.219953
6.265 0.219641
6.27 0.219329
6.275 0.219018
6.28 0.218708
6.285 0.218398
6.29 0.218089
6.295 0.21778
6.3 0.217472
6.305 0.217165
6.31 0.216858
6.315 0.216552
6.32 0.216247
6.325 0.215942
6.33 0.215637
6.335 0.215334
6.34 0.215031
6.345 0.214728
6.35 0.214426
6.355 0.214125
6.36 0.213824
6.365 0.213524
6.37 0.213225
6.375 0.212926
6.38 0.212627
6.385 0.21233
6.39 0.212032
6.395 0.211736
6.4 0.21144
6.405 0.211144
6.41 0.21085
6.415 0.210555
6.42 0.210262
6.425 0.209968
6.43 0.209676
6.435 0.209384
6.44 0.209093
6.445 0.208802
6.45 0.208512
6.455 0.208222
6.46 0.207933
6.465 0.207644
6.47 0.207356
6.475 0.207069
6.48 0.206782
6.485 0.206496
6.49 0.20621
6.495 0.205925
6.5 0.20564
6.505 0.205356
6.51 0.205073
6.515 0.20479
6.52 0.204507
6.525 0.204226
6.53 0.203944
6.535 0.203663
6.54 0.203383
6.545 0.203104
6.55 0.202825
6.555 0.202546
6.56 0.202268
6.565 0.20199
6.57 0.201713
6.575 0.201437
6.58 0.201161
6.585 0.200886
6.59 0.200611
6.595 0.200337
6.6 0.200063
6.605 0.19979
6.61 0.199517
6.615 0.199245
6.62 0.198973
6.625 0.198702
6.63 0.198432
6.635 0.198162
6.64 0.197892
6.645 0.197623
6.65 0.197354
6.655 0.197086
6.66 0.196819
6.665 0.196552
6.67 0.196286
6.675 0.19602
6.68 0.195754
6.685 0.195489
6.69 0.195225
6.695 0.194961
6.7 0.194698
6.705 0.194435
6.71 0.194172
6.715 0.19391
6.72 0.193649
6.725 0.193388
6.73 0.193128
6.735 0.192868
6.74 0.192608
6.745 0.19235
6.75 0.192091
6.755 0.191833
6.76 0.191576
6.765 0.191319
6.77 0.191063
6.775 0.190807
6.78 0.190551
6.785 0.190296
6.79 0.190042
6.795 0.189788
6.8 0.189534
6.805 0.189281
6.81 0.189029
6.815 0.188776
6.82 0.188525
6.825 0.188274
6.83 0.188023
6.835 0.187773
6.84 0.187523
6.845 0.187274
6.85 0.187025
6.855 0.186777
6.86 0.186529
6.865 0.186282
6.87 0.186035
6.875 0.185789
6.88 0.185543
6.885 0.185297
6.89 0.185052
6.895 0.184808
6.9 0.184563
6.905 0.18432
6.91 0.184077
6.915 0.183834
6.92 0.183592
6.925 0.18335
6.93 0.183108
6.935 0.182868
6.94 0.182627
6.945 0.182387
6.95 0.182148
6.955 0.181908
6.96 0.18167
6.965 0.181432
6.97 0.181194
6.975 0.180956
6.98 0.18072
6.985 0.180483
6.99 0.180247
6.995 0.180012
7 0.179777
7.005 0.179542
7.01 0.179308
7.015 0.179074
7.02 0.17884
7.025 0.178608
7.03 0.178375
7.035 0.178143
7.04 0.177911
7.045 0.17768
7.05 0.177449
7.055 0.177219
7.06 0.176989
7.065 0.17676
7.07 0.176531
7.075 0.176302
7.08 0.176074
7.085 0.175846
7.09 0.175619
7.095 0.175392
7.1 0.175165
7.105 0.174939
7.11 0.174713
7.115 0.174488
7.12 0.174263
7.125 0.174039
7.13 0.173815
7.135 0.173591
7.14 0.173368
7.145 0.173145
7.15 0.172923
7.155 0.172701
7.16 0.172479
7.165 0.172258
7.17 0.172037
7.175 0.171817
7.18 0.171597
7.185 0.171377
7.19 0.171158
7.195 0.170939
7.2 0.170721
7.205 0.170503
7.21 0.170286
7.215 0.170068
7.22 0.169852
7.225 0.169635
7.23 0.169419
7.235 0.169204
7.24 0.168989
7.245 0.168774
7.25 0.16856
7.255 0.168346
7.26 0.168132
7.265 0.167919
7.27 0.167706
7.275 0.167493
7.28 0.167281
7.285 0.16707
7.29 0.166858
7.295 0.166648
7.3 0.166437
7.305 0.166227
7.31 0.166017
7.315 0.165808
7.32 0.165599
7.325 0.16539
7.33 0.165182
7.335 0.164974
7.34 0.164767
7.345 0.164559
7.35 0.164353
7.355 0.164146
7.36 0.16394
7.365 0.163735
7.37 0.163529
7.375 0.163325
7.38 0.16312
7.385 0.162916
7.39 0.162712
7.395 0.162509
7.4 0.162306
7.405 0.162103
7.41 0.161901
7.415 0.161699
7.42 0.161497
7.425 0.161296
7.43 0.161095
7.435 0.160894
7.44 0.160694
7.445 0.160495
7.45 0.160295
7.455 0.160096
7.46 0.159897
7.465 0.159699
7.47 0.159501
7.475 0.159303
7.48 0.159106
7.485 0.158909
7.49 0.158712
7.495 0.158516
7.5 0.15832
7.505 0.158125
7.51 0.157929
7.515 0.157735
7.52 0.15754
7.525 0.157346
7.53 0.157152
7.535 0.156959
7.54 0.156765
7.545 0.156573
7.55 0.15638
7.555 0.156188
7.56 0.155996
7.565 0.155805
7.57 0.155614
7.575 0.155423
7.58 0.155233
7.585 0.155043
7.59 0.154853
7.595 0.154663
7.6 0.154474
7.605 0.154286
7.61 0.154097
7.615 0.153909
7.62 0.153721
7.625 0.153534
7.63 0.153347
7.635 0.15316
7.64 0.152974
7.645 0.152787
7.65 0.152602
7.655 0.152416
7.66 0.152231
7.665 0.152046
7.67 0.151862
7.675 0.151678
7.68 0.151494
7.685 0.15131
7.69 0.151127
7.695 0.150944
7.7 0.150762
7.705 0.150579
7.71 0.150397
7.715 0.150216
7.72 0.150035
7.725 0.149854
7.73 0.149673
7.735 0.149493
7.74 0.149313
7.745 0.149133
7.75 0.148954
7.755 0.148774
7.76 0.148596
7.765 0.148417
7.77 0.148239
7.775 0.148061
7.78 0.147884
7.785 0.147706
7.79 0.147529
7.795 0.147353
7.8 0.147177
7.805 0.147001
7.81 0.146825
7.815 0.146649
7.82 0.146474
7.825 0.1463
7.83 0.146125
7.835 0.145951
7.84 0.145777
7.845 0.145603
7.85 0.14543
7.855 0.145257
7.86 0.145084
7.865 0.144912
7.87 0.14474
7.875 0.144568
7.88 0.144397
7.885 0.144225
7.89 0.144054
7.895 0.143884
7.9 0.143713
7.905 0.143543
7.91 0.143374
7.915 0.143204
7.92 0.143035
7.925 0.142866
7.93 0.142698
7.935 0.142529
7.94 0.142361
7.945 0.142193
7.95 0.142026
7.955 0.141859
7.96 0.141692
7.965 0.141525
7.97 0.141359
7.975 0.141193
7.98 0.141027
7.985 0.140862
7.99 0.140697
7.995 0.140532
8 0.140367
8.005 0.140203
8.01 0.140039
8.015 0.139875
8.02 0.139711
8.025 0.139548
8.03 0.139385
8.035 0.139223
8.04 0.13906
8.045 0.138898
8.05 0.138736
8.055 0.138575
8.06 0.138413
8.065 0.138252
8.07 0.138091
8.075 0.137931
8.08 0.137771
8.085 0.137611
8.09 0.137451
8.095 0.137292
8.1 0.137133
8.105 0.136974
8.11 0.136815
8.115 0.136657
8.12 0.136499
8.125 0.136341
8.13 0.136183
8.135 0.136026
8.14 0.135869
8.145 0.135712
8.15 0.135556
8.155 0.135399
8.16 0.135243
8.165 0.135088
8.17 0.134932
8.175 0.134777
8.18 0.134622
8.185 0.134468
8.19 0.134313
8.195 0.134159
8.2 0.134005
8.205 0.133851
8.21 0.133698
8.215 0.133545
8.22 0.133392
8.225 0.133239
8.23 0.133087
8.235 0.132935
8.24 0.132783
8.245 0.132631
8.25 0.13248
8.255 0.132329
8.26 0.132178
8.265 0.132027
8.27 0.131877
8.275 0.131727
8.28 0.131577
8.285 0.131427
8.29 0.131278
8.295 0.131129
8.3 0.13098
8.305 0.130831
8.31 0.130683
8.315 0.130535
8.32 0.130387
8.325 0.130239
8.33 0.130092
8.335 0.129945
8.34 0.129798
8.345 0.129651
8.35 0.129505
8.355 0.129358
8.36 0.129213
8.365 0.129067
8.37 0.128921
8.375 0.128776
8.38 0.128631
8.385 0.128486
8.39 0.128342
8.395 0.128197
8.4 0.128053
8.405 0.12791
8.41 0.127766
8.415 0.127623
8.42 0.127479
8.425 0.127337
8.43 0.127194
8.435 0.127051
8.44 0.126909
8.445 0.126767
8.45 0.126626
8.455 0.126484
8.46 0.126343
8.465 0.126202
8.47 0.126061
8.475 0.12592
8.48 0.12578
8.485 0.12564
8.49 0.1255
8.495 0.12536
8.5 0.125221
8.505 0.125082
8.51 0.124943
8.515 0.124804
8.52 0.124665
8.525 0.124527
8.53 0.124389
8.535 0.124251
8.54 0.124113
8.545 0.123976
8.55 0.123839
8.555 0.123702
8.56 0.123565
8.565 0.123428
8.57 0.123292
8.575 0.123156
8.58 0.12302
8.585 0.122884
8.59 0.122749
8.595 0.122614
8.6 0.122479
8.605 0.122344
8.61 0.122209
8.615 0.122075
8.62 0.121941
8.625 0.121807
8.63 0.121673
8.635 0.12154
8.64 0.121406
8.645 0.121273
8.65 0.12114
8.655 0.121008
8.66 0.120875
8.665 0.120743
8.67 0.120611
8.675 0.120479
8.68 0.120348
8.685 0.120216
8.69 0.120085
8.695 0.119954
8.7 0.119823
8.705 0.119693
8.71 0.119562
8.715 0.119432
8.72 0.119302
8.725 0.119173
8.73 0.119043
8.735 0.118914
8.74 0.118785
8.745 0.118656
8.75 0.118527
8.755 0.118398
8.76 0.11827
8.765 0.118142
8.77 0.118014
8.775 0.117886
8.78 0.117759
8.785 0.117632
8.79 0.117505
8.795 0.117378
8.8 0.117251
8.805 0.117124
8.81 0.116998
8.815 0.116872
8.82 0.116746
8.825 0.11662
8.83 0.116495
8.835 0.11637
8.84 0.116245
8.845 0.11612
8.85 0.115995
8.855 0.11587
8.86 0.115746
8.865 0.115622
8.87 0.115498
8.875 0.115374
8.88 0.115251
8.885 0.115127
8.89 0.115004
8.895 0.114881
8.9 0.114758
8.905 0.114636
8.91 0.114514
8.915 0.114391
8.92 0.114269
8.925 0.114147
8.93 0.114026
8.935 0.113904
8.94 0.113783
8.945 0.113662
8.95 0.113541
8.955 0.113421
8.96 0.1133
8.965 0.11318
8.97 0.11306
8.975 0.11294
8.98 0.11282
8.985 0.1127
8.99 0.112581
8.995 0.112462
9 0.112343
9.005 0.112224
9.01 0.112105
9.015 0.111987
9.02 0.111868
9.025 0.11175
9.03 0.111632
9.035 0.111515
9.04 0.111397
9.045 0.11128
9.05 0.111163
9.055 0.111046
9.06 0.110929
9.065 0.110812
9.07 0.110696
9.075 0.110579
9.08 0.110463
9.085 0.110347
9.09 0.110231
9.095 0.110116
9.1 0.110001
9.105 0.109885
9.11 0.10977
9.115 0.109655
9.12 0.109541
9.125 0.109426
9.13 0.109312
9.135 0.109198
9.14 0.109084
9.145 0.10897
9.15 0.108856
9.155 0.108743
9.16 0.108629
9.165 0.108516
9.17 0.108403
9.175 0.10829
9.18 0.108178
9.185 0.108065
9.19 0.107953
9.195 0.107841
9.2 0.107729
9.205 0.107617
9.21 0.107506
9.215 0.107394
9.22 0.107283
9.225 0.107172
9.23 0.107061
9.235 0.10695
9.24 0.10684
9.245 0.106729
9.25 0.106619
9.255 0.106509
9.26 0.106399
9.265 0.106289
9.27 0.10618
9.275 0.10607
9.28 0.105961
9.285 0.105852
9.29 0.105743
9.295 0.105634
9.3 0.105526
9.305 0.105417
9.31 0.105309
9.315 0.105201
9.32 0.105093
9.325 0.104985
9.33 0.104878
9.335 0.10477
9.34 0.104663
9.345 0.104556
9.35 0.104449
9.355 0.104342
9.36 0.104235
9.365 0.104129
9.37 0.104022
9.375 0.103916
9.38 0.10381
9.385 0.103704
9.39 0.103599
9.395 0.103493
9.4 0.103388
9.405 0.103282
9.41 0.103177
9.415 0.103073
9.42 0.102968
9.425 0.102863
9.43 0.102759
9.435 0.102654
9.44 0.10255
9.445 0.102446
9.45 0.102342
9.455 0.102239
9.46 0.102135
9.465 0.102032
9.47 0.101929
9.475 0.101826
9.48 0.101723
9.485 0.10162
9.49 0.101517
9.495 0.101415
9.5 0.101313
9.505 0.10121
9.51 0.101108
9.515 0.101007
9.52 0.100905
9.525 0.100803
9.53 0.100702
9.535 0.100601
9.54 0.1005
9.545 0.100399
9.55 0.100298
9.555 0.100197
9.56 0.100097
9.565 0.0999964
9.57 0.0998962
9.575 0.0997962
9.58 0.0996962
9.585 0.0995965
9.59 0.0994969
9.595 0.0993974
9.6 0.0992981
9.605 0.0991989
9.61 0.0990998
9.615 0.0990009
9.62 0.0989022
9.625 0.0988036
9.63 0.0987051
9.635 0.0986068
9.64 0.0985087
9.645 0.0984106
9.65 0.0983127
9.655 0.098215
9.66 0.0981174
9.665 0.09802
9.67 0.0979226
9.675 0.0978255
9.68 0.0977284
9.685 0.0976315
9.69 0.0975348
9.695 0.0974382
9.7 0.0973417
9.705 0.0972454
9.71 0.0971492
9.715 0.0970532
9.72 0.0969573
9.725 0.0968615
9.73 0.0967659
9.735 0.0966704
9.74 0.096575
9.745 0.0964798
9.75 0.0963847
9.755 0.0962898
9.76 0.096195
9.765 0.0961003
9.77 0.0960058
9.775 0.0959114
9.78 0.0958171
9.785 0.095723
9.79 0.095629
9.795 0.0955352
9.8 0.0954415
9.805 0.0953479
9.81 0.0952544
9.815 0.0951611
9.82 0.095068
9.825 0.0949749
9.83 0.094882
9.835 0.0947892
9.84 0.0946966
9.845 0.0946041
9.85 0.0945117
9.855 0.0944195
9.86 0.0943274
9.865 0.0942354
9.87 0.0941435
9.875 0.0940518
9.88 0.0939602
9.885 0.0938688
9.89 0.0937775
9.895 0.0936863
9.9 0.0935952
9.905 0.0935043
9.91 0.0934135
9.915 0.0933228
9.92 0.0932323
9.925 0.0931418
9.93 0.0930516
9.935 0.0929614
9.94 0.0928714
9.945 0.0927815
9.95 0.0926917
9.955 0.0926021
9.96 0.0925125
9.965 0.0924231
9.97 0.0923339
9.975 0.0922448
9.98 0.0921557
9.985 0.0920669
9.99 0.0919781
9.995 0.0918895
