0 -nan
0.005 0.833416
0.01 0.224523
0.015 0.923212
0.02 0.529957
0.025 0.408883
0.03 0.00965099
0.035 0.20314
0.04 0.263037
0.045 0.203567
0.05 0.148366
0.055 0.138147
0.06 0.165659
0.065 0.212898
0.07 0.265261
0.075 0.313974
0.08 0.354851
0.085 0.386588
0.09 0.409446
0.095 0.424418
0.1 0.432751
0.105 0.435692
0.11 0.434374
0.115 0.429771
0.12 0.422691
0.125 0.413793
0.13 0.403605
0.135 0.392542
0.14 0.38093
0.145 0.369021
0.15 0.357009
0.155 0.345041
0.16 0.333224
0.165 0.321642
0.17 0.31035
0.175 0.29939
0.18 0.288788
0.185 0.27856
0.19 0.268713
0.195 0.25925
0.2 0.250167
0.205 0.241458
0.21 0.233113
0.215 0.225123
0.22 0.217474
0.225 0.210155
0.23 0.203153
0.235 0.196454
0.24 0.190044
0.245 0.183911
0.25 0.178043
0.255 0.172425
0.26 0.167048
0.265 0.161898
0.27 0.156966
0.275 0.152239
0.28 0.147709
0.285 0.143366
0.29 0.1392
0.295 0.135203
0.3 0.131366
0.305 0.127682
0.31 0.124144
0.315 0.120743
0.32 0.117475
0.325 0.114331
0.33 0.111307
0.335 0.108397
0.34 0.105595
0.345 0.102896
0.35 0.100296
0.355 0.0977901
0.36 0.0953738
0.365 0.0930432
0.37 0.0907944
0.375 0.0886238
0.38 0.086528
0.385 0.0845036
0.39 0.0825476
0.395 0.080657
0.4 0.078829
0.405 0.077061
0.41 0.0753505
0.415 0.073695
0.42 0.0720923
0.425 0.0705402
0.43 0.0690367
0.435 0.0675798
0.44 0.0661676
0.445 0.0647984
0.45 0.0634705
0.455 0.0621822
0.46 0.0609322
0.465 0.0597187
0.47 0.0585406
0.475 0.0573965
0.48 0.056285
0.485 0.055205
0.49 0.0541554
0.495 0.053135
0.5 0.0521427
0.505 0.0511776
0.51 0.0502386
0.515 0.049325
0.52 0.0484357
0.525 0.0475699
0.53 0.0467268
0.535 0.0459057
0.54 0.0451058
0.545 0.0443264
0.55 0.0435668
0.555 0.0428263
0.56 0.0421043
0.565 0.0414003
0.57 0.0407135
0.575 0.0400436
0.58 0.0393898
0.585 0.0387518
0.59 0.038129
0.595 0.037521
0.6 0.0369273
0.605 0.0363474
0.61 0.0357809
0.615 0.0352275
0.62 0.0346867
0.625 0.0341582
0.63 0.0336415
0.635 0.0331364
0.64 0.0326424
0.645 0.0321594
0.65 0.0316869
0.655 0.0312247
0.66 0.0307724
0.665 0.0303298
0.67 0.0298966
0.675 0.0294726
0.68 0.0290575
0.685 0.028651
0.69 0.0282529
0.695 0.027863
0.7 0.0274811
0.705 0.0271069
0.71 0.0267403
0.715 0.026381
0.72 0.0260288
0.725 0.0256836
0.73 0.0253452
0.735 0.0250134
0.74 0.024688
0.745 0.0243689
0.75 0.024056
0.755 0.0237489
0.76 0.0234477
0.765 0.0231522
0.77 0.0228621
0.775 0.0225775
0.78 0.0222981
0.785 0.0220238
0.79 0.0217546
0.795 0.0214902
0.8 0.0212306
0.805 0.0209756
0.81 0.0207252
0.815 0.0204792
0.82 0.0202376
0.825 0.0200001
0.83 0.0197669
0.835 0.0195376
0.84 0.0193123
0.845 0.0190909
0.85 0.0188732
0.855 0.0186593
0.86 0.0184489
0.865 0.018242
0.87 0.0180386
0.875 0.0178386
0.88 0.0176418
0.885 0.0174483
0.89 0.0172579
0.895 0.0170707
0.9 0.0168864
0.905 0.0167051
0.91 0.0165267
0.915 0.0163511
0.92 0.0161783
0.925 0.0160082
0.93 0.0158408
0.935 0.015676
0.94 0.0155137
0.945 0.0153539
0.95 0.0151966
0.955 0.0150416
0.96 0.0148891
0.965 0.0147388
0.97 0.0145907
0.975 0.0144449
0.98 0.0143013
0.985 0.0141598
0.99 0.0140203
0.995 0.0138829
1 0.0137475
1.005 0.0136141
1.01 0.0134826
1.015 0.013353
1.02 0.0132253
1.025 0.0130993
1.03 0.0129752
1.035 0.0128528
1.04 0.0127321
1.045 0.0126131
1.05 0.0124958
1.055 0.0123801
1.06 0.0122659
1.065 0.0121534
1.07 0.0120424
1.075 0.0119329
1.08 0.0118249
1.085 0.0117183
1.09 0.0116132
1.095 0.0115094
1.1 0.0114071
1.105 0.0113061
1.11 0.0112064
1.115 0.0111081
1.12 0.011011
1.125 0.0109152
1.13 0.0108207
1.135 0.0107273
1.14 0.0106352
1.145 0.0105442
1.15 0.0104544
1.155 0.0103658
1.16 0.0102782
1.165 0.0101918
1.17 0.0101064
1.175 0.0100221
1.18 0.00993891
1.185 0.00985669
1.19 0.0097755
1.195 0.0096953
1.2 0.00961608
1.205 0.00953782
1.21 0.00946052
1.215 0.00938415
1.22 0.00930869
1.225 0.00923415
1.23 0.00916049
1.235 0.00908771
1.24 0.00901579
1.245 0.00894472
1.25 0.00887449
1.255 0.00880507
1.26 0.00873647
1.265 0.00866867
1.27 0.00860164
1.275 0.0085354
1.28 0.00846991
1.285 0.00840517
1.29 0.00834117
1.295 0.0082779
1.3 0.00821534
1.305 0.00815349
1.31 0.00809234
1.315 0.00803186
1.32 0.00797207
1.325 0.00791293
1.33 0.00785445
1.335 0.00779662
1.34 0.00773942
1.345 0.00768284
1.35 0.00762689
1.355 0.00757154
1.36 0.00751679
1.365 0.00746263
1.37 0.00740906
1.375 0.00735605
1.38 0.00730362
1.385 0.00725174
1.39 0.00720041
1.395 0.00714963
1.4 0.00709937
1.405 0.00704965
1.41 0.00700045
1.415 0.00695175
1.42 0.00690357
1.425 0.00685588
1.43 0.00680868
1.435 0.00676197
1.44 0.00671574
1.445 0.00666998
1.45 0.00662468
1.455 0.00657984
1.46 0.00653546
1.465 0.00649153
1.47 0.00644803
1.475 0.00640497
1.48 0.00636234
1.485 0.00632013
1.49 0.00627834
1.495 0.00623696
1.5 0.00619599
1.505 0.00615543
1.51 0.00611526
1.515 0.00607548
1.52 0.00603608
1.525 0.00599707
1.53 0.00595843
1.535 0.00592017
1.54 0.00588227
1.545 0.00584474
1.55 0.00580756
1.555 0.00577074
1.56 0.00573426
1.565 0.00569813
1.57 0.00566234
1.575 0.00562689
1.58 0.00559176
1.585 0.00555697
1.59 0.0055225
1.595 0.00548834
1.6 0.0054545
1.605 0.00542098
1.61 0.00538776
1.615 0.00535485
1.62 0.00532223
1.625 0.00528992
1.63 0.00525789
1.635 0.00522616
1.64 0.00519471
1.645 0.00516354
1.65 0.00513266
1.655 0.00510205
1.66 0.00507171
1.665 0.00504164
1.67 0.00501184
1.675 0.0049823
1.68 0.00495302
1.685 0.004924
1.69 0.00489523
1.695 0.00486672
1.7 0.00483845
1.705 0.00481043
1.71 0.00478265
1.715 0.00475511
1.72 0.0047278
1.725 0.00470073
1.73 0.00467389
1.735 0.00464729
1.74 0.0046209
1.745 0.00459474
1.75 0.00456881
1.755 0.00454309
1.76 0.00451759
1.765 0.0044923
1.77 0.00446722
1.775 0.00444235
1.78 0.00441769
1.785 0.00439324
1.79 0.00436898
1.795 0.00434493
1.8 0.00432107
1.805 0.00429741
1.81 0.00427395
1.815 0.00425067
1.82 0.00422759
1.825 0.00420469
1.83 0.00418198
1.835 0.00415945
1.84 0.0041371
1.845 0.00411493
1.85 0.00409294
1.855 0.00407113
1.86 0.00404949
1.865 0.00402802
1.87 0.00400672
1.875 0.00398559
1.88 0.00396462
1.885 0.00394382
1.89 0.00392319
1.895 0.00390271
1.9 0.0038824
1.905 0.00386224
1.91 0.00384224
1.915 0.00382239
1.92 0.0038027
1.925 0.00378316
1.93 0.00376377
1.935 0.00374453
1.94 0.00372543
1.945 0.00370648
1.95 0.00368768
1.955 0.00366901
1.96 0.00365049
1.965 0.00363211
1.97 0.00361387
1.975 0.00359576
1.98 0.00357779
1.985 0.00355995
1.99 0.00354225
1.995 0.00352468
2 0.00350723
2.005 0.00348992
2.01 0.00347274
2.015 0.00345568
2.02 0.00343875
2.025 0.00342194
2.03 0.00340525
2.035 0.00338869
2.04 0.00337224
2.045 0.00335592
2.05 0.00333971
2.055 0.00332362
2.06 0.00330765
2.065 0.00329179
2.07 0.00327605
2.075 0.00326041
2.08 0.00324489
2.085 0.00322948
2.09 0.00321418
2.095 0.00319899
2.1 0.0031839
2.105 0.00316893
2.11 0.00315405
2.115 0.00313928
2.12 0.00312462
2.125 0.00311005
2.13 0.00309559
2.135 0.00308123
2.14 0.00306697
2.145 0.00305281
2.15 0.00303874
2.155 0.00302478
2.16 0.0030109
2.165 0.00299713
2.17 0.00298344
2.175 0.00296986
2.18 0.00295636
2.185 0.00294295
2.19 0.00292964
2.195 0.00291642
2.2 0.00290328
2.205 0.00289024
2.21 0.00287728
2.215 0.00286441
2.22 0.00285162
2.225 0.00283892
2.23 0.00282631
2.235 0.00281378
2.24 0.00280133
2.245 0.00278896
2.25 0.00277668
2.255 0.00276447
2.26 0.00275235
2.265 0.00274031
2.27 0.00272834
2.275 0.00271646
2.28 0.00270465
2.285 0.00269291
2.29 0.00268126
2.295 0.00266968
2.3 0.00265817
2.305 0.00264674
2.31 0.00263538
2.315 0.0026241
2.32 0.00261288
2.325 0.00260174
2.33 0.00259067
2.335 0.00257967
2.34 0.00256874
2.345 0.00255788
2.35 0.00254709
2.355 0.00253637
2.36 0.00252571
2.365 0.00251512
2.37 0.0025046
2.375 0.00249414
2.38 0.00248375
2.385 0.00247342
2.39 0.00246316
2.395 0.00245296
2.4 0.00244283
2.405 0.00243275
2.41 0.00242274
2.415 0.00241279
2.42 0.0024029
2.425 0.00239308
2.43 0.00238331
2.435 0.0023736
2.44 0.00236395
2.445 0.00235436
2.45 0.00234483
2.455 0.00233536
2.46 0.00232594
2.465 0.00231658
2.47 0.00230728
2.475 0.00229803
2.48 0.00228884
2.485 0.0022797
2.49 0.00227062
2.495 0.00226159
2.5 0.00225261
2.505 0.00224369
2.51 0.00223482
2.515 0.00222601
2.52 0.00221724
2.525 0.00220853
2.53 0.00219987
2.535 0.00219126
2.54 0.0021827
2.545 0.00217419
2.55 0.00216573
2.555 0.00215732
2.56 0.00214896
2.565 0.00214064
2.57 0.00213238
2.575 0.00212416
2.58 0.00211599
2.585 0.00210787
2.59 0.00209979
2.595 0.00209176
2.6 0.00208378
2.605 0.00207584
2.61 0.00206794
2.615 0.00206009
2.62 0.00205229
2.625 0.00204453
2.63 0.00203682
2.635 0.00202914
2.64 0.00202151
2.645 0.00201393
2.65 0.00200638
2.655 0.00199888
2.66 0.00199142
2.665 0.00198401
2.67 0.00197663
2.675 0.0019693
2.68 0.001962
2.685 0.00195475
2.69 0.00194753
2.695 0.00194036
2.7 0.00193322
2.705 0.00192613
2.71 0.00191907
2.715 0.00191206
2.72 0.00190508
2.725 0.00189814
2.73 0.00189123
2.735 0.00188437
2.74 0.00187754
2.745 0.00187075
2.75 0.00186399
2.755 0.00185727
2.76 0.00185059
2.765 0.00184395
2.77 0.00183734
2.775 0.00183076
2.78 0.00182422
2.785 0.00181772
2.79 0.00181125
2.795 0.00180481
2.8 0.00179841
2.805 0.00179205
2.81 0.00178571
2.815 0.00177941
2.82 0.00177315
2.825 0.00176691
2.83 0.00176071
2.835 0.00175454
2.84 0.00174841
2.845 0.00174231
2.85 0.00173623
2.855 0.00173019
2.86 0.00172418
2.865 0.00171821
2.87 0.00171226
2.875 0.00170635
2.88 0.00170046
2.885 0.00169461
2.89 0.00168878
2.895 0.00168299
2.9 0.00167722
2.905 0.00167149
2.91 0.00166578
2.915 0.0016601
2.92 0.00165446
2.925 0.00164884
2.93 0.00164325
2.935 0.00163769
2.94 0.00163215
2.945 0.00162665
2.95 0.00162117
2.955 0.00161572
2.96 0.0016103
2.965 0.0016049
2.97 0.00159953
2.975 0.00159419
2.98 0.00158887
2.985 0.00158359
2.99 0.00157832
2.995 0.00157309
3 0.00156788
3.005 0.00156269
3.01 0.00155753
3.015 0.0015524
3.02 0.00154729
3.025 0.00154221
3.03 0.00153715
3.035 0.00153212
3.04 0.00152711
3.045 0.00152213
3.05 0.00151717
3.055 0.00151224
3.06 0.00150732
3.065 0.00150244
3.07 0.00149757
3.075 0.00149273
3.08 0.00148792
3.085 0.00148313
3.09 0.00147836
3.095 0.00147361
3.1 0.00146888
3.105 0.00146418
3.11 0.0014595
3.115 0.00145485
3.12 0.00145021
3.125 0.0014456
3.13 0.00144101
3.135 0.00143644
3.14 0.00143189
3.145 0.00142737
3.15 0.00142287
3.155 0.00141838
3.16 0.00141392
3.165 0.00140948
3.17 0.00140506
3.175 0.00140066
3.18 0.00139629
3.185 0.00139193
3.19 0.00138759
3.195 0.00138327
3.2 0.00137898
3.205 0.0013747
3.21 0.00137044
3.215 0.0013662
3.22 0.00136199
3.225 0.00135779
3.23 0.00135361
3.235 0.00134945
3.24 0.00134531
3.245 0.00134119
3.25 0.00133709
3.255 0.001333
3.26 0.00132894
3.265 0.00132489
3.27 0.00132086
3.275 0.00131685
3.28 0.00131286
3.285 0.00130889
3.29 0.00130493
3.295 0.00130099
3.3 0.00129708
3.305 0.00129317
3.31 0.00128929
3.315 0.00128542
3.32 0.00128157
3.325 0.00127774
3.33 0.00127392
3.335 0.00127013
3.34 0.00126635
3.345 0.00126258
3.35 0.00125883
3.355 0.0012551
3.36 0.00125139
3.365 0.00124769
3.37 0.00124401
3.375 0.00124034
3.38 0.00123669
3.385 0.00123306
3.39 0.00122944
3.395 0.00122584
3.4 0.00122226
3.405 0.00121869
3.41 0.00121513
3.415 0.0012116
3.42 0.00120807
3.425 0.00120456
3.43 0.00120107
3.435 0.00119759
3.44 0.00119413
3.445 0.00119069
3.45 0.00118725
3.455 0.00118384
3.46 0.00118043
3.465 0.00117704
3.47 0.00117367
3.475 0.00117031
3.48 0.00116697
3.485 0.00116364
3.49 0.00116032
3.495 0.00115702
3.5 0.00115373
3.505 0.00115046
3.51 0.0011472
3.515 0.00114395
3.52 0.00114072
3.525 0.0011375
3.53 0.00113429
3.535 0.0011311
3.54 0.00112792
3.545 0.00112476
3.55 0.00112161
3.555 0.00111847
3.56 0.00111534
3.565 0.00111223
3.57 0.00110913
3.575 0.00110605
3.58 0.00110297
3.585 0.00109991
3.59 0.00109687
3.595 0.00109383
3.6 0.00109081
3.605 0.0010878
3.61 0.0010848
3.615 0.00108181
3.62 0.00107884
3.625 0.00107588
3.63 0.00107293
3.635 0.00107
3.64 0.00106707
3.645 0.00106416
3.65 0.00106126
3.655 0.00105837
3.66 0.00105549
3.665 0.00105263
3.67 0.00104977
3.675 0.00104693
3.68 0.0010441
3.685 0.00104128
3.69 0.00103848
3.695 0.00103568
3.7 0.00103289
3.705 0.00103012
3.71 0.00102736
3.715 0.00102461
3.72 0.00102187
3.725 0.00101914
3.73 0.00101642
3.735 0.00101371
3.74 0.00101101
3.745 0.00100833
3.75 0.00100565
3.755 0.00100299
3.76 0.00100033
3.765 0.000997689
3.77 0.000995056
3.775 0.000992433
3.78 0.000989821
3.785 0.000987218
3.79 0.000984626
3.795 0.000982045
3.8 0.000979473
3.805 0.000976911
3.81 0.00097436
3.815 0.000971818
3.82 0.000969287
3.825 0.000966765
3.83 0.000964253
3.835 0.000961751
3.84 0.000959259
3.845 0.000956776
3.85 0.000954303
3.855 0.000951839
3.86 0.000949385
3.865 0.000946941
3.87 0.000944506
3.875 0.00094208
3.88 0.000939664
3.885 0.000937257
3.89 0.000934859
3.895 0.00093247
3.9 0.00093009
3.905 0.00092772
3.91 0.000925359
3.915 0.000923006
3.92 0.000920663
3.925 0.000918328
3.93 0.000916003
3.935 0.000913686
3.94 0.000911378
3.945 0.000909078
3.95 0.000906788
3.955 0.000904506
3.96 0.000902232
3.965 0.000899968
3.97 0.000897711
3.975 0.000895463
3.98 0.000893224
3.985 0.000890993
3.99 0.00088877
3.995 0.000886556
4 0.00088435
4.005 0.000882152
4.01 0.000879962
4.015 0.000877781
4.02 0.000875607
4.025 0.000873442
4.03 0.000871285
4.035 0.000869135
4.04 0.000866994
4.045 0.00086486
4.05 0.000862734
4.055 0.000860617
4.06 0.000858507
4.065 0.000856404
4.07 0.00085431
4.075 0.000852223
4.08 0.000850143
4.085 0.000848072
4.09 0.000846008
4.095 0.000843951
4.1 0.000841902
4.105 0.00083986
4.11 0.000837826
4.115 0.000835799
4.12 0.00083378
4.125 0.000831767
4.13 0.000829762
4.135 0.000827765
4.14 0.000825774
4.145 0.000823791
4.15 0.000821815
4.155 0.000819846
4.16 0.000817884
4.165 0.000815929
4.17 0.000813981
4.175 0.00081204
4.18 0.000810105
4.185 0.000808178
4.19 0.000806258
4.195 0.000804344
4.2 0.000802438
4.205 0.000800538
4.21 0.000798645
4.215 0.000796758
4.22 0.000794878
4.225 0.000793005
4.23 0.000791139
4.235 0.000789279
4.24 0.000787425
4.245 0.000785578
4.25 0.000783738
4.255 0.000781904
4.26 0.000780077
4.265 0.000778256
4.27 0.000776441
4.275 0.000774632
4.28 0.00077283
4.285 0.000771034
4.29 0.000769245
4.295 0.000767462
4.3 0.000765684
4.305 0.000763913
4.31 0.000762149
4.315 0.00076039
4.32 0.000758637
4.325 0.000756891
4.33 0.00075515
4.335 0.000753415
4.34 0.000751687
4.345 0.000749964
4.35 0.000748247
4.355 0.000746536
4.36 0.000744831
4.365 0.000743132
4.37 0.000741439
4.375 0.000739751
4.38 0.000738069
4.385 0.000736393
4.39 0.000734723
4.395 0.000733058
4.4 0.000731399
4.405 0.000729746
4.41 0.000728098
4.415 0.000726456
4.42 0.000724819
4.425 0.000723188
4.43 0.000721562
4.435 0.000719942
4.44 0.000718327
4.445 0.000716718
4.45 0.000715114
4.455 0.000713515
4.46 0.000711922
4.465 0.000710334
4.47 0.000708751
4.475 0.000707174
4.48 0.000705602
4.485 0.000704035
4.49 0.000702473
4.495 0.000700917
4.5 0.000699366
4.505 0.00069782
4.51 0.000696279
4.515 0.000694743
4.52 0.000693212
4.525 0.000691686
4.53 0.000690166
4.535 0.00068865
4.54 0.000687139
4.545 0.000685633
4.55 0.000684133
4.555 0.000682637
4.56 0.000681146
4.565 0.00067966
4.57 0.000678178
4.575 0.000676702
4.58 0.00067523
4.585 0.000673763
4.59 0.000672301
4.595 0.000670844
4.6 0.000669392
4.605 0.000667944
4.61 0.000666501
4.615 0.000665062
4.62 0.000663628
4.625 0.000662199
4.63 0.000660774
4.635 0.000659354
4.64 0.000657939
4.645 0.000656528
4.65 0.000655122
4.655 0.00065372
4.66 0.000652323
4.665 0.00065093
4.67 0.000649541
4.675 0.000648157
4.68 0.000646778
4.685 0.000645403
4.69 0.000644032
4.695 0.000642666
4.7 0.000641304
4.705 0.000639946
4.71 0.000638592
4.715 0.000637243
4.72 0.000635898
4.725 0.000634558
4.73 0.000633221
4.735 0.000631889
4.74 0.000630561
4.745 0.000629237
4.75 0.000627918
4.755 0.000626602
4.76 0.000625291
4.765 0.000623984
4.77 0.000622681
4.775 0.000621382
4.78 0.000620087
4.785 0.000618796
4.79 0.000617509
4.795 0.000616226
4.8 0.000614947
4.805 0.000613672
4.81 0.000612401
4.815 0.000611134
4.82 0.000609871
4.825 0.000608611
4.83 0.000607356
4.835 0.000606105
4.84 0.000604857
4.845 0.000603613
4.85 0.000602374
4.855 0.000601137
4.86 0.000599905
4.865 0.000598677
4.87 0.000597452
4.875 0.000596231
4.88 0.000595014
4.885 0.0005938
4.89 0.00059259
4.895 0.000591384
4.9 0.000590182
4.905 0.000588983
4.91 0.000587788
4.915 0.000586597
4.92 0.000585409
4.925 0.000584224
4.93 0.000583044
4.935 0.000581867
4.94 0.000580693
4.945 0.000579523
4.95 0.000578357
4.955 0.000577194
4.96 0.000576034
4.965 0.000574878
4.97 0.000573726
4.975 0.000572577
4.98 0.000571431
4.985 0.000570289
4.99 0.000569151
4.995 0.000568015
5 0.000566883
5.005 0.000565755
5.01 0.00056463
5.015 0.000563508
5.02 0.000562389
5.025 0.000561274
5.03 0.000560162
5.035 0.000559054
5.04 0.000557949
5.045 0.000556847
5.05 0.000555748
5.055 0.000554652
5.06 0.00055356
5.065 0.000552471
5.07 0.000551385
5.075 0.000550303
5.08 0.000549223
5.085 0.000548147
5.09 0.000547074
5.095 0.000546004
5.1 0.000544937
5.105 0.000543874
5.11 0.000542813
5.115 0.000541756
5.12 0.000540701
5.125 0.00053965
5.13 0.000538602
5.135 0.000537557
5.14 0.000536515
5.145 0.000535475
5.15 0.000534439
5.155 0.000533406
5.16 0.000532376
5.165 0.000531349
5.17 0.000530325
5.175 0.000529304
5.18 0.000528285
5.185 0.00052727
5.19 0.000526258
5.195 0.000525248
5.2 0.000524242
5.205 0.000523238
5.21 0.000522237
5.215 0.000521239
5.22 0.000520244
5.225 0.000519252
5.23 0.000518262
5.235 0.000517276
5.24 0.000516292
5.245 0.000515311
5.25 0.000514333
5.255 0.000513358
5.26 0.000512385
5.265 0.000511415
5.27 0.000510448
5.275 0.000509484
5.28 0.000508522
5.285 0.000507563
5.29 0.000506607
5.295 0.000505653
5.3 0.000504703
5.305 0.000503754
5.31 0.000502809
5.315 0.000501866
5.32 0.000500926
5.325 0.000499989
5.33 0.000499054
5.335 0.000498121
5.34 0.000497192
5.345 0.000496265
5.35 0.00049534
5.355 0.000494418
5.36 0.000493499
5.365 0.000492582
5.37 0.000491668
5.375 0.000490756
5.38 0.000489847
5.385 0.000488941
5.39 0.000488037
5.395 0.000487135
5.4 0.000486236
5.405 0.000485339
5.41 0.000484445
5.415 0.000483554
5.42 0.000482664
5.425 0.000481778
5.43 0.000480893
5.435 0.000480011
5.44 0.000479132
5.445 0.000478255
5.45 0.00047738
5.455 0.000476508
5.46 0.000475638
5.465 0.000474771
5.47 0.000473906
5.475 0.000473043
5.48 0.000472183
5.485 0.000471324
5.49 0.000470469
5.495 0.000469615
5.5 0.000468764
5.505 0.000467916
5.51 0.000467069
5.515 0.000466225
5.52 0.000465383
5.525 0.000464544
5.53 0.000463706
5.535 0.000462871
5.54 0.000462038
5.545 0.000461208
5.55 0.00046038
5.555 0.000459554
5.56 0.00045873
5.565 0.000457908
5.57 0.000457089
5.575 0.000456271
5.58 0.000455456
5.585 0.000454643
5.59 0.000453833
5.595 0.000453024
5.6 0.000452218
5.605 0.000451414
5.61 0.000450611
5.615 0.000449812
5.62 0.000449014
5.625 0.000448218
5.63 0.000447424
5.635 0.000446633
5.64 0.000445844
5.645 0.000445056
5.65 0.000444271
5.655 0.000443488
5.66 0.000442707
5.665 0.000441928
5.67 0.000441151
5.675 0.000440376
5.68 0.000439603
5.685 0.000438832
5.69 0.000438064
5.695 0.000437297
5.7 0.000436532
5.705 0.000435769
5.71 0.000435008
5.715 0.00043425
5.72 0.000433493
5.725 0.000432738
5.73 0.000431985
5.735 0.000431234
5.74 0.000430485
5.745 0.000429738
5.75 0.000428993
5.755 0.00042825
5.76 0.000427509
5.765 0.00042677
5.77 0.000426033
5.775 0.000425297
5.78 0.000424564
5.785 0.000423832
5.79 0.000423102
5.795 0.000422374
5.8 0.000421648
5.805 0.000420924
5.81 0.000420202
5.815 0.000419482
5.82 0.000418763
5.825 0.000418046
5.83 0.000417332
5.835 0.000416618
5.84 0.000415907
5.845 0.000415198
5.85 0.00041449
5.855 0.000413785
5.86 0.000413081
5.865 0.000412378
5.87 0.000411678
5.875 0.00041098
5.88 0.000410283
5.885 0.000409588
5.89 0.000408894
5.895 0.000408203
5.9 0.000407513
5.905 0.000406825
5.91 0.000406139
5.915 0.000405454
5.92 0.000404771
5.925 0.00040409
5.93 0.000403411
5.935 0.000402733
5.94 0.000402057
5.945 0.000401383
5.95 0.00040071
5.955 0.00040004
5.96 0.00039937
5.965 0.000398703
5.97 0.000398037
5.975 0.000397373
5.98 0.00039671
5.985 0.000396049
5.99 0.00039539
5.995 0.000394733
6 0.000394077
6.005 0.000393422
6.01 0.00039277
6.015 0.000392119
6.02 0.000391469
6.025 0.000390822
6.03 0.000390175
6.035 0.000389531
6.04 0.000388888
6.045 0.000388246
6.05 0.000387606
6.055 0.000386968
6.06 0.000386332
6.065 0.000385696
6.07 0.000385063
6.075 0.000384431
6.08 0.0003838
6.085 0.000383172
6.09 0.000382544
6.095 0.000381918
6.1 0.000381294
6.105 0.000380671
6.11 0.00038005
6.115 0.000379431
6.12 0.000378812
6.125 0.000378196
6.13 0.000377581
6.135 0.000376967
6.14 0.000376355
6.145 0.000375744
6.15 0.000375135
6.155 0.000374527
6.16 0.000373921
6.165 0.000373316
6.17 0.000372713
6.175 0.000372111
6.18 0.000371511
6.185 0.000370912
6.19 0.000370314
6.195 0.000369718
6.2 0.000369124
6.205 0.00036853
6.21 0.000367939
6.215 0.000367348
6.22 0.000366759
6.225 0.000366172
6.23 0.000365586
6.235 0.000365001
6.24 0.000364418
6.245 0.000363836
6.25 0.000363256
6.255 0.000362676
6.26 0.000362099
6.265 0.000361522
6.27 0.000360948
6.275 0.000360374
6.28 0.000359802
6.285 0.000359231
6.29 0.000358661
6.295 0.000358093
6.3 0.000357526
6.305 0.000356961
6.31 0.000356397
6.315 0.000355834
6.32 0.000355273
6.325 0.000354713
6.33 0.000354154
6.335 0.000353596
6.34 0.00035304
6.345 0.000352485
6.35 0.000351932
6.355 0.000351379
6.36 0.000350829
6.365 0.000350279
6.37 0.000349731
6.375 0.000349183
6.38 0.000348638
6.385 0.000348093
6.39 0.00034755
6.395 0.000347008
6.4 0.000346467
6.405 0.000345928
6.41 0.00034539
6.415 0.000344853
6.42 0.000344317
6.425 0.000343783
6.43 0.00034325
6.435 0.000342718
6.44 0.000342187
6.445 0.000341657
6.45 0.000341129
6.455 0.000340602
6.46 0.000340076
6.465 0.000339552
6.47 0.000339028
6.475 0.000338506
6.48 0.000337985
6.485 0.000337466
6.49 0.000336947
6.495 0.00033643
6.5 0.000335913
6.505 0.000335399
6.51 0.000334885
6.515 0.000334372
6.52 0.000333861
6.525 0.00033335
6.53 0.000332841
6.535 0.000332333
6.54 0.000331827
6.545 0.000331321
6.55 0.000330816
6.555 0.000330313
6.56 0.000329811
6.565 0.00032931
6.57 0.00032881
6.575 0.000328311
6.58 0.000327814
6.585 0.000327317
6.59 0.000326822
6.595 0.000326328
6.6 0.000325835
6.605 0.000325343
6.61 0.000324852
6.615 0.000324362
6.62 0.000323873
6.625 0.000323386
6.63 0.000322899
6.635 0.000322414
6.64 0.00032193
6.645 0.000321447
6.65 0.000320964
6.655 0.000320483
6.66 0.000320004
6.665 0.000319525
6.67 0.000319047
6.675 0.00031857
6.68 0.000318095
6.685 0.00031762
6.69 0.000317146
6.695 0.000316674
6.7 0.000316203
6.705 0.000315732
6.71 0.000315263
6.715 0.000314795
6.72 0.000314328
6.725 0.000313861
6.73 0.000313396
6.735 0.000312932
6.74 0.000312469
6.745 0.000312007
6.75 0.000311546
6.755 0.000311086
6.76 0.000310627
6.765 0.000310169
6.77 0.000309712
6.775 0.000309256
6.78 0.000308801
6.785 0.000308347
6.79 0.000307894
6.795 0.000307442
6.8 0.000306991
6.805 0.000306542
6.81 0.000306093
6.815 0.000305645
6.82 0.000305198
6.825 0.000304752
6.83 0.000304307
6.835 0.000303862
6.84 0.000303419
6.845 0.000302977
6.85 0.000302536
6.855 0.000302096
6.86 0.000301657
6.865 0.000301218
6.87 0.000300781
6.875 0.000300345
6.88 0.000299909
6.885 0.000299475
6.89 0.000299041
6.895 0.000298609
6.9 0.000298177
6.905 0.000297746
6.91 0.000297316
6.915 0.000296888
6.92 0.00029646
6.925 0.000296033
6.93 0.000295607
6.935 0.000295181
6.94 0.000294757
6.945 0.000294334
6.95 0.000293911
6.955 0.00029349
6.96 0.000293069
6.965 0.00029265
6.97 0.000292231
6.975 0.000291813
6.98 0.000291396
6.985 0.00029098
6.99 0.000290565
6.995 0.00029015
7 0.000289737
7.005 0.000289324
7.01 0.000288912
7.015 0.000288502
7.02 0.000288092
7.025 0.000287683
7.03 0.000287274
7.035 0.000286867
7.04 0.000286461
7.045 0.000286055
7.05 0.00028565
7.055 0.000285246
7.06 0.000284843
7.065 0.000284441
7.07 0.00028404
7.075 0.00028364
7.08 0.00028324
7.085 0.000282841
7.09 0.000282443
7.095 0.000282046
7.1 0.00028165
7.105 0.000281254
7.11 0.00028086
7.115 0.000280466
7.12 0.000280073
7.125 0.000279681
7.13 0.00027929
7.135 0.000278899
7.14 0.00027851
7.145 0.000278121
7.15 0.000277733
7.155 0.000277346
7.16 0.000276959
7.165 0.000276574
7.17 0.000276189
7.175 0.000275805
7.18 0.000275422
7.185 0.000275039
7.19 0.000274658
7.195 0.000274277
7.2 0.000273897
7.205 0.000273518
7.21 0.000273139
7.215 0.000272762
7.22 0.000272385
7.225 0.000272009
7.23 0.000271633
7.235 0.000271259
7.24 0.000270885
7.245 0.000270512
7.25 0.00027014
7.255 0.000269768
7.26 0.000269398
7.265 0.000269028
7.27 0.000268659
7.275 0.00026829
7.28 0.000267923
7.285 0.000267556
7.29 0.00026719
7.295 0.000266824
7.3 0.00026646
7.305 0.000266096
7.31 0.000265733
7.315 0.00026537
7.32 0.000265008
7.325 0.000264648
7.33 0.000264287
7.335 0.000263928
7.34 0.000263569
7.345 0.000263211
7.35 0.000262854
7.355 0.000262497
7.36 0.000262142
7.365 0.000261787
7.37 0.000261432
7.375 0.000261079
7.38 0.000260726
7.385 0.000260373
7.39 0.000260022
7.395 0.000259671
7.4 0.000259321
7.405 0.000258972
7.41 0.000258623
7.415 0.000258275
7.42 0.000257928
7.425 0.000257581
7.43 0.000257235
7.435 0.00025689
7.44 0.000256546
7.445 0.000256202
7.45 0.000255859
7.455 0.000255517
7.46 0.000255175
7.465 0.000254834
7.47 0.000254494
7.475 0.000254154
7.48 0.000253815
7.485 0.000253477
7.49 0.000253139
7.495 0.000252802
7.5 0.000252466
7.505 0.00025213
7.51 0.000251795
7.515 0.000251461
7.52 0.000251127
7.525 0.000250794
7.53 0.000250462
7.535 0.00025013
7.54 0.0002498
7.545 0.000249469
7.55 0.00024914
7.555 0.000248811
7.56 0.000248482
7.565 0.000248155
7.57 0.000247827
7.575 0.000247501
7.58 0.000247175
7.585 0.00024685
7.59 0.000246526
7.595 0.000246202
7.6 0.000245879
7.605 0.000245556
7.61 0.000245234
7.615 0.000244913
7.62 0.000244592
7.625 0.000244272
7.63 0.000243953
7.635 0.000243634
7.64 0.000243316
7.645 0.000242998
7.65 0.000242681
7.655 0.000242365
7.66 0.000242049
7.665 0.000241734
7.67 0.00024142
7.675 0.000241106
7.68 0.000240793
7.685 0.00024048
7.69 0.000240168
7.695 0.000239857
7.7 0.000239546
7.705 0.000239236
7.71 0.000238926
7.715 0.000238617
7.72 0.000238309
7.725 0.000238001
7.73 0.000237694
7.735 0.000237387
7.74 0.000237081
7.745 0.000236776
7.75 0.000236471
7.755 0.000236167
7.76 0.000235863
7.765 0.00023556
7.77 0.000235258
7.775 0.000234956
7.78 0.000234654
7.785 0.000234354
7.79 0.000234054
7.795 0.000233754
7.8 0.000233455
7.805 0.000233156
7.81 0.000232859
7.815 0.000232561
7.82 0.000232265
7.825 0.000231968
7.83 0.000231673
7.835 0.000231378
7.84 0.000231083
7.845 0.000230789
7.85 0.000230496
7.855 0.000230203
7.86 0.000229911
7.865 0.000229619
7.87 0.000229328
7.875 0.000229038
7.88 0.000228748
7.885 0.000228458
7.89 0.000228169
7.895 0.000227881
7.9 0.000227593
7.905 0.000227306
7.91 0.000227019
7.915 0.000226733
7.92 0.000226447
7.925 0.000226162
7.93 0.000225878
7.935 0.000225594
7.94 0.00022531
7.945 0.000225027
7.95 0.000224745
7.955 0.000224463
7.96 0.000224182
7.965 0.000223901
7.97 0.00022362
7.975 0.000223341
7.98 0.000223061
7.985 0.000222783
7.99 0.000222504
7.995 0.000222227
8 0.00022195
8.005 0.000221673
8.01 0.000221397
8.015 0.000221121
8.02 0.000220846
8.025 0.000220571
8.03 0.000220297
8.035 0.000220024
8.04 0.000219751
8.045 0.000219478
8.05 0.000219206
8.055 0.000218935
8.06 0.000218663
8.065 0.000218393
8.07 0.000218123
8.075 0.000217853
8.08 0.000217584
8.085 0.000217316
8.09 0.000217048
8.095 0.00021678
8.1 0.000216513
8.105 0.000216247
8.11 0.000215981
8.115 0.000215715
8.12 0.00021545
8.125 0.000215185
8.13 0.000214921
8.135 0.000214658
8.14 0.000214394
8.145 0.000214132
8.15 0.00021387
8.155 0.000213608
8.16 0.000213347
8.165 0.000213086
8.17 0.000212826
8.175 0.000212566
8.18 0.000212307
8.185 0.000212048
8.19 0.000211789
8.195 0.000211532
8.2 0.000211274
8.205 0.000211017
8.21 0.000210761
8.215 0.000210505
8.22 0.000210249
8.225 0.000209994
8.23 0.000209739
8.235 0.000209485
8.24 0.000209232
8.245 0.000208978
8.25 0.000208726
8.255 0.000208473
8.26 0.000208221
8.265 0.00020797
8.27 0.000207719
8.275 0.000207469
8.28 0.000207219
8.285 0.000206969
8.29 0.00020672
8.295 0.000206471
8.3 0.000206223
8.305 0.000205975
8.31 0.000205728
8.315 0.000205481
8.32 0.000205234
8.325 0.000204988
8.33 0.000204743
8.335 0.000204498
8.34 0.000204253
8.345 0.000204009
8.35 0.000203765
8.355 0.000203522
8.36 0.000203279
8.365 0.000203036
8.37 0.000202794
8.375 0.000202552
8.38 0.000202311
8.385 0.00020207
8.39 0.00020183
8.395 0.00020159
8.4 0.000201351
8.405 0.000201112
8.41 0.000200873
8.415 0.000200635
8.42 0.000200397
8.425 0.00020016
8.43 0.000199923
8.435 0.000199686
8.44 0.00019945
8.445 0.000199214
8.45 0.000198979
8.455 0.000198744
8.46 0.00019851
8.465 0.000198276
8.47 0.000198042
8.475 0.000197809
8.48 0.000197576
8.485 0.000197344
8.49 0.000197112
8.495 0.00019688
8.5 0.000196649
8.505 0.000196418
8.51 0.000196188
8.515 0.000195958
8.52 0.000195729
8.525 0.0001955
8.53 0.000195271
8.535 0.000195043
8.54 0.000194815
8.545 0.000194587
8.55 0.00019436
8.555 0.000194133
8.56 0.000193907
8.565 0.000193681
8.57 0.000193455
8.575 0.00019323
8.58 0.000193006
8.585 0.000192781
8.59 0.000192557
8.595 0.000192334
8.6 0.00019211
8.605 0.000191888
8.61 0.000191665
8.615 0.000191443
8.62 0.000191222
8.625 0.000191
8.63 0.000190779
8.635 0.000190559
8.64 0.000190339
8.645 0.000190119
8.65 0.0001899
8.655 0.000189681
8.66 0.000189462
8.665 0.000189244
8.67 0.000189026
8.675 0.000188809
8.68 0.000188592
8.685 0.000188375
8.69 0.000188159
8.695 0.000187943
8.7 0.000187727
8.705 0.000187512
8.71 0.000187297
8.715 0.000187082
8.72 0.000186868
8.725 0.000186655
8.73 0.000186441
8.735 0.000186228
8.74 0.000186016
8.745 0.000185803
8.75 0.000185591
8.755 0.00018538
8.76 0.000185169
8.765 0.000184958
8.77 0.000184747
8.775 0.000184537
8.78 0.000184327
8.785 0.000184118
8.79 0.000183909
8.795 0.0001837
8.8 0.000183492
8.805 0.000183284
8.81 0.000183076
8.815 0.000182869
8.82 0.000182662
8.825 0.000182455
8.83 0.000182249
8.835 0.000182043
8.84 0.000181838
8.845 0.000181633
8.85 0.000181428
8.855 0.000181223
8.86 0.000181019
8.865 0.000180815
8.87 0.000180612
8.875 0.000180409
8.88 0.000180206
8.885 0.000180004
8.89 0.000179802
8.895 0.0001796
8.9 0.000179398
8.905 0.000179197
8.91 0.000178997
8.915 0.000178796
8.92 0.000178596
8.925 0.000178397
8.93 0.000178197
8.935 0.000177998
8.94 0.000177799
8.945 0.000177601
8.95 0.000177403
8.955 0.000177205
8.96 0.000177008
8.965 0.000176811
8.97 0.000176614
8.975 0.000176418
8.98 0.000176222
8.985 0.000176026
8.99 0.00017583
8.995 0.000175635
9 0.000175441
9.005 0.000175246
9.01 0.000175052
9.015 0.000174858
9.02 0.000174665
9.025 0.000174472
9.03 0.000174279
9.035 0.000174086
9.04 0.000173894
9.045 0.000173702
9.05 0.000173511
9.055 0.000173319
9.06 0.000173128
9.065 0.000172938
9.07 0.000172747
9.075 0.000172557
9.08 0.000172368
9.085 0.000172178
9.09 0.000171989
9.095 0.000171801
9.1 0.000171612
9.105 0.000171424
9.11 0.000171236
9.115 0.000171049
9.12 0.000170862
9.125 0.000170675
9.13 0.000170488
9.135 0.000170302
9.14 0.000170116
9.145 0.00016993
9.15 0.000169745
9.155 0.00016956
9.16 0.000169375
9.165 0.00016919
9.17 0.000169006
9.175 0.000168822
9.18 0.000168639
9.185 0.000168456
9.19 0.000168273
9.195 0.00016809
9.2 0.000167908
9.205 0.000167726
9.21 0.000167544
9.215 0.000167362
9.22 0.000167181
9.225 0.000167
9.23 0.00016682
9.235 0.000166639
9.24 0.000166459
9.245 0.00016628
9.25 0.0001661
9.255 0.000165921
9.26 0.000165742
9.265 0.000165564
9.27 0.000165385
9.275 0.000165208
9.28 0.00016503
9.285 0.000164852
9.29 0.000164675
9.295 0.000164498
9.3 0.000164322
9.305 0.000164146
9.31 0.00016397
9.315 0.000163794
9.32 0.000163619
9.325 0.000163443
9.33 0.000163269
9.335 0.000163094
9.34 0.00016292
9.345 0.000162746
9.35 0.000162572
9.355 0.000162398
9.36 0.000162225
9.365 0.000162052
9.37 0.00016188
9.375 0.000161707
9.38 0.000161535
9.385 0.000161364
9.39 0.000161192
9.395 0.000161021
9.4 0.00016085
9.405 0.000160679
9.41 0.000160509
9.415 0.000160338
9.42 0.000160169
9.425 0.000159999
9.43 0.00015983
9.435 0.000159661
9.44 0.000159492
9.445 0.000159323
9.45 0.000159155
9.455 0.000158987
9.46 0.000158819
9.465 0.000158652
9.47 0.000158484
9.475 0.000158317
9.48 0.000158151
9.485 0.000157984
9.49 0.000157818
9.495 0.000157652
9.5 0.000157487
9.505 0.000157321
9.51 0.000157156
9.515 0.000156991
9.52 0.000156827
9.525 0.000156662
9.53 0.000156498
9.535 0.000156334
9.54 0.000156171
9.545 0.000156007
9.55 0.000155844
9.555 0.000155682
9.56 0.000155519
9.565 0.000155357
9.57 0.000155195
9.575 0.000155033
9.58 0.000154871
9.585 0.00015471
9.59 0.000154549
9.595 0.000154388
9.6 0.000154228
9.605 0.000154067
9.61 0.000153907
9.615 0.000153748
9.62 0.000153588
9.625 0.000153429
9.63 0.00015327
9.635 0.000153111
9.64 0.000152952
9.645 0.000152794
9.65 0.000152636
9.655 0.000152478
9.66 0.000152321
9.665 0.000152163
9.67 0.000152006
9.675 0.000151849
9.68 0.000151693
9.685 0.000151537
9.69 0.00015138
9.695 0.000151225
9.7 0.000151069
9.705 0.000150914
9.71 0.000150758
9.715 0.000150604
9.72 0.000150449
9.725 0.000150294
9.73 0.00015014
9.735 0.000149986
9.74 0.000149833
9.745 0.000149679
9.75 0.000149526
9.755 0.000149373
9.76 0.00014922
9.765 0.000149068
9.77 0.000148915
9.775 0.000148763
9.78 0.000148611
9.785 0.00014846
9.79 0.000148308
9.795 0.000148157
9.8 0.000148006
9.805 0.000147856
9.81 0.000147705
9.815 0.000147555
9.82 0.000147405
9.825 0.000147255
9.83 0.000147106
9.835 0.000146956
9.84 0.000146807
9.845 0.000146658
9.85 0.00014651
9.855 0.000146361
9.86 0.000146213
9.865 0.000146065
9.87 0.000145917
9.875 0.00014577
9.88 0.000145623
9.885 0.000145476
9.89 0.000145329
9.895 0.000145182
9.9 0.000145036
9.905 0.00014489
9.91 0.000144744
9.915 0.000144598
9.92 0.000144452
9.925 0.000144307
9.93 0.000144162
9.935 0.000144017
9.94 0.000143873
9.945 0.000143728
9.95 0.000143584
9.955 0.00014344
9.96 0.000143296
9.965 0.000143153
9.97 0.000143009
9.975 0.000142866
9.98 0.000142723
9.985 0.000142581
9.99 0.000142438
9.995 0.000142296
