0 -nan
0.005 0.0633265
0.01 0.0775633
0.015 0.259247
0.02 0.413529
0.025 0.132114
0.03 0.887825
0.035 0.73525
0.04 0.271758
0.045 0.0497533
0.05 0.0845087
0.055 0.248309
0.06 0.441355
0.065 0.612874
0.07 0.744867
0.075 0.83598
0.08 0.891667
0.085 0.919227
0.09 0.925636
0.095 0.916772
0.1 0.897284
0.105 0.870713
0.11 0.839688
0.115 0.806127
0.12 0.771403
0.125 0.736481
0.13 0.702029
0.135 0.668495
0.14 0.636168
0.145 0.605222
0.15 0.575751
0.155 0.54779
0.16 0.521335
0.165 0.496355
0.17 0.4728
0.175 0.450609
0.18 0.429716
0.185 0.410051
0.19 0.391542
0.195 0.374121
0.2 0.357718
0.205 0.34227
0.21 0.327714
0.215 0.313992
0.22 0.301049
0.225 0.288833
0.23 0.277296
0.235 0.266393
0.24 0.256083
0.245 0.246326
0.25 0.237087
0.255 0.228331
0.26 0.220029
0.265 0.21215
0.27 0.204668
0.275 0.197559
0.28 0.190799
0.285 0.184367
0.29 0.178242
0.295 0.172407
0.3 0.166845
0.305 0.161538
0.31 0.156472
0.315 0.151634
0.32 0.14701
0.325 0.142589
0.33 0.138358
0.335 0.134308
0.34 0.130429
0.345 0.126711
0.35 0.123146
0.355 0.119726
0.36 0.116444
0.365 0.113291
0.37 0.110262
0.375 0.107351
0.38 0.10455
0.385 0.101856
0.39 0.099263
0.395 0.0967657
0.4 0.0943597
0.405 0.0920407
0.41 0.0898047
0.415 0.0876479
0.42 0.0855666
0.425 0.0835573
0.43 0.0816169
0.435 0.0797423
0.44 0.0779305
0.445 0.0761789
0.45 0.0744849
0.455 0.072846
0.46 0.0712598
0.465 0.0697242
0.47 0.0682371
0.475 0.0667964
0.48 0.0654003
0.485 0.064047
0.49 0.0627347
0.495 0.0614619
0.5 0.060227
0.505 0.0590286
0.51 0.0578651
0.515 0.0567354
0.52 0.055638
0.525 0.0545719
0.53 0.0535358
0.535 0.0525286
0.54 0.0515493
0.545 0.0505969
0.55 0.0496703
0.555 0.0487688
0.56 0.0478913
0.565 0.0470372
0.57 0.0462054
0.575 0.0453953
0.58 0.0446062
0.585 0.0438373
0.59 0.0430879
0.595 0.0423575
0.6 0.0416453
0.605 0.0409508
0.61 0.0402733
0.615 0.0396124
0.62 0.0389676
0.625 0.0383382
0.63 0.0377238
0.635 0.037124
0.64 0.0365383
0.645 0.0359663
0.65 0.0354074
0.655 0.0348614
0.66 0.0343279
0.665 0.0338064
0.67 0.0332967
0.675 0.0327983
0.68 0.032311
0.685 0.0318343
0.69 0.0313681
0.695 0.030912
0.7 0.0304657
0.705 0.0300289
0.71 0.0296014
0.715 0.0291829
0.72 0.0287732
0.725 0.028372
0.73 0.0279791
0.735 0.0275943
0.74 0.0272173
0.745 0.0268479
0.75 0.026486
0.755 0.0261312
0.76 0.0257836
0.765 0.0254428
0.77 0.0251086
0.775 0.024781
0.78 0.0244597
0.785 0.0241446
0.79 0.0238355
0.795 0.0235323
0.8 0.0232348
0.805 0.0229429
0.81 0.0226565
0.815 0.0223753
0.82 0.0220993
0.825 0.0218284
0.83 0.0215624
0.835 0.0213012
0.84 0.0210447
0.845 0.0207928
0.85 0.0205454
0.855 0.0203023
0.86 0.0200636
0.865 0.0198289
0.87 0.0195984
0.875 0.0193719
0.88 0.0191492
0.885 0.0189303
0.89 0.0187152
0.895 0.0185037
0.9 0.0182957
0.905 0.0180912
0.91 0.0178901
0.915 0.0176924
0.92 0.0174979
0.925 0.0173065
0.93 0.0171183
0.935 0.0169331
0.94 0.0167509
0.945 0.0165716
0.95 0.0163952
0.955 0.0162216
0.96 0.0160506
0.965 0.0158824
0.97 0.0157168
0.975 0.0155538
0.98 0.0153933
0.985 0.0152352
0.99 0.0150796
0.995 0.0149263
1 0.0147753
1.005 0.0146266
1.01 0.0144802
1.015 0.0143359
1.02 0.0141938
1.025 0.0140537
1.03 0.0139157
1.035 0.0137798
1.04 0.0136458
1.045 0.0135137
1.05 0.0133836
1.055 0.0132553
1.06 0.0131289
1.065 0.0130042
1.07 0.0128813
1.075 0.0127601
1.08 0.0126407
1.085 0.0125229
1.09 0.0124067
1.095 0.0122922
1.1 0.0121792
1.105 0.0120677
1.11 0.0119578
1.115 0.0118494
1.12 0.0117424
1.125 0.0116369
1.13 0.0115328
1.135 0.0114301
1.14 0.0113287
1.145 0.0112287
1.15 0.01113
1.155 0.0110326
1.16 0.0109364
1.165 0.0108415
1.17 0.0107479
1.175 0.0106554
1.18 0.0105641
1.185 0.010474
1.19 0.010385
1.195 0.0102972
1.2 0.0102105
1.205 0.0101248
1.21 0.0100403
1.215 0.00995674
1.22 0.00987426
1.225 0.00979279
1.23 0.00971233
1.235 0.00963285
1.24 0.00955435
1.245 0.00947679
1.25 0.00940018
1.255 0.00932449
1.26 0.00924971
1.265 0.00917582
1.27 0.00910281
1.275 0.00903067
1.28 0.00895938
1.285 0.00888893
1.29 0.00881931
1.295 0.0087505
1.3 0.00868249
1.305 0.00861527
1.31 0.00854883
1.315 0.00848315
1.32 0.00841822
1.325 0.00835403
1.33 0.00829058
1.335 0.00822784
1.34 0.00816581
1.345 0.00810448
1.35 0.00804384
1.355 0.00798387
1.36 0.00792457
1.365 0.00786593
1.37 0.00780793
1.375 0.00775057
1.38 0.00769385
1.385 0.00763774
1.39 0.00758224
1.395 0.00752734
1.4 0.00747304
1.405 0.00741932
1.41 0.00736618
1.415 0.0073136
1.42 0.00726159
1.425 0.00721013
1.43 0.00715921
1.435 0.00710883
1.44 0.00705897
1.445 0.00700964
1.45 0.00696083
1.455 0.00691252
1.46 0.00686471
1.465 0.0068174
1.47 0.00677057
1.475 0.00672422
1.48 0.00667835
1.485 0.00663294
1.49 0.00658799
1.495 0.0065435
1.5 0.00649946
1.505 0.00645586
1.51 0.0064127
1.515 0.00636996
1.52 0.00632766
1.525 0.00628577
1.53 0.0062443
1.535 0.00620323
1.54 0.00616257
1.545 0.0061223
1.55 0.00608243
1.555 0.00604295
1.56 0.00600385
1.565 0.00596513
1.57 0.00592678
1.575 0.00588879
1.58 0.00585118
1.585 0.00581392
1.59 0.00577701
1.595 0.00574046
1.6 0.00570425
1.605 0.00566838
1.61 0.00563285
1.615 0.00559765
1.62 0.00556278
1.625 0.00552823
1.63 0.00549401
1.635 0.0054601
1.64 0.0054265
1.645 0.00539321
1.65 0.00536023
1.655 0.00532755
1.66 0.00529516
1.665 0.00526307
1.67 0.00523127
1.675 0.00519976
1.68 0.00516853
1.685 0.00513758
1.69 0.00510691
1.695 0.00507651
1.7 0.00504639
1.705 0.00501653
1.71 0.00498693
1.715 0.00495759
1.72 0.00492852
1.725 0.00489969
1.73 0.00487112
1.735 0.0048428
1.74 0.00481472
1.745 0.00478689
1.75 0.0047593
1.755 0.00473194
1.76 0.00470482
1.765 0.00467793
1.77 0.00465128
1.775 0.00462484
1.78 0.00459864
1.785 0.00457265
1.79 0.00454689
1.795 0.00452134
1.8 0.004496
1.805 0.00447088
1.81 0.00444597
1.815 0.00442127
1.82 0.00439677
1.825 0.00437247
1.83 0.00434837
1.835 0.00432448
1.84 0.00430077
1.845 0.00427727
1.85 0.00425395
1.855 0.00423083
1.86 0.00420789
1.865 0.00418514
1.87 0.00416257
1.875 0.00414019
1.88 0.00411798
1.885 0.00409595
1.89 0.0040741
1.895 0.00405242
1.9 0.00403092
1.905 0.00400958
1.91 0.00398842
1.915 0.00396742
1.92 0.00394659
1.925 0.00392592
1.93 0.00390541
1.935 0.00388506
1.94 0.00386487
1.945 0.00384484
1.95 0.00382496
1.955 0.00380524
1.96 0.00378567
1.965 0.00376625
1.97 0.00374697
1.975 0.00372785
1.98 0.00370887
1.985 0.00369004
1.99 0.00367134
1.995 0.00365279
2 0.00363438
2.005 0.00361611
2.01 0.00359798
2.015 0.00357998
2.02 0.00356212
2.025 0.00354439
2.03 0.00352679
2.035 0.00350932
2.04 0.00349199
2.045 0.00347478
2.05 0.00345769
2.055 0.00344074
2.06 0.0034239
2.065 0.00340719
2.07 0.0033906
2.075 0.00337414
2.08 0.00335779
2.085 0.00334156
2.09 0.00332545
2.095 0.00330945
2.1 0.00329357
2.105 0.00327781
2.11 0.00326215
2.115 0.00324661
2.12 0.00323118
2.125 0.00321586
2.13 0.00320064
2.135 0.00318554
2.14 0.00317054
2.145 0.00315565
2.15 0.00314086
2.155 0.00312617
2.16 0.00311159
2.165 0.00309711
2.17 0.00308273
2.175 0.00306845
2.18 0.00305427
2.185 0.00304019
2.19 0.0030262
2.195 0.00301231
2.2 0.00299852
2.205 0.00298482
2.21 0.00297121
2.215 0.0029577
2.22 0.00294428
2.225 0.00293095
2.23 0.00291771
2.235 0.00290455
2.24 0.00289149
2.245 0.00287852
2.25 0.00286563
2.255 0.00285283
2.26 0.00284012
2.265 0.00282748
2.27 0.00281494
2.275 0.00280248
2.28 0.00279009
2.285 0.0027778
2.29 0.00276558
2.295 0.00275344
2.3 0.00274138
2.305 0.0027294
2.31 0.0027175
2.315 0.00270568
2.32 0.00269393
2.325 0.00268227
2.33 0.00267067
2.335 0.00265915
2.34 0.00264771
2.345 0.00263634
2.35 0.00262504
2.355 0.00261381
2.36 0.00260266
2.365 0.00259158
2.37 0.00258057
2.375 0.00256962
2.38 0.00255875
2.385 0.00254795
2.39 0.00253721
2.395 0.00252654
2.4 0.00251594
2.405 0.00250541
2.41 0.00249494
2.415 0.00248454
2.42 0.0024742
2.425 0.00246393
2.43 0.00245372
2.435 0.00244357
2.44 0.00243349
2.445 0.00242347
2.45 0.00241351
2.455 0.00240361
2.46 0.00239377
2.465 0.00238399
2.47 0.00237428
2.475 0.00236462
2.48 0.00235502
2.485 0.00234548
2.49 0.00233599
2.495 0.00232657
2.5 0.0023172
2.505 0.00230789
2.51 0.00229863
2.515 0.00228943
2.52 0.00228028
2.525 0.00227119
2.53 0.00226215
2.535 0.00225317
2.54 0.00224424
2.545 0.00223536
2.55 0.00222654
2.555 0.00221777
2.56 0.00220905
2.565 0.00220038
2.57 0.00219176
2.575 0.00218319
2.58 0.00217467
2.585 0.0021662
2.59 0.00215779
2.595 0.00214942
2.6 0.0021411
2.605 0.00213282
2.61 0.0021246
2.615 0.00211642
2.62 0.00210829
2.625 0.00210021
2.63 0.00209217
2.635 0.00208418
2.64 0.00207623
2.645 0.00206833
2.65 0.00206047
2.655 0.00205266
2.66 0.0020449
2.665 0.00203718
2.67 0.0020295
2.675 0.00202186
2.68 0.00201427
2.685 0.00200672
2.69 0.00199921
2.695 0.00199175
2.7 0.00198432
2.705 0.00197694
2.71 0.0019696
2.715 0.0019623
2.72 0.00195504
2.725 0.00194782
2.73 0.00194064
2.735 0.0019335
2.74 0.0019264
2.745 0.00191934
2.75 0.00191231
2.755 0.00190533
2.76 0.00189838
2.765 0.00189147
2.77 0.0018846
2.775 0.00187777
2.78 0.00187097
2.785 0.00186421
2.79 0.00185749
2.795 0.0018508
2.8 0.00184415
2.805 0.00183754
2.81 0.00183096
2.815 0.00182441
2.82 0.0018179
2.825 0.00181143
2.83 0.00180499
2.835 0.00179858
2.84 0.00179221
2.845 0.00178587
2.85 0.00177957
2.855 0.0017733
2.86 0.00176706
2.865 0.00176086
2.87 0.00175468
2.875 0.00174854
2.88 0.00174243
2.885 0.00173636
2.89 0.00173031
2.895 0.0017243
2.9 0.00171832
2.905 0.00171237
2.91 0.00170645
2.915 0.00170056
2.92 0.0016947
2.925 0.00168887
2.93 0.00168308
2.935 0.00167731
2.94 0.00167157
2.945 0.00166586
2.95 0.00166018
2.955 0.00165453
2.96 0.0016489
2.965 0.00164331
2.97 0.00163774
2.975 0.00163221
2.98 0.0016267
2.985 0.00162122
2.99 0.00161576
2.995 0.00161034
3 0.00160494
3.005 0.00159956
3.01 0.00159422
3.015 0.0015889
3.02 0.00158361
3.025 0.00157834
3.03 0.0015731
3.035 0.00156789
3.04 0.0015627
3.045 0.00155754
3.05 0.00155241
3.055 0.0015473
3.06 0.00154221
3.065 0.00153715
3.07 0.00153211
3.075 0.0015271
3.08 0.00152212
3.085 0.00151715
3.09 0.00151222
3.095 0.0015073
3.1 0.00150241
3.105 0.00149755
3.11 0.0014927
3.115 0.00148789
3.12 0.00148309
3.125 0.00147832
3.13 0.00147357
3.135 0.00146884
3.14 0.00146414
3.145 0.00145945
3.15 0.0014548
3.155 0.00145016
3.16 0.00144554
3.165 0.00144095
3.17 0.00143638
3.175 0.00143183
3.18 0.0014273
3.185 0.0014228
3.19 0.00141831
3.195 0.00141385
3.2 0.00140941
3.205 0.00140498
3.21 0.00140058
3.215 0.0013962
3.22 0.00139184
3.225 0.0013875
3.23 0.00138318
3.235 0.00137888
3.24 0.00137461
3.245 0.00137035
3.25 0.00136611
3.255 0.00136189
3.26 0.00135769
3.265 0.00135351
3.27 0.00134934
3.275 0.0013452
3.28 0.00134108
3.285 0.00133697
3.29 0.00133289
3.295 0.00132882
3.3 0.00132477
3.305 0.00132074
3.31 0.00131673
3.315 0.00131274
3.32 0.00130876
3.325 0.00130481
3.33 0.00130087
3.335 0.00129694
3.34 0.00129304
3.345 0.00128915
3.35 0.00128529
3.355 0.00128143
3.36 0.0012776
3.365 0.00127378
3.37 0.00126998
3.375 0.0012662
3.38 0.00126243
3.385 0.00125869
3.39 0.00125495
3.395 0.00125124
3.4 0.00124754
3.405 0.00124385
3.41 0.00124019
3.415 0.00123654
3.42 0.0012329
3.425 0.00122928
3.43 0.00122568
3.435 0.00122209
3.44 0.00121852
3.445 0.00121497
3.45 0.00121143
3.455 0.0012079
3.46 0.00120439
3.465 0.0012009
3.47 0.00119742
3.475 0.00119396
3.48 0.00119051
3.485 0.00118708
3.49 0.00118366
3.495 0.00118025
3.5 0.00117686
3.505 0.00117349
3.51 0.00117013
3.515 0.00116678
3.52 0.00116345
3.525 0.00116013
3.53 0.00115683
3.535 0.00115354
3.54 0.00115027
3.545 0.001147
3.55 0.00114376
3.555 0.00114052
3.56 0.0011373
3.565 0.0011341
3.57 0.0011309
3.575 0.00112773
3.58 0.00112456
3.585 0.00112141
3.59 0.00111827
3.595 0.00111514
3.6 0.00111203
3.605 0.00110893
3.61 0.00110584
3.615 0.00110277
3.62 0.00109971
3.625 0.00109666
3.63 0.00109362
3.635 0.0010906
3.64 0.00108759
3.645 0.00108459
3.65 0.0010816
3.655 0.00107863
3.66 0.00107567
3.665 0.00107272
3.67 0.00106978
3.675 0.00106685
3.68 0.00106394
3.685 0.00106104
3.69 0.00105815
3.695 0.00105527
3.7 0.00105241
3.705 0.00104955
3.71 0.00104671
3.715 0.00104388
3.72 0.00104106
3.725 0.00103825
3.73 0.00103545
3.735 0.00103267
3.74 0.00102989
3.745 0.00102713
3.75 0.00102438
3.755 0.00102164
3.76 0.0010189
3.765 0.00101619
3.77 0.00101348
3.775 0.00101078
3.78 0.00100809
3.785 0.00100542
3.79 0.00100275
3.795 0.0010001
3.8 0.000997452
3.805 0.000994818
3.81 0.000992194
3.815 0.000989581
3.82 0.000986978
3.825 0.000984386
3.83 0.000981803
3.835 0.000979231
3.84 0.000976669
3.845 0.000974117
3.85 0.000971574
3.855 0.000969042
3.86 0.00096652
3.865 0.000964008
3.87 0.000961505
3.875 0.000959012
3.88 0.000956529
3.885 0.000954055
3.89 0.000951591
3.895 0.000949136
3.9 0.000946691
3.905 0.000944256
3.91 0.000941829
3.915 0.000939412
3.92 0.000937005
3.925 0.000934607
3.93 0.000932217
3.935 0.000929837
3.94 0.000927466
3.945 0.000925105
3.95 0.000922752
3.955 0.000920408
3.96 0.000918073
3.965 0.000915747
3.97 0.000913429
3.975 0.000911121
3.98 0.000908821
3.985 0.00090653
3.99 0.000904248
3.995 0.000901974
4 0.000899709
4.005 0.000897452
4.01 0.000895204
4.015 0.000892964
4.02 0.000890732
4.025 0.000888509
4.03 0.000886295
4.035 0.000884088
4.04 0.00088189
4.045 0.0008797
4.05 0.000877518
4.055 0.000875344
4.06 0.000873178
4.065 0.000871021
4.07 0.000868871
4.075 0.000866729
4.08 0.000864595
4.085 0.000862469
4.09 0.000860351
4.095 0.000858241
4.1 0.000856138
4.105 0.000854043
4.11 0.000851956
4.115 0.000849876
4.12 0.000847804
4.125 0.00084574
4.13 0.000843683
4.135 0.000841634
4.14 0.000839592
4.145 0.000837557
4.15 0.00083553
4.155 0.00083351
4.16 0.000831498
4.165 0.000829492
4.17 0.000827494
4.175 0.000825504
4.18 0.00082352
4.185 0.000821544
4.19 0.000819574
4.195 0.000817612
4.2 0.000815657
4.205 0.000813709
4.21 0.000811767
4.215 0.000809833
4.22 0.000807906
4.225 0.000805985
4.23 0.000804072
4.235 0.000802165
4.24 0.000800264
4.245 0.000798371
4.25 0.000796484
4.255 0.000794604
4.26 0.000792731
4.265 0.000790864
4.27 0.000789004
4.275 0.000787151
4.28 0.000785304
4.285 0.000783463
4.29 0.000781629
4.295 0.000779801
4.3 0.00077798
4.305 0.000776165
4.31 0.000774357
4.315 0.000772554
4.32 0.000770758
4.325 0.000768969
4.33 0.000767185
4.335 0.000765408
4.34 0.000763637
4.345 0.000761872
4.35 0.000760113
4.355 0.00075836
4.36 0.000756613
4.365 0.000754873
4.37 0.000753138
4.375 0.000751409
4.38 0.000749686
4.385 0.00074797
4.39 0.000746259
4.395 0.000744554
4.4 0.000742854
4.405 0.000741161
4.41 0.000739473
4.415 0.000737791
4.42 0.000736115
4.425 0.000734444
4.43 0.00073278
4.435 0.00073112
4.44 0.000729467
4.445 0.000727819
4.45 0.000726177
4.455 0.00072454
4.46 0.000722909
4.465 0.000721283
4.47 0.000719663
4.475 0.000718048
4.48 0.000716438
4.485 0.000714834
4.49 0.000713236
4.495 0.000711642
4.5 0.000710054
4.505 0.000708472
4.51 0.000706894
4.515 0.000705322
4.52 0.000703755
4.525 0.000702194
4.53 0.000700637
4.535 0.000699086
4.54 0.00069754
4.545 0.000695999
4.55 0.000694463
4.555 0.000692932
4.56 0.000691406
4.565 0.000689886
4.57 0.00068837
4.575 0.000686859
4.58 0.000685353
4.585 0.000683853
4.59 0.000682357
4.595 0.000680866
4.6 0.00067938
4.605 0.000677898
4.61 0.000676422
4.615 0.00067495
4.62 0.000673483
4.625 0.000672021
4.63 0.000670564
4.635 0.000669112
4.64 0.000667664
4.645 0.000666221
4.65 0.000664782
4.655 0.000663348
4.66 0.000661919
4.665 0.000660495
4.67 0.000659075
4.675 0.000657659
4.68 0.000656248
4.685 0.000654842
4.69 0.00065344
4.695 0.000652043
4.7 0.00065065
4.705 0.000649262
4.71 0.000647878
4.715 0.000646498
4.72 0.000645123
4.725 0.000643752
4.73 0.000642386
4.735 0.000641024
4.74 0.000639666
4.745 0.000638313
4.75 0.000636964
4.755 0.000635619
4.76 0.000634279
4.765 0.000632942
4.77 0.00063161
4.775 0.000630282
4.78 0.000628958
4.785 0.000627639
4.79 0.000626323
4.795 0.000625012
4.8 0.000623705
4.805 0.000622402
4.81 0.000621103
4.815 0.000619808
4.82 0.000618517
4.825 0.00061723
4.83 0.000615947
4.835 0.000614669
4.84 0.000613394
4.845 0.000612123
4.85 0.000610856
4.855 0.000609593
4.86 0.000608334
4.865 0.000607078
4.87 0.000605827
4.875 0.00060458
4.88 0.000603336
4.885 0.000602096
4.89 0.00060086
4.895 0.000599628
4.9 0.000598399
4.905 0.000597175
4.91 0.000595954
4.915 0.000594737
4.92 0.000593523
4.925 0.000592314
4.93 0.000591108
4.935 0.000589905
4.94 0.000588707
4.945 0.000587512
4.95 0.00058632
4.955 0.000585133
4.96 0.000583948
4.965 0.000582768
4.97 0.000581591
4.975 0.000580417
4.98 0.000579247
4.985 0.000578081
4.99 0.000576918
4.995 0.000575759
5 0.000574603
5.005 0.000573451
5.01 0.000572302
5.015 0.000571156
5.02 0.000570014
5.025 0.000568876
5.03 0.000567741
5.035 0.000566609
5.04 0.00056548
5.045 0.000564355
5.05 0.000563234
5.055 0.000562115
5.06 0.000561
5.065 0.000559889
5.07 0.00055878
5.075 0.000557675
5.08 0.000556573
5.085 0.000555475
5.09 0.000554379
5.095 0.000553287
5.1 0.000552198
5.105 0.000551113
5.11 0.00055003
5.115 0.000548951
5.12 0.000547875
5.125 0.000546802
5.13 0.000545732
5.135 0.000544665
5.14 0.000543602
5.145 0.000542542
5.15 0.000541484
5.155 0.00054043
5.16 0.000539379
5.165 0.000538331
5.17 0.000537286
5.175 0.000536244
5.18 0.000535205
5.185 0.000534169
5.19 0.000533136
5.195 0.000532106
5.2 0.000531079
5.205 0.000530055
5.21 0.000529034
5.215 0.000528016
5.22 0.000527
5.225 0.000525988
5.23 0.000524979
5.235 0.000523972
5.24 0.000522969
5.245 0.000521968
5.25 0.00052097
5.255 0.000519975
5.26 0.000518983
5.265 0.000517994
5.27 0.000517008
5.275 0.000516024
5.28 0.000515043
5.285 0.000514065
5.29 0.00051309
5.295 0.000512118
5.3 0.000511148
5.305 0.000510181
5.31 0.000509217
5.315 0.000508255
5.32 0.000507296
5.325 0.00050634
5.33 0.000505387
5.335 0.000504436
5.34 0.000503488
5.345 0.000502543
5.35 0.000501601
5.355 0.000500661
5.36 0.000499723
5.365 0.000498788
5.37 0.000497856
5.375 0.000496927
5.38 0.000496
5.385 0.000495076
5.39 0.000494154
5.395 0.000493235
5.4 0.000492318
5.405 0.000491404
5.41 0.000490493
5.415 0.000489584
5.42 0.000488677
5.425 0.000487773
5.43 0.000486872
5.435 0.000485973
5.44 0.000485077
5.445 0.000484183
5.45 0.000483291
5.455 0.000482402
5.46 0.000481515
5.465 0.000480631
5.47 0.00047975
5.475 0.00047887
5.48 0.000477993
5.485 0.000477119
5.49 0.000476247
5.495 0.000475377
5.5 0.00047451
5.505 0.000473645
5.51 0.000472782
5.515 0.000471922
5.52 0.000471064
5.525 0.000470209
5.53 0.000469356
5.535 0.000468505
5.54 0.000467656
5.545 0.00046681
5.55 0.000465966
5.555 0.000465124
5.56 0.000464285
5.565 0.000463448
5.57 0.000462613
5.575 0.00046178
5.58 0.00046095
5.585 0.000460122
5.59 0.000459296
5.595 0.000458472
5.6 0.000457651
5.605 0.000456831
5.61 0.000456014
5.615 0.0004552
5.62 0.000454387
5.625 0.000453576
5.63 0.000452768
5.635 0.000451962
5.64 0.000451158
5.645 0.000450356
5.65 0.000449556
5.655 0.000448758
5.66 0.000447963
5.665 0.000447169
5.67 0.000446378
5.675 0.000445589
5.68 0.000444802
5.685 0.000444017
5.69 0.000443234
5.695 0.000442453
5.7 0.000441674
5.705 0.000440897
5.71 0.000440123
5.715 0.00043935
5.72 0.000438579
5.725 0.000437811
5.73 0.000437044
5.735 0.00043628
5.74 0.000435517
5.745 0.000434756
5.75 0.000433998
5.755 0.000433241
5.76 0.000432487
5.765 0.000431734
5.77 0.000430983
5.775 0.000430234
5.78 0.000429488
5.785 0.000428743
5.79 0.000428
5.795 0.000427259
5.8 0.00042652
5.805 0.000425783
5.81 0.000425047
5.815 0.000424314
5.82 0.000423583
5.825 0.000422853
5.83 0.000422125
5.835 0.0004214
5.84 0.000420676
5.845 0.000419954
5.85 0.000419233
5.855 0.000418515
5.86 0.000417799
5.865 0.000417084
5.87 0.000416371
5.875 0.00041566
5.88 0.000414951
5.885 0.000414243
5.89 0.000413538
5.895 0.000412834
5.9 0.000412132
5.905 0.000411432
5.91 0.000410734
5.915 0.000410037
5.92 0.000409342
5.925 0.000408649
5.93 0.000407958
5.935 0.000407268
5.94 0.00040658
5.945 0.000405894
5.95 0.00040521
5.955 0.000404527
5.96 0.000403846
5.965 0.000403167
5.97 0.00040249
5.975 0.000401814
5.98 0.00040114
5.985 0.000400467
5.99 0.000399797
5.995 0.000399128
6 0.00039846
6.005 0.000397795
6.01 0.000397131
6.015 0.000396468
6.02 0.000395808
6.025 0.000395149
6.03 0.000394491
6.035 0.000393836
6.04 0.000393181
6.045 0.000392529
6.05 0.000391878
6.055 0.000391229
6.06 0.000390581
6.065 0.000389935
6.07 0.000389291
6.075 0.000388648
6.08 0.000388007
6.085 0.000387367
6.09 0.000386729
6.095 0.000386093
6.1 0.000385458
6.105 0.000384824
6.11 0.000384193
6.115 0.000383562
6.12 0.000382934
6.125 0.000382306
6.13 0.000381681
6.135 0.000381057
6.14 0.000380434
6.145 0.000379813
6.15 0.000379194
6.155 0.000378576
6.16 0.000377959
6.165 0.000377344
6.17 0.000376731
6.175 0.000376119
6.18 0.000375508
6.185 0.000374899
6.19 0.000374292
6.195 0.000373686
6.2 0.000373081
6.205 0.000372478
6.21 0.000371876
6.215 0.000371276
6.22 0.000370677
6.225 0.00037008
6.23 0.000369484
6.235 0.00036889
6.24 0.000368297
6.245 0.000367705
6.25 0.000367115
6.255 0.000366527
6.26 0.000365939
6.265 0.000365353
6.27 0.000364769
6.275 0.000364186
6.28 0.000363604
6.285 0.000363024
6.29 0.000362445
6.295 0.000361867
6.3 0.000361291
6.305 0.000360717
6.31 0.000360143
6.315 0.000359571
6.32 0.000359
6.325 0.000358431
6.33 0.000357863
6.335 0.000357297
6.34 0.000356731
6.345 0.000356167
6.35 0.000355605
6.355 0.000355044
6.36 0.000354484
6.365 0.000353925
6.37 0.000353368
6.375 0.000352812
6.38 0.000352257
6.385 0.000351704
6.39 0.000351152
6.395 0.000350601
6.4 0.000350052
6.405 0.000349503
6.41 0.000348956
6.415 0.000348411
6.42 0.000347867
6.425 0.000347324
6.43 0.000346782
6.435 0.000346241
6.44 0.000345702
6.445 0.000345164
6.45 0.000344627
6.455 0.000344092
6.46 0.000343558
6.465 0.000343025
6.47 0.000342493
6.475 0.000341962
6.48 0.000341433
6.485 0.000340905
6.49 0.000340378
6.495 0.000339853
6.5 0.000339328
6.505 0.000338805
6.51 0.000338283
6.515 0.000337762
6.52 0.000337243
6.525 0.000336724
6.53 0.000336207
6.535 0.000335691
6.54 0.000335176
6.545 0.000334663
6.55 0.00033415
6.555 0.000333639
6.56 0.000333129
6.565 0.00033262
6.57 0.000332112
6.575 0.000331606
6.58 0.0003311
6.585 0.000330596
6.59 0.000330093
6.595 0.000329591
6.6 0.00032909
6.605 0.00032859
6.61 0.000328092
6.615 0.000327594
6.62 0.000327098
6.625 0.000326603
6.63 0.000326109
6.635 0.000325616
6.64 0.000325124
6.645 0.000324633
6.65 0.000324144
6.655 0.000323655
6.66 0.000323168
6.665 0.000322682
6.67 0.000322197
6.675 0.000321713
6.68 0.00032123
6.685 0.000320748
6.69 0.000320267
6.695 0.000319787
6.7 0.000319308
6.705 0.000318831
6.71 0.000318354
6.715 0.000317879
6.72 0.000317404
6.725 0.000316931
6.73 0.000316459
6.735 0.000315988
6.74 0.000315517
6.745 0.000315048
6.75 0.00031458
6.755 0.000314113
6.76 0.000313647
6.765 0.000313182
6.77 0.000312718
6.775 0.000312256
6.78 0.000311794
6.785 0.000311333
6.79 0.000310873
6.795 0.000310414
6.8 0.000309956
6.805 0.0003095
6.81 0.000309044
6.815 0.000308589
6.82 0.000308135
6.825 0.000307683
6.83 0.000307231
6.835 0.00030678
6.84 0.00030633
6.845 0.000305882
6.85 0.000305434
6.855 0.000304987
6.86 0.000304541
6.865 0.000304096
6.87 0.000303652
6.875 0.000303209
6.88 0.000302768
6.885 0.000302327
6.89 0.000301887
6.895 0.000301447
6.9 0.000301009
6.905 0.000300572
6.91 0.000300136
6.915 0.000299701
6.92 0.000299266
6.925 0.000298833
6.93 0.000298401
6.935 0.000297969
6.94 0.000297539
6.945 0.000297109
6.95 0.00029668
6.955 0.000296253
6.96 0.000295826
6.965 0.0002954
6.97 0.000294975
6.975 0.000294551
6.98 0.000294128
6.985 0.000293705
6.99 0.000293284
6.995 0.000292864
7 0.000292444
7.005 0.000292026
7.01 0.000291608
7.015 0.000291191
7.02 0.000290775
7.025 0.00029036
7.03 0.000289946
7.035 0.000289533
7.04 0.00028912
7.045 0.000288709
7.05 0.000288298
7.055 0.000287888
7.06 0.000287479
7.065 0.000287071
7.07 0.000286664
7.075 0.000286258
7.08 0.000285852
7.085 0.000285448
7.09 0.000285044
7.095 0.000284641
7.1 0.000284239
7.105 0.000283838
7.11 0.000283438
7.115 0.000283038
7.12 0.00028264
7.125 0.000282242
7.13 0.000281845
7.135 0.000281449
7.14 0.000281054
7.145 0.000280659
7.15 0.000280266
7.155 0.000279873
7.16 0.000279481
7.165 0.00027909
7.17 0.0002787
7.175 0.00027831
7.18 0.000277922
7.185 0.000277534
7.19 0.000277147
7.195 0.00027676
7.2 0.000276375
7.205 0.00027599
7.21 0.000275607
7.215 0.000275224
7.22 0.000274841
7.225 0.00027446
7.23 0.000274079
7.235 0.000273699
7.24 0.00027332
7.245 0.000272942
7.25 0.000272565
7.255 0.000272188
7.26 0.000271812
7.265 0.000271437
7.27 0.000271063
7.275 0.000270689
7.28 0.000270316
7.285 0.000269944
7.29 0.000269573
7.295 0.000269202
7.3 0.000268833
7.305 0.000268464
7.31 0.000268095
7.315 0.000267728
7.32 0.000267361
7.325 0.000266995
7.33 0.00026663
7.335 0.000266266
7.34 0.000265902
7.345 0.000265539
7.35 0.000265177
7.355 0.000264815
7.36 0.000264454
7.365 0.000264094
7.37 0.000263735
7.375 0.000263377
7.38 0.000263019
7.385 0.000262662
7.39 0.000262305
7.395 0.00026195
7.4 0.000261595
7.405 0.000261241
7.41 0.000260887
7.415 0.000260534
7.42 0.000260182
7.425 0.000259831
7.43 0.00025948
7.435 0.00025913
7.44 0.000258781
7.445 0.000258433
7.45 0.000258085
7.455 0.000257738
7.46 0.000257392
7.465 0.000257046
7.47 0.000256701
7.475 0.000256357
7.48 0.000256013
7.485 0.00025567
7.49 0.000255328
7.495 0.000254986
7.5 0.000254645
7.505 0.000254305
7.51 0.000253966
7.515 0.000253627
7.52 0.000253289
7.525 0.000252951
7.53 0.000252614
7.535 0.000252278
7.54 0.000251943
7.545 0.000251608
7.55 0.000251274
7.555 0.000250941
7.56 0.000250608
7.565 0.000250276
7.57 0.000249944
7.575 0.000249613
7.58 0.000249283
7.585 0.000248954
7.59 0.000248625
7.595 0.000248297
7.6 0.000247969
7.605 0.000247642
7.61 0.000247316
7.615 0.00024699
7.62 0.000246665
7.625 0.000246341
7.63 0.000246017
7.635 0.000245694
7.64 0.000245372
7.645 0.00024505
7.65 0.000244729
7.655 0.000244409
7.66 0.000244089
7.665 0.000243769
7.67 0.000243451
7.675 0.000243133
7.68 0.000242815
7.685 0.000242499
7.69 0.000242183
7.695 0.000241867
7.7 0.000241552
7.705 0.000241238
7.71 0.000240924
7.715 0.000240611
7.72 0.000240299
7.725 0.000239987
7.73 0.000239676
7.735 0.000239365
7.74 0.000239055
7.745 0.000238745
7.75 0.000238437
7.755 0.000238128
7.76 0.000237821
7.765 0.000237514
7.77 0.000237207
7.775 0.000236901
7.78 0.000236596
7.785 0.000236292
7.79 0.000235987
7.795 0.000235684
7.8 0.000235381
7.805 0.000235079
7.81 0.000234777
7.815 0.000234476
7.82 0.000234175
7.825 0.000233875
7.83 0.000233576
7.835 0.000233277
7.84 0.000232979
7.845 0.000232681
7.85 0.000232384
7.855 0.000232087
7.86 0.000231791
7.865 0.000231496
7.87 0.000231201
7.875 0.000230907
7.88 0.000230613
7.885 0.00023032
7.89 0.000230027
7.895 0.000229735
7.9 0.000229443
7.905 0.000229152
7.91 0.000228862
7.915 0.000228572
7.92 0.000228283
7.925 0.000227994
7.93 0.000227706
7.935 0.000227418
7.94 0.000227131
7.945 0.000226844
7.95 0.000226558
7.955 0.000226273
7.96 0.000225988
7.965 0.000225704
7.97 0.00022542
7.975 0.000225136
7.98 0.000224854
7.985 0.000224571
7.99 0.00022429
7.995 0.000224008
8 0.000223728
8.005 0.000223447
8.01 0.000223168
8.015 0.000222889
8.02 0.00022261
8.025 0.000222332
8.03 0.000222054
8.035 0.000221777
8.04 0.000221501
8.045 0.000221225
8.05 0.000220949
8.055 0.000220675
8.06 0.0002204
8.065 0.000220126
8.07 0.000219853
8.075 0.00021958
8.08 0.000219307
8.085 0.000219035
8.09 0.000218764
8.095 0.000218493
8.1 0.000218223
8.105 0.000217953
8.11 0.000217683
8.115 0.000217415
8.12 0.000217146
8.125 0.000216878
8.13 0.000216611
8.135 0.000216344
8.14 0.000216078
8.145 0.000215812
8.15 0.000215546
8.155 0.000215281
8.16 0.000215017
8.165 0.000214753
8.17 0.000214489
8.175 0.000214226
8.18 0.000213964
8.185 0.000213702
8.19 0.00021344
8.195 0.000213179
8.2 0.000212919
8.205 0.000212658
8.21 0.000212399
8.215 0.00021214
8.22 0.000211881
8.225 0.000211623
8.23 0.000211365
8.235 0.000211108
8.24 0.000210851
8.245 0.000210595
8.25 0.000210339
8.255 0.000210083
8.26 0.000209828
8.265 0.000209574
8.27 0.00020932
8.275 0.000209066
8.28 0.000208813
8.285 0.000208561
8.29 0.000208308
8.295 0.000208057
8.3 0.000207806
8.305 0.000207555
8.31 0.000207304
8.315 0.000207054
8.32 0.000206805
8.325 0.000206556
8.33 0.000206307
8.335 0.000206059
8.34 0.000205812
8.345 0.000205565
8.35 0.000205318
8.355 0.000205071
8.36 0.000204826
8.365 0.00020458
8.37 0.000204335
8.375 0.000204091
8.38 0.000203846
8.385 0.000203603
8.39 0.00020336
8.395 0.000203117
8.4 0.000202874
8.405 0.000202632
8.41 0.000202391
8.415 0.00020215
8.42 0.000201909
8.425 0.000201669
8.43 0.000201429
8.435 0.00020119
8.44 0.000200951
8.445 0.000200712
8.45 0.000200474
8.455 0.000200237
8.46 0.0002
8.465 0.000199763
8.47 0.000199526
8.475 0.00019929
8.48 0.000199055
8.485 0.00019882
8.49 0.000198585
8.495 0.000198351
8.5 0.000198117
8.505 0.000197883
8.51 0.00019765
8.515 0.000197418
8.52 0.000197185
8.525 0.000196953
8.53 0.000196722
8.535 0.000196491
8.54 0.00019626
8.545 0.00019603
8.55 0.0001958
8.555 0.000195571
8.56 0.000195342
8.565 0.000195113
8.57 0.000194885
8.575 0.000194657
8.58 0.00019443
8.585 0.000194203
8.59 0.000193976
8.595 0.00019375
8.6 0.000193524
8.605 0.000193299
8.61 0.000193074
8.615 0.000192849
8.62 0.000192625
8.625 0.000192401
8.63 0.000192178
8.635 0.000191955
8.64 0.000191732
8.645 0.00019151
8.65 0.000191288
8.655 0.000191066
8.66 0.000190845
8.665 0.000190625
8.67 0.000190404
8.675 0.000190184
8.68 0.000189965
8.685 0.000189745
8.69 0.000189527
8.695 0.000189308
8.7 0.00018909
8.705 0.000188872
8.71 0.000188655
8.715 0.000188438
8.72 0.000188221
8.725 0.000188005
8.73 0.000187789
8.735 0.000187574
8.74 0.000187359
8.745 0.000187144
8.75 0.00018693
8.755 0.000186716
8.76 0.000186502
8.765 0.000186289
8.77 0.000186076
8.775 0.000185864
8.78 0.000185651
8.785 0.00018544
8.79 0.000185228
8.795 0.000185017
8.8 0.000184806
8.805 0.000184596
8.81 0.000184386
8.815 0.000184176
8.82 0.000183967
8.825 0.000183758
8.83 0.00018355
8.835 0.000183341
8.84 0.000183133
8.845 0.000182926
8.85 0.000182719
8.855 0.000182512
8.86 0.000182306
8.865 0.000182099
8.87 0.000181894
8.875 0.000181688
8.88 0.000181483
8.885 0.000181279
8.89 0.000181074
8.895 0.00018087
8.9 0.000180667
8.905 0.000180463
8.91 0.00018026
8.915 0.000180058
8.92 0.000179855
8.925 0.000179653
8.93 0.000179452
8.935 0.00017925
8.94 0.000179049
8.945 0.000178849
8.95 0.000178649
8.955 0.000178449
8.96 0.000178249
8.965 0.00017805
8.97 0.000177851
8.975 0.000177652
8.98 0.000177454
8.985 0.000177256
8.99 0.000177058
8.995 0.000176861
9 0.000176664
9.005 0.000176468
9.01 0.000176271
9.015 0.000176075
9.02 0.00017588
9.025 0.000175684
9.03 0.00017549
9.035 0.000175295
9.04 0.000175101
9.045 0.000174907
9.05 0.000174713
9.055 0.000174519
9.06 0.000174326
9.065 0.000174134
9.07 0.000173941
9.075 0.000173749
9.08 0.000173557
9.085 0.000173366
9.09 0.000173175
9.095 0.000172984
9.1 0.000172794
9.105 0.000172603
9.11 0.000172413
9.115 0.000172224
9.12 0.000172035
9.125 0.000171846
9.13 0.000171657
9.135 0.000171469
9.14 0.000171281
9.145 0.000171093
9.15 0.000170906
9.155 0.000170719
9.16 0.000170532
9.165 0.000170345
9.17 0.000170159
9.175 0.000169973
9.18 0.000169788
9.185 0.000169603
9.19 0.000169418
9.195 0.000169233
9.2 0.000169049
9.205 0.000168865
9.21 0.000168681
9.215 0.000168497
9.22 0.000168314
9.225 0.000168131
9.23 0.000167949
9.235 0.000167767
9.24 0.000167585
9.245 0.000167403
9.25 0.000167222
9.255 0.000167041
9.26 0.00016686
9.265 0.000166679
9.27 0.000166499
9.275 0.000166319
9.28 0.00016614
9.285 0.00016596
9.29 0.000165781
9.295 0.000165603
9.3 0.000165424
9.305 0.000165246
9.31 0.000165068
9.315 0.000164891
9.32 0.000164713
9.325 0.000164536
9.33 0.00016436
9.335 0.000164183
9.34 0.000164007
9.345 0.000163831
9.35 0.000163656
9.355 0.00016348
9.36 0.000163305
9.365 0.00016313
9.37 0.000162956
9.375 0.000162782
9.38 0.000162608
9.385 0.000162434
9.39 0.000162261
9.395 0.000162088
9.4 0.000161915
9.405 0.000161743
9.41 0.00016157
9.415 0.000161398
9.42 0.000161227
9.425 0.000161055
9.43 0.000160884
9.435 0.000160713
9.44 0.000160543
9.445 0.000160372
9.45 0.000160202
9.455 0.000160032
9.46 0.000159863
9.465 0.000159694
9.47 0.000159525
9.475 0.000159356
9.48 0.000159187
9.485 0.000159019
9.49 0.000158851
9.495 0.000158684
9.5 0.000158516
9.505 0.000158349
9.51 0.000158182
9.515 0.000158016
9.52 0.000157849
9.525 0.000157683
9.53 0.000157518
9.535 0.000157352
9.54 0.000157187
9.545 0.000157022
9.55 0.000156857
9.555 0.000156693
9.56 0.000156528
9.565 0.000156364
9.57 0.000156201
9.575 0.000156037
9.58 0.000155874
9.585 0.000155711
9.59 0.000155548
9.595 0.000155386
9.6 0.000155224
9.605 0.000155062
9.61 0.0001549
9.615 0.000154739
9.62 0.000154577
9.625 0.000154416
9.63 0.000154256
9.635 0.000154095
9.64 0.000153935
9.645 0.000153775
9.65 0.000153616
9.655 0.000153456
9.66 0.000153297
9.665 0.000153138
9.67 0.000152979
9.675 0.000152821
9.68 0.000152663
9.685 0.000152505
9.69 0.000152347
9.695 0.00015219
9.7 0.000152032
9.705 0.000151875
9.71 0.000151719
9.715 0.000151562
9.72 0.000151406
9.725 0.00015125
9.73 0.000151094
9.735 0.000150939
9.74 0.000150783
9.745 0.000150628
9.75 0.000150474
9.755 0.000150319
9.76 0.000150165
9.765 0.000150011
9.77 0.000149857
9.775 0.000149703
9.78 0.00014955
9.785 0.000149397
9.79 0.000149244
9.795 0.000149091
9.8 0.000148939
9.805 0.000148786
9.81 0.000148634
9.815 0.000148483
9.82 0.000148331
9.825 0.00014818
9.83 0.000148029
9.835 0.000147878
9.84 0.000147727
9.845 0.000147577
9.85 0.000147427
9.855 0.000147277
9.86 0.000147127
9.865 0.000146978
9.87 0.000146829
9.875 0.00014668
9.88 0.000146531
9.885 0.000146382
9.89 0.000146234
9.895 0.000146086
9.9 0.000145938
9.905 0.000145791
9.91 0.000145643
9.915 0.000145496
9.92 0.000145349
9.925 0.000145202
9.93 0.000145056
9.935 0.000144909
9.94 0.000144763
9.945 0.000144618
9.95 0.000144472
9.955 0.000144327
9.96 0.000144181
9.965 0.000144036
9.97 0.000143892
9.975 0.000143747
9.98 0.000143603
9.985 0.000143459
9.99 0.000143315
9.995 0.000143171
