0 -nan
0.005 0.0460098
0.01 0.0790833
0.015 0.343531
0.02 0.420121
0.025 0.0831271
0.03 0.82908
0.035 0.813466
0.04 0.396214
0.045 0.129204
0.05 0.0876163
0.055 0.180633
0.06 0.321209
0.065 0.459191
0.07 0.572974
0.075 0.656961
0.08 0.712987
0.085 0.745622
0.09 0.759909
0.095 0.760413
0.1 0.750919
0.105 0.734416
0.11 0.713194
0.115 0.688971
0.12 0.663015
0.125 0.636249
0.13 0.609331
0.135 0.582727
0.14 0.556756
0.145 0.531628
0.15 0.507478
0.155 0.484382
0.16 0.462373
0.165 0.441459
0.17 0.421625
0.175 0.402842
0.18 0.385073
0.185 0.368275
0.19 0.3524
0.195 0.337401
0.2 0.323229
0.205 0.309838
0.21 0.29718
0.215 0.285213
0.22 0.273894
0.225 0.263183
0.23 0.253042
0.235 0.243436
0.24 0.234332
0.245 0.225697
0.25 0.217504
0.255 0.209725
0.26 0.202335
0.265 0.195309
0.27 0.188626
0.275 0.182265
0.28 0.176206
0.285 0.170433
0.29 0.164928
0.295 0.159675
0.3 0.154661
0.305 0.149871
0.31 0.145293
0.315 0.140915
0.32 0.136726
0.325 0.132715
0.33 0.128873
0.335 0.125192
0.34 0.121661
0.345 0.118274
0.35 0.115024
0.355 0.111902
0.36 0.108903
0.365 0.106019
0.37 0.103247
0.375 0.10058
0.38 0.098012
0.385 0.0955397
0.39 0.0931579
0.395 0.0908624
0.4 0.0886492
0.405 0.0865145
0.41 0.0844546
0.415 0.0824662
0.42 0.0805461
0.425 0.0786912
0.43 0.0768986
0.435 0.0751657
0.44 0.0734899
0.445 0.0718686
0.45 0.0702997
0.455 0.0687809
0.46 0.0673101
0.465 0.0658854
0.47 0.0645049
0.475 0.0631667
0.48 0.0618693
0.485 0.060611
0.49 0.0593902
0.495 0.0582055
0.5 0.0570555
0.505 0.0559389
0.51 0.0548544
0.515 0.0538008
0.52 0.0527769
0.525 0.0517817
0.53 0.0508141
0.535 0.0498731
0.54 0.0489578
0.545 0.0480672
0.55 0.0472004
0.555 0.0463567
0.56 0.0455352
0.565 0.0447352
0.57 0.0439559
0.575 0.0431965
0.58 0.0424566
0.585 0.0417353
0.59 0.0410321
0.595 0.0403464
0.6 0.0396777
0.605 0.0390252
0.61 0.0383887
0.615 0.0377674
0.62 0.037161
0.625 0.036569
0.63 0.0359909
0.635 0.0354264
0.64 0.0348749
0.645 0.0343361
0.65 0.0338096
0.655 0.0332951
0.66 0.0327922
0.665 0.0323004
0.67 0.0318196
0.675 0.0313494
0.68 0.0308895
0.685 0.0304396
0.69 0.0299993
0.695 0.0295685
0.7 0.0291469
0.705 0.0287341
0.71 0.0283301
0.715 0.0279344
0.72 0.0275469
0.725 0.0271674
0.73 0.0267956
0.735 0.0264314
0.74 0.0260745
0.745 0.0257248
0.75 0.025382
0.755 0.025046
0.76 0.0247166
0.765 0.0243936
0.77 0.0240768
0.775 0.0237662
0.78 0.0234615
0.785 0.0231626
0.79 0.0228694
0.795 0.0225817
0.8 0.0222993
0.805 0.0220222
0.81 0.0217502
0.815 0.0214832
0.82 0.021221
0.825 0.0209636
0.83 0.0207109
0.835 0.0204626
0.84 0.0202188
0.845 0.0199793
0.85 0.019744
0.855 0.0195129
0.86 0.0192857
0.865 0.0190625
0.87 0.0188431
0.875 0.0186275
0.88 0.0184155
0.885 0.0182071
0.89 0.0180023
0.895 0.0178008
0.9 0.0176027
0.905 0.0174079
0.91 0.0172163
0.915 0.0170278
0.92 0.0168424
0.925 0.01666
0.93 0.0164805
0.935 0.0163039
0.94 0.0161302
0.945 0.0159591
0.95 0.0157908
0.955 0.0156251
0.96 0.015462
0.965 0.0153015
0.97 0.0151434
0.975 0.0149877
0.98 0.0148344
0.985 0.0146835
0.99 0.0145349
0.995 0.0143884
1 0.0142442
1.005 0.0141021
1.01 0.0139622
1.015 0.0138243
1.02 0.0136884
1.025 0.0135546
1.03 0.0134226
1.035 0.0132926
1.04 0.0131645
1.045 0.0130382
1.05 0.0129137
1.055 0.0127909
1.06 0.01267
1.065 0.0125507
1.07 0.0124331
1.075 0.0123171
1.08 0.0122027
1.085 0.0120899
1.09 0.0119787
1.095 0.011869
1.1 0.0117608
1.105 0.0116541
1.11 0.0115488
1.115 0.0114449
1.12 0.0113424
1.125 0.0112413
1.13 0.0111415
1.135 0.0110431
1.14 0.0109459
1.145 0.0108501
1.15 0.0107554
1.155 0.010662
1.16 0.0105698
1.165 0.0104788
1.17 0.010389
1.175 0.0103003
1.18 0.0102127
1.185 0.0101263
1.19 0.0100409
1.195 0.00995666
1.2 0.00987342
1.205 0.00979123
1.21 0.00971006
1.215 0.00962989
1.22 0.00955071
1.225 0.00947249
1.23 0.00939524
1.235 0.00931892
1.24 0.00924353
1.245 0.00916904
1.25 0.00909545
1.255 0.00902275
1.26 0.00895091
1.265 0.00887992
1.27 0.00880977
1.275 0.00874045
1.28 0.00867194
1.285 0.00860423
1.29 0.00853732
1.295 0.00847117
1.3 0.0084058
1.305 0.00834117
1.31 0.00827729
1.315 0.00821414
1.32 0.0081517
1.325 0.00808997
1.33 0.00802895
1.335 0.0079686
1.34 0.00790894
1.345 0.00784994
1.35 0.0077916
1.355 0.0077339
1.36 0.00767684
1.365 0.00762041
1.37 0.0075646
1.375 0.0075094
1.38 0.0074548
1.385 0.0074008
1.39 0.00734737
1.395 0.00729452
1.4 0.00724224
1.405 0.00719052
1.41 0.00713935
1.415 0.00708873
1.42 0.00703864
1.425 0.00698908
1.43 0.00694003
1.435 0.00689151
1.44 0.00684349
1.445 0.00679596
1.45 0.00674894
1.455 0.00670239
1.46 0.00665633
1.465 0.00661074
1.47 0.00656561
1.475 0.00652095
1.48 0.00647674
1.485 0.00643297
1.49 0.00638965
1.495 0.00634676
1.5 0.00630431
1.505 0.00626228
1.51 0.00622066
1.515 0.00617946
1.52 0.00613867
1.525 0.00609827
1.53 0.00605828
1.535 0.00601868
1.54 0.00597946
1.545 0.00594062
1.55 0.00590217
1.555 0.00586408
1.56 0.00582636
1.565 0.005789
1.57 0.005752
1.575 0.00571536
1.58 0.00567906
1.585 0.00564311
1.59 0.00560749
1.595 0.00557222
1.6 0.00553727
1.605 0.00550265
1.61 0.00546836
1.615 0.00543438
1.62 0.00540072
1.625 0.00536737
1.63 0.00533433
1.635 0.00530159
1.64 0.00526915
1.645 0.00523701
1.65 0.00520517
1.655 0.00517361
1.66 0.00514233
1.665 0.00511134
1.67 0.00508063
1.675 0.0050502
1.68 0.00502003
1.685 0.00499014
1.69 0.00496051
1.695 0.00493114
1.7 0.00490204
1.705 0.00487319
1.71 0.00484459
1.715 0.00481625
1.72 0.00478815
1.725 0.0047603
1.73 0.00473269
1.735 0.00470532
1.74 0.00467819
1.745 0.00465129
1.75 0.00462462
1.755 0.00459818
1.76 0.00457196
1.765 0.00454597
1.77 0.0045202
1.775 0.00449465
1.78 0.00446931
1.785 0.00444419
1.79 0.00441928
1.795 0.00439457
1.8 0.00437008
1.805 0.00434578
1.81 0.00432169
1.815 0.0042978
1.82 0.00427411
1.825 0.00425061
1.83 0.0042273
1.835 0.00420419
1.84 0.00418126
1.845 0.00415853
1.85 0.00413597
1.855 0.0041136
1.86 0.00409141
1.865 0.0040694
1.87 0.00404756
1.875 0.00402591
1.88 0.00400442
1.885 0.0039831
1.89 0.00396196
1.895 0.00394098
1.9 0.00392017
1.905 0.00389953
1.91 0.00387904
1.915 0.00385872
1.92 0.00383855
1.925 0.00381855
1.93 0.0037987
1.935 0.003779
1.94 0.00375946
1.945 0.00374006
1.95 0.00372082
1.955 0.00370172
1.96 0.00368278
1.965 0.00366397
1.97 0.00364531
1.975 0.00362679
1.98 0.00360842
1.985 0.00359018
1.99 0.00357208
1.995 0.00355412
2 0.00353629
2.005 0.00351859
2.01 0.00350103
2.015 0.0034836
2.02 0.0034663
2.025 0.00344912
2.03 0.00343208
2.035 0.00341516
2.04 0.00339836
2.045 0.00338169
2.05 0.00336514
2.055 0.00334871
2.06 0.0033324
2.065 0.00331621
2.07 0.00330014
2.075 0.00328418
2.08 0.00326834
2.085 0.00325262
2.09 0.00323701
2.095 0.0032215
2.1 0.00320612
2.105 0.00319084
2.11 0.00317566
2.115 0.0031606
2.12 0.00314564
2.125 0.00313079
2.13 0.00311605
2.135 0.00310141
2.14 0.00308687
2.145 0.00307243
2.15 0.0030581
2.155 0.00304386
2.16 0.00302972
2.165 0.00301569
2.17 0.00300174
2.175 0.0029879
2.18 0.00297415
2.185 0.0029605
2.19 0.00294693
2.195 0.00293347
2.2 0.00292009
2.205 0.00290681
2.21 0.00289361
2.215 0.00288051
2.22 0.00286749
2.225 0.00285456
2.23 0.00284172
2.235 0.00282897
2.24 0.0028163
2.245 0.00280371
2.25 0.00279121
2.255 0.0027788
2.26 0.00276646
2.265 0.00275421
2.27 0.00274204
2.275 0.00272995
2.28 0.00271794
2.285 0.00270601
2.29 0.00269416
2.295 0.00268238
2.3 0.00267068
2.305 0.00265906
2.31 0.00264751
2.315 0.00263604
2.32 0.00262464
2.325 0.00261332
2.33 0.00260207
2.335 0.00259089
2.34 0.00257979
2.345 0.00256875
2.35 0.00255779
2.355 0.00254689
2.36 0.00253607
2.365 0.00252531
2.37 0.00251463
2.375 0.00250401
2.38 0.00249345
2.385 0.00248297
2.39 0.00247255
2.395 0.00246219
2.4 0.0024519
2.405 0.00244167
2.41 0.00243151
2.415 0.00242141
2.42 0.00241138
2.425 0.0024014
2.43 0.00239149
2.435 0.00238164
2.44 0.00237185
2.445 0.00236212
2.45 0.00235245
2.455 0.00234284
2.46 0.00233329
2.465 0.00232379
2.47 0.00231436
2.475 0.00230498
2.48 0.00229566
2.485 0.00228639
2.49 0.00227718
2.495 0.00226803
2.5 0.00225893
2.505 0.00224989
2.51 0.0022409
2.515 0.00223196
2.52 0.00222308
2.525 0.00221425
2.53 0.00220547
2.535 0.00219674
2.54 0.00218807
2.545 0.00217945
2.55 0.00217087
2.555 0.00216235
2.56 0.00215388
2.565 0.00214546
2.57 0.00213709
2.575 0.00212876
2.58 0.00212049
2.585 0.00211226
2.59 0.00210408
2.595 0.00209595
2.6 0.00208787
2.605 0.00207983
2.61 0.00207184
2.615 0.00206389
2.62 0.00205599
2.625 0.00204814
2.63 0.00204033
2.635 0.00203256
2.64 0.00202484
2.645 0.00201716
2.65 0.00200953
2.655 0.00200194
2.66 0.00199439
2.665 0.00198689
2.67 0.00197942
2.675 0.001972
2.68 0.00196462
2.685 0.00195729
2.69 0.00194999
2.695 0.00194273
2.7 0.00193552
2.705 0.00192834
2.71 0.00192121
2.715 0.00191411
2.72 0.00190705
2.725 0.00190003
2.73 0.00189306
2.735 0.00188611
2.74 0.00187921
2.745 0.00187235
2.75 0.00186552
2.755 0.00185873
2.76 0.00185197
2.765 0.00184526
2.77 0.00183858
2.775 0.00183193
2.78 0.00182533
2.785 0.00181875
2.79 0.00181222
2.795 0.00180571
2.8 0.00179925
2.805 0.00179282
2.81 0.00178642
2.815 0.00178005
2.82 0.00177373
2.825 0.00176743
2.83 0.00176117
2.835 0.00175494
2.84 0.00174874
2.845 0.00174258
2.85 0.00173645
2.855 0.00173035
2.86 0.00172428
2.865 0.00171825
2.87 0.00171224
2.875 0.00170627
2.88 0.00170033
2.885 0.00169442
2.89 0.00168854
2.895 0.00168269
2.9 0.00167688
2.905 0.00167109
2.91 0.00166533
2.915 0.0016596
2.92 0.0016539
2.925 0.00164823
2.93 0.00164259
2.935 0.00163698
2.94 0.0016314
2.945 0.00162584
2.95 0.00162032
2.955 0.00161482
2.96 0.00160935
2.965 0.00160391
2.97 0.00159849
2.975 0.0015931
2.98 0.00158774
2.985 0.00158241
2.99 0.0015771
2.995 0.00157182
3 0.00156657
3.005 0.00156134
3.01 0.00155614
3.015 0.00155097
3.02 0.00154582
3.025 0.0015407
3.03 0.0015356
3.035 0.00153052
3.04 0.00152548
3.045 0.00152045
3.05 0.00151546
3.055 0.00151048
3.06 0.00150553
3.065 0.00150061
3.07 0.00149571
3.075 0.00149083
3.08 0.00148598
3.085 0.00148115
3.09 0.00147634
3.095 0.00147156
3.1 0.0014668
3.105 0.00146206
3.11 0.00145735
3.115 0.00145266
3.12 0.00144799
3.125 0.00144335
3.13 0.00143872
3.135 0.00143412
3.14 0.00142954
3.145 0.00142499
3.15 0.00142045
3.155 0.00141594
3.16 0.00141144
3.165 0.00140697
3.17 0.00140252
3.175 0.0013981
3.18 0.00139369
3.185 0.0013893
3.19 0.00138493
3.195 0.00138059
3.2 0.00137626
3.205 0.00137196
3.21 0.00136767
3.215 0.00136341
3.22 0.00135916
3.225 0.00135494
3.23 0.00135073
3.235 0.00134655
3.24 0.00134238
3.245 0.00133823
3.25 0.00133411
3.255 0.00133
3.26 0.00132591
3.265 0.00132184
3.27 0.00131778
3.275 0.00131375
3.28 0.00130973
3.285 0.00130574
3.29 0.00130176
3.295 0.0012978
3.3 0.00129386
3.305 0.00128993
3.31 0.00128602
3.315 0.00128214
3.32 0.00127826
3.325 0.00127441
3.33 0.00127057
3.335 0.00126675
3.34 0.00126295
3.345 0.00125917
3.35 0.0012554
3.355 0.00125165
3.36 0.00124791
3.365 0.0012442
3.37 0.0012405
3.375 0.00123681
3.38 0.00123314
3.385 0.00122949
3.39 0.00122585
3.395 0.00122224
3.4 0.00121863
3.405 0.00121504
3.41 0.00121147
3.415 0.00120792
3.42 0.00120438
3.425 0.00120085
3.43 0.00119734
3.435 0.00119385
3.44 0.00119037
3.445 0.0011869
3.45 0.00118346
3.455 0.00118002
3.46 0.0011766
3.465 0.0011732
3.47 0.00116981
3.475 0.00116644
3.48 0.00116308
3.485 0.00115973
3.49 0.0011564
3.495 0.00115308
3.5 0.00114978
3.505 0.00114649
3.51 0.00114322
3.515 0.00113996
3.52 0.00113671
3.525 0.00113348
3.53 0.00113026
3.535 0.00112706
3.54 0.00112387
3.545 0.00112069
3.55 0.00111752
3.555 0.00111437
3.56 0.00111123
3.565 0.00110811
3.57 0.001105
3.575 0.0011019
3.58 0.00109882
3.585 0.00109574
3.59 0.00109268
3.595 0.00108964
3.6 0.0010866
3.605 0.00108358
3.61 0.00108057
3.615 0.00107758
3.62 0.00107459
3.625 0.00107162
3.63 0.00106866
3.635 0.00106572
3.64 0.00106278
3.645 0.00105986
3.65 0.00105695
3.655 0.00105405
3.66 0.00105116
3.665 0.00104829
3.67 0.00104543
3.675 0.00104258
3.68 0.00103974
3.685 0.00103691
3.69 0.00103409
3.695 0.00103129
3.7 0.00102849
3.705 0.00102571
3.71 0.00102294
3.715 0.00102018
3.72 0.00101743
3.725 0.00101469
3.73 0.00101197
3.735 0.00100925
3.74 0.00100655
3.745 0.00100385
3.75 0.00100117
3.755 0.000998497
3.76 0.000995835
3.765 0.000993184
3.77 0.000990544
3.775 0.000987914
3.78 0.000985295
3.785 0.000982686
3.79 0.000980087
3.795 0.000977499
3.8 0.00097492
3.805 0.000972353
3.81 0.000969795
3.815 0.000967247
3.82 0.000964709
3.825 0.000962181
3.83 0.000959664
3.835 0.000957156
3.84 0.000954657
3.845 0.000952169
3.85 0.00094969
3.855 0.000947221
3.86 0.000944762
3.865 0.000942312
3.87 0.000939872
3.875 0.000937441
3.88 0.00093502
3.885 0.000932608
3.89 0.000930205
3.895 0.000927811
3.9 0.000925427
3.905 0.000923052
3.91 0.000920686
3.915 0.000918329
3.92 0.000915981
3.925 0.000913643
3.93 0.000911313
3.935 0.000908992
3.94 0.00090668
3.945 0.000904376
3.95 0.000902082
3.955 0.000899796
3.96 0.000897519
3.965 0.00089525
3.97 0.00089299
3.975 0.000890739
3.98 0.000888496
3.985 0.000886261
3.99 0.000884035
3.995 0.000881818
4 0.000879608
4.005 0.000877407
4.01 0.000875215
4.015 0.00087303
4.02 0.000870854
4.025 0.000868685
4.03 0.000866525
4.035 0.000864373
4.04 0.000862229
4.045 0.000860093
4.05 0.000857965
4.055 0.000855844
4.06 0.000853732
4.065 0.000851627
4.07 0.00084953
4.075 0.000847441
4.08 0.000845359
4.085 0.000843286
4.09 0.000841219
4.095 0.000839161
4.1 0.00083711
4.105 0.000835066
4.11 0.00083303
4.115 0.000831001
4.12 0.00082898
4.125 0.000826966
4.13 0.00082496
4.135 0.00082296
4.14 0.000820968
4.145 0.000818983
4.15 0.000817006
4.155 0.000815035
4.16 0.000813072
4.165 0.000811116
4.17 0.000809167
4.175 0.000807224
4.18 0.000805289
4.185 0.000803361
4.19 0.00080144
4.195 0.000799525
4.2 0.000797618
4.205 0.000795717
4.21 0.000793823
4.215 0.000791936
4.22 0.000790055
4.225 0.000788181
4.23 0.000786314
4.235 0.000784454
4.24 0.0007826
4.245 0.000780752
4.25 0.000778911
4.255 0.000777077
4.26 0.000775249
4.265 0.000773428
4.27 0.000771613
4.275 0.000769804
4.28 0.000768002
4.285 0.000766206
4.29 0.000764416
4.295 0.000762633
4.3 0.000760855
4.305 0.000759084
4.31 0.00075732
4.315 0.000755561
4.32 0.000753808
4.325 0.000752062
4.33 0.000750321
4.335 0.000748587
4.34 0.000746859
4.345 0.000745136
4.35 0.00074342
4.355 0.000741709
4.36 0.000740005
4.365 0.000738306
4.37 0.000736613
4.375 0.000734926
4.38 0.000733245
4.385 0.000731569
4.39 0.000729899
4.395 0.000728235
4.4 0.000726577
4.405 0.000724924
4.41 0.000723277
4.415 0.000721636
4.42 0.00072
4.425 0.000718369
4.43 0.000716744
4.435 0.000715125
4.44 0.000713511
4.445 0.000711903
4.45 0.0007103
4.455 0.000708702
4.46 0.00070711
4.465 0.000705523
4.47 0.000703942
4.475 0.000702366
4.48 0.000700795
4.485 0.000699229
4.49 0.000697669
4.495 0.000696114
4.5 0.000694564
4.505 0.000693019
4.51 0.000691479
4.515 0.000689945
4.52 0.000688415
4.525 0.000686891
4.53 0.000685371
4.535 0.000683857
4.54 0.000682348
4.545 0.000680844
4.55 0.000679344
4.555 0.00067785
4.56 0.000676361
4.565 0.000674876
4.57 0.000673397
4.575 0.000671922
4.58 0.000670452
4.585 0.000668987
4.59 0.000667526
4.595 0.000666071
4.6 0.00066462
4.605 0.000663174
4.61 0.000661733
4.615 0.000660296
4.62 0.000658864
4.625 0.000657437
4.63 0.000656014
4.635 0.000654596
4.64 0.000653182
4.645 0.000651773
4.65 0.000650369
4.655 0.000648969
4.66 0.000647574
4.665 0.000646183
4.67 0.000644797
4.675 0.000643415
4.68 0.000642037
4.685 0.000640664
4.69 0.000639296
4.695 0.000637932
4.7 0.000636572
4.705 0.000635216
4.71 0.000633865
4.715 0.000632518
4.72 0.000631175
4.725 0.000629837
4.73 0.000628503
4.735 0.000627173
4.74 0.000625847
4.745 0.000624526
4.75 0.000623209
4.755 0.000621896
4.76 0.000620587
4.765 0.000619282
4.77 0.000617981
4.775 0.000616684
4.78 0.000615392
4.785 0.000614103
4.79 0.000612819
4.795 0.000611538
4.8 0.000610262
4.805 0.000608989
4.81 0.000607721
4.815 0.000606457
4.82 0.000605196
4.825 0.000603939
4.83 0.000602687
4.835 0.000601438
4.84 0.000600193
4.845 0.000598952
4.85 0.000597714
4.855 0.000596481
4.86 0.000595251
4.865 0.000594026
4.87 0.000592804
4.875 0.000591585
4.88 0.000590371
4.885 0.00058916
4.89 0.000587953
4.895 0.00058675
4.9 0.00058555
4.905 0.000584354
4.91 0.000583162
4.915 0.000581973
4.92 0.000580788
4.925 0.000579607
4.93 0.000578429
4.935 0.000577254
4.94 0.000576084
4.945 0.000574917
4.95 0.000573753
4.955 0.000572593
4.96 0.000571436
4.965 0.000570283
4.97 0.000569134
4.975 0.000567988
4.98 0.000566845
4.985 0.000565706
4.99 0.00056457
4.995 0.000563438
5 0.000562309
5.005 0.000561184
5.01 0.000560061
5.015 0.000558943
5.02 0.000557827
5.025 0.000556715
5.03 0.000555606
5.035 0.000554501
5.04 0.000553399
5.045 0.0005523
5.05 0.000551204
5.055 0.000550112
5.06 0.000549023
5.065 0.000547937
5.07 0.000546854
5.075 0.000545774
5.08 0.000544698
5.085 0.000543625
5.09 0.000542555
5.095 0.000541488
5.1 0.000540425
5.105 0.000539364
5.11 0.000538307
5.115 0.000537253
5.12 0.000536201
5.125 0.000535153
5.13 0.000534108
5.135 0.000533066
5.14 0.000532027
5.145 0.000530991
5.15 0.000529959
5.155 0.000528929
5.16 0.000527902
5.165 0.000526878
5.17 0.000525857
5.175 0.000524839
5.18 0.000523824
5.185 0.000522812
5.19 0.000521803
5.195 0.000520797
5.2 0.000519793
5.205 0.000518793
5.21 0.000517795
5.215 0.000516801
5.22 0.000515809
5.225 0.00051482
5.23 0.000513834
5.235 0.000512851
5.24 0.00051187
5.245 0.000510893
5.25 0.000509918
5.255 0.000508946
5.26 0.000507977
5.265 0.00050701
5.27 0.000506046
5.275 0.000505085
5.28 0.000504127
5.285 0.000503172
5.29 0.000502219
5.295 0.000501269
5.3 0.000500321
5.305 0.000499376
5.31 0.000498434
5.315 0.000497495
5.32 0.000496558
5.325 0.000495624
5.33 0.000494693
5.335 0.000493764
5.34 0.000492838
5.345 0.000491914
5.35 0.000490993
5.355 0.000490074
5.36 0.000489159
5.365 0.000488245
5.37 0.000487334
5.375 0.000486426
5.38 0.000485521
5.385 0.000484617
5.39 0.000483717
5.395 0.000482819
5.4 0.000481923
5.405 0.00048103
5.41 0.000480139
5.415 0.000479251
5.42 0.000478365
5.425 0.000477482
5.43 0.000476601
5.435 0.000475723
5.44 0.000474847
5.445 0.000473973
5.45 0.000473102
5.455 0.000472233
5.46 0.000471367
5.465 0.000470503
5.47 0.000469641
5.475 0.000468782
5.48 0.000467925
5.485 0.000467071
5.49 0.000466219
5.495 0.000465369
5.5 0.000464521
5.505 0.000463676
5.51 0.000462833
5.515 0.000461992
5.52 0.000461154
5.525 0.000460318
5.53 0.000459484
5.535 0.000458653
5.54 0.000457823
5.545 0.000456996
5.55 0.000456172
5.555 0.000455349
5.56 0.000454529
5.565 0.000453711
5.57 0.000452895
5.575 0.000452081
5.58 0.000451269
5.585 0.00045046
5.59 0.000449653
5.595 0.000448848
5.6 0.000448045
5.605 0.000447244
5.61 0.000446446
5.615 0.000445649
5.62 0.000444855
5.625 0.000444063
5.63 0.000443273
5.635 0.000442485
5.64 0.000441699
5.645 0.000440915
5.65 0.000440134
5.655 0.000439354
5.66 0.000438577
5.665 0.000437801
5.67 0.000437028
5.675 0.000436256
5.68 0.000435487
5.685 0.00043472
5.69 0.000433955
5.695 0.000433191
5.7 0.00043243
5.705 0.000431671
5.71 0.000430914
5.715 0.000430158
5.72 0.000429405
5.725 0.000428654
5.73 0.000427905
5.735 0.000427157
5.74 0.000426412
5.745 0.000425668
5.75 0.000424927
5.755 0.000424187
5.76 0.00042345
5.765 0.000422714
5.77 0.00042198
5.775 0.000421248
5.78 0.000420518
5.785 0.00041979
5.79 0.000419064
5.795 0.00041834
5.8 0.000417617
5.805 0.000416897
5.81 0.000416178
5.815 0.000415461
5.82 0.000414746
5.825 0.000414033
5.83 0.000413322
5.835 0.000412612
5.84 0.000411905
5.845 0.000411199
5.85 0.000410495
5.855 0.000409793
5.86 0.000409092
5.865 0.000408394
5.87 0.000407697
5.875 0.000407002
5.88 0.000406308
5.885 0.000405617
5.89 0.000404927
5.895 0.000404239
5.9 0.000403553
5.905 0.000402868
5.91 0.000402186
5.915 0.000401505
5.92 0.000400825
5.925 0.000400148
5.93 0.000399472
5.935 0.000398798
5.94 0.000398125
5.945 0.000397455
5.95 0.000396786
5.955 0.000396118
5.96 0.000395453
5.965 0.000394789
5.97 0.000394126
5.975 0.000393466
5.98 0.000392807
5.985 0.000392149
5.99 0.000391494
5.995 0.00039084
6 0.000390187
6.005 0.000389536
6.01 0.000388887
6.015 0.00038824
6.02 0.000387594
6.025 0.000386949
6.03 0.000386307
6.035 0.000385666
6.04 0.000385026
6.045 0.000384388
6.05 0.000383752
6.055 0.000383117
6.06 0.000382484
6.065 0.000381852
6.07 0.000381222
6.075 0.000380594
6.08 0.000379967
6.085 0.000379341
6.09 0.000378718
6.095 0.000378095
6.1 0.000377474
6.105 0.000376855
6.11 0.000376238
6.115 0.000375621
6.12 0.000375007
6.125 0.000374393
6.13 0.000373782
6.135 0.000373172
6.14 0.000372563
6.145 0.000371956
6.15 0.00037135
6.155 0.000370746
6.16 0.000370143
6.165 0.000369542
6.17 0.000368942
6.175 0.000368343
6.18 0.000367746
6.185 0.000367151
6.19 0.000366557
6.195 0.000365964
6.2 0.000365373
6.205 0.000364783
6.21 0.000364195
6.215 0.000363608
6.22 0.000363023
6.225 0.000362439
6.23 0.000361856
6.235 0.000361275
6.24 0.000360695
6.245 0.000360116
6.25 0.000359539
6.255 0.000358964
6.26 0.000358389
6.265 0.000357817
6.27 0.000357245
6.275 0.000356675
6.28 0.000356106
6.285 0.000355539
6.29 0.000354973
6.295 0.000354408
6.3 0.000353844
6.305 0.000353282
6.31 0.000352722
6.315 0.000352162
6.32 0.000351604
6.325 0.000351047
6.33 0.000350492
6.335 0.000349938
6.34 0.000349385
6.345 0.000348834
6.35 0.000348284
6.355 0.000347735
6.36 0.000347187
6.365 0.000346641
6.37 0.000346096
6.375 0.000345552
6.38 0.00034501
6.385 0.000344469
6.39 0.000343929
6.395 0.00034339
6.4 0.000342853
6.405 0.000342317
6.41 0.000341782
6.415 0.000341248
6.42 0.000340716
6.425 0.000340185
6.43 0.000339655
6.435 0.000339127
6.44 0.000338599
6.445 0.000338073
6.45 0.000337548
6.455 0.000337024
6.46 0.000336502
6.465 0.000335981
6.47 0.000335461
6.475 0.000334942
6.48 0.000334424
6.485 0.000333908
6.49 0.000333392
6.495 0.000332878
6.5 0.000332366
6.505 0.000331854
6.51 0.000331343
6.515 0.000330834
6.52 0.000330326
6.525 0.000329819
6.53 0.000329313
6.535 0.000328808
6.54 0.000328305
6.545 0.000327803
6.55 0.000327301
6.555 0.000326801
6.56 0.000326302
6.565 0.000325805
6.57 0.000325308
6.575 0.000324813
6.58 0.000324318
6.585 0.000323825
6.59 0.000323333
6.595 0.000322842
6.6 0.000322352
6.605 0.000321863
6.61 0.000321376
6.615 0.000320889
6.62 0.000320404
6.625 0.000319919
6.63 0.000319436
6.635 0.000318954
6.64 0.000318473
6.645 0.000317993
6.65 0.000317514
6.655 0.000317036
6.66 0.00031656
6.665 0.000316084
6.67 0.00031561
6.675 0.000315136
6.68 0.000314664
6.685 0.000314192
6.69 0.000313722
6.695 0.000313253
6.7 0.000312785
6.705 0.000312317
6.71 0.000311851
6.715 0.000311386
6.72 0.000310922
6.725 0.000310459
6.73 0.000309997
6.735 0.000309536
6.74 0.000309076
6.745 0.000308617
6.75 0.00030816
6.755 0.000307703
6.76 0.000307247
6.765 0.000306792
6.77 0.000306338
6.775 0.000305886
6.78 0.000305434
6.785 0.000304983
6.79 0.000304533
6.795 0.000304084
6.8 0.000303637
6.805 0.00030319
6.81 0.000302744
6.815 0.000302299
6.82 0.000301855
6.825 0.000301412
6.83 0.00030097
6.835 0.000300529
6.84 0.000300089
6.845 0.00029965
6.85 0.000299212
6.855 0.000298775
6.86 0.000298339
6.865 0.000297904
6.87 0.00029747
6.875 0.000297036
6.88 0.000296604
6.885 0.000296173
6.89 0.000295742
6.895 0.000295313
6.9 0.000294884
6.905 0.000294457
6.91 0.00029403
6.915 0.000293604
6.92 0.000293179
6.925 0.000292755
6.93 0.000292332
6.935 0.00029191
6.94 0.000291489
6.945 0.000291069
6.95 0.000290649
6.955 0.000290231
6.96 0.000289813
6.965 0.000289396
6.97 0.000288981
6.975 0.000288566
6.98 0.000288152
6.985 0.000287739
6.99 0.000287327
6.995 0.000286915
7 0.000286505
7.005 0.000286095
7.01 0.000285687
7.015 0.000285279
7.02 0.000284872
7.025 0.000284466
7.03 0.000284061
7.035 0.000283656
7.04 0.000283253
7.045 0.00028285
7.05 0.000282448
7.055 0.000282047
7.06 0.000281647
7.065 0.000281248
7.07 0.00028085
7.075 0.000280452
7.08 0.000280056
7.085 0.00027966
7.09 0.000279265
7.095 0.000278871
7.1 0.000278478
7.105 0.000278085
7.11 0.000277693
7.115 0.000277303
7.12 0.000276913
7.125 0.000276523
7.13 0.000276135
7.135 0.000275748
7.14 0.000275361
7.145 0.000274975
7.15 0.00027459
7.155 0.000274206
7.16 0.000273822
7.165 0.000273439
7.17 0.000273057
7.175 0.000272676
7.18 0.000272296
7.185 0.000271917
7.19 0.000271538
7.195 0.00027116
7.2 0.000270783
7.205 0.000270407
7.21 0.000270031
7.215 0.000269656
7.22 0.000269282
7.225 0.000268909
7.23 0.000268537
7.235 0.000268165
7.24 0.000267794
7.245 0.000267424
7.25 0.000267055
7.255 0.000266686
7.26 0.000266318
7.265 0.000265951
7.27 0.000265585
7.275 0.000265219
7.28 0.000264855
7.285 0.000264491
7.29 0.000264127
7.295 0.000263765
7.3 0.000263403
7.305 0.000263042
7.31 0.000262682
7.315 0.000262322
7.32 0.000261963
7.325 0.000261605
7.33 0.000261248
7.335 0.000260891
7.34 0.000260535
7.345 0.00026018
7.35 0.000259825
7.355 0.000259472
7.36 0.000259119
7.365 0.000258766
7.37 0.000258415
7.375 0.000258064
7.38 0.000257714
7.385 0.000257365
7.39 0.000257016
7.395 0.000256668
7.4 0.00025632
7.405 0.000255974
7.41 0.000255628
7.415 0.000255283
7.42 0.000254938
7.425 0.000254595
7.43 0.000254251
7.435 0.000253909
7.44 0.000253567
7.445 0.000253226
7.45 0.000252886
7.455 0.000252546
7.46 0.000252207
7.465 0.000251869
7.47 0.000251531
7.475 0.000251194
7.48 0.000250858
7.485 0.000250523
7.49 0.000250188
7.495 0.000249853
7.5 0.00024952
7.505 0.000249187
7.51 0.000248855
7.515 0.000248523
7.52 0.000248192
7.525 0.000247862
7.53 0.000247532
7.535 0.000247204
7.54 0.000246875
7.545 0.000246548
7.55 0.000246221
7.555 0.000245894
7.56 0.000245569
7.565 0.000245244
7.57 0.000244919
7.575 0.000244596
7.58 0.000244272
7.585 0.00024395
7.59 0.000243628
7.595 0.000243307
7.6 0.000242986
7.605 0.000242667
7.61 0.000242347
7.615 0.000242029
7.62 0.000241711
7.625 0.000241393
7.63 0.000241076
7.635 0.00024076
7.64 0.000240445
7.645 0.00024013
7.65 0.000239816
7.655 0.000239502
7.66 0.000239189
7.665 0.000238876
7.67 0.000238564
7.675 0.000238253
7.68 0.000237943
7.685 0.000237633
7.69 0.000237323
7.695 0.000237014
7.7 0.000236706
7.705 0.000236399
7.71 0.000236092
7.715 0.000235785
7.72 0.000235479
7.725 0.000235174
7.73 0.00023487
7.735 0.000234566
7.74 0.000234262
7.745 0.000233959
7.75 0.000233657
7.755 0.000233355
7.76 0.000233054
7.765 0.000232754
7.77 0.000232454
7.775 0.000232154
7.78 0.000231856
7.785 0.000231558
7.79 0.00023126
7.795 0.000230963
7.8 0.000230666
7.805 0.00023037
7.81 0.000230075
7.815 0.00022978
7.82 0.000229486
7.825 0.000229193
7.83 0.000228899
7.835 0.000228607
7.84 0.000228315
7.845 0.000228024
7.85 0.000227733
7.855 0.000227443
7.86 0.000227153
7.865 0.000226864
7.87 0.000226575
7.875 0.000226287
7.88 0.000225999
7.885 0.000225712
7.89 0.000225426
7.895 0.00022514
7.9 0.000224855
7.905 0.00022457
7.91 0.000224286
7.915 0.000224002
7.92 0.000223719
7.925 0.000223436
7.93 0.000223154
7.935 0.000222873
7.94 0.000222591
7.945 0.000222311
7.95 0.000222031
7.955 0.000221752
7.96 0.000221473
7.965 0.000221194
7.97 0.000220916
7.975 0.000220639
7.98 0.000220362
7.985 0.000220086
7.99 0.00021981
7.995 0.000219535
8 0.00021926
8.005 0.000218986
8.01 0.000218712
8.015 0.000218439
8.02 0.000218166
8.025 0.000217894
8.03 0.000217622
8.035 0.000217351
8.04 0.000217081
8.045 0.00021681
8.05 0.000216541
8.055 0.000216272
8.06 0.000216003
8.065 0.000215735
8.07 0.000215467
8.075 0.0002152
8.08 0.000214933
8.085 0.000214667
8.09 0.000214401
8.095 0.000214136
8.1 0.000213872
8.105 0.000213607
8.11 0.000213344
8.115 0.00021308
8.12 0.000212818
8.125 0.000212556
8.13 0.000212294
8.135 0.000212032
8.14 0.000211772
8.145 0.000211511
8.15 0.000211252
8.155 0.000210992
8.16 0.000210733
8.165 0.000210475
8.17 0.000210217
8.175 0.00020996
8.18 0.000209703
8.185 0.000209446
8.19 0.00020919
8.195 0.000208934
8.2 0.000208679
8.205 0.000208425
8.21 0.000208171
8.215 0.000207917
8.22 0.000207664
8.225 0.000207411
8.23 0.000207158
8.235 0.000206907
8.24 0.000206655
8.245 0.000206404
8.25 0.000206154
8.255 0.000205904
8.26 0.000205654
8.265 0.000205405
8.27 0.000205156
8.275 0.000204908
8.28 0.00020466
8.285 0.000204413
8.29 0.000204166
8.295 0.00020392
8.3 0.000203674
8.305 0.000203428
8.31 0.000203183
8.315 0.000202939
8.32 0.000202694
8.325 0.000202451
8.33 0.000202207
8.335 0.000201964
8.34 0.000201722
8.345 0.00020148
8.35 0.000201238
8.355 0.000200997
8.36 0.000200757
8.365 0.000200516
8.37 0.000200276
8.375 0.000200037
8.38 0.000199798
8.385 0.000199559
8.39 0.000199321
8.395 0.000199084
8.4 0.000198846
8.405 0.00019861
8.41 0.000198373
8.415 0.000198137
8.42 0.000197901
8.425 0.000197666
8.43 0.000197432
8.435 0.000197197
8.44 0.000196963
8.445 0.00019673
8.45 0.000196497
8.455 0.000196264
8.46 0.000196032
8.465 0.0001958
8.47 0.000195569
8.475 0.000195337
8.48 0.000195107
8.485 0.000194877
8.49 0.000194647
8.495 0.000194417
8.5 0.000194188
8.505 0.00019396
8.51 0.000193732
8.515 0.000193504
8.52 0.000193277
8.525 0.00019305
8.53 0.000192823
8.535 0.000192597
8.54 0.000192371
8.545 0.000192146
8.55 0.000191921
8.555 0.000191696
8.56 0.000191472
8.565 0.000191248
8.57 0.000191025
8.575 0.000190802
8.58 0.000190579
8.585 0.000190357
8.59 0.000190135
8.595 0.000189913
8.6 0.000189692
8.605 0.000189472
8.61 0.000189251
8.615 0.000189031
8.62 0.000188812
8.625 0.000188593
8.63 0.000188374
8.635 0.000188156
8.64 0.000187938
8.645 0.00018772
8.65 0.000187503
8.655 0.000187286
8.66 0.000187069
8.665 0.000186853
8.67 0.000186637
8.675 0.000186422
8.68 0.000186207
8.685 0.000185992
8.69 0.000185778
8.695 0.000185564
8.7 0.000185351
8.705 0.000185137
8.71 0.000184925
8.715 0.000184712
8.72 0.0001845
8.725 0.000184288
8.73 0.000184077
8.735 0.000183866
8.74 0.000183655
8.745 0.000183445
8.75 0.000183235
8.755 0.000183026
8.76 0.000182817
8.765 0.000182608
8.77 0.000182399
8.775 0.000182191
8.78 0.000181984
8.785 0.000181776
8.79 0.000181569
8.795 0.000181362
8.8 0.000181156
8.805 0.00018095
8.81 0.000180745
8.815 0.000180539
8.82 0.000180334
8.825 0.00018013
8.83 0.000179926
8.835 0.000179722
8.84 0.000179518
8.845 0.000179315
8.85 0.000179112
8.855 0.00017891
8.86 0.000178708
8.865 0.000178506
8.87 0.000178304
8.875 0.000178103
8.88 0.000177902
8.885 0.000177702
8.89 0.000177502
8.895 0.000177302
8.9 0.000177103
8.905 0.000176903
8.91 0.000176705
8.915 0.000176506
8.92 0.000176308
8.925 0.00017611
8.93 0.000175913
8.935 0.000175716
8.94 0.000175519
8.945 0.000175323
8.95 0.000175127
8.955 0.000174931
8.96 0.000174735
8.965 0.00017454
8.97 0.000174345
8.975 0.000174151
8.98 0.000173957
8.985 0.000173763
8.99 0.000173569
8.995 0.000173376
9 0.000173183
9.005 0.000172991
9.01 0.000172799
9.015 0.000172607
9.02 0.000172415
9.025 0.000172224
9.03 0.000172033
9.035 0.000171842
9.04 0.000171652
9.045 0.000171462
9.05 0.000171273
9.055 0.000171083
9.06 0.000170894
9.065 0.000170705
9.07 0.000170517
9.075 0.000170329
9.08 0.000170141
9.085 0.000169954
9.09 0.000169766
9.095 0.00016958
9.1 0.000169393
9.105 0.000169207
9.11 0.000169021
9.115 0.000168835
9.12 0.00016865
9.125 0.000168465
9.13 0.00016828
9.135 0.000168096
9.14 0.000167912
9.145 0.000167728
9.15 0.000167544
9.155 0.000167361
9.16 0.000167178
9.165 0.000166996
9.17 0.000166813
9.175 0.000166631
9.18 0.00016645
9.185 0.000166268
9.19 0.000166087
9.195 0.000165906
9.2 0.000165726
9.205 0.000165545
9.21 0.000165366
9.215 0.000165186
9.22 0.000165007
9.225 0.000164827
9.23 0.000164649
9.235 0.00016447
9.24 0.000164292
9.245 0.000164114
9.25 0.000163937
9.255 0.000163759
9.26 0.000163582
9.265 0.000163405
9.27 0.000163229
9.275 0.000163053
9.28 0.000162877
9.285 0.000162701
9.29 0.000162526
9.295 0.000162351
9.3 0.000162176
9.305 0.000162002
9.31 0.000161828
9.315 0.000161654
9.32 0.00016148
9.325 0.000161307
9.33 0.000161134
9.335 0.000160961
9.34 0.000160788
9.345 0.000160616
9.35 0.000160444
9.355 0.000160272
9.36 0.000160101
9.365 0.00015993
9.37 0.000159759
9.375 0.000159588
9.38 0.000159418
9.385 0.000159248
9.39 0.000159078
9.395 0.000158909
9.4 0.000158739
9.405 0.000158571
9.41 0.000158402
9.415 0.000158233
9.42 0.000158065
9.425 0.000157897
9.43 0.00015773
9.435 0.000157562
9.44 0.000157395
9.445 0.000157229
9.45 0.000157062
9.455 0.000156896
9.46 0.00015673
9.465 0.000156564
9.47 0.000156398
9.475 0.000156233
9.48 0.000156068
9.485 0.000155903
9.49 0.000155739
9.495 0.000155575
9.5 0.000155411
9.505 0.000155247
9.51 0.000155084
9.515 0.000154921
9.52 0.000154758
9.525 0.000154595
9.53 0.000154433
9.535 0.000154271
9.54 0.000154109
9.545 0.000153947
9.55 0.000153786
9.555 0.000153625
9.56 0.000153464
9.565 0.000153303
9.57 0.000153143
9.575 0.000152983
9.58 0.000152823
9.585 0.000152663
9.59 0.000152504
9.595 0.000152345
9.6 0.000152186
9.605 0.000152027
9.61 0.000151869
9.615 0.000151711
9.62 0.000151553
9.625 0.000151395
9.63 0.000151238
9.635 0.000151081
9.64 0.000150924
9.645 0.000150767
9.65 0.000150611
9.655 0.000150455
9.66 0.000150299
9.665 0.000150143
9.67 0.000149988
9.675 0.000149833
9.68 0.000149678
9.685 0.000149523
9.69 0.000149368
9.695 0.000149214
9.7 0.00014906
9.705 0.000148906
9.71 0.000148753
9.715 0.0001486
9.72 0.000148447
9.725 0.000148294
9.73 0.000148141
9.735 0.000147989
9.74 0.000147837
9.745 0.000147685
9.75 0.000147533
9.755 0.000147382
9.76 0.000147231
9.765 0.00014708
9.77 0.000146929
9.775 0.000146779
9.78 0.000146629
9.785 0.000146479
9.79 0.000146329
9.795 0.000146179
9.8 0.00014603
9.805 0.000145881
9.81 0.000145732
9.815 0.000145583
9.82 0.000145435
9.825 0.000145287
9.83 0.000145139
9.835 0.000144991
9.84 0.000144844
9.845 0.000144696
9.85 0.000144549
9.855 0.000144402
9.86 0.000144256
9.865 0.000144109
9.87 0.000143963
9.875 0.000143817
9.88 0.000143672
9.885 0.000143526
9.89 0.000143381
9.895 0.000143236
9.9 0.000143091
9.905 0.000142946
9.91 0.000142802
9.915 0.000142658
9.92 0.000142514
9.925 0.00014237
9.93 0.000142227
9.935 0.000142083
9.94 0.00014194
9.945 0.000141797
9.95 0.000141655
9.955 0.000141512
9.96 0.00014137
9.965 0.000141228
9.97 0.000141086
9.975 0.000140945
9.98 0.000140803
9.985 0.000140662
9.99 0.000140521
9.995 0.000140381
