0 -nan
0.005 0.868903
0.01 0.267668
0.015 0.887969
0.02 0.562902
0.025 0.432987
0.03 0.0070373
0.035 0.2233
0.04 0.305944
0.045 0.249226
0.05 0.182186
0.055 0.15439
0.06 0.16427
0.065 0.196403
0.07 0.236926
0.075 0.276925
0.08 0.311749
0.085 0.339556
0.09 0.360117
0.095 0.374016
0.1 0.382173
0.105 0.385583
0.11 0.385186
0.115 0.381814
0.12 0.376167
0.125 0.368826
0.13 0.360261
0.135 0.350845
0.14 0.340875
0.145 0.330581
0.15 0.320143
0.155 0.309698
0.16 0.299348
0.165 0.289172
0.17 0.279225
0.175 0.269547
0.18 0.260167
0.185 0.251101
0.19 0.242358
0.195 0.233944
0.2 0.225857
0.205 0.218093
0.21 0.210646
0.215 0.203507
0.22 0.196668
0.225 0.190118
0.23 0.183846
0.235 0.17784
0.24 0.172091
0.245 0.166586
0.25 0.161314
0.255 0.156266
0.26 0.15143
0.265 0.146797
0.27 0.142357
0.275 0.138101
0.28 0.13402
0.285 0.130105
0.29 0.126349
0.295 0.122743
0.3 0.119281
0.305 0.115956
0.31 0.112761
0.315 0.109689
0.32 0.106736
0.325 0.103895
0.33 0.101161
0.335 0.0985293
0.34 0.0959949
0.345 0.0935535
0.35 0.0912006
0.355 0.0889323
0.36 0.0867448
0.365 0.0846344
0.37 0.0825976
0.375 0.0806314
0.38 0.0787324
0.385 0.0768979
0.39 0.075125
0.395 0.0734112
0.4 0.0717538
0.405 0.0701506
0.41 0.0685992
0.415 0.0670975
0.42 0.0656435
0.425 0.0642352
0.43 0.0628708
0.435 0.0615485
0.44 0.0602666
0.445 0.0590236
0.45 0.057818
0.455 0.0566482
0.46 0.0555129
0.465 0.0544108
0.47 0.0533407
0.475 0.0523013
0.48 0.0512915
0.485 0.0503102
0.49 0.0493564
0.495 0.048429
0.5 0.0475271
0.505 0.0466498
0.51 0.0457963
0.515 0.0449656
0.52 0.0441571
0.525 0.0433698
0.53 0.0426032
0.535 0.0418565
0.54 0.041129
0.545 0.04042
0.55 0.039729
0.555 0.0390554
0.56 0.0383986
0.565 0.037758
0.57 0.0371331
0.575 0.0365235
0.58 0.0359286
0.585 0.035348
0.59 0.0347812
0.595 0.0342277
0.6 0.0336873
0.605 0.0331594
0.61 0.0326438
0.615 0.0321399
0.62 0.0316476
0.625 0.0311663
0.63 0.0306959
0.635 0.0302359
0.64 0.0297861
0.645 0.0293462
0.65 0.0289159
0.655 0.0284949
0.66 0.028083
0.665 0.0276798
0.67 0.0272853
0.675 0.026899
0.68 0.0265208
0.685 0.0261505
0.69 0.0257878
0.695 0.0254326
0.7 0.0250846
0.705 0.0247437
0.71 0.0244096
0.715 0.0240822
0.72 0.0237612
0.725 0.0234467
0.73 0.0231383
0.735 0.0228359
0.74 0.0225393
0.745 0.0222485
0.75 0.0219632
0.755 0.0216833
0.76 0.0214087
0.765 0.0211393
0.77 0.0208749
0.775 0.0206154
0.78 0.0203607
0.785 0.0201107
0.79 0.0198652
0.795 0.0196241
0.8 0.0193874
0.805 0.0191549
0.81 0.0189266
0.815 0.0187023
0.82 0.0184819
0.825 0.0182654
0.83 0.0180527
0.835 0.0178436
0.84 0.0176382
0.845 0.0174362
0.85 0.0172377
0.855 0.0170425
0.86 0.0168506
0.865 0.016662
0.87 0.0164764
0.875 0.016294
0.88 0.0161145
0.885 0.015938
0.89 0.0157643
0.895 0.0155935
0.9 0.0154254
0.905 0.01526
0.91 0.0150972
0.915 0.014937
0.92 0.0147794
0.925 0.0146242
0.93 0.0144714
0.935 0.014321
0.94 0.014173
0.945 0.0140272
0.95 0.0138836
0.955 0.0137422
0.96 0.013603
0.965 0.0134659
0.97 0.0133308
0.975 0.0131977
0.98 0.0130666
0.985 0.0129375
0.99 0.0128102
0.995 0.0126848
1 0.0125613
1.005 0.0124395
1.01 0.0123195
1.015 0.0122012
1.02 0.0120846
1.025 0.0119697
1.03 0.0118563
1.035 0.0117446
1.04 0.0116345
1.045 0.0115259
1.05 0.0114187
1.055 0.0113131
1.06 0.011209
1.065 0.0111062
1.07 0.0110049
1.075 0.0109049
1.08 0.0108063
1.085 0.010709
1.09 0.0106131
1.095 0.0105184
1.1 0.0104249
1.105 0.0103327
1.11 0.0102417
1.115 0.0101519
1.12 0.0100633
1.125 0.00997585
1.13 0.00988952
1.135 0.0098043
1.14 0.00972017
1.145 0.00963712
1.15 0.00955512
1.155 0.00947417
1.16 0.00939424
1.165 0.00931531
1.17 0.00923737
1.175 0.0091604
1.18 0.00908439
1.185 0.00900932
1.19 0.00893517
1.195 0.00886194
1.2 0.00878959
1.205 0.00871813
1.21 0.00864753
1.215 0.00857779
1.22 0.00850889
1.225 0.00844081
1.23 0.00837354
1.235 0.00830707
1.24 0.00824139
1.245 0.00817648
1.25 0.00811234
1.255 0.00804894
1.26 0.00798628
1.265 0.00792436
1.27 0.00786314
1.275 0.00780264
1.28 0.00774282
1.285 0.00768369
1.29 0.00762524
1.295 0.00756745
1.3 0.00751031
1.305 0.00745381
1.31 0.00739795
1.315 0.00734271
1.32 0.00728809
1.325 0.00723408
1.33 0.00718066
1.335 0.00712783
1.34 0.00707558
1.345 0.0070239
1.35 0.00697278
1.355 0.00692222
1.36 0.00687221
1.365 0.00682274
1.37 0.00677379
1.375 0.00672538
1.38 0.00667747
1.385 0.00663008
1.39 0.00658319
1.395 0.00653679
1.4 0.00649089
1.405 0.00644546
1.41 0.00640051
1.415 0.00635602
1.42 0.006312
1.425 0.00626843
1.43 0.00622531
1.435 0.00618263
1.44 0.00614039
1.445 0.00609858
1.45 0.0060572
1.455 0.00601624
1.46 0.00597568
1.465 0.00593554
1.47 0.0058958
1.475 0.00585646
1.48 0.00581751
1.485 0.00577894
1.49 0.00574076
1.495 0.00570295
1.5 0.00566552
1.505 0.00562845
1.51 0.00559174
1.515 0.00555539
1.52 0.0055194
1.525 0.00548375
1.53 0.00544845
1.535 0.00541348
1.54 0.00537886
1.545 0.00534456
1.55 0.00531059
1.555 0.00527694
1.56 0.00524361
1.565 0.00521059
1.57 0.00517788
1.575 0.00514548
1.58 0.00511339
1.585 0.00508159
1.59 0.00505009
1.595 0.00501888
1.6 0.00498796
1.605 0.00495732
1.61 0.00492696
1.615 0.00489688
1.62 0.00486708
1.625 0.00483754
1.63 0.00480828
1.635 0.00477927
1.64 0.00475053
1.645 0.00472205
1.65 0.00469383
1.655 0.00466585
1.66 0.00463812
1.665 0.00461064
1.67 0.00458341
1.675 0.00455641
1.68 0.00452965
1.685 0.00450313
1.69 0.00447684
1.695 0.00445078
1.7 0.00442494
1.705 0.00439933
1.71 0.00437394
1.715 0.00434877
1.72 0.00432381
1.725 0.00429907
1.73 0.00427454
1.735 0.00425022
1.74 0.00422611
1.745 0.0042022
1.75 0.00417849
1.755 0.00415498
1.76 0.00413168
1.765 0.00410856
1.77 0.00408564
1.775 0.00406291
1.78 0.00404037
1.785 0.00401802
1.79 0.00399585
1.795 0.00397386
1.8 0.00395206
1.805 0.00393043
1.81 0.00390898
1.815 0.0038877
1.82 0.0038666
1.825 0.00384567
1.83 0.00382491
1.835 0.00380432
1.84 0.00378389
1.845 0.00376362
1.85 0.00374352
1.855 0.00372358
1.86 0.0037038
1.865 0.00368417
1.87 0.0036647
1.875 0.00364539
1.88 0.00362622
1.885 0.00360721
1.89 0.00358835
1.895 0.00356963
1.9 0.00355106
1.905 0.00353263
1.91 0.00351435
1.915 0.00349621
1.92 0.0034782
1.925 0.00346034
1.93 0.00344261
1.935 0.00342502
1.94 0.00340757
1.945 0.00339024
1.95 0.00337305
1.955 0.00335599
1.96 0.00333906
1.965 0.00332225
1.97 0.00330557
1.975 0.00328902
1.98 0.00327259
1.985 0.00325629
1.99 0.0032401
1.995 0.00322404
2 0.00320809
2.005 0.00319226
2.01 0.00317655
2.015 0.00316096
2.02 0.00314548
2.025 0.00313011
2.03 0.00311485
2.035 0.00309971
2.04 0.00308468
2.045 0.00306975
2.05 0.00305494
2.055 0.00304023
2.06 0.00302562
2.065 0.00301112
2.07 0.00299673
2.075 0.00298243
2.08 0.00296824
2.085 0.00295416
2.09 0.00294017
2.095 0.00292628
2.1 0.00291248
2.105 0.00289879
2.11 0.00288519
2.115 0.00287169
2.12 0.00285828
2.125 0.00284496
2.13 0.00283174
2.135 0.00281861
2.14 0.00280557
2.145 0.00279262
2.15 0.00277976
2.155 0.00276699
2.16 0.00275431
2.165 0.00274171
2.17 0.0027292
2.175 0.00271678
2.18 0.00270443
2.185 0.00269218
2.19 0.00268
2.195 0.00266791
2.2 0.0026559
2.205 0.00264398
2.21 0.00263213
2.215 0.00262036
2.22 0.00260867
2.225 0.00259706
2.23 0.00258552
2.235 0.00257406
2.24 0.00256268
2.245 0.00255137
2.25 0.00254014
2.255 0.00252898
2.26 0.0025179
2.265 0.00250688
2.27 0.00249594
2.275 0.00248507
2.28 0.00247427
2.285 0.00246355
2.29 0.00245289
2.295 0.0024423
2.3 0.00243178
2.305 0.00242132
2.31 0.00241094
2.315 0.00240062
2.32 0.00239037
2.325 0.00238018
2.33 0.00237005
2.335 0.00236
2.34 0.00235
2.345 0.00234007
2.35 0.0023302
2.355 0.00232039
2.36 0.00231065
2.365 0.00230097
2.37 0.00229134
2.375 0.00228178
2.38 0.00227228
2.385 0.00226284
2.39 0.00225345
2.395 0.00224412
2.4 0.00223486
2.405 0.00222564
2.41 0.00221649
2.415 0.00220739
2.42 0.00219835
2.425 0.00218936
2.43 0.00218043
2.435 0.00217155
2.44 0.00216273
2.445 0.00215396
2.45 0.00214524
2.455 0.00213658
2.46 0.00212797
2.465 0.00211941
2.47 0.0021109
2.475 0.00210244
2.48 0.00209404
2.485 0.00208568
2.49 0.00207737
2.495 0.00206912
2.5 0.00206091
2.505 0.00205275
2.51 0.00204464
2.515 0.00203658
2.52 0.00202856
2.525 0.00202059
2.53 0.00201267
2.535 0.0020048
2.54 0.00199697
2.545 0.00198919
2.55 0.00198145
2.555 0.00197376
2.56 0.00196611
2.565 0.00195851
2.57 0.00195095
2.575 0.00194343
2.58 0.00193596
2.585 0.00192853
2.59 0.00192115
2.595 0.0019138
2.6 0.0019065
2.605 0.00189924
2.61 0.00189202
2.615 0.00188484
2.62 0.0018777
2.625 0.00187061
2.63 0.00186355
2.635 0.00185653
2.64 0.00184956
2.645 0.00184262
2.65 0.00183572
2.655 0.00182886
2.66 0.00182204
2.665 0.00181525
2.67 0.00180851
2.675 0.0018018
2.68 0.00179513
2.685 0.00178849
2.69 0.00178189
2.695 0.00177533
2.7 0.00176881
2.705 0.00176232
2.71 0.00175586
2.715 0.00174945
2.72 0.00174306
2.725 0.00173672
2.73 0.0017304
2.735 0.00172412
2.74 0.00171788
2.745 0.00171167
2.75 0.00170549
2.755 0.00169934
2.76 0.00169323
2.765 0.00168715
2.77 0.00168111
2.775 0.00167509
2.78 0.00166911
2.785 0.00166316
2.79 0.00165725
2.795 0.00165136
2.8 0.00164551
2.805 0.00163968
2.81 0.00163389
2.815 0.00162813
2.82 0.0016224
2.825 0.0016167
2.83 0.00161102
2.835 0.00160538
2.84 0.00159977
2.845 0.00159419
2.85 0.00158863
2.855 0.00158311
2.86 0.00157761
2.865 0.00157215
2.87 0.00156671
2.875 0.0015613
2.88 0.00155591
2.885 0.00155056
2.89 0.00154523
2.895 0.00153993
2.9 0.00153466
2.905 0.00152941
2.91 0.00152419
2.915 0.001519
2.92 0.00151384
2.925 0.0015087
2.93 0.00150358
2.935 0.00149849
2.94 0.00149343
2.945 0.0014884
2.95 0.00148339
2.955 0.0014784
2.96 0.00147344
2.965 0.00146851
2.97 0.00146359
2.975 0.00145871
2.98 0.00145385
2.985 0.00144901
2.99 0.0014442
2.995 0.00143941
3 0.00143464
3.005 0.0014299
3.01 0.00142518
3.015 0.00142049
3.02 0.00141581
3.025 0.00141116
3.03 0.00140654
3.035 0.00140193
3.04 0.00139735
3.045 0.0013928
3.05 0.00138826
3.055 0.00138374
3.06 0.00137925
3.065 0.00137478
3.07 0.00137033
3.075 0.00136591
3.08 0.0013615
3.085 0.00135712
3.09 0.00135275
3.095 0.00134841
3.1 0.00134409
3.105 0.00133979
3.11 0.00133551
3.115 0.00133125
3.12 0.00132701
3.125 0.00132279
3.13 0.00131859
3.135 0.00131441
3.14 0.00131025
3.145 0.00130611
3.15 0.00130199
3.155 0.00129789
3.16 0.00129381
3.165 0.00128975
3.17 0.00128571
3.175 0.00128168
3.18 0.00127768
3.185 0.00127369
3.19 0.00126973
3.195 0.00126578
3.2 0.00126185
3.205 0.00125793
3.21 0.00125404
3.215 0.00125016
3.22 0.0012463
3.225 0.00124246
3.23 0.00123864
3.235 0.00123484
3.24 0.00123105
3.245 0.00122728
3.25 0.00122353
3.255 0.00121979
3.26 0.00121607
3.265 0.00121237
3.27 0.00120868
3.275 0.00120502
3.28 0.00120136
3.285 0.00119773
3.29 0.00119411
3.295 0.00119051
3.3 0.00118692
3.305 0.00118335
3.31 0.0011798
3.315 0.00117626
3.32 0.00117274
3.325 0.00116924
3.33 0.00116575
3.335 0.00116227
3.34 0.00115881
3.345 0.00115537
3.35 0.00115194
3.355 0.00114853
3.36 0.00114513
3.365 0.00114175
3.37 0.00113838
3.375 0.00113503
3.38 0.00113169
3.385 0.00112836
3.39 0.00112505
3.395 0.00112176
3.4 0.00111848
3.405 0.00111522
3.41 0.00111196
3.415 0.00110873
3.42 0.0011055
3.425 0.00110229
3.43 0.0010991
3.435 0.00109592
3.44 0.00109275
3.445 0.0010896
3.45 0.00108646
3.455 0.00108333
3.46 0.00108022
3.465 0.00107712
3.47 0.00107403
3.475 0.00107096
3.48 0.0010679
3.485 0.00106485
3.49 0.00106182
3.495 0.0010588
3.5 0.00105579
3.505 0.00105279
3.51 0.00104981
3.515 0.00104684
3.52 0.00104389
3.525 0.00104094
3.53 0.00103801
3.535 0.00103509
3.54 0.00103218
3.545 0.00102929
3.55 0.0010264
3.555 0.00102353
3.56 0.00102067
3.565 0.00101782
3.57 0.00101499
3.575 0.00101217
3.58 0.00100935
3.585 0.00100655
3.59 0.00100377
3.595 0.00100099
3.6 0.000998224
3.605 0.000995471
3.61 0.000992728
3.615 0.000989997
3.62 0.000987277
3.625 0.000984569
3.63 0.000981871
3.635 0.000979185
3.64 0.000976509
3.645 0.000973845
3.65 0.000971191
3.655 0.000968548
3.66 0.000965916
3.665 0.000963295
3.67 0.000960684
3.675 0.000958084
3.68 0.000955495
3.685 0.000952916
3.69 0.000950347
3.695 0.000947789
3.7 0.000945241
3.705 0.000942703
3.71 0.000940176
3.715 0.000937658
3.72 0.000935151
3.725 0.000932654
3.73 0.000930167
3.735 0.00092769
3.74 0.000925222
3.745 0.000922765
3.75 0.000920317
3.755 0.000917879
3.76 0.00091545
3.765 0.000913032
3.77 0.000910622
3.775 0.000908223
3.78 0.000905833
3.785 0.000903452
3.79 0.00090108
3.795 0.000898718
3.8 0.000896366
3.805 0.000894022
3.81 0.000891688
3.815 0.000889362
3.82 0.000887046
3.825 0.000884739
3.83 0.000882441
3.835 0.000880152
3.84 0.000877871
3.845 0.0008756
3.85 0.000873337
3.855 0.000871083
3.86 0.000868838
3.865 0.000866601
3.87 0.000864374
3.875 0.000862154
3.88 0.000859943
3.885 0.000857741
3.89 0.000855547
3.895 0.000853362
3.9 0.000851185
3.905 0.000849016
3.91 0.000846855
3.915 0.000844703
3.92 0.000842559
3.925 0.000840423
3.93 0.000838295
3.935 0.000836176
3.94 0.000834064
3.945 0.00083196
3.95 0.000829864
3.955 0.000827776
3.96 0.000825696
3.965 0.000823624
3.97 0.00082156
3.975 0.000819503
3.98 0.000817454
3.985 0.000815413
3.99 0.000813379
3.995 0.000811353
4 0.000809335
4.005 0.000807324
4.01 0.000805321
4.015 0.000803325
4.02 0.000801336
4.025 0.000799355
4.03 0.000797381
4.035 0.000795414
4.04 0.000793455
4.045 0.000791503
4.05 0.000789558
4.055 0.00078762
4.06 0.00078569
4.065 0.000783766
4.07 0.00078185
4.075 0.00077994
4.08 0.000778038
4.085 0.000776142
4.09 0.000774254
4.095 0.000772372
4.1 0.000770497
4.105 0.000768629
4.11 0.000766768
4.115 0.000764913
4.12 0.000763065
4.125 0.000761224
4.13 0.00075939
4.135 0.000757562
4.14 0.000755741
4.145 0.000753926
4.15 0.000752118
4.155 0.000750316
4.16 0.000748521
4.165 0.000746732
4.17 0.00074495
4.175 0.000743174
4.18 0.000741404
4.185 0.000739641
4.19 0.000737884
4.195 0.000736133
4.2 0.000734389
4.205 0.00073265
4.21 0.000730918
4.215 0.000729192
4.22 0.000727472
4.225 0.000725758
4.23 0.00072405
4.235 0.000722348
4.24 0.000720653
4.245 0.000718963
4.25 0.000717279
4.255 0.000715601
4.26 0.000713929
4.265 0.000712262
4.27 0.000710602
4.275 0.000708947
4.28 0.000707298
4.285 0.000705655
4.29 0.000704018
4.295 0.000702386
4.3 0.00070076
4.305 0.000699139
4.31 0.000697525
4.315 0.000695915
4.32 0.000694312
4.325 0.000692713
4.33 0.000691121
4.335 0.000689534
4.34 0.000687952
4.345 0.000686376
4.35 0.000684805
4.355 0.000683239
4.36 0.000681679
4.365 0.000680125
4.37 0.000678575
4.375 0.000677031
4.38 0.000675492
4.385 0.000673958
4.39 0.00067243
4.395 0.000670907
4.4 0.000669389
4.405 0.000667876
4.41 0.000666368
4.415 0.000664865
4.42 0.000663368
4.425 0.000661875
4.43 0.000660388
4.435 0.000658905
4.44 0.000657427
4.445 0.000655955
4.45 0.000654487
4.455 0.000653024
4.46 0.000651567
4.465 0.000650114
4.47 0.000648666
4.475 0.000647222
4.48 0.000645784
4.485 0.00064435
4.49 0.000642921
4.495 0.000641497
4.5 0.000640078
4.505 0.000638663
4.51 0.000637253
4.515 0.000635848
4.52 0.000634447
4.525 0.000633051
4.53 0.000631659
4.535 0.000630272
4.54 0.00062889
4.545 0.000627512
4.55 0.000626139
4.555 0.00062477
4.56 0.000623406
4.565 0.000622046
4.57 0.000620691
4.575 0.00061934
4.58 0.000617993
4.585 0.000616651
4.59 0.000615313
4.595 0.00061398
4.6 0.00061265
4.605 0.000611326
4.61 0.000610005
4.615 0.000608689
4.62 0.000607377
4.625 0.000606069
4.63 0.000604765
4.635 0.000603466
4.64 0.000602171
4.645 0.00060088
4.65 0.000599593
4.655 0.00059831
4.66 0.000597032
4.665 0.000595757
4.67 0.000594487
4.675 0.00059322
4.68 0.000591958
4.685 0.0005907
4.69 0.000589445
4.695 0.000588195
4.7 0.000586949
4.705 0.000585706
4.71 0.000584468
4.715 0.000583233
4.72 0.000582003
4.725 0.000580776
4.73 0.000579553
4.735 0.000578334
4.74 0.000577119
4.745 0.000575908
4.75 0.0005747
4.755 0.000573496
4.76 0.000572296
4.765 0.0005711
4.77 0.000569908
4.775 0.000568719
4.78 0.000567534
4.785 0.000566353
4.79 0.000565175
4.795 0.000564001
4.8 0.000562831
4.805 0.000561664
4.81 0.000560501
4.815 0.000559342
4.82 0.000558186
4.825 0.000557034
4.83 0.000555885
4.835 0.00055474
4.84 0.000553598
4.845 0.00055246
4.85 0.000551325
4.855 0.000550194
4.86 0.000549067
4.865 0.000547943
4.87 0.000546822
4.875 0.000545705
4.88 0.000544591
4.885 0.00054348
4.89 0.000542373
4.895 0.00054127
4.9 0.000540169
4.905 0.000539072
4.91 0.000537979
4.915 0.000536888
4.92 0.000535801
4.925 0.000534718
4.93 0.000533637
4.935 0.00053256
4.94 0.000531486
4.945 0.000530416
4.95 0.000529348
4.955 0.000528284
4.96 0.000527223
4.965 0.000526165
4.97 0.000525111
4.975 0.000524059
4.98 0.000523011
4.985 0.000521966
4.99 0.000520924
4.995 0.000519885
5 0.000518849
5.005 0.000517817
5.01 0.000516787
5.015 0.00051576
5.02 0.000514737
5.025 0.000513716
5.03 0.000512699
5.035 0.000511685
5.04 0.000510673
5.045 0.000509665
5.05 0.000508659
5.055 0.000507657
5.06 0.000506658
5.065 0.000505661
5.07 0.000504667
5.075 0.000503677
5.08 0.000502689
5.085 0.000501704
5.09 0.000500722
5.095 0.000499743
5.1 0.000498767
5.105 0.000497793
5.11 0.000496823
5.115 0.000495855
5.12 0.00049489
5.125 0.000493928
5.13 0.000492969
5.135 0.000492013
5.14 0.000491059
5.145 0.000490108
5.15 0.00048916
5.155 0.000488215
5.16 0.000487272
5.165 0.000486332
5.17 0.000485395
5.175 0.00048446
5.18 0.000483529
5.185 0.000482599
5.19 0.000481673
5.195 0.000480749
5.2 0.000479828
5.205 0.00047891
5.21 0.000477994
5.215 0.000477081
5.22 0.00047617
5.225 0.000475262
5.23 0.000474357
5.235 0.000473454
5.24 0.000472553
5.245 0.000471656
5.25 0.000470761
5.255 0.000469868
5.26 0.000468978
5.265 0.00046809
5.27 0.000467205
5.275 0.000466323
5.28 0.000465443
5.285 0.000464565
5.29 0.00046369
5.295 0.000462818
5.3 0.000461948
5.305 0.00046108
5.31 0.000460215
5.315 0.000459352
5.32 0.000458492
5.325 0.000457634
5.33 0.000456778
5.335 0.000455925
5.34 0.000455074
5.345 0.000454226
5.35 0.00045338
5.355 0.000452536
5.36 0.000451695
5.365 0.000450856
5.37 0.00045002
5.375 0.000449185
5.38 0.000448353
5.385 0.000447524
5.39 0.000446696
5.395 0.000445871
5.4 0.000445048
5.405 0.000444228
5.41 0.00044341
5.415 0.000442594
5.42 0.00044178
5.425 0.000440969
5.43 0.000440159
5.435 0.000439352
5.44 0.000438547
5.445 0.000437745
5.45 0.000436944
5.455 0.000436146
5.46 0.00043535
5.465 0.000434556
5.47 0.000433765
5.475 0.000432975
5.48 0.000432188
5.485 0.000431403
5.49 0.00043062
5.495 0.000429839
5.5 0.00042906
5.505 0.000428283
5.51 0.000427508
5.515 0.000426736
5.52 0.000425966
5.525 0.000425197
5.53 0.000424431
5.535 0.000423667
5.54 0.000422905
5.545 0.000422145
5.55 0.000421387
5.555 0.000420631
5.56 0.000419877
5.565 0.000419125
5.57 0.000418375
5.575 0.000417627
5.58 0.000416881
5.585 0.000416137
5.59 0.000415395
5.595 0.000414655
5.6 0.000413917
5.605 0.000413181
5.61 0.000412447
5.615 0.000411715
5.62 0.000410985
5.625 0.000410257
5.63 0.000409531
5.635 0.000408806
5.64 0.000408084
5.645 0.000407364
5.65 0.000406645
5.655 0.000405928
5.66 0.000405213
5.665 0.000404501
5.67 0.00040379
5.675 0.00040308
5.68 0.000402373
5.685 0.000401668
5.69 0.000400964
5.695 0.000400262
5.7 0.000399563
5.705 0.000398865
5.71 0.000398168
5.715 0.000397474
5.72 0.000396781
5.725 0.000396091
5.73 0.000395402
5.735 0.000394714
5.74 0.000394029
5.745 0.000393345
5.75 0.000392664
5.755 0.000391983
5.76 0.000391305
5.765 0.000390629
5.77 0.000389954
5.775 0.000389281
5.78 0.00038861
5.785 0.00038794
5.79 0.000387272
5.795 0.000386606
5.8 0.000385942
5.805 0.000385279
5.81 0.000384618
5.815 0.000383959
5.82 0.000383301
5.825 0.000382645
5.83 0.000381991
5.835 0.000381339
5.84 0.000380688
5.845 0.000380038
5.85 0.000379391
5.855 0.000378745
5.86 0.000378101
5.865 0.000377458
5.87 0.000376817
5.875 0.000376178
5.88 0.00037554
5.885 0.000374904
5.89 0.00037427
5.895 0.000373637
5.9 0.000373006
5.905 0.000372376
5.91 0.000371748
5.915 0.000371121
5.92 0.000370496
5.925 0.000369873
5.93 0.000369251
5.935 0.000368631
5.94 0.000368013
5.945 0.000367396
5.95 0.00036678
5.955 0.000366166
5.96 0.000365554
5.965 0.000364943
5.97 0.000364333
5.975 0.000363726
5.98 0.000363119
5.985 0.000362514
5.99 0.000361911
5.995 0.000361309
6 0.000360709
6.005 0.00036011
6.01 0.000359513
6.015 0.000358917
6.02 0.000358323
6.025 0.00035773
6.03 0.000357139
6.035 0.000356549
6.04 0.00035596
6.045 0.000355373
6.05 0.000354788
6.055 0.000354203
6.06 0.000353621
6.065 0.00035304
6.07 0.00035246
6.075 0.000351881
6.08 0.000351304
6.085 0.000350729
6.09 0.000350155
6.095 0.000349582
6.1 0.000349011
6.105 0.000348441
6.11 0.000347872
6.115 0.000347305
6.12 0.000346739
6.125 0.000346175
6.13 0.000345612
6.135 0.00034505
6.14 0.00034449
6.145 0.000343931
6.15 0.000343374
6.155 0.000342818
6.16 0.000342263
6.165 0.000341709
6.17 0.000341157
6.175 0.000340606
6.18 0.000340057
6.185 0.000339509
6.19 0.000338962
6.195 0.000338416
6.2 0.000337872
6.205 0.000337329
6.21 0.000336788
6.215 0.000336248
6.22 0.000335709
6.225 0.000335171
6.23 0.000334635
6.235 0.0003341
6.24 0.000333566
6.245 0.000333033
6.25 0.000332502
6.255 0.000331972
6.26 0.000331443
6.265 0.000330916
6.27 0.00033039
6.275 0.000329865
6.28 0.000329341
6.285 0.000328819
6.29 0.000328297
6.295 0.000327777
6.3 0.000327259
6.305 0.000326741
6.31 0.000326225
6.315 0.00032571
6.32 0.000325196
6.325 0.000324683
6.33 0.000324172
6.335 0.000323662
6.34 0.000323153
6.345 0.000322645
6.35 0.000322138
6.355 0.000321633
6.36 0.000321129
6.365 0.000320626
6.37 0.000320124
6.375 0.000319623
6.38 0.000319124
6.385 0.000318625
6.39 0.000318128
6.395 0.000317632
6.4 0.000317137
6.405 0.000316644
6.41 0.000316151
6.415 0.00031566
6.42 0.00031517
6.425 0.00031468
6.43 0.000314192
6.435 0.000313706
6.44 0.00031322
6.445 0.000312735
6.45 0.000312252
6.455 0.00031177
6.46 0.000311288
6.465 0.000310808
6.47 0.000310329
6.475 0.000309851
6.48 0.000309375
6.485 0.000308899
6.49 0.000308424
6.495 0.000307951
6.5 0.000307478
6.505 0.000307007
6.51 0.000306537
6.515 0.000306068
6.52 0.0003056
6.525 0.000305133
6.53 0.000304667
6.535 0.000304202
6.54 0.000303738
6.545 0.000303275
6.55 0.000302814
6.555 0.000302353
6.56 0.000301893
6.565 0.000301435
6.57 0.000300977
6.575 0.000300521
6.58 0.000300065
6.585 0.000299611
6.59 0.000299158
6.595 0.000298705
6.6 0.000298254
6.605 0.000297804
6.61 0.000297355
6.615 0.000296906
6.62 0.000296459
6.625 0.000296013
6.63 0.000295568
6.635 0.000295123
6.64 0.00029468
6.645 0.000294238
6.65 0.000293797
6.655 0.000293357
6.66 0.000292917
6.665 0.000292479
6.67 0.000292042
6.675 0.000291606
6.68 0.00029117
6.685 0.000290736
6.69 0.000290303
6.695 0.00028987
6.7 0.000289439
6.705 0.000289008
6.71 0.000288579
6.715 0.00028815
6.72 0.000287723
6.725 0.000287296
6.73 0.00028687
6.735 0.000286445
6.74 0.000286022
6.745 0.000285599
6.75 0.000285177
6.755 0.000284756
6.76 0.000284336
6.765 0.000283917
6.77 0.000283498
6.775 0.000283081
6.78 0.000282665
6.785 0.000282249
6.79 0.000281835
6.795 0.000281421
6.8 0.000281008
6.805 0.000280597
6.81 0.000280186
6.815 0.000279776
6.82 0.000279367
6.825 0.000278958
6.83 0.000278551
6.835 0.000278145
6.84 0.000277739
6.845 0.000277334
6.85 0.000276931
6.855 0.000276528
6.86 0.000276126
6.865 0.000275725
6.87 0.000275324
6.875 0.000274925
6.88 0.000274527
6.885 0.000274129
6.89 0.000273732
6.895 0.000273336
6.9 0.000272941
6.905 0.000272547
6.91 0.000272154
6.915 0.000271761
6.92 0.000271369
6.925 0.000270979
6.93 0.000270589
6.935 0.000270199
6.94 0.000269811
6.945 0.000269424
6.95 0.000269037
6.955 0.000268651
6.96 0.000268266
6.965 0.000267882
6.97 0.000267499
6.975 0.000267116
6.98 0.000266735
6.985 0.000266354
6.99 0.000265974
6.995 0.000265595
7 0.000265216
7.005 0.000264839
7.01 0.000264462
7.015 0.000264086
7.02 0.000263711
7.025 0.000263336
7.03 0.000262963
7.035 0.00026259
7.04 0.000262218
7.045 0.000261847
7.05 0.000261476
7.055 0.000261107
7.06 0.000260738
7.065 0.00026037
7.07 0.000260002
7.075 0.000259636
7.08 0.00025927
7.085 0.000258905
7.09 0.000258541
7.095 0.000258177
7.1 0.000257815
7.105 0.000257453
7.11 0.000257092
7.115 0.000256731
7.12 0.000256372
7.125 0.000256013
7.13 0.000255655
7.135 0.000255297
7.14 0.000254941
7.145 0.000254585
7.15 0.00025423
7.155 0.000253875
7.16 0.000253522
7.165 0.000253169
7.17 0.000252817
7.175 0.000252465
7.18 0.000252114
7.185 0.000251764
7.19 0.000251415
7.195 0.000251067
7.2 0.000250719
7.205 0.000250372
7.21 0.000250025
7.215 0.00024968
7.22 0.000249335
7.225 0.000248991
7.23 0.000248647
7.235 0.000248304
7.24 0.000247962
7.245 0.000247621
7.25 0.00024728
7.255 0.00024694
7.26 0.000246601
7.265 0.000246262
7.27 0.000245925
7.275 0.000245587
7.28 0.000245251
7.285 0.000244915
7.29 0.00024458
7.295 0.000244246
7.3 0.000243912
7.305 0.000243579
7.31 0.000243246
7.315 0.000242915
7.32 0.000242584
7.325 0.000242253
7.33 0.000241924
7.335 0.000241595
7.34 0.000241266
7.345 0.000240939
7.35 0.000240612
7.355 0.000240286
7.36 0.00023996
7.365 0.000239635
7.37 0.000239311
7.375 0.000238987
7.38 0.000238664
7.385 0.000238342
7.39 0.00023802
7.395 0.000237699
7.4 0.000237378
7.405 0.000237059
7.41 0.000236739
7.415 0.000236421
7.42 0.000236103
7.425 0.000235786
7.43 0.000235469
7.435 0.000235154
7.44 0.000234838
7.445 0.000234524
7.45 0.00023421
7.455 0.000233896
7.46 0.000233583
7.465 0.000233271
7.47 0.00023296
7.475 0.000232649
7.48 0.000232339
7.485 0.000232029
7.49 0.00023172
7.495 0.000231412
7.5 0.000231104
7.505 0.000230797
7.51 0.00023049
7.515 0.000230184
7.52 0.000229879
7.525 0.000229574
7.53 0.00022927
7.535 0.000228966
7.54 0.000228664
7.545 0.000228361
7.55 0.000228059
7.555 0.000227758
7.56 0.000227458
7.565 0.000227158
7.57 0.000226859
7.575 0.00022656
7.58 0.000226262
7.585 0.000225964
7.59 0.000225667
7.595 0.000225371
7.6 0.000225075
7.605 0.00022478
7.61 0.000224485
7.615 0.000224191
7.62 0.000223897
7.625 0.000223605
7.63 0.000223312
7.635 0.00022302
7.64 0.000222729
7.645 0.000222439
7.65 0.000222149
7.655 0.000221859
7.66 0.00022157
7.665 0.000221282
7.67 0.000220994
7.675 0.000220707
7.68 0.00022042
7.685 0.000220134
7.69 0.000219848
7.695 0.000219563
7.7 0.000219279
7.705 0.000218995
7.71 0.000218712
7.715 0.000218429
7.72 0.000218146
7.725 0.000217865
7.73 0.000217584
7.735 0.000217303
7.74 0.000217023
7.745 0.000216743
7.75 0.000216464
7.755 0.000216186
7.76 0.000215908
7.765 0.000215631
7.77 0.000215354
7.775 0.000215077
7.78 0.000214802
7.785 0.000214526
7.79 0.000214252
7.795 0.000213977
7.8 0.000213704
7.805 0.000213431
7.81 0.000213158
7.815 0.000212886
7.82 0.000212614
7.825 0.000212343
7.83 0.000212073
7.835 0.000211803
7.84 0.000211533
7.845 0.000211264
7.85 0.000210996
7.855 0.000210728
7.86 0.00021046
7.865 0.000210193
7.87 0.000209927
7.875 0.000209661
7.88 0.000209395
7.885 0.00020913
7.89 0.000208866
7.895 0.000208602
7.9 0.000208339
7.905 0.000208076
7.91 0.000207813
7.915 0.000207551
7.92 0.00020729
7.925 0.000207029
7.93 0.000206768
7.935 0.000206508
7.94 0.000206249
7.945 0.00020599
7.95 0.000205731
7.955 0.000205473
7.96 0.000205216
7.965 0.000204959
7.97 0.000204702
7.975 0.000204446
7.98 0.000204191
7.985 0.000203936
7.99 0.000203681
7.995 0.000203427
8 0.000203173
8.005 0.00020292
8.01 0.000202667
8.015 0.000202415
8.02 0.000202163
8.025 0.000201912
8.03 0.000201661
8.035 0.00020141
8.04 0.00020116
8.045 0.000200911
8.05 0.000200662
8.055 0.000200413
8.06 0.000200165
8.065 0.000199918
8.07 0.000199671
8.075 0.000199424
8.08 0.000199178
8.085 0.000198932
8.09 0.000198686
8.095 0.000198442
8.1 0.000198197
8.105 0.000197953
8.11 0.00019771
8.115 0.000197467
8.12 0.000197224
8.125 0.000196982
8.13 0.00019674
8.135 0.000196499
8.14 0.000196258
8.145 0.000196017
8.15 0.000195777
8.155 0.000195538
8.16 0.000195299
8.165 0.00019506
8.17 0.000194822
8.175 0.000194584
8.18 0.000194347
8.185 0.00019411
8.19 0.000193874
8.195 0.000193637
8.2 0.000193402
8.205 0.000193167
8.21 0.000192932
8.215 0.000192698
8.22 0.000192464
8.225 0.00019223
8.23 0.000191997
8.235 0.000191765
8.24 0.000191532
8.245 0.000191301
8.25 0.000191069
8.255 0.000190838
8.26 0.000190608
8.265 0.000190378
8.27 0.000190148
8.275 0.000189919
8.28 0.00018969
8.285 0.000189461
8.29 0.000189233
8.295 0.000189006
8.3 0.000188779
8.305 0.000188552
8.31 0.000188325
8.315 0.000188099
8.32 0.000187874
8.325 0.000187649
8.33 0.000187424
8.335 0.000187199
8.34 0.000186976
8.345 0.000186752
8.35 0.000186529
8.355 0.000186306
8.36 0.000186084
8.365 0.000185862
8.37 0.00018564
8.375 0.000185419
8.38 0.000185198
8.385 0.000184978
8.39 0.000184758
8.395 0.000184538
8.4 0.000184319
8.405 0.0001841
8.41 0.000183882
8.415 0.000183664
8.42 0.000183446
8.425 0.000183229
8.43 0.000183012
8.435 0.000182795
8.44 0.000182579
8.445 0.000182364
8.45 0.000182148
8.455 0.000181933
8.46 0.000181719
8.465 0.000181505
8.47 0.000181291
8.475 0.000181077
8.48 0.000180864
8.485 0.000180651
8.49 0.000180439
8.495 0.000180227
8.5 0.000180016
8.505 0.000179804
8.51 0.000179594
8.515 0.000179383
8.52 0.000179173
8.525 0.000178963
8.53 0.000178754
8.535 0.000178545
8.54 0.000178336
8.545 0.000178128
8.55 0.00017792
8.555 0.000177713
8.56 0.000177506
8.565 0.000177299
8.57 0.000177092
8.575 0.000176886
8.58 0.000176681
8.585 0.000176475
8.59 0.00017627
8.595 0.000176066
8.6 0.000175861
8.605 0.000175657
8.61 0.000175454
8.615 0.000175251
8.62 0.000175048
8.625 0.000174845
8.63 0.000174643
8.635 0.000174441
8.64 0.00017424
8.645 0.000174039
8.65 0.000173838
8.655 0.000173637
8.66 0.000173437
8.665 0.000173238
8.67 0.000173038
8.675 0.000172839
8.68 0.00017264
8.685 0.000172442
8.69 0.000172244
8.695 0.000172046
8.7 0.000171849
8.705 0.000171652
8.71 0.000171455
8.715 0.000171259
8.72 0.000171063
8.725 0.000170867
8.73 0.000170672
8.735 0.000170477
8.74 0.000170283
8.745 0.000170088
8.75 0.000169894
8.755 0.000169701
8.76 0.000169507
8.765 0.000169314
8.77 0.000169122
8.775 0.000168929
8.78 0.000168737
8.785 0.000168546
8.79 0.000168354
8.795 0.000168163
8.8 0.000167973
8.805 0.000167782
8.81 0.000167592
8.815 0.000167402
8.82 0.000167213
8.825 0.000167024
8.83 0.000166835
8.835 0.000166647
8.84 0.000166459
8.845 0.000166271
8.85 0.000166083
8.855 0.000165896
8.86 0.000165709
8.865 0.000165523
8.87 0.000165337
8.875 0.000165151
8.88 0.000164965
8.885 0.00016478
8.89 0.000164595
8.895 0.00016441
8.9 0.000164226
8.905 0.000164042
8.91 0.000163858
8.915 0.000163675
8.92 0.000163491
8.925 0.000163309
8.93 0.000163126
8.935 0.000162944
8.94 0.000162762
8.945 0.000162581
8.95 0.000162399
8.955 0.000162218
8.96 0.000162038
8.965 0.000161857
8.97 0.000161677
8.975 0.000161497
8.98 0.000161318
8.985 0.000161139
8.99 0.00016096
8.995 0.000160781
9 0.000160603
9.005 0.000160425
9.01 0.000160247
9.015 0.00016007
9.02 0.000159893
9.025 0.000159716
9.03 0.000159539
9.035 0.000159363
9.04 0.000159187
9.045 0.000159012
9.05 0.000158836
9.055 0.000158661
9.06 0.000158487
9.065 0.000158312
9.07 0.000158138
9.075 0.000157964
9.08 0.00015779
9.085 0.000157617
9.09 0.000157444
9.095 0.000157271
9.1 0.000157099
9.105 0.000156927
9.11 0.000156755
9.115 0.000156583
9.12 0.000156412
9.125 0.000156241
9.13 0.00015607
9.135 0.000155899
9.14 0.000155729
9.145 0.000155559
9.15 0.000155389
9.155 0.00015522
9.16 0.000155051
9.165 0.000154882
9.17 0.000154714
9.175 0.000154545
9.18 0.000154377
9.185 0.00015421
9.19 0.000154042
9.195 0.000153875
9.2 0.000153708
9.205 0.000153541
9.21 0.000153375
9.215 0.000153209
9.22 0.000153043
9.225 0.000152877
9.23 0.000152712
9.235 0.000152547
9.24 0.000152382
9.245 0.000152218
9.25 0.000152054
9.255 0.00015189
9.26 0.000151726
9.265 0.000151562
9.27 0.000151399
9.275 0.000151236
9.28 0.000151074
9.285 0.000150911
9.29 0.000150749
9.295 0.000150587
9.3 0.000150426
9.305 0.000150264
9.31 0.000150103
9.315 0.000149943
9.32 0.000149782
9.325 0.000149622
9.33 0.000149462
9.335 0.000149302
9.34 0.000149142
9.345 0.000148983
9.35 0.000148824
9.355 0.000148665
9.36 0.000148507
9.365 0.000148348
9.37 0.00014819
9.375 0.000148033
9.38 0.000147875
9.385 0.000147718
9.39 0.000147561
9.395 0.000147404
9.4 0.000147248
9.405 0.000147091
9.41 0.000146935
9.415 0.00014678
9.42 0.000146624
9.425 0.000146469
9.43 0.000146314
9.435 0.000146159
9.44 0.000146004
9.445 0.00014585
9.45 0.000145696
9.455 0.000145542
9.46 0.000145389
9.465 0.000145235
9.47 0.000145082
9.475 0.00014493
9.48 0.000144777
9.485 0.000144625
9.49 0.000144473
9.495 0.000144321
9.5 0.000144169
9.505 0.000144018
9.51 0.000143867
9.515 0.000143716
9.52 0.000143565
9.525 0.000143415
9.53 0.000143264
9.535 0.000143114
9.54 0.000142965
9.545 0.000142815
9.55 0.000142666
9.555 0.000142517
9.56 0.000142368
9.565 0.00014222
9.57 0.000142071
9.575 0.000141923
9.58 0.000141775
9.585 0.000141628
9.59 0.00014148
9.595 0.000141333
9.6 0.000141186
9.605 0.000141039
9.61 0.000140893
9.615 0.000140747
9.62 0.000140601
9.625 0.000140455
9.63 0.000140309
9.635 0.000140164
9.64 0.000140019
9.645 0.000139874
9.65 0.000139729
9.655 0.000139585
9.66 0.000139441
9.665 0.000139297
9.67 0.000139153
9.675 0.000139009
9.68 0.000138866
9.685 0.000138723
9.69 0.00013858
9.695 0.000138437
9.7 0.000138295
9.705 0.000138153
9.71 0.000138011
9.715 0.000137869
9.72 0.000137727
9.725 0.000137586
9.73 0.000137445
9.735 0.000137304
9.74 0.000137163
9.745 0.000137023
9.75 0.000136882
9.755 0.000136742
9.76 0.000136602
9.765 0.000136463
9.77 0.000136323
9.775 0.000136184
9.78 0.000136045
9.785 0.000135906
9.79 0.000135768
9.795 0.000135629
9.8 0.000135491
9.805 0.000135353
9.81 0.000135216
9.815 0.000135078
9.82 0.000134941
9.825 0.000134804
9.83 0.000134667
9.835 0.00013453
9.84 0.000134394
9.845 0.000134258
9.85 0.000134121
9.855 0.000133986
9.86 0.00013385
9.865 0.000133715
9.87 0.000133579
9.875 0.000133444
9.88 0.00013331
9.885 0.000133175
9.89 0.00013304
9.895 0.000132906
9.9 0.000132772
9.905 0.000132638
9.91 0.000132505
9.915 0.000132371
9.92 0.000132238
9.925 0.000132105
9.93 0.000131973
9.935 0.00013184
9.94 0.000131708
9.945 0.000131575
9.95 0.000131443
9.955 0.000131312
9.96 0.00013118
9.965 0.000131049
9.97 0.000130917
9.975 0.000130786
9.98 0.000130656
9.985 0.000130525
9.99 0.000130395
9.995 0.000130264
