0 -nan
0.005 0.831351
0.01 0.225817
0.015 0.914995
0.02 0.578509
0.025 0.378494
0.03 0.0168175
0.035 0.233653
0.04 0.282471
0.045 0.207881
0.05 0.144238
0.055 0.13168
0.06 0.160234
0.065 0.209838
0.07 0.26476
0.075 0.315719
0.08 0.358368
0.085 0.391401
0.09 0.415143
0.095 0.430668
0.1 0.439299
0.105 0.442349
0.11 0.441002
0.115 0.436273
0.12 0.429002
0.125 0.419872
0.13 0.409425
0.135 0.398091
0.14 0.386203
0.145 0.374021
0.15 0.361742
0.155 0.349515
0.16 0.337451
0.165 0.325632
0.17 0.314117
0.175 0.302946
0.18 0.292145
0.185 0.28173
0.19 0.271708
0.195 0.26208
0.2 0.252843
0.205 0.243989
0.21 0.235509
0.215 0.227392
0.22 0.219625
0.225 0.212195
0.23 0.205089
0.235 0.198291
0.24 0.19179
0.245 0.185572
0.25 0.179622
0.255 0.173929
0.26 0.16848
0.265 0.163264
0.27 0.158268
0.275 0.153483
0.28 0.148897
0.285 0.1445
0.29 0.140285
0.295 0.136241
0.3 0.13236
0.305 0.128634
0.31 0.125055
0.315 0.121617
0.32 0.118313
0.325 0.115136
0.33 0.11208
0.335 0.109139
0.34 0.106308
0.345 0.103582
0.35 0.100956
0.355 0.0984256
0.36 0.0959858
0.365 0.0936328
0.37 0.0913627
0.375 0.0891717
0.38 0.0870565
0.385 0.0850136
0.39 0.08304
0.395 0.0811325
0.4 0.0792885
0.405 0.0775051
0.41 0.0757798
0.415 0.0741102
0.42 0.072494
0.425 0.070929
0.43 0.0694131
0.435 0.0679444
0.44 0.0665208
0.445 0.0651407
0.45 0.0638024
0.455 0.0625041
0.46 0.0612443
0.465 0.0600217
0.47 0.0588347
0.475 0.0576819
0.48 0.0565622
0.485 0.0554743
0.49 0.0544171
0.495 0.0533893
0.5 0.0523899
0.505 0.051418
0.51 0.0504725
0.515 0.0495525
0.52 0.0486571
0.525 0.0477854
0.53 0.0469367
0.535 0.0461101
0.54 0.0453049
0.545 0.0445204
0.55 0.0437558
0.555 0.0430105
0.56 0.042284
0.565 0.0415754
0.57 0.0408844
0.575 0.0402102
0.58 0.0395525
0.585 0.0389105
0.59 0.038284
0.595 0.0376723
0.6 0.037075
0.605 0.0364916
0.61 0.0359218
0.615 0.0353652
0.62 0.0348212
0.625 0.0342896
0.63 0.03377
0.635 0.033262
0.64 0.0327653
0.645 0.0322796
0.65 0.0318045
0.655 0.0313397
0.66 0.0308849
0.665 0.03044
0.67 0.0300044
0.675 0.0295781
0.68 0.0291608
0.685 0.0287522
0.69 0.028352
0.695 0.0279601
0.7 0.0275762
0.705 0.0272001
0.71 0.0268316
0.715 0.0264705
0.72 0.0261165
0.725 0.0257696
0.73 0.0254295
0.735 0.0250961
0.74 0.0247691
0.745 0.0244485
0.75 0.024134
0.755 0.0238255
0.76 0.0235228
0.765 0.0232258
0.77 0.0229344
0.775 0.0226485
0.78 0.0223678
0.785 0.0220922
0.79 0.0218217
0.795 0.0215561
0.8 0.0212953
0.805 0.0210392
0.81 0.0207877
0.815 0.0205406
0.82 0.0202979
0.825 0.0200594
0.83 0.0198251
0.835 0.0195949
0.84 0.0193686
0.845 0.0191462
0.85 0.0189276
0.855 0.0187127
0.86 0.0185015
0.865 0.0182937
0.87 0.0180895
0.875 0.0178886
0.88 0.017691
0.885 0.0174967
0.89 0.0173056
0.895 0.0171175
0.9 0.0169325
0.905 0.0167505
0.91 0.0165713
0.915 0.0163951
0.92 0.0162216
0.925 0.0160508
0.93 0.0158827
0.935 0.0157172
0.94 0.0155543
0.945 0.0153939
0.95 0.015236
0.955 0.0150805
0.96 0.0149273
0.965 0.0147764
0.97 0.0146279
0.975 0.0144815
0.98 0.0143373
0.985 0.0141953
0.99 0.0140553
0.995 0.0139174
1 0.0137815
1.005 0.0136476
1.01 0.0135156
1.015 0.0133856
1.02 0.0132573
1.025 0.013131
1.03 0.0130064
1.035 0.0128835
1.04 0.0127624
1.045 0.012643
1.05 0.0125253
1.055 0.0124091
1.06 0.0122946
1.065 0.0121817
1.07 0.0120703
1.075 0.0119604
1.08 0.011852
1.085 0.0117451
1.09 0.0116396
1.095 0.0115356
1.1 0.0114329
1.105 0.0113315
1.11 0.0112315
1.115 0.0111329
1.12 0.0110355
1.125 0.0109394
1.13 0.0108445
1.135 0.0107509
1.14 0.0106584
1.145 0.0105672
1.15 0.0104771
1.155 0.0103881
1.16 0.0103003
1.165 0.0102136
1.17 0.010128
1.175 0.0100434
1.18 0.00995992
1.185 0.00987745
1.19 0.009796
1.195 0.00971555
1.2 0.00963609
1.205 0.00955759
1.21 0.00948005
1.215 0.00940345
1.22 0.00932776
1.225 0.00925299
1.23 0.00917911
1.235 0.00910611
1.24 0.00903398
1.245 0.0089627
1.25 0.00889225
1.255 0.00882264
1.26 0.00875383
1.265 0.00868583
1.27 0.00861861
1.275 0.00855217
1.28 0.00848649
1.285 0.00842157
1.29 0.00835739
1.295 0.00829393
1.3 0.0082312
1.305 0.00816917
1.31 0.00810784
1.315 0.00804719
1.32 0.00798723
1.325 0.00792793
1.33 0.00786928
1.335 0.00781129
1.34 0.00775393
1.345 0.0076972
1.35 0.00764109
1.355 0.00758559
1.36 0.00753069
1.365 0.00747639
1.37 0.00742266
1.375 0.00736952
1.38 0.00731694
1.385 0.00726492
1.39 0.00721346
1.395 0.00716253
1.4 0.00711215
1.405 0.00706229
1.41 0.00701296
1.415 0.00696414
1.42 0.00691582
1.425 0.00686801
1.43 0.00682069
1.435 0.00677386
1.44 0.00672751
1.445 0.00668163
1.45 0.00663622
1.455 0.00659126
1.46 0.00654677
1.465 0.00650272
1.47 0.00645911
1.475 0.00641594
1.48 0.0063732
1.485 0.00633089
1.49 0.006289
1.495 0.00624752
1.5 0.00620644
1.505 0.00616578
1.51 0.0061255
1.515 0.00608563
1.52 0.00604614
1.525 0.00600703
1.53 0.0059683
1.535 0.00592994
1.54 0.00589195
1.545 0.00585433
1.55 0.00581706
1.555 0.00578015
1.56 0.00574358
1.565 0.00570737
1.57 0.00567149
1.575 0.00563595
1.58 0.00560075
1.585 0.00556587
1.59 0.00553131
1.595 0.00549708
1.6 0.00546316
1.605 0.00542956
1.61 0.00539626
1.615 0.00536327
1.62 0.00533058
1.625 0.00529819
1.63 0.00526609
1.635 0.00523429
1.64 0.00520277
1.645 0.00517153
1.65 0.00514057
1.655 0.00510989
1.66 0.00507949
1.665 0.00504935
1.67 0.00501948
1.675 0.00498988
1.68 0.00496053
1.685 0.00493145
1.69 0.00490261
1.695 0.00487404
1.7 0.0048457
1.705 0.00481762
1.71 0.00478978
1.715 0.00476218
1.72 0.00473481
1.725 0.00470769
1.73 0.00468079
1.735 0.00465412
1.74 0.00462768
1.745 0.00460147
1.75 0.00457548
1.755 0.0045497
1.76 0.00452415
1.765 0.0044988
1.77 0.00447367
1.775 0.00444875
1.78 0.00442404
1.785 0.00439953
1.79 0.00437523
1.795 0.00435112
1.8 0.00432722
1.805 0.00430351
1.81 0.00427999
1.815 0.00425667
1.82 0.00423354
1.825 0.00421059
1.83 0.00418783
1.835 0.00416526
1.84 0.00414286
1.845 0.00412065
1.85 0.00409861
1.855 0.00407675
1.86 0.00405507
1.865 0.00403356
1.87 0.00401221
1.875 0.00399104
1.88 0.00397003
1.885 0.00394919
1.89 0.00392851
1.895 0.003908
1.9 0.00388764
1.905 0.00386745
1.91 0.00384741
1.915 0.00382752
1.92 0.00380779
1.925 0.00378821
1.93 0.00376878
1.935 0.0037495
1.94 0.00373037
1.945 0.00371138
1.95 0.00369254
1.955 0.00367384
1.96 0.00365528
1.965 0.00363687
1.97 0.00361859
1.975 0.00360045
1.98 0.00358244
1.985 0.00356457
1.99 0.00354683
1.995 0.00352923
2 0.00351175
2.005 0.00349441
2.01 0.00347719
2.015 0.0034601
2.02 0.00344314
2.025 0.0034263
2.03 0.00340958
2.035 0.00339298
2.04 0.00337651
2.045 0.00336015
2.05 0.00334392
2.055 0.0033278
2.06 0.0033118
2.065 0.00329591
2.07 0.00328013
2.075 0.00326447
2.08 0.00324892
2.085 0.00323349
2.09 0.00321816
2.095 0.00320294
2.1 0.00318782
2.105 0.00317282
2.11 0.00315792
2.115 0.00314312
2.12 0.00312843
2.125 0.00311384
2.13 0.00309936
2.135 0.00308497
2.14 0.00307068
2.145 0.00305649
2.15 0.0030424
2.155 0.00302841
2.16 0.00301452
2.165 0.00300072
2.17 0.00298701
2.175 0.0029734
2.18 0.00295988
2.185 0.00294645
2.19 0.00293311
2.195 0.00291986
2.2 0.00290671
2.205 0.00289364
2.21 0.00288066
2.215 0.00286776
2.22 0.00285496
2.225 0.00284224
2.23 0.0028296
2.235 0.00281705
2.24 0.00280458
2.245 0.00279219
2.25 0.00277988
2.255 0.00276766
2.26 0.00275552
2.265 0.00274345
2.27 0.00273147
2.275 0.00271956
2.28 0.00270773
2.285 0.00269598
2.29 0.00268431
2.295 0.00267271
2.3 0.00266118
2.305 0.00264973
2.31 0.00263835
2.315 0.00262705
2.32 0.00261582
2.325 0.00260466
2.33 0.00259357
2.335 0.00258255
2.34 0.0025716
2.345 0.00256073
2.35 0.00254992
2.355 0.00253918
2.36 0.0025285
2.365 0.0025179
2.37 0.00250736
2.375 0.00249688
2.38 0.00248647
2.385 0.00247613
2.39 0.00246585
2.395 0.00245564
2.4 0.00244548
2.405 0.00243539
2.41 0.00242537
2.415 0.0024154
2.42 0.0024055
2.425 0.00239566
2.43 0.00238587
2.435 0.00237615
2.44 0.00236649
2.445 0.00235688
2.45 0.00234733
2.455 0.00233785
2.46 0.00232841
2.465 0.00231904
2.47 0.00230972
2.475 0.00230046
2.48 0.00229125
2.485 0.0022821
2.49 0.00227301
2.495 0.00226396
2.5 0.00225498
2.505 0.00224604
2.51 0.00223716
2.515 0.00222833
2.52 0.00221955
2.525 0.00221083
2.53 0.00220215
2.535 0.00219353
2.54 0.00218496
2.545 0.00217643
2.55 0.00216796
2.555 0.00215954
2.56 0.00215116
2.565 0.00214284
2.57 0.00213456
2.575 0.00212633
2.58 0.00211814
2.585 0.00211001
2.59 0.00210192
2.595 0.00209388
2.6 0.00208588
2.605 0.00207793
2.61 0.00207003
2.615 0.00206217
2.62 0.00205435
2.625 0.00204658
2.63 0.00203885
2.635 0.00203117
2.64 0.00202353
2.645 0.00201593
2.65 0.00200838
2.655 0.00200087
2.66 0.0019934
2.665 0.00198597
2.67 0.00197858
2.675 0.00197124
2.68 0.00196393
2.685 0.00195667
2.69 0.00194944
2.695 0.00194226
2.7 0.00193511
2.705 0.00192801
2.71 0.00192094
2.715 0.00191391
2.72 0.00190692
2.725 0.00189997
2.73 0.00189306
2.735 0.00188619
2.74 0.00187935
2.745 0.00187255
2.75 0.00186578
2.755 0.00185906
2.76 0.00185236
2.765 0.00184571
2.77 0.00183909
2.775 0.00183251
2.78 0.00182596
2.785 0.00181944
2.79 0.00181297
2.795 0.00180652
2.8 0.00180011
2.805 0.00179374
2.81 0.00178739
2.815 0.00178109
2.82 0.00177481
2.825 0.00176857
2.83 0.00176236
2.835 0.00175618
2.84 0.00175004
2.845 0.00174393
2.85 0.00173785
2.855 0.0017318
2.86 0.00172578
2.865 0.0017198
2.87 0.00171384
2.875 0.00170792
2.88 0.00170203
2.885 0.00169616
2.89 0.00169033
2.895 0.00168453
2.9 0.00167876
2.905 0.00167301
2.91 0.0016673
2.915 0.00166162
2.92 0.00165596
2.925 0.00165034
2.93 0.00164474
2.935 0.00163917
2.94 0.00163363
2.945 0.00162811
2.95 0.00162263
2.955 0.00161717
2.96 0.00161174
2.965 0.00160634
2.97 0.00160096
2.975 0.00159561
2.98 0.00159029
2.985 0.001585
2.99 0.00157973
2.995 0.00157449
3 0.00156927
3.005 0.00156408
3.01 0.00155891
3.015 0.00155377
3.02 0.00154866
3.025 0.00154357
3.03 0.00153851
3.035 0.00153347
3.04 0.00152845
3.045 0.00152346
3.05 0.0015185
3.055 0.00151356
3.06 0.00150864
3.065 0.00150375
3.07 0.00149888
3.075 0.00149403
3.08 0.00148921
3.085 0.00148441
3.09 0.00147963
3.095 0.00147488
3.1 0.00147015
3.105 0.00146544
3.11 0.00146076
3.115 0.00145609
3.12 0.00145145
3.125 0.00144684
3.13 0.00144224
3.135 0.00143767
3.14 0.00143311
3.145 0.00142858
3.15 0.00142407
3.155 0.00141959
3.16 0.00141512
3.165 0.00141067
3.17 0.00140625
3.175 0.00140184
3.18 0.00139746
3.185 0.0013931
3.19 0.00138875
3.195 0.00138443
3.2 0.00138013
3.205 0.00137585
3.21 0.00137159
3.215 0.00136734
3.22 0.00136312
3.225 0.00135892
3.23 0.00135473
3.235 0.00135057
3.24 0.00134642
3.245 0.0013423
3.25 0.00133819
3.255 0.0013341
3.26 0.00133003
3.265 0.00132598
3.27 0.00132195
3.275 0.00131793
3.28 0.00131394
3.285 0.00130996
3.29 0.001306
3.295 0.00130205
3.3 0.00129813
3.305 0.00129422
3.31 0.00129033
3.315 0.00128646
3.32 0.00128261
3.325 0.00127877
3.33 0.00127495
3.335 0.00127115
3.34 0.00126736
3.345 0.0012636
3.35 0.00125984
3.355 0.00125611
3.36 0.00125239
3.365 0.00124869
3.37 0.001245
3.375 0.00124133
3.38 0.00123768
3.385 0.00123404
3.39 0.00123042
3.395 0.00122682
3.4 0.00122323
3.405 0.00121965
3.41 0.00121609
3.415 0.00121255
3.42 0.00120902
3.425 0.00120551
3.43 0.00120202
3.435 0.00119854
3.44 0.00119507
3.445 0.00119162
3.45 0.00118818
3.455 0.00118476
3.46 0.00118135
3.465 0.00117796
3.47 0.00117458
3.475 0.00117122
3.48 0.00116787
3.485 0.00116454
3.49 0.00116122
3.495 0.00115791
3.5 0.00115462
3.505 0.00115134
3.51 0.00114808
3.515 0.00114483
3.52 0.00114159
3.525 0.00113837
3.53 0.00113516
3.535 0.00113197
3.54 0.00112879
3.545 0.00112562
3.55 0.00112246
3.555 0.00111932
3.56 0.00111619
3.565 0.00111308
3.57 0.00110997
3.575 0.00110688
3.58 0.00110381
3.585 0.00110074
3.59 0.00109769
3.595 0.00109465
3.6 0.00109163
3.605 0.00108862
3.61 0.00108561
3.615 0.00108263
3.62 0.00107965
3.625 0.00107669
3.63 0.00107373
3.635 0.00107079
3.64 0.00106787
3.645 0.00106495
3.65 0.00106205
3.655 0.00105916
3.66 0.00105628
3.665 0.00105341
3.67 0.00105055
3.675 0.00104771
3.68 0.00104487
3.685 0.00104205
3.69 0.00103924
3.695 0.00103644
3.7 0.00103365
3.705 0.00103088
3.71 0.00102811
3.715 0.00102536
3.72 0.00102261
3.725 0.00101988
3.73 0.00101716
3.735 0.00101445
3.74 0.00101175
3.745 0.00100906
3.75 0.00100638
3.755 0.00100371
3.76 0.00100106
3.765 0.000998411
3.77 0.000995774
3.775 0.000993149
3.78 0.000990534
3.785 0.000987929
3.79 0.000985334
3.795 0.00098275
3.8 0.000980175
3.805 0.000977611
3.81 0.000975057
3.815 0.000972513
3.82 0.000969979
3.825 0.000967454
3.83 0.00096494
3.835 0.000962435
3.84 0.00095994
3.845 0.000957455
3.85 0.000954979
3.855 0.000952513
3.86 0.000950057
3.865 0.00094761
3.87 0.000945172
3.875 0.000942744
3.88 0.000940325
3.885 0.000937916
3.89 0.000935515
3.895 0.000933124
3.9 0.000930742
3.905 0.000928369
3.91 0.000926006
3.915 0.000923651
3.92 0.000921305
3.925 0.000918968
3.93 0.00091664
3.935 0.000914321
3.94 0.000912011
3.945 0.000909709
3.95 0.000907416
3.955 0.000905132
3.96 0.000902856
3.965 0.000900589
3.97 0.00089833
3.975 0.00089608
3.98 0.000893839
3.985 0.000891606
3.99 0.000889381
3.995 0.000887164
4 0.000884956
4.005 0.000882756
4.01 0.000880564
4.015 0.00087838
4.02 0.000876205
4.025 0.000874037
4.03 0.000871878
4.035 0.000869726
4.04 0.000867583
4.045 0.000865447
4.05 0.000863319
4.055 0.000861199
4.06 0.000859087
4.065 0.000856983
4.07 0.000854886
4.075 0.000852797
4.08 0.000850716
4.085 0.000848642
4.09 0.000846576
4.095 0.000844517
4.1 0.000842466
4.105 0.000840423
4.11 0.000838386
4.115 0.000836358
4.12 0.000834336
4.125 0.000832322
4.13 0.000830315
4.135 0.000828315
4.14 0.000826323
4.145 0.000824338
4.15 0.00082236
4.155 0.000820389
4.16 0.000818425
4.165 0.000816468
4.17 0.000814518
4.175 0.000812575
4.18 0.000810639
4.185 0.00080871
4.19 0.000806788
4.195 0.000804873
4.2 0.000802964
4.205 0.000801063
4.21 0.000799168
4.215 0.000797279
4.22 0.000795398
4.225 0.000793523
4.23 0.000791655
4.235 0.000789793
4.24 0.000787938
4.245 0.000786089
4.25 0.000784247
4.255 0.000782411
4.26 0.000780582
4.265 0.000778759
4.27 0.000776943
4.275 0.000775133
4.28 0.000773329
4.285 0.000771532
4.29 0.00076974
4.295 0.000767955
4.3 0.000766177
4.305 0.000764404
4.31 0.000762637
4.315 0.000760877
4.32 0.000759123
4.325 0.000757375
4.33 0.000755632
4.335 0.000753896
4.34 0.000752166
4.345 0.000750442
4.35 0.000748723
4.355 0.000747011
4.36 0.000745304
4.365 0.000743604
4.37 0.000741909
4.375 0.00074022
4.38 0.000738536
4.385 0.000736859
4.39 0.000735187
4.395 0.00073352
4.4 0.00073186
4.405 0.000730205
4.41 0.000728556
4.415 0.000726912
4.42 0.000725274
4.425 0.000723641
4.43 0.000722014
4.435 0.000720392
4.44 0.000718776
4.445 0.000717165
4.45 0.00071556
4.455 0.00071396
4.46 0.000712365
4.465 0.000710776
4.47 0.000709192
4.475 0.000707613
4.48 0.000706039
4.485 0.000704471
4.49 0.000702908
4.495 0.00070135
4.5 0.000699798
4.505 0.00069825
4.51 0.000696708
4.515 0.000695171
4.52 0.000693639
4.525 0.000692111
4.53 0.000690589
4.535 0.000689072
4.54 0.00068756
4.545 0.000686053
4.55 0.000684551
4.555 0.000683054
4.56 0.000681561
4.565 0.000680074
4.57 0.000678592
4.575 0.000677114
4.58 0.000675641
4.585 0.000674173
4.59 0.000672709
4.595 0.000671251
4.6 0.000669797
4.605 0.000668348
4.61 0.000666904
4.615 0.000665464
4.62 0.000664029
4.625 0.000662598
4.63 0.000661173
4.635 0.000659751
4.64 0.000658335
4.645 0.000656923
4.65 0.000655515
4.655 0.000654112
4.66 0.000652713
4.665 0.000651319
4.67 0.00064993
4.675 0.000648545
4.68 0.000647164
4.685 0.000645788
4.69 0.000644416
4.695 0.000643048
4.7 0.000641685
4.705 0.000640326
4.71 0.000638971
4.715 0.000637621
4.72 0.000636275
4.725 0.000634933
4.73 0.000633596
4.735 0.000632262
4.74 0.000630933
4.745 0.000629608
4.75 0.000628288
4.755 0.000626971
4.76 0.000625659
4.765 0.00062435
4.77 0.000623046
4.775 0.000621746
4.78 0.00062045
4.785 0.000619158
4.79 0.00061787
4.795 0.000616586
4.8 0.000615306
4.805 0.00061403
4.81 0.000612758
4.815 0.00061149
4.82 0.000610225
4.825 0.000608965
4.83 0.000607709
4.835 0.000606456
4.84 0.000605208
4.845 0.000603963
4.85 0.000602722
4.855 0.000601485
4.86 0.000600252
4.865 0.000599022
4.87 0.000597796
4.875 0.000596574
4.88 0.000595356
4.885 0.000594142
4.89 0.000592931
4.895 0.000591724
4.9 0.00059052
4.905 0.000589321
4.91 0.000588125
4.915 0.000586932
4.92 0.000585743
4.925 0.000584558
4.93 0.000583376
4.935 0.000582198
4.94 0.000581024
4.945 0.000579853
4.95 0.000578685
4.955 0.000577522
4.96 0.000576361
4.965 0.000575204
4.97 0.000574051
4.975 0.000572901
4.98 0.000571754
4.985 0.000570611
4.99 0.000569472
4.995 0.000568336
5 0.000567203
5.005 0.000566073
5.01 0.000564947
5.015 0.000563825
5.02 0.000562705
5.025 0.000561589
5.03 0.000560476
5.035 0.000559367
5.04 0.000558261
5.045 0.000557158
5.05 0.000556058
5.055 0.000554962
5.06 0.000553869
5.065 0.000552779
5.07 0.000551692
5.075 0.000550609
5.08 0.000549529
5.085 0.000548452
5.09 0.000547378
5.095 0.000546307
5.1 0.000545239
5.105 0.000544175
5.11 0.000543113
5.115 0.000542055
5.12 0.000541
5.125 0.000539948
5.13 0.000538899
5.135 0.000537853
5.14 0.00053681
5.145 0.00053577
5.15 0.000534733
5.155 0.000533699
5.16 0.000532668
5.165 0.00053164
5.17 0.000530615
5.175 0.000529593
5.18 0.000528574
5.185 0.000527558
5.19 0.000526545
5.195 0.000525535
5.2 0.000524527
5.205 0.000523523
5.21 0.000522521
5.215 0.000521522
5.22 0.000520527
5.225 0.000519534
5.23 0.000518543
5.235 0.000517556
5.24 0.000516572
5.245 0.00051559
5.25 0.000514611
5.255 0.000513635
5.26 0.000512661
5.265 0.000511691
5.27 0.000510723
5.275 0.000509758
5.28 0.000508795
5.285 0.000507836
5.29 0.000506879
5.295 0.000505925
5.3 0.000504973
5.305 0.000504024
5.31 0.000503078
5.315 0.000502135
5.32 0.000501194
5.325 0.000500255
5.33 0.00049932
5.335 0.000498387
5.34 0.000497456
5.345 0.000496529
5.35 0.000495604
5.355 0.000494681
5.36 0.000493761
5.365 0.000492843
5.37 0.000491929
5.375 0.000491016
5.38 0.000490106
5.385 0.000489199
5.39 0.000488294
5.395 0.000487392
5.4 0.000486492
5.405 0.000485595
5.41 0.0004847
5.415 0.000483808
5.42 0.000482918
5.425 0.000482031
5.43 0.000481146
5.435 0.000480263
5.44 0.000479383
5.445 0.000478505
5.45 0.00047763
5.455 0.000476757
5.46 0.000475887
5.465 0.000475019
5.47 0.000474153
5.475 0.000473289
5.48 0.000472428
5.485 0.00047157
5.49 0.000470713
5.495 0.000469859
5.5 0.000469008
5.505 0.000468158
5.51 0.000467311
5.515 0.000466467
5.52 0.000465624
5.525 0.000464784
5.53 0.000463946
5.535 0.00046311
5.54 0.000462277
5.545 0.000461446
5.55 0.000460617
5.555 0.00045979
5.56 0.000458966
5.565 0.000458143
5.57 0.000457323
5.575 0.000456505
5.58 0.00045569
5.585 0.000454876
5.59 0.000454065
5.595 0.000453256
5.6 0.000452449
5.605 0.000451644
5.61 0.000450842
5.615 0.000450041
5.62 0.000449243
5.625 0.000448446
5.63 0.000447652
5.635 0.00044686
5.64 0.00044607
5.645 0.000445282
5.65 0.000444497
5.655 0.000443713
5.66 0.000442931
5.665 0.000442152
5.67 0.000441374
5.675 0.000440599
5.68 0.000439825
5.685 0.000439054
5.69 0.000438285
5.695 0.000437517
5.7 0.000436752
5.705 0.000435989
5.71 0.000435227
5.715 0.000434468
5.72 0.000433711
5.725 0.000432955
5.73 0.000432202
5.735 0.00043145
5.74 0.000430701
5.745 0.000429953
5.75 0.000429208
5.755 0.000428464
5.76 0.000427723
5.765 0.000426983
5.77 0.000426245
5.775 0.000425509
5.78 0.000424775
5.785 0.000424043
5.79 0.000423312
5.795 0.000422584
5.8 0.000421858
5.805 0.000421133
5.81 0.00042041
5.815 0.000419689
5.82 0.00041897
5.825 0.000418253
5.83 0.000417538
5.835 0.000416824
5.84 0.000416112
5.845 0.000415403
5.85 0.000414695
5.855 0.000413988
5.86 0.000413284
5.865 0.000412581
5.87 0.00041188
5.875 0.000411181
5.88 0.000410484
5.885 0.000409788
5.89 0.000409095
5.895 0.000408403
5.9 0.000407712
5.905 0.000407024
5.91 0.000406337
5.915 0.000405652
5.92 0.000404969
5.925 0.000404287
5.93 0.000403607
5.935 0.000402929
5.94 0.000402253
5.945 0.000401578
5.95 0.000400905
5.955 0.000400234
5.96 0.000399564
5.965 0.000398896
5.97 0.00039823
5.975 0.000397565
5.98 0.000396902
5.985 0.000396241
5.99 0.000395581
5.995 0.000394923
6 0.000394267
6.005 0.000393612
6.01 0.000392959
6.015 0.000392307
6.02 0.000391658
6.025 0.000391009
6.03 0.000390363
6.035 0.000389718
6.04 0.000389074
6.045 0.000388432
6.05 0.000387792
6.055 0.000387153
6.06 0.000386516
6.065 0.000385881
6.07 0.000385247
6.075 0.000384614
6.08 0.000383983
6.085 0.000383354
6.09 0.000382726
6.095 0.0003821
6.1 0.000381476
6.105 0.000380852
6.11 0.000380231
6.115 0.000379611
6.12 0.000378992
6.125 0.000378375
6.13 0.000377759
6.135 0.000377145
6.14 0.000376533
6.145 0.000375922
6.15 0.000375312
6.155 0.000374704
6.16 0.000374097
6.165 0.000373492
6.17 0.000372888
6.175 0.000372286
6.18 0.000371685
6.185 0.000371086
6.19 0.000370488
6.195 0.000369892
6.2 0.000369297
6.205 0.000368703
6.21 0.000368111
6.215 0.00036752
6.22 0.000366931
6.225 0.000366343
6.23 0.000365757
6.235 0.000365172
6.24 0.000364588
6.245 0.000364006
6.25 0.000363425
6.255 0.000362845
6.26 0.000362267
6.265 0.000361691
6.27 0.000361115
6.275 0.000360541
6.28 0.000359969
6.285 0.000359397
6.29 0.000358828
6.295 0.000358259
6.3 0.000357692
6.305 0.000357126
6.31 0.000356562
6.315 0.000355998
6.32 0.000355437
6.325 0.000354876
6.33 0.000354317
6.335 0.000353759
6.34 0.000353203
6.345 0.000352647
6.35 0.000352094
6.355 0.000351541
6.36 0.00035099
6.365 0.00035044
6.37 0.000349891
6.375 0.000349344
6.38 0.000348797
6.385 0.000348253
6.39 0.000347709
6.395 0.000347167
6.4 0.000346626
6.405 0.000346086
6.41 0.000345547
6.415 0.00034501
6.42 0.000344474
6.425 0.000343939
6.43 0.000343406
6.435 0.000342873
6.44 0.000342342
6.445 0.000341813
6.45 0.000341284
6.455 0.000340757
6.46 0.000340231
6.465 0.000339706
6.47 0.000339182
6.475 0.000338659
6.48 0.000338138
6.485 0.000337618
6.49 0.000337099
6.495 0.000336581
6.5 0.000336065
6.505 0.00033555
6.51 0.000335036
6.515 0.000334523
6.52 0.000334011
6.525 0.0003335
6.53 0.000332991
6.535 0.000332483
6.54 0.000331975
6.545 0.00033147
6.55 0.000330965
6.555 0.000330461
6.56 0.000329959
6.565 0.000329457
6.57 0.000328957
6.575 0.000328458
6.58 0.00032796
6.585 0.000327463
6.59 0.000326968
6.595 0.000326473
6.6 0.00032598
6.605 0.000325487
6.61 0.000324996
6.615 0.000324506
6.62 0.000324017
6.625 0.000323529
6.63 0.000323043
6.635 0.000322557
6.64 0.000322072
6.645 0.000321589
6.65 0.000321106
6.655 0.000320625
6.66 0.000320145
6.665 0.000319666
6.67 0.000319188
6.675 0.000318711
6.68 0.000318235
6.685 0.00031776
6.69 0.000317286
6.695 0.000316813
6.7 0.000316342
6.705 0.000315871
6.71 0.000315401
6.715 0.000314933
6.72 0.000314465
6.725 0.000313999
6.73 0.000313534
6.735 0.000313069
6.74 0.000312606
6.745 0.000312143
6.75 0.000311682
6.755 0.000311222
6.76 0.000310763
6.765 0.000310304
6.77 0.000309847
6.775 0.000309391
6.78 0.000308936
6.785 0.000308481
6.79 0.000308028
6.795 0.000307576
6.8 0.000307125
6.805 0.000306675
6.81 0.000306225
6.815 0.000305777
6.82 0.00030533
6.825 0.000304884
6.83 0.000304438
6.835 0.000303994
6.84 0.000303551
6.845 0.000303108
6.85 0.000302667
6.855 0.000302226
6.86 0.000301787
6.865 0.000301348
6.87 0.000300911
6.875 0.000300474
6.88 0.000300038
6.885 0.000299604
6.89 0.00029917
6.895 0.000298737
6.9 0.000298305
6.905 0.000297874
6.91 0.000297444
6.915 0.000297015
6.92 0.000296587
6.925 0.000296159
6.93 0.000295733
6.935 0.000295308
6.94 0.000294883
6.945 0.000294459
6.95 0.000294037
6.955 0.000293615
6.96 0.000293194
6.965 0.000292774
6.97 0.000292355
6.975 0.000291937
6.98 0.00029152
6.985 0.000291103
6.99 0.000290688
6.995 0.000290273
7 0.00028986
7.005 0.000289447
7.01 0.000289035
7.015 0.000288624
7.02 0.000288214
7.025 0.000287804
7.03 0.000287396
7.035 0.000286988
7.04 0.000286582
7.045 0.000286176
7.05 0.000285771
7.055 0.000285367
7.06 0.000284963
7.065 0.000284561
7.07 0.000284159
7.075 0.000283759
7.08 0.000283359
7.085 0.00028296
7.09 0.000282562
7.095 0.000282164
7.1 0.000281768
7.105 0.000281372
7.11 0.000280977
7.115 0.000280583
7.12 0.00028019
7.125 0.000279798
7.13 0.000279406
7.135 0.000279016
7.14 0.000278626
7.145 0.000278237
7.15 0.000277848
7.155 0.000277461
7.16 0.000277074
7.165 0.000276689
7.17 0.000276304
7.175 0.000275919
7.18 0.000275536
7.185 0.000275153
7.19 0.000274772
7.195 0.000274391
7.2 0.00027401
7.205 0.000273631
7.21 0.000273252
7.215 0.000272874
7.22 0.000272497
7.225 0.000272121
7.23 0.000271745
7.235 0.000271371
7.24 0.000270997
7.245 0.000270624
7.25 0.000270251
7.255 0.000269879
7.26 0.000269509
7.265 0.000269138
7.27 0.000268769
7.275 0.0002684
7.28 0.000268033
7.285 0.000267665
7.29 0.000267299
7.295 0.000266934
7.3 0.000266569
7.305 0.000266205
7.31 0.000265841
7.315 0.000265479
7.32 0.000265117
7.325 0.000264756
7.33 0.000264395
7.335 0.000264036
7.34 0.000263677
7.345 0.000263319
7.35 0.000262961
7.355 0.000262604
7.36 0.000262248
7.365 0.000261893
7.37 0.000261539
7.375 0.000261185
7.38 0.000260832
7.385 0.000260479
7.39 0.000260127
7.395 0.000259776
7.4 0.000259426
7.405 0.000259077
7.41 0.000258728
7.415 0.00025838
7.42 0.000258032
7.425 0.000257685
7.43 0.000257339
7.435 0.000256994
7.44 0.000256649
7.445 0.000256305
7.45 0.000255962
7.455 0.00025562
7.46 0.000255278
7.465 0.000254936
7.47 0.000254596
7.475 0.000254256
7.48 0.000253917
7.485 0.000253578
7.49 0.000253241
7.495 0.000252903
7.5 0.000252567
7.505 0.000252231
7.51 0.000251896
7.515 0.000251562
7.52 0.000251228
7.525 0.000250895
7.53 0.000250562
7.535 0.00025023
7.54 0.000249899
7.545 0.000249569
7.55 0.000249239
7.555 0.00024891
7.56 0.000248581
7.565 0.000248253
7.57 0.000247926
7.575 0.000247599
7.58 0.000247274
7.585 0.000246948
7.59 0.000246624
7.595 0.0002463
7.6 0.000245976
7.605 0.000245653
7.61 0.000245331
7.615 0.00024501
7.62 0.000244689
7.625 0.000244369
7.63 0.000244049
7.635 0.00024373
7.64 0.000243412
7.645 0.000243094
7.65 0.000242777
7.655 0.000242461
7.66 0.000242145
7.665 0.00024183
7.67 0.000241515
7.675 0.000241201
7.68 0.000240888
7.685 0.000240575
7.69 0.000240263
7.695 0.000239951
7.7 0.00023964
7.705 0.00023933
7.71 0.00023902
7.715 0.000238711
7.72 0.000238402
7.725 0.000238094
7.73 0.000237787
7.735 0.00023748
7.74 0.000237174
7.745 0.000236868
7.75 0.000236563
7.755 0.000236259
7.76 0.000235955
7.765 0.000235652
7.77 0.000235349
7.775 0.000235047
7.78 0.000234746
7.785 0.000234445
7.79 0.000234144
7.795 0.000233845
7.8 0.000233546
7.805 0.000233247
7.81 0.000232949
7.815 0.000232651
7.82 0.000232355
7.825 0.000232058
7.83 0.000231763
7.835 0.000231467
7.84 0.000231173
7.845 0.000230879
7.85 0.000230585
7.855 0.000230292
7.86 0.00023
7.865 0.000229708
7.87 0.000229417
7.875 0.000229126
7.88 0.000228836
7.885 0.000228546
7.89 0.000228257
7.895 0.000227969
7.9 0.000227681
7.905 0.000227393
7.91 0.000227106
7.915 0.00022682
7.92 0.000226534
7.925 0.000226249
7.93 0.000225964
7.935 0.00022568
7.94 0.000225396
7.945 0.000225113
7.95 0.000224831
7.955 0.000224549
7.96 0.000224267
7.965 0.000223986
7.97 0.000223706
7.975 0.000223426
7.98 0.000223146
7.985 0.000222867
7.99 0.000222589
7.995 0.000222311
8 0.000222034
8.005 0.000221757
8.01 0.000221481
8.015 0.000221205
8.02 0.00022093
8.025 0.000220655
8.03 0.000220381
8.035 0.000220107
8.04 0.000219834
8.045 0.000219561
8.05 0.000219289
8.055 0.000219017
8.06 0.000218746
8.065 0.000218475
8.07 0.000218205
8.075 0.000217936
8.08 0.000217666
8.085 0.000217398
8.09 0.00021713
8.095 0.000216862
8.1 0.000216595
8.105 0.000216328
8.11 0.000216062
8.115 0.000215796
8.12 0.000215531
8.125 0.000215266
8.13 0.000215002
8.135 0.000214738
8.14 0.000214475
8.145 0.000214212
8.15 0.00021395
8.155 0.000213688
8.16 0.000213427
8.165 0.000213166
8.17 0.000212905
8.175 0.000212645
8.18 0.000212386
8.185 0.000212127
8.19 0.000211868
8.195 0.00021161
8.2 0.000211353
8.205 0.000211096
8.21 0.000210839
8.215 0.000210583
8.22 0.000210327
8.225 0.000210072
8.23 0.000209817
8.235 0.000209563
8.24 0.000209309
8.245 0.000209056
8.25 0.000208803
8.255 0.000208551
8.26 0.000208299
8.265 0.000208047
8.27 0.000207796
8.275 0.000207545
8.28 0.000207295
8.285 0.000207046
8.29 0.000206796
8.295 0.000206547
8.3 0.000206299
8.305 0.000206051
8.31 0.000205804
8.315 0.000205557
8.32 0.00020531
8.325 0.000205064
8.33 0.000204818
8.335 0.000204573
8.34 0.000204328
8.345 0.000204084
8.35 0.00020384
8.355 0.000203596
8.36 0.000203353
8.365 0.000203111
8.37 0.000202869
8.375 0.000202627
8.38 0.000202385
8.385 0.000202145
8.39 0.000201904
8.395 0.000201664
8.4 0.000201424
8.405 0.000201185
8.41 0.000200946
8.415 0.000200708
8.42 0.00020047
8.425 0.000200233
8.43 0.000199996
8.435 0.000199759
8.44 0.000199523
8.445 0.000199287
8.45 0.000199052
8.455 0.000198817
8.46 0.000198582
8.465 0.000198348
8.47 0.000198114
8.475 0.000197881
8.48 0.000197648
8.485 0.000197416
8.49 0.000197183
8.495 0.000196952
8.5 0.00019672
8.505 0.00019649
8.51 0.000196259
8.515 0.000196029
8.52 0.000195799
8.525 0.00019557
8.53 0.000195341
8.535 0.000195113
8.54 0.000194885
8.545 0.000194657
8.55 0.00019443
8.555 0.000194203
8.56 0.000193977
8.565 0.000193751
8.57 0.000193525
8.575 0.0001933
8.58 0.000193075
8.585 0.00019285
8.59 0.000192626
8.595 0.000192403
8.6 0.000192179
8.605 0.000191957
8.61 0.000191734
8.615 0.000191512
8.62 0.00019129
8.625 0.000191069
8.63 0.000190848
8.635 0.000190627
8.64 0.000190407
8.645 0.000190187
8.65 0.000189968
8.655 0.000189749
8.66 0.00018953
8.665 0.000189312
8.67 0.000189094
8.675 0.000188876
8.68 0.000188659
8.685 0.000188442
8.69 0.000188226
8.695 0.000188009
8.7 0.000187794
8.705 0.000187578
8.71 0.000187364
8.715 0.000187149
8.72 0.000186935
8.725 0.000186721
8.73 0.000186507
8.735 0.000186294
8.74 0.000186081
8.745 0.000185869
8.75 0.000185657
8.755 0.000185445
8.76 0.000185234
8.765 0.000185023
8.77 0.000184813
8.775 0.000184602
8.78 0.000184392
8.785 0.000184183
8.79 0.000183974
8.795 0.000183765
8.8 0.000183557
8.805 0.000183349
8.81 0.000183141
8.815 0.000182933
8.82 0.000182726
8.825 0.00018252
8.83 0.000182313
8.835 0.000182107
8.84 0.000181902
8.845 0.000181696
8.85 0.000181492
8.855 0.000181287
8.86 0.000181083
8.865 0.000180879
8.87 0.000180675
8.875 0.000180472
8.88 0.000180269
8.885 0.000180067
8.89 0.000179865
8.895 0.000179663
8.9 0.000179461
8.905 0.00017926
8.91 0.000179059
8.915 0.000178859
8.92 0.000178659
8.925 0.000178459
8.93 0.000178259
8.935 0.00017806
8.94 0.000177861
8.945 0.000177663
8.95 0.000177465
8.955 0.000177267
8.96 0.000177069
8.965 0.000176872
8.97 0.000176675
8.975 0.000176479
8.98 0.000176283
8.985 0.000176087
8.99 0.000175891
8.995 0.000175696
9 0.000175501
9.005 0.000175307
9.01 0.000175113
9.015 0.000174919
9.02 0.000174725
9.025 0.000174532
9.03 0.000174339
9.035 0.000174146
9.04 0.000173954
9.045 0.000173762
9.05 0.00017357
9.055 0.000173379
9.06 0.000173188
9.065 0.000172997
9.07 0.000172807
9.075 0.000172617
9.08 0.000172427
9.085 0.000172238
9.09 0.000172048
9.095 0.00017186
9.1 0.000171671
9.105 0.000171483
9.11 0.000171295
9.115 0.000171107
9.12 0.00017092
9.125 0.000170733
9.13 0.000170546
9.135 0.00017036
9.14 0.000170174
9.145 0.000169988
9.15 0.000169803
9.155 0.000169618
9.16 0.000169433
9.165 0.000169248
9.17 0.000169064
9.175 0.00016888
9.18 0.000168696
9.185 0.000168513
9.19 0.00016833
9.195 0.000168147
9.2 0.000167965
9.205 0.000167783
9.21 0.000167601
9.215 0.000167419
9.22 0.000167238
9.225 0.000167057
9.23 0.000166876
9.235 0.000166696
9.24 0.000166516
9.245 0.000166336
9.25 0.000166157
9.255 0.000165977
9.26 0.000165798
9.265 0.00016562
9.27 0.000165441
9.275 0.000165263
9.28 0.000165086
9.285 0.000164908
9.29 0.000164731
9.295 0.000164554
9.3 0.000164377
9.305 0.000164201
9.31 0.000164025
9.315 0.000163849
9.32 0.000163674
9.325 0.000163499
9.33 0.000163324
9.335 0.000163149
9.34 0.000162975
9.345 0.0001628
9.35 0.000162627
9.355 0.000162453
9.36 0.00016228
9.365 0.000162107
9.37 0.000161934
9.375 0.000161762
9.38 0.00016159
9.385 0.000161418
9.39 0.000161246
9.395 0.000161075
9.4 0.000160904
9.405 0.000160733
9.41 0.000160562
9.415 0.000160392
9.42 0.000160222
9.425 0.000160052
9.43 0.000159883
9.435 0.000159714
9.44 0.000159545
9.445 0.000159376
9.45 0.000159208
9.455 0.00015904
9.46 0.000158872
9.465 0.000158704
9.47 0.000158537
9.475 0.00015837
9.48 0.000158203
9.485 0.000158037
9.49 0.000157871
9.495 0.000157705
9.5 0.000157539
9.505 0.000157373
9.51 0.000157208
9.515 0.000157043
9.52 0.000156879
9.525 0.000156714
9.53 0.00015655
9.535 0.000156386
9.54 0.000156222
9.545 0.000156059
9.55 0.000155896
9.555 0.000155733
9.56 0.00015557
9.565 0.000155408
9.57 0.000155246
9.575 0.000155084
9.58 0.000154922
9.585 0.000154761
9.59 0.0001546
9.595 0.000154439
9.6 0.000154279
9.605 0.000154118
9.61 0.000153958
9.615 0.000153798
9.62 0.000153639
9.625 0.000153479
9.63 0.00015332
9.635 0.000153161
9.64 0.000153003
9.645 0.000152844
9.65 0.000152686
9.655 0.000152528
9.66 0.000152371
9.665 0.000152213
9.67 0.000152056
9.675 0.000151899
9.68 0.000151743
9.685 0.000151586
9.69 0.00015143
9.695 0.000151274
9.7 0.000151118
9.705 0.000150963
9.71 0.000150808
9.715 0.000150653
9.72 0.000150498
9.725 0.000150343
9.73 0.000150189
9.735 0.000150035
9.74 0.000149881
9.745 0.000149728
9.75 0.000149575
9.755 0.000149421
9.76 0.000149269
9.765 0.000149116
9.77 0.000148964
9.775 0.000148811
9.78 0.00014866
9.785 0.000148508
9.79 0.000148356
9.795 0.000148205
9.8 0.000148054
9.805 0.000147904
9.81 0.000147753
9.815 0.000147603
9.82 0.000147453
9.825 0.000147303
9.83 0.000147153
9.835 0.000147004
9.84 0.000146855
9.845 0.000146706
9.85 0.000146557
9.855 0.000146409
9.86 0.00014626
9.865 0.000146112
9.87 0.000145965
9.875 0.000145817
9.88 0.00014567
9.885 0.000145522
9.89 0.000145376
9.895 0.000145229
9.9 0.000145082
9.905 0.000144936
9.91 0.00014479
9.915 0.000144644
9.92 0.000144499
9.925 0.000144353
9.93 0.000144208
9.935 0.000144063
9.94 0.000143919
9.945 0.000143774
9.95 0.00014363
9.955 0.000143486
9.96 0.000143342
9.965 0.000143199
9.97 0.000143055
9.975 0.000142912
9.98 0.000142769
9.985 0.000142626
9.99 0.000142484
9.995 0.000142341
