0 -nan
0.005 0.956798
0.01 0.428057
0.015 0.0316947
0.02 0.129159
0.025 0.641071
0.03 0.0625905
0.035 0.0576549
0.04 0.694707
0.045 0.0372554
0.05 0.320948
0.055 0.228107
0.06 0.098758
0.065 0.531551
0.07 0.1369
0.075 0.580368
0.08 0.621544
0.085 0.484945
0.09 0.167293
0.095 0.0264689
0.1 0.412345
0.105 0.166522
0.11 0.189465
0.115 0.204505
0.12 0.204132
0.125 0.0984752
0.13 0.271166
0.135 0.0911124
0.14 0.143317
0.145 0.220009
0.15 0.135511
0.155 0.108347
0.16 0.156916
0.165 0.180772
0.17 0.164449
0.175 0.135062
0.18 0.116205
0.185 0.127019
0.19 0.165015
0.195 0.197907
0.2 0.192488
0.205 0.148743
0.21 0.10065
0.215 0.0864476
0.22 0.119048
0.225 0.179432
0.23 0.232424
0.235 0.249308
0.24 0.22231
0.245 0.165334
0.25 0.104287
0.255 0.0642738
0.26 0.0599606
0.265 0.092006
0.27 0.149184
0.275 0.213888
0.28 0.268317
0.285 0.29933
0.29 0.300971
0.295 0.274655
0.3 0.227602
0.305 0.17036
0.31 0.114187
0.315 0.0688771
0.32 0.0413197
0.325 0.0348661
0.33 0.0494019
0.335 0.0819308
0.34 0.12745
0.345 0.179915
0.35 0.233143
0.355 0.281541
0.36 0.320625
0.365 0.347309
0.37 0.359991
0.375 0.358472
0.38 0.343764
0.385 0.317818
0.39 0.283229
0.395 0.242945
0.4 0.199996
0.405 0.157277
0.41 0.117372
0.415 0.0824389
0.42 0.0541374
0.425 0.0336042
0.43 0.0214632
0.435 0.0178631
0.44 0.0225355
0.445 0.0348638
0.45 0.0539595
0.455 0.0787375
0.46 0.107989
0.465 0.140447
0.47 0.174844
0.475 0.20996
0.48 0.244663
0.485 0.277933
0.49 0.308888
0.495 0.336791
0.5 0.361058
0.505 0.381255
0.51 0.397095
0.515 0.408425
0.52 0.415216
0.525 0.417552
0.53 0.415607
0.535 0.409639
0.54 0.399967
0.545 0.386963
0.55 0.371031
0.555 0.352601
0.56 0.332115
0.565 0.310013
0.57 0.286732
0.575 0.262692
0.58 0.238294
0.585 0.213911
0.59 0.18989
0.595 0.166543
0.6 0.144152
0.605 0.122961
0.61 0.103182
0.615 0.0849931
0.62 0.0685372
0.625 0.0539269
0.63 0.0412444
0.635 0.0305436
0.64 0.0218525
0.645 0.0151752
0.65 0.0104942
0.655 0.00777272
0.66 0.00695706
0.665 0.00797873
0.67 0.0107566
0.675 0.0151992
0.68 0.021206
0.685 0.02867
0.69 0.0374791
0.695 0.0475173
0.7 0.0586667
0.705 0.0708084
0.71 0.0838237
0.715 0.0975952
0.72 0.112007
0.725 0.126948
0.73 0.142308
0.735 0.157983
0.74 0.173872
0.745 0.18988
0.75 0.205916
0.755 0.221897
0.76 0.237742
0.765 0.253378
0.77 0.268736
0.775 0.283755
0.78 0.298377
0.785 0.312551
0.79 0.326231
0.795 0.339376
0.8 0.351949
0.805 0.363921
0.81 0.375264
0.815 0.385955
0.82 0.395979
0.825 0.405319
0.83 0.413966
0.835 0.421913
0.84 0.429156
0.845 0.435695
0.85 0.441532
0.855 0.446671
0.86 0.45112
0.865 0.454888
0.87 0.457986
0.875 0.460428
0.88 0.462226
0.885 0.463399
0.89 0.463962
0.895 0.463934
0.9 0.463333
0.905 0.462181
0.91 0.460497
0.915 0.458303
0.92 0.45562
0.925 0.45247
0.93 0.448875
0.935 0.444858
0.94 0.440439
0.945 0.435643
0.95 0.430489
0.955 0.425001
0.96 0.419201
0.965 0.413108
0.97 0.406745
0.975 0.400133
0.98 0.39329
0.985 0.386237
0.99 0.378994
0.995 0.371579
1 0.36401
1.005 0.356305
1.01 0.348482
1.015 0.340557
1.02 0.332545
1.025 0.324463
1.03 0.316326
1.035 0.308147
1.04 0.29994
1.045 0.29172
1.05 0.283497
1.055 0.275285
1.06 0.267094
1.065 0.258936
1.07 0.250821
1.075 0.242758
1.08 0.234758
1.085 0.226828
1.09 0.218978
1.095 0.211214
1.1 0.203545
1.105 0.195977
1.11 0.188516
1.115 0.181168
1.12 0.17394
1.125 0.166835
1.13 0.159859
1.135 0.153016
1.14 0.146311
1.145 0.139746
1.15 0.133324
1.155 0.12705
1.16 0.120925
1.165 0.114951
1.17 0.109132
1.175 0.103468
1.18 0.0979607
1.185 0.0926117
1.19 0.0874219
1.195 0.0823919
1.2 0.0775223
1.205 0.0728134
1.21 0.0682653
1.215 0.0638779
1.22 0.059651
1.225 0.0555842
1.23 0.0516768
1.235 0.0479281
1.24 0.0443373
1.245 0.0409033
1.25 0.0376251
1.255 0.0345013
1.26 0.0315306
1.265 0.0287115
1.27 0.0260425
1.275 0.0235219
1.28 0.0211481
1.285 0.0189191
1.29 0.0168332
1.295 0.0148884
1.3 0.0130827
1.305 0.0114141
1.31 0.00988048
1.315 0.00847967
1.32 0.00720953
1.325 0.00606786
1.33 0.00505241
1.335 0.00416092
1.34 0.00339111
1.345 0.00274068
1.35 0.0022073
1.355 0.00178866
1.36 0.00148241
1.365 0.0012862
1.37 0.00119769
1.375 0.00121454
1.38 0.0013344
1.385 0.00155493
1.39 0.00187379
1.395 0.00228865
1.4 0.00279721
1.405 0.00339716
1.41 0.00408621
1.415 0.00486208
1.42 0.00572252
1.425 0.0066653
1.43 0.00768818
1.435 0.00878898
1.44 0.00996551
1.445 0.0112156
1.45 0.0125372
1.455 0.0139281
1.46 0.0153863
1.465 0.0169097
1.47 0.0184962
1.475 0.020144
1.48 0.021851
1.485 0.0236152
1.49 0.0254348
1.495 0.0273078
1.5 0.0292325
1.505 0.0312069
1.51 0.0332294
1.515 0.035298
1.52 0.0374111
1.525 0.039567
1.53 0.0417639
1.535 0.0440003
1.54 0.0462745
1.545 0.0485849
1.55 0.05093
1.555 0.0533083
1.56 0.0557182
1.565 0.0581583
1.57 0.0606271
1.575 0.0631233
1.58 0.0656454
1.585 0.0681921
1.59 0.070762
1.595 0.073354
1.6 0.0759667
1.605 0.0785988
1.61 0.0812492
1.615 0.0839167
1.62 0.0866001
1.625 0.0892983
1.63 0.0920102
1.635 0.0947348
1.64 0.0974709
1.645 0.100217
1.65 0.102974
1.655 0.105738
1.66 0.108511
1.665 0.11129
1.67 0.114075
1.675 0.116864
1.68 0.119658
1.685 0.122455
1.69 0.125254
1.695 0.128055
1.7 0.130857
1.705 0.133659
1.71 0.13646
1.715 0.13926
1.72 0.142058
1.725 0.144853
1.73 0.147645
1.735 0.150433
1.74 0.153216
1.745 0.155994
1.75 0.158766
1.755 0.161532
1.76 0.164292
1.765 0.167043
1.77 0.169787
1.775 0.172523
1.78 0.175249
1.785 0.177967
1.79 0.180674
1.795 0.183372
1.8 0.186059
1.805 0.188735
1.81 0.191399
1.815 0.194052
1.82 0.196693
1.825 0.199321
1.83 0.201936
1.835 0.204539
1.84 0.207128
1.845 0.209703
1.85 0.212264
1.855 0.214811
1.86 0.217344
1.865 0.219861
1.87 0.222364
1.875 0.224852
1.88 0.227324
1.885 0.22978
1.89 0.232221
1.895 0.234645
1.9 0.237053
1.905 0.239445
1.91 0.24182
1.915 0.244179
1.92 0.24652
1.925 0.248845
1.93 0.251153
1.935 0.253443
1.94 0.255716
1.945 0.257971
1.95 0.260209
1.955 0.262429
1.96 0.264631
1.965 0.266816
1.97 0.268982
1.975 0.271131
1.98 0.273262
1.985 0.275374
1.99 0.277468
1.995 0.279544
2 0.281602
2.005 0.283642
2.01 0.285663
2.015 0.287666
2.02 0.289651
2.025 0.291617
2.03 0.293565
2.035 0.295494
2.04 0.297405
2.045 0.299298
2.05 0.301173
2.055 0.303029
2.06 0.304866
2.065 0.306686
2.07 0.308487
2.075 0.31027
2.08 0.312034
2.085 0.313781
2.09 0.315509
2.095 0.317219
2.1 0.318911
2.105 0.320585
2.11 0.32224
2.115 0.323878
2.12 0.325498
2.125 0.327101
2.13 0.328685
2.135 0.330251
2.14 0.3318
2.145 0.333332
2.15 0.334845
2.155 0.336342
2.16 0.337821
2.165 0.339282
2.17 0.340726
2.175 0.342153
2.18 0.343563
2.185 0.344956
2.19 0.346332
2.195 0.347691
2.2 0.349033
2.205 0.350359
2.21 0.351667
2.215 0.35296
2.22 0.354236
2.225 0.355495
2.23 0.356738
2.235 0.357965
2.24 0.359176
2.245 0.360371
2.25 0.36155
2.255 0.362713
2.26 0.36386
2.265 0.364991
2.27 0.366108
2.275 0.367208
2.28 0.368293
2.285 0.369363
2.29 0.370418
2.295 0.371458
2.3 0.372483
2.305 0.373492
2.31 0.374488
2.315 0.375468
2.32 0.376434
2.325 0.377385
2.33 0.378322
2.335 0.379245
2.34 0.380153
2.345 0.381048
2.35 0.381928
2.355 0.382795
2.36 0.383647
2.365 0.384486
2.37 0.385312
2.375 0.386124
2.38 0.386922
2.385 0.387708
2.39 0.38848
2.395 0.389239
2.4 0.389985
2.405 0.390718
2.41 0.391439
2.415 0.392147
2.42 0.392842
2.425 0.393524
2.43 0.394195
2.435 0.394853
2.44 0.395499
2.445 0.396132
2.45 0.396754
2.455 0.397364
2.46 0.397962
2.465 0.398549
2.47 0.399123
2.475 0.399687
2.48 0.400239
2.485 0.400779
2.49 0.401309
2.495 0.401827
2.5 0.402334
2.505 0.40283
2.51 0.403316
2.515 0.403791
2.52 0.404255
2.525 0.404708
2.53 0.405151
2.535 0.405584
2.54 0.406007
2.545 0.406419
2.55 0.406821
2.555 0.407213
2.56 0.407595
2.565 0.407968
2.57 0.40833
2.575 0.408683
2.58 0.409027
2.585 0.409361
2.59 0.409685
2.595 0.410001
2.6 0.410307
2.605 0.410604
2.61 0.410892
2.615 0.411171
2.62 0.411441
2.625 0.411702
2.63 0.411955
2.635 0.412199
2.64 0.412434
2.645 0.412661
2.65 0.41288
2.655 0.41309
2.66 0.413292
2.665 0.413486
2.67 0.413672
2.675 0.41385
2.68 0.41402
2.685 0.414182
2.69 0.414336
2.695 0.414483
2.7 0.414622
2.705 0.414753
2.71 0.414878
2.715 0.414994
2.72 0.415104
2.725 0.415206
2.73 0.415301
2.735 0.415389
2.74 0.41547
2.745 0.415544
2.75 0.415611
2.755 0.415672
2.76 0.415725
2.765 0.415772
2.77 0.415813
2.775 0.415846
2.78 0.415874
2.785 0.415895
2.79 0.41591
2.795 0.415918
2.8 0.41592
2.805 0.415916
2.81 0.415906
2.815 0.41589
2.82 0.415868
2.825 0.415841
2.83 0.415807
2.835 0.415768
2.84 0.415723
2.845 0.415672
2.85 0.415616
2.855 0.415554
2.86 0.415487
2.865 0.415414
2.87 0.415336
2.875 0.415253
2.88 0.415165
2.885 0.415071
2.89 0.414972
2.895 0.414869
2.9 0.41476
2.905 0.414646
2.91 0.414528
2.915 0.414404
2.92 0.414276
2.925 0.414143
2.93 0.414006
2.935 0.413864
2.94 0.413717
2.945 0.413566
2.95 0.41341
2.955 0.41325
2.96 0.413086
2.965 0.412917
2.97 0.412744
2.975 0.412567
2.98 0.412385
2.985 0.4122
2.99 0.41201
2.995 0.411817
3 0.411619
3.005 0.411418
3.01 0.411212
3.015 0.411003
3.02 0.41079
3.025 0.410573
3.03 0.410353
3.035 0.410129
3.04 0.409901
3.045 0.40967
3.05 0.409435
3.055 0.409197
3.06 0.408955
3.065 0.40871
3.07 0.408462
3.075 0.40821
3.08 0.407955
3.085 0.407696
3.09 0.407435
3.095 0.40717
3.1 0.406903
3.105 0.406632
3.11 0.406358
3.115 0.406081
3.12 0.405801
3.125 0.405518
3.13 0.405233
3.135 0.404944
3.14 0.404653
3.145 0.404359
3.15 0.404062
3.155 0.403762
3.16 0.40346
3.165 0.403155
3.17 0.402848
3.175 0.402538
3.18 0.402225
3.185 0.40191
3.19 0.401592
3.195 0.401272
3.2 0.40095
3.205 0.400625
3.21 0.400298
3.215 0.399968
3.22 0.399637
3.225 0.399303
3.23 0.398967
3.235 0.398628
3.24 0.398288
3.245 0.397945
3.25 0.3976
3.255 0.397253
3.26 0.396904
3.265 0.396554
3.27 0.396201
3.275 0.395846
3.28 0.395489
3.285 0.395131
3.29 0.39477
3.295 0.394408
3.3 0.394043
3.305 0.393678
3.31 0.39331
3.315 0.39294
3.32 0.392569
3.325 0.392196
3.33 0.391822
3.335 0.391446
3.34 0.391068
3.345 0.390688
3.35 0.390307
3.355 0.389925
3.36 0.389541
3.365 0.389156
3.37 0.388769
3.375 0.38838
3.38 0.38799
3.385 0.387599
3.39 0.387207
3.395 0.386813
3.4 0.386417
3.405 0.386021
3.41 0.385623
3.415 0.385224
3.42 0.384823
3.425 0.384422
3.43 0.384019
3.435 0.383615
3.44 0.38321
3.445 0.382804
3.45 0.382396
3.455 0.381988
3.46 0.381578
3.465 0.381167
3.47 0.380756
3.475 0.380343
3.48 0.379929
3.485 0.379514
3.49 0.379099
3.495 0.378682
3.5 0.378264
3.505 0.377846
3.51 0.377426
3.515 0.377006
3.52 0.376585
3.525 0.376163
3.53 0.37574
3.535 0.375316
3.54 0.374892
3.545 0.374467
3.55 0.374041
3.555 0.373614
3.56 0.373186
3.565 0.372758
3.57 0.372329
3.575 0.3719
3.58 0.371469
3.585 0.371038
3.59 0.370607
3.595 0.370175
3.6 0.369742
3.605 0.369308
3.61 0.368874
3.615 0.36844
3.62 0.368005
3.625 0.367569
3.63 0.367133
3.635 0.366696
3.64 0.366259
3.645 0.365821
3.65 0.365383
3.655 0.364945
3.66 0.364506
3.665 0.364066
3.67 0.363626
3.675 0.363186
3.68 0.362745
3.685 0.362304
3.69 0.361863
3.695 0.361421
3.7 0.360979
3.705 0.360536
3.71 0.360093
3.715 0.35965
3.72 0.359207
3.725 0.358763
3.73 0.358319
3.735 0.357875
3.74 0.35743
3.745 0.356986
3.75 0.356541
3.755 0.356095
3.76 0.35565
3.765 0.355204
3.77 0.354758
3.775 0.354312
3.78 0.353866
3.785 0.35342
3.79 0.352973
3.795 0.352526
3.8 0.35208
3.805 0.351633
3.81 0.351186
3.815 0.350738
3.82 0.350291
3.825 0.349844
3.83 0.349396
3.835 0.348949
3.84 0.348501
3.845 0.348054
3.85 0.347606
3.855 0.347158
3.86 0.346711
3.865 0.346263
3.87 0.345815
3.875 0.345367
3.88 0.344919
3.885 0.344472
3.89 0.344024
3.895 0.343576
3.9 0.343129
3.905 0.342681
3.91 0.342233
3.915 0.341786
3.92 0.341338
3.925 0.340891
3.93 0.340444
3.935 0.339996
3.94 0.339549
3.945 0.339102
3.95 0.338655
3.955 0.338208
3.96 0.337762
3.965 0.337315
3.97 0.336869
3.975 0.336422
3.98 0.335976
3.985 0.33553
3.99 0.335084
3.995 0.334639
4 0.334193
4.005 0.333748
4.01 0.333303
4.015 0.332858
4.02 0.332413
4.025 0.331968
4.03 0.331524
4.035 0.33108
4.04 0.330636
4.045 0.330192
4.05 0.329748
4.055 0.329305
4.06 0.328862
4.065 0.328419
4.07 0.327977
4.075 0.327534
4.08 0.327092
4.085 0.326651
4.09 0.326209
4.095 0.325768
4.1 0.325327
4.105 0.324886
4.11 0.324446
4.115 0.324006
4.12 0.323566
4.125 0.323126
4.13 0.322687
4.135 0.322248
4.14 0.32181
4.145 0.321371
4.15 0.320933
4.155 0.320496
4.16 0.320059
4.165 0.319622
4.17 0.319185
4.175 0.318749
4.18 0.318313
4.185 0.317877
4.19 0.317442
4.195 0.317007
4.2 0.316572
4.205 0.316138
4.21 0.315704
4.215 0.315271
4.22 0.314838
4.225 0.314405
4.23 0.313973
4.235 0.313541
4.24 0.31311
4.245 0.312678
4.25 0.312248
4.255 0.311817
4.26 0.311387
4.265 0.310958
4.27 0.310529
4.275 0.3101
4.28 0.309672
4.285 0.309244
4.29 0.308816
4.295 0.308389
4.3 0.307963
4.305 0.307536
4.31 0.307111
4.315 0.306685
4.32 0.30626
4.325 0.305836
4.33 0.305412
4.335 0.304988
4.34 0.304565
4.345 0.304142
4.35 0.30372
4.355 0.303298
4.36 0.302877
4.365 0.302456
4.37 0.302036
4.375 0.301616
4.38 0.301196
4.385 0.300777
4.39 0.300358
4.395 0.29994
4.4 0.299523
4.405 0.299105
4.41 0.298689
4.415 0.298273
4.42 0.297857
4.425 0.297442
4.43 0.297027
4.435 0.296612
4.44 0.296199
4.445 0.295785
4.45 0.295372
4.455 0.29496
4.46 0.294548
4.465 0.294137
4.47 0.293726
4.475 0.293316
4.48 0.292906
4.485 0.292497
4.49 0.292088
4.495 0.291679
4.5 0.291271
4.505 0.290864
4.51 0.290457
4.515 0.290051
4.52 0.289645
4.525 0.28924
4.53 0.288835
4.535 0.288431
4.54 0.288027
4.545 0.287624
4.55 0.287221
4.555 0.286819
4.56 0.286417
4.565 0.286016
4.57 0.285616
4.575 0.285215
4.58 0.284816
4.585 0.284417
4.59 0.284018
4.595 0.28362
4.6 0.283223
4.605 0.282826
4.61 0.28243
4.615 0.282034
4.62 0.281638
4.625 0.281244
4.63 0.280849
4.635 0.280456
4.64 0.280063
4.645 0.27967
4.65 0.279278
4.655 0.278886
4.66 0.278495
4.665 0.278105
4.67 0.277715
4.675 0.277325
4.68 0.276937
4.685 0.276548
4.69 0.27616
4.695 0.275773
4.7 0.275387
4.705 0.275
4.71 0.274615
4.715 0.27423
4.72 0.273845
4.725 0.273461
4.73 0.273078
4.735 0.272695
4.74 0.272313
4.745 0.271931
4.75 0.27155
4.755 0.271169
4.76 0.270789
4.765 0.27041
4.77 0.270031
4.775 0.269652
4.78 0.269274
4.785 0.268897
4.79 0.26852
4.795 0.268144
4.8 0.267769
4.805 0.267393
4.81 0.267019
4.815 0.266645
4.82 0.266271
4.825 0.265899
4.83 0.265526
4.835 0.265155
4.84 0.264783
4.845 0.264413
4.85 0.264043
4.855 0.263673
4.86 0.263304
4.865 0.262936
4.87 0.262568
4.875 0.2622
4.88 0.261834
4.885 0.261467
4.89 0.261102
4.895 0.260737
4.9 0.260372
4.905 0.260008
4.91 0.259645
4.915 0.259282
4.92 0.25892
4.925 0.258558
4.93 0.258197
4.935 0.257836
4.94 0.257476
4.945 0.257117
4.95 0.256758
4.955 0.256399
4.96 0.256041
4.965 0.255684
4.97 0.255327
4.975 0.254971
4.98 0.254616
4.985 0.254261
4.99 0.253906
4.995 0.253552
5 0.253199
5.005 0.252846
5.01 0.252494
5.015 0.252142
5.02 0.251791
5.025 0.25144
5.03 0.25109
5.035 0.250741
5.04 0.250392
5.045 0.250043
5.05 0.249696
5.055 0.249348
5.06 0.249002
5.065 0.248655
5.07 0.24831
5.075 0.247965
5.08 0.24762
5.085 0.247276
5.09 0.246933
5.095 0.24659
5.1 0.246248
5.105 0.245906
5.11 0.245565
5.115 0.245224
5.12 0.244884
5.125 0.244544
5.13 0.244205
5.135 0.243867
5.14 0.243529
5.145 0.243192
5.15 0.242855
5.155 0.242518
5.16 0.242183
5.165 0.241848
5.17 0.241513
5.175 0.241179
5.18 0.240845
5.185 0.240512
5.19 0.24018
5.195 0.239848
5.2 0.239517
5.205 0.239186
5.21 0.238855
5.215 0.238526
5.22 0.238197
5.225 0.237868
5.23 0.23754
5.235 0.237212
5.24 0.236885
5.245 0.236559
5.25 0.236233
5.255 0.235907
5.26 0.235582
5.265 0.235258
5.27 0.234934
5.275 0.234611
5.28 0.234288
5.285 0.233966
5.29 0.233644
5.295 0.233323
5.3 0.233003
5.305 0.232683
5.31 0.232363
5.315 0.232044
5.32 0.231726
5.325 0.231408
5.33 0.23109
5.335 0.230773
5.34 0.230457
5.345 0.230141
5.35 0.229826
5.355 0.229511
5.36 0.229197
5.365 0.228883
5.37 0.22857
5.375 0.228257
5.38 0.227945
5.385 0.227633
5.39 0.227322
5.395 0.227012
5.4 0.226702
5.405 0.226392
5.41 0.226083
5.415 0.225775
5.42 0.225467
5.425 0.225159
5.43 0.224852
5.435 0.224546
5.44 0.22424
5.445 0.223935
5.45 0.22363
5.455 0.223325
5.46 0.223021
5.465 0.222718
5.47 0.222415
5.475 0.222113
5.48 0.221811
5.485 0.22151
5.49 0.221209
5.495 0.220909
5.5 0.220609
5.505 0.22031
5.51 0.220011
5.515 0.219713
5.52 0.219415
5.525 0.219118
5.53 0.218821
5.535 0.218525
5.54 0.218229
5.545 0.217934
5.55 0.217639
5.555 0.217345
5.56 0.217051
5.565 0.216758
5.57 0.216465
5.575 0.216173
5.58 0.215882
5.585 0.21559
5.59 0.2153
5.595 0.215009
5.6 0.21472
5.605 0.21443
5.61 0.214142
5.615 0.213853
5.62 0.213566
5.625 0.213278
5.63 0.212992
5.635 0.212705
5.64 0.212419
5.645 0.212134
5.65 0.211849
5.655 0.211565
5.66 0.211281
5.665 0.210998
5.67 0.210715
5.675 0.210432
5.68 0.210151
5.685 0.209869
5.69 0.209588
5.695 0.209308
5.7 0.209028
5.705 0.208748
5.71 0.208469
5.715 0.208191
5.72 0.207913
5.725 0.207635
5.73 0.207358
5.735 0.207081
5.74 0.206805
5.745 0.206529
5.75 0.206254
5.755 0.205979
5.76 0.205705
5.765 0.205431
5.77 0.205158
5.775 0.204885
5.78 0.204613
5.785 0.204341
5.79 0.204069
5.795 0.203798
5.8 0.203528
5.805 0.203258
5.81 0.202988
5.815 0.202719
5.82 0.20245
5.825 0.202182
5.83 0.201914
5.835 0.201647
5.84 0.20138
5.845 0.201114
5.85 0.200848
5.855 0.200582
5.86 0.200317
5.865 0.200053
5.87 0.199789
5.875 0.199525
5.88 0.199262
5.885 0.198999
5.89 0.198737
5.895 0.198475
5.9 0.198214
5.905 0.197953
5.91 0.197692
5.915 0.197432
5.92 0.197173
5.925 0.196913
5.93 0.196655
5.935 0.196396
5.94 0.196139
5.945 0.195881
5.95 0.195624
5.955 0.195368
5.96 0.195112
5.965 0.194856
5.97 0.194601
5.975 0.194346
5.98 0.194092
5.985 0.193838
5.99 0.193585
5.995 0.193332
6 0.193079
6.005 0.192827
6.01 0.192576
6.015 0.192324
6.02 0.192074
6.025 0.191823
6.03 0.191573
6.035 0.191324
6.04 0.191075
6.045 0.190826
6.05 0.190578
6.055 0.19033
6.06 0.190083
6.065 0.189836
6.07 0.189589
6.075 0.189343
6.08 0.189097
6.085 0.188852
6.09 0.188607
6.095 0.188363
6.1 0.188119
6.105 0.187875
6.11 0.187632
6.115 0.18739
6.12 0.187147
6.125 0.186905
6.13 0.186664
6.135 0.186423
6.14 0.186182
6.145 0.185942
6.15 0.185702
6.155 0.185463
6.16 0.185224
6.165 0.184985
6.17 0.184747
6.175 0.184509
6.18 0.184272
6.185 0.184035
6.19 0.183798
6.195 0.183562
6.2 0.183326
6.205 0.183091
6.21 0.182856
6.215 0.182622
6.22 0.182388
6.225 0.182154
6.23 0.181921
6.235 0.181688
6.24 0.181455
6.245 0.181223
6.25 0.180991
6.255 0.18076
6.26 0.180529
6.265 0.180299
6.27 0.180068
6.275 0.179839
6.28 0.179609
6.285 0.17938
6.29 0.179152
6.295 0.178924
6.3 0.178696
6.305 0.178469
6.31 0.178242
6.315 0.178015
6.32 0.177789
6.325 0.177563
6.33 0.177338
6.335 0.177112
6.34 0.176888
6.345 0.176663
6.35 0.17644
6.355 0.176216
6.36 0.175993
6.365 0.17577
6.37 0.175548
6.375 0.175326
6.38 0.175104
6.385 0.174883
6.39 0.174662
6.395 0.174442
6.4 0.174222
6.405 0.174002
6.41 0.173782
6.415 0.173563
6.42 0.173345
6.425 0.173127
6.43 0.172909
6.435 0.172691
6.44 0.172474
6.445 0.172257
6.45 0.172041
6.455 0.171825
6.46 0.171609
6.465 0.171394
6.47 0.171179
6.475 0.170965
6.48 0.170751
6.485 0.170537
6.49 0.170323
6.495 0.17011
6.5 0.169898
6.505 0.169685
6.51 0.169473
6.515 0.169262
6.52 0.16905
6.525 0.168839
6.53 0.168629
6.535 0.168419
6.54 0.168209
6.545 0.167999
6.55 0.16779
6.555 0.167581
6.56 0.167373
6.565 0.167165
6.57 0.166957
6.575 0.16675
6.58 0.166543
6.585 0.166336
6.59 0.16613
6.595 0.165924
6.6 0.165718
6.605 0.165513
6.61 0.165308
6.615 0.165104
6.62 0.164899
6.625 0.164696
6.63 0.164492
6.635 0.164289
6.64 0.164086
6.645 0.163884
6.65 0.163681
6.655 0.16348
6.66 0.163278
6.665 0.163077
6.67 0.162876
6.675 0.162676
6.68 0.162476
6.685 0.162276
6.69 0.162076
6.695 0.161877
6.7 0.161679
6.705 0.16148
6.71 0.161282
6.715 0.161084
6.72 0.160887
6.725 0.16069
6.73 0.160493
6.735 0.160297
6.74 0.160101
6.745 0.159905
6.75 0.159709
6.755 0.159514
6.76 0.159319
6.765 0.159125
6.77 0.158931
6.775 0.158737
6.78 0.158544
6.785 0.15835
6.79 0.158158
6.795 0.157965
6.8 0.157773
6.805 0.157581
6.81 0.15739
6.815 0.157198
6.82 0.157008
6.825 0.156817
6.83 0.156627
6.835 0.156437
6.84 0.156247
6.845 0.156058
6.85 0.155869
6.855 0.15568
6.86 0.155492
6.865 0.155304
6.87 0.155116
6.875 0.154929
6.88 0.154742
6.885 0.154555
6.89 0.154368
6.895 0.154182
6.9 0.153996
6.905 0.153811
6.91 0.153626
6.915 0.153441
6.92 0.153256
6.925 0.153072
6.93 0.152888
6.935 0.152704
6.94 0.152521
6.945 0.152338
6.95 0.152155
6.955 0.151973
6.96 0.15179
6.965 0.151609
6.97 0.151427
6.975 0.151246
6.98 0.151065
6.985 0.150884
6.99 0.150704
6.995 0.150524
7 0.150344
7.005 0.150165
7.01 0.149985
7.015 0.149807
7.02 0.149628
7.025 0.14945
7.03 0.149272
7.035 0.149094
7.04 0.148917
7.045 0.14874
7.05 0.148563
7.055 0.148386
7.06 0.14821
7.065 0.148034
7.07 0.147859
7.075 0.147683
7.08 0.147508
7.085 0.147334
7.09 0.147159
7.095 0.146985
7.1 0.146811
7.105 0.146637
7.11 0.146464
7.115 0.146291
7.12 0.146118
7.125 0.145946
7.13 0.145774
7.135 0.145602
7.14 0.14543
7.145 0.145259
7.15 0.145088
7.155 0.144917
7.16 0.144747
7.165 0.144576
7.17 0.144407
7.175 0.144237
7.18 0.144068
7.185 0.143898
7.19 0.14373
7.195 0.143561
7.2 0.143393
7.205 0.143225
7.21 0.143057
7.215 0.14289
7.22 0.142723
7.225 0.142556
7.23 0.142389
7.235 0.142223
7.24 0.142057
7.245 0.141891
7.25 0.141725
7.255 0.14156
7.26 0.141395
7.265 0.141231
7.27 0.141066
7.275 0.140902
7.28 0.140738
7.285 0.140574
7.29 0.140411
7.295 0.140248
7.3 0.140085
7.305 0.139922
7.31 0.13976
7.315 0.139598
7.32 0.139436
7.325 0.139275
7.33 0.139114
7.335 0.138953
7.34 0.138792
7.345 0.138631
7.35 0.138471
7.355 0.138311
7.36 0.138152
7.365 0.137992
7.37 0.137833
7.375 0.137674
7.38 0.137515
7.385 0.137357
7.39 0.137199
7.395 0.137041
7.4 0.136883
7.405 0.136726
7.41 0.136569
7.415 0.136412
7.42 0.136255
7.425 0.136099
7.43 0.135943
7.435 0.135787
7.44 0.135632
7.445 0.135476
7.45 0.135321
7.455 0.135166
7.46 0.135012
7.465 0.134857
7.47 0.134703
7.475 0.134549
7.48 0.134396
7.485 0.134242
7.49 0.134089
7.495 0.133936
7.5 0.133784
7.505 0.133631
7.51 0.133479
7.515 0.133327
7.52 0.133176
7.525 0.133024
7.53 0.132873
7.535 0.132722
7.54 0.132572
7.545 0.132421
7.55 0.132271
7.555 0.132121
7.56 0.131971
7.565 0.131822
7.57 0.131673
7.575 0.131524
7.58 0.131375
7.585 0.131227
7.59 0.131078
7.595 0.13093
7.6 0.130782
7.605 0.130635
7.61 0.130488
7.615 0.13034
7.62 0.130194
7.625 0.130047
7.63 0.129901
7.635 0.129754
7.64 0.129609
7.645 0.129463
7.65 0.129317
7.655 0.129172
7.66 0.129027
7.665 0.128882
7.67 0.128738
7.675 0.128594
7.68 0.128449
7.685 0.128306
7.69 0.128162
7.695 0.128019
7.7 0.127875
7.705 0.127733
7.71 0.12759
7.715 0.127447
7.72 0.127305
7.725 0.127163
7.73 0.127021
7.735 0.12688
7.74 0.126738
7.745 0.126597
7.75 0.126456
7.755 0.126316
7.76 0.126175
7.765 0.126035
7.77 0.125895
7.775 0.125755
7.78 0.125615
7.785 0.125476
7.79 0.125337
7.795 0.125198
7.8 0.125059
7.805 0.124921
7.81 0.124782
7.815 0.124644
7.82 0.124507
7.825 0.124369
7.83 0.124232
7.835 0.124094
7.84 0.123957
7.845 0.123821
7.85 0.123684
7.855 0.123548
7.86 0.123412
7.865 0.123276
7.87 0.12314
7.875 0.123005
7.88 0.122869
7.885 0.122734
7.89 0.122599
7.895 0.122465
7.9 0.12233
7.905 0.122196
7.91 0.122062
7.915 0.121928
7.92 0.121795
7.925 0.121661
7.93 0.121528
7.935 0.121395
7.94 0.121263
7.945 0.12113
7.95 0.120998
7.955 0.120866
7.96 0.120734
7.965 0.120602
7.97 0.12047
7.975 0.120339
7.98 0.120208
7.985 0.120077
7.99 0.119946
7.995 0.119816
8 0.119686
8.005 0.119555
8.01 0.119426
8.015 0.119296
8.02 0.119166
8.025 0.119037
8.03 0.118908
8.035 0.118779
8.04 0.11865
8.045 0.118522
8.05 0.118394
8.055 0.118266
8.06 0.118138
8.065 0.11801
8.07 0.117882
8.075 0.117755
8.08 0.117628
8.085 0.117501
8.09 0.117374
8.095 0.117248
8.1 0.117122
8.105 0.116995
8.11 0.116869
8.115 0.116744
8.12 0.116618
8.125 0.116493
8.13 0.116368
8.135 0.116243
8.14 0.116118
8.145 0.115993
8.15 0.115869
8.155 0.115745
8.16 0.115621
8.165 0.115497
8.17 0.115373
8.175 0.11525
8.18 0.115127
8.185 0.115003
8.19 0.114881
8.195 0.114758
8.2 0.114635
8.205 0.114513
8.21 0.114391
8.215 0.114269
8.22 0.114147
8.225 0.114026
8.23 0.113904
8.235 0.113783
8.24 0.113662
8.245 0.113541
8.25 0.113421
8.255 0.1133
8.26 0.11318
8.265 0.11306
8.27 0.11294
8.275 0.11282
8.28 0.1127
8.285 0.112581
8.29 0.112462
8.295 0.112343
8.3 0.112224
8.305 0.112105
8.31 0.111987
8.315 0.111869
8.32 0.111751
8.325 0.111633
8.33 0.111515
8.335 0.111397
8.34 0.11128
8.345 0.111163
8.35 0.111046
8.355 0.110929
8.36 0.110812
8.365 0.110695
8.37 0.110579
8.375 0.110463
8.38 0.110347
8.385 0.110231
8.39 0.110116
8.395 0.11
8.4 0.109885
8.405 0.10977
8.41 0.109655
8.415 0.10954
8.42 0.109425
8.425 0.109311
8.43 0.109197
8.435 0.109083
8.44 0.108969
8.445 0.108855
8.45 0.108741
8.455 0.108628
8.46 0.108515
8.465 0.108402
8.47 0.108289
8.475 0.108176
8.48 0.108063
8.485 0.107951
8.49 0.107839
8.495 0.107727
8.5 0.107615
8.505 0.107503
8.51 0.107392
8.515 0.10728
8.52 0.107169
8.525 0.107058
8.53 0.106947
8.535 0.106836
8.54 0.106726
8.545 0.106615
8.55 0.106505
8.555 0.106395
8.56 0.106285
8.565 0.106176
8.57 0.106066
8.575 0.105957
8.58 0.105847
8.585 0.105738
8.59 0.105629
8.595 0.105521
8.6 0.105412
8.605 0.105303
8.61 0.105195
8.615 0.105087
8.62 0.104979
8.625 0.104871
8.63 0.104764
8.635 0.104656
8.64 0.104549
8.645 0.104442
8.65 0.104335
8.655 0.104228
8.66 0.104121
8.665 0.104015
8.67 0.103908
8.675 0.103802
8.68 0.103696
8.685 0.10359
8.69 0.103484
8.695 0.103379
8.7 0.103273
8.705 0.103168
8.71 0.103063
8.715 0.102958
8.72 0.102853
8.725 0.102748
8.73 0.102644
8.735 0.10254
8.74 0.102435
8.745 0.102331
8.75 0.102227
8.755 0.102124
8.76 0.10202
8.765 0.101917
8.77 0.101813
8.775 0.10171
8.78 0.101607
8.785 0.101504
8.79 0.101402
8.795 0.101299
8.8 0.101197
8.805 0.101094
8.81 0.100992
8.815 0.10089
8.82 0.100789
8.825 0.100687
8.83 0.100585
8.835 0.100484
8.84 0.100383
8.845 0.100282
8.85 0.100181
8.855 0.10008
8.86 0.0999795
8.865 0.0998791
8.87 0.0997787
8.875 0.0996785
8.88 0.0995785
8.885 0.0994786
8.89 0.0993789
8.895 0.0992793
8.9 0.0991798
8.905 0.0990805
8.91 0.0989813
8.915 0.0988823
8.92 0.0987834
8.925 0.0986847
8.93 0.0985861
8.935 0.0984876
8.94 0.0983893
8.945 0.0982911
8.95 0.0981931
8.955 0.0980952
8.96 0.0979975
8.965 0.0978999
8.97 0.0978024
8.975 0.0977051
8.98 0.0976079
8.985 0.0975108
8.99 0.0974139
8.995 0.0973172
9 0.0972205
9.005 0.0971241
9.01 0.0970277
9.015 0.0969315
9.02 0.0968354
9.025 0.0967395
9.03 0.0966437
9.035 0.096548
9.04 0.0964525
9.045 0.0963571
9.05 0.0962619
9.055 0.0961667
9.06 0.0960718
9.065 0.0959769
9.07 0.0958822
9.075 0.0957876
9.08 0.0956932
9.085 0.0955989
9.09 0.0955047
9.095 0.0954107
9.1 0.0953168
9.105 0.095223
9.11 0.0951294
9.115 0.0950359
9.12 0.0949425
9.125 0.0948493
9.13 0.0947562
9.135 0.0946632
9.14 0.0945704
9.145 0.0944777
9.15 0.0943851
9.155 0.0942927
9.16 0.0942004
9.165 0.0941082
9.17 0.0940161
9.175 0.0939242
9.18 0.0938324
9.185 0.0937408
9.19 0.0936493
9.195 0.0935579
9.2 0.0934666
9.205 0.0933754
9.21 0.0932844
9.215 0.0931936
9.22 0.0931028
9.225 0.0930122
9.23 0.0929217
9.235 0.0928313
9.24 0.0927411
9.245 0.092651
9.25 0.092561
9.255 0.0924711
9.26 0.0923814
9.265 0.0922918
9.27 0.0922023
9.275 0.0921129
9.28 0.0920237
9.285 0.0919346
9.29 0.0918456
9.295 0.0917567
9.3 0.091668
9.305 0.0915794
9.31 0.0914909
9.315 0.0914026
9.32 0.0913143
9.325 0.0912262
9.33 0.0911382
9.335 0.0910504
9.34 0.0909626
9.345 0.090875
9.35 0.0907875
9.355 0.0907001
9.36 0.0906129
9.365 0.0905258
9.37 0.0904388
9.375 0.0903519
9.38 0.0902651
9.385 0.0901785
9.39 0.0900919
9.395 0.0900055
9.4 0.0899192
9.405 0.0898331
9.41 0.089747
9.415 0.0896611
9.42 0.0895753
9.425 0.0894896
9.43 0.0894041
9.435 0.0893186
9.44 0.0892333
9.445 0.0891481
9.45 0.089063
9.455 0.088978
9.46 0.0888932
9.465 0.0888084
9.47 0.0887238
9.475 0.0886393
9.48 0.0885549
9.485 0.0884706
9.49 0.0883865
9.495 0.0883025
9.5 0.0882185
9.505 0.0881347
9.51 0.088051
9.515 0.0879675
9.52 0.087884
9.525 0.0878007
9.53 0.0877174
9.535 0.0876343
9.54 0.0875513
9.545 0.0874684
9.55 0.0873857
9.555 0.087303
9.56 0.0872205
9.565 0.087138
9.57 0.0870557
9.575 0.0869735
9.58 0.0868914
9.585 0.0868095
9.59 0.0867276
9.595 0.0866458
9.6 0.0865642
9.605 0.0864827
9.61 0.0864013
9.615 0.08632
9.62 0.0862388
9.625 0.0861577
9.63 0.0860767
9.635 0.0859958
9.64 0.0859151
9.645 0.0858345
9.65 0.0857539
9.655 0.0856735
9.66 0.0855932
9.665 0.085513
9.67 0.0854329
9.675 0.0853529
9.68 0.0852731
9.685 0.0851933
9.69 0.0851136
9.695 0.0850341
9.7 0.0849546
9.705 0.0848753
9.71 0.0847961
9.715 0.084717
9.72 0.084638
9.725 0.0845591
9.73 0.0844803
9.735 0.0844016
9.74 0.084323
9.745 0.0842445
9.75 0.0841662
9.755 0.0840879
9.76 0.0840098
9.765 0.0839317
9.77 0.0838538
9.775 0.0837759
9.78 0.0836982
9.785 0.0836206
9.79 0.0835431
9.795 0.0834656
9.8 0.0833883
9.805 0.0833111
9.81 0.083234
9.815 0.083157
9.82 0.0830801
9.825 0.0830033
9.83 0.0829266
9.835 0.08285
9.84 0.0827736
9.845 0.0826972
9.85 0.0826209
9.855 0.0825447
9.86 0.0824687
9.865 0.0823927
9.87 0.0823168
9.875 0.082241
9.88 0.0821654
9.885 0.0820898
9.89 0.0820144
9.895 0.081939
9.9 0.0818637
9.905 0.0817886
9.91 0.0817135
9.915 0.0816386
9.92 0.0815637
9.925 0.0814889
9.93 0.0814143
9.935 0.0813397
9.94 0.0812653
9.945 0.0811909
9.95 0.0811167
9.955 0.0810425
9.96 0.0809684
9.965 0.0808945
9.97 0.0808206
9.975 0.0807468
9.98 0.0806732
9.985 0.0805996
9.99 0.0805261
9.995 0.0804528
