0 -nan
0.005 0.839143
0.01 0.226271
0.015 0.930059
0.02 0.534292
0.025 0.411799
0.03 0.00970647
0.035 0.206095
0.04 0.266694
0.045 0.205843
0.05 0.148884
0.055 0.137344
0.06 0.164109
0.065 0.211057
0.07 0.263428
0.075 0.312318
0.08 0.353454
0.085 0.385476
0.09 0.408613
0.095 0.423845
0.1 0.432408
0.105 0.435548
0.11 0.4344
0.115 0.429939
0.12 0.422977
0.125 0.414176
0.13 0.404066
0.135 0.393066
0.14 0.381504
0.145 0.369634
0.15 0.357651
0.155 0.345704
0.16 0.333903
0.165 0.32233
0.17 0.311044
0.175 0.300085
0.18 0.289482
0.185 0.27925
0.19 0.269398
0.195 0.259927
0.2 0.250835
0.205 0.242116
0.21 0.233761
0.215 0.225759
0.22 0.2181
0.225 0.210769
0.23 0.203755
0.235 0.197043
0.24 0.190621
0.245 0.184476
0.25 0.178596
0.255 0.172966
0.26 0.167577
0.265 0.162416
0.27 0.157472
0.275 0.152734
0.28 0.148193
0.285 0.143839
0.29 0.139663
0.295 0.135655
0.3 0.131809
0.305 0.128115
0.31 0.124567
0.315 0.121157
0.32 0.117879
0.325 0.114727
0.33 0.111694
0.335 0.108776
0.34 0.105965
0.345 0.103259
0.35 0.100651
0.355 0.0981377
0.36 0.0957141
0.365 0.0933764
0.37 0.0911207
0.375 0.0889434
0.38 0.0868411
0.385 0.0848104
0.39 0.0828482
0.395 0.0809516
0.4 0.0791178
0.405 0.0773442
0.41 0.0756281
0.415 0.0739672
0.42 0.0723593
0.425 0.0708021
0.43 0.0692936
0.435 0.0678319
0.44 0.066415
0.445 0.0650413
0.45 0.0637089
0.455 0.0624163
0.46 0.061162
0.465 0.0599445
0.47 0.0587623
0.475 0.0576143
0.48 0.056499
0.485 0.0554153
0.49 0.054362
0.495 0.053338
0.5 0.0523423
0.505 0.0513738
0.51 0.0504316
0.515 0.0495147
0.52 0.0486223
0.525 0.0477534
0.53 0.0469074
0.535 0.0460834
0.54 0.0452806
0.545 0.0444984
0.55 0.0437361
0.555 0.0429929
0.56 0.0422684
0.565 0.0415618
0.57 0.0408726
0.575 0.0402002
0.58 0.0395441
0.585 0.0389037
0.59 0.0382787
0.595 0.0376684
0.6 0.0370725
0.605 0.0364905
0.61 0.035922
0.615 0.0353665
0.62 0.0348237
0.625 0.0342932
0.63 0.0337746
0.635 0.0332676
0.64 0.0327719
0.645 0.032287
0.65 0.0318128
0.655 0.0313488
0.66 0.0308949
0.665 0.0304506
0.67 0.0300158
0.675 0.0295902
0.68 0.0291735
0.685 0.0287655
0.69 0.0283659
0.695 0.0279745
0.7 0.0275912
0.705 0.0272156
0.71 0.0268475
0.715 0.0264869
0.72 0.0261334
0.725 0.0257869
0.73 0.0254472
0.735 0.0251141
0.74 0.0247875
0.745 0.0244672
0.75 0.024153
0.755 0.0238448
0.76 0.0235424
0.765 0.0232457
0.77 0.0229546
0.775 0.0226688
0.78 0.0223884
0.785 0.022113
0.79 0.0218427
0.795 0.0215773
0.8 0.0213167
0.805 0.0210608
0.81 0.0208094
0.815 0.0205625
0.82 0.0203199
0.825 0.0200815
0.83 0.0198474
0.835 0.0196172
0.84 0.0193911
0.845 0.0191688
0.85 0.0189502
0.855 0.0187354
0.86 0.0185242
0.865 0.0183166
0.87 0.0181124
0.875 0.0179115
0.88 0.017714
0.885 0.0175197
0.89 0.0173286
0.895 0.0171406
0.9 0.0169556
0.905 0.0167736
0.91 0.0165945
0.915 0.0164182
0.92 0.0162447
0.925 0.016074
0.93 0.0159059
0.935 0.0157404
0.94 0.0155775
0.945 0.0154171
0.95 0.0152591
0.955 0.0151036
0.96 0.0149504
0.965 0.0147995
0.97 0.0146509
0.975 0.0145045
0.98 0.0143603
0.985 0.0142182
0.99 0.0140782
0.995 0.0139403
1 0.0138043
1.005 0.0136704
1.01 0.0135384
1.015 0.0134082
1.02 0.01328
1.025 0.0131535
1.03 0.0130289
1.035 0.012906
1.04 0.0127848
1.045 0.0126654
1.05 0.0125476
1.055 0.0124314
1.06 0.0123168
1.065 0.0122038
1.07 0.0120924
1.075 0.0119824
1.08 0.011874
1.085 0.011767
1.09 0.0116614
1.095 0.0115573
1.1 0.0114545
1.105 0.0113531
1.11 0.0112531
1.115 0.0111543
1.12 0.0110569
1.125 0.0109607
1.13 0.0108657
1.135 0.010772
1.14 0.0106795
1.145 0.0105882
1.15 0.010498
1.155 0.010409
1.16 0.0103211
1.165 0.0102343
1.17 0.0101486
1.175 0.010064
1.18 0.0099804
1.185 0.00989785
1.19 0.00981633
1.195 0.0097358
1.2 0.00965626
1.205 0.00957769
1.21 0.00950007
1.215 0.00942339
1.22 0.00934763
1.225 0.00927278
1.23 0.00919882
1.235 0.00912574
1.24 0.00905353
1.245 0.00898217
1.25 0.00891165
1.255 0.00884196
1.26 0.00877307
1.265 0.00870499
1.27 0.0086377
1.275 0.00857118
1.28 0.00850543
1.285 0.00844042
1.29 0.00837616
1.295 0.00831263
1.3 0.00824982
1.305 0.00818772
1.31 0.00812631
1.315 0.00806559
1.32 0.00800555
1.325 0.00794617
1.33 0.00788745
1.335 0.00782938
1.34 0.00777195
1.345 0.00771514
1.35 0.00765896
1.355 0.00760338
1.36 0.00754841
1.365 0.00749403
1.37 0.00744023
1.375 0.00738701
1.38 0.00733436
1.385 0.00728227
1.39 0.00723073
1.395 0.00717973
1.4 0.00712928
1.405 0.00707935
1.41 0.00702994
1.415 0.00698105
1.42 0.00693266
1.425 0.00688478
1.43 0.00683739
1.435 0.00679048
1.44 0.00674406
1.445 0.00669811
1.45 0.00665263
1.455 0.00660761
1.46 0.00656304
1.465 0.00651892
1.47 0.00647525
1.475 0.00643201
1.48 0.0063892
1.485 0.00634682
1.49 0.00630486
1.495 0.00626331
1.5 0.00622217
1.505 0.00618144
1.51 0.0061411
1.515 0.00610116
1.52 0.0060616
1.525 0.00602243
1.53 0.00598363
1.535 0.00594521
1.54 0.00590716
1.545 0.00586947
1.55 0.00583214
1.555 0.00579516
1.56 0.00575853
1.565 0.00572225
1.57 0.00568631
1.575 0.00565071
1.58 0.00561544
1.585 0.0055805
1.59 0.00554589
1.595 0.00551159
1.6 0.00547761
1.605 0.00544395
1.61 0.00541059
1.615 0.00537754
1.62 0.00534479
1.625 0.00531234
1.63 0.00528018
1.635 0.00524832
1.64 0.00521674
1.645 0.00518544
1.65 0.00515443
1.655 0.00512369
1.66 0.00509323
1.665 0.00506303
1.67 0.00503311
1.675 0.00500345
1.68 0.00497405
1.685 0.0049449
1.69 0.00491602
1.695 0.00488738
1.7 0.004859
1.705 0.00483086
1.71 0.00480296
1.715 0.00477531
1.72 0.00474789
1.725 0.00472071
1.73 0.00469376
1.735 0.00466704
1.74 0.00464054
1.745 0.00461428
1.75 0.00458823
1.755 0.00456241
1.76 0.0045368
1.765 0.0045114
1.77 0.00448622
1.775 0.00446125
1.78 0.00443649
1.785 0.00441193
1.79 0.00438757
1.795 0.00436342
1.8 0.00433946
1.805 0.00431571
1.81 0.00429214
1.815 0.00426877
1.82 0.00424559
1.825 0.00422259
1.83 0.00419979
1.835 0.00417716
1.84 0.00415472
1.845 0.00413246
1.85 0.00411038
1.855 0.00408847
1.86 0.00406674
1.865 0.00404518
1.87 0.00402379
1.875 0.00400257
1.88 0.00398152
1.885 0.00396063
1.89 0.00393991
1.895 0.00391935
1.9 0.00389895
1.905 0.00387871
1.91 0.00385862
1.915 0.00383869
1.92 0.00381892
1.925 0.0037993
1.93 0.00377982
1.935 0.0037605
1.94 0.00374133
1.945 0.0037223
1.95 0.00370341
1.955 0.00368467
1.96 0.00366607
1.965 0.00364761
1.97 0.00362929
1.975 0.00361111
1.98 0.00359306
1.985 0.00357515
1.99 0.00355737
1.995 0.00353973
2 0.00352221
2.005 0.00350483
2.01 0.00348757
2.015 0.00347044
2.02 0.00345344
2.025 0.00343656
2.03 0.0034198
2.035 0.00340317
2.04 0.00338665
2.045 0.00337026
2.05 0.00335399
2.055 0.00333783
2.06 0.00332179
2.065 0.00330586
2.07 0.00329005
2.075 0.00327435
2.08 0.00325877
2.085 0.00324329
2.09 0.00322793
2.095 0.00321267
2.1 0.00319752
2.105 0.00318248
2.11 0.00316754
2.115 0.00315271
2.12 0.00313799
2.125 0.00312336
2.13 0.00310884
2.135 0.00309442
2.14 0.0030801
2.145 0.00306587
2.15 0.00305175
2.155 0.00303772
2.16 0.00302379
2.165 0.00300996
2.17 0.00299622
2.175 0.00298257
2.18 0.00296902
2.185 0.00295556
2.19 0.00294219
2.195 0.00292891
2.2 0.00291572
2.205 0.00290262
2.21 0.0028896
2.215 0.00287668
2.22 0.00286384
2.225 0.00285109
2.23 0.00283842
2.235 0.00282583
2.24 0.00281333
2.245 0.00280091
2.25 0.00278858
2.255 0.00277632
2.26 0.00276415
2.265 0.00275205
2.27 0.00274004
2.275 0.0027281
2.28 0.00271624
2.285 0.00270446
2.29 0.00269276
2.295 0.00268113
2.3 0.00266957
2.305 0.00265809
2.31 0.00264669
2.315 0.00263535
2.32 0.00262409
2.325 0.0026129
2.33 0.00260179
2.335 0.00259074
2.34 0.00257976
2.345 0.00256886
2.35 0.00255802
2.355 0.00254725
2.36 0.00253655
2.365 0.00252592
2.37 0.00251535
2.375 0.00250485
2.38 0.00249441
2.385 0.00248404
2.39 0.00247373
2.395 0.00246349
2.4 0.00245331
2.405 0.0024432
2.41 0.00243314
2.415 0.00242315
2.42 0.00241322
2.425 0.00240335
2.43 0.00239354
2.435 0.0023838
2.44 0.00237411
2.445 0.00236448
2.45 0.0023549
2.455 0.00234539
2.46 0.00233593
2.465 0.00232653
2.47 0.00231719
2.475 0.0023079
2.48 0.00229867
2.485 0.0022895
2.49 0.00228038
2.495 0.00227131
2.5 0.0022623
2.505 0.00225334
2.51 0.00224443
2.515 0.00223558
2.52 0.00222678
2.525 0.00221803
2.53 0.00220933
2.535 0.00220068
2.54 0.00219209
2.545 0.00218354
2.55 0.00217504
2.555 0.0021666
2.56 0.0021582
2.565 0.00214985
2.57 0.00214155
2.575 0.0021333
2.58 0.00212509
2.585 0.00211693
2.59 0.00210882
2.595 0.00210076
2.6 0.00209274
2.605 0.00208477
2.61 0.00207684
2.615 0.00206896
2.62 0.00206112
2.625 0.00205333
2.63 0.00204558
2.635 0.00203788
2.64 0.00203021
2.645 0.0020226
2.65 0.00201502
2.655 0.00200749
2.66 0.002
2.665 0.00199255
2.67 0.00198514
2.675 0.00197777
2.68 0.00197045
2.685 0.00196316
2.69 0.00195592
2.695 0.00194871
2.7 0.00194155
2.705 0.00193442
2.71 0.00192734
2.715 0.00192029
2.72 0.00191328
2.725 0.00190631
2.73 0.00189938
2.735 0.00189248
2.74 0.00188563
2.745 0.00187881
2.75 0.00187202
2.755 0.00186528
2.76 0.00185857
2.765 0.00185189
2.77 0.00184525
2.775 0.00183865
2.78 0.00183208
2.785 0.00182555
2.79 0.00181905
2.795 0.00181259
2.8 0.00180616
2.805 0.00179977
2.81 0.00179341
2.815 0.00178708
2.82 0.00178079
2.825 0.00177453
2.83 0.0017683
2.835 0.00176211
2.84 0.00175595
2.845 0.00174982
2.85 0.00174372
2.855 0.00173765
2.86 0.00173162
2.865 0.00172562
2.87 0.00171964
2.875 0.0017137
2.88 0.00170779
2.885 0.00170191
2.89 0.00169606
2.895 0.00169025
2.9 0.00168446
2.905 0.0016787
2.91 0.00167297
2.915 0.00166727
2.92 0.00166159
2.925 0.00165595
2.93 0.00165034
2.935 0.00164475
2.94 0.00163919
2.945 0.00163366
2.95 0.00162816
2.955 0.00162269
2.96 0.00161724
2.965 0.00161182
2.97 0.00160643
2.975 0.00160107
2.98 0.00159573
2.985 0.00159042
2.99 0.00158513
2.995 0.00157988
3 0.00157464
3.005 0.00156944
3.01 0.00156426
3.015 0.0015591
3.02 0.00155397
3.025 0.00154887
3.03 0.00154379
3.035 0.00153874
3.04 0.00153371
3.045 0.0015287
3.05 0.00152372
3.055 0.00151876
3.06 0.00151383
3.065 0.00150892
3.07 0.00150404
3.075 0.00149918
3.08 0.00149434
3.085 0.00148953
3.09 0.00148474
3.095 0.00147997
3.1 0.00147523
3.105 0.00147051
3.11 0.00146581
3.115 0.00146113
3.12 0.00145648
3.125 0.00145184
3.13 0.00144723
3.135 0.00144265
3.14 0.00143808
3.145 0.00143354
3.15 0.00142901
3.155 0.00142451
3.16 0.00142003
3.165 0.00141557
3.17 0.00141113
3.175 0.00140672
3.18 0.00140232
3.185 0.00139794
3.19 0.00139359
3.195 0.00138925
3.2 0.00138494
3.205 0.00138064
3.21 0.00137636
3.215 0.00137211
3.22 0.00136787
3.225 0.00136366
3.23 0.00135946
3.235 0.00135528
3.24 0.00135112
3.245 0.00134699
3.25 0.00134287
3.255 0.00133876
3.26 0.00133468
3.265 0.00133062
3.27 0.00132657
3.275 0.00132255
3.28 0.00131854
3.285 0.00131455
3.29 0.00131057
3.295 0.00130662
3.3 0.00130268
3.305 0.00129876
3.31 0.00129486
3.315 0.00129098
3.32 0.00128711
3.325 0.00128327
3.33 0.00127943
3.335 0.00127562
3.34 0.00127182
3.345 0.00126804
3.35 0.00126428
3.355 0.00126053
3.36 0.0012568
3.365 0.00125309
3.37 0.00124939
3.375 0.00124571
3.38 0.00124204
3.385 0.0012384
3.39 0.00123476
3.395 0.00123115
3.4 0.00122755
3.405 0.00122396
3.41 0.00122039
3.415 0.00121684
3.42 0.0012133
3.425 0.00120978
3.43 0.00120627
3.435 0.00120278
3.44 0.0011993
3.445 0.00119584
3.45 0.00119239
3.455 0.00118896
3.46 0.00118554
3.465 0.00118214
3.47 0.00117875
3.475 0.00117538
3.48 0.00117202
3.485 0.00116867
3.49 0.00116534
3.495 0.00116203
3.5 0.00115872
3.505 0.00115544
3.51 0.00115216
3.515 0.0011489
3.52 0.00114566
3.525 0.00114242
3.53 0.0011392
3.535 0.001136
3.54 0.00113281
3.545 0.00112963
3.55 0.00112646
3.555 0.00112331
3.56 0.00112017
3.565 0.00111705
3.57 0.00111394
3.575 0.00111084
3.58 0.00110775
3.585 0.00110468
3.59 0.00110162
3.595 0.00109857
3.6 0.00109553
3.605 0.00109251
3.61 0.0010895
3.615 0.0010865
3.62 0.00108351
3.625 0.00108054
3.63 0.00107758
3.635 0.00107463
3.64 0.00107169
3.645 0.00106877
3.65 0.00106586
3.655 0.00106295
3.66 0.00106007
3.665 0.00105719
3.67 0.00105432
3.675 0.00105147
3.68 0.00104863
3.685 0.00104579
3.69 0.00104297
3.695 0.00104017
3.7 0.00103737
3.705 0.00103458
3.71 0.00103181
3.715 0.00102905
3.72 0.00102629
3.725 0.00102355
3.73 0.00102082
3.735 0.0010181
3.74 0.00101539
3.745 0.0010127
3.75 0.00101001
3.755 0.00100733
3.76 0.00100467
3.765 0.00100201
3.77 0.000999368
3.775 0.000996734
3.78 0.000994111
3.785 0.000991497
3.79 0.000988894
3.795 0.000986301
3.8 0.000983718
3.805 0.000981146
3.81 0.000978583
3.815 0.000976031
3.82 0.000973489
3.825 0.000970956
3.83 0.000968433
3.835 0.00096592
3.84 0.000963417
3.845 0.000960924
3.85 0.00095844
3.855 0.000955966
3.86 0.000953501
3.865 0.000951046
3.87 0.000948601
3.875 0.000946165
3.88 0.000943738
3.885 0.000941321
3.89 0.000938912
3.895 0.000936513
3.9 0.000934124
3.905 0.000931743
3.91 0.000929371
3.915 0.000927009
3.92 0.000924655
3.925 0.000922311
3.93 0.000919975
3.935 0.000917648
3.94 0.00091533
3.945 0.000913021
3.95 0.000910721
3.955 0.000908429
3.96 0.000906146
3.965 0.000903871
3.97 0.000901605
3.975 0.000899348
3.98 0.000897099
3.985 0.000894858
3.99 0.000892626
3.995 0.000890402
4 0.000888186
4.005 0.000885979
4.01 0.00088378
4.015 0.000881589
4.02 0.000879406
4.025 0.000877231
4.03 0.000875065
4.035 0.000872906
4.04 0.000870755
4.045 0.000868613
4.05 0.000866478
4.055 0.000864351
4.06 0.000862232
4.065 0.00086012
4.07 0.000858017
4.075 0.000855921
4.08 0.000853832
4.085 0.000851752
4.09 0.000849679
4.095 0.000847613
4.1 0.000845555
4.105 0.000843505
4.11 0.000841462
4.115 0.000839426
4.12 0.000837398
4.125 0.000835377
4.13 0.000833364
4.135 0.000831357
4.14 0.000829358
4.145 0.000827366
4.15 0.000825382
4.155 0.000823404
4.16 0.000821434
4.165 0.00081947
4.17 0.000817514
4.175 0.000815564
4.18 0.000813622
4.185 0.000811686
4.19 0.000809758
4.195 0.000807836
4.2 0.000805921
4.205 0.000804013
4.21 0.000802112
4.215 0.000800217
4.22 0.000798329
4.225 0.000796448
4.23 0.000794574
4.235 0.000792706
4.24 0.000790844
4.245 0.000788989
4.25 0.000787141
4.255 0.000785299
4.26 0.000783464
4.265 0.000781635
4.27 0.000779812
4.275 0.000777996
4.28 0.000776186
4.285 0.000774383
4.29 0.000772585
4.295 0.000770794
4.3 0.000769009
4.305 0.000767231
4.31 0.000765458
4.315 0.000763692
4.32 0.000761932
4.325 0.000760178
4.33 0.00075843
4.335 0.000756688
4.34 0.000754952
4.345 0.000753221
4.35 0.000751497
4.355 0.000749779
4.36 0.000748067
4.365 0.00074636
4.37 0.000744659
4.375 0.000742965
4.38 0.000741275
4.385 0.000739592
4.39 0.000737915
4.395 0.000736243
4.4 0.000734576
4.405 0.000732916
4.41 0.000731261
4.415 0.000729611
4.42 0.000727968
4.425 0.000726329
4.43 0.000724697
4.435 0.000723069
4.44 0.000721448
4.445 0.000719831
4.45 0.000718221
4.455 0.000716615
4.46 0.000715015
4.465 0.00071342
4.47 0.000711831
4.475 0.000710247
4.48 0.000708668
4.485 0.000707094
4.49 0.000705526
4.495 0.000703963
4.5 0.000702405
4.505 0.000700852
4.51 0.000699304
4.515 0.000697762
4.52 0.000696224
4.525 0.000694692
4.53 0.000693165
4.535 0.000691643
4.54 0.000690125
4.545 0.000688613
4.55 0.000687106
4.555 0.000685603
4.56 0.000684106
4.565 0.000682613
4.57 0.000681126
4.575 0.000679643
4.58 0.000678165
4.585 0.000676692
4.59 0.000675224
4.595 0.00067376
4.6 0.000672301
4.605 0.000670847
4.61 0.000669398
4.615 0.000667953
4.62 0.000666513
4.625 0.000665078
4.63 0.000663647
4.635 0.000662221
4.64 0.000660799
4.645 0.000659382
4.65 0.00065797
4.655 0.000656562
4.66 0.000655159
4.665 0.00065376
4.67 0.000652365
4.675 0.000650975
4.68 0.00064959
4.685 0.000648209
4.69 0.000646832
4.695 0.00064546
4.7 0.000644092
4.705 0.000642728
4.71 0.000641369
4.715 0.000640014
4.72 0.000638663
4.725 0.000637317
4.73 0.000635975
4.735 0.000634637
4.74 0.000633303
4.745 0.000631974
4.75 0.000630648
4.755 0.000629327
4.76 0.00062801
4.765 0.000626697
4.77 0.000625388
4.775 0.000624084
4.78 0.000622783
4.785 0.000621487
4.79 0.000620194
4.795 0.000618906
4.8 0.000617621
4.805 0.000616341
4.81 0.000615064
4.815 0.000613792
4.82 0.000612523
4.825 0.000611259
4.83 0.000609998
4.835 0.000608741
4.84 0.000607488
4.845 0.000606239
4.85 0.000604994
4.855 0.000603752
4.86 0.000602515
4.865 0.000601281
4.87 0.000600051
4.875 0.000598825
4.88 0.000597602
4.885 0.000596383
4.89 0.000595168
4.895 0.000593957
4.9 0.000592749
4.905 0.000591545
4.91 0.000590345
4.915 0.000589148
4.92 0.000587955
4.925 0.000586766
4.93 0.00058558
4.935 0.000584398
4.94 0.00058322
4.945 0.000582044
4.95 0.000580873
4.955 0.000579705
4.96 0.000578541
4.965 0.00057738
4.97 0.000576222
4.975 0.000575068
4.98 0.000573918
4.985 0.000572771
4.99 0.000571627
4.995 0.000570487
5 0.00056935
5.005 0.000568217
5.01 0.000567087
5.015 0.00056596
5.02 0.000564837
5.025 0.000563717
5.03 0.0005626
5.035 0.000561487
5.04 0.000560377
5.045 0.00055927
5.05 0.000558166
5.055 0.000557066
5.06 0.000555969
5.065 0.000554876
5.07 0.000553785
5.075 0.000552698
5.08 0.000551614
5.085 0.000550533
5.09 0.000549455
5.095 0.000548381
5.1 0.000547309
5.105 0.000546241
5.11 0.000545176
5.115 0.000544114
5.12 0.000543055
5.125 0.000541999
5.13 0.000540946
5.135 0.000539896
5.14 0.00053885
5.145 0.000537806
5.15 0.000536766
5.155 0.000535728
5.16 0.000534693
5.165 0.000533662
5.17 0.000532633
5.175 0.000531608
5.18 0.000530585
5.185 0.000529565
5.19 0.000528549
5.195 0.000527535
5.2 0.000526524
5.205 0.000525516
5.21 0.000524511
5.215 0.000523508
5.22 0.000522509
5.225 0.000521512
5.23 0.000520519
5.235 0.000519528
5.24 0.00051854
5.245 0.000517555
5.25 0.000516572
5.255 0.000515593
5.26 0.000514616
5.265 0.000513642
5.27 0.00051267
5.275 0.000511702
5.28 0.000510736
5.285 0.000509773
5.29 0.000508813
5.295 0.000507855
5.3 0.0005069
5.305 0.000505948
5.31 0.000504998
5.315 0.000504052
5.32 0.000503107
5.325 0.000502166
5.33 0.000501227
5.335 0.00050029
5.34 0.000499357
5.345 0.000498426
5.35 0.000497497
5.355 0.000496571
5.36 0.000495648
5.365 0.000494727
5.37 0.000493809
5.375 0.000492894
5.38 0.000491981
5.385 0.00049107
5.39 0.000490162
5.395 0.000489256
5.4 0.000488354
5.405 0.000487453
5.41 0.000486555
5.415 0.00048566
5.42 0.000484766
5.425 0.000483876
5.43 0.000482988
5.435 0.000482102
5.44 0.000481219
5.445 0.000480338
5.45 0.00047946
5.455 0.000478584
5.46 0.00047771
5.465 0.000476839
5.47 0.00047597
5.475 0.000475103
5.48 0.000474239
5.485 0.000473378
5.49 0.000472518
5.495 0.000471661
5.5 0.000470806
5.505 0.000469954
5.51 0.000469104
5.515 0.000468256
5.52 0.00046741
5.525 0.000466567
5.53 0.000465726
5.535 0.000464888
5.54 0.000464051
5.545 0.000463217
5.55 0.000462385
5.555 0.000461556
5.56 0.000460728
5.565 0.000459903
5.57 0.00045908
5.575 0.000458259
5.58 0.000457441
5.585 0.000456624
5.59 0.00045581
5.595 0.000454998
5.6 0.000454188
5.605 0.00045338
5.61 0.000452575
5.615 0.000451771
5.62 0.00045097
5.625 0.000450171
5.63 0.000449374
5.635 0.000448579
5.64 0.000447786
5.645 0.000446995
5.65 0.000446207
5.655 0.00044542
5.66 0.000444636
5.665 0.000443854
5.67 0.000443073
5.675 0.000442295
5.68 0.000441519
5.685 0.000440745
5.69 0.000439972
5.695 0.000439202
5.7 0.000438434
5.705 0.000437668
5.71 0.000436904
5.715 0.000436142
5.72 0.000435382
5.725 0.000434624
5.73 0.000433868
5.735 0.000433114
5.74 0.000432361
5.745 0.000431611
5.75 0.000430863
5.755 0.000430117
5.76 0.000429372
5.765 0.00042863
5.77 0.000427889
5.775 0.000427151
5.78 0.000426414
5.785 0.000425679
5.79 0.000424946
5.795 0.000424215
5.8 0.000423486
5.805 0.000422759
5.81 0.000422033
5.815 0.00042131
5.82 0.000420588
5.825 0.000419869
5.83 0.000419151
5.835 0.000418434
5.84 0.00041772
5.845 0.000417008
5.85 0.000416297
5.855 0.000415588
5.86 0.000414881
5.865 0.000414176
5.87 0.000413473
5.875 0.000412771
5.88 0.000412071
5.885 0.000411373
5.89 0.000410677
5.895 0.000409982
5.9 0.00040929
5.905 0.000408599
5.91 0.000407909
5.915 0.000407222
5.92 0.000406536
5.925 0.000405852
5.93 0.00040517
5.935 0.000404489
5.94 0.00040381
5.945 0.000403133
5.95 0.000402457
5.955 0.000401784
5.96 0.000401112
5.965 0.000400441
5.97 0.000399772
5.975 0.000399105
5.98 0.00039844
5.985 0.000397776
5.99 0.000397114
5.995 0.000396454
6 0.000395795
6.005 0.000395138
6.01 0.000394482
6.015 0.000393828
6.02 0.000393176
6.025 0.000392526
6.03 0.000391877
6.035 0.000391229
6.04 0.000390583
6.045 0.000389939
6.05 0.000389297
6.055 0.000388656
6.06 0.000388016
6.065 0.000387378
6.07 0.000386742
6.075 0.000386107
6.08 0.000385474
6.085 0.000384842
6.09 0.000384212
6.095 0.000383584
6.1 0.000382957
6.105 0.000382331
6.11 0.000381708
6.115 0.000381085
6.12 0.000380464
6.125 0.000379845
6.13 0.000379227
6.135 0.000378611
6.14 0.000377996
6.145 0.000377383
6.15 0.000376771
6.155 0.00037616
6.16 0.000375552
6.165 0.000374944
6.17 0.000374338
6.175 0.000373734
6.18 0.000373131
6.185 0.000372529
6.19 0.000371929
6.195 0.000371331
6.2 0.000370733
6.205 0.000370138
6.21 0.000369543
6.215 0.000368951
6.22 0.000368359
6.225 0.000367769
6.23 0.00036718
6.235 0.000366593
6.24 0.000366007
6.245 0.000365423
6.25 0.00036484
6.255 0.000364258
6.26 0.000363678
6.265 0.000363099
6.27 0.000362522
6.275 0.000361946
6.28 0.000361371
6.285 0.000360798
6.29 0.000360226
6.295 0.000359655
6.3 0.000359086
6.305 0.000358518
6.31 0.000357952
6.315 0.000357386
6.32 0.000356822
6.325 0.00035626
6.33 0.000355699
6.335 0.000355139
6.34 0.00035458
6.345 0.000354023
6.35 0.000353467
6.355 0.000352912
6.36 0.000352359
6.365 0.000351807
6.37 0.000351256
6.375 0.000350707
6.38 0.000350159
6.385 0.000349612
6.39 0.000349066
6.395 0.000348522
6.4 0.000347979
6.405 0.000347437
6.41 0.000346897
6.415 0.000346357
6.42 0.000345819
6.425 0.000345283
6.43 0.000344747
6.435 0.000344213
6.44 0.00034368
6.445 0.000343148
6.45 0.000342618
6.455 0.000342088
6.46 0.00034156
6.465 0.000341033
6.47 0.000340508
6.475 0.000339983
6.48 0.00033946
6.485 0.000338938
6.49 0.000338417
6.495 0.000337898
6.5 0.000337379
6.505 0.000336862
6.51 0.000336346
6.515 0.000335831
6.52 0.000335317
6.525 0.000334805
6.53 0.000334294
6.535 0.000333784
6.54 0.000333275
6.545 0.000332767
6.55 0.00033226
6.555 0.000331755
6.56 0.00033125
6.565 0.000330747
6.57 0.000330245
6.575 0.000329744
6.58 0.000329244
6.585 0.000328746
6.59 0.000328248
6.595 0.000327752
6.6 0.000327257
6.605 0.000326762
6.61 0.000326269
6.615 0.000325778
6.62 0.000325287
6.625 0.000324797
6.63 0.000324309
6.635 0.000323821
6.64 0.000323335
6.645 0.000322849
6.65 0.000322365
6.655 0.000321882
6.66 0.0003214
6.665 0.000320919
6.67 0.000320439
6.675 0.000319961
6.68 0.000319483
6.685 0.000319006
6.69 0.000318531
6.695 0.000318056
6.7 0.000317583
6.705 0.00031711
6.71 0.000316639
6.715 0.000316169
6.72 0.000315699
6.725 0.000315231
6.73 0.000314764
6.735 0.000314298
6.74 0.000313833
6.745 0.000313369
6.75 0.000312906
6.755 0.000312444
6.76 0.000311983
6.765 0.000311523
6.77 0.000311064
6.775 0.000310606
6.78 0.000310149
6.785 0.000309693
6.79 0.000309238
6.795 0.000308784
6.8 0.000308332
6.805 0.00030788
6.81 0.000307429
6.815 0.000306979
6.82 0.00030653
6.825 0.000306082
6.83 0.000305635
6.835 0.000305189
6.84 0.000304744
6.845 0.0003043
6.85 0.000303857
6.855 0.000303415
6.86 0.000302974
6.865 0.000302533
6.87 0.000302094
6.875 0.000301656
6.88 0.000301219
6.885 0.000300782
6.89 0.000300347
6.895 0.000299912
6.9 0.000299479
6.905 0.000299046
6.91 0.000298614
6.915 0.000298184
6.92 0.000297754
6.925 0.000297325
6.93 0.000296897
6.935 0.00029647
6.94 0.000296044
6.945 0.000295619
6.95 0.000295195
6.955 0.000294771
6.96 0.000294349
6.965 0.000293927
6.97 0.000293507
6.975 0.000293087
6.98 0.000292668
6.985 0.00029225
6.99 0.000291833
6.995 0.000291417
7 0.000291002
7.005 0.000290587
7.01 0.000290174
7.015 0.000289761
7.02 0.00028935
7.025 0.000288939
7.03 0.000288529
7.035 0.00028812
7.04 0.000287712
7.045 0.000287304
7.05 0.000286898
7.055 0.000286492
7.06 0.000286087
7.065 0.000285683
7.07 0.00028528
7.075 0.000284878
7.08 0.000284477
7.085 0.000284076
7.09 0.000283677
7.095 0.000283278
7.1 0.00028288
7.105 0.000282483
7.11 0.000282086
7.115 0.000281691
7.12 0.000281296
7.125 0.000280902
7.13 0.000280509
7.135 0.000280117
7.14 0.000279726
7.145 0.000279335
7.15 0.000278946
7.155 0.000278557
7.16 0.000278169
7.165 0.000277781
7.17 0.000277395
7.175 0.000277009
7.18 0.000276624
7.185 0.00027624
7.19 0.000275857
7.195 0.000275475
7.2 0.000275093
7.205 0.000274712
7.21 0.000274332
7.215 0.000273953
7.22 0.000273574
7.225 0.000273197
7.23 0.00027282
7.235 0.000272443
7.24 0.000272068
7.245 0.000271693
7.25 0.00027132
7.255 0.000270947
7.26 0.000270574
7.265 0.000270203
7.27 0.000269832
7.275 0.000269462
7.28 0.000269093
7.285 0.000268724
7.29 0.000268357
7.295 0.00026799
7.3 0.000267623
7.305 0.000267258
7.31 0.000266893
7.315 0.000266529
7.32 0.000266166
7.325 0.000265804
7.33 0.000265442
7.335 0.000265081
7.34 0.00026472
7.345 0.000264361
7.35 0.000264002
7.355 0.000263644
7.36 0.000263287
7.365 0.00026293
7.37 0.000262574
7.375 0.000262219
7.38 0.000261865
7.385 0.000261511
7.39 0.000261158
7.395 0.000260805
7.4 0.000260454
7.405 0.000260103
7.41 0.000259753
7.415 0.000259403
7.42 0.000259055
7.425 0.000258707
7.43 0.000258359
7.435 0.000258013
7.44 0.000257667
7.445 0.000257321
7.45 0.000256977
7.455 0.000256633
7.46 0.00025629
7.465 0.000255947
7.47 0.000255605
7.475 0.000255264
7.48 0.000254924
7.485 0.000254584
7.49 0.000254245
7.495 0.000253906
7.5 0.000253569
7.505 0.000253232
7.51 0.000252895
7.515 0.00025256
7.52 0.000252224
7.525 0.00025189
7.53 0.000251556
7.535 0.000251223
7.54 0.000250891
7.545 0.000250559
7.55 0.000250228
7.555 0.000249898
7.56 0.000249568
7.565 0.000249239
7.57 0.00024891
7.575 0.000248582
7.58 0.000248255
7.585 0.000247929
7.59 0.000247603
7.595 0.000247278
7.6 0.000246953
7.605 0.000246629
7.61 0.000246306
7.615 0.000245983
7.62 0.000245661
7.625 0.000245339
7.63 0.000245019
7.635 0.000244698
7.64 0.000244379
7.645 0.00024406
7.65 0.000243742
7.655 0.000243424
7.66 0.000243107
7.665 0.000242791
7.67 0.000242475
7.675 0.00024216
7.68 0.000241845
7.685 0.000241531
7.69 0.000241218
7.695 0.000240905
7.7 0.000240593
7.705 0.000240281
7.71 0.00023997
7.715 0.00023966
7.72 0.00023935
7.725 0.000239041
7.73 0.000238733
7.735 0.000238425
7.74 0.000238117
7.745 0.000237811
7.75 0.000237504
7.755 0.000237199
7.76 0.000236894
7.765 0.000236589
7.77 0.000236286
7.775 0.000235982
7.78 0.00023568
7.785 0.000235378
7.79 0.000235076
7.795 0.000234775
7.8 0.000234475
7.805 0.000234175
7.81 0.000233876
7.815 0.000233578
7.82 0.00023328
7.825 0.000232982
7.83 0.000232685
7.835 0.000232389
7.84 0.000232093
7.845 0.000231798
7.85 0.000231503
7.855 0.000231209
7.86 0.000230916
7.865 0.000230623
7.87 0.000230331
7.875 0.000230039
7.88 0.000229747
7.885 0.000229457
7.89 0.000229167
7.895 0.000228877
7.9 0.000228588
7.905 0.000228299
7.91 0.000228011
7.915 0.000227724
7.92 0.000227437
7.925 0.000227151
7.93 0.000226865
7.935 0.00022658
7.94 0.000226295
7.945 0.000226011
7.95 0.000225727
7.955 0.000225444
7.96 0.000225161
7.965 0.000224879
7.97 0.000224598
7.975 0.000224317
7.98 0.000224036
7.985 0.000223756
7.99 0.000223477
7.995 0.000223198
8 0.00022292
8.005 0.000222642
8.01 0.000222364
8.015 0.000222088
8.02 0.000221811
8.025 0.000221536
8.03 0.00022126
8.035 0.000220985
8.04 0.000220711
8.045 0.000220437
8.05 0.000220164
8.055 0.000219891
8.06 0.000219619
8.065 0.000219348
8.07 0.000219076
8.075 0.000218806
8.08 0.000218535
8.085 0.000218266
8.09 0.000217997
8.095 0.000217728
8.1 0.00021746
8.105 0.000217192
8.11 0.000216925
8.115 0.000216658
8.12 0.000216392
8.125 0.000216126
8.13 0.000215861
8.135 0.000215596
8.14 0.000215332
8.145 0.000215068
8.15 0.000214804
8.155 0.000214542
8.16 0.000214279
8.165 0.000214017
8.17 0.000213756
8.175 0.000213495
8.18 0.000213235
8.185 0.000212975
8.19 0.000212715
8.195 0.000212456
8.2 0.000212198
8.205 0.00021194
8.21 0.000211682
8.215 0.000211425
8.22 0.000211168
8.225 0.000210912
8.23 0.000210656
8.235 0.000210401
8.24 0.000210146
8.245 0.000209892
8.25 0.000209638
8.255 0.000209385
8.26 0.000209132
8.265 0.000208879
8.27 0.000208627
8.275 0.000208376
8.28 0.000208125
8.285 0.000207874
8.29 0.000207624
8.295 0.000207374
8.3 0.000207125
8.305 0.000206876
8.31 0.000206627
8.315 0.000206379
8.32 0.000206132
8.325 0.000205885
8.33 0.000205638
8.335 0.000205392
8.34 0.000205146
8.345 0.000204901
8.35 0.000204656
8.355 0.000204411
8.36 0.000204167
8.365 0.000203924
8.37 0.000203681
8.375 0.000203438
8.38 0.000203196
8.385 0.000202954
8.39 0.000202713
8.395 0.000202472
8.4 0.000202231
8.405 0.000201991
8.41 0.000201751
8.415 0.000201512
8.42 0.000201273
8.425 0.000201035
8.43 0.000200797
8.435 0.000200559
8.44 0.000200322
8.445 0.000200086
8.45 0.000199849
8.455 0.000199613
8.46 0.000199378
8.465 0.000199143
8.47 0.000198908
8.475 0.000198674
8.48 0.00019844
8.485 0.000198207
8.49 0.000197974
8.495 0.000197741
8.5 0.000197509
8.505 0.000197277
8.51 0.000197046
8.515 0.000196815
8.52 0.000196585
8.525 0.000196354
8.53 0.000196125
8.535 0.000195895
8.54 0.000195667
8.545 0.000195438
8.55 0.00019521
8.555 0.000194982
8.56 0.000194755
8.565 0.000194528
8.57 0.000194301
8.575 0.000194075
8.58 0.00019385
8.585 0.000193624
8.59 0.000193399
8.595 0.000193175
8.6 0.000192951
8.605 0.000192727
8.61 0.000192503
8.615 0.00019228
8.62 0.000192058
8.625 0.000191836
8.63 0.000191614
8.635 0.000191392
8.64 0.000191171
8.645 0.000190951
8.65 0.00019073
8.655 0.00019051
8.66 0.000190291
8.665 0.000190072
8.67 0.000189853
8.675 0.000189634
8.68 0.000189416
8.685 0.000189199
8.69 0.000188981
8.695 0.000188765
8.7 0.000188548
8.705 0.000188332
8.71 0.000188116
8.715 0.000187901
8.72 0.000187686
8.725 0.000187471
8.73 0.000187257
8.735 0.000187043
8.74 0.000186829
8.745 0.000186616
8.75 0.000186403
8.755 0.000186191
8.76 0.000185978
8.765 0.000185767
8.77 0.000185555
8.775 0.000185344
8.78 0.000185134
8.785 0.000184923
8.79 0.000184713
8.795 0.000184504
8.8 0.000184294
8.805 0.000184086
8.81 0.000183877
8.815 0.000183669
8.82 0.000183461
8.825 0.000183254
8.83 0.000183046
8.835 0.00018284
8.84 0.000182633
8.845 0.000182427
8.85 0.000182221
8.855 0.000182016
8.86 0.000181811
8.865 0.000181606
8.87 0.000181402
8.875 0.000181198
8.88 0.000180994
8.885 0.000180791
8.89 0.000180588
8.895 0.000180385
8.9 0.000180183
8.905 0.000179981
8.91 0.00017978
8.915 0.000179578
8.92 0.000179377
8.925 0.000179177
8.93 0.000178977
8.935 0.000178777
8.94 0.000178577
8.945 0.000178378
8.95 0.000178179
8.955 0.00017798
8.96 0.000177782
8.965 0.000177584
8.97 0.000177387
8.975 0.000177189
8.98 0.000176992
8.985 0.000176796
8.99 0.0001766
8.995 0.000176404
9 0.000176208
9.005 0.000176013
9.01 0.000175818
9.015 0.000175623
9.02 0.000175429
9.025 0.000175235
9.03 0.000175041
9.035 0.000174848
9.04 0.000174655
9.045 0.000174462
9.05 0.00017427
9.055 0.000174077
9.06 0.000173886
9.065 0.000173694
9.07 0.000173503
9.075 0.000173312
9.08 0.000173122
9.085 0.000172932
9.09 0.000172742
9.095 0.000172552
9.1 0.000172363
9.105 0.000172174
9.11 0.000171985
9.115 0.000171797
9.12 0.000171609
9.125 0.000171421
9.13 0.000171234
9.135 0.000171047
9.14 0.00017086
9.145 0.000170674
9.15 0.000170487
9.155 0.000170302
9.16 0.000170116
9.165 0.000169931
9.17 0.000169746
9.175 0.000169561
9.18 0.000169377
9.185 0.000169193
9.19 0.000169009
9.195 0.000168825
9.2 0.000168642
9.205 0.000168459
9.21 0.000168277
9.215 0.000168095
9.22 0.000167913
9.225 0.000167731
9.23 0.00016755
9.235 0.000167369
9.24 0.000167188
9.245 0.000167007
9.25 0.000166827
9.255 0.000166647
9.26 0.000166468
9.265 0.000166288
9.27 0.000166109
9.275 0.00016593
9.28 0.000165752
9.285 0.000165574
9.29 0.000165396
9.295 0.000165218
9.3 0.000165041
9.305 0.000164864
9.31 0.000164687
9.315 0.000164511
9.32 0.000164334
9.325 0.000164159
9.33 0.000163983
9.335 0.000163808
9.34 0.000163633
9.345 0.000163458
9.35 0.000163283
9.355 0.000163109
9.36 0.000162935
9.365 0.000162761
9.37 0.000162588
9.375 0.000162415
9.38 0.000162242
9.385 0.00016207
9.39 0.000161897
9.395 0.000161725
9.4 0.000161554
9.405 0.000161382
9.41 0.000161211
9.415 0.00016104
9.42 0.000160869
9.425 0.000160699
9.43 0.000160529
9.435 0.000160359
9.44 0.00016019
9.445 0.00016002
9.45 0.000159851
9.455 0.000159683
9.46 0.000159514
9.465 0.000159346
9.47 0.000159178
9.475 0.00015901
9.48 0.000158843
9.485 0.000158676
9.49 0.000158509
9.495 0.000158342
9.5 0.000158176
9.505 0.00015801
9.51 0.000157844
9.515 0.000157678
9.52 0.000157513
9.525 0.000157348
9.53 0.000157183
9.535 0.000157018
9.54 0.000156854
9.545 0.00015669
9.55 0.000156526
9.555 0.000156363
9.56 0.0001562
9.565 0.000156037
9.57 0.000155874
9.575 0.000155711
9.58 0.000155549
9.585 0.000155387
9.59 0.000155225
9.595 0.000155064
9.6 0.000154903
9.605 0.000154742
9.61 0.000154581
9.615 0.00015442
9.62 0.00015426
9.625 0.0001541
9.63 0.000153941
9.635 0.000153781
9.64 0.000153622
9.645 0.000153463
9.65 0.000153304
9.655 0.000153146
9.66 0.000152987
9.665 0.000152829
9.67 0.000152672
9.675 0.000152514
9.68 0.000152357
9.685 0.0001522
9.69 0.000152043
9.695 0.000151886
9.7 0.00015173
9.705 0.000151574
9.71 0.000151418
9.715 0.000151263
9.72 0.000151107
9.725 0.000150952
9.73 0.000150797
9.735 0.000150643
9.74 0.000150488
9.745 0.000150334
9.75 0.00015018
9.755 0.000150027
9.76 0.000149873
9.765 0.00014972
9.77 0.000149567
9.775 0.000149414
9.78 0.000149262
9.785 0.00014911
9.79 0.000148957
9.795 0.000148806
9.8 0.000148654
9.805 0.000148503
9.81 0.000148352
9.815 0.000148201
9.82 0.00014805
9.825 0.0001479
9.83 0.00014775
9.835 0.0001476
9.84 0.00014745
9.845 0.0001473
9.85 0.000147151
9.855 0.000147002
9.86 0.000146853
9.865 0.000146705
9.87 0.000146556
9.875 0.000146408
9.88 0.00014626
9.885 0.000146112
9.89 0.000145965
9.895 0.000145818
9.9 0.000145671
9.905 0.000145524
9.91 0.000145377
9.915 0.000145231
9.92 0.000145085
9.925 0.000144939
9.93 0.000144793
9.935 0.000144648
9.94 0.000144502
9.945 0.000144357
9.95 0.000144212
9.955 0.000144068
9.96 0.000143923
9.965 0.000143779
9.97 0.000143635
9.975 0.000143492
9.98 0.000143348
9.985 0.000143205
9.99 0.000143062
9.995 0.000142919
