0 -nan
0.005 0.925281
0.01 0.344326
0.015 0.0244972
0.02 0.0794797
0.025 0.59091
0.03 0.0821843
0.035 0.0389091
0.04 0.69169
0.045 0.0306389
0.05 0.240498
0.055 0.308929
0.06 0.15647
0.065 0.44884
0.07 0.214235
0.075 0.664535
0.08 0.679123
0.085 0.562815
0.09 0.248865
0.095 0.00481037
0.1 0.381199
0.105 0.240392
0.11 0.133054
0.115 0.273312
0.12 0.151996
0.125 0.149299
0.13 0.262485
0.135 0.0645145
0.14 0.196685
0.145 0.207029
0.15 0.0982663
0.155 0.139647
0.16 0.188767
0.165 0.153384
0.17 0.129455
0.175 0.146773
0.18 0.152999
0.185 0.138166
0.19 0.137766
0.195 0.161879
0.2 0.180408
0.205 0.16657
0.21 0.129186
0.215 0.10162
0.22 0.109469
0.225 0.150577
0.23 0.199618
0.235 0.227397
0.24 0.218548
0.245 0.177798
0.25 0.124684
0.255 0.0824994
0.26 0.0680869
0.265 0.0864524
0.27 0.130926
0.275 0.187256
0.28 0.239176
0.285 0.273323
0.29 0.282258
0.295 0.265295
0.3 0.227538
0.305 0.177818
0.31 0.126315
0.315 0.0824102
0.32 0.0531694
0.325 0.0425439
0.33 0.0512604
0.335 0.0772357
0.34 0.116317
0.345 0.163154
0.35 0.212057
0.355 0.257711
0.36 0.295712
0.365 0.322887
0.37 0.337421
0.375 0.338826
0.38 0.327779
0.385 0.305896
0.39 0.275457
0.395 0.239132
0.4 0.199729
0.405 0.159978
0.41 0.122353
0.415 0.0889557
0.42 0.061438
0.425 0.040967
0.43 0.0282275
0.435 0.0234519
0.44 0.0264695
0.445 0.0367693
0.45 0.0535697
0.455 0.0758894
0.46 0.102616
0.465 0.132571
0.47 0.164561
0.475 0.197433
0.48 0.230102
0.485 0.261589
0.49 0.29104
0.495 0.317733
0.5 0.341091
0.505 0.36068
0.51 0.376202
0.515 0.387491
0.52 0.3945
0.525 0.397288
0.53 0.396005
0.535 0.390882
0.54 0.382212
0.545 0.370337
0.55 0.355636
0.555 0.338512
0.56 0.319382
0.565 0.298664
0.57 0.276774
0.575 0.254111
0.58 0.23106
0.585 0.207979
0.59 0.185201
0.595 0.163028
0.6 0.141732
0.605 0.121551
0.61 0.10269
0.615 0.085323
0.62 0.069591
0.625 0.0556052
0.63 0.0434474
0.635 0.0331727
0.64 0.0248107
0.645 0.0183681
0.65 0.0138307
0.655 0.0111656
0.66 0.0103235
0.665 0.0112404
0.67 0.0138402
0.675 0.0180364
0.68 0.0237339
0.685 0.0308312
0.69 0.0392211
0.695 0.0487934
0.7 0.0594351
0.705 0.0710326
0.71 0.0834721
0.715 0.096641
0.72 0.110429
0.725 0.124727
0.73 0.139431
0.735 0.15444
0.74 0.169658
0.745 0.184993
0.75 0.200357
0.755 0.215669
0.76 0.230852
0.765 0.245836
0.77 0.260554
0.775 0.274946
0.78 0.288958
0.785 0.302539
0.79 0.315645
0.795 0.328236
0.8 0.340278
0.805 0.35174
0.81 0.362597
0.815 0.372827
0.82 0.382412
0.825 0.391341
0.83 0.399601
0.835 0.407186
0.84 0.414094
0.845 0.420323
0.85 0.425876
0.855 0.430756
0.86 0.434971
0.865 0.43853
0.87 0.441443
0.875 0.443724
0.88 0.445385
0.885 0.446443
0.89 0.446914
0.895 0.446816
0.9 0.446167
0.905 0.444986
0.91 0.443294
0.915 0.441111
0.92 0.438457
0.925 0.435354
0.93 0.431823
0.935 0.427886
0.94 0.423564
0.945 0.418878
0.95 0.413851
0.955 0.408502
0.96 0.402853
0.965 0.396925
0.97 0.390738
0.975 0.384312
0.98 0.377666
0.985 0.37082
0.99 0.363793
0.995 0.356601
1 0.349264
1.005 0.341798
1.01 0.33422
1.015 0.326547
1.02 0.318792
1.025 0.310973
1.03 0.303102
1.035 0.295194
1.04 0.287262
1.045 0.279318
1.05 0.271376
1.055 0.263446
1.06 0.25554
1.065 0.247667
1.07 0.239839
1.075 0.232065
1.08 0.224353
1.085 0.216712
1.09 0.209149
1.095 0.201674
1.1 0.194291
1.105 0.187009
1.11 0.179833
1.115 0.172769
1.12 0.165822
1.125 0.158997
1.13 0.152299
1.135 0.145732
1.14 0.139299
1.145 0.133004
1.15 0.12685
1.155 0.12084
1.16 0.114977
1.165 0.109262
1.17 0.103697
1.175 0.0982844
1.18 0.0930252
1.185 0.0879205
1.19 0.0829713
1.195 0.0781781
1.2 0.0735415
1.205 0.0690617
1.21 0.0647387
1.215 0.0605724
1.22 0.0565625
1.225 0.0527086
1.23 0.04901
1.235 0.045466
1.24 0.0420757
1.245 0.038838
1.25 0.0357519
1.255 0.032816
1.26 0.030029
1.265 0.0273894
1.27 0.0248957
1.275 0.0225462
1.28 0.0203393
1.285 0.0182731
1.29 0.0163458
1.295 0.0145555
1.3 0.0129001
1.305 0.0113778
1.31 0.00998638
1.315 0.00872379
1.32 0.00758787
1.325 0.00657646
1.33 0.00568736
1.335 0.00491833
1.34 0.00426714
1.345 0.00373152
1.35 0.0033092
1.355 0.00299789
1.36 0.00279529
1.365 0.00269911
1.37 0.00270704
1.375 0.00281679
1.38 0.00302606
1.385 0.00333256
1.39 0.00373399
1.395 0.00422809
1.4 0.00481258
1.405 0.00548521
1.41 0.00624375
1.415 0.00708597
1.42 0.00800967
1.425 0.00901265
1.43 0.0100927
1.435 0.0112478
1.44 0.0124757
1.445 0.0137744
1.45 0.0151417
1.455 0.0165756
1.46 0.0180741
1.465 0.0196352
1.47 0.0212569
1.475 0.0229372
1.48 0.0246742
1.485 0.0264661
1.49 0.0283109
1.495 0.0302069
1.5 0.0321522
1.505 0.034145
1.51 0.0361836
1.515 0.0382662
1.52 0.0403912
1.525 0.0425569
1.53 0.0447617
1.535 0.047004
1.54 0.0492821
1.545 0.0515946
1.55 0.05394
1.555 0.0563167
1.56 0.0587233
1.565 0.0611583
1.57 0.0636205
1.575 0.0661083
1.58 0.0686205
1.585 0.0711558
1.59 0.0737128
1.595 0.0762903
1.6 0.0788871
1.605 0.081502
1.61 0.0841339
1.615 0.0867814
1.62 0.0894437
1.625 0.0921194
1.63 0.0948077
1.635 0.0975074
1.64 0.100217
1.645 0.102937
1.65 0.105665
1.655 0.108401
1.66 0.111143
1.665 0.11389
1.67 0.116643
1.675 0.1194
1.68 0.122159
1.685 0.124922
1.69 0.127685
1.695 0.13045
1.7 0.133214
1.705 0.135978
1.71 0.13874
1.715 0.141501
1.72 0.144258
1.725 0.147013
1.73 0.149763
1.735 0.152509
1.74 0.155249
1.745 0.157984
1.75 0.160713
1.755 0.163434
1.76 0.166149
1.765 0.168855
1.77 0.171553
1.775 0.174243
1.78 0.176923
1.785 0.179593
1.79 0.182254
1.795 0.184903
1.8 0.187542
1.805 0.19017
1.81 0.192785
1.815 0.195389
1.82 0.197981
1.825 0.200559
1.83 0.203125
1.835 0.205677
1.84 0.208216
1.845 0.210741
1.85 0.213252
1.855 0.215748
1.86 0.218229
1.865 0.220696
1.87 0.223148
1.875 0.225584
1.88 0.228004
1.885 0.230409
1.89 0.232798
1.895 0.235171
1.9 0.237528
1.905 0.239868
1.91 0.242191
1.915 0.244498
1.92 0.246788
1.925 0.24906
1.93 0.251316
1.935 0.253554
1.94 0.255775
1.945 0.257979
1.95 0.260165
1.955 0.262334
1.96 0.264484
1.965 0.266617
1.97 0.268732
1.975 0.27083
1.98 0.272909
1.985 0.27497
1.99 0.277013
1.995 0.279038
2 0.281045
2.005 0.283034
2.01 0.285005
2.015 0.286957
2.02 0.288891
2.025 0.290807
2.03 0.292705
2.035 0.294585
2.04 0.296446
2.045 0.298289
2.05 0.300114
2.055 0.301921
2.06 0.303709
2.065 0.30548
2.07 0.307232
2.075 0.308967
2.08 0.310683
2.085 0.312381
2.09 0.314061
2.095 0.315723
2.1 0.317368
2.105 0.318994
2.11 0.320603
2.115 0.322194
2.12 0.323768
2.125 0.325323
2.13 0.326861
2.135 0.328382
2.14 0.329885
2.145 0.331371
2.15 0.332839
2.155 0.334291
2.16 0.335725
2.165 0.337142
2.17 0.338542
2.175 0.339925
2.18 0.341291
2.185 0.34264
2.19 0.343973
2.195 0.345289
2.2 0.346588
2.205 0.347871
2.21 0.349137
2.215 0.350388
2.22 0.351622
2.225 0.352839
2.23 0.354041
2.235 0.355227
2.24 0.356397
2.245 0.357552
2.25 0.35869
2.255 0.359813
2.26 0.360921
2.265 0.362013
2.27 0.36309
2.275 0.364152
2.28 0.365198
2.285 0.36623
2.29 0.367247
2.295 0.368249
2.3 0.369236
2.305 0.370208
2.31 0.371166
2.315 0.37211
2.32 0.373039
2.325 0.373954
2.33 0.374855
2.335 0.375742
2.34 0.376615
2.345 0.377475
2.35 0.37832
2.355 0.379152
2.36 0.379971
2.365 0.380776
2.37 0.381567
2.375 0.382346
2.38 0.383111
2.385 0.383863
2.39 0.384603
2.395 0.385329
2.4 0.386043
2.405 0.386744
2.41 0.387433
2.415 0.388109
2.42 0.388773
2.425 0.389425
2.43 0.390064
2.435 0.390692
2.44 0.391308
2.445 0.391912
2.45 0.392504
2.455 0.393084
2.46 0.393653
2.465 0.39421
2.47 0.394757
2.475 0.395291
2.48 0.395815
2.485 0.396328
2.49 0.396829
2.495 0.39732
2.5 0.3978
2.505 0.39827
2.51 0.398728
2.515 0.399177
2.52 0.399615
2.525 0.400042
2.53 0.400459
2.535 0.400867
2.54 0.401264
2.545 0.401651
2.55 0.402028
2.555 0.402396
2.56 0.402754
2.565 0.403102
2.57 0.403441
2.575 0.40377
2.58 0.40409
2.585 0.404401
2.59 0.404703
2.595 0.404995
2.6 0.405279
2.605 0.405553
2.61 0.405819
2.615 0.406076
2.62 0.406325
2.625 0.406564
2.63 0.406796
2.635 0.407019
2.64 0.407233
2.645 0.40744
2.65 0.407638
2.655 0.407828
2.66 0.40801
2.665 0.408184
2.67 0.408351
2.675 0.408509
2.68 0.40866
2.685 0.408803
2.69 0.408939
2.695 0.409067
2.7 0.409188
2.705 0.409301
2.71 0.409407
2.715 0.409506
2.72 0.409598
2.725 0.409683
2.73 0.409761
2.735 0.409832
2.74 0.409896
2.745 0.409954
2.75 0.410004
2.755 0.410048
2.76 0.410086
2.765 0.410117
2.77 0.410142
2.775 0.41016
2.78 0.410172
2.785 0.410178
2.79 0.410178
2.795 0.410171
2.8 0.410159
2.805 0.41014
2.81 0.410116
2.815 0.410086
2.82 0.41005
2.825 0.410009
2.83 0.409962
2.835 0.409909
2.84 0.40985
2.845 0.409787
2.85 0.409717
2.855 0.409643
2.86 0.409563
2.865 0.409478
2.87 0.409388
2.875 0.409292
2.88 0.409192
2.885 0.409087
2.89 0.408976
2.895 0.408861
2.9 0.408741
2.905 0.408616
2.91 0.408487
2.915 0.408352
2.92 0.408213
2.925 0.40807
2.93 0.407922
2.935 0.407769
2.94 0.407612
2.945 0.407451
2.95 0.407286
2.955 0.407116
2.96 0.406942
2.965 0.406764
2.97 0.406581
2.975 0.406395
2.98 0.406204
2.985 0.40601
2.99 0.405812
2.995 0.405609
3 0.405403
3.005 0.405193
3.01 0.40498
3.015 0.404762
3.02 0.404541
3.025 0.404317
3.03 0.404088
3.035 0.403857
3.04 0.403622
3.045 0.403383
3.05 0.403141
3.055 0.402895
3.06 0.402647
3.065 0.402395
3.07 0.402139
3.075 0.401881
3.08 0.401619
3.085 0.401354
3.09 0.401087
3.095 0.400816
3.1 0.400542
3.105 0.400265
3.11 0.399985
3.115 0.399703
3.12 0.399417
3.125 0.399129
3.13 0.398838
3.135 0.398544
3.14 0.398247
3.145 0.397948
3.15 0.397646
3.155 0.397341
3.16 0.397034
3.165 0.396725
3.17 0.396413
3.175 0.396098
3.18 0.395781
3.185 0.395461
3.19 0.39514
3.195 0.394816
3.2 0.394489
3.205 0.39416
3.21 0.393829
3.215 0.393496
3.22 0.393161
3.225 0.392823
3.23 0.392483
3.235 0.392142
3.24 0.391798
3.245 0.391452
3.25 0.391104
3.255 0.390754
3.26 0.390402
3.265 0.390049
3.27 0.389693
3.275 0.389335
3.28 0.388976
3.285 0.388615
3.29 0.388252
3.295 0.387887
3.3 0.387521
3.305 0.387153
3.31 0.386783
3.315 0.386411
3.32 0.386038
3.325 0.385663
3.33 0.385287
3.335 0.384909
3.34 0.38453
3.345 0.384149
3.35 0.383766
3.355 0.383382
3.36 0.382997
3.365 0.38261
3.37 0.382222
3.375 0.381832
3.38 0.381442
3.385 0.381049
3.39 0.380656
3.395 0.380261
3.4 0.379865
3.405 0.379468
3.41 0.379069
3.415 0.378669
3.42 0.378268
3.425 0.377866
3.43 0.377463
3.435 0.377059
3.44 0.376653
3.445 0.376247
3.45 0.375839
3.455 0.375431
3.46 0.375021
3.465 0.37461
3.47 0.374199
3.475 0.373786
3.48 0.373373
3.485 0.372958
3.49 0.372543
3.495 0.372126
3.5 0.371709
3.505 0.371291
3.51 0.370872
3.515 0.370453
3.52 0.370032
3.525 0.369611
3.53 0.369189
3.535 0.368766
3.54 0.368342
3.545 0.367918
3.55 0.367493
3.555 0.367067
3.56 0.366641
3.565 0.366214
3.57 0.365786
3.575 0.365358
3.58 0.364929
3.585 0.364499
3.59 0.364069
3.595 0.363638
3.6 0.363207
3.605 0.362775
3.61 0.362343
3.615 0.36191
3.62 0.361477
3.625 0.361043
3.63 0.360608
3.635 0.360173
3.64 0.359738
3.645 0.359302
3.65 0.358866
3.655 0.35843
3.66 0.357993
3.665 0.357555
3.67 0.357117
3.675 0.356679
3.68 0.356241
3.685 0.355802
3.69 0.355363
3.695 0.354923
3.7 0.354483
3.705 0.354043
3.71 0.353603
3.715 0.353162
3.72 0.352721
3.725 0.35228
3.73 0.351839
3.735 0.351397
3.74 0.350955
3.745 0.350513
3.75 0.350071
3.755 0.349628
3.76 0.349186
3.765 0.348743
3.77 0.3483
3.775 0.347857
3.78 0.347413
3.785 0.34697
3.79 0.346527
3.795 0.346083
3.8 0.345639
3.805 0.345195
3.81 0.344751
3.815 0.344307
3.82 0.343863
3.825 0.343419
3.83 0.342975
3.835 0.342531
3.84 0.342087
3.845 0.341642
3.85 0.341198
3.855 0.340754
3.86 0.340309
3.865 0.339865
3.87 0.339421
3.875 0.338977
3.88 0.338532
3.885 0.338088
3.89 0.337644
3.895 0.3372
3.9 0.336756
3.905 0.336312
3.91 0.335868
3.915 0.335424
3.92 0.334981
3.925 0.334537
3.93 0.334093
3.935 0.33365
3.94 0.333207
3.945 0.332764
3.95 0.332321
3.955 0.331878
3.96 0.331435
3.965 0.330992
3.97 0.33055
3.975 0.330108
3.98 0.329665
3.985 0.329223
3.99 0.328782
3.995 0.32834
4 0.327899
4.005 0.327457
4.01 0.327017
4.015 0.326576
4.02 0.326135
4.025 0.325695
4.03 0.325255
4.035 0.324815
4.04 0.324375
4.045 0.323936
4.05 0.323496
4.055 0.323058
4.06 0.322619
4.065 0.32218
4.07 0.321742
4.075 0.321304
4.08 0.320867
4.085 0.32043
4.09 0.319992
4.095 0.319556
4.1 0.319119
4.105 0.318683
4.11 0.318247
4.115 0.317812
4.12 0.317376
4.125 0.316942
4.13 0.316507
4.135 0.316073
4.14 0.315639
4.145 0.315205
4.15 0.314772
4.155 0.314339
4.16 0.313906
4.165 0.313474
4.17 0.313042
4.175 0.31261
4.18 0.312179
4.185 0.311748
4.19 0.311318
4.195 0.310888
4.2 0.310458
4.205 0.310029
4.21 0.3096
4.215 0.309171
4.22 0.308743
4.225 0.308315
4.23 0.307888
4.235 0.307461
4.24 0.307034
4.245 0.306608
4.25 0.306182
4.255 0.305757
4.26 0.305332
4.265 0.304907
4.27 0.304483
4.275 0.304059
4.28 0.303636
4.285 0.303213
4.29 0.302791
4.295 0.302369
4.3 0.301947
4.305 0.301526
4.31 0.301105
4.315 0.300685
4.32 0.300265
4.325 0.299845
4.33 0.299427
4.335 0.299008
4.34 0.29859
4.345 0.298172
4.35 0.297755
4.355 0.297339
4.36 0.296922
4.365 0.296507
4.37 0.296091
4.375 0.295676
4.38 0.295262
4.385 0.294848
4.39 0.294435
4.395 0.294022
4.4 0.293609
4.405 0.293197
4.41 0.292786
4.415 0.292375
4.42 0.291964
4.425 0.291554
4.43 0.291145
4.435 0.290736
4.44 0.290327
4.445 0.289919
4.45 0.289512
4.455 0.289105
4.46 0.288698
4.465 0.288292
4.47 0.287886
4.475 0.287481
4.48 0.287077
4.485 0.286673
4.49 0.286269
4.495 0.285866
4.5 0.285464
4.505 0.285062
4.51 0.28466
4.515 0.284259
4.52 0.283859
4.525 0.283459
4.53 0.283059
4.535 0.28266
4.54 0.282262
4.545 0.281864
4.55 0.281467
4.555 0.28107
4.56 0.280674
4.565 0.280278
4.57 0.279883
4.575 0.279488
4.58 0.279094
4.585 0.2787
4.59 0.278307
4.595 0.277915
4.6 0.277522
4.605 0.277131
4.61 0.27674
4.615 0.27635
4.62 0.27596
4.625 0.27557
4.63 0.275181
4.635 0.274793
4.64 0.274405
4.645 0.274018
4.65 0.273631
4.655 0.273245
4.66 0.27286
4.665 0.272475
4.67 0.27209
4.675 0.271706
4.68 0.271323
4.685 0.27094
4.69 0.270558
4.695 0.270176
4.7 0.269795
4.705 0.269414
4.71 0.269034
4.715 0.268654
4.72 0.268275
4.725 0.267897
4.73 0.267519
4.735 0.267141
4.74 0.266765
4.745 0.266388
4.75 0.266013
4.755 0.265637
4.76 0.265263
4.765 0.264889
4.77 0.264515
4.775 0.264142
4.78 0.26377
4.785 0.263398
4.79 0.263027
4.795 0.262656
4.8 0.262286
4.805 0.261916
4.81 0.261547
4.815 0.261178
4.82 0.260811
4.825 0.260443
4.83 0.260076
4.835 0.25971
4.84 0.259344
4.845 0.258979
4.85 0.258614
4.855 0.25825
4.86 0.257887
4.865 0.257524
4.87 0.257161
4.875 0.256799
4.88 0.256438
4.885 0.256077
4.89 0.255717
4.895 0.255358
4.9 0.254999
4.905 0.25464
4.91 0.254282
4.915 0.253925
4.92 0.253568
4.925 0.253212
4.93 0.252856
4.935 0.252501
4.94 0.252146
4.945 0.251792
4.95 0.251438
4.955 0.251085
4.96 0.250733
4.965 0.250381
4.97 0.25003
4.975 0.249679
4.98 0.249329
4.985 0.248979
4.99 0.24863
4.995 0.248282
5 0.247934
5.005 0.247586
5.01 0.24724
5.015 0.246893
5.02 0.246548
5.025 0.246202
5.03 0.245858
5.035 0.245514
5.04 0.24517
5.045 0.244827
5.05 0.244485
5.055 0.244143
5.06 0.243801
5.065 0.243461
5.07 0.24312
5.075 0.242781
5.08 0.242442
5.085 0.242103
5.09 0.241765
5.095 0.241428
5.1 0.241091
5.105 0.240754
5.11 0.240418
5.115 0.240083
5.12 0.239748
5.125 0.239414
5.13 0.239081
5.135 0.238747
5.14 0.238415
5.145 0.238083
5.15 0.237751
5.155 0.23742
5.16 0.23709
5.165 0.23676
5.17 0.236431
5.175 0.236102
5.18 0.235774
5.185 0.235446
5.19 0.235119
5.195 0.234793
5.2 0.234466
5.205 0.234141
5.21 0.233816
5.215 0.233492
5.22 0.233168
5.225 0.232844
5.23 0.232522
5.235 0.232199
5.24 0.231877
5.245 0.231556
5.25 0.231236
5.255 0.230915
5.26 0.230596
5.265 0.230277
5.27 0.229958
5.275 0.22964
5.28 0.229323
5.285 0.229006
5.29 0.228689
5.295 0.228373
5.3 0.228058
5.305 0.227743
5.31 0.227429
5.315 0.227115
5.32 0.226802
5.325 0.226489
5.33 0.226177
5.335 0.225865
5.34 0.225554
5.345 0.225244
5.35 0.224933
5.355 0.224624
5.36 0.224315
5.365 0.224006
5.37 0.223698
5.375 0.223391
5.38 0.223084
5.385 0.222777
5.39 0.222471
5.395 0.222166
5.4 0.221861
5.405 0.221557
5.41 0.221253
5.415 0.22095
5.42 0.220647
5.425 0.220344
5.43 0.220043
5.435 0.219741
5.44 0.219441
5.445 0.21914
5.45 0.21884
5.455 0.218541
5.46 0.218242
5.465 0.217944
5.47 0.217647
5.475 0.217349
5.48 0.217053
5.485 0.216756
5.49 0.216461
5.495 0.216166
5.5 0.215871
5.505 0.215577
5.51 0.215283
5.515 0.21499
5.52 0.214697
5.525 0.214405
5.53 0.214113
5.535 0.213822
5.54 0.213531
5.545 0.213241
5.55 0.212952
5.555 0.212662
5.56 0.212374
5.565 0.212085
5.57 0.211798
5.575 0.211511
5.58 0.211224
5.585 0.210938
5.59 0.210652
5.595 0.210367
5.6 0.210082
5.605 0.209798
5.61 0.209514
5.615 0.209231
5.62 0.208948
5.625 0.208665
5.63 0.208384
5.635 0.208102
5.64 0.207821
5.645 0.207541
5.65 0.207261
5.655 0.206982
5.66 0.206703
5.665 0.206424
5.67 0.206146
5.675 0.205869
5.68 0.205592
5.685 0.205315
5.69 0.205039
5.695 0.204764
5.7 0.204489
5.705 0.204214
5.71 0.20394
5.715 0.203666
5.72 0.203393
5.725 0.20312
5.73 0.202848
5.735 0.202576
5.74 0.202305
5.745 0.202034
5.75 0.201763
5.755 0.201494
5.76 0.201224
5.765 0.200955
5.77 0.200687
5.775 0.200419
5.78 0.200151
5.785 0.199884
5.79 0.199617
5.795 0.199351
5.8 0.199085
5.805 0.19882
5.81 0.198555
5.815 0.198291
5.82 0.198027
5.825 0.197763
5.83 0.1975
5.835 0.197238
5.84 0.196976
5.845 0.196714
5.85 0.196453
5.855 0.196192
5.86 0.195932
5.865 0.195672
5.87 0.195412
5.875 0.195154
5.88 0.194895
5.885 0.194637
5.89 0.194379
5.895 0.194122
5.9 0.193866
5.905 0.193609
5.91 0.193353
5.915 0.193098
5.92 0.192843
5.925 0.192589
5.93 0.192335
5.935 0.192081
5.94 0.191828
5.945 0.191575
5.95 0.191323
5.955 0.191071
5.96 0.19082
5.965 0.190569
5.97 0.190318
5.975 0.190068
5.98 0.189818
5.985 0.189569
5.99 0.18932
5.995 0.189072
6 0.188824
6.005 0.188576
6.01 0.188329
6.015 0.188082
6.02 0.187836
6.025 0.18759
6.03 0.187345
6.035 0.1871
6.04 0.186855
6.045 0.186611
6.05 0.186368
6.055 0.186124
6.06 0.185882
6.065 0.185639
6.07 0.185397
6.075 0.185155
6.08 0.184914
6.085 0.184674
6.09 0.184433
6.095 0.184193
6.1 0.183954
6.105 0.183715
6.11 0.183476
6.115 0.183238
6.12 0.183
6.125 0.182762
6.13 0.182525
6.135 0.182289
6.14 0.182052
6.145 0.181817
6.15 0.181581
6.155 0.181346
6.16 0.181112
6.165 0.180877
6.17 0.180644
6.175 0.18041
6.18 0.180177
6.185 0.179945
6.19 0.179713
6.195 0.179481
6.2 0.179249
6.205 0.179019
6.21 0.178788
6.215 0.178558
6.22 0.178328
6.225 0.178099
6.23 0.17787
6.235 0.177641
6.24 0.177413
6.245 0.177185
6.25 0.176958
6.255 0.176731
6.26 0.176504
6.265 0.176278
6.27 0.176052
6.275 0.175827
6.28 0.175601
6.285 0.175377
6.29 0.175153
6.295 0.174929
6.3 0.174705
6.305 0.174482
6.31 0.174259
6.315 0.174037
6.32 0.173815
6.325 0.173593
6.33 0.173372
6.335 0.173151
6.34 0.172931
6.345 0.172711
6.35 0.172491
6.355 0.172272
6.36 0.172053
6.365 0.171834
6.37 0.171616
6.375 0.171398
6.38 0.171181
6.385 0.170964
6.39 0.170747
6.395 0.170531
6.4 0.170315
6.405 0.170099
6.41 0.169884
6.415 0.169669
6.42 0.169455
6.425 0.169241
6.43 0.169027
6.435 0.168813
6.44 0.1686
6.445 0.168388
6.45 0.168175
6.455 0.167964
6.46 0.167752
6.465 0.167541
6.47 0.16733
6.475 0.16712
6.48 0.166909
6.485 0.1667
6.49 0.16649
6.495 0.166281
6.5 0.166073
6.505 0.165864
6.51 0.165656
6.515 0.165449
6.52 0.165242
6.525 0.165035
6.53 0.164828
6.535 0.164622
6.54 0.164416
6.545 0.164211
6.55 0.164006
6.555 0.163801
6.56 0.163596
6.565 0.163392
6.57 0.163189
6.575 0.162985
6.58 0.162782
6.585 0.162579
6.59 0.162377
6.595 0.162175
6.6 0.161973
6.605 0.161772
6.61 0.161571
6.615 0.16137
6.62 0.16117
6.625 0.16097
6.63 0.160771
6.635 0.160571
6.64 0.160372
6.645 0.160174
6.65 0.159976
6.655 0.159778
6.66 0.15958
6.665 0.159383
6.67 0.159186
6.675 0.158989
6.68 0.158793
6.685 0.158597
6.69 0.158402
6.695 0.158206
6.7 0.158012
6.705 0.157817
6.71 0.157623
6.715 0.157429
6.72 0.157235
6.725 0.157042
6.73 0.156849
6.735 0.156656
6.74 0.156464
6.745 0.156272
6.75 0.15608
6.755 0.155889
6.76 0.155698
6.765 0.155508
6.77 0.155317
6.775 0.155127
6.78 0.154937
6.785 0.154748
6.79 0.154559
6.795 0.15437
6.8 0.154182
6.805 0.153994
6.81 0.153806
6.815 0.153618
6.82 0.153431
6.825 0.153244
6.83 0.153058
6.835 0.152872
6.84 0.152686
6.845 0.1525
6.85 0.152315
6.855 0.15213
6.86 0.151945
6.865 0.151761
6.87 0.151577
6.875 0.151393
6.88 0.15121
6.885 0.151027
6.89 0.150844
6.895 0.150661
6.9 0.150479
6.905 0.150297
6.91 0.150116
6.915 0.149935
6.92 0.149754
6.925 0.149573
6.93 0.149393
6.935 0.149212
6.94 0.149033
6.945 0.148853
6.95 0.148674
6.955 0.148495
6.96 0.148317
6.965 0.148138
6.97 0.14796
6.975 0.147783
6.98 0.147605
6.985 0.147428
6.99 0.147252
6.995 0.147075
7 0.146899
7.005 0.146723
7.01 0.146547
7.015 0.146372
7.02 0.146197
7.025 0.146022
7.03 0.145848
7.035 0.145674
7.04 0.1455
7.045 0.145326
7.05 0.145153
7.055 0.14498
7.06 0.144807
7.065 0.144635
7.07 0.144463
7.075 0.144291
7.08 0.144119
7.085 0.143948
7.09 0.143777
7.095 0.143606
7.1 0.143436
7.105 0.143266
7.11 0.143096
7.115 0.142926
7.12 0.142757
7.125 0.142588
7.13 0.142419
7.135 0.142251
7.14 0.142083
7.145 0.141915
7.15 0.141747
7.155 0.14158
7.16 0.141413
7.165 0.141246
7.17 0.14108
7.175 0.140913
7.18 0.140747
7.185 0.140582
7.19 0.140416
7.195 0.140251
7.2 0.140086
7.205 0.139922
7.21 0.139757
7.215 0.139593
7.22 0.139429
7.225 0.139266
7.23 0.139103
7.235 0.13894
7.24 0.138777
7.245 0.138614
7.25 0.138452
7.255 0.13829
7.26 0.138129
7.265 0.137967
7.27 0.137806
7.275 0.137645
7.28 0.137485
7.285 0.137324
7.29 0.137164
7.295 0.137004
7.3 0.136845
7.305 0.136686
7.31 0.136527
7.315 0.136368
7.32 0.136209
7.325 0.136051
7.33 0.135893
7.335 0.135735
7.34 0.135578
7.345 0.135421
7.35 0.135264
7.355 0.135107
7.36 0.134951
7.365 0.134794
7.37 0.134638
7.375 0.134483
7.38 0.134327
7.385 0.134172
7.39 0.134017
7.395 0.133863
7.4 0.133708
7.405 0.133554
7.41 0.1334
7.415 0.133246
7.42 0.133093
7.425 0.13294
7.43 0.132787
7.435 0.132634
7.44 0.132482
7.445 0.13233
7.45 0.132178
7.455 0.132026
7.46 0.131874
7.465 0.131723
7.47 0.131572
7.475 0.131422
7.48 0.131271
7.485 0.131121
7.49 0.130971
7.495 0.130821
7.5 0.130672
7.505 0.130522
7.51 0.130373
7.515 0.130225
7.52 0.130076
7.525 0.129928
7.53 0.12978
7.535 0.129632
7.54 0.129484
7.545 0.129337
7.55 0.12919
7.555 0.129043
7.56 0.128896
7.565 0.12875
7.57 0.128604
7.575 0.128458
7.58 0.128312
7.585 0.128167
7.59 0.128021
7.595 0.127876
7.6 0.127732
7.605 0.127587
7.61 0.127443
7.615 0.127299
7.62 0.127155
7.625 0.127011
7.63 0.126868
7.635 0.126725
7.64 0.126582
7.645 0.126439
7.65 0.126297
7.655 0.126155
7.66 0.126013
7.665 0.125871
7.67 0.125729
7.675 0.125588
7.68 0.125447
7.685 0.125306
7.69 0.125165
7.695 0.125025
7.7 0.124885
7.705 0.124745
7.71 0.124605
7.715 0.124465
7.72 0.124326
7.725 0.124187
7.73 0.124048
7.735 0.123909
7.74 0.123771
7.745 0.123633
7.75 0.123495
7.755 0.123357
7.76 0.123219
7.765 0.123082
7.77 0.122945
7.775 0.122808
7.78 0.122671
7.785 0.122535
7.79 0.122399
7.795 0.122262
7.8 0.122127
7.805 0.121991
7.81 0.121856
7.815 0.12172
7.82 0.121585
7.825 0.121451
7.83 0.121316
7.835 0.121182
7.84 0.121048
7.845 0.120914
7.85 0.12078
7.855 0.120647
7.86 0.120513
7.865 0.12038
7.87 0.120247
7.875 0.120115
7.88 0.119982
7.885 0.11985
7.89 0.119718
7.895 0.119586
7.9 0.119455
7.905 0.119323
7.91 0.119192
7.915 0.119061
7.92 0.11893
7.925 0.1188
7.93 0.118669
7.935 0.118539
7.94 0.118409
7.945 0.118279
7.95 0.11815
7.955 0.11802
7.96 0.117891
7.965 0.117762
7.97 0.117633
7.975 0.117505
7.98 0.117376
7.985 0.117248
7.99 0.11712
7.995 0.116993
8 0.116865
8.005 0.116738
8.01 0.11661
8.015 0.116483
8.02 0.116357
8.025 0.11623
8.03 0.116104
8.035 0.115978
8.04 0.115852
8.045 0.115726
8.05 0.1156
8.055 0.115475
8.06 0.11535
8.065 0.115225
8.07 0.1151
8.075 0.114975
8.08 0.114851
8.085 0.114726
8.09 0.114602
8.095 0.114479
8.1 0.114355
8.105 0.114231
8.11 0.114108
8.115 0.113985
8.12 0.113862
8.125 0.113739
8.13 0.113617
8.135 0.113494
8.14 0.113372
8.145 0.11325
8.15 0.113129
8.155 0.113007
8.16 0.112886
8.165 0.112764
8.17 0.112643
8.175 0.112523
8.18 0.112402
8.185 0.112281
8.19 0.112161
8.195 0.112041
8.2 0.111921
8.205 0.111801
8.21 0.111682
8.215 0.111562
8.22 0.111443
8.225 0.111324
8.23 0.111205
8.235 0.111087
8.24 0.110968
8.245 0.11085
8.25 0.110732
8.255 0.110614
8.26 0.110496
8.265 0.110379
8.27 0.110261
8.275 0.110144
8.28 0.110027
8.285 0.10991
8.29 0.109794
8.295 0.109677
8.3 0.109561
8.305 0.109445
8.31 0.109329
8.315 0.109213
8.32 0.109097
8.325 0.108982
8.33 0.108867
8.335 0.108752
8.34 0.108637
8.345 0.108522
8.35 0.108407
8.355 0.108293
8.36 0.108179
8.365 0.108065
8.37 0.107951
8.375 0.107837
8.38 0.107724
8.385 0.10761
8.39 0.107497
8.395 0.107384
8.4 0.107271
8.405 0.107159
8.41 0.107046
8.415 0.106934
8.42 0.106822
8.425 0.10671
8.43 0.106598
8.435 0.106486
8.44 0.106375
8.445 0.106264
8.45 0.106152
8.455 0.106041
8.46 0.105931
8.465 0.10582
8.47 0.105709
8.475 0.105599
8.48 0.105489
8.485 0.105379
8.49 0.105269
8.495 0.10516
8.5 0.10505
8.505 0.104941
8.51 0.104832
8.515 0.104723
8.52 0.104614
8.525 0.104505
8.53 0.104397
8.535 0.104288
8.54 0.10418
8.545 0.104072
8.55 0.103964
8.555 0.103856
8.56 0.103749
8.565 0.103642
8.57 0.103534
8.575 0.103427
8.58 0.10332
8.585 0.103214
8.59 0.103107
8.595 0.103001
8.6 0.102894
8.605 0.102788
8.61 0.102682
8.615 0.102576
8.62 0.102471
8.625 0.102365
8.63 0.10226
8.635 0.102155
8.64 0.10205
8.645 0.101945
8.65 0.10184
8.655 0.101736
8.66 0.101631
8.665 0.101527
8.67 0.101423
8.675 0.101319
8.68 0.101215
8.685 0.101112
8.69 0.101008
8.695 0.100905
8.7 0.100802
8.705 0.100699
8.71 0.100596
8.715 0.100493
8.72 0.100391
8.725 0.100288
8.73 0.100186
8.735 0.100084
8.74 0.0999819
8.745 0.09988
8.75 0.0997784
8.755 0.0996769
8.76 0.0995755
8.765 0.0994743
8.77 0.0993733
8.775 0.0992723
8.78 0.0991716
8.785 0.099071
8.79 0.0989705
8.795 0.0988702
8.8 0.09877
8.805 0.09867
8.81 0.0985701
8.815 0.0984703
8.82 0.0983708
8.825 0.0982713
8.83 0.098172
8.835 0.0980728
8.84 0.0979738
8.845 0.097875
8.85 0.0977762
8.855 0.0976777
8.86 0.0975792
8.865 0.0974809
8.87 0.0973828
8.875 0.0972848
8.88 0.0971869
8.885 0.0970892
8.89 0.0969916
8.895 0.0968942
8.9 0.0967969
8.905 0.0966997
8.91 0.0966027
8.915 0.0965058
8.92 0.0964091
8.925 0.0963125
8.93 0.0962161
8.935 0.0961198
8.94 0.0960236
8.945 0.0959275
8.95 0.0958317
8.955 0.0957359
8.96 0.0956403
8.965 0.0955448
8.97 0.0954495
8.975 0.0953542
8.98 0.0952592
8.985 0.0951643
8.99 0.0950695
8.995 0.0949748
9 0.0948803
9.005 0.0947859
9.01 0.0946916
9.015 0.0945975
9.02 0.0945036
9.025 0.0944097
9.03 0.094316
9.035 0.0942224
9.04 0.094129
9.045 0.0940357
9.05 0.0939425
9.055 0.0938495
9.06 0.0937566
9.065 0.0936638
9.07 0.0935712
9.075 0.0934787
9.08 0.0933863
9.085 0.0932941
9.09 0.0932019
9.095 0.09311
9.1 0.0930181
9.105 0.0929264
9.11 0.0928348
9.115 0.0927434
9.12 0.0926521
9.125 0.0925609
9.13 0.0924698
9.135 0.0923789
9.14 0.0922881
9.145 0.0921974
9.15 0.0921069
9.155 0.0920164
9.16 0.0919262
9.165 0.091836
9.17 0.091746
9.175 0.0916561
9.18 0.0915663
9.185 0.0914767
9.19 0.0913871
9.195 0.0912977
9.2 0.0912085
9.205 0.0911193
9.21 0.0910303
9.215 0.0909414
9.22 0.0908527
9.225 0.090764
9.23 0.0906755
9.235 0.0905872
9.24 0.0904989
9.245 0.0904108
9.25 0.0903228
9.255 0.0902349
9.26 0.0901471
9.265 0.0900595
9.27 0.089972
9.275 0.0898846
9.28 0.0897973
9.285 0.0897102
9.29 0.0896231
9.295 0.0895362
9.3 0.0894495
9.305 0.0893628
9.31 0.0892763
9.315 0.0891899
9.32 0.0891036
9.325 0.0890174
9.33 0.0889314
9.335 0.0888454
9.34 0.0887596
9.345 0.0886739
9.35 0.0885884
9.355 0.0885029
9.36 0.0884176
9.365 0.0883324
9.37 0.0882473
9.375 0.0881623
9.38 0.0880775
9.385 0.0879928
9.39 0.0879081
9.395 0.0878237
9.4 0.0877393
9.405 0.087655
9.41 0.0875709
9.415 0.0874869
9.42 0.0874029
9.425 0.0873192
9.43 0.0872355
9.435 0.0871519
9.44 0.0870685
9.445 0.0869852
9.45 0.086902
9.455 0.0868189
9.46 0.0867359
9.465 0.086653
9.47 0.0865703
9.475 0.0864876
9.48 0.0864051
9.485 0.0863227
9.49 0.0862404
9.495 0.0861583
9.5 0.0860762
9.505 0.0859943
9.51 0.0859124
9.515 0.0858307
9.52 0.0857491
9.525 0.0856676
9.53 0.0855862
9.535 0.085505
9.54 0.0854238
9.545 0.0853428
9.55 0.0852618
9.555 0.085181
9.56 0.0851003
9.565 0.0850197
9.57 0.0849392
9.575 0.0848588
9.58 0.0847786
9.585 0.0846984
9.59 0.0846184
9.595 0.0845384
9.6 0.0844586
9.605 0.0843789
9.61 0.0842993
9.615 0.0842198
9.62 0.0841404
9.625 0.0840611
9.63 0.0839819
9.635 0.0839029
9.64 0.0838239
9.645 0.0837451
9.65 0.0836663
9.655 0.0835877
9.66 0.0835092
9.665 0.0834308
9.67 0.0833525
9.675 0.0832743
9.68 0.0831962
9.685 0.0831182
9.69 0.0830403
9.695 0.0829625
9.7 0.0828849
9.705 0.0828073
9.71 0.0827299
9.715 0.0826525
9.72 0.0825753
9.725 0.0824981
9.73 0.0824211
9.735 0.0823442
9.74 0.0822673
9.745 0.0821906
9.75 0.082114
9.755 0.0820375
9.76 0.0819611
9.765 0.0818848
9.77 0.0818086
9.775 0.0817325
9.78 0.0816565
9.785 0.0815806
9.79 0.0815048
9.795 0.0814291
9.8 0.0813535
9.805 0.081278
9.81 0.0812026
9.815 0.0811274
9.82 0.0810522
9.825 0.0809771
9.83 0.0809021
9.835 0.0808273
9.84 0.0807525
9.845 0.0806778
9.85 0.0806033
9.855 0.0805288
9.86 0.0804544
9.865 0.0803802
9.87 0.080306
9.875 0.0802319
9.88 0.0801579
9.885 0.0800841
9.89 0.0800103
9.895 0.0799366
9.9 0.0798631
9.905 0.0797896
9.91 0.0797162
9.915 0.0796429
9.92 0.0795698
9.925 0.0794967
9.93 0.0794237
9.935 0.0793508
9.94 0.079278
9.945 0.0792053
9.95 0.0791327
9.955 0.0790602
9.96 0.0789878
9.965 0.0789155
9.97 0.0788433
9.975 0.0787712
9.98 0.0786992
9.985 0.0786273
9.99 0.0785555
9.995 0.0784838
