0 -nan
0.005 0.875308
0.01 0.355617
0.015 0.716486
0.02 0.809071
0.025 0.295867
0.03 0.181794
0.035 0.616546
0.04 0.616287
0.045 0.382213
0.05 0.164411
0.055 0.0405149
0.06 0.000915259
0.065 0.0151474
0.07 0.0566864
0.075 0.107908
0.08 0.158709
0.085 0.204048
0.09 0.241924
0.095 0.272014
0.1 0.294835
0.105 0.311269
0.11 0.322297
0.115 0.328862
0.12 0.331816
0.125 0.331892
0.13 0.32971
0.135 0.325781
0.14 0.320524
0.145 0.314277
0.15 0.307314
0.155 0.299852
0.16 0.292064
0.165 0.284087
0.17 0.276029
0.175 0.267973
0.18 0.259983
0.185 0.252109
0.19 0.244387
0.195 0.236846
0.2 0.229503
0.205 0.222373
0.21 0.215464
0.215 0.20878
0.22 0.202324
0.225 0.196093
0.23 0.190085
0.235 0.184297
0.24 0.178723
0.245 0.173358
0.25 0.168195
0.255 0.163228
0.26 0.158449
0.265 0.153853
0.27 0.149432
0.275 0.145178
0.28 0.141087
0.285 0.13715
0.29 0.133361
0.295 0.129714
0.3 0.126204
0.305 0.122824
0.31 0.119568
0.315 0.116432
0.32 0.113409
0.325 0.110496
0.33 0.107687
0.335 0.104979
0.34 0.102365
0.345 0.0998438
0.35 0.0974098
0.355 0.0950596
0.36 0.0927898
0.365 0.0905968
0.37 0.0884776
0.375 0.086429
0.38 0.084448
0.385 0.0825319
0.39 0.0806779
0.395 0.0788837
0.4 0.0771467
0.405 0.0754646
0.41 0.0738353
0.415 0.0722566
0.42 0.0707266
0.425 0.0692433
0.43 0.067805
0.435 0.0664098
0.44 0.0650562
0.445 0.0637425
0.45 0.0624672
0.455 0.061229
0.46 0.0600264
0.465 0.0588581
0.47 0.0577229
0.475 0.0566195
0.48 0.0555468
0.485 0.0545037
0.49 0.0534892
0.495 0.0525021
0.5 0.0515417
0.505 0.0506069
0.51 0.0496969
0.515 0.0488108
0.52 0.0479477
0.525 0.047107
0.53 0.0462879
0.535 0.0454896
0.54 0.0447115
0.545 0.0439529
0.55 0.0432132
0.555 0.0424917
0.56 0.0417878
0.565 0.0411011
0.57 0.040431
0.575 0.0397769
0.58 0.0391383
0.585 0.0385148
0.59 0.0379059
0.595 0.0373112
0.6 0.0367302
0.605 0.0361625
0.61 0.0356077
0.615 0.0350654
0.62 0.0345353
0.625 0.034017
0.63 0.0335101
0.635 0.0330144
0.64 0.0325295
0.645 0.0320551
0.65 0.0315909
0.655 0.0311366
0.66 0.030692
0.665 0.0302567
0.67 0.0298305
0.675 0.0294132
0.68 0.0290045
0.685 0.0286042
0.69 0.0282121
0.695 0.0278279
0.7 0.0274514
0.705 0.0270825
0.71 0.0267208
0.715 0.0263664
0.72 0.0260188
0.725 0.0256781
0.73 0.0253439
0.735 0.0250162
0.74 0.0246948
0.745 0.0243794
0.75 0.0240701
0.755 0.0237665
0.76 0.0234686
0.765 0.0231762
0.77 0.0228893
0.775 0.0226076
0.78 0.022331
0.785 0.0220594
0.79 0.0217927
0.795 0.0215309
0.8 0.0212736
0.805 0.021021
0.81 0.0207727
0.815 0.0205288
0.82 0.0202892
0.825 0.0200537
0.83 0.0198223
0.835 0.0195948
0.84 0.0193712
0.845 0.0191514
0.85 0.0189353
0.855 0.0187228
0.86 0.0185138
0.865 0.0183083
0.87 0.0181062
0.875 0.0179074
0.88 0.0177119
0.885 0.0175195
0.89 0.0173302
0.895 0.0171439
0.9 0.0169607
0.905 0.0167803
0.91 0.0166028
0.915 0.0164281
0.92 0.0162561
0.925 0.0160867
0.93 0.01592
0.935 0.0157559
0.94 0.0155943
0.945 0.0154351
0.95 0.0152784
0.955 0.015124
0.96 0.0149719
0.965 0.0148222
0.97 0.0146746
0.975 0.0145292
0.98 0.014386
0.985 0.0142449
0.99 0.0141058
0.995 0.0139687
1 0.0138337
1.005 0.0137005
1.01 0.0135693
1.015 0.0134399
1.02 0.0133124
1.025 0.0131867
1.03 0.0130627
1.035 0.0129405
1.04 0.01282
1.045 0.0127012
1.05 0.0125839
1.055 0.0124683
1.06 0.0123543
1.065 0.0122419
1.07 0.0121309
1.075 0.0120215
1.08 0.0119135
1.085 0.0118069
1.09 0.0117018
1.095 0.0115981
1.1 0.0114958
1.105 0.0113947
1.11 0.0112951
1.115 0.0111967
1.12 0.0110996
1.125 0.0110037
1.13 0.0109091
1.135 0.0108157
1.14 0.0107234
1.145 0.0106324
1.15 0.0105425
1.155 0.0104537
1.16 0.0103661
1.165 0.0102795
1.17 0.010194
1.175 0.0101096
1.18 0.0100262
1.185 0.00994386
1.19 0.00986251
1.195 0.00978216
1.2 0.00970277
1.205 0.00962435
1.21 0.00954688
1.215 0.00947033
1.22 0.0093947
1.225 0.00931996
1.23 0.00924612
1.235 0.00917314
1.24 0.00910103
1.245 0.00902976
1.25 0.00895932
1.255 0.0088897
1.26 0.00882089
1.265 0.00875287
1.27 0.00868563
1.275 0.00861917
1.28 0.00855346
1.285 0.0084885
1.29 0.00842427
1.295 0.00836077
1.3 0.00829798
1.305 0.0082359
1.31 0.00817451
1.315 0.0081138
1.32 0.00805376
1.325 0.00799439
1.33 0.00793567
1.335 0.00787759
1.34 0.00782015
1.345 0.00776333
1.35 0.00770712
1.355 0.00765153
1.36 0.00759653
1.365 0.00754212
1.37 0.0074883
1.375 0.00743504
1.38 0.00738235
1.385 0.00733022
1.39 0.00727864
1.395 0.0072276
1.4 0.00717709
1.405 0.00712711
1.41 0.00707765
1.415 0.0070287
1.42 0.00698026
1.425 0.00693231
1.43 0.00688486
1.435 0.00683789
1.44 0.0067914
1.445 0.00674538
1.45 0.00669983
1.455 0.00665473
1.46 0.00661009
1.465 0.00656589
1.47 0.00652214
1.475 0.00647882
1.48 0.00643593
1.485 0.00639347
1.49 0.00635142
1.495 0.00630979
1.5 0.00626856
1.505 0.00622774
1.51 0.00618731
1.515 0.00614727
1.52 0.00610762
1.525 0.00606835
1.53 0.00602946
1.535 0.00599095
1.54 0.00595279
1.545 0.00591501
1.55 0.00587758
1.555 0.0058405
1.56 0.00580377
1.565 0.00576739
1.57 0.00573135
1.575 0.00569564
1.58 0.00566027
1.585 0.00562522
1.59 0.0055905
1.595 0.0055561
1.6 0.00552202
1.605 0.00548824
1.61 0.00545478
1.615 0.00542162
1.62 0.00538876
1.625 0.0053562
1.63 0.00532393
1.635 0.00529195
1.64 0.00526026
1.645 0.00522886
1.65 0.00519773
1.655 0.00516688
1.66 0.0051363
1.665 0.005106
1.67 0.00507596
1.675 0.00504618
1.68 0.00501667
1.685 0.00498741
1.69 0.00495841
1.695 0.00492966
1.7 0.00490116
1.705 0.00487291
1.71 0.0048449
1.715 0.00481713
1.72 0.00478959
1.725 0.0047623
1.73 0.00473523
1.735 0.0047084
1.74 0.00468179
1.745 0.0046554
1.75 0.00462924
1.755 0.0046033
1.76 0.00457758
1.765 0.00455207
1.77 0.00452677
1.775 0.00450168
1.78 0.0044768
1.785 0.00445213
1.79 0.00442766
1.795 0.00440339
1.8 0.00437932
1.805 0.00435544
1.81 0.00433176
1.815 0.00430828
1.82 0.00428498
1.825 0.00426187
1.83 0.00423895
1.835 0.00421621
1.84 0.00419365
1.845 0.00417128
1.85 0.00414908
1.855 0.00412706
1.86 0.00410521
1.865 0.00408354
1.87 0.00406204
1.875 0.0040407
1.88 0.00401954
1.885 0.00399854
1.89 0.0039777
1.895 0.00395703
1.9 0.00393652
1.905 0.00391616
1.91 0.00389596
1.915 0.00387592
1.92 0.00385604
1.925 0.0038363
1.93 0.00381672
1.935 0.00379728
1.94 0.003778
1.945 0.00375886
1.95 0.00373986
1.955 0.00372101
1.96 0.0037023
1.965 0.00368373
1.97 0.0036653
1.975 0.00364701
1.98 0.00362886
1.985 0.00361084
1.99 0.00359295
1.995 0.0035752
2 0.00355758
2.005 0.00354008
2.01 0.00352272
2.015 0.00350548
2.02 0.00348837
2.025 0.00347139
2.03 0.00345452
2.035 0.00343778
2.04 0.00342116
2.045 0.00340467
2.05 0.00338829
2.055 0.00337203
2.06 0.00335588
2.065 0.00333985
2.07 0.00332394
2.075 0.00330814
2.08 0.00329245
2.085 0.00327687
2.09 0.0032614
2.095 0.00324604
2.1 0.00323079
2.105 0.00321565
2.11 0.00320061
2.115 0.00318568
2.12 0.00317085
2.125 0.00315613
2.13 0.00314151
2.135 0.00312698
2.14 0.00311256
2.145 0.00309824
2.15 0.00308402
2.155 0.00306989
2.16 0.00305587
2.165 0.00304193
2.17 0.0030281
2.175 0.00301435
2.18 0.0030007
2.185 0.00298715
2.19 0.00297368
2.195 0.00296031
2.2 0.00294702
2.205 0.00293382
2.21 0.00292072
2.215 0.0029077
2.22 0.00289476
2.225 0.00288192
2.23 0.00286915
2.235 0.00285648
2.24 0.00284388
2.245 0.00283137
2.25 0.00281894
2.255 0.0028066
2.26 0.00279433
2.265 0.00278215
2.27 0.00277004
2.275 0.00275801
2.28 0.00274606
2.285 0.00273419
2.29 0.0027224
2.295 0.00271068
2.3 0.00269904
2.305 0.00268747
2.31 0.00267597
2.315 0.00266455
2.32 0.0026532
2.325 0.00264193
2.33 0.00263072
2.335 0.00261959
2.34 0.00260853
2.345 0.00259754
2.35 0.00258661
2.355 0.00257576
2.36 0.00256497
2.365 0.00255425
2.37 0.0025436
2.375 0.00253302
2.38 0.0025225
2.385 0.00251204
2.39 0.00250165
2.395 0.00249133
2.4 0.00248107
2.405 0.00247087
2.41 0.00246073
2.415 0.00245066
2.42 0.00244065
2.425 0.0024307
2.43 0.00242081
2.435 0.00241098
2.44 0.00240121
2.445 0.0023915
2.45 0.00238185
2.455 0.00237225
2.46 0.00236272
2.465 0.00235324
2.47 0.00234382
2.475 0.00233445
2.48 0.00232515
2.485 0.00231589
2.49 0.00230669
2.495 0.00229755
2.5 0.00228846
2.505 0.00227943
2.51 0.00227044
2.515 0.00226151
2.52 0.00225264
2.525 0.00224381
2.53 0.00223504
2.535 0.00222632
2.54 0.00221765
2.545 0.00220903
2.55 0.00220046
2.555 0.00219194
2.56 0.00218347
2.565 0.00217504
2.57 0.00216667
2.575 0.00215835
2.58 0.00215007
2.585 0.00214184
2.59 0.00213366
2.595 0.00212552
2.6 0.00211743
2.605 0.00210939
2.61 0.00210139
2.615 0.00209344
2.62 0.00208553
2.625 0.00207767
2.63 0.00206985
2.635 0.00206208
2.64 0.00205435
2.645 0.00204666
2.65 0.00203902
2.655 0.00203142
2.66 0.00202386
2.665 0.00201634
2.67 0.00200886
2.675 0.00200143
2.68 0.00199404
2.685 0.00198669
2.69 0.00197938
2.695 0.00197211
2.7 0.00196488
2.705 0.00195768
2.71 0.00195053
2.715 0.00194342
2.72 0.00193635
2.725 0.00192931
2.73 0.00192231
2.735 0.00191536
2.74 0.00190843
2.745 0.00190155
2.75 0.0018947
2.755 0.00188789
2.76 0.00188112
2.765 0.00187438
2.77 0.00186768
2.775 0.00186102
2.78 0.00185439
2.785 0.0018478
2.79 0.00184124
2.795 0.00183471
2.8 0.00182822
2.805 0.00182177
2.81 0.00181535
2.815 0.00180896
2.82 0.00180261
2.825 0.00179629
2.83 0.00179
2.835 0.00178375
2.84 0.00177753
2.845 0.00177134
2.85 0.00176518
2.855 0.00175906
2.86 0.00175296
2.865 0.0017469
2.87 0.00174087
2.875 0.00173488
2.88 0.00172891
2.885 0.00172297
2.89 0.00171706
2.895 0.00171119
2.9 0.00170534
2.905 0.00169953
2.91 0.00169374
2.915 0.00168798
2.92 0.00168226
2.925 0.00167656
2.93 0.00167089
2.935 0.00166525
2.94 0.00165963
2.945 0.00165405
2.95 0.00164849
2.955 0.00164297
2.96 0.00163747
2.965 0.00163199
2.97 0.00162655
2.975 0.00162113
2.98 0.00161574
2.985 0.00161038
2.99 0.00160504
2.995 0.00159973
3 0.00159444
3.005 0.00158918
3.01 0.00158395
3.015 0.00157874
3.02 0.00157356
3.025 0.00156841
3.03 0.00156328
3.035 0.00155817
3.04 0.00155309
3.045 0.00154803
3.05 0.001543
3.055 0.001538
3.06 0.00153302
3.065 0.00152806
3.07 0.00152312
3.075 0.00151821
3.08 0.00151333
3.085 0.00150846
3.09 0.00150362
3.095 0.00149881
3.1 0.00149401
3.105 0.00148924
3.11 0.0014845
3.115 0.00147977
3.12 0.00147507
3.125 0.00147039
3.13 0.00146573
3.135 0.0014611
3.14 0.00145648
3.145 0.00145189
3.15 0.00144732
3.155 0.00144277
3.16 0.00143824
3.165 0.00143374
3.17 0.00142925
3.175 0.00142479
3.18 0.00142035
3.185 0.00141593
3.19 0.00141152
3.195 0.00140714
3.2 0.00140278
3.205 0.00139844
3.21 0.00139412
3.215 0.00138982
3.22 0.00138554
3.225 0.00138128
3.23 0.00137704
3.235 0.00137282
3.24 0.00136861
3.245 0.00136443
3.25 0.00136027
3.255 0.00135612
3.26 0.001352
3.265 0.00134789
3.27 0.0013438
3.275 0.00133973
3.28 0.00133568
3.285 0.00133165
3.29 0.00132763
3.295 0.00132363
3.3 0.00131966
3.305 0.00131569
3.31 0.00131175
3.315 0.00130783
3.32 0.00130392
3.325 0.00130003
3.33 0.00129615
3.335 0.0012923
3.34 0.00128846
3.345 0.00128464
3.35 0.00128083
3.355 0.00127705
3.36 0.00127328
3.365 0.00126952
3.37 0.00126578
3.375 0.00126206
3.38 0.00125836
3.385 0.00125467
3.39 0.001251
3.395 0.00124734
3.4 0.0012437
3.405 0.00124008
3.41 0.00123647
3.415 0.00123288
3.42 0.0012293
3.425 0.00122574
3.43 0.00122219
3.435 0.00121866
3.44 0.00121515
3.445 0.00121165
3.45 0.00120816
3.455 0.00120469
3.46 0.00120124
3.465 0.0011978
3.47 0.00119437
3.475 0.00119096
3.48 0.00118756
3.485 0.00118418
3.49 0.00118081
3.495 0.00117746
3.5 0.00117412
3.505 0.0011708
3.51 0.00116749
3.515 0.00116419
3.52 0.00116091
3.525 0.00115764
3.53 0.00115438
3.535 0.00115114
3.54 0.00114791
3.545 0.0011447
3.55 0.0011415
3.555 0.00113831
3.56 0.00113514
3.565 0.00113198
3.57 0.00112883
3.575 0.0011257
3.58 0.00112257
3.585 0.00111947
3.59 0.00111637
3.595 0.00111329
3.6 0.00111022
3.605 0.00110716
3.61 0.00110412
3.615 0.00110108
3.62 0.00109807
3.625 0.00109506
3.63 0.00109206
3.635 0.00108908
3.64 0.00108611
3.645 0.00108315
3.65 0.00108021
3.655 0.00107727
3.66 0.00107435
3.665 0.00107144
3.67 0.00106854
3.675 0.00106565
3.68 0.00106278
3.685 0.00105991
3.69 0.00105706
3.695 0.00105422
3.7 0.00105139
3.705 0.00104858
3.71 0.00104577
3.715 0.00104297
3.72 0.00104019
3.725 0.00103742
3.73 0.00103466
3.735 0.0010319
3.74 0.00102917
3.745 0.00102644
3.75 0.00102372
3.755 0.00102101
3.76 0.00101831
3.765 0.00101563
3.77 0.00101295
3.775 0.00101029
3.78 0.00100763
3.785 0.00100499
3.79 0.00100236
3.795 0.000999734
3.8 0.000997121
3.805 0.000994519
3.81 0.000991926
3.815 0.000989344
3.82 0.000986772
3.825 0.00098421
3.83 0.000981658
3.835 0.000979115
3.84 0.000976583
3.845 0.00097406
3.85 0.000971547
3.855 0.000969044
3.86 0.000966551
3.865 0.000964067
3.87 0.000961593
3.875 0.000959128
3.88 0.000956672
3.885 0.000954226
3.89 0.00095179
3.895 0.000949363
3.9 0.000946945
3.905 0.000944536
3.91 0.000942136
3.915 0.000939746
3.92 0.000937365
3.925 0.000934992
3.93 0.000932629
3.935 0.000930275
3.94 0.000927929
3.945 0.000925592
3.95 0.000923265
3.955 0.000920946
3.96 0.000918635
3.965 0.000916334
3.97 0.000914041
3.975 0.000911756
3.98 0.00090948
3.985 0.000907213
3.99 0.000904954
3.995 0.000902704
4 0.000900462
4.005 0.000898228
4.01 0.000896002
4.015 0.000893785
4.02 0.000891576
4.025 0.000889376
4.03 0.000887183
4.035 0.000884998
4.04 0.000882822
4.045 0.000880653
4.05 0.000878493
4.055 0.00087634
4.06 0.000874196
4.065 0.000872059
4.07 0.00086993
4.075 0.000867809
4.08 0.000865695
4.085 0.00086359
4.09 0.000861492
4.095 0.000859401
4.1 0.000857318
4.105 0.000855243
4.11 0.000853175
4.115 0.000851115
4.12 0.000849062
4.125 0.000847017
4.13 0.000844979
4.135 0.000842948
4.14 0.000840925
4.145 0.000838909
4.15 0.0008369
4.155 0.000834899
4.16 0.000832904
4.165 0.000830917
4.17 0.000828937
4.175 0.000826963
4.18 0.000824997
4.185 0.000823038
4.19 0.000821086
4.195 0.000819141
4.2 0.000817203
4.205 0.000815271
4.21 0.000813347
4.215 0.000811429
4.22 0.000809518
4.225 0.000807614
4.23 0.000805716
4.235 0.000803825
4.24 0.000801941
4.245 0.000800063
4.25 0.000798192
4.255 0.000796328
4.26 0.00079447
4.265 0.000792618
4.27 0.000790773
4.275 0.000788935
4.28 0.000787103
4.285 0.000785277
4.29 0.000783457
4.295 0.000781644
4.3 0.000779837
4.305 0.000778037
4.31 0.000776243
4.315 0.000774454
4.32 0.000772672
4.325 0.000770897
4.33 0.000769127
4.335 0.000767363
4.34 0.000765606
4.345 0.000763854
4.35 0.000762109
4.355 0.000760369
4.36 0.000758635
4.365 0.000756908
4.37 0.000755186
4.375 0.00075347
4.38 0.00075176
4.385 0.000750055
4.39 0.000748357
4.395 0.000746664
4.4 0.000744977
4.405 0.000743296
4.41 0.00074162
4.415 0.00073995
4.42 0.000738286
4.425 0.000736627
4.43 0.000734974
4.435 0.000733327
4.44 0.000731685
4.445 0.000730048
4.45 0.000728417
4.455 0.000726791
4.46 0.000725171
4.465 0.000723557
4.47 0.000721947
4.475 0.000720343
4.48 0.000718745
4.485 0.000717151
4.49 0.000715563
4.495 0.00071398
4.5 0.000712403
4.505 0.000710831
4.51 0.000709263
4.515 0.000707702
4.52 0.000706145
4.525 0.000704593
4.53 0.000703047
4.535 0.000701505
4.54 0.000699969
4.545 0.000698437
4.55 0.000696911
4.555 0.00069539
4.56 0.000693873
4.565 0.000692362
4.57 0.000690855
4.575 0.000689354
4.58 0.000687857
4.585 0.000686365
4.59 0.000684878
4.595 0.000683396
4.6 0.000681919
4.605 0.000680446
4.61 0.000678979
4.615 0.000677516
4.62 0.000676057
4.625 0.000674604
4.63 0.000673155
4.635 0.00067171
4.64 0.000670271
4.645 0.000668836
4.65 0.000667405
4.655 0.00066598
4.66 0.000664558
4.665 0.000663142
4.67 0.000661729
4.675 0.000660322
4.68 0.000658919
4.685 0.00065752
4.69 0.000656126
4.695 0.000654736
4.7 0.00065335
4.705 0.000651969
4.71 0.000650593
4.715 0.00064922
4.72 0.000647852
4.725 0.000646489
4.73 0.000645129
4.735 0.000643774
4.74 0.000642423
4.745 0.000641077
4.75 0.000639734
4.755 0.000638396
4.76 0.000637062
4.765 0.000635733
4.77 0.000634407
4.775 0.000633086
4.78 0.000631768
4.785 0.000630455
4.79 0.000629146
4.795 0.000627841
4.8 0.00062654
4.805 0.000625243
4.81 0.00062395
4.815 0.000622661
4.82 0.000621376
4.825 0.000620095
4.83 0.000618818
4.835 0.000617545
4.84 0.000616276
4.845 0.00061501
4.85 0.000613749
4.855 0.000612492
4.86 0.000611238
4.865 0.000609988
4.87 0.000608742
4.875 0.0006075
4.88 0.000606262
4.885 0.000605027
4.89 0.000603796
4.895 0.000602569
4.9 0.000601346
4.905 0.000600126
4.91 0.000598911
4.915 0.000597698
4.92 0.00059649
4.925 0.000595285
4.93 0.000594084
4.935 0.000592886
4.94 0.000591692
4.945 0.000590502
4.95 0.000589315
4.955 0.000588132
4.96 0.000586952
4.965 0.000585776
4.97 0.000584604
4.975 0.000583435
4.98 0.000582269
4.985 0.000581107
4.99 0.000579949
4.995 0.000578793
5 0.000577642
5.005 0.000576494
5.01 0.000575349
5.015 0.000574207
5.02 0.000573069
5.025 0.000571935
5.03 0.000570803
5.035 0.000569675
5.04 0.000568551
5.045 0.00056743
5.05 0.000566312
5.055 0.000565197
5.06 0.000564086
5.065 0.000562978
5.07 0.000561873
5.075 0.000560771
5.08 0.000559673
5.085 0.000558578
5.09 0.000557486
5.095 0.000556397
5.1 0.000555312
5.105 0.000554229
5.11 0.00055315
5.115 0.000552074
5.12 0.000551001
5.125 0.000549932
5.13 0.000548865
5.135 0.000547801
5.14 0.000546741
5.145 0.000545683
5.15 0.000544629
5.155 0.000543578
5.16 0.00054253
5.165 0.000541484
5.17 0.000540442
5.175 0.000539403
5.18 0.000538367
5.185 0.000537334
5.19 0.000536303
5.195 0.000535276
5.2 0.000534252
5.205 0.00053323
5.21 0.000532212
5.215 0.000531196
5.22 0.000530184
5.225 0.000529174
5.23 0.000528167
5.235 0.000527163
5.24 0.000526162
5.245 0.000525164
5.25 0.000524168
5.255 0.000523176
5.26 0.000522186
5.265 0.000521199
5.27 0.000520215
5.275 0.000519233
5.28 0.000518255
5.285 0.000517279
5.29 0.000516306
5.295 0.000515335
5.3 0.000514367
5.305 0.000513403
5.31 0.00051244
5.315 0.000511481
5.32 0.000510524
5.325 0.00050957
5.33 0.000508618
5.335 0.00050767
5.34 0.000506723
5.345 0.00050578
5.35 0.000504839
5.355 0.000503901
5.36 0.000502965
5.365 0.000502032
5.37 0.000501102
5.375 0.000500174
5.38 0.000499248
5.385 0.000498326
5.39 0.000497406
5.395 0.000496488
5.4 0.000495573
5.405 0.00049466
5.41 0.00049375
5.415 0.000492843
5.42 0.000491938
5.425 0.000491035
5.43 0.000490135
5.435 0.000489237
5.44 0.000488342
5.445 0.00048745
5.45 0.000486559
5.455 0.000485672
5.46 0.000484786
5.465 0.000483903
5.47 0.000483023
5.475 0.000482145
5.48 0.000481269
5.485 0.000480395
5.49 0.000479524
5.495 0.000478656
5.5 0.00047779
5.505 0.000476926
5.51 0.000476064
5.515 0.000475205
5.52 0.000474348
5.525 0.000473493
5.53 0.000472641
5.535 0.000471791
5.54 0.000470943
5.545 0.000470098
5.55 0.000469255
5.555 0.000468414
5.56 0.000467575
5.565 0.000466739
5.57 0.000465905
5.575 0.000465073
5.58 0.000464243
5.585 0.000463416
5.59 0.000462591
5.595 0.000461767
5.6 0.000460947
5.605 0.000460128
5.61 0.000459312
5.615 0.000458497
5.62 0.000457685
5.625 0.000456875
5.63 0.000456067
5.635 0.000455262
5.64 0.000454458
5.645 0.000453656
5.65 0.000452857
5.655 0.00045206
5.66 0.000451265
5.665 0.000450472
5.67 0.000449681
5.675 0.000448892
5.68 0.000448105
5.685 0.000447321
5.69 0.000446538
5.695 0.000445757
5.7 0.000444979
5.705 0.000444202
5.71 0.000443428
5.715 0.000442655
5.72 0.000441885
5.725 0.000441116
5.73 0.00044035
5.735 0.000439586
5.74 0.000438823
5.745 0.000438063
5.75 0.000437304
5.755 0.000436548
5.76 0.000435793
5.765 0.00043504
5.77 0.00043429
5.775 0.000433541
5.78 0.000432794
5.785 0.000432049
5.79 0.000431307
5.795 0.000430565
5.8 0.000429826
5.805 0.000429089
5.81 0.000428354
5.815 0.00042762
5.82 0.000426889
5.825 0.000426159
5.83 0.000425431
5.835 0.000424705
5.84 0.000423981
5.845 0.000423259
5.85 0.000422539
5.855 0.00042182
5.86 0.000421103
5.865 0.000420389
5.87 0.000419676
5.875 0.000418964
5.88 0.000418255
5.885 0.000417547
5.89 0.000416841
5.895 0.000416137
5.9 0.000415435
5.905 0.000414734
5.91 0.000414036
5.915 0.000413339
5.92 0.000412643
5.925 0.00041195
5.93 0.000411258
5.935 0.000410568
5.94 0.00040988
5.945 0.000409193
5.95 0.000408509
5.955 0.000407826
5.96 0.000407144
5.965 0.000406465
5.97 0.000405787
5.975 0.00040511
5.98 0.000404436
5.985 0.000403763
5.99 0.000403092
5.995 0.000402422
6 0.000401754
6.005 0.000401088
6.01 0.000400423
6.015 0.000399761
6.02 0.000399099
6.025 0.00039844
6.03 0.000397782
6.035 0.000397125
6.04 0.000396471
6.045 0.000395817
6.05 0.000395166
6.055 0.000394516
6.06 0.000393868
6.065 0.000393221
6.07 0.000392576
6.075 0.000391932
6.08 0.00039129
6.085 0.00039065
6.09 0.000390011
6.095 0.000389374
6.1 0.000388738
6.105 0.000388104
6.11 0.000387472
6.115 0.000386841
6.12 0.000386211
6.125 0.000385583
6.13 0.000384957
6.135 0.000384332
6.14 0.000383708
6.145 0.000383087
6.15 0.000382466
6.155 0.000381847
6.16 0.00038123
6.165 0.000380614
6.17 0.00038
6.175 0.000379387
6.18 0.000378776
6.185 0.000378166
6.19 0.000377557
6.195 0.00037695
6.2 0.000376345
6.205 0.000375741
6.21 0.000375138
6.215 0.000374537
6.22 0.000373937
6.225 0.000373339
6.23 0.000372742
6.235 0.000372147
6.24 0.000371553
6.245 0.00037096
6.25 0.000370369
6.255 0.000369779
6.26 0.000369191
6.265 0.000368604
6.27 0.000368019
6.275 0.000367434
6.28 0.000366852
6.285 0.00036627
6.29 0.00036569
6.295 0.000365112
6.3 0.000364535
6.305 0.000363959
6.31 0.000363384
6.315 0.000362811
6.32 0.000362239
6.325 0.000361669
6.33 0.0003611
6.335 0.000360532
6.34 0.000359966
6.345 0.000359401
6.35 0.000358837
6.355 0.000358274
6.36 0.000357713
6.365 0.000357154
6.37 0.000356595
6.375 0.000356038
6.38 0.000355482
6.385 0.000354928
6.39 0.000354374
6.395 0.000353822
6.4 0.000353272
6.405 0.000352722
6.41 0.000352174
6.415 0.000351627
6.42 0.000351082
6.425 0.000350537
6.43 0.000349994
6.435 0.000349453
6.44 0.000348912
6.445 0.000348373
6.45 0.000347835
6.455 0.000347298
6.46 0.000346763
6.465 0.000346228
6.47 0.000345695
6.475 0.000345163
6.48 0.000344633
6.485 0.000344104
6.49 0.000343575
6.495 0.000343048
6.5 0.000342523
6.505 0.000341998
6.51 0.000341475
6.515 0.000340953
6.52 0.000340432
6.525 0.000339912
6.53 0.000339394
6.535 0.000338876
6.54 0.00033836
6.545 0.000337845
6.55 0.000337331
6.555 0.000336819
6.56 0.000336307
6.565 0.000335797
6.57 0.000335288
6.575 0.00033478
6.58 0.000334273
6.585 0.000333767
6.59 0.000333263
6.595 0.000332759
6.6 0.000332257
6.605 0.000331756
6.61 0.000331256
6.615 0.000330757
6.62 0.000330259
6.625 0.000329763
6.63 0.000329267
6.635 0.000328773
6.64 0.00032828
6.645 0.000327787
6.65 0.000327296
6.655 0.000326806
6.66 0.000326317
6.665 0.00032583
6.67 0.000325343
6.675 0.000324858
6.68 0.000324373
6.685 0.00032389
6.69 0.000323407
6.695 0.000322926
6.7 0.000322446
6.705 0.000321967
6.71 0.000321489
6.715 0.000321012
6.72 0.000320536
6.725 0.000320061
6.73 0.000319587
6.735 0.000319114
6.74 0.000318643
6.745 0.000318172
6.75 0.000317702
6.755 0.000317234
6.76 0.000316766
6.765 0.0003163
6.77 0.000315834
6.775 0.00031537
6.78 0.000314907
6.785 0.000314444
6.79 0.000313983
6.795 0.000313522
6.8 0.000313063
6.805 0.000312605
6.81 0.000312147
6.815 0.000311691
6.82 0.000311236
6.825 0.000310781
6.83 0.000310328
6.835 0.000309876
6.84 0.000309424
6.845 0.000308974
6.85 0.000308524
6.855 0.000308076
6.86 0.000307629
6.865 0.000307182
6.87 0.000306737
6.875 0.000306292
6.88 0.000305848
6.885 0.000305406
6.89 0.000304964
6.895 0.000304523
6.9 0.000304084
6.905 0.000303645
6.91 0.000303207
6.915 0.00030277
6.92 0.000302334
6.925 0.000301899
6.93 0.000301465
6.935 0.000301032
6.94 0.0003006
6.945 0.000300169
6.95 0.000299738
6.955 0.000299309
6.96 0.00029888
6.965 0.000298453
6.97 0.000298026
6.975 0.0002976
6.98 0.000297176
6.985 0.000296752
6.99 0.000296329
6.995 0.000295907
7 0.000295485
7.005 0.000295065
7.01 0.000294646
7.015 0.000294227
7.02 0.000293809
7.025 0.000293393
7.03 0.000292977
7.035 0.000292562
7.04 0.000292148
7.045 0.000291735
7.05 0.000291322
7.055 0.000290911
7.06 0.0002905
7.065 0.00029009
7.07 0.000289682
7.075 0.000289274
7.08 0.000288866
7.085 0.00028846
7.09 0.000288055
7.095 0.00028765
7.1 0.000287246
7.105 0.000286844
7.11 0.000286442
7.115 0.00028604
7.12 0.00028564
7.125 0.000285241
7.13 0.000284842
7.135 0.000284444
7.14 0.000284047
7.145 0.000283651
7.15 0.000283256
7.155 0.000282861
7.16 0.000282468
7.165 0.000282075
7.17 0.000281683
7.175 0.000281291
7.18 0.000280901
7.185 0.000280511
7.19 0.000280123
7.195 0.000279735
7.2 0.000279347
7.205 0.000278961
7.21 0.000278576
7.215 0.000278191
7.22 0.000277807
7.225 0.000277424
7.23 0.000277041
7.235 0.00027666
7.24 0.000276279
7.245 0.000275899
7.25 0.00027552
7.255 0.000275141
7.26 0.000274763
7.265 0.000274387
7.27 0.00027401
7.275 0.000273635
7.28 0.00027326
7.285 0.000272887
7.29 0.000272514
7.295 0.000272141
7.3 0.00027177
7.305 0.000271399
7.31 0.000271029
7.315 0.00027066
7.32 0.000270291
7.325 0.000269924
7.33 0.000269557
7.335 0.00026919
7.34 0.000268825
7.345 0.00026846
7.35 0.000268096
7.355 0.000267733
7.36 0.00026737
7.365 0.000267009
7.37 0.000266647
7.375 0.000266287
7.38 0.000265928
7.385 0.000265569
7.39 0.00026521
7.395 0.000264853
7.4 0.000264496
7.405 0.00026414
7.41 0.000263785
7.415 0.000263431
7.42 0.000263077
7.425 0.000262724
7.43 0.000262371
7.435 0.00026202
7.44 0.000261669
7.445 0.000261318
7.45 0.000260969
7.455 0.00026062
7.46 0.000260272
7.465 0.000259924
7.47 0.000259577
7.475 0.000259231
7.48 0.000258886
7.485 0.000258541
7.49 0.000258197
7.495 0.000257854
7.5 0.000257511
7.505 0.000257169
7.51 0.000256828
7.515 0.000256487
7.52 0.000256147
7.525 0.000255808
7.53 0.000255469
7.535 0.000255131
7.54 0.000254794
7.545 0.000254458
7.55 0.000254122
7.555 0.000253786
7.56 0.000253452
7.565 0.000253118
7.57 0.000252785
7.575 0.000252452
7.58 0.00025212
7.585 0.000251789
7.59 0.000251458
7.595 0.000251128
7.6 0.000250799
7.605 0.00025047
7.61 0.000250142
7.615 0.000249815
7.62 0.000249488
7.625 0.000249162
7.63 0.000248836
7.635 0.000248511
7.64 0.000248187
7.645 0.000247864
7.65 0.000247541
7.655 0.000247218
7.66 0.000246897
7.665 0.000246576
7.67 0.000246255
7.675 0.000245935
7.68 0.000245616
7.685 0.000245298
7.69 0.00024498
7.695 0.000244662
7.7 0.000244346
7.705 0.000244029
7.71 0.000243714
7.715 0.000243399
7.72 0.000243085
7.725 0.000242771
7.73 0.000242458
7.735 0.000242146
7.74 0.000241834
7.745 0.000241523
7.75 0.000241212
7.755 0.000240902
7.76 0.000240592
7.765 0.000240284
7.77 0.000239975
7.775 0.000239668
7.78 0.000239361
7.785 0.000239054
7.79 0.000238748
7.795 0.000238443
7.8 0.000238138
7.805 0.000237834
7.81 0.000237531
7.815 0.000237228
7.82 0.000236925
7.825 0.000236623
7.83 0.000236322
7.835 0.000236021
7.84 0.000235721
7.845 0.000235422
7.85 0.000235123
7.855 0.000234825
7.86 0.000234527
7.865 0.000234229
7.87 0.000233933
7.875 0.000233637
7.88 0.000233341
7.885 0.000233046
7.89 0.000232752
7.895 0.000232458
7.9 0.000232165
7.905 0.000231872
7.91 0.00023158
7.915 0.000231288
7.92 0.000230997
7.925 0.000230706
7.93 0.000230416
7.935 0.000230127
7.94 0.000229838
7.945 0.000229549
7.95 0.000229262
7.955 0.000228974
7.96 0.000228688
7.965 0.000228401
7.97 0.000228116
7.975 0.00022783
7.98 0.000227546
7.985 0.000227262
7.99 0.000226978
7.995 0.000226695
8 0.000226413
8.005 0.000226131
8.01 0.000225849
8.015 0.000225568
8.02 0.000225288
8.025 0.000225008
8.03 0.000224729
8.035 0.00022445
8.04 0.000224172
8.045 0.000223894
8.05 0.000223617
8.055 0.00022334
8.06 0.000223064
8.065 0.000222788
8.07 0.000222513
8.075 0.000222238
8.08 0.000221964
8.085 0.00022169
8.09 0.000221417
8.095 0.000221144
8.1 0.000220872
8.105 0.0002206
8.11 0.000220329
8.115 0.000220059
8.12 0.000219788
8.125 0.000219519
8.13 0.000219249
8.135 0.000218981
8.14 0.000218713
8.145 0.000218445
8.15 0.000218178
8.155 0.000217911
8.16 0.000217645
8.165 0.000217379
8.17 0.000217114
8.175 0.000216849
8.18 0.000216585
8.185 0.000216321
8.19 0.000216058
8.195 0.000215795
8.2 0.000215532
8.205 0.00021527
8.21 0.000215009
8.215 0.000214748
8.22 0.000214488
8.225 0.000214228
8.23 0.000213968
8.235 0.000213709
8.24 0.00021345
8.245 0.000213192
8.25 0.000212935
8.255 0.000212678
8.26 0.000212421
8.265 0.000212165
8.27 0.000211909
8.275 0.000211654
8.28 0.000211399
8.285 0.000211144
8.29 0.00021089
8.295 0.000210637
8.3 0.000210384
8.305 0.000210131
8.31 0.000209879
8.315 0.000209628
8.32 0.000209376
8.325 0.000209126
8.33 0.000208875
8.335 0.000208625
8.34 0.000208376
8.345 0.000208127
8.35 0.000207879
8.355 0.00020763
8.36 0.000207383
8.365 0.000207136
8.37 0.000206889
8.375 0.000206643
8.38 0.000206397
8.385 0.000206151
8.39 0.000205906
8.395 0.000205662
8.4 0.000205418
8.405 0.000205174
8.41 0.000204931
8.415 0.000204688
8.42 0.000204446
8.425 0.000204204
8.43 0.000203962
8.435 0.000203721
8.44 0.00020348
8.445 0.00020324
8.45 0.000203
8.455 0.000202761
8.46 0.000202522
8.465 0.000202283
8.47 0.000202045
8.475 0.000201808
8.48 0.00020157
8.485 0.000201333
8.49 0.000201097
8.495 0.000200861
8.5 0.000200625
8.505 0.00020039
8.51 0.000200155
8.515 0.000199921
8.52 0.000199687
8.525 0.000199453
8.53 0.00019922
8.535 0.000198988
8.54 0.000198755
8.545 0.000198523
8.55 0.000198292
8.555 0.000198061
8.56 0.00019783
8.565 0.0001976
8.57 0.00019737
8.575 0.00019714
8.58 0.000196911
8.585 0.000196682
8.59 0.000196454
8.595 0.000196226
8.6 0.000195999
8.605 0.000195772
8.61 0.000195545
8.615 0.000195319
8.62 0.000195093
8.625 0.000194867
8.63 0.000194642
8.635 0.000194417
8.64 0.000194193
8.645 0.000193969
8.65 0.000193745
8.655 0.000193522
8.66 0.000193299
8.665 0.000193077
8.67 0.000192855
8.675 0.000192633
8.68 0.000192412
8.685 0.000192191
8.69 0.00019197
8.695 0.00019175
8.7 0.00019153
8.705 0.000191311
8.71 0.000191092
8.715 0.000190873
8.72 0.000190655
8.725 0.000190437
8.73 0.00019022
8.735 0.000190002
8.74 0.000189786
8.745 0.000189569
8.75 0.000189353
8.755 0.000189138
8.76 0.000188922
8.765 0.000188707
8.77 0.000188493
8.775 0.000188279
8.78 0.000188065
8.785 0.000187851
8.79 0.000187638
8.795 0.000187425
8.8 0.000187213
8.805 0.000187001
8.81 0.000186789
8.815 0.000186578
8.82 0.000186367
8.825 0.000186157
8.83 0.000185946
8.835 0.000185736
8.84 0.000185527
8.845 0.000185318
8.85 0.000185109
8.855 0.0001849
8.86 0.000184692
8.865 0.000184485
8.87 0.000184277
8.875 0.00018407
8.88 0.000183863
8.885 0.000183657
8.89 0.000183451
8.895 0.000183245
8.9 0.00018304
8.905 0.000182835
8.91 0.00018263
8.915 0.000182426
8.92 0.000182222
8.925 0.000182019
8.93 0.000181815
8.935 0.000181612
8.94 0.00018141
8.945 0.000181208
8.95 0.000181006
8.955 0.000180804
8.96 0.000180603
8.965 0.000180402
8.97 0.000180201
8.975 0.000180001
8.98 0.000179801
8.985 0.000179602
8.99 0.000179403
8.995 0.000179204
9 0.000179005
9.005 0.000178807
9.01 0.000178609
9.015 0.000178411
9.02 0.000178214
9.025 0.000178017
9.03 0.000177821
9.035 0.000177624
9.04 0.000177428
9.045 0.000177233
9.05 0.000177037
9.055 0.000176842
9.06 0.000176648
9.065 0.000176453
9.07 0.000176259
9.075 0.000176066
9.08 0.000175872
9.085 0.000175679
9.09 0.000175487
9.095 0.000175294
9.1 0.000175102
9.105 0.00017491
9.11 0.000174719
9.115 0.000174528
9.12 0.000174337
9.125 0.000174146
9.13 0.000173956
9.135 0.000173766
9.14 0.000173576
9.145 0.000173387
9.15 0.000173198
9.155 0.00017301
9.16 0.000172821
9.165 0.000172633
9.17 0.000172445
9.175 0.000172258
9.18 0.000172071
9.185 0.000171884
9.19 0.000171697
9.195 0.000171511
9.2 0.000171325
9.205 0.00017114
9.21 0.000170954
9.215 0.000170769
9.22 0.000170585
9.225 0.0001704
9.23 0.000170216
9.235 0.000170032
9.24 0.000169849
9.245 0.000169665
9.25 0.000169483
9.255 0.0001693
9.26 0.000169118
9.265 0.000168935
9.27 0.000168754
9.275 0.000168572
9.28 0.000168391
9.285 0.00016821
9.29 0.00016803
9.295 0.000167849
9.3 0.000167669
9.305 0.00016749
9.31 0.00016731
9.315 0.000167131
9.32 0.000166952
9.325 0.000166774
9.33 0.000166595
9.335 0.000166417
9.34 0.00016624
9.345 0.000166062
9.35 0.000165885
9.355 0.000165708
9.36 0.000165532
9.365 0.000165355
9.37 0.000165179
9.375 0.000165004
9.38 0.000164828
9.385 0.000164653
9.39 0.000164478
9.395 0.000164304
9.4 0.000164129
9.405 0.000163955
9.41 0.000163781
9.415 0.000163608
9.42 0.000163435
9.425 0.000163262
9.43 0.000163089
9.435 0.000162917
9.44 0.000162745
9.445 0.000162573
9.45 0.000162401
9.455 0.00016223
9.46 0.000162059
9.465 0.000161888
9.47 0.000161717
9.475 0.000161547
9.48 0.000161377
9.485 0.000161208
9.49 0.000161038
9.495 0.000160869
9.5 0.0001607
9.505 0.000160531
9.51 0.000160363
9.515 0.000160195
9.52 0.000160027
9.525 0.00015986
9.53 0.000159692
9.535 0.000159525
9.54 0.000159358
9.545 0.000159192
9.55 0.000159026
9.555 0.00015886
9.56 0.000158694
9.565 0.000158528
9.57 0.000158363
9.575 0.000158198
9.58 0.000158034
9.585 0.000157869
9.59 0.000157705
9.595 0.000157541
9.6 0.000157377
9.605 0.000157214
9.61 0.000157051
9.615 0.000156888
9.62 0.000156725
9.625 0.000156563
9.63 0.000156401
9.635 0.000156239
9.64 0.000156077
9.645 0.000155916
9.65 0.000155754
9.655 0.000155593
9.66 0.000155433
9.665 0.000155272
9.67 0.000155112
9.675 0.000154952
9.68 0.000154793
9.685 0.000154633
9.69 0.000154474
9.695 0.000154315
9.7 0.000154156
9.705 0.000153998
9.71 0.00015384
9.715 0.000153682
9.72 0.000153524
9.725 0.000153367
9.73 0.000153209
9.735 0.000153052
9.74 0.000152896
9.745 0.000152739
9.75 0.000152583
9.755 0.000152427
9.76 0.000152271
9.765 0.000152116
9.77 0.00015196
9.775 0.000151805
9.78 0.00015165
9.785 0.000151496
9.79 0.000151342
9.795 0.000151187
9.8 0.000151034
9.805 0.00015088
9.81 0.000150726
9.815 0.000150573
9.82 0.00015042
9.825 0.000150268
9.83 0.000150115
9.835 0.000149963
9.84 0.000149811
9.845 0.000149659
9.85 0.000149508
9.855 0.000149356
9.86 0.000149205
9.865 0.000149054
9.87 0.000148904
9.875 0.000148753
9.88 0.000148603
9.885 0.000148453
9.89 0.000148303
9.895 0.000148154
9.9 0.000148005
9.905 0.000147855
9.91 0.000147707
9.915 0.000147558
9.92 0.00014741
9.925 0.000147261
9.93 0.000147114
9.935 0.000146966
9.94 0.000146818
9.945 0.000146671
9.95 0.000146524
9.955 0.000146377
9.96 0.000146231
9.965 0.000146084
9.97 0.000145938
9.975 0.000145792
9.98 0.000145646
9.985 0.000145501
9.99 0.000145356
9.995 0.000145211
