0 -nan
0.005 0.0374141
0.01 0.0702452
0.015 0.364331
0.02 0.401497
0.025 0.0899555
0.03 0.830044
0.035 0.785034
0.04 0.364735
0.045 0.114557
0.05 0.0943195
0.055 0.205302
0.06 0.358397
0.065 0.503931
0.07 0.62149
0.075 0.706632
0.08 0.762106
0.085 0.793142
0.09 0.805233
0.095 0.803243
0.1 0.791149
0.105 0.77206
0.11 0.748339
0.115 0.721743
0.12 0.693561
0.125 0.664722
0.13 0.635887
0.135 0.607514
0.14 0.579914
0.145 0.553288
0.15 0.527761
0.155 0.503399
0.16 0.480227
0.165 0.458242
0.17 0.437422
0.175 0.41773
0.18 0.399122
0.185 0.381548
0.19 0.364956
0.195 0.349292
0.2 0.334504
0.205 0.32054
0.21 0.307351
0.215 0.294888
0.22 0.283107
0.225 0.271965
0.23 0.261421
0.235 0.251438
0.24 0.24198
0.245 0.233015
0.25 0.224511
0.255 0.21644
0.26 0.208774
0.265 0.201489
0.27 0.194562
0.275 0.18797
0.28 0.181694
0.285 0.175715
0.29 0.170015
0.295 0.164578
0.3 0.159389
0.305 0.154433
0.31 0.149697
0.315 0.145169
0.32 0.140838
0.325 0.136691
0.33 0.132721
0.335 0.128916
0.34 0.125268
0.345 0.121769
0.35 0.118412
0.355 0.115187
0.36 0.11209
0.365 0.109114
0.37 0.106252
0.375 0.103498
0.38 0.100849
0.385 0.0982974
0.39 0.09584
0.395 0.0934719
0.4 0.0911889
0.405 0.0889871
0.41 0.0868627
0.415 0.0848123
0.42 0.0828324
0.425 0.08092
0.43 0.0790721
0.435 0.0772858
0.44 0.0755585
0.445 0.0738877
0.45 0.0722709
0.455 0.0707059
0.46 0.0691904
0.465 0.0677226
0.47 0.0663004
0.475 0.064922
0.48 0.0635856
0.485 0.0622896
0.49 0.0610323
0.495 0.0598123
0.5 0.0586281
0.505 0.0574784
0.51 0.0563618
0.515 0.0552771
0.52 0.054223
0.525 0.0531986
0.53 0.0522026
0.535 0.051234
0.54 0.0502919
0.545 0.0493754
0.55 0.0484834
0.555 0.0476151
0.56 0.0467698
0.565 0.0459466
0.57 0.0451448
0.575 0.0443636
0.58 0.0436023
0.585 0.0428603
0.59 0.0421369
0.595 0.0414316
0.6 0.0407437
0.605 0.0400726
0.61 0.0394179
0.615 0.0387789
0.62 0.0381553
0.625 0.0375465
0.63 0.036952
0.635 0.0363715
0.64 0.0358044
0.645 0.0352504
0.65 0.0347091
0.655 0.0341801
0.66 0.033663
0.665 0.0331575
0.67 0.0326632
0.675 0.0321798
0.68 0.031707
0.685 0.0312445
0.69 0.030792
0.695 0.0303492
0.7 0.0299158
0.705 0.0294916
0.71 0.0290763
0.715 0.0286697
0.72 0.0282714
0.725 0.0278814
0.73 0.0274994
0.735 0.0271251
0.74 0.0267584
0.745 0.026399
0.75 0.0260468
0.755 0.0257015
0.76 0.025363
0.765 0.0250312
0.77 0.0247058
0.775 0.0243866
0.78 0.0240736
0.785 0.0237665
0.79 0.0234653
0.795 0.0231697
0.8 0.0228796
0.805 0.022595
0.81 0.0223156
0.815 0.0220413
0.82 0.021772
0.825 0.0215076
0.83 0.021248
0.835 0.020993
0.84 0.0207426
0.845 0.0204966
0.85 0.020255
0.855 0.0200176
0.86 0.0197843
0.865 0.019555
0.87 0.0193297
0.875 0.0191083
0.88 0.0188906
0.885 0.0186767
0.89 0.0184663
0.895 0.0182594
0.9 0.018056
0.905 0.017856
0.91 0.0176592
0.915 0.0174657
0.92 0.0172753
0.925 0.017088
0.93 0.0169038
0.935 0.0167224
0.94 0.016544
0.945 0.0163684
0.95 0.0161956
0.955 0.0160255
0.96 0.0158581
0.965 0.0156932
0.97 0.015531
0.975 0.0153712
0.98 0.0152138
0.985 0.0150589
0.99 0.0149063
0.995 0.014756
1 0.0146079
1.005 0.0144621
1.01 0.0143184
1.015 0.0141769
1.02 0.0140374
1.025 0.0139
1.03 0.0137646
1.035 0.0136311
1.04 0.0134996
1.045 0.01337
1.05 0.0132422
1.055 0.0131162
1.06 0.0129921
1.065 0.0128696
1.07 0.0127489
1.075 0.0126299
1.08 0.0125126
1.085 0.0123968
1.09 0.0122827
1.095 0.0121701
1.1 0.012059
1.105 0.0119495
1.11 0.0118415
1.115 0.0117349
1.12 0.0116297
1.125 0.0115259
1.13 0.0114236
1.135 0.0113225
1.14 0.0112228
1.145 0.0111244
1.15 0.0110273
1.155 0.0109315
1.16 0.0108369
1.165 0.0107435
1.17 0.0106514
1.175 0.0105604
1.18 0.0104705
1.185 0.0103818
1.19 0.0102942
1.195 0.0102078
1.2 0.0101224
1.205 0.010038
1.21 0.00995475
1.215 0.00987249
1.22 0.00979125
1.225 0.00971101
1.23 0.00963175
1.235 0.00955345
1.24 0.00947611
1.245 0.00939969
1.25 0.0093242
1.255 0.00924961
1.26 0.0091759
1.265 0.00910308
1.27 0.00903112
1.275 0.00896
1.28 0.00888972
1.285 0.00882027
1.29 0.00875162
1.295 0.00868377
1.3 0.0086167
1.305 0.00855041
1.31 0.00848488
1.315 0.0084201
1.32 0.00835605
1.325 0.00829273
1.33 0.00823013
1.335 0.00816823
1.34 0.00810703
1.345 0.00804651
1.35 0.00798667
1.355 0.00792749
1.36 0.00786896
1.365 0.00781108
1.37 0.00775384
1.375 0.00769722
1.38 0.00764122
1.385 0.00758582
1.39 0.00753103
1.395 0.00747682
1.4 0.0074232
1.405 0.00737015
1.41 0.00731767
1.415 0.00726575
1.42 0.00721437
1.425 0.00716354
1.43 0.00711324
1.435 0.00706347
1.44 0.00701422
1.445 0.00696549
1.45 0.00691725
1.455 0.00686952
1.46 0.00682228
1.465 0.00677552
1.47 0.00672924
1.475 0.00668344
1.48 0.0066381
1.485 0.00659321
1.49 0.00654879
1.495 0.0065048
1.5 0.00646126
1.505 0.00641816
1.51 0.00637548
1.515 0.00633323
1.52 0.0062914
1.525 0.00624997
1.53 0.00620896
1.535 0.00616835
1.54 0.00612813
1.545 0.00608831
1.55 0.00604887
1.555 0.00600982
1.56 0.00597114
1.565 0.00593283
1.57 0.00589489
1.575 0.00585731
1.58 0.00582009
1.585 0.00578322
1.59 0.0057467
1.595 0.00571053
1.6 0.0056747
1.605 0.0056392
1.61 0.00560403
1.615 0.00556919
1.62 0.00553468
1.625 0.00550048
1.63 0.0054666
1.635 0.00543304
1.64 0.00539978
1.645 0.00536682
1.65 0.00533416
1.655 0.0053018
1.66 0.00526974
1.665 0.00523796
1.67 0.00520647
1.675 0.00517527
1.68 0.00514434
1.685 0.00511369
1.69 0.00508331
1.695 0.0050532
1.7 0.00502336
1.705 0.00499378
1.71 0.00496446
1.715 0.0049354
1.72 0.00490659
1.725 0.00487804
1.73 0.00484973
1.735 0.00482167
1.74 0.00479385
1.745 0.00476627
1.75 0.00473893
1.755 0.00471182
1.76 0.00468494
1.765 0.0046583
1.77 0.00463188
1.775 0.00460568
1.78 0.0045797
1.785 0.00455395
1.79 0.00452841
1.795 0.00450308
1.8 0.00447797
1.805 0.00445306
1.81 0.00442836
1.815 0.00440387
1.82 0.00437958
1.825 0.00435549
1.83 0.0043316
1.835 0.0043079
1.84 0.0042844
1.845 0.00426109
1.85 0.00423797
1.855 0.00421503
1.86 0.00419228
1.865 0.00416972
1.87 0.00414734
1.875 0.00412513
1.88 0.00410311
1.885 0.00408126
1.89 0.00405958
1.895 0.00403807
1.9 0.00401674
1.905 0.00399558
1.91 0.00397458
1.915 0.00395374
1.92 0.00393307
1.925 0.00391256
1.93 0.00389221
1.935 0.00387202
1.94 0.00385199
1.945 0.00383211
1.95 0.00381238
1.955 0.00379281
1.96 0.00377339
1.965 0.00375411
1.97 0.00373498
1.975 0.003716
1.98 0.00369716
1.985 0.00367847
1.99 0.00365992
1.995 0.0036415
2 0.00362323
2.005 0.00360509
2.01 0.00358709
2.015 0.00356922
2.02 0.00355148
2.025 0.00353388
2.03 0.00351641
2.035 0.00349906
2.04 0.00348185
2.045 0.00346476
2.05 0.0034478
2.055 0.00343096
2.06 0.00341424
2.065 0.00339765
2.07 0.00338117
2.075 0.00336482
2.08 0.00334858
2.085 0.00333246
2.09 0.00331646
2.095 0.00330057
2.1 0.0032848
2.105 0.00326913
2.11 0.00325358
2.115 0.00323815
2.12 0.00322282
2.125 0.00320759
2.13 0.00319248
2.135 0.00317747
2.14 0.00316257
2.145 0.00314778
2.15 0.00313308
2.155 0.00311849
2.16 0.003104
2.165 0.00308961
2.17 0.00307532
2.175 0.00306113
2.18 0.00304704
2.185 0.00303305
2.19 0.00301915
2.195 0.00300534
2.2 0.00299164
2.205 0.00297802
2.21 0.0029645
2.215 0.00295107
2.22 0.00293772
2.225 0.00292448
2.23 0.00291131
2.235 0.00289824
2.24 0.00288526
2.245 0.00287236
2.25 0.00285955
2.255 0.00284682
2.26 0.00283418
2.265 0.00282163
2.27 0.00280915
2.275 0.00279676
2.28 0.00278445
2.285 0.00277222
2.29 0.00276008
2.295 0.00274801
2.3 0.00273602
2.305 0.00272411
2.31 0.00271227
2.315 0.00270052
2.32 0.00268884
2.325 0.00267723
2.33 0.0026657
2.335 0.00265425
2.34 0.00264286
2.345 0.00263156
2.35 0.00262032
2.355 0.00260915
2.36 0.00259806
2.365 0.00258704
2.37 0.00257608
2.375 0.0025652
2.38 0.00255439
2.385 0.00254364
2.39 0.00253296
2.395 0.00252235
2.4 0.0025118
2.405 0.00250132
2.41 0.00249091
2.415 0.00248056
2.42 0.00247028
2.425 0.00246005
2.43 0.0024499
2.435 0.0024398
2.44 0.00242977
2.445 0.0024198
2.45 0.00240989
2.455 0.00240004
2.46 0.00239025
2.465 0.00238052
2.47 0.00237085
2.475 0.00236124
2.48 0.00235169
2.485 0.00234219
2.49 0.00233275
2.495 0.00232337
2.5 0.00231405
2.505 0.00230478
2.51 0.00229557
2.515 0.00228641
2.52 0.00227731
2.525 0.00226826
2.53 0.00225926
2.535 0.00225032
2.54 0.00224143
2.545 0.0022326
2.55 0.00222381
2.555 0.00221508
2.56 0.0022064
2.565 0.00219777
2.57 0.00218919
2.575 0.00218066
2.58 0.00217218
2.585 0.00216375
2.59 0.00215537
2.595 0.00214704
2.6 0.00213875
2.605 0.00213052
2.61 0.00212233
2.615 0.00211418
2.62 0.00210609
2.625 0.00209804
2.63 0.00209004
2.635 0.00208208
2.64 0.00207417
2.645 0.0020663
2.65 0.00205848
2.655 0.0020507
2.66 0.00204297
2.665 0.00203528
2.67 0.00202763
2.675 0.00202003
2.68 0.00201246
2.685 0.00200495
2.69 0.00199747
2.695 0.00199003
2.7 0.00198264
2.705 0.00197529
2.71 0.00196797
2.715 0.0019607
2.72 0.00195347
2.725 0.00194628
2.73 0.00193913
2.735 0.00193202
2.74 0.00192494
2.745 0.00191791
2.75 0.00191091
2.755 0.00190396
2.76 0.00189704
2.765 0.00189015
2.77 0.00188331
2.775 0.0018765
2.78 0.00186973
2.785 0.001863
2.79 0.0018563
2.795 0.00184964
2.8 0.00184301
2.805 0.00183642
2.81 0.00182986
2.815 0.00182334
2.82 0.00181686
2.825 0.00181041
2.83 0.00180399
2.835 0.00179761
2.84 0.00179126
2.845 0.00178494
2.85 0.00177866
2.855 0.00177241
2.86 0.00176619
2.865 0.00176001
2.87 0.00175386
2.875 0.00174774
2.88 0.00174165
2.885 0.0017356
2.89 0.00172958
2.895 0.00172358
2.9 0.00171762
2.905 0.00171169
2.91 0.00170579
2.915 0.00169992
2.92 0.00169408
2.925 0.00168827
2.93 0.00168249
2.935 0.00167675
2.94 0.00167102
2.945 0.00166533
2.95 0.00165967
2.955 0.00165404
2.96 0.00164843
2.965 0.00164286
2.97 0.00163731
2.975 0.00163179
2.98 0.0016263
2.985 0.00162083
2.99 0.0016154
2.995 0.00160999
3 0.0016046
3.005 0.00159925
3.01 0.00159392
3.015 0.00158862
3.02 0.00158334
3.025 0.00157809
3.03 0.00157287
3.035 0.00156767
3.04 0.0015625
3.045 0.00155735
3.05 0.00155223
3.055 0.00154714
3.06 0.00154207
3.065 0.00153702
3.07 0.001532
3.075 0.001527
3.08 0.00152203
3.085 0.00151708
3.09 0.00151216
3.095 0.00150726
3.1 0.00150238
3.105 0.00149753
3.11 0.0014927
3.115 0.0014879
3.12 0.00148311
3.125 0.00147835
3.13 0.00147362
3.135 0.0014689
3.14 0.00146421
3.145 0.00145954
3.15 0.0014549
3.155 0.00145027
3.16 0.00144567
3.165 0.00144109
3.17 0.00143653
3.175 0.00143199
3.18 0.00142748
3.185 0.00142298
3.19 0.00141851
3.195 0.00141406
3.2 0.00140962
3.205 0.00140521
3.21 0.00140082
3.215 0.00139645
3.22 0.00139211
3.225 0.00138778
3.23 0.00138347
3.235 0.00137918
3.24 0.00137491
3.245 0.00137066
3.25 0.00136643
3.255 0.00136222
3.26 0.00135803
3.265 0.00135386
3.27 0.00134971
3.275 0.00134558
3.28 0.00134146
3.285 0.00133737
3.29 0.00133329
3.295 0.00132924
3.3 0.0013252
3.305 0.00132118
3.31 0.00131717
3.315 0.00131319
3.32 0.00130922
3.325 0.00130527
3.33 0.00130134
3.335 0.00129743
3.34 0.00129354
3.345 0.00128966
3.35 0.0012858
3.355 0.00128196
3.36 0.00127813
3.365 0.00127432
3.37 0.00127053
3.375 0.00126675
3.38 0.001263
3.385 0.00125926
3.39 0.00125553
3.395 0.00125182
3.4 0.00124813
3.405 0.00124446
3.41 0.0012408
3.415 0.00123715
3.42 0.00123353
3.425 0.00122991
3.43 0.00122632
3.435 0.00122274
3.44 0.00121918
3.445 0.00121563
3.45 0.00121209
3.455 0.00120858
3.46 0.00120507
3.465 0.00120159
3.47 0.00119812
3.475 0.00119466
3.48 0.00119122
3.485 0.00118779
3.49 0.00118438
3.495 0.00118098
3.5 0.0011776
3.505 0.00117423
3.51 0.00117087
3.515 0.00116753
3.52 0.00116421
3.525 0.0011609
3.53 0.0011576
3.535 0.00115432
3.54 0.00115105
3.545 0.00114779
3.55 0.00114455
3.555 0.00114132
3.56 0.00113811
3.565 0.00113491
3.57 0.00113172
3.575 0.00112855
3.58 0.00112538
3.585 0.00112224
3.59 0.0011191
3.595 0.00111598
3.6 0.00111287
3.605 0.00110978
3.61 0.0011067
3.615 0.00110363
3.62 0.00110057
3.625 0.00109753
3.63 0.0010945
3.635 0.00109148
3.64 0.00108847
3.645 0.00108548
3.65 0.0010825
3.655 0.00107953
3.66 0.00107657
3.665 0.00107362
3.67 0.00107069
3.675 0.00106777
3.68 0.00106486
3.685 0.00106196
3.69 0.00105908
3.695 0.00105621
3.7 0.00105334
3.705 0.00105049
3.71 0.00104766
3.715 0.00104483
3.72 0.00104201
3.725 0.00103921
3.73 0.00103642
3.735 0.00103363
3.74 0.00103086
3.745 0.0010281
3.75 0.00102535
3.755 0.00102262
3.76 0.00101989
3.765 0.00101717
3.77 0.00101447
3.775 0.00101178
3.78 0.00100909
3.785 0.00100642
3.79 0.00100376
3.795 0.00100111
3.8 0.000998465
3.805 0.000995835
3.81 0.000993215
3.815 0.000990605
3.82 0.000988005
3.825 0.000985416
3.83 0.000982836
3.835 0.000980267
3.84 0.000977708
3.845 0.000975159
3.85 0.00097262
3.855 0.000970091
3.86 0.000967572
3.865 0.000965062
3.87 0.000962562
3.875 0.000960072
3.88 0.000957592
3.885 0.000955121
3.89 0.000952659
3.895 0.000950208
3.9 0.000947765
3.905 0.000945332
3.91 0.000942909
3.915 0.000940494
3.92 0.000938089
3.925 0.000935694
3.93 0.000933307
3.935 0.000930929
3.94 0.000928561
3.945 0.000926201
3.95 0.000923851
3.955 0.00092151
3.96 0.000919177
3.965 0.000916853
3.97 0.000914538
3.975 0.000912232
3.98 0.000909934
3.985 0.000907645
3.99 0.000905365
3.995 0.000903094
4 0.00090083
4.005 0.000898576
4.01 0.00089633
4.015 0.000894092
4.02 0.000891863
4.025 0.000889641
4.03 0.000887429
4.035 0.000885224
4.04 0.000883028
4.045 0.00088084
4.05 0.00087866
4.055 0.000876488
4.06 0.000874324
4.065 0.000872168
4.07 0.00087002
4.075 0.00086788
4.08 0.000865748
4.085 0.000863623
4.09 0.000861507
4.095 0.000859398
4.1 0.000857297
4.105 0.000855204
4.11 0.000853118
4.115 0.00085104
4.12 0.00084897
4.125 0.000846907
4.13 0.000844851
4.135 0.000842803
4.14 0.000840763
4.145 0.00083873
4.15 0.000836704
4.155 0.000834686
4.16 0.000832675
4.165 0.000830671
4.17 0.000828674
4.175 0.000826685
4.18 0.000824703
4.185 0.000822727
4.19 0.000820759
4.195 0.000818798
4.2 0.000816844
4.205 0.000814897
4.21 0.000812957
4.215 0.000811024
4.22 0.000809098
4.225 0.000807178
4.23 0.000805266
4.235 0.00080336
4.24 0.000801461
4.245 0.000799569
4.25 0.000797683
4.255 0.000795804
4.26 0.000793932
4.265 0.000792066
4.27 0.000790207
4.275 0.000788354
4.28 0.000786508
4.285 0.000784669
4.29 0.000782835
4.295 0.000781009
4.3 0.000779188
4.305 0.000777374
4.31 0.000775566
4.315 0.000773765
4.32 0.00077197
4.325 0.000770181
4.33 0.000768398
4.335 0.000766622
4.34 0.000764851
4.345 0.000763087
4.35 0.000761329
4.355 0.000759577
4.36 0.000757831
4.365 0.000756091
4.37 0.000754357
4.375 0.000752629
4.38 0.000750907
4.385 0.00074919
4.39 0.00074748
4.395 0.000745776
4.4 0.000744077
4.405 0.000742384
4.41 0.000740697
4.415 0.000739016
4.42 0.00073734
4.425 0.00073567
4.43 0.000734006
4.435 0.000732347
4.44 0.000730694
4.445 0.000729046
4.45 0.000727404
4.455 0.000725768
4.46 0.000724137
4.465 0.000722512
4.47 0.000720892
4.475 0.000719278
4.48 0.000717669
4.485 0.000716065
4.49 0.000714467
4.495 0.000712874
4.5 0.000711286
4.505 0.000709704
4.51 0.000708127
4.515 0.000706555
4.52 0.000704988
4.525 0.000703427
4.53 0.000701871
4.535 0.00070032
4.54 0.000698774
4.545 0.000697233
4.55 0.000695698
4.555 0.000694167
4.56 0.000692641
4.565 0.000691121
4.57 0.000689605
4.575 0.000688095
4.58 0.000686589
4.585 0.000685088
4.59 0.000683593
4.595 0.000682102
4.6 0.000680616
4.605 0.000679135
4.61 0.000677658
4.615 0.000676187
4.62 0.00067472
4.625 0.000673258
4.63 0.000671801
4.635 0.000670349
4.64 0.000668901
4.645 0.000667458
4.65 0.000666019
4.655 0.000664585
4.66 0.000663156
4.665 0.000661732
4.67 0.000660312
4.675 0.000658896
4.68 0.000657486
4.685 0.000656079
4.69 0.000654677
4.695 0.00065328
4.7 0.000651887
4.705 0.000650499
4.71 0.000649115
4.715 0.000647735
4.72 0.00064636
4.725 0.000644989
4.73 0.000643623
4.735 0.000642261
4.74 0.000640903
4.745 0.000639549
4.75 0.0006382
4.755 0.000636855
4.76 0.000635514
4.765 0.000634178
4.77 0.000632846
4.775 0.000631518
4.78 0.000630194
4.785 0.000628874
4.79 0.000627558
4.795 0.000626247
4.8 0.00062494
4.805 0.000623636
4.81 0.000622337
4.815 0.000621042
4.82 0.000619751
4.825 0.000618464
4.83 0.000617181
4.835 0.000615901
4.84 0.000614626
4.845 0.000613355
4.85 0.000612088
4.855 0.000610825
4.86 0.000609565
4.865 0.00060831
4.87 0.000607058
4.875 0.00060581
4.88 0.000604566
4.885 0.000603326
4.89 0.00060209
4.895 0.000600857
4.9 0.000599629
4.905 0.000598404
4.91 0.000597183
4.915 0.000595965
4.92 0.000594751
4.925 0.000593541
4.93 0.000592335
4.935 0.000591132
4.94 0.000589933
4.945 0.000588738
4.95 0.000587546
4.955 0.000586358
4.96 0.000585173
4.965 0.000583992
4.97 0.000582815
4.975 0.000581641
4.98 0.000580471
4.985 0.000579304
4.99 0.000578141
4.995 0.000576981
5 0.000575825
5.005 0.000574672
5.01 0.000573523
5.015 0.000572377
5.02 0.000571234
5.025 0.000570095
5.03 0.00056896
5.035 0.000567828
5.04 0.000566699
5.045 0.000565573
5.05 0.000564451
5.055 0.000563332
5.06 0.000562217
5.065 0.000561104
5.07 0.000559996
5.075 0.00055889
5.08 0.000557788
5.085 0.000556689
5.09 0.000555593
5.095 0.0005545
5.1 0.000553411
5.105 0.000552325
5.11 0.000551242
5.115 0.000550162
5.12 0.000549085
5.125 0.000548012
5.13 0.000546941
5.135 0.000545874
5.14 0.00054481
5.145 0.000543749
5.15 0.000542691
5.155 0.000541636
5.16 0.000540585
5.165 0.000539536
5.17 0.00053849
5.175 0.000537448
5.18 0.000536408
5.185 0.000535372
5.19 0.000534338
5.195 0.000533308
5.2 0.00053228
5.205 0.000531255
5.21 0.000530234
5.215 0.000529215
5.22 0.000528199
5.225 0.000527187
5.23 0.000526177
5.235 0.00052517
5.24 0.000524165
5.245 0.000523164
5.25 0.000522166
5.255 0.00052117
5.26 0.000520177
5.265 0.000519188
5.27 0.000518201
5.275 0.000517216
5.28 0.000516235
5.285 0.000515256
5.29 0.00051428
5.295 0.000513307
5.3 0.000512337
5.305 0.000511369
5.31 0.000510404
5.315 0.000509442
5.32 0.000508483
5.325 0.000507526
5.33 0.000506572
5.335 0.000505621
5.34 0.000504672
5.345 0.000503726
5.35 0.000502783
5.355 0.000501842
5.36 0.000500904
5.365 0.000499969
5.37 0.000499036
5.375 0.000498106
5.38 0.000497178
5.385 0.000496253
5.39 0.000495331
5.395 0.000494411
5.4 0.000493494
5.405 0.000492579
5.41 0.000491667
5.415 0.000490757
5.42 0.00048985
5.425 0.000488945
5.43 0.000488043
5.435 0.000487144
5.44 0.000486246
5.445 0.000485352
5.45 0.00048446
5.455 0.00048357
5.46 0.000482683
5.465 0.000481798
5.47 0.000480915
5.475 0.000480035
5.48 0.000479158
5.485 0.000478282
5.49 0.00047741
5.495 0.000476539
5.5 0.000475671
5.505 0.000474806
5.51 0.000473942
5.515 0.000473081
5.52 0.000472223
5.525 0.000471366
5.53 0.000470513
5.535 0.000469661
5.54 0.000468812
5.545 0.000467965
5.55 0.00046712
5.555 0.000466277
5.56 0.000465437
5.565 0.000464599
5.57 0.000463764
5.575 0.00046293
5.58 0.000462099
5.585 0.00046127
5.59 0.000460444
5.595 0.000459619
5.6 0.000458797
5.605 0.000457977
5.61 0.000457159
5.615 0.000456344
5.62 0.00045553
5.625 0.000454719
5.63 0.00045391
5.635 0.000453103
5.64 0.000452298
5.645 0.000451495
5.65 0.000450695
5.655 0.000449896
5.66 0.0004491
5.665 0.000448306
5.67 0.000447514
5.675 0.000446724
5.68 0.000445936
5.685 0.00044515
5.69 0.000444366
5.695 0.000443585
5.7 0.000442805
5.705 0.000442027
5.71 0.000441252
5.715 0.000440478
5.72 0.000439707
5.725 0.000438938
5.73 0.00043817
5.735 0.000437405
5.74 0.000436641
5.745 0.00043588
5.75 0.000435121
5.755 0.000434363
5.76 0.000433608
5.765 0.000432854
5.77 0.000432103
5.775 0.000431353
5.78 0.000430606
5.785 0.00042986
5.79 0.000429116
5.795 0.000428375
5.8 0.000427635
5.805 0.000426897
5.81 0.000426161
5.815 0.000425426
5.82 0.000424694
5.825 0.000423964
5.83 0.000423235
5.835 0.000422509
5.84 0.000421784
5.845 0.000421061
5.85 0.00042034
5.855 0.000419621
5.86 0.000418904
5.865 0.000418188
5.87 0.000417475
5.875 0.000416763
5.88 0.000416053
5.885 0.000415344
5.89 0.000414638
5.895 0.000413933
5.9 0.000413231
5.905 0.00041253
5.91 0.00041183
5.915 0.000411133
5.92 0.000410437
5.925 0.000409743
5.93 0.000409051
5.935 0.000408361
5.94 0.000407672
5.945 0.000406985
5.95 0.0004063
5.955 0.000405617
5.96 0.000404935
5.965 0.000404255
5.97 0.000403577
5.975 0.0004029
5.98 0.000402225
5.985 0.000401552
5.99 0.00040088
5.995 0.000400211
6 0.000399542
6.005 0.000398876
6.01 0.000398211
6.015 0.000397548
6.02 0.000396886
6.025 0.000396227
6.03 0.000395568
6.035 0.000394912
6.04 0.000394257
6.045 0.000393604
6.05 0.000392952
6.055 0.000392302
6.06 0.000391653
6.065 0.000391006
6.07 0.000390361
6.075 0.000389718
6.08 0.000389076
6.085 0.000388435
6.09 0.000387796
6.095 0.000387159
6.1 0.000386523
6.105 0.000385889
6.11 0.000385256
6.115 0.000384625
6.12 0.000383996
6.125 0.000383368
6.13 0.000382741
6.135 0.000382116
6.14 0.000381493
6.145 0.000380871
6.15 0.000380251
6.155 0.000379632
6.16 0.000379015
6.165 0.000378399
6.17 0.000377784
6.175 0.000377172
6.18 0.00037656
6.185 0.00037595
6.19 0.000375342
6.195 0.000374735
6.2 0.00037413
6.205 0.000373526
6.21 0.000372923
6.215 0.000372322
6.22 0.000371723
6.225 0.000371125
6.23 0.000370528
6.235 0.000369933
6.24 0.000369339
6.245 0.000368746
6.25 0.000368156
6.255 0.000367566
6.26 0.000366978
6.265 0.000366391
6.27 0.000365806
6.275 0.000365222
6.28 0.000364639
6.285 0.000364058
6.29 0.000363479
6.295 0.0003629
6.3 0.000362323
6.305 0.000361748
6.31 0.000361173
6.315 0.000360601
6.32 0.000360029
6.325 0.000359459
6.33 0.00035889
6.335 0.000358323
6.34 0.000357757
6.345 0.000357192
6.35 0.000356628
6.355 0.000356066
6.36 0.000355506
6.365 0.000354946
6.37 0.000354388
6.375 0.000353831
6.38 0.000353276
6.385 0.000352721
6.39 0.000352169
6.395 0.000351617
6.4 0.000351067
6.405 0.000350518
6.41 0.00034997
6.415 0.000349424
6.42 0.000348878
6.425 0.000348335
6.43 0.000347792
6.435 0.000347251
6.44 0.000346711
6.445 0.000346172
6.45 0.000345634
6.455 0.000345098
6.46 0.000344563
6.465 0.000344029
6.47 0.000343496
6.475 0.000342965
6.48 0.000342435
6.485 0.000341906
6.49 0.000341378
6.495 0.000340852
6.5 0.000340327
6.505 0.000339803
6.51 0.00033928
6.515 0.000338758
6.52 0.000338238
6.525 0.000337719
6.53 0.000337201
6.535 0.000336684
6.54 0.000336168
6.545 0.000335654
6.55 0.000335141
6.555 0.000334629
6.56 0.000334118
6.565 0.000333608
6.57 0.000333099
6.575 0.000332592
6.58 0.000332086
6.585 0.000331581
6.59 0.000331077
6.595 0.000330574
6.6 0.000330072
6.605 0.000329572
6.61 0.000329072
6.615 0.000328574
6.62 0.000328077
6.625 0.000327581
6.63 0.000327086
6.635 0.000326592
6.64 0.0003261
6.645 0.000325608
6.65 0.000325118
6.655 0.000324628
6.66 0.00032414
6.665 0.000323653
6.67 0.000323167
6.675 0.000322682
6.68 0.000322198
6.685 0.000321716
6.69 0.000321234
6.695 0.000320754
6.7 0.000320274
6.705 0.000319796
6.71 0.000319318
6.715 0.000318842
6.72 0.000318367
6.725 0.000317893
6.73 0.00031742
6.735 0.000316948
6.74 0.000316477
6.745 0.000316007
6.75 0.000315538
6.755 0.00031507
6.76 0.000314603
6.765 0.000314137
6.77 0.000313673
6.775 0.000313209
6.78 0.000312746
6.785 0.000312285
6.79 0.000311824
6.795 0.000311365
6.8 0.000310906
6.805 0.000310448
6.81 0.000309992
6.815 0.000309536
6.82 0.000309082
6.825 0.000308628
6.83 0.000308176
6.835 0.000307724
6.84 0.000307273
6.845 0.000306824
6.85 0.000306375
6.855 0.000305928
6.86 0.000305481
6.865 0.000305035
6.87 0.000304591
6.875 0.000304147
6.88 0.000303704
6.885 0.000303262
6.89 0.000302822
6.895 0.000302382
6.9 0.000301943
6.905 0.000301505
6.91 0.000301068
6.915 0.000300632
6.92 0.000300197
6.925 0.000299763
6.93 0.000299329
6.935 0.000298897
6.94 0.000298466
6.945 0.000298035
6.95 0.000297606
6.955 0.000297177
6.96 0.00029675
6.965 0.000296323
6.97 0.000295897
6.975 0.000295472
6.98 0.000295048
6.985 0.000294625
6.99 0.000294203
6.995 0.000293782
7 0.000293362
7.005 0.000292942
7.01 0.000292524
7.015 0.000292106
7.02 0.00029169
7.025 0.000291274
7.03 0.000290859
7.035 0.000290445
7.04 0.000290032
7.045 0.000289619
7.05 0.000289208
7.055 0.000288797
7.06 0.000288388
7.065 0.000287979
7.07 0.000287571
7.075 0.000287164
7.08 0.000286758
7.085 0.000286352
7.09 0.000285948
7.095 0.000285544
7.1 0.000285141
7.105 0.00028474
7.11 0.000284338
7.115 0.000283938
7.12 0.000283539
7.125 0.00028314
7.13 0.000282743
7.135 0.000282346
7.14 0.00028195
7.145 0.000281555
7.15 0.00028116
7.155 0.000280767
7.16 0.000280374
7.165 0.000279982
7.17 0.000279591
7.175 0.000279201
7.18 0.000278811
7.185 0.000278423
7.19 0.000278035
7.195 0.000277648
7.2 0.000277262
7.205 0.000276876
7.21 0.000276492
7.215 0.000276108
7.22 0.000275725
7.225 0.000275343
7.23 0.000274961
7.235 0.000274581
7.24 0.000274201
7.245 0.000273822
7.25 0.000273444
7.255 0.000273066
7.26 0.00027269
7.265 0.000272314
7.27 0.000271939
7.275 0.000271564
7.28 0.000271191
7.285 0.000270818
7.29 0.000270446
7.295 0.000270075
7.3 0.000269704
7.305 0.000269335
7.31 0.000268966
7.315 0.000268597
7.32 0.00026823
7.325 0.000267863
7.33 0.000267497
7.335 0.000267132
7.34 0.000266768
7.345 0.000266404
7.35 0.000266041
7.355 0.000265679
7.36 0.000265317
7.365 0.000264956
7.37 0.000264596
7.375 0.000264237
7.38 0.000263879
7.385 0.000263521
7.39 0.000263164
7.395 0.000262807
7.4 0.000262452
7.405 0.000262097
7.41 0.000261742
7.415 0.000261389
7.42 0.000261036
7.425 0.000260684
7.43 0.000260333
7.435 0.000259982
7.44 0.000259632
7.445 0.000259283
7.45 0.000258934
7.455 0.000258587
7.46 0.000258239
7.465 0.000257893
7.47 0.000257547
7.475 0.000257202
7.48 0.000256858
7.485 0.000256514
7.49 0.000256171
7.495 0.000255829
7.5 0.000255488
7.505 0.000255147
7.51 0.000254806
7.515 0.000254467
7.52 0.000254128
7.525 0.00025379
7.53 0.000253452
7.535 0.000253115
7.54 0.000252779
7.545 0.000252444
7.55 0.000252109
7.555 0.000251775
7.56 0.000251441
7.565 0.000251108
7.57 0.000250776
7.575 0.000250445
7.58 0.000250114
7.585 0.000249784
7.59 0.000249454
7.595 0.000249125
7.6 0.000248797
7.605 0.000248469
7.61 0.000248142
7.615 0.000247816
7.62 0.00024749
7.625 0.000247165
7.63 0.000246841
7.635 0.000246517
7.64 0.000246194
7.645 0.000245872
7.65 0.00024555
7.655 0.000245229
7.66 0.000244908
7.665 0.000244588
7.67 0.000244269
7.675 0.00024395
7.68 0.000243632
7.685 0.000243315
7.69 0.000242998
7.695 0.000242682
7.7 0.000242366
7.705 0.000242051
7.71 0.000241737
7.715 0.000241423
7.72 0.00024111
7.725 0.000240797
7.73 0.000240485
7.735 0.000240174
7.74 0.000239863
7.745 0.000239553
7.75 0.000239243
7.755 0.000238935
7.76 0.000238626
7.765 0.000238318
7.77 0.000238011
7.775 0.000237705
7.78 0.000237399
7.785 0.000237094
7.79 0.000236789
7.795 0.000236485
7.8 0.000236181
7.805 0.000235878
7.81 0.000235576
7.815 0.000235274
7.82 0.000234972
7.825 0.000234672
7.83 0.000234372
7.835 0.000234072
7.84 0.000233773
7.845 0.000233475
7.85 0.000233177
7.855 0.00023288
7.86 0.000232583
7.865 0.000232287
7.87 0.000231991
7.875 0.000231696
7.88 0.000231402
7.885 0.000231108
7.89 0.000230815
7.895 0.000230522
7.9 0.00023023
7.905 0.000229938
7.91 0.000229647
7.915 0.000229357
7.92 0.000229067
7.925 0.000228777
7.93 0.000228488
7.935 0.0002282
7.94 0.000227912
7.945 0.000227625
7.95 0.000227338
7.955 0.000227052
7.96 0.000226766
7.965 0.000226481
7.97 0.000226197
7.975 0.000225913
7.98 0.000225629
7.985 0.000225346
7.99 0.000225064
7.995 0.000224782
8 0.000224501
8.005 0.00022422
8.01 0.00022394
8.015 0.00022366
8.02 0.000223381
8.025 0.000223102
8.03 0.000222824
8.035 0.000222546
8.04 0.000222269
8.045 0.000221992
8.05 0.000221716
8.055 0.00022144
8.06 0.000221165
8.065 0.000220891
8.07 0.000220617
8.075 0.000220343
8.08 0.00022007
8.085 0.000219797
8.09 0.000219525
8.095 0.000219254
8.1 0.000218983
8.105 0.000218712
8.11 0.000218442
8.115 0.000218173
8.12 0.000217904
8.125 0.000217635
8.13 0.000217367
8.135 0.0002171
8.14 0.000216833
8.145 0.000216566
8.15 0.0002163
8.155 0.000216034
8.16 0.000215769
8.165 0.000215505
8.17 0.00021524
8.175 0.000214977
8.18 0.000214714
8.185 0.000214451
8.19 0.000214189
8.195 0.000213927
8.2 0.000213666
8.205 0.000213405
8.21 0.000213145
8.215 0.000212885
8.22 0.000212626
8.225 0.000212367
8.23 0.000212109
8.235 0.000211851
8.24 0.000211593
8.245 0.000211336
8.25 0.00021108
8.255 0.000210824
8.26 0.000210568
8.265 0.000210313
8.27 0.000210058
8.275 0.000209804
8.28 0.000209551
8.285 0.000209297
8.29 0.000209045
8.295 0.000208792
8.3 0.00020854
8.305 0.000208289
8.31 0.000208038
8.315 0.000207787
8.32 0.000207537
8.325 0.000207288
8.33 0.000207039
8.335 0.00020679
8.34 0.000206542
8.345 0.000206294
8.35 0.000206046
8.355 0.000205799
8.36 0.000205553
8.365 0.000205307
8.37 0.000205061
8.375 0.000204816
8.38 0.000204571
8.385 0.000204327
8.39 0.000204083
8.395 0.00020384
8.4 0.000203597
8.405 0.000203354
8.41 0.000203112
8.415 0.000202871
8.42 0.000202629
8.425 0.000202389
8.43 0.000202148
8.435 0.000201908
8.44 0.000201669
8.445 0.00020143
8.45 0.000201191
8.455 0.000200953
8.46 0.000200715
8.465 0.000200477
8.47 0.00020024
8.475 0.000200004
8.48 0.000199768
8.485 0.000199532
8.49 0.000199297
8.495 0.000199062
8.5 0.000198827
8.505 0.000198593
8.51 0.00019836
8.515 0.000198126
8.52 0.000197893
8.525 0.000197661
8.53 0.000197429
8.535 0.000197197
8.54 0.000196966
8.545 0.000196735
8.55 0.000196505
8.555 0.000196275
8.56 0.000196046
8.565 0.000195816
8.57 0.000195588
8.575 0.000195359
8.58 0.000195131
8.585 0.000194904
8.59 0.000194676
8.595 0.00019445
8.6 0.000194223
8.605 0.000193997
8.61 0.000193772
8.615 0.000193547
8.62 0.000193322
8.625 0.000193097
8.63 0.000192873
8.635 0.00019265
8.64 0.000192426
8.645 0.000192204
8.65 0.000191981
8.655 0.000191759
8.66 0.000191537
8.665 0.000191316
8.67 0.000191095
8.675 0.000190874
8.68 0.000190654
8.685 0.000190434
8.69 0.000190215
8.695 0.000189996
8.7 0.000189777
8.705 0.000189559
8.71 0.000189341
8.715 0.000189124
8.72 0.000188907
8.725 0.00018869
8.73 0.000188473
8.735 0.000188257
8.74 0.000188042
8.745 0.000187826
8.75 0.000187611
8.755 0.000187397
8.76 0.000187183
8.765 0.000186969
8.77 0.000186755
8.775 0.000186542
8.78 0.00018633
8.785 0.000186117
8.79 0.000185905
8.795 0.000185694
8.8 0.000185482
8.805 0.000185271
8.81 0.000185061
8.815 0.000184851
8.82 0.000184641
8.825 0.000184431
8.83 0.000184222
8.835 0.000184014
8.84 0.000183805
8.845 0.000183597
8.85 0.000183389
8.855 0.000183182
8.86 0.000182975
8.865 0.000182768
8.87 0.000182562
8.875 0.000182356
8.88 0.00018215
8.885 0.000181945
8.89 0.00018174
8.895 0.000181536
8.9 0.000181332
8.905 0.000181128
8.91 0.000180924
8.915 0.000180721
8.92 0.000180518
8.925 0.000180316
8.93 0.000180113
8.935 0.000179912
8.94 0.00017971
8.945 0.000179509
8.95 0.000179308
8.955 0.000179108
8.96 0.000178908
8.965 0.000178708
8.97 0.000178508
8.975 0.000178309
8.98 0.00017811
8.985 0.000177912
8.99 0.000177714
8.995 0.000177516
9 0.000177318
9.005 0.000177121
9.01 0.000176925
9.015 0.000176728
9.02 0.000176532
9.025 0.000176336
9.03 0.000176141
9.035 0.000175945
9.04 0.00017575
9.045 0.000175556
9.05 0.000175362
9.055 0.000175168
9.06 0.000174974
9.065 0.000174781
9.07 0.000174588
9.075 0.000174395
9.08 0.000174203
9.085 0.000174011
9.09 0.00017382
9.095 0.000173628
9.1 0.000173437
9.105 0.000173246
9.11 0.000173056
9.115 0.000172866
9.12 0.000172676
9.125 0.000172487
9.13 0.000172298
9.135 0.000172109
9.14 0.00017192
9.145 0.000171732
9.15 0.000171544
9.155 0.000171357
9.16 0.000171169
9.165 0.000170982
9.17 0.000170796
9.175 0.000170609
9.18 0.000170423
9.185 0.000170237
9.19 0.000170052
9.195 0.000169867
9.2 0.000169682
9.205 0.000169497
9.21 0.000169313
9.215 0.000169129
9.22 0.000168946
9.225 0.000168762
9.23 0.000168579
9.235 0.000168396
9.24 0.000168214
9.245 0.000168032
9.25 0.00016785
9.255 0.000167668
9.26 0.000167487
9.265 0.000167306
9.27 0.000167125
9.275 0.000166945
9.28 0.000166765
9.285 0.000166585
9.29 0.000166406
9.295 0.000166226
9.3 0.000166047
9.305 0.000165869
9.31 0.00016569
9.315 0.000165512
9.32 0.000165334
9.325 0.000165157
9.33 0.00016498
9.335 0.000164803
9.34 0.000164626
9.345 0.00016445
9.35 0.000164274
9.355 0.000164098
9.36 0.000163922
9.365 0.000163747
9.37 0.000163572
9.375 0.000163397
9.38 0.000163223
9.385 0.000163049
9.39 0.000162875
9.395 0.000162702
9.4 0.000162528
9.405 0.000162355
9.41 0.000162183
9.415 0.00016201
9.42 0.000161838
9.425 0.000161666
9.43 0.000161494
9.435 0.000161323
9.44 0.000161152
9.445 0.000160981
9.45 0.000160811
9.455 0.00016064
9.46 0.00016047
9.465 0.000160301
9.47 0.000160131
9.475 0.000159962
9.48 0.000159793
9.485 0.000159624
9.49 0.000159456
9.495 0.000159288
9.5 0.00015912
9.505 0.000158952
9.51 0.000158785
9.515 0.000158618
9.52 0.000158451
9.525 0.000158285
9.53 0.000158118
9.535 0.000157952
9.54 0.000157787
9.545 0.000157621
9.55 0.000157456
9.555 0.000157291
9.56 0.000157126
9.565 0.000156962
9.57 0.000156797
9.575 0.000156634
9.58 0.00015647
9.585 0.000156306
9.59 0.000156143
9.595 0.00015598
9.6 0.000155818
9.605 0.000155655
9.61 0.000155493
9.615 0.000155331
9.62 0.00015517
9.625 0.000155008
9.63 0.000154847
9.635 0.000154686
9.64 0.000154525
9.645 0.000154365
9.65 0.000154205
9.655 0.000154045
9.66 0.000153885
9.665 0.000153726
9.67 0.000153567
9.675 0.000153408
9.68 0.000153249
9.685 0.000153091
9.69 0.000152933
9.695 0.000152775
9.7 0.000152617
9.705 0.00015246
9.71 0.000152303
9.715 0.000152146
9.72 0.000151989
9.725 0.000151832
9.73 0.000151676
9.735 0.00015152
9.74 0.000151364
9.745 0.000151209
9.75 0.000151054
9.755 0.000150899
9.76 0.000150744
9.765 0.000150589
9.77 0.000150435
9.775 0.000150281
9.78 0.000150127
9.785 0.000149974
9.79 0.00014982
9.795 0.000149667
9.8 0.000149514
9.805 0.000149362
9.81 0.000149209
9.815 0.000149057
9.82 0.000148905
9.825 0.000148753
9.83 0.000148602
9.835 0.000148451
9.84 0.000148299
9.845 0.000148149
9.85 0.000147998
9.855 0.000147848
9.86 0.000147698
9.865 0.000147548
9.87 0.000147398
9.875 0.000147249
9.88 0.0001471
9.885 0.000146951
9.89 0.000146802
9.895 0.000146653
9.9 0.000146505
9.905 0.000146357
9.91 0.000146209
9.915 0.000146061
9.92 0.000145914
9.925 0.000145767
9.93 0.00014562
9.935 0.000145473
9.94 0.000145327
9.945 0.00014518
9.95 0.000145034
9.955 0.000144888
9.96 0.000144743
9.965 0.000144597
9.97 0.000144452
9.975 0.000144307
9.98 0.000144163
9.985 0.000144018
9.99 0.000143874
9.995 0.00014373
