0 -nan
0.005 0.859731
0.01 0.311326
0.015 0.762079
0.02 0.795511
0.025 0.288308
0.03 0.167762
0.035 0.581579
0.04 0.572968
0.045 0.344694
0.05 0.139314
0.055 0.0287362
0.06 0.000677365
0.065 0.0239002
0.07 0.0719815
0.075 0.127704
0.08 0.181419
0.085 0.228487
0.09 0.267229
0.095 0.29757
0.1 0.320215
0.105 0.33618
0.11 0.346545
0.115 0.352325
0.12 0.354423
0.125 0.353607
0.13 0.350524
0.135 0.345701
0.14 0.33957
0.145 0.332476
0.15 0.324699
0.155 0.316457
0.16 0.307927
0.165 0.299244
0.17 0.290515
0.175 0.281824
0.18 0.273234
0.185 0.264792
0.19 0.256533
0.195 0.248484
0.2 0.240661
0.205 0.233078
0.21 0.225739
0.215 0.21865
0.22 0.211809
0.225 0.205214
0.23 0.198862
0.235 0.192747
0.24 0.186863
0.245 0.181204
0.25 0.175762
0.255 0.17053
0.26 0.165499
0.265 0.160663
0.27 0.156013
0.275 0.151542
0.28 0.147243
0.285 0.143109
0.29 0.139131
0.295 0.135305
0.3 0.131622
0.305 0.128077
0.31 0.124665
0.315 0.121378
0.32 0.118211
0.325 0.11516
0.33 0.112219
0.335 0.109383
0.34 0.106648
0.345 0.10401
0.35 0.101463
0.355 0.0990055
0.36 0.0966319
0.365 0.0943392
0.37 0.092124
0.375 0.089983
0.38 0.087913
0.385 0.0859111
0.39 0.0839746
0.395 0.0821006
0.4 0.0802867
0.405 0.0785304
0.41 0.0768295
0.415 0.0751816
0.42 0.0735847
0.425 0.0720368
0.43 0.070536
0.435 0.0690804
0.44 0.0676683
0.445 0.066298
0.45 0.064968
0.455 0.0636767
0.46 0.0624227
0.465 0.0612046
0.47 0.060021
0.475 0.0588708
0.48 0.0577527
0.485 0.0566655
0.49 0.0556081
0.495 0.0545796
0.5 0.0535788
0.505 0.0526048
0.51 0.0516567
0.515 0.0507336
0.52 0.0498346
0.525 0.0489589
0.53 0.0481057
0.535 0.0472743
0.54 0.046464
0.545 0.045674
0.55 0.0449037
0.555 0.0441525
0.56 0.0434197
0.565 0.0427048
0.57 0.0420071
0.575 0.0413262
0.58 0.0406616
0.585 0.0400126
0.59 0.0393788
0.595 0.0387599
0.6 0.0381552
0.605 0.0375644
0.61 0.0369871
0.615 0.0364229
0.62 0.0358713
0.625 0.035332
0.63 0.0348047
0.635 0.034289
0.64 0.0337845
0.645 0.033291
0.65 0.0328081
0.655 0.0323356
0.66 0.0318731
0.665 0.0314204
0.67 0.0309771
0.675 0.0305431
0.68 0.0301181
0.685 0.0297018
0.69 0.029294
0.695 0.0288945
0.7 0.028503
0.705 0.0281194
0.71 0.0277434
0.715 0.0273748
0.72 0.0270135
0.725 0.0266592
0.73 0.0263118
0.735 0.0259711
0.74 0.025637
0.745 0.0253092
0.75 0.0249876
0.755 0.024672
0.76 0.0243624
0.765 0.0240585
0.77 0.0237602
0.775 0.0234674
0.78 0.0231799
0.785 0.0228977
0.79 0.0226205
0.795 0.0223484
0.8 0.022081
0.805 0.0218185
0.81 0.0215605
0.815 0.0213071
0.82 0.0210581
0.825 0.0208134
0.83 0.0205729
0.835 0.0203365
0.84 0.0201042
0.845 0.0198758
0.85 0.0196513
0.855 0.0194305
0.86 0.0192134
0.865 0.0189999
0.87 0.0187899
0.875 0.0185834
0.88 0.0183802
0.885 0.0181804
0.89 0.0179837
0.895 0.0177903
0.9 0.0175999
0.905 0.0174125
0.91 0.0172281
0.915 0.0170466
0.92 0.016868
0.925 0.0166921
0.93 0.016519
0.935 0.0163485
0.94 0.0161806
0.945 0.0160153
0.95 0.0158525
0.955 0.0156922
0.96 0.0155343
0.965 0.0153787
0.97 0.0152255
0.975 0.0150745
0.98 0.0149257
0.985 0.0147792
0.99 0.0146347
0.995 0.0144924
1 0.0143521
1.005 0.0142139
1.01 0.0140776
1.015 0.0139433
1.02 0.0138109
1.025 0.0136803
1.03 0.0135516
1.035 0.0134247
1.04 0.0132996
1.045 0.0131762
1.05 0.0130545
1.055 0.0129345
1.06 0.0128161
1.065 0.0126993
1.07 0.0125841
1.075 0.0124705
1.08 0.0123584
1.085 0.0122478
1.09 0.0121386
1.095 0.012031
1.1 0.0119247
1.105 0.0118198
1.11 0.0117163
1.115 0.0116142
1.12 0.0115134
1.125 0.0114139
1.13 0.0113156
1.135 0.0112187
1.14 0.0111229
1.145 0.0110284
1.15 0.0109351
1.155 0.010843
1.16 0.010752
1.165 0.0106621
1.17 0.0105734
1.175 0.0104858
1.18 0.0103992
1.185 0.0103137
1.19 0.0102293
1.195 0.0101459
1.2 0.0100635
1.205 0.0099821
1.21 0.00990168
1.215 0.00982223
1.22 0.00974373
1.225 0.00966617
1.23 0.00958953
1.235 0.00951379
1.24 0.00943894
1.245 0.00936497
1.25 0.00929187
1.255 0.00921962
1.26 0.0091482
1.265 0.00907761
1.27 0.00900783
1.275 0.00893885
1.28 0.00887066
1.285 0.00880324
1.29 0.00873659
1.295 0.00867069
1.3 0.00860553
1.305 0.0085411
1.31 0.0084774
1.315 0.0084144
1.32 0.0083521
1.325 0.00829048
1.33 0.00822955
1.335 0.00816928
1.34 0.00810967
1.345 0.00805071
1.35 0.00799239
1.355 0.0079347
1.36 0.00787763
1.365 0.00782117
1.37 0.00776532
1.375 0.00771006
1.38 0.00765539
1.385 0.00760129
1.39 0.00754777
1.395 0.00749481
1.4 0.0074424
1.405 0.00739054
1.41 0.00733922
1.415 0.00728844
1.42 0.00723817
1.425 0.00718842
1.43 0.00713919
1.435 0.00709046
1.44 0.00704222
1.445 0.00699447
1.45 0.00694721
1.455 0.00690042
1.46 0.0068541
1.465 0.00680825
1.47 0.00676286
1.475 0.00671791
1.48 0.00667342
1.485 0.00662936
1.49 0.00658573
1.495 0.00654254
1.5 0.00649977
1.505 0.00645741
1.51 0.00641547
1.515 0.00637394
1.52 0.0063328
1.525 0.00629206
1.53 0.00625172
1.535 0.00621176
1.54 0.00617218
1.545 0.00613298
1.55 0.00609415
1.555 0.00605568
1.56 0.00601758
1.565 0.00597984
1.57 0.00594245
1.575 0.00590541
1.58 0.00586871
1.585 0.00583236
1.59 0.00579634
1.595 0.00576065
1.6 0.00572529
1.605 0.00569026
1.61 0.00565554
1.615 0.00562115
1.62 0.00558706
1.625 0.00555328
1.63 0.00551981
1.635 0.00548664
1.64 0.00545377
1.645 0.00542119
1.65 0.0053889
1.655 0.0053569
1.66 0.00532518
1.665 0.00529375
1.67 0.00526259
1.675 0.0052317
1.68 0.00520109
1.685 0.00517074
1.69 0.00514066
1.695 0.00511084
1.7 0.00508128
1.705 0.00505197
1.71 0.00502291
1.715 0.00499411
1.72 0.00496555
1.725 0.00493724
1.73 0.00490917
1.735 0.00488133
1.74 0.00485373
1.745 0.00482637
1.75 0.00479923
1.755 0.00477232
1.76 0.00474564
1.765 0.00471918
1.77 0.00469295
1.775 0.00466693
1.78 0.00464112
1.785 0.00461553
1.79 0.00459015
1.795 0.00456498
1.8 0.00454001
1.805 0.00451525
1.81 0.00449069
1.815 0.00446633
1.82 0.00444217
1.825 0.0044182
1.83 0.00439443
1.835 0.00437084
1.84 0.00434745
1.845 0.00432424
1.85 0.00430122
1.855 0.00427838
1.86 0.00425572
1.865 0.00423325
1.87 0.00421095
1.875 0.00418882
1.88 0.00416687
1.885 0.00414509
1.89 0.00412348
1.895 0.00410204
1.9 0.00408077
1.905 0.00405966
1.91 0.00403871
1.915 0.00401793
1.92 0.0039973
1.925 0.00397684
1.93 0.00395653
1.935 0.00393637
1.94 0.00391637
1.945 0.00389652
1.95 0.00387682
1.955 0.00385727
1.96 0.00383787
1.965 0.00381862
1.97 0.0037995
1.975 0.00378053
1.98 0.00376171
1.985 0.00374302
1.99 0.00372447
1.995 0.00370606
2 0.00368778
2.005 0.00366964
2.01 0.00365164
2.015 0.00363376
2.02 0.00361602
2.025 0.0035984
2.03 0.00358092
2.035 0.00356356
2.04 0.00354633
2.045 0.00352922
2.05 0.00351223
2.055 0.00349537
2.06 0.00347863
2.065 0.003462
2.07 0.0034455
2.075 0.00342911
2.08 0.00341285
2.085 0.00339669
2.09 0.00338065
2.095 0.00336473
2.1 0.00334891
2.105 0.00333321
2.11 0.00331762
2.115 0.00330213
2.12 0.00328676
2.125 0.00327149
2.13 0.00325633
2.135 0.00324127
2.14 0.00322632
2.145 0.00321147
2.15 0.00319672
2.155 0.00318207
2.16 0.00316752
2.165 0.00315308
2.17 0.00313873
2.175 0.00312448
2.18 0.00311033
2.185 0.00309627
2.19 0.0030823
2.195 0.00306844
2.2 0.00305466
2.205 0.00304098
2.21 0.00302739
2.215 0.00301389
2.22 0.00300048
2.225 0.00298715
2.23 0.00297392
2.235 0.00296078
2.24 0.00294772
2.245 0.00293475
2.25 0.00292186
2.255 0.00290906
2.26 0.00289634
2.265 0.0028837
2.27 0.00287115
2.275 0.00285868
2.28 0.00284629
2.285 0.00283398
2.29 0.00282175
2.295 0.0028096
2.3 0.00279753
2.305 0.00278553
2.31 0.00277362
2.315 0.00276177
2.32 0.00275001
2.325 0.00273832
2.33 0.0027267
2.335 0.00271516
2.34 0.00270369
2.345 0.00269229
2.35 0.00268096
2.355 0.00266971
2.36 0.00265853
2.365 0.00264741
2.37 0.00263637
2.375 0.00262539
2.38 0.00261449
2.385 0.00260365
2.39 0.00259288
2.395 0.00258217
2.4 0.00257153
2.405 0.00256096
2.41 0.00255045
2.415 0.00254001
2.42 0.00252963
2.425 0.00251931
2.43 0.00250906
2.435 0.00249887
2.44 0.00248874
2.445 0.00247867
2.45 0.00246866
2.455 0.00245872
2.46 0.00244883
2.465 0.002439
2.47 0.00242924
2.475 0.00241953
2.48 0.00240987
2.485 0.00240028
2.49 0.00239074
2.495 0.00238126
2.5 0.00237184
2.505 0.00236247
2.51 0.00235316
2.515 0.0023439
2.52 0.0023347
2.525 0.00232555
2.53 0.00231646
2.535 0.00230741
2.54 0.00229843
2.545 0.00228949
2.55 0.0022806
2.555 0.00227177
2.56 0.00226299
2.565 0.00225426
2.57 0.00224558
2.575 0.00223695
2.58 0.00222836
2.585 0.00221983
2.59 0.00221135
2.595 0.00220291
2.6 0.00219453
2.605 0.00218619
2.61 0.0021779
2.615 0.00216965
2.62 0.00216146
2.625 0.00215331
2.63 0.0021452
2.635 0.00213714
2.64 0.00212913
2.645 0.00212116
2.65 0.00211323
2.655 0.00210535
2.66 0.00209752
2.665 0.00208972
2.67 0.00208197
2.675 0.00207427
2.68 0.0020666
2.685 0.00205898
2.69 0.0020514
2.695 0.00204387
2.7 0.00203637
2.705 0.00202892
2.71 0.0020215
2.715 0.00201413
2.72 0.0020068
2.725 0.0019995
2.73 0.00199225
2.735 0.00198503
2.74 0.00197786
2.745 0.00197072
2.75 0.00196363
2.755 0.00195657
2.76 0.00194954
2.765 0.00194256
2.77 0.00193561
2.775 0.00192871
2.78 0.00192183
2.785 0.001915
2.79 0.0019082
2.795 0.00190144
2.8 0.00189471
2.805 0.00188802
2.81 0.00188136
2.815 0.00187474
2.82 0.00186815
2.825 0.0018616
2.83 0.00185508
2.835 0.0018486
2.84 0.00184215
2.845 0.00183574
2.85 0.00182935
2.855 0.00182301
2.86 0.00181669
2.865 0.00181041
2.87 0.00180416
2.875 0.00179794
2.88 0.00179175
2.885 0.0017856
2.89 0.00177948
2.895 0.00177338
2.9 0.00176732
2.905 0.0017613
2.91 0.0017553
2.915 0.00174933
2.92 0.00174339
2.925 0.00173748
2.93 0.00173161
2.935 0.00172576
2.94 0.00171994
2.945 0.00171415
2.95 0.00170839
2.955 0.00170266
2.96 0.00169696
2.965 0.00169129
2.97 0.00168565
2.975 0.00168003
2.98 0.00167444
2.985 0.00166888
2.99 0.00166335
2.995 0.00165784
3 0.00165236
3.005 0.00164691
3.01 0.00164149
3.015 0.00163609
3.02 0.00163072
3.025 0.00162538
3.03 0.00162006
3.035 0.00161476
3.04 0.0016095
3.045 0.00160426
3.05 0.00159904
3.055 0.00159385
3.06 0.00158869
3.065 0.00158355
3.07 0.00157843
3.075 0.00157334
3.08 0.00156828
3.085 0.00156324
3.09 0.00155822
3.095 0.00155323
3.1 0.00154826
3.105 0.00154332
3.11 0.0015384
3.115 0.0015335
3.12 0.00152862
3.125 0.00152377
3.13 0.00151894
3.135 0.00151414
3.14 0.00150936
3.145 0.0015046
3.15 0.00149986
3.155 0.00149515
3.16 0.00149045
3.165 0.00148578
3.17 0.00148113
3.175 0.00147651
3.18 0.0014719
3.185 0.00146732
3.19 0.00146275
3.195 0.00145821
3.2 0.00145369
3.205 0.00144919
3.21 0.00144472
3.215 0.00144026
3.22 0.00143582
3.225 0.0014314
3.23 0.00142701
3.235 0.00142263
3.24 0.00141828
3.245 0.00141394
3.25 0.00140962
3.255 0.00140533
3.26 0.00140105
3.265 0.00139679
3.27 0.00139256
3.275 0.00138834
3.28 0.00138414
3.285 0.00137996
3.29 0.0013758
3.295 0.00137165
3.3 0.00136753
3.305 0.00136342
3.31 0.00135934
3.315 0.00135527
3.32 0.00135122
3.325 0.00134719
3.33 0.00134317
3.335 0.00133917
3.34 0.0013352
3.345 0.00133124
3.35 0.00132729
3.355 0.00132337
3.36 0.00131946
3.365 0.00131557
3.37 0.00131169
3.375 0.00130784
3.38 0.001304
3.385 0.00130017
3.39 0.00129637
3.395 0.00129258
3.4 0.0012888
3.405 0.00128505
3.41 0.00128131
3.415 0.00127758
3.42 0.00127388
3.425 0.00127018
3.43 0.00126651
3.435 0.00126285
3.44 0.00125921
3.445 0.00125558
3.45 0.00125197
3.455 0.00124837
3.46 0.00124479
3.465 0.00124122
3.47 0.00123767
3.475 0.00123414
3.48 0.00123061
3.485 0.00122711
3.49 0.00122362
3.495 0.00122014
3.5 0.00121668
3.505 0.00121324
3.51 0.00120981
3.515 0.00120639
3.52 0.00120299
3.525 0.0011996
3.53 0.00119623
3.535 0.00119287
3.54 0.00118952
3.545 0.00118619
3.55 0.00118287
3.555 0.00117957
3.56 0.00117628
3.565 0.001173
3.57 0.00116974
3.575 0.00116649
3.58 0.00116326
3.585 0.00116004
3.59 0.00115683
3.595 0.00115363
3.6 0.00115045
3.605 0.00114728
3.61 0.00114413
3.615 0.00114098
3.62 0.00113785
3.625 0.00113474
3.63 0.00113163
3.635 0.00112854
3.64 0.00112546
3.645 0.0011224
3.65 0.00111934
3.655 0.0011163
3.66 0.00111327
3.665 0.00111026
3.67 0.00110725
3.675 0.00110426
3.68 0.00110128
3.685 0.00109831
3.69 0.00109536
3.695 0.00109241
3.7 0.00108948
3.705 0.00108656
3.71 0.00108365
3.715 0.00108075
3.72 0.00107787
3.725 0.001075
3.73 0.00107213
3.735 0.00106928
3.74 0.00106644
3.745 0.00106361
3.75 0.0010608
3.755 0.00105799
3.76 0.0010552
3.765 0.00105241
3.77 0.00104964
3.775 0.00104688
3.78 0.00104413
3.785 0.00104139
3.79 0.00103866
3.795 0.00103594
3.8 0.00103323
3.805 0.00103053
3.81 0.00102785
3.815 0.00102517
3.82 0.00102251
3.825 0.00101985
3.83 0.0010172
3.835 0.00101457
3.84 0.00101194
3.845 0.00100933
3.85 0.00100673
3.855 0.00100413
3.86 0.00100155
3.865 0.000998973
3.87 0.000996409
3.875 0.000993854
3.88 0.000991309
3.885 0.000988774
3.89 0.000986249
3.895 0.000983734
3.9 0.000981228
3.905 0.000978731
3.91 0.000976244
3.915 0.000973767
3.92 0.000971299
3.925 0.00096884
3.93 0.000966391
3.935 0.00096395
3.94 0.00096152
3.945 0.000959098
3.95 0.000956685
3.955 0.000954282
3.96 0.000951888
3.965 0.000949502
3.97 0.000947126
3.975 0.000944758
3.98 0.000942399
3.985 0.00094005
3.99 0.000937709
3.995 0.000935376
4 0.000933052
4.005 0.000930737
4.01 0.000928431
4.015 0.000926133
4.02 0.000923844
4.025 0.000921563
4.03 0.000919291
4.035 0.000917027
4.04 0.000914771
4.045 0.000912524
4.05 0.000910284
4.055 0.000908054
4.06 0.000905831
4.065 0.000903616
4.07 0.00090141
4.075 0.000899212
4.08 0.000897021
4.085 0.000894839
4.09 0.000892665
4.095 0.000890498
4.1 0.000888339
4.105 0.000886189
4.11 0.000884046
4.115 0.000881911
4.12 0.000879783
4.125 0.000877663
4.13 0.000875551
4.135 0.000873447
4.14 0.00087135
4.145 0.00086926
4.15 0.000867179
4.155 0.000865104
4.16 0.000863037
4.165 0.000860978
4.17 0.000858925
4.175 0.00085688
4.18 0.000854843
4.185 0.000852812
4.19 0.000850789
4.195 0.000848773
4.2 0.000846765
4.205 0.000844763
4.21 0.000842768
4.215 0.000840781
4.22 0.0008388
4.225 0.000836827
4.23 0.00083486
4.235 0.000832901
4.24 0.000830948
4.245 0.000829002
4.25 0.000827063
4.255 0.000825131
4.26 0.000823205
4.265 0.000821286
4.27 0.000819374
4.275 0.000817469
4.28 0.00081557
4.285 0.000813678
4.29 0.000811793
4.295 0.000809913
4.3 0.000808041
4.305 0.000806175
4.31 0.000804315
4.315 0.000802462
4.32 0.000800615
4.325 0.000798775
4.33 0.000796941
4.335 0.000795113
4.34 0.000793292
4.345 0.000791477
4.35 0.000789668
4.355 0.000787865
4.36 0.000786068
4.365 0.000784278
4.37 0.000782493
4.375 0.000780715
4.38 0.000778943
4.385 0.000777177
4.39 0.000775416
4.395 0.000773662
4.4 0.000771914
4.405 0.000770171
4.41 0.000768435
4.415 0.000766704
4.42 0.000764979
4.425 0.00076326
4.43 0.000761547
4.435 0.00075984
4.44 0.000758138
4.445 0.000756442
4.45 0.000754752
4.455 0.000753067
4.46 0.000751388
4.465 0.000749715
4.47 0.000748047
4.475 0.000746385
4.48 0.000744728
4.485 0.000743077
4.49 0.000741431
4.495 0.000739791
4.5 0.000738156
4.505 0.000736526
4.51 0.000734902
4.515 0.000733284
4.52 0.00073167
4.525 0.000730062
4.53 0.00072846
4.535 0.000726862
4.54 0.00072527
4.545 0.000723683
4.55 0.000722101
4.555 0.000720525
4.56 0.000718953
4.565 0.000717387
4.57 0.000715826
4.575 0.00071427
4.58 0.000712719
4.585 0.000711173
4.59 0.000709632
4.595 0.000708096
4.6 0.000706565
4.605 0.000705039
4.61 0.000703518
4.615 0.000702002
4.62 0.00070049
4.625 0.000698984
4.63 0.000697482
4.635 0.000695986
4.64 0.000694494
4.645 0.000693007
4.65 0.000691524
4.655 0.000690047
4.66 0.000688574
4.665 0.000687106
4.67 0.000685642
4.675 0.000684183
4.68 0.000682729
4.685 0.00068128
4.69 0.000679835
4.695 0.000678395
4.7 0.000676959
4.705 0.000675528
4.71 0.000674101
4.715 0.000672679
4.72 0.000671261
4.725 0.000669848
4.73 0.000668439
4.735 0.000667035
4.74 0.000665635
4.745 0.00066424
4.75 0.000662849
4.755 0.000661462
4.76 0.00066008
4.765 0.000658702
4.77 0.000657328
4.775 0.000655959
4.78 0.000654593
4.785 0.000653232
4.79 0.000651876
4.795 0.000650523
4.8 0.000649175
4.805 0.000647831
4.81 0.000646491
4.815 0.000645156
4.82 0.000643824
4.825 0.000642496
4.83 0.000641173
4.835 0.000639854
4.84 0.000638539
4.845 0.000637227
4.85 0.00063592
4.855 0.000634617
4.86 0.000633318
4.865 0.000632023
4.87 0.000630732
4.875 0.000629445
4.88 0.000628161
4.885 0.000626882
4.89 0.000625607
4.895 0.000624335
4.9 0.000623067
4.905 0.000621803
4.91 0.000620543
4.915 0.000619287
4.92 0.000618035
4.925 0.000616786
4.93 0.000615542
4.935 0.000614301
4.94 0.000613063
4.945 0.00061183
4.95 0.0006106
4.955 0.000609374
4.96 0.000608151
4.965 0.000606933
4.97 0.000605718
4.975 0.000604506
4.98 0.000603298
4.985 0.000602094
4.99 0.000600894
4.995 0.000599696
5 0.000598503
5.005 0.000597313
5.01 0.000596127
5.015 0.000594944
5.02 0.000593765
5.025 0.000592589
5.03 0.000591417
5.035 0.000590248
5.04 0.000589082
5.045 0.000587921
5.05 0.000586762
5.055 0.000585607
5.06 0.000584455
5.065 0.000583307
5.07 0.000582162
5.075 0.000581021
5.08 0.000579883
5.085 0.000578748
5.09 0.000577616
5.095 0.000576488
5.1 0.000575363
5.105 0.000574242
5.11 0.000573123
5.115 0.000572008
5.12 0.000570896
5.125 0.000569788
5.13 0.000568683
5.135 0.00056758
5.14 0.000566482
5.145 0.000565386
5.15 0.000564293
5.155 0.000563204
5.16 0.000562118
5.165 0.000561034
5.17 0.000559955
5.175 0.000558878
5.18 0.000557804
5.185 0.000556733
5.19 0.000555666
5.195 0.000554601
5.2 0.00055354
5.205 0.000552481
5.21 0.000551426
5.215 0.000550373
5.22 0.000549324
5.225 0.000548278
5.23 0.000547234
5.235 0.000546194
5.24 0.000545157
5.245 0.000544122
5.25 0.000543091
5.255 0.000542062
5.26 0.000541036
5.265 0.000540013
5.27 0.000538994
5.275 0.000537977
5.28 0.000536962
5.285 0.000535951
5.29 0.000534943
5.295 0.000533937
5.3 0.000532935
5.305 0.000531935
5.31 0.000530938
5.315 0.000529943
5.32 0.000528952
5.325 0.000527963
5.33 0.000526977
5.335 0.000525994
5.34 0.000525013
5.345 0.000524036
5.35 0.000523061
5.355 0.000522088
5.36 0.000521119
5.365 0.000520152
5.37 0.000519188
5.375 0.000518226
5.38 0.000517268
5.385 0.000516311
5.39 0.000515358
5.395 0.000514407
5.4 0.000513459
5.405 0.000512513
5.41 0.00051157
5.415 0.00051063
5.42 0.000509692
5.425 0.000508757
5.43 0.000507824
5.435 0.000506894
5.44 0.000505966
5.445 0.000505041
5.45 0.000504119
5.455 0.000503199
5.46 0.000502281
5.465 0.000501366
5.47 0.000500454
5.475 0.000499544
5.48 0.000498636
5.485 0.000497731
5.49 0.000496829
5.495 0.000495929
5.5 0.000495031
5.505 0.000494136
5.51 0.000493243
5.515 0.000492353
5.52 0.000491465
5.525 0.000490579
5.53 0.000489696
5.535 0.000488815
5.54 0.000487937
5.545 0.000487061
5.55 0.000486187
5.555 0.000485316
5.56 0.000484447
5.565 0.00048358
5.57 0.000482716
5.575 0.000481854
5.58 0.000480994
5.585 0.000480137
5.59 0.000479282
5.595 0.000478429
5.6 0.000477578
5.605 0.00047673
5.61 0.000475884
5.615 0.00047504
5.62 0.000474198
5.625 0.000473359
5.63 0.000472522
5.635 0.000471687
5.64 0.000470854
5.645 0.000470024
5.65 0.000469196
5.655 0.00046837
5.66 0.000467546
5.665 0.000466724
5.67 0.000465904
5.675 0.000465087
5.68 0.000464272
5.685 0.000463458
5.69 0.000462647
5.695 0.000461839
5.7 0.000461032
5.705 0.000460227
5.71 0.000459425
5.715 0.000458624
5.72 0.000457826
5.725 0.00045703
5.73 0.000456235
5.735 0.000455443
5.74 0.000454653
5.745 0.000453865
5.75 0.000453079
5.755 0.000452295
5.76 0.000451514
5.765 0.000450734
5.77 0.000449956
5.775 0.00044918
5.78 0.000448406
5.785 0.000447634
5.79 0.000446865
5.795 0.000446097
5.8 0.000445331
5.805 0.000444567
5.81 0.000443805
5.815 0.000443045
5.82 0.000442287
5.825 0.000441531
5.83 0.000440777
5.835 0.000440025
5.84 0.000439274
5.845 0.000438526
5.85 0.000437779
5.855 0.000437035
5.86 0.000436292
5.865 0.000435551
5.87 0.000434812
5.875 0.000434075
5.88 0.00043334
5.885 0.000432607
5.89 0.000431876
5.895 0.000431146
5.9 0.000430418
5.905 0.000429692
5.91 0.000428968
5.915 0.000428246
5.92 0.000427526
5.925 0.000426807
5.93 0.00042609
5.935 0.000425376
5.94 0.000424662
5.945 0.000423951
5.95 0.000423241
5.955 0.000422534
5.96 0.000421828
5.965 0.000421123
5.97 0.000420421
5.975 0.00041972
5.98 0.000419021
5.985 0.000418324
5.99 0.000417628
5.995 0.000416935
6 0.000416242
6.005 0.000415552
6.01 0.000414864
6.015 0.000414177
6.02 0.000413491
6.025 0.000412808
6.03 0.000412126
6.035 0.000411446
6.04 0.000410768
6.045 0.000410091
6.05 0.000409416
6.055 0.000408742
6.06 0.000408071
6.065 0.0004074
6.07 0.000406732
6.075 0.000406065
6.08 0.0004054
6.085 0.000404736
6.09 0.000404074
6.095 0.000403414
6.1 0.000402756
6.105 0.000402098
6.11 0.000401443
6.115 0.000400789
6.12 0.000400137
6.125 0.000399486
6.13 0.000398837
6.135 0.00039819
6.14 0.000397544
6.145 0.000396899
6.15 0.000396257
6.155 0.000395615
6.16 0.000394976
6.165 0.000394337
6.17 0.000393701
6.175 0.000393066
6.18 0.000392432
6.185 0.0003918
6.19 0.00039117
6.195 0.000390541
6.2 0.000389914
6.205 0.000389288
6.21 0.000388663
6.215 0.00038804
6.22 0.000387419
6.225 0.000386799
6.23 0.000386181
6.235 0.000385564
6.24 0.000384948
6.245 0.000384334
6.25 0.000383722
6.255 0.000383111
6.26 0.000382501
6.265 0.000381893
6.27 0.000381286
6.275 0.000380681
6.28 0.000380077
6.285 0.000379475
6.29 0.000378874
6.295 0.000378274
6.3 0.000377676
6.305 0.000377079
6.31 0.000376484
6.315 0.00037589
6.32 0.000375298
6.325 0.000374707
6.33 0.000374117
6.335 0.000373529
6.34 0.000372942
6.345 0.000372356
6.35 0.000371772
6.355 0.000371189
6.36 0.000370608
6.365 0.000370028
6.37 0.000369449
6.375 0.000368872
6.38 0.000368296
6.385 0.000367722
6.39 0.000367148
6.395 0.000366576
6.4 0.000366006
6.405 0.000365437
6.41 0.000364869
6.415 0.000364302
6.42 0.000363737
6.425 0.000363173
6.43 0.00036261
6.435 0.000362049
6.44 0.000361489
6.445 0.00036093
6.45 0.000360372
6.455 0.000359816
6.46 0.000359261
6.465 0.000358708
6.47 0.000358155
6.475 0.000357604
6.48 0.000357055
6.485 0.000356506
6.49 0.000355959
6.495 0.000355413
6.5 0.000354868
6.505 0.000354325
6.51 0.000353782
6.515 0.000353241
6.52 0.000352702
6.525 0.000352163
6.53 0.000351626
6.535 0.00035109
6.54 0.000350555
6.545 0.000350021
6.55 0.000349489
6.555 0.000348958
6.56 0.000348428
6.565 0.000347899
6.57 0.000347371
6.575 0.000346845
6.58 0.00034632
6.585 0.000345796
6.59 0.000345273
6.595 0.000344752
6.6 0.000344231
6.605 0.000343712
6.61 0.000343194
6.615 0.000342677
6.62 0.000342161
6.625 0.000341647
6.63 0.000341133
6.635 0.000340621
6.64 0.00034011
6.645 0.0003396
6.65 0.000339091
6.655 0.000338583
6.66 0.000338077
6.665 0.000337572
6.67 0.000337067
6.675 0.000336564
6.68 0.000336062
6.685 0.000335561
6.69 0.000335062
6.695 0.000334563
6.7 0.000334065
6.705 0.000333569
6.71 0.000333074
6.715 0.000332579
6.72 0.000332086
6.725 0.000331594
6.73 0.000331103
6.735 0.000330613
6.74 0.000330125
6.745 0.000329637
6.75 0.00032915
6.755 0.000328665
6.76 0.000328181
6.765 0.000327697
6.77 0.000327215
6.775 0.000326734
6.78 0.000326253
6.785 0.000325774
6.79 0.000325296
6.795 0.000324819
6.8 0.000324343
6.805 0.000323868
6.81 0.000323394
6.815 0.000322922
6.82 0.00032245
6.825 0.000321979
6.83 0.000321509
6.835 0.000321041
6.84 0.000320573
6.845 0.000320106
6.85 0.000319641
6.855 0.000319176
6.86 0.000318712
6.865 0.00031825
6.87 0.000317788
6.875 0.000317328
6.88 0.000316868
6.885 0.000316409
6.89 0.000315952
6.895 0.000315495
6.9 0.000315039
6.905 0.000314585
6.91 0.000314131
6.915 0.000313679
6.92 0.000313227
6.925 0.000312776
6.93 0.000312326
6.935 0.000311878
6.94 0.00031143
6.945 0.000310983
6.95 0.000310537
6.955 0.000310092
6.96 0.000309648
6.965 0.000309205
6.97 0.000308763
6.975 0.000308322
6.98 0.000307882
6.985 0.000307442
6.99 0.000307004
6.995 0.000306567
7 0.00030613
7.005 0.000305695
7.01 0.00030526
7.015 0.000304827
7.02 0.000304394
7.025 0.000303962
7.03 0.000303531
7.035 0.000303101
7.04 0.000302672
7.045 0.000302244
7.05 0.000301817
7.055 0.00030139
7.06 0.000300965
7.065 0.000300541
7.07 0.000300117
7.075 0.000299694
7.08 0.000299272
7.085 0.000298851
7.09 0.000298431
7.095 0.000298012
7.1 0.000297594
7.105 0.000297176
7.11 0.00029676
7.115 0.000296344
7.12 0.000295929
7.125 0.000295515
7.13 0.000295102
7.135 0.00029469
7.14 0.000294279
7.145 0.000293868
7.15 0.000293459
7.155 0.00029305
7.16 0.000292642
7.165 0.000292235
7.17 0.000291829
7.175 0.000291424
7.18 0.000291019
7.185 0.000290615
7.19 0.000290213
7.195 0.000289811
7.2 0.000289409
7.205 0.000289009
7.21 0.00028861
7.215 0.000288211
7.22 0.000287813
7.225 0.000287416
7.23 0.00028702
7.235 0.000286624
7.24 0.00028623
7.245 0.000285836
7.25 0.000285443
7.255 0.000285051
7.26 0.00028466
7.265 0.000284269
7.27 0.00028388
7.275 0.000283491
7.28 0.000283103
7.285 0.000282715
7.29 0.000282329
7.295 0.000281943
7.3 0.000281558
7.305 0.000281174
7.31 0.00028079
7.315 0.000280408
7.32 0.000280026
7.325 0.000279645
7.33 0.000279265
7.335 0.000278885
7.34 0.000278507
7.345 0.000278129
7.35 0.000277752
7.355 0.000277375
7.36 0.000277
7.365 0.000276625
7.37 0.000276251
7.375 0.000275877
7.38 0.000275505
7.385 0.000275133
7.39 0.000274762
7.395 0.000274391
7.4 0.000274022
7.405 0.000273653
7.41 0.000273285
7.415 0.000272918
7.42 0.000272551
7.425 0.000272185
7.43 0.00027182
7.435 0.000271455
7.44 0.000271092
7.445 0.000270729
7.45 0.000270367
7.455 0.000270005
7.46 0.000269644
7.465 0.000269284
7.47 0.000268925
7.475 0.000268566
7.48 0.000268209
7.485 0.000267851
7.49 0.000267495
7.495 0.000267139
7.5 0.000266784
7.505 0.00026643
7.51 0.000266076
7.515 0.000265723
7.52 0.000265371
7.525 0.00026502
7.53 0.000264669
7.535 0.000264319
7.54 0.000263969
7.545 0.00026362
7.55 0.000263272
7.555 0.000262925
7.56 0.000262578
7.565 0.000262232
7.57 0.000261887
7.575 0.000261542
7.58 0.000261199
7.585 0.000260855
7.59 0.000260513
7.595 0.000260171
7.6 0.00025983
7.605 0.000259489
7.61 0.000259149
7.615 0.00025881
7.62 0.000258471
7.625 0.000258133
7.63 0.000257796
7.635 0.00025746
7.64 0.000257124
7.645 0.000256788
7.65 0.000256454
7.655 0.00025612
7.66 0.000255786
7.665 0.000255454
7.67 0.000255122
7.675 0.00025479
7.68 0.00025446
7.685 0.00025413
7.69 0.0002538
7.695 0.000253471
7.7 0.000253143
7.705 0.000252816
7.71 0.000252489
7.715 0.000252163
7.72 0.000251837
7.725 0.000251512
7.73 0.000251188
7.735 0.000250864
7.74 0.000250541
7.745 0.000250218
7.75 0.000249897
7.755 0.000249575
7.76 0.000249255
7.765 0.000248935
7.77 0.000248615
7.775 0.000248297
7.78 0.000247978
7.785 0.000247661
7.79 0.000247344
7.795 0.000247028
7.8 0.000246712
7.805 0.000246397
7.81 0.000246082
7.815 0.000245768
7.82 0.000245455
7.825 0.000245142
7.83 0.00024483
7.835 0.000244519
7.84 0.000244208
7.845 0.000243897
7.85 0.000243588
7.855 0.000243279
7.86 0.00024297
7.865 0.000242662
7.87 0.000242355
7.875 0.000242048
7.88 0.000241742
7.885 0.000241436
7.89 0.000241131
7.895 0.000240826
7.9 0.000240522
7.905 0.000240219
7.91 0.000239916
7.915 0.000239614
7.92 0.000239313
7.925 0.000239012
7.93 0.000238711
7.935 0.000238411
7.94 0.000238112
7.945 0.000237813
7.95 0.000237515
7.955 0.000237217
7.96 0.00023692
7.965 0.000236623
7.97 0.000236327
7.975 0.000236032
7.98 0.000235737
7.985 0.000235443
7.99 0.000235149
7.995 0.000234856
8 0.000234563
8.005 0.000234271
8.01 0.000233979
8.015 0.000233688
8.02 0.000233398
8.025 0.000233108
8.03 0.000232818
8.035 0.00023253
8.04 0.000232241
8.045 0.000231953
8.05 0.000231666
8.055 0.000231379
8.06 0.000231093
8.065 0.000230807
8.07 0.000230522
8.075 0.000230238
8.08 0.000229954
8.085 0.00022967
8.09 0.000229387
8.095 0.000229104
8.1 0.000228822
8.105 0.000228541
8.11 0.00022826
8.115 0.00022798
8.12 0.0002277
8.125 0.00022742
8.13 0.000227141
8.135 0.000226863
8.14 0.000226585
8.145 0.000226308
8.15 0.000226031
8.155 0.000225754
8.16 0.000225479
8.165 0.000225203
8.17 0.000224928
8.175 0.000224654
8.18 0.00022438
8.185 0.000224107
8.19 0.000223834
8.195 0.000223562
8.2 0.00022329
8.205 0.000223019
8.21 0.000222748
8.215 0.000222477
8.22 0.000222208
8.225 0.000221938
8.23 0.000221669
8.235 0.000221401
8.24 0.000221133
8.245 0.000220866
8.25 0.000220599
8.255 0.000220332
8.26 0.000220066
8.265 0.000219801
8.27 0.000219536
8.275 0.000219271
8.28 0.000219007
8.285 0.000218744
8.29 0.000218481
8.295 0.000218218
8.3 0.000217956
8.305 0.000217694
8.31 0.000217433
8.315 0.000217172
8.32 0.000216912
8.325 0.000216652
8.33 0.000216393
8.335 0.000216134
8.34 0.000215875
8.345 0.000215618
8.35 0.00021536
8.355 0.000215103
8.36 0.000214846
8.365 0.00021459
8.37 0.000214335
8.375 0.00021408
8.38 0.000213825
8.385 0.000213571
8.39 0.000213317
8.395 0.000213063
8.4 0.00021281
8.405 0.000212558
8.41 0.000212306
8.415 0.000212054
8.42 0.000211803
8.425 0.000211553
8.43 0.000211302
8.435 0.000211053
8.44 0.000210803
8.445 0.000210554
8.45 0.000210306
8.455 0.000210058
8.46 0.00020981
8.465 0.000209563
8.47 0.000209316
8.475 0.00020907
8.48 0.000208824
8.485 0.000208579
8.49 0.000208334
8.495 0.000208089
8.5 0.000207845
8.505 0.000207601
8.51 0.000207358
8.515 0.000207115
8.52 0.000206873
8.525 0.000206631
8.53 0.000206389
8.535 0.000206148
8.54 0.000205908
8.545 0.000205667
8.55 0.000205427
8.555 0.000205188
8.56 0.000204949
8.565 0.00020471
8.57 0.000204472
8.575 0.000204234
8.58 0.000203997
8.585 0.00020376
8.59 0.000203523
8.595 0.000203287
8.6 0.000203052
8.605 0.000202816
8.61 0.000202581
8.615 0.000202347
8.62 0.000202113
8.625 0.000201879
8.63 0.000201646
8.635 0.000201413
8.64 0.000201181
8.645 0.000200948
8.65 0.000200717
8.655 0.000200486
8.66 0.000200255
8.665 0.000200024
8.67 0.000199794
8.675 0.000199564
8.68 0.000199335
8.685 0.000199106
8.69 0.000198878
8.695 0.00019865
8.7 0.000198422
8.705 0.000198195
8.71 0.000197968
8.715 0.000197741
8.72 0.000197515
8.725 0.000197289
8.73 0.000197064
8.735 0.000196839
8.74 0.000196614
8.745 0.00019639
8.75 0.000196166
8.755 0.000195943
8.76 0.00019572
8.765 0.000195497
8.77 0.000195275
8.775 0.000195053
8.78 0.000194831
8.785 0.00019461
8.79 0.000194389
8.795 0.000194169
8.8 0.000193949
8.805 0.000193729
8.81 0.00019351
8.815 0.000193291
8.82 0.000193073
8.825 0.000192854
8.83 0.000192637
8.835 0.000192419
8.84 0.000192202
8.845 0.000191985
8.85 0.000191769
8.855 0.000191553
8.86 0.000191337
8.865 0.000191122
8.87 0.000190907
8.875 0.000190693
8.88 0.000190479
8.885 0.000190265
8.89 0.000190051
8.895 0.000189838
8.9 0.000189626
8.905 0.000189413
8.91 0.000189201
8.915 0.000188989
8.92 0.000188778
8.925 0.000188567
8.93 0.000188357
8.935 0.000188146
8.94 0.000187937
8.945 0.000187727
8.95 0.000187518
8.955 0.000187309
8.96 0.0001871
8.965 0.000186892
8.97 0.000186685
8.975 0.000186477
8.98 0.00018627
8.985 0.000186063
8.99 0.000185857
8.995 0.000185651
9 0.000185445
9.005 0.00018524
9.01 0.000185035
9.015 0.00018483
9.02 0.000184626
9.025 0.000184421
9.03 0.000184218
9.035 0.000184014
9.04 0.000183811
9.045 0.000183609
9.05 0.000183406
9.055 0.000183204
9.06 0.000183003
9.065 0.000182801
9.07 0.0001826
9.075 0.0001824
9.08 0.000182199
9.085 0.000181999
9.09 0.0001818
9.095 0.0001816
9.1 0.000181401
9.105 0.000181203
9.11 0.000181004
9.115 0.000180806
9.12 0.000180608
9.125 0.000180411
9.13 0.000180214
9.135 0.000180017
9.14 0.000179821
9.145 0.000179625
9.15 0.000179429
9.155 0.000179233
9.16 0.000179038
9.165 0.000178843
9.17 0.000178649
9.175 0.000178455
9.18 0.000178261
9.185 0.000178067
9.19 0.000177874
9.195 0.000177681
9.2 0.000177488
9.205 0.000177296
9.21 0.000177104
9.215 0.000176912
9.22 0.000176721
9.225 0.00017653
9.23 0.000176339
9.235 0.000176149
9.24 0.000175958
9.245 0.000175769
9.25 0.000175579
9.255 0.00017539
9.26 0.000175201
9.265 0.000175012
9.27 0.000174824
9.275 0.000174636
9.28 0.000174448
9.285 0.000174261
9.29 0.000174074
9.295 0.000173887
9.3 0.000173701
9.305 0.000173514
9.31 0.000173328
9.315 0.000173143
9.32 0.000172958
9.325 0.000172773
9.33 0.000172588
9.335 0.000172403
9.34 0.000172219
9.345 0.000172036
9.35 0.000171852
9.355 0.000171669
9.36 0.000171486
9.365 0.000171303
9.37 0.000171121
9.375 0.000170939
9.38 0.000170757
9.385 0.000170576
9.39 0.000170394
9.395 0.000170213
9.4 0.000170033
9.405 0.000169853
9.41 0.000169672
9.415 0.000169493
9.42 0.000169313
9.425 0.000169134
9.43 0.000168955
9.435 0.000168777
9.44 0.000168598
9.445 0.00016842
9.45 0.000168242
9.455 0.000168065
9.46 0.000167888
9.465 0.000167711
9.47 0.000167534
9.475 0.000167358
9.48 0.000167182
9.485 0.000167006
9.49 0.00016683
9.495 0.000166655
9.5 0.00016648
9.505 0.000166305
9.51 0.000166131
9.515 0.000165957
9.52 0.000165783
9.525 0.000165609
9.53 0.000165436
9.535 0.000165263
9.54 0.00016509
9.545 0.000164918
9.55 0.000164745
9.555 0.000164573
9.56 0.000164402
9.565 0.00016423
9.57 0.000164059
9.575 0.000163888
9.58 0.000163717
9.585 0.000163547
9.59 0.000163377
9.595 0.000163207
9.6 0.000163037
9.605 0.000162868
9.61 0.000162699
9.615 0.00016253
9.62 0.000162362
9.625 0.000162193
9.63 0.000162025
9.635 0.000161858
9.64 0.00016169
9.645 0.000161523
9.65 0.000161356
9.655 0.000161189
9.66 0.000161023
9.665 0.000160857
9.67 0.000160691
9.675 0.000160525
9.68 0.00016036
9.685 0.000160195
9.69 0.00016003
9.695 0.000159865
9.7 0.000159701
9.705 0.000159536
9.71 0.000159373
9.715 0.000159209
9.72 0.000159045
9.725 0.000158882
9.73 0.000158719
9.735 0.000158557
9.74 0.000158394
9.745 0.000158232
9.75 0.00015807
9.755 0.000157909
9.76 0.000157747
9.765 0.000157586
9.77 0.000157425
9.775 0.000157265
9.78 0.000157104
9.785 0.000156944
9.79 0.000156784
9.795 0.000156624
9.8 0.000156465
9.805 0.000156306
9.81 0.000156147
9.815 0.000155988
9.82 0.00015583
9.825 0.000155672
9.83 0.000155514
9.835 0.000155356
9.84 0.000155198
9.845 0.000155041
9.85 0.000154884
9.855 0.000154727
9.86 0.000154571
9.865 0.000154414
9.87 0.000154258
9.875 0.000154103
9.88 0.000153947
9.885 0.000153792
9.89 0.000153636
9.895 0.000153482
9.9 0.000153327
9.905 0.000153172
9.91 0.000153018
9.915 0.000152864
9.92 0.000152711
9.925 0.000152557
9.93 0.000152404
9.935 0.000152251
9.94 0.000152098
9.945 0.000151945
9.95 0.000151793
9.955 0.000151641
9.96 0.000151489
9.965 0.000151337
9.97 0.000151186
9.975 0.000151035
9.98 0.000150884
9.985 0.000150733
9.99 0.000150583
9.995 0.000150432
