0 -nan
0.005 0.226195
0.01 0.231261
0.015 0.598103
0.02 0.0876934
0.025 0.491168
0.03 0.337662
0.035 0.0890006
0.04 0.438925
0.045 0.0831119
0.05 0.274909
0.055 0.144459
0.06 0.305392
0.065 0.486585
0.07 0.360248
0.075 0.0232805
0.08 0.025205
0.085 0.0395091
0.09 0.346586
0.095 0.923294
0.1 0.401267
0.105 0.305313
0.11 0.84579
0.115 0.177851
0.12 0.778162
0.125 0.470221
0.13 0.2698
0.135 0.984619
0.14 0.217569
0.145 0.30537
0.15 0.969801
0.155 0.531588
0.16 0.0466594
0.165 0.480142
0.17 0.949277
0.175 0.683298
0.18 0.154293
0.185 0.0924909
0.19 0.510567
0.195 0.887381
0.2 0.849559
0.205 0.480429
0.21 0.124456
0.215 0.0470736
0.22 0.265252
0.225 0.602016
0.23 0.844494
0.235 0.872159
0.24 0.695443
0.245 0.417795
0.25 0.166945
0.255 0.0367256
0.26 0.0596609
0.265 0.210107
0.27 0.426346
0.275 0.637824
0.28 0.787305
0.285 0.843121
0.29 0.801384
0.295 0.680797
0.3 0.513683
0.305 0.336439
0.31 0.18166
0.315 0.0730231
0.32 0.0230684
0.325 0.0334346
0.33 0.0967836
0.335 0.199617
0.34 0.325298
0.345 0.456779
0.35 0.578743
0.355 0.679034
0.36 0.749396
0.365 0.785612
0.37 0.787189
0.375 0.756744
0.38 0.699223
0.385 0.621085
0.39 0.529521
0.395 0.431784
0.4 0.334649
0.405 0.244026
0.41 0.164703
0.415 0.10023
0.42 0.0529021
0.425 0.0238209
0.43 0.0130244
0.435 0.0196475
0.44 0.0421048
0.445 0.0782764
0.45 0.125687
0.455 0.18167
0.46 0.24351
0.465 0.308559
0.47 0.374338
0.475 0.438602
0.48 0.499392
0.485 0.555064
0.49 0.6043
0.495 0.646108
0.5 0.679811
0.505 0.705021
0.51 0.721614
0.515 0.729702
0.52 0.729593
0.525 0.721764
0.53 0.706821
0.535 0.685473
0.54 0.6585
0.545 0.626727
0.55 0.590996
0.555 0.552154
0.56 0.511027
0.565 0.468409
0.57 0.425052
0.575 0.381653
0.58 0.33885
0.585 0.297217
0.59 0.257262
0.595 0.219425
0.6 0.184078
0.605 0.151529
0.61 0.122023
0.615 0.0957447
0.62 0.072824
0.625 0.0533387
0.63 0.0373196
0.635 0.0247552
0.64 0.0155962
0.645 0.00976031
0.65 0.00713621
0.655 0.00758832
0.66 0.0109607
0.665 0.0170808
0.67 0.0257632
0.675 0.0368127
0.68 0.0500276
0.685 0.0652021
0.69 0.0821287
0.695 0.100601
0.7 0.120414
0.705 0.141369
0.71 0.16327
0.715 0.185929
0.72 0.209167
0.725 0.232811
0.73 0.2567
0.735 0.280679
0.74 0.304606
0.745 0.328347
0.75 0.351778
0.755 0.374788
0.76 0.397273
0.765 0.41914
0.77 0.440305
0.775 0.460693
0.78 0.480241
0.785 0.49889
0.79 0.516594
0.795 0.53331
0.8 0.549006
0.805 0.563657
0.81 0.577242
0.815 0.589747
0.82 0.601166
0.825 0.611495
0.83 0.620738
0.835 0.6289
0.84 0.635994
0.845 0.642032
0.85 0.647034
0.855 0.65102
0.86 0.654013
0.865 0.65604
0.87 0.657129
0.875 0.657308
0.88 0.656609
0.885 0.655065
0.89 0.652708
0.895 0.649573
0.9 0.645695
0.905 0.641109
0.91 0.63585
0.915 0.629954
0.92 0.623457
0.925 0.616394
0.93 0.608799
0.935 0.600708
0.94 0.592155
0.945 0.583174
0.95 0.573797
0.955 0.564057
0.96 0.553986
0.965 0.543614
0.97 0.532971
0.975 0.522086
0.98 0.510988
0.985 0.499703
0.99 0.488258
0.995 0.476678
1 0.464988
1.005 0.453211
1.01 0.44137
1.015 0.429485
1.02 0.417577
1.025 0.405666
1.03 0.393771
1.035 0.381908
1.04 0.370095
1.045 0.358348
1.05 0.346681
1.055 0.335109
1.06 0.323645
1.065 0.312301
1.07 0.30109
1.075 0.290021
1.08 0.279105
1.085 0.268352
1.09 0.25777
1.095 0.247368
1.1 0.237151
1.105 0.227129
1.11 0.217306
1.115 0.207688
1.12 0.19828
1.125 0.189087
1.13 0.180112
1.135 0.17136
1.14 0.162833
1.145 0.154533
1.15 0.146463
1.155 0.138625
1.16 0.131019
1.165 0.123648
1.17 0.116511
1.175 0.109609
1.18 0.102941
1.185 0.0965086
1.19 0.0903099
1.195 0.0843443
1.2 0.0786109
1.205 0.0731083
1.21 0.0678349
1.215 0.0627892
1.22 0.0579691
1.225 0.0533727
1.23 0.0489976
1.235 0.0448415
1.24 0.0409019
1.245 0.0371761
1.25 0.0336613
1.255 0.0303547
1.26 0.0272533
1.265 0.024354
1.27 0.0216536
1.275 0.0191491
1.28 0.016837
1.285 0.014714
1.29 0.0127769
1.295 0.011022
1.3 0.00944604
1.305 0.00804545
1.31 0.00681671
1.315 0.0057563
1.32 0.00486066
1.325 0.00412624
1.33 0.00354947
1.335 0.00312678
1.34 0.00285464
1.345 0.00272947
1.35 0.00274774
1.355 0.00290593
1.36 0.00320053
1.365 0.00362806
1.37 0.00418505
1.375 0.00486807
1.38 0.00567372
1.385 0.0065986
1.39 0.00763939
1.395 0.00879276
1.4 0.0100555
1.405 0.0114242
1.41 0.0128959
1.415 0.0144673
1.42 0.0161353
1.425 0.0178968
1.43 0.0197489
1.435 0.0216885
1.44 0.0237126
1.445 0.0258185
1.45 0.0280032
1.455 0.030264
1.46 0.032598
1.465 0.0350027
1.47 0.0374752
1.475 0.0400131
1.48 0.0426137
1.485 0.0452746
1.49 0.0479933
1.495 0.0507673
1.5 0.0535943
1.505 0.0564719
1.51 0.059398
1.515 0.0623702
1.52 0.0653863
1.525 0.0684443
1.53 0.0715421
1.535 0.0746775
1.54 0.0778487
1.545 0.0810536
1.55 0.0842904
1.555 0.0875571
1.56 0.090852
1.565 0.0941733
1.57 0.0975192
1.575 0.100888
1.58 0.104278
1.585 0.107688
1.59 0.111116
1.595 0.114561
1.6 0.118021
1.605 0.121494
1.61 0.12498
1.615 0.128476
1.62 0.131982
1.625 0.135497
1.63 0.139018
1.635 0.142545
1.64 0.146077
1.645 0.149612
1.65 0.153149
1.655 0.156687
1.66 0.160226
1.665 0.163763
1.67 0.167299
1.675 0.170831
1.68 0.17436
1.685 0.177884
1.69 0.181402
1.695 0.184914
1.7 0.188419
1.705 0.191915
1.71 0.195403
1.715 0.19888
1.72 0.202348
1.725 0.205804
1.73 0.209249
1.735 0.212681
1.74 0.2161
1.745 0.219505
1.75 0.222896
1.755 0.226272
1.76 0.229633
1.765 0.232978
1.77 0.236307
1.775 0.239619
1.78 0.242914
1.785 0.24619
1.79 0.249449
1.795 0.252689
1.8 0.25591
1.805 0.259111
1.81 0.262293
1.815 0.265455
1.82 0.268597
1.825 0.271717
1.83 0.274817
1.835 0.277896
1.84 0.280952
1.845 0.283987
1.85 0.287001
1.855 0.289991
1.86 0.29296
1.865 0.295905
1.87 0.298828
1.875 0.301728
1.88 0.304604
1.885 0.307457
1.89 0.310287
1.895 0.313093
1.9 0.315875
1.905 0.318633
1.91 0.321367
1.915 0.324077
1.92 0.326763
1.925 0.329425
1.93 0.332062
1.935 0.334675
1.94 0.337264
1.945 0.339828
1.95 0.342367
1.955 0.344882
1.96 0.347372
1.965 0.349838
1.97 0.352279
1.975 0.354696
1.98 0.357088
1.985 0.359455
1.99 0.361798
1.995 0.364116
2 0.366409
2.005 0.368678
2.01 0.370923
2.015 0.373143
2.02 0.375339
2.025 0.377511
2.03 0.379658
2.035 0.381781
2.04 0.38388
2.045 0.385954
2.05 0.388005
2.055 0.390032
2.06 0.392035
2.065 0.394014
2.07 0.39597
2.075 0.397902
2.08 0.39981
2.085 0.401695
2.09 0.403557
2.095 0.405395
2.1 0.40721
2.105 0.409003
2.11 0.410772
2.115 0.412519
2.12 0.414243
2.125 0.415944
2.13 0.417623
2.135 0.41928
2.14 0.420914
2.145 0.422526
2.15 0.424117
2.155 0.425685
2.16 0.427232
2.165 0.428757
2.17 0.430261
2.175 0.431743
2.18 0.433204
2.185 0.434645
2.19 0.436064
2.195 0.437462
2.2 0.43884
2.205 0.440197
2.21 0.441534
2.215 0.442851
2.22 0.444147
2.225 0.445424
2.23 0.446681
2.235 0.447918
2.24 0.449135
2.245 0.450333
2.25 0.451512
2.255 0.452672
2.26 0.453812
2.265 0.454934
2.27 0.456037
2.275 0.457122
2.28 0.458188
2.285 0.459236
2.29 0.460266
2.295 0.461278
2.3 0.462272
2.305 0.463248
2.31 0.464207
2.315 0.465148
2.32 0.466072
2.325 0.466979
2.33 0.467869
2.335 0.468742
2.34 0.469598
2.345 0.470438
2.35 0.471261
2.355 0.472068
2.36 0.472859
2.365 0.473634
2.37 0.474393
2.375 0.475136
2.38 0.475863
2.385 0.476576
2.39 0.477272
2.395 0.477954
2.4 0.478621
2.405 0.479272
2.41 0.479909
2.415 0.480532
2.42 0.481139
2.425 0.481733
2.43 0.482312
2.435 0.482877
2.44 0.483428
2.445 0.483965
2.45 0.484489
2.455 0.484999
2.46 0.485495
2.465 0.485978
2.47 0.486448
2.475 0.486905
2.48 0.487349
2.485 0.48778
2.49 0.488198
2.495 0.488604
2.5 0.488997
2.505 0.489378
2.51 0.489746
2.515 0.490103
2.52 0.490448
2.525 0.49078
2.53 0.491101
2.535 0.491411
2.54 0.491709
2.545 0.491995
2.55 0.49227
2.555 0.492534
2.56 0.492787
2.565 0.49303
2.57 0.493261
2.575 0.493481
2.58 0.493691
2.585 0.493891
2.59 0.49408
2.595 0.494259
2.6 0.494427
2.605 0.494586
2.61 0.494735
2.615 0.494873
2.62 0.495002
2.625 0.495122
2.63 0.495232
2.635 0.495332
2.64 0.495423
2.645 0.495505
2.65 0.495578
2.655 0.495641
2.66 0.495696
2.665 0.495742
2.67 0.495779
2.675 0.495808
2.68 0.495828
2.685 0.495839
2.69 0.495843
2.695 0.495837
2.7 0.495824
2.705 0.495803
2.71 0.495773
2.715 0.495736
2.72 0.495691
2.725 0.495638
2.73 0.495578
2.735 0.49551
2.74 0.495434
2.745 0.495351
2.75 0.495261
2.755 0.495164
2.76 0.495059
2.765 0.494948
2.77 0.494829
2.775 0.494704
2.78 0.494571
2.785 0.494432
2.79 0.494287
2.795 0.494134
2.8 0.493976
2.805 0.493811
2.81 0.493639
2.815 0.493461
2.82 0.493277
2.825 0.493087
2.83 0.492891
2.835 0.492689
2.84 0.492481
2.845 0.492267
2.85 0.492048
2.855 0.491823
2.86 0.491592
2.865 0.491355
2.87 0.491113
2.875 0.490866
2.88 0.490613
2.885 0.490355
2.89 0.490092
2.895 0.489824
2.9 0.489551
2.905 0.489272
2.91 0.488989
2.915 0.488701
2.92 0.488407
2.925 0.48811
2.93 0.487807
2.935 0.4875
2.94 0.487188
2.945 0.486872
2.95 0.486551
2.955 0.486225
2.96 0.485896
2.965 0.485562
2.97 0.485224
2.975 0.484881
2.98 0.484535
2.985 0.484184
2.99 0.48383
2.995 0.483471
3 0.483109
3.005 0.482742
3.01 0.482372
3.015 0.481998
3.02 0.481621
3.025 0.48124
3.03 0.480855
3.035 0.480466
3.04 0.480074
3.045 0.479679
3.05 0.47928
3.055 0.478878
3.06 0.478472
3.065 0.478064
3.07 0.477652
3.075 0.477236
3.08 0.476818
3.085 0.476397
3.09 0.475972
3.095 0.475545
3.1 0.475114
3.105 0.474681
3.11 0.474245
3.115 0.473806
3.12 0.473364
3.125 0.47292
3.13 0.472472
3.135 0.472022
3.14 0.47157
3.145 0.471115
3.15 0.470657
3.155 0.470197
3.16 0.469734
3.165 0.469269
3.17 0.468802
3.175 0.468332
3.18 0.46786
3.185 0.467385
3.19 0.466909
3.195 0.46643
3.2 0.465949
3.205 0.465466
3.21 0.46498
3.215 0.464493
3.22 0.464004
3.225 0.463512
3.23 0.463019
3.235 0.462524
3.24 0.462027
3.245 0.461528
3.25 0.461027
3.255 0.460524
3.26 0.46002
3.265 0.459514
3.27 0.459006
3.275 0.458496
3.28 0.457985
3.285 0.457472
3.29 0.456958
3.295 0.456442
3.3 0.455924
3.305 0.455405
3.31 0.454885
3.315 0.454363
3.32 0.453839
3.325 0.453315
3.33 0.452788
3.335 0.452261
3.34 0.451732
3.345 0.451202
3.35 0.450671
3.355 0.450138
3.36 0.449604
3.365 0.449069
3.37 0.448533
3.375 0.447996
3.38 0.447458
3.385 0.446918
3.39 0.446378
3.395 0.445836
3.4 0.445294
3.405 0.44475
3.41 0.444205
3.415 0.44366
3.42 0.443113
3.425 0.442566
3.43 0.442018
3.435 0.441469
3.44 0.440919
3.445 0.440368
3.45 0.439817
3.455 0.439264
3.46 0.438711
3.465 0.438157
3.47 0.437603
3.475 0.437048
3.48 0.436492
3.485 0.435935
3.49 0.435378
3.495 0.43482
3.5 0.434262
3.505 0.433703
3.51 0.433143
3.515 0.432583
3.52 0.432022
3.525 0.431461
3.53 0.430899
3.535 0.430337
3.54 0.429774
3.545 0.429211
3.55 0.428648
3.555 0.428084
3.56 0.42752
3.565 0.426955
3.57 0.42639
3.575 0.425824
3.58 0.425259
3.585 0.424693
3.59 0.424126
3.595 0.423559
3.6 0.422993
3.605 0.422425
3.61 0.421858
3.615 0.42129
3.62 0.420722
3.625 0.420154
3.63 0.419586
3.635 0.419018
3.64 0.418449
3.645 0.41788
3.65 0.417311
3.655 0.416742
3.66 0.416173
3.665 0.415604
3.67 0.415035
3.675 0.414465
3.68 0.413896
3.685 0.413326
3.69 0.412757
3.695 0.412187
3.7 0.411618
3.705 0.411048
3.71 0.410479
3.715 0.409909
3.72 0.40934
3.725 0.40877
3.73 0.408201
3.735 0.407632
3.74 0.407062
3.745 0.406493
3.75 0.405924
3.755 0.405355
3.76 0.404786
3.765 0.404218
3.77 0.403649
3.775 0.403081
3.78 0.402512
3.785 0.401944
3.79 0.401376
3.795 0.400809
3.8 0.400241
3.805 0.399674
3.81 0.399107
3.815 0.39854
3.82 0.397973
3.825 0.397407
3.83 0.396841
3.835 0.396275
3.84 0.395709
3.845 0.395144
3.85 0.394579
3.855 0.394014
3.86 0.393449
3.865 0.392885
3.87 0.392321
3.875 0.391758
3.88 0.391194
3.885 0.390631
3.89 0.390069
3.895 0.389507
3.9 0.388945
3.905 0.388383
3.91 0.387822
3.915 0.387261
3.92 0.386701
3.925 0.386141
3.93 0.385581
3.935 0.385022
3.94 0.384463
3.945 0.383905
3.95 0.383347
3.955 0.38279
3.96 0.382233
3.965 0.381676
3.97 0.38112
3.975 0.380564
3.98 0.380009
3.985 0.379454
3.99 0.378899
3.995 0.378346
4 0.377792
4.005 0.377239
4.01 0.376687
4.015 0.376135
4.02 0.375583
4.025 0.375032
4.03 0.374482
4.035 0.373932
4.04 0.373383
4.045 0.372834
4.05 0.372286
4.055 0.371738
4.06 0.37119
4.065 0.370644
4.07 0.370098
4.075 0.369552
4.08 0.369007
4.085 0.368462
4.09 0.367918
4.095 0.367375
4.1 0.366832
4.105 0.36629
4.11 0.365748
4.115 0.365207
4.12 0.364667
4.125 0.364127
4.13 0.363588
4.135 0.363049
4.14 0.362511
4.145 0.361973
4.15 0.361436
4.155 0.3609
4.16 0.360364
4.165 0.359829
4.17 0.359295
4.175 0.358761
4.18 0.358228
4.185 0.357696
4.19 0.357164
4.195 0.356632
4.2 0.356102
4.205 0.355572
4.21 0.355043
4.215 0.354514
4.22 0.353986
4.225 0.353459
4.23 0.352932
4.235 0.352406
4.24 0.35188
4.245 0.351356
4.25 0.350832
4.255 0.350308
4.26 0.349786
4.265 0.349264
4.27 0.348742
4.275 0.348221
4.28 0.347701
4.285 0.347182
4.29 0.346664
4.295 0.346146
4.3 0.345628
4.305 0.345112
4.31 0.344596
4.315 0.344081
4.32 0.343566
4.325 0.343053
4.33 0.342539
4.335 0.342027
4.34 0.341515
4.345 0.341005
4.35 0.340494
4.355 0.339985
4.36 0.339476
4.365 0.338968
4.37 0.33846
4.375 0.337954
4.38 0.337448
4.385 0.336943
4.39 0.336438
4.395 0.335934
4.4 0.335431
4.405 0.334929
4.41 0.334427
4.415 0.333926
4.42 0.333426
4.425 0.332927
4.43 0.332428
4.435 0.33193
4.44 0.331433
4.445 0.330936
4.45 0.33044
4.455 0.329945
4.46 0.329451
4.465 0.328958
4.47 0.328465
4.475 0.327973
4.48 0.327481
4.485 0.326991
4.49 0.326501
4.495 0.326012
4.5 0.325523
4.505 0.325036
4.51 0.324549
4.515 0.324063
4.52 0.323577
4.525 0.323093
4.53 0.322609
4.535 0.322125
4.54 0.321643
4.545 0.321161
4.55 0.32068
4.555 0.3202
4.56 0.319721
4.565 0.319242
4.57 0.318764
4.575 0.318287
4.58 0.317811
4.585 0.317335
4.59 0.31686
4.595 0.316386
4.6 0.315913
4.605 0.31544
4.61 0.314968
4.615 0.314497
4.62 0.314027
4.625 0.313557
4.63 0.313088
4.635 0.31262
4.64 0.312153
4.645 0.311686
4.65 0.31122
4.655 0.310755
4.66 0.310291
4.665 0.309827
4.67 0.309364
4.675 0.308902
4.68 0.308441
4.685 0.307981
4.69 0.307521
4.695 0.307062
4.7 0.306603
4.705 0.306146
4.71 0.305689
4.715 0.305233
4.72 0.304778
4.725 0.304323
4.73 0.30387
4.735 0.303417
4.74 0.302964
4.745 0.302513
4.75 0.302062
4.755 0.301612
4.76 0.301163
4.765 0.300714
4.77 0.300267
4.775 0.29982
4.78 0.299374
4.785 0.298928
4.79 0.298483
4.795 0.298039
4.8 0.297596
4.805 0.297154
4.81 0.296712
4.815 0.296271
4.82 0.295831
4.825 0.295392
4.83 0.294953
4.835 0.294515
4.84 0.294078
4.845 0.293641
4.85 0.293206
4.855 0.292771
4.86 0.292336
4.865 0.291903
4.87 0.29147
4.875 0.291038
4.88 0.290607
4.885 0.290176
4.89 0.289747
4.895 0.289318
4.9 0.288889
4.905 0.288462
4.91 0.288035
4.915 0.287609
4.92 0.287184
4.925 0.286759
4.93 0.286335
4.935 0.285912
4.94 0.28549
4.945 0.285068
4.95 0.284648
4.955 0.284227
4.96 0.283808
4.965 0.283389
4.97 0.282971
4.975 0.282554
4.98 0.282138
4.985 0.281722
4.99 0.281307
4.995 0.280893
5 0.280479
5.005 0.280066
5.01 0.279654
5.015 0.279243
5.02 0.278832
5.025 0.278422
5.03 0.278013
5.035 0.277605
5.04 0.277197
5.045 0.27679
5.05 0.276384
5.055 0.275978
5.06 0.275573
5.065 0.275169
5.07 0.274766
5.075 0.274363
5.08 0.273961
5.085 0.27356
5.09 0.273159
5.095 0.272759
5.1 0.27236
5.105 0.271962
5.11 0.271564
5.115 0.271167
5.12 0.270771
5.125 0.270375
5.13 0.26998
5.135 0.269586
5.14 0.269193
5.145 0.2688
5.15 0.268408
5.155 0.268017
5.16 0.267626
5.165 0.267236
5.17 0.266847
5.175 0.266458
5.18 0.266071
5.185 0.265683
5.19 0.265297
5.195 0.264911
5.2 0.264526
5.205 0.264142
5.21 0.263758
5.215 0.263375
5.22 0.262993
5.225 0.262611
5.23 0.262231
5.235 0.26185
5.24 0.261471
5.245 0.261092
5.25 0.260714
5.255 0.260336
5.26 0.25996
5.265 0.259584
5.27 0.259208
5.275 0.258833
5.28 0.258459
5.285 0.258086
5.29 0.257713
5.295 0.257341
5.3 0.25697
5.305 0.256599
5.31 0.256229
5.315 0.25586
5.32 0.255491
5.325 0.255123
5.33 0.254756
5.335 0.254389
5.34 0.254023
5.345 0.253658
5.35 0.253293
5.355 0.252929
5.36 0.252566
5.365 0.252204
5.37 0.251842
5.375 0.25148
5.38 0.25112
5.385 0.25076
5.39 0.2504
5.395 0.250041
5.4 0.249683
5.405 0.249326
5.41 0.248969
5.415 0.248613
5.42 0.248258
5.425 0.247903
5.43 0.247549
5.435 0.247195
5.44 0.246843
5.445 0.24649
5.45 0.246139
5.455 0.245788
5.46 0.245438
5.465 0.245088
5.47 0.244739
5.475 0.244391
5.48 0.244043
5.485 0.243696
5.49 0.243349
5.495 0.243004
5.5 0.242659
5.505 0.242314
5.51 0.24197
5.515 0.241627
5.52 0.241284
5.525 0.240942
5.53 0.240601
5.535 0.24026
5.54 0.23992
5.545 0.23958
5.55 0.239241
5.555 0.238903
5.56 0.238566
5.565 0.238229
5.57 0.237892
5.575 0.237556
5.58 0.237221
5.585 0.236887
5.59 0.236553
5.595 0.236219
5.6 0.235887
5.605 0.235554
5.61 0.235223
5.615 0.234892
5.62 0.234562
5.625 0.234232
5.63 0.233903
5.635 0.233575
5.64 0.233247
5.645 0.232919
5.65 0.232593
5.655 0.232267
5.66 0.231941
5.665 0.231616
5.67 0.231292
5.675 0.230968
5.68 0.230645
5.685 0.230323
5.69 0.230001
5.695 0.22968
5.7 0.229359
5.705 0.229039
5.71 0.228719
5.715 0.2284
5.72 0.228082
5.725 0.227764
5.73 0.227447
5.735 0.227131
5.74 0.226814
5.745 0.226499
5.75 0.226184
5.755 0.22587
5.76 0.225556
5.765 0.225243
5.77 0.22493
5.775 0.224618
5.78 0.224307
5.785 0.223996
5.79 0.223686
5.795 0.223376
5.8 0.223067
5.805 0.222759
5.81 0.222451
5.815 0.222143
5.82 0.221836
5.825 0.22153
5.83 0.221224
5.835 0.220919
5.84 0.220614
5.845 0.22031
5.85 0.220007
5.855 0.219704
5.86 0.219401
5.865 0.2191
5.87 0.218798
5.875 0.218498
5.88 0.218197
5.885 0.217898
5.89 0.217599
5.895 0.2173
5.9 0.217002
5.905 0.216705
5.91 0.216408
5.915 0.216112
5.92 0.215816
5.925 0.21552
5.93 0.215226
5.935 0.214932
5.94 0.214638
5.945 0.214345
5.95 0.214052
5.955 0.21376
5.96 0.213469
5.965 0.213178
5.97 0.212887
5.975 0.212597
5.98 0.212308
5.985 0.212019
5.99 0.211731
5.995 0.211443
6 0.211156
6.005 0.210869
6.01 0.210583
6.015 0.210297
6.02 0.210012
6.025 0.209727
6.03 0.209443
6.035 0.209159
6.04 0.208876
6.045 0.208594
6.05 0.208312
6.055 0.20803
6.06 0.207749
6.065 0.207469
6.07 0.207189
6.075 0.206909
6.08 0.20663
6.085 0.206352
6.09 0.206074
6.095 0.205796
6.1 0.205519
6.105 0.205243
6.11 0.204967
6.115 0.204691
6.12 0.204416
6.125 0.204142
6.13 0.203868
6.135 0.203595
6.14 0.203322
6.145 0.203049
6.15 0.202777
6.155 0.202506
6.16 0.202235
6.165 0.201964
6.17 0.201694
6.175 0.201425
6.18 0.201156
6.185 0.200887
6.19 0.200619
6.195 0.200352
6.2 0.200085
6.205 0.199818
6.21 0.199552
6.215 0.199286
6.22 0.199021
6.225 0.198757
6.23 0.198492
6.235 0.198229
6.24 0.197966
6.245 0.197703
6.25 0.197441
6.255 0.197179
6.26 0.196917
6.265 0.196657
6.27 0.196396
6.275 0.196136
6.28 0.195877
6.285 0.195618
6.29 0.19536
6.295 0.195102
6.3 0.194844
6.305 0.194587
6.31 0.19433
6.315 0.194074
6.32 0.193818
6.325 0.193563
6.33 0.193308
6.335 0.193054
6.34 0.1928
6.345 0.192547
6.35 0.192294
6.355 0.192041
6.36 0.191789
6.365 0.191538
6.37 0.191287
6.375 0.191036
6.38 0.190786
6.385 0.190536
6.39 0.190287
6.395 0.190038
6.4 0.189789
6.405 0.189541
6.41 0.189294
6.415 0.189047
6.42 0.1888
6.425 0.188554
6.43 0.188308
6.435 0.188063
6.44 0.187818
6.445 0.187573
6.45 0.187329
6.455 0.187086
6.46 0.186843
6.465 0.1866
6.47 0.186358
6.475 0.186116
6.48 0.185875
6.485 0.185634
6.49 0.185393
6.495 0.185153
6.5 0.184913
6.505 0.184674
6.51 0.184435
6.515 0.184197
6.52 0.183959
6.525 0.183721
6.53 0.183484
6.535 0.183248
6.54 0.183011
6.545 0.182775
6.55 0.18254
6.555 0.182305
6.56 0.18207
6.565 0.181836
6.57 0.181603
6.575 0.181369
6.58 0.181136
6.585 0.180904
6.59 0.180672
6.595 0.18044
6.6 0.180209
6.605 0.179978
6.61 0.179747
6.615 0.179517
6.62 0.179288
6.625 0.179059
6.63 0.17883
6.635 0.178601
6.64 0.178373
6.645 0.178146
6.65 0.177918
6.655 0.177692
6.66 0.177465
6.665 0.177239
6.67 0.177014
6.675 0.176788
6.68 0.176564
6.685 0.176339
6.69 0.176115
6.695 0.175892
6.7 0.175668
6.705 0.175446
6.71 0.175223
6.715 0.175001
6.72 0.17478
6.725 0.174558
6.73 0.174337
6.735 0.174117
6.74 0.173897
6.745 0.173677
6.75 0.173458
6.755 0.173239
6.76 0.17302
6.765 0.172802
6.77 0.172585
6.775 0.172367
6.78 0.17215
6.785 0.171934
6.79 0.171717
6.795 0.171501
6.8 0.171286
6.805 0.171071
6.81 0.170856
6.815 0.170642
6.82 0.170428
6.825 0.170214
6.83 0.170001
6.835 0.169788
6.84 0.169576
6.845 0.169363
6.85 0.169152
6.855 0.16894
6.86 0.168729
6.865 0.168519
6.87 0.168308
6.875 0.168099
6.88 0.167889
6.885 0.16768
6.89 0.167471
6.895 0.167263
6.9 0.167055
6.905 0.166847
6.91 0.16664
6.915 0.166433
6.92 0.166226
6.925 0.16602
6.93 0.165814
6.935 0.165608
6.94 0.165403
6.945 0.165198
6.95 0.164994
6.955 0.16479
6.96 0.164586
6.965 0.164382
6.97 0.164179
6.975 0.163977
6.98 0.163774
6.985 0.163572
6.99 0.163371
6.995 0.163169
7 0.162968
7.005 0.162768
7.01 0.162567
7.015 0.162368
7.02 0.162168
7.025 0.161969
7.03 0.16177
7.035 0.161571
7.04 0.161373
7.045 0.161175
7.05 0.160978
7.055 0.160781
7.06 0.160584
7.065 0.160387
7.07 0.160191
7.075 0.159995
7.08 0.1598
7.085 0.159605
7.09 0.15941
7.095 0.159215
7.1 0.159021
7.105 0.158827
7.11 0.158634
7.115 0.158441
7.12 0.158248
7.125 0.158055
7.13 0.157863
7.135 0.157671
7.14 0.15748
7.145 0.157289
7.15 0.157098
7.155 0.156907
7.16 0.156717
7.165 0.156527
7.17 0.156338
7.175 0.156149
7.18 0.15596
7.185 0.155771
7.19 0.155583
7.195 0.155395
7.2 0.155207
7.205 0.15502
7.21 0.154833
7.215 0.154647
7.22 0.15446
7.225 0.154274
7.23 0.154089
7.235 0.153903
7.24 0.153718
7.245 0.153533
7.25 0.153349
7.255 0.153165
7.26 0.152981
7.265 0.152797
7.27 0.152614
7.275 0.152431
7.28 0.152249
7.285 0.152067
7.29 0.151885
7.295 0.151703
7.3 0.151522
7.305 0.151341
7.31 0.15116
7.315 0.15098
7.32 0.150799
7.325 0.15062
7.33 0.15044
7.335 0.150261
7.34 0.150082
7.345 0.149903
7.35 0.149725
7.355 0.149547
7.36 0.14937
7.365 0.149192
7.37 0.149015
7.375 0.148838
7.38 0.148662
7.385 0.148486
7.39 0.14831
7.395 0.148134
7.4 0.147959
7.405 0.147784
7.41 0.147609
7.415 0.147435
7.42 0.14726
7.425 0.147087
7.43 0.146913
7.435 0.14674
7.44 0.146567
7.445 0.146394
7.45 0.146222
7.455 0.14605
7.46 0.145878
7.465 0.145706
7.47 0.145535
7.475 0.145364
7.48 0.145193
7.485 0.145023
7.49 0.144853
7.495 0.144683
7.5 0.144514
7.505 0.144344
7.51 0.144175
7.515 0.144007
7.52 0.143838
7.525 0.14367
7.53 0.143502
7.535 0.143335
7.54 0.143167
7.545 0.143
7.55 0.142834
7.555 0.142667
7.56 0.142501
7.565 0.142335
7.57 0.142169
7.575 0.142004
7.58 0.141839
7.585 0.141674
7.59 0.14151
7.595 0.141345
7.6 0.141181
7.605 0.141018
7.61 0.140854
7.615 0.140691
7.62 0.140528
7.625 0.140366
7.63 0.140203
7.635 0.140041
7.64 0.139879
7.645 0.139718
7.65 0.139556
7.655 0.139395
7.66 0.139234
7.665 0.139074
7.67 0.138914
7.675 0.138754
7.68 0.138594
7.685 0.138435
7.69 0.138275
7.695 0.138116
7.7 0.137958
7.705 0.137799
7.71 0.137641
7.715 0.137483
7.72 0.137326
7.725 0.137168
7.73 0.137011
7.735 0.136854
7.74 0.136698
7.745 0.136541
7.75 0.136385
7.755 0.136229
7.76 0.136074
7.765 0.135918
7.77 0.135763
7.775 0.135609
7.78 0.135454
7.785 0.1353
7.79 0.135146
7.795 0.134992
7.8 0.134838
7.805 0.134685
7.81 0.134532
7.815 0.134379
7.82 0.134226
7.825 0.134074
7.83 0.133922
7.835 0.13377
7.84 0.133619
7.845 0.133467
7.85 0.133316
7.855 0.133165
7.86 0.133015
7.865 0.132864
7.87 0.132714
7.875 0.132564
7.88 0.132415
7.885 0.132265
7.89 0.132116
7.895 0.131967
7.9 0.131819
7.905 0.13167
7.91 0.131522
7.915 0.131374
7.92 0.131226
7.925 0.131079
7.93 0.130932
7.935 0.130785
7.94 0.130638
7.945 0.130491
7.95 0.130345
7.955 0.130199
7.96 0.130053
7.965 0.129908
7.97 0.129762
7.975 0.129617
7.98 0.129472
7.985 0.129328
7.99 0.129183
7.995 0.129039
8 0.128895
8.005 0.128751
8.01 0.128608
8.015 0.128465
8.02 0.128321
8.025 0.128179
8.03 0.128036
8.035 0.127894
8.04 0.127752
8.045 0.12761
8.05 0.127468
8.055 0.127327
8.06 0.127185
8.065 0.127044
8.07 0.126904
8.075 0.126763
8.08 0.126623
8.085 0.126483
8.09 0.126343
8.095 0.126203
8.1 0.126064
8.105 0.125924
8.11 0.125785
8.115 0.125647
8.12 0.125508
8.125 0.12537
8.13 0.125232
8.135 0.125094
8.14 0.124956
8.145 0.124819
8.15 0.124681
8.155 0.124544
8.16 0.124408
8.165 0.124271
8.17 0.124135
8.175 0.123998
8.18 0.123862
8.185 0.123727
8.19 0.123591
8.195 0.123456
8.2 0.123321
8.205 0.123186
8.21 0.123051
8.215 0.122917
8.22 0.122783
8.225 0.122649
8.23 0.122515
8.235 0.122381
8.24 0.122248
8.245 0.122115
8.25 0.121982
8.255 0.121849
8.26 0.121716
8.265 0.121584
8.27 0.121452
8.275 0.12132
8.28 0.121188
8.285 0.121056
8.29 0.120925
8.295 0.120794
8.3 0.120663
8.305 0.120532
8.31 0.120402
8.315 0.120272
8.32 0.120142
8.325 0.120012
8.33 0.119882
8.335 0.119752
8.34 0.119623
8.345 0.119494
8.35 0.119365
8.355 0.119236
8.36 0.119108
8.365 0.11898
8.37 0.118852
8.375 0.118724
8.38 0.118596
8.385 0.118469
8.39 0.118341
8.395 0.118214
8.4 0.118087
8.405 0.117961
8.41 0.117834
8.415 0.117708
8.42 0.117582
8.425 0.117456
8.43 0.11733
8.435 0.117204
8.44 0.117079
8.445 0.116954
8.45 0.116829
8.455 0.116704
8.46 0.11658
8.465 0.116455
8.47 0.116331
8.475 0.116207
8.48 0.116083
8.485 0.11596
8.49 0.115836
8.495 0.115713
8.5 0.11559
8.505 0.115467
8.51 0.115344
8.515 0.115222
8.52 0.1151
8.525 0.114978
8.53 0.114856
8.535 0.114734
8.54 0.114612
8.545 0.114491
8.55 0.11437
8.555 0.114249
8.56 0.114128
8.565 0.114008
8.57 0.113887
8.575 0.113767
8.58 0.113647
8.585 0.113527
8.59 0.113407
8.595 0.113288
8.6 0.113168
8.605 0.113049
8.61 0.11293
8.615 0.112811
8.62 0.112693
8.625 0.112574
8.63 0.112456
8.635 0.112338
8.64 0.11222
8.645 0.112103
8.65 0.111985
8.655 0.111868
8.66 0.11175
8.665 0.111633
8.67 0.111517
8.675 0.1114
8.68 0.111284
8.685 0.111167
8.69 0.111051
8.695 0.110935
8.7 0.110819
8.705 0.110704
8.71 0.110588
8.715 0.110473
8.72 0.110358
8.725 0.110243
8.73 0.110129
8.735 0.110014
8.74 0.1099
8.745 0.109785
8.75 0.109671
8.755 0.109558
8.76 0.109444
8.765 0.10933
8.77 0.109217
8.775 0.109104
8.78 0.108991
8.785 0.108878
8.79 0.108765
8.795 0.108653
8.8 0.108541
8.805 0.108428
8.81 0.108316
8.815 0.108205
8.82 0.108093
8.825 0.107981
8.83 0.10787
8.835 0.107759
8.84 0.107648
8.845 0.107537
8.85 0.107426
8.855 0.107316
8.86 0.107206
8.865 0.107096
8.87 0.106986
8.875 0.106876
8.88 0.106766
8.885 0.106657
8.89 0.106547
8.895 0.106438
8.9 0.106329
8.905 0.10622
8.91 0.106111
8.915 0.106003
8.92 0.105895
8.925 0.105786
8.93 0.105678
8.935 0.10557
8.94 0.105463
8.945 0.105355
8.95 0.105248
8.955 0.10514
8.96 0.105033
8.965 0.104926
8.97 0.10482
8.975 0.104713
8.98 0.104606
8.985 0.1045
8.99 0.104394
8.995 0.104288
9 0.104182
9.005 0.104077
9.01 0.103971
9.015 0.103866
9.02 0.10376
9.025 0.103655
9.03 0.10355
9.035 0.103446
9.04 0.103341
9.045 0.103237
9.05 0.103132
9.055 0.103028
9.06 0.102924
9.065 0.10282
9.07 0.102717
9.075 0.102613
9.08 0.10251
9.085 0.102407
9.09 0.102304
9.095 0.102201
9.1 0.102098
9.105 0.101995
9.11 0.101893
9.115 0.10179
9.12 0.101688
9.125 0.101586
9.13 0.101484
9.135 0.101383
9.14 0.101281
9.145 0.10118
9.15 0.101078
9.155 0.100977
9.16 0.100876
9.165 0.100775
9.17 0.100675
9.175 0.100574
9.18 0.100474
9.185 0.100374
9.19 0.100273
9.195 0.100173
9.2 0.100074
9.205 0.0999739
9.21 0.0998744
9.215 0.099775
9.22 0.0996758
9.225 0.0995767
9.23 0.0994777
9.235 0.0993789
9.24 0.0992802
9.245 0.0991817
9.25 0.0990833
9.255 0.0989851
9.26 0.098887
9.265 0.098789
9.27 0.0986912
9.275 0.0985935
9.28 0.098496
9.285 0.0983986
9.29 0.0983014
9.295 0.0982042
9.3 0.0981073
9.305 0.0980104
9.31 0.0979137
9.315 0.0978172
9.32 0.0977208
9.325 0.0976245
9.33 0.0975283
9.335 0.0974323
9.34 0.0973365
9.345 0.0972407
9.35 0.0971451
9.355 0.0970497
9.36 0.0969544
9.365 0.0968592
9.37 0.0967641
9.375 0.0966692
9.38 0.0965744
9.385 0.0964798
9.39 0.0963853
9.395 0.0962909
9.4 0.0961967
9.405 0.0961026
9.41 0.0960086
9.415 0.0959148
9.42 0.0958211
9.425 0.0957275
9.43 0.0956341
9.435 0.0955408
9.44 0.0954476
9.445 0.0953546
9.45 0.0952617
9.455 0.0951689
9.46 0.0950763
9.465 0.0949838
9.47 0.0948914
9.475 0.0947992
9.48 0.0947071
9.485 0.0946151
9.49 0.0945232
9.495 0.0944315
9.5 0.0943399
9.505 0.0942485
9.51 0.0941571
9.515 0.0940659
9.52 0.0939748
9.525 0.0938839
9.53 0.0937931
9.535 0.0937024
9.54 0.0936118
9.545 0.0935214
9.55 0.0934311
9.555 0.0933409
9.56 0.0932508
9.565 0.0931609
9.57 0.0930711
9.575 0.0929814
9.58 0.0928919
9.585 0.0928025
9.59 0.0927132
9.595 0.092624
9.6 0.092535
9.605 0.092446
9.61 0.0923572
9.615 0.0922686
9.62 0.09218
9.625 0.0920916
9.63 0.0920033
9.635 0.0919151
9.64 0.0918271
9.645 0.0917392
9.65 0.0916513
9.655 0.0915637
9.66 0.0914761
9.665 0.0913887
9.67 0.0913013
9.675 0.0912142
9.68 0.0911271
9.685 0.0910401
9.69 0.0909533
9.695 0.0908666
9.7 0.09078
9.705 0.0906935
9.71 0.0906072
9.715 0.090521
9.72 0.0904348
9.725 0.0903489
9.73 0.090263
9.735 0.0901772
9.74 0.0900916
9.745 0.0900061
9.75 0.0899207
9.755 0.0898354
9.76 0.0897503
9.765 0.0896652
9.77 0.0895803
9.775 0.0894955
9.78 0.0894108
9.785 0.0893263
9.79 0.0892418
9.795 0.0891575
9.8 0.0890732
9.805 0.0889891
9.81 0.0889052
9.815 0.0888213
9.82 0.0887375
9.825 0.0886539
9.83 0.0885704
9.835 0.088487
9.84 0.0884037
9.845 0.0883205
9.85 0.0882374
9.855 0.0881545
9.86 0.0880716
9.865 0.0879889
9.87 0.0879063
9.875 0.0878238
9.88 0.0877414
9.885 0.0876591
9.89 0.087577
9.895 0.0874949
9.9 0.087413
9.905 0.0873312
9.91 0.0872495
9.915 0.0871679
9.92 0.0870864
9.925 0.087005
9.93 0.0869238
9.935 0.0868426
9.94 0.0867616
9.945 0.0866806
9.95 0.0865998
9.955 0.0865191
9.96 0.0864385
9.965 0.086358
9.97 0.0862777
9.975 0.0861974
9.98 0.0861172
9.985 0.0860372
9.99 0.0859572
9.995 0.0858774
