0 -nan
0.005 0.227769
0.01 0.233698
0.015 0.601446
0.02 0.0889135
0.025 0.491938
0.03 0.341592
0.035 0.0909018
0.04 0.44382
0.045 0.0833932
0.05 0.275962
0.055 0.145791
0.06 0.307434
0.065 0.486645
0.07 0.363328
0.075 0.0234206
0.08 0.0242538
0.085 0.0396322
0.09 0.350544
0.095 0.92842
0.1 0.399503
0.105 0.309362
0.11 0.847644
0.115 0.180623
0.12 0.779312
0.125 0.476184
0.13 0.267754
0.135 0.991093
0.14 0.221302
0.145 0.303495
0.15 0.975247
0.155 0.538619
0.16 0.0464819
0.165 0.479285
0.17 0.954989
0.175 0.691416
0.18 0.157574
0.185 0.0910024
0.19 0.510198
0.195 0.89215
0.2 0.857894
0.205 0.487698
0.21 0.127465
0.215 0.0462552
0.22 0.263672
0.225 0.602887
0.23 0.849234
0.235 0.879942
0.24 0.704024
0.245 0.424814
0.25 0.170964
0.255 0.0376434
0.26 0.0585154
0.265 0.208526
0.27 0.425926
0.275 0.639661
0.28 0.791774
0.285 0.849894
0.29 0.809622
0.295 0.689422
0.3 0.521639
0.305 0.3429
0.31 0.18615
0.315 0.0754429
0.32 0.0236584
0.325 0.032688
0.33 0.0953382
0.335 0.198147
0.34 0.324423
0.345 0.456994
0.35 0.58038
0.355 0.682248
0.36 0.75417
0.365 0.791785
0.37 0.794488
0.375 0.764821
0.38 0.707696
0.385 0.629571
0.39 0.537665
0.395 0.439281
0.4 0.341261
0.405 0.249586
0.41 0.169118
0.415 0.10348
0.42 0.0550289
0.425 0.0249221
0.43 0.0132402
0.435 0.0191499
0.44 0.0410853
0.445 0.0769358
0.45 0.124226
0.455 0.180279
0.46 0.242364
0.465 0.307815
0.47 0.374126
0.475 0.439028
0.48 0.500535
0.485 0.556974
0.49 0.607004
0.495 0.649608
0.5 0.684087
0.505 0.710035
0.51 0.727312
0.515 0.736016
0.52 0.736446
0.525 0.729069
0.53 0.714489
0.535 0.693413
0.54 0.666618
0.545 0.634932
0.55 0.599202
0.555 0.560278
0.56 0.518992
0.565 0.476146
0.57 0.432498
0.575 0.388753
0.58 0.345558
0.585 0.303493
0.59 0.263076
0.595 0.224753
0.6 0.188906
0.605 0.155847
0.61 0.12583
0.615 0.0990442
0.62 0.0756256
0.625 0.0556567
0.63 0.039173
0.635 0.0261667
0.64 0.0165919
0.645 0.0103688
0.65 0.00738855
0.655 0.00751719
0.66 0.0106001
0.665 0.0164655
0.67 0.0249286
0.675 0.0357942
0.68 0.0488604
0.685 0.0639208
0.69 0.0807673
0.695 0.0991923
0.7 0.11899
0.705 0.13996
0.71 0.161904
0.715 0.184635
0.72 0.20797
0.725 0.231735
0.73 0.255767
0.735 0.279909
0.74 0.304018
0.745 0.327957
0.75 0.351603
0.755 0.374839
0.76 0.397562
0.765 0.419677
0.77 0.441098
0.775 0.461749
0.78 0.481564
0.785 0.500485
0.79 0.518462
0.795 0.535453
0.8 0.551424
0.805 0.566347
0.81 0.580202
0.815 0.592975
0.82 0.604657
0.825 0.615245
0.83 0.624739
0.835 0.633147
0.84 0.640479
0.845 0.646749
0.85 0.651973
0.855 0.656173
0.86 0.659372
0.865 0.661595
0.87 0.662869
0.875 0.663225
0.88 0.662693
0.885 0.661305
0.89 0.659095
0.895 0.656097
0.9 0.652345
0.905 0.647875
0.91 0.642722
0.915 0.636922
0.92 0.630511
0.925 0.623524
0.93 0.615996
0.935 0.607962
0.94 0.599457
0.945 0.590514
0.95 0.581167
0.955 0.571449
0.96 0.56139
0.965 0.551022
0.97 0.540376
0.975 0.529481
0.98 0.518364
0.985 0.507054
0.99 0.495577
0.995 0.483959
1 0.472224
1.005 0.460395
1.01 0.448497
1.015 0.43655
1.02 0.424574
1.025 0.412591
1.03 0.400618
1.035 0.388674
1.04 0.376775
1.045 0.364938
1.05 0.353178
1.055 0.341509
1.06 0.329945
1.065 0.318498
1.07 0.30718
1.075 0.296003
1.08 0.284977
1.085 0.274111
1.09 0.263414
1.095 0.252895
1.1 0.242561
1.105 0.232418
1.11 0.222475
1.115 0.212735
1.12 0.203205
1.125 0.193888
1.13 0.18479
1.135 0.175914
1.14 0.167262
1.145 0.158838
1.15 0.150643
1.155 0.14268
1.16 0.134951
1.165 0.127455
1.17 0.120195
1.175 0.11317
1.18 0.10638
1.185 0.0998262
1.19 0.0935068
1.195 0.0874214
1.2 0.0815692
1.205 0.0759488
1.21 0.0705588
1.215 0.0653976
1.22 0.0604633
1.225 0.0557539
1.23 0.0512673
1.235 0.047001
1.24 0.0429526
1.245 0.0391195
1.25 0.035499
1.255 0.0320881
1.26 0.028884
1.265 0.0258837
1.27 0.023084
1.275 0.0204817
1.28 0.0180736
1.285 0.0158563
1.29 0.0138265
1.295 0.0119807
1.3 0.0103156
1.305 0.00882763
1.31 0.00751326
1.315 0.00636898
1.32 0.00539124
1.325 0.00457649
1.33 0.00392117
1.335 0.00342171
1.34 0.00307455
1.345 0.00287614
1.35 0.00282293
1.355 0.0029114
1.36 0.00313802
1.365 0.00349931
1.37 0.00399179
1.375 0.00461202
1.38 0.00535658
1.385 0.00622208
1.39 0.00720517
1.395 0.00830251
1.4 0.00951082
1.405 0.0108269
1.41 0.0122474
1.415 0.0137693
1.42 0.0153893
1.425 0.0171045
1.43 0.0189118
1.435 0.0208081
1.44 0.0227905
1.445 0.0248561
1.45 0.0270021
1.455 0.0292255
1.46 0.0315237
1.465 0.0338938
1.47 0.0363333
1.475 0.0388395
1.48 0.0414099
1.485 0.0440417
1.49 0.0467327
1.495 0.0494803
1.5 0.0522822
1.505 0.055136
1.51 0.0580394
1.515 0.0609902
1.52 0.0639861
1.525 0.067025
1.53 0.0701048
1.535 0.0732235
1.54 0.076379
1.545 0.0795693
1.55 0.0827925
1.555 0.0860467
1.56 0.0893302
1.565 0.092641
1.57 0.0959774
1.575 0.0993378
1.58 0.10272
1.585 0.106124
1.59 0.109546
1.595 0.112986
1.6 0.116441
1.605 0.119912
1.61 0.123395
1.615 0.12689
1.62 0.130395
1.625 0.13391
1.63 0.137432
1.635 0.14096
1.64 0.144494
1.645 0.148032
1.65 0.151573
1.655 0.155116
1.66 0.158659
1.665 0.162202
1.67 0.165744
1.675 0.169284
1.68 0.17282
1.685 0.176352
1.69 0.179879
1.695 0.1834
1.7 0.186914
1.705 0.19042
1.71 0.193918
1.715 0.197407
1.72 0.200886
1.725 0.204354
1.73 0.207811
1.735 0.211256
1.74 0.214689
1.745 0.218108
1.75 0.221513
1.755 0.224904
1.76 0.22828
1.765 0.23164
1.77 0.234985
1.775 0.238313
1.78 0.241623
1.785 0.244917
1.79 0.248192
1.795 0.251449
1.8 0.254688
1.805 0.257907
1.81 0.261107
1.815 0.264287
1.82 0.267447
1.825 0.270587
1.83 0.273705
1.835 0.276803
1.84 0.279879
1.845 0.282934
1.85 0.285967
1.855 0.288978
1.86 0.291966
1.865 0.294932
1.87 0.297875
1.875 0.300795
1.88 0.303693
1.885 0.306567
1.89 0.309417
1.895 0.312244
1.9 0.315047
1.905 0.317827
1.91 0.320583
1.915 0.323314
1.92 0.326022
1.925 0.328705
1.93 0.331364
1.935 0.333999
1.94 0.33661
1.945 0.339196
1.95 0.341757
1.955 0.344294
1.96 0.346807
1.965 0.349295
1.97 0.351758
1.975 0.354197
1.98 0.356611
1.985 0.359001
1.99 0.361366
1.995 0.363706
2 0.366022
2.005 0.368313
2.01 0.37058
2.015 0.372823
2.02 0.375041
2.025 0.377235
2.03 0.379404
2.035 0.38155
2.04 0.383671
2.045 0.385768
2.05 0.387841
2.055 0.38989
2.06 0.391915
2.065 0.393916
2.07 0.395894
2.075 0.397847
2.08 0.399778
2.085 0.401685
2.09 0.403568
2.095 0.405428
2.1 0.407265
2.105 0.409079
2.11 0.41087
2.115 0.412639
2.12 0.414384
2.125 0.416107
2.13 0.417807
2.135 0.419485
2.14 0.421141
2.145 0.422774
2.15 0.424385
2.155 0.425975
2.16 0.427542
2.165 0.429088
2.17 0.430613
2.175 0.432116
2.18 0.433598
2.185 0.435058
2.19 0.436498
2.195 0.437917
2.2 0.439315
2.205 0.440692
2.21 0.442049
2.215 0.443385
2.22 0.444702
2.225 0.445998
2.23 0.447274
2.235 0.448531
2.24 0.449768
2.245 0.450985
2.25 0.452183
2.255 0.453362
2.26 0.454521
2.265 0.455662
2.27 0.456784
2.275 0.457887
2.28 0.458972
2.285 0.460038
2.29 0.461087
2.295 0.462117
2.3 0.463129
2.305 0.464123
2.31 0.465099
2.315 0.466059
2.32 0.467
2.325 0.467925
2.33 0.468832
2.335 0.469722
2.34 0.470596
2.345 0.471453
2.35 0.472293
2.355 0.473117
2.36 0.473925
2.365 0.474716
2.37 0.475492
2.375 0.476251
2.38 0.476995
2.385 0.477724
2.39 0.478437
2.395 0.479134
2.4 0.479817
2.405 0.480484
2.41 0.481137
2.415 0.481775
2.42 0.482398
2.425 0.483007
2.43 0.483601
2.435 0.484181
2.44 0.484747
2.445 0.485299
2.45 0.485838
2.455 0.486362
2.46 0.486873
2.465 0.487371
2.47 0.487855
2.475 0.488326
2.48 0.488784
2.485 0.489229
2.49 0.489661
2.495 0.490081
2.5 0.490487
2.505 0.490882
2.51 0.491264
2.515 0.491634
2.52 0.491992
2.525 0.492338
2.53 0.492672
2.535 0.492994
2.54 0.493305
2.545 0.493604
2.55 0.493892
2.555 0.494168
2.56 0.494434
2.565 0.494688
2.57 0.494931
2.575 0.495164
2.58 0.495386
2.585 0.495597
2.59 0.495798
2.595 0.495989
2.6 0.496169
2.605 0.496339
2.61 0.496499
2.615 0.496649
2.62 0.496789
2.625 0.496919
2.63 0.49704
2.635 0.497152
2.64 0.497253
2.645 0.497346
2.65 0.497429
2.655 0.497503
2.66 0.497568
2.665 0.497625
2.67 0.497672
2.675 0.497711
2.68 0.497741
2.685 0.497762
2.69 0.497775
2.695 0.49778
2.7 0.497776
2.705 0.497764
2.71 0.497744
2.715 0.497716
2.72 0.49768
2.725 0.497637
2.73 0.497585
2.735 0.497526
2.74 0.497459
2.745 0.497385
2.75 0.497304
2.755 0.497215
2.76 0.497119
2.765 0.497016
2.77 0.496906
2.775 0.496789
2.78 0.496664
2.785 0.496534
2.79 0.496396
2.795 0.496252
2.8 0.496101
2.805 0.495943
2.81 0.49578
2.815 0.495609
2.82 0.495433
2.825 0.49525
2.83 0.495062
2.835 0.494867
2.84 0.494666
2.845 0.49446
2.85 0.494247
2.855 0.494029
2.86 0.493805
2.865 0.493575
2.87 0.49334
2.875 0.493099
2.88 0.492853
2.885 0.492602
2.89 0.492345
2.895 0.492083
2.9 0.491816
2.905 0.491544
2.91 0.491267
2.915 0.490985
2.92 0.490698
2.925 0.490406
2.93 0.490109
2.935 0.489807
2.94 0.489501
2.945 0.489191
2.95 0.488875
2.955 0.488556
2.96 0.488232
2.965 0.487903
2.97 0.48757
2.975 0.487233
2.98 0.486892
2.985 0.486546
2.99 0.486197
2.995 0.485843
3 0.485486
3.005 0.485124
3.01 0.484759
3.015 0.48439
3.02 0.484017
3.025 0.48364
3.03 0.48326
3.035 0.482876
3.04 0.482489
3.045 0.482098
3.05 0.481703
3.055 0.481305
3.06 0.480904
3.065 0.480499
3.07 0.480091
3.075 0.47968
3.08 0.479266
3.085 0.478849
3.09 0.478428
3.095 0.478004
3.1 0.477578
3.105 0.477148
3.11 0.476716
3.115 0.47628
3.12 0.475842
3.125 0.475401
3.13 0.474957
3.135 0.474511
3.14 0.474061
3.145 0.473609
3.15 0.473155
3.155 0.472698
3.16 0.472239
3.165 0.471777
3.17 0.471312
3.175 0.470845
3.18 0.470376
3.185 0.469905
3.19 0.469431
3.195 0.468955
3.2 0.468477
3.205 0.467996
3.21 0.467514
3.215 0.467029
3.22 0.466542
3.225 0.466053
3.23 0.465562
3.235 0.46507
3.24 0.464575
3.245 0.464078
3.25 0.46358
3.255 0.463079
3.26 0.462577
3.265 0.462073
3.27 0.461567
3.275 0.46106
3.28 0.460551
3.285 0.46004
3.29 0.459527
3.295 0.459013
3.3 0.458498
3.305 0.45798
3.31 0.457462
3.315 0.456942
3.32 0.45642
3.325 0.455897
3.33 0.455372
3.335 0.454847
3.34 0.454319
3.345 0.453791
3.35 0.453261
3.355 0.45273
3.36 0.452197
3.365 0.451664
3.37 0.451129
3.375 0.450593
3.38 0.450056
3.385 0.449518
3.39 0.448979
3.395 0.448438
3.4 0.447897
3.405 0.447354
3.41 0.446811
3.415 0.446266
3.42 0.445721
3.425 0.445175
3.43 0.444627
3.435 0.444079
3.44 0.44353
3.445 0.44298
3.45 0.442429
3.455 0.441878
3.46 0.441326
3.465 0.440772
3.47 0.440219
3.475 0.439664
3.48 0.439109
3.485 0.438553
3.49 0.437996
3.495 0.437439
3.5 0.436881
3.505 0.436322
3.51 0.435763
3.515 0.435203
3.52 0.434643
3.525 0.434082
3.53 0.433521
3.535 0.432959
3.54 0.432397
3.545 0.431834
3.55 0.431271
3.555 0.430707
3.56 0.430143
3.565 0.429578
3.57 0.429013
3.575 0.428448
3.58 0.427882
3.585 0.427316
3.59 0.42675
3.595 0.426184
3.6 0.425617
3.605 0.425049
3.61 0.424482
3.615 0.423914
3.62 0.423346
3.625 0.422778
3.63 0.422209
3.635 0.421641
3.64 0.421072
3.645 0.420503
3.65 0.419934
3.655 0.419365
3.66 0.418795
3.665 0.418226
3.67 0.417656
3.675 0.417086
3.68 0.416517
3.685 0.415947
3.69 0.415377
3.695 0.414807
3.7 0.414237
3.705 0.413667
3.71 0.413097
3.715 0.412527
3.72 0.411957
3.725 0.411387
3.73 0.410817
3.735 0.410247
3.74 0.409677
3.745 0.409107
3.75 0.408538
3.755 0.407968
3.76 0.407399
3.765 0.406829
3.77 0.40626
3.775 0.405691
3.78 0.405122
3.785 0.404553
3.79 0.403984
3.795 0.403416
3.8 0.402847
3.805 0.402279
3.81 0.401711
3.815 0.401144
3.82 0.400576
3.825 0.400009
3.83 0.399442
3.835 0.398875
3.84 0.398308
3.845 0.397742
3.85 0.397176
3.855 0.39661
3.86 0.396044
3.865 0.395479
3.87 0.394914
3.875 0.39435
3.88 0.393785
3.885 0.393221
3.89 0.392658
3.895 0.392094
3.9 0.391531
3.905 0.390969
3.91 0.390406
3.915 0.389845
3.92 0.389283
3.925 0.388722
3.93 0.388161
3.935 0.387601
3.94 0.387041
3.945 0.386481
3.95 0.385922
3.955 0.385363
3.96 0.384805
3.965 0.384247
3.97 0.383689
3.975 0.383132
3.98 0.382575
3.985 0.382019
3.99 0.381464
3.995 0.380908
4 0.380354
4.005 0.379799
4.01 0.379245
4.015 0.378692
4.02 0.378139
4.025 0.377587
4.03 0.377035
4.035 0.376484
4.04 0.375933
4.045 0.375382
4.05 0.374833
4.055 0.374283
4.06 0.373735
4.065 0.373186
4.07 0.372639
4.075 0.372092
4.08 0.371545
4.085 0.370999
4.09 0.370453
4.095 0.369908
4.1 0.369364
4.105 0.36882
4.11 0.368277
4.115 0.367734
4.12 0.367192
4.125 0.366651
4.13 0.36611
4.135 0.365569
4.14 0.36503
4.145 0.364491
4.15 0.363952
4.155 0.363414
4.16 0.362877
4.165 0.36234
4.17 0.361804
4.175 0.361268
4.18 0.360734
4.185 0.360199
4.19 0.359666
4.195 0.359133
4.2 0.3586
4.205 0.358069
4.21 0.357538
4.215 0.357007
4.22 0.356477
4.225 0.355948
4.23 0.35542
4.235 0.354892
4.24 0.354365
4.245 0.353838
4.25 0.353312
4.255 0.352787
4.26 0.352263
4.265 0.351739
4.27 0.351216
4.275 0.350693
4.28 0.350171
4.285 0.34965
4.29 0.34913
4.295 0.34861
4.3 0.348091
4.305 0.347572
4.31 0.347055
4.315 0.346538
4.32 0.346021
4.325 0.345506
4.33 0.344991
4.335 0.344476
4.34 0.343963
4.345 0.34345
4.35 0.342938
4.355 0.342426
4.36 0.341916
4.365 0.341406
4.37 0.340896
4.375 0.340388
4.38 0.33988
4.385 0.339372
4.39 0.338866
4.395 0.33836
4.4 0.337855
4.405 0.337351
4.41 0.336847
4.415 0.336344
4.42 0.335842
4.425 0.335341
4.43 0.33484
4.435 0.33434
4.44 0.333841
4.445 0.333342
4.45 0.332845
4.455 0.332347
4.46 0.331851
4.465 0.331356
4.47 0.330861
4.475 0.330367
4.48 0.329873
4.485 0.329381
4.49 0.328889
4.495 0.328398
4.5 0.327907
4.505 0.327417
4.51 0.326928
4.515 0.32644
4.52 0.325953
4.525 0.325466
4.53 0.32498
4.535 0.324495
4.54 0.32401
4.545 0.323527
4.55 0.323044
4.555 0.322561
4.56 0.32208
4.565 0.321599
4.57 0.321119
4.575 0.32064
4.58 0.320162
4.585 0.319684
4.59 0.319207
4.595 0.318731
4.6 0.318255
4.605 0.31778
4.61 0.317306
4.615 0.316833
4.62 0.316361
4.625 0.315889
4.63 0.315418
4.635 0.314948
4.64 0.314478
4.645 0.31401
4.65 0.313542
4.655 0.313074
4.66 0.312608
4.665 0.312142
4.67 0.311677
4.675 0.311213
4.68 0.31075
4.685 0.310287
4.69 0.309825
4.695 0.309364
4.7 0.308903
4.705 0.308444
4.71 0.307985
4.715 0.307527
4.72 0.307069
4.725 0.306613
4.73 0.306157
4.735 0.305702
4.74 0.305247
4.745 0.304794
4.75 0.304341
4.755 0.303889
4.76 0.303437
4.765 0.302987
4.77 0.302537
4.775 0.302088
4.78 0.301639
4.785 0.301192
4.79 0.300745
4.795 0.300299
4.8 0.299853
4.805 0.299409
4.81 0.298965
4.815 0.298522
4.82 0.298079
4.825 0.297638
4.83 0.297197
4.835 0.296757
4.84 0.296317
4.845 0.295879
4.85 0.295441
4.855 0.295004
4.86 0.294567
4.865 0.294132
4.87 0.293697
4.875 0.293263
4.88 0.292829
4.885 0.292397
4.89 0.291965
4.895 0.291533
4.9 0.291103
4.905 0.290673
4.91 0.290244
4.915 0.289816
4.92 0.289389
4.925 0.288962
4.93 0.288536
4.935 0.288111
4.94 0.287686
4.945 0.287262
4.95 0.286839
4.955 0.286417
4.96 0.285996
4.965 0.285575
4.97 0.285155
4.975 0.284735
4.98 0.284317
4.985 0.283899
4.99 0.283481
4.995 0.283065
5 0.282649
5.005 0.282234
5.01 0.28182
5.015 0.281407
5.02 0.280994
5.025 0.280582
5.03 0.28017
5.035 0.27976
5.04 0.27935
5.045 0.278941
5.05 0.278532
5.055 0.278124
5.06 0.277717
5.065 0.277311
5.07 0.276905
5.075 0.276501
5.08 0.276096
5.085 0.275693
5.09 0.27529
5.095 0.274888
5.1 0.274487
5.105 0.274086
5.11 0.273687
5.115 0.273287
5.12 0.272889
5.125 0.272491
5.13 0.272094
5.135 0.271698
5.14 0.271302
5.145 0.270907
5.15 0.270513
5.155 0.27012
5.16 0.269727
5.165 0.269335
5.17 0.268944
5.175 0.268553
5.18 0.268163
5.185 0.267774
5.19 0.267385
5.195 0.266997
5.2 0.26661
5.205 0.266223
5.21 0.265838
5.215 0.265452
5.22 0.265068
5.225 0.264684
5.23 0.264301
5.235 0.263919
5.24 0.263537
5.245 0.263156
5.25 0.262776
5.255 0.262396
5.26 0.262018
5.265 0.261639
5.27 0.261262
5.275 0.260885
5.28 0.260509
5.285 0.260133
5.29 0.259758
5.295 0.259384
5.3 0.259011
5.305 0.258638
5.31 0.258266
5.315 0.257894
5.32 0.257524
5.325 0.257154
5.33 0.256784
5.335 0.256415
5.34 0.256047
5.345 0.25568
5.35 0.255313
5.355 0.254947
5.36 0.254582
5.365 0.254217
5.37 0.253853
5.375 0.253489
5.38 0.253127
5.385 0.252764
5.39 0.252403
5.395 0.252042
5.4 0.251682
5.405 0.251323
5.41 0.250964
5.415 0.250606
5.42 0.250248
5.425 0.249891
5.43 0.249535
5.435 0.249179
5.44 0.248824
5.445 0.24847
5.45 0.248117
5.455 0.247764
5.46 0.247411
5.465 0.247059
5.47 0.246708
5.475 0.246358
5.48 0.246008
5.485 0.245659
5.49 0.245311
5.495 0.244963
5.5 0.244615
5.505 0.244269
5.51 0.243923
5.515 0.243578
5.52 0.243233
5.525 0.242889
5.53 0.242545
5.535 0.242203
5.54 0.24186
5.545 0.241519
5.55 0.241178
5.555 0.240837
5.56 0.240498
5.565 0.240159
5.57 0.23982
5.575 0.239482
5.58 0.239145
5.585 0.238809
5.59 0.238473
5.595 0.238137
5.6 0.237802
5.605 0.237468
5.61 0.237135
5.615 0.236802
5.62 0.23647
5.625 0.236138
5.63 0.235807
5.635 0.235476
5.64 0.235146
5.645 0.234817
5.65 0.234488
5.655 0.23416
5.66 0.233833
5.665 0.233506
5.67 0.23318
5.675 0.232854
5.68 0.232529
5.685 0.232204
5.69 0.231881
5.695 0.231557
5.7 0.231235
5.705 0.230912
5.71 0.230591
5.715 0.23027
5.72 0.22995
5.725 0.22963
5.73 0.229311
5.735 0.228992
5.74 0.228674
5.745 0.228357
5.75 0.22804
5.755 0.227724
5.76 0.227408
5.765 0.227093
5.77 0.226778
5.775 0.226464
5.78 0.226151
5.785 0.225838
5.79 0.225526
5.795 0.225214
5.8 0.224903
5.805 0.224593
5.81 0.224283
5.815 0.223973
5.82 0.223664
5.825 0.223356
5.83 0.223048
5.835 0.222741
5.84 0.222435
5.845 0.222129
5.85 0.221823
5.855 0.221518
5.86 0.221214
5.865 0.22091
5.87 0.220607
5.875 0.220304
5.88 0.220002
5.885 0.219701
5.89 0.2194
5.895 0.219099
5.9 0.218799
5.905 0.2185
5.91 0.218201
5.915 0.217903
5.92 0.217605
5.925 0.217308
5.93 0.217011
5.935 0.216715
5.94 0.21642
5.945 0.216125
5.95 0.21583
5.955 0.215536
5.96 0.215243
5.965 0.21495
5.97 0.214658
5.975 0.214366
5.98 0.214075
5.985 0.213784
5.99 0.213494
5.995 0.213204
6 0.212915
6.005 0.212626
6.01 0.212338
6.015 0.21205
6.02 0.211763
6.025 0.211477
6.03 0.211191
6.035 0.210905
6.04 0.21062
6.045 0.210336
6.05 0.210052
6.055 0.209769
6.06 0.209486
6.065 0.209203
6.07 0.208922
6.075 0.20864
6.08 0.208359
6.085 0.208079
6.09 0.207799
6.095 0.20752
6.1 0.207241
6.105 0.206963
6.11 0.206685
6.115 0.206408
6.12 0.206131
6.125 0.205855
6.13 0.205579
6.135 0.205304
6.14 0.205029
6.145 0.204755
6.15 0.204481
6.155 0.204207
6.16 0.203935
6.165 0.203662
6.17 0.203391
6.175 0.203119
6.18 0.202848
6.185 0.202578
6.19 0.202308
6.195 0.202039
6.2 0.20177
6.205 0.201502
6.21 0.201234
6.215 0.200966
6.22 0.200699
6.225 0.200433
6.23 0.200167
6.235 0.199902
6.24 0.199637
6.245 0.199372
6.25 0.199108
6.255 0.198845
6.26 0.198581
6.265 0.198319
6.27 0.198057
6.275 0.197795
6.28 0.197534
6.285 0.197273
6.29 0.197013
6.295 0.196753
6.3 0.196494
6.305 0.196235
6.31 0.195977
6.315 0.195719
6.32 0.195461
6.325 0.195204
6.33 0.194948
6.335 0.194692
6.34 0.194436
6.345 0.194181
6.35 0.193926
6.355 0.193672
6.36 0.193418
6.365 0.193165
6.37 0.192912
6.375 0.19266
6.38 0.192408
6.385 0.192156
6.39 0.191905
6.395 0.191655
6.4 0.191404
6.405 0.191155
6.41 0.190905
6.415 0.190657
6.42 0.190408
6.425 0.19016
6.43 0.189913
6.435 0.189666
6.44 0.189419
6.445 0.189173
6.45 0.188927
6.455 0.188682
6.46 0.188437
6.465 0.188193
6.47 0.187949
6.475 0.187706
6.48 0.187462
6.485 0.18722
6.49 0.186978
6.495 0.186736
6.5 0.186495
6.505 0.186254
6.51 0.186013
6.515 0.185773
6.52 0.185533
6.525 0.185294
6.53 0.185055
6.535 0.184817
6.54 0.184579
6.545 0.184342
6.55 0.184105
6.555 0.183868
6.56 0.183632
6.565 0.183396
6.57 0.18316
6.575 0.182925
6.58 0.182691
6.585 0.182457
6.59 0.182223
6.595 0.18199
6.6 0.181757
6.605 0.181524
6.61 0.181292
6.615 0.181061
6.62 0.180829
6.625 0.180598
6.63 0.180368
6.635 0.180138
6.64 0.179908
6.645 0.179679
6.65 0.17945
6.655 0.179222
6.66 0.178994
6.665 0.178766
6.67 0.178539
6.675 0.178312
6.68 0.178086
6.685 0.17786
6.69 0.177634
6.695 0.177409
6.7 0.177184
6.705 0.17696
6.71 0.176736
6.715 0.176512
6.72 0.176289
6.725 0.176066
6.73 0.175844
6.735 0.175622
6.74 0.1754
6.745 0.175179
6.75 0.174958
6.755 0.174737
6.76 0.174517
6.765 0.174298
6.77 0.174078
6.775 0.173859
6.78 0.173641
6.785 0.173423
6.79 0.173205
6.795 0.172987
6.8 0.17277
6.805 0.172554
6.81 0.172337
6.815 0.172121
6.82 0.171906
6.825 0.171691
6.83 0.171476
6.835 0.171262
6.84 0.171048
6.845 0.170834
6.85 0.170621
6.855 0.170408
6.86 0.170195
6.865 0.169983
6.87 0.169771
6.875 0.16956
6.88 0.169349
6.885 0.169138
6.89 0.168928
6.895 0.168718
6.9 0.168508
6.905 0.168299
6.91 0.16809
6.915 0.167882
6.92 0.167674
6.925 0.167466
6.93 0.167258
6.935 0.167051
6.94 0.166845
6.945 0.166638
6.95 0.166432
6.955 0.166227
6.96 0.166021
6.965 0.165817
6.97 0.165612
6.975 0.165408
6.98 0.165204
6.985 0.165001
6.99 0.164797
6.995 0.164595
7 0.164392
7.005 0.16419
7.01 0.163988
7.015 0.163787
7.02 0.163586
7.025 0.163385
7.03 0.163185
7.035 0.162985
7.04 0.162785
7.045 0.162586
7.05 0.162387
7.055 0.162188
7.06 0.16199
7.065 0.161792
7.07 0.161594
7.075 0.161397
7.08 0.1612
7.085 0.161004
7.09 0.160807
7.095 0.160611
7.1 0.160416
7.105 0.160221
7.11 0.160026
7.115 0.159831
7.12 0.159637
7.125 0.159443
7.13 0.159249
7.135 0.159056
7.14 0.158863
7.145 0.158671
7.15 0.158478
7.155 0.158286
7.16 0.158095
7.165 0.157904
7.17 0.157713
7.175 0.157522
7.18 0.157332
7.185 0.157142
7.19 0.156952
7.195 0.156763
7.2 0.156574
7.205 0.156385
7.21 0.156197
7.215 0.156009
7.22 0.155821
7.225 0.155634
7.23 0.155446
7.235 0.15526
7.24 0.155073
7.245 0.154887
7.25 0.154701
7.255 0.154516
7.26 0.154331
7.265 0.154146
7.27 0.153961
7.275 0.153777
7.28 0.153593
7.285 0.153409
7.29 0.153226
7.295 0.153043
7.3 0.15286
7.305 0.152678
7.31 0.152496
7.315 0.152314
7.32 0.152133
7.325 0.151952
7.33 0.151771
7.335 0.15159
7.34 0.15141
7.345 0.15123
7.35 0.15105
7.355 0.150871
7.36 0.150692
7.365 0.150513
7.37 0.150335
7.375 0.150157
7.38 0.149979
7.385 0.149801
7.39 0.149624
7.395 0.149447
7.4 0.149271
7.405 0.149094
7.41 0.148918
7.415 0.148742
7.42 0.148567
7.425 0.148392
7.43 0.148217
7.435 0.148042
7.44 0.147868
7.445 0.147694
7.45 0.14752
7.455 0.147347
7.46 0.147174
7.465 0.147001
7.47 0.146828
7.475 0.146656
7.48 0.146484
7.485 0.146312
7.49 0.146141
7.495 0.14597
7.5 0.145799
7.505 0.145629
7.51 0.145458
7.515 0.145288
7.52 0.145119
7.525 0.144949
7.53 0.14478
7.535 0.144611
7.54 0.144443
7.545 0.144274
7.55 0.144106
7.555 0.143939
7.56 0.143771
7.565 0.143604
7.57 0.143437
7.575 0.14327
7.58 0.143104
7.585 0.142938
7.59 0.142772
7.595 0.142607
7.6 0.142441
7.605 0.142276
7.61 0.142112
7.615 0.141947
7.62 0.141783
7.625 0.141619
7.63 0.141456
7.635 0.141292
7.64 0.141129
7.645 0.140966
7.65 0.140804
7.655 0.140642
7.66 0.14048
7.665 0.140318
7.67 0.140156
7.675 0.139995
7.68 0.139834
7.685 0.139673
7.69 0.139513
7.695 0.139353
7.7 0.139193
7.705 0.139033
7.71 0.138874
7.715 0.138715
7.72 0.138556
7.725 0.138397
7.73 0.138239
7.735 0.138081
7.74 0.137923
7.745 0.137765
7.75 0.137608
7.755 0.137451
7.76 0.137294
7.765 0.137138
7.77 0.136982
7.775 0.136825
7.78 0.13667
7.785 0.136514
7.79 0.136359
7.795 0.136204
7.8 0.136049
7.805 0.135895
7.81 0.13574
7.815 0.135586
7.82 0.135433
7.825 0.135279
7.83 0.135126
7.835 0.134973
7.84 0.13482
7.845 0.134667
7.85 0.134515
7.855 0.134363
7.86 0.134211
7.865 0.13406
7.87 0.133909
7.875 0.133758
7.88 0.133607
7.885 0.133456
7.89 0.133306
7.895 0.133156
7.9 0.133006
7.905 0.132856
7.91 0.132707
7.915 0.132558
7.92 0.132409
7.925 0.13226
7.93 0.132112
7.935 0.131964
7.94 0.131816
7.945 0.131668
7.95 0.131521
7.955 0.131374
7.96 0.131227
7.965 0.13108
7.97 0.130933
7.975 0.130787
7.98 0.130641
7.985 0.130495
7.99 0.13035
7.995 0.130204
8 0.130059
8.005 0.129915
8.01 0.12977
8.015 0.129626
8.02 0.129481
8.025 0.129337
8.03 0.129194
8.035 0.12905
8.04 0.128907
8.045 0.128764
8.05 0.128621
8.055 0.128479
8.06 0.128336
8.065 0.128194
8.07 0.128052
8.075 0.127911
8.08 0.127769
8.085 0.127628
8.09 0.127487
8.095 0.127346
8.1 0.127206
8.105 0.127065
8.11 0.126925
8.115 0.126785
8.12 0.126646
8.125 0.126506
8.13 0.126367
8.135 0.126228
8.14 0.126089
8.145 0.125951
8.15 0.125812
8.155 0.125674
8.16 0.125536
8.165 0.125399
8.17 0.125261
8.175 0.125124
8.18 0.124987
8.185 0.12485
8.19 0.124714
8.195 0.124577
8.2 0.124441
8.205 0.124305
8.21 0.124169
8.215 0.124034
8.22 0.123898
8.225 0.123763
8.23 0.123628
8.235 0.123494
8.24 0.123359
8.245 0.123225
8.25 0.123091
8.255 0.122957
8.26 0.122824
8.265 0.12269
8.27 0.122557
8.275 0.122424
8.28 0.122291
8.285 0.122159
8.29 0.122026
8.295 0.121894
8.3 0.121762
8.305 0.12163
8.31 0.121499
8.315 0.121367
8.32 0.121236
8.325 0.121105
8.33 0.120975
8.335 0.120844
8.34 0.120714
8.345 0.120584
8.35 0.120454
8.355 0.120324
8.36 0.120194
8.365 0.120065
8.37 0.119936
8.375 0.119807
8.38 0.119678
8.385 0.11955
8.39 0.119422
8.395 0.119293
8.4 0.119165
8.405 0.119038
8.41 0.11891
8.415 0.118783
8.42 0.118656
8.425 0.118529
8.43 0.118402
8.435 0.118276
8.44 0.118149
8.445 0.118023
8.45 0.117897
8.455 0.117771
8.46 0.117646
8.465 0.11752
8.47 0.117395
8.475 0.11727
8.48 0.117145
8.485 0.117021
8.49 0.116896
8.495 0.116772
8.5 0.116648
8.505 0.116524
8.51 0.116401
8.515 0.116277
8.52 0.116154
8.525 0.116031
8.53 0.115908
8.535 0.115785
8.54 0.115663
8.545 0.11554
8.55 0.115418
8.555 0.115296
8.56 0.115174
8.565 0.115053
8.57 0.114931
8.575 0.11481
8.58 0.114689
8.585 0.114568
8.59 0.114448
8.595 0.114327
8.6 0.114207
8.605 0.114087
8.61 0.113967
8.615 0.113847
8.62 0.113727
8.625 0.113608
8.63 0.113489
8.635 0.11337
8.64 0.113251
8.645 0.113132
8.65 0.113014
8.655 0.112895
8.66 0.112777
8.665 0.112659
8.67 0.112542
8.675 0.112424
8.68 0.112307
8.685 0.112189
8.69 0.112072
8.695 0.111955
8.7 0.111839
8.705 0.111722
8.71 0.111606
8.715 0.11149
8.72 0.111374
8.725 0.111258
8.73 0.111142
8.735 0.111027
8.74 0.110911
8.745 0.110796
8.75 0.110681
8.755 0.110567
8.76 0.110452
8.765 0.110337
8.77 0.110223
8.775 0.110109
8.78 0.109995
8.785 0.109881
8.79 0.109768
8.795 0.109654
8.8 0.109541
8.805 0.109428
8.81 0.109315
8.815 0.109202
8.82 0.10909
8.825 0.108977
8.83 0.108865
8.835 0.108753
8.84 0.108641
8.845 0.10853
8.85 0.108418
8.855 0.108307
8.86 0.108195
8.865 0.108084
8.87 0.107973
8.875 0.107863
8.88 0.107752
8.885 0.107642
8.89 0.107531
8.895 0.107421
8.9 0.107311
8.905 0.107202
8.91 0.107092
8.915 0.106983
8.92 0.106873
8.925 0.106764
8.93 0.106655
8.935 0.106547
8.94 0.106438
8.945 0.106329
8.95 0.106221
8.955 0.106113
8.96 0.106005
8.965 0.105897
8.97 0.10579
8.975 0.105682
8.98 0.105575
8.985 0.105468
8.99 0.105361
8.995 0.105254
9 0.105147
9.005 0.10504
9.01 0.104934
9.015 0.104828
9.02 0.104722
9.025 0.104616
9.03 0.10451
9.035 0.104404
9.04 0.104299
9.045 0.104194
9.05 0.104088
9.055 0.103983
9.06 0.103879
9.065 0.103774
9.07 0.103669
9.075 0.103565
9.08 0.103461
9.085 0.103357
9.09 0.103253
9.095 0.103149
9.1 0.103045
9.105 0.102942
9.11 0.102839
9.115 0.102735
9.12 0.102632
9.125 0.102529
9.13 0.102427
9.135 0.102324
9.14 0.102222
9.145 0.102119
9.15 0.102017
9.155 0.101915
9.16 0.101814
9.165 0.101712
9.17 0.10161
9.175 0.101509
9.18 0.101408
9.185 0.101307
9.19 0.101206
9.195 0.101105
9.2 0.101004
9.205 0.100904
9.21 0.100803
9.215 0.100703
9.22 0.100603
9.225 0.100503
9.23 0.100403
9.235 0.100304
9.24 0.100204
9.245 0.100105
9.25 0.100006
9.255 0.0999066
9.26 0.0998077
9.265 0.0997089
9.27 0.0996103
9.275 0.0995118
9.28 0.0994134
9.285 0.0993152
9.29 0.0992171
9.295 0.0991192
9.3 0.0990214
9.305 0.0989238
9.31 0.0988263
9.315 0.0987289
9.32 0.0986317
9.325 0.0985346
9.33 0.0984376
9.335 0.0983408
9.34 0.0982442
9.345 0.0981476
9.35 0.0980512
9.355 0.097955
9.36 0.0978589
9.365 0.0977629
9.37 0.097667
9.375 0.0975713
9.38 0.0974758
9.385 0.0973803
9.39 0.097285
9.395 0.0971899
9.4 0.0970948
9.405 0.0969999
9.41 0.0969052
9.415 0.0968106
9.42 0.0967161
9.425 0.0966217
9.43 0.0965275
9.435 0.0964334
9.44 0.0963395
9.445 0.0962457
9.45 0.096152
9.455 0.0960584
9.46 0.095965
9.465 0.0958717
9.47 0.0957786
9.475 0.0956856
9.48 0.0955927
9.485 0.0954999
9.49 0.0954073
9.495 0.0953148
9.5 0.0952224
9.505 0.0951302
9.51 0.0950381
9.515 0.0949461
9.52 0.0948543
9.525 0.0947625
9.53 0.094671
9.535 0.0945795
9.54 0.0944882
9.545 0.094397
9.55 0.0943059
9.555 0.094215
9.56 0.0941241
9.565 0.0940335
9.57 0.0939429
9.575 0.0938525
9.58 0.0937622
9.585 0.093672
9.59 0.0935819
9.595 0.093492
9.6 0.0934022
9.605 0.0933125
9.61 0.093223
9.615 0.0931336
9.62 0.0930443
9.625 0.0929551
9.63 0.0928661
9.635 0.0927771
9.64 0.0926883
9.645 0.0925997
9.65 0.0925111
9.655 0.0924227
9.66 0.0923344
9.665 0.0922462
9.67 0.0921581
9.675 0.0920702
9.68 0.0919824
9.685 0.0918947
9.69 0.0918071
9.695 0.0917197
9.7 0.0916324
9.705 0.0915452
9.71 0.0914581
9.715 0.0913711
9.72 0.0912843
9.725 0.0911976
9.73 0.091111
9.735 0.0910245
9.74 0.0909381
9.745 0.0908519
9.75 0.0907658
9.755 0.0906798
9.76 0.0905939
9.765 0.0905081
9.77 0.0904225
9.775 0.090337
9.78 0.0902515
9.785 0.0901663
9.79 0.0900811
9.795 0.089996
9.8 0.0899111
9.805 0.0898263
9.81 0.0897416
9.815 0.089657
9.82 0.0895725
9.825 0.0894882
9.83 0.0894039
9.835 0.0893198
9.84 0.0892358
9.845 0.0891519
9.85 0.0890681
9.855 0.0889845
9.86 0.0889009
9.865 0.0888175
9.87 0.0887342
9.875 0.088651
9.88 0.0885679
9.885 0.0884849
9.89 0.0884021
9.895 0.0883193
9.9 0.0882367
9.905 0.0881542
9.91 0.0880718
9.915 0.0879895
9.92 0.0879073
9.925 0.0878252
9.93 0.0877433
9.935 0.0876614
9.94 0.0875797
9.945 0.0874981
9.95 0.0874165
9.955 0.0873351
9.96 0.0872539
9.965 0.0871727
9.97 0.0870916
9.975 0.0870107
9.98 0.0869298
9.985 0.0868491
9.99 0.0867684
9.995 0.0866879
