0 -nan
0.005 0.0652899
0.01 0.0837226
0.015 0.284089
0.02 0.385359
0.025 0.11883
0.03 0.856245
0.035 0.724267
0.04 0.273471
0.045 0.0519417
0.05 0.0836112
0.055 0.245472
0.06 0.438676
0.065 0.611937
0.07 0.746504
0.075 0.840432
0.08 0.898811
0.085 0.928751
0.09 0.937153
0.095 0.929888
0.1 0.911632
0.105 0.88597
0.11 0.855581
0.115 0.822425
0.12 0.787919
0.125 0.753064
0.13 0.71856
0.135 0.68488
0.14 0.652334
0.145 0.621114
0.15 0.591328
0.155 0.563022
0.16 0.536201
0.165 0.510842
0.17 0.4869
0.175 0.46432
0.18 0.443038
0.185 0.422988
0.19 0.4041
0.195 0.386306
0.2 0.36954
0.205 0.353738
0.21 0.338837
0.215 0.324781
0.22 0.311514
0.225 0.298985
0.23 0.287146
0.235 0.275951
0.24 0.265359
0.245 0.25533
0.25 0.245829
0.255 0.236821
0.26 0.228275
0.265 0.220162
0.27 0.212455
0.275 0.205128
0.28 0.198159
0.285 0.191525
0.29 0.185207
0.295 0.179185
0.3 0.173441
0.305 0.167961
0.31 0.162728
0.315 0.157728
0.32 0.152949
0.325 0.148377
0.33 0.144001
0.335 0.139811
0.34 0.135797
0.345 0.131949
0.35 0.128258
0.355 0.124716
0.36 0.121316
0.365 0.11805
0.37 0.114911
0.375 0.111893
0.38 0.10899
0.385 0.106196
0.39 0.103507
0.395 0.100916
0.4 0.0984195
0.405 0.096013
0.41 0.0936922
0.415 0.0914531
0.42 0.089292
0.425 0.0872054
0.43 0.08519
0.435 0.0832426
0.44 0.0813602
0.445 0.07954
0.45 0.0777793
0.455 0.0760757
0.46 0.0744267
0.465 0.07283
0.47 0.0712835
0.475 0.0697851
0.48 0.0683328
0.485 0.0669249
0.49 0.0655596
0.495 0.0642351
0.5 0.0629499
0.505 0.0617024
0.51 0.0604913
0.515 0.059315
0.52 0.0581724
0.525 0.0570622
0.53 0.0559831
0.535 0.054934
0.54 0.0539139
0.545 0.0529217
0.55 0.0519563
0.555 0.0510168
0.56 0.0501024
0.565 0.0492121
0.57 0.0483452
0.575 0.0475007
0.58 0.046678
0.585 0.0458763
0.59 0.045095
0.595 0.0443332
0.6 0.0435904
0.605 0.0428661
0.61 0.0421594
0.615 0.04147
0.62 0.0407972
0.625 0.0401406
0.63 0.0394995
0.635 0.0388736
0.64 0.0382623
0.645 0.0376653
0.65 0.037082
0.655 0.036512
0.66 0.0359551
0.665 0.0354107
0.67 0.0348784
0.675 0.0343581
0.68 0.0338492
0.685 0.0333514
0.69 0.0328645
0.695 0.0323881
0.7 0.031922
0.705 0.0314657
0.71 0.0310191
0.715 0.030582
0.72 0.0301539
0.725 0.0297347
0.73 0.0293242
0.735 0.028922
0.74 0.028528
0.745 0.028142
0.75 0.0277637
0.755 0.027393
0.76 0.0270296
0.765 0.0266733
0.77 0.026324
0.775 0.0259815
0.78 0.0256456
0.785 0.0253161
0.79 0.024993
0.795 0.0246759
0.8 0.0243648
0.805 0.0240595
0.81 0.02376
0.815 0.0234659
0.82 0.0231772
0.825 0.0228939
0.83 0.0226156
0.835 0.0223424
0.84 0.0220741
0.845 0.0218105
0.85 0.0215517
0.855 0.0212974
0.86 0.0210475
0.865 0.0208021
0.87 0.0205608
0.875 0.0203237
0.88 0.0200907
0.885 0.0198617
0.89 0.0196365
0.895 0.0194151
0.9 0.0191975
0.905 0.0189834
0.91 0.0187729
0.915 0.0185659
0.92 0.0183623
0.925 0.018162
0.93 0.0179649
0.935 0.0177711
0.94 0.0175803
0.945 0.0173926
0.95 0.0172078
0.955 0.017026
0.96 0.016847
0.965 0.0166709
0.97 0.0164975
0.975 0.0163267
0.98 0.0161586
0.985 0.0159931
0.99 0.01583
0.995 0.0156695
1 0.0155114
1.005 0.0153556
1.01 0.0152022
1.015 0.0150511
1.02 0.0149022
1.025 0.0147555
1.03 0.0146109
1.035 0.0144685
1.04 0.0143281
1.045 0.0141897
1.05 0.0140534
1.055 0.013919
1.06 0.0137865
1.065 0.0136558
1.07 0.0135271
1.075 0.0134001
1.08 0.0132749
1.085 0.0131514
1.09 0.0130297
1.095 0.0129096
1.1 0.0127912
1.105 0.0126744
1.11 0.0125592
1.115 0.0124456
1.12 0.0123334
1.125 0.0122228
1.13 0.0121137
1.135 0.012006
1.14 0.0118997
1.145 0.0117949
1.15 0.0116914
1.155 0.0115893
1.16 0.0114885
1.165 0.011389
1.17 0.0112908
1.175 0.0111938
1.18 0.0110981
1.185 0.0110037
1.19 0.0109104
1.195 0.0108183
1.2 0.0107273
1.205 0.0106375
1.21 0.0105488
1.215 0.0104612
1.22 0.0103747
1.225 0.0102893
1.23 0.0102049
1.235 0.0101216
1.24 0.0100392
1.245 0.00995789
1.25 0.00987753
1.255 0.00979814
1.26 0.0097197
1.265 0.0096422
1.27 0.00956562
1.275 0.00948995
1.28 0.00941517
1.285 0.00934127
1.29 0.00926823
1.295 0.00919604
1.3 0.0091247
1.305 0.00905418
1.31 0.00898447
1.315 0.00891556
1.32 0.00884744
1.325 0.0087801
1.33 0.00871352
1.335 0.0086477
1.34 0.00858262
1.345 0.00851827
1.35 0.00845463
1.355 0.00839171
1.36 0.00832949
1.365 0.00826795
1.37 0.00820709
1.375 0.0081469
1.38 0.00808737
1.385 0.00802849
1.39 0.00797025
1.395 0.00791264
1.4 0.00785565
1.405 0.00779927
1.41 0.0077435
1.415 0.00768832
1.42 0.00763373
1.425 0.00757972
1.43 0.00752628
1.435 0.0074734
1.44 0.00742107
1.445 0.00736929
1.45 0.00731805
1.455 0.00726735
1.46 0.00721716
1.465 0.0071675
1.47 0.00711834
1.475 0.00706969
1.48 0.00702154
1.485 0.00697387
1.49 0.00692669
1.495 0.00687998
1.5 0.00683374
1.505 0.00678797
1.51 0.00674266
1.515 0.00669779
1.52 0.00665338
1.525 0.0066094
1.53 0.00656586
1.535 0.00652274
1.54 0.00648005
1.545 0.00643777
1.55 0.00639591
1.555 0.00635445
1.56 0.0063134
1.565 0.00627274
1.57 0.00623247
1.575 0.00619259
1.58 0.00615309
1.585 0.00611396
1.59 0.00607521
1.595 0.00603682
1.6 0.0059988
1.605 0.00596113
1.61 0.00592382
1.615 0.00588686
1.62 0.00585024
1.625 0.00581396
1.63 0.00577801
1.635 0.0057424
1.64 0.00570712
1.645 0.00567216
1.65 0.00563752
1.655 0.00560319
1.66 0.00556918
1.665 0.00553548
1.67 0.00550208
1.675 0.00546898
1.68 0.00543618
1.685 0.00540368
1.69 0.00537146
1.695 0.00533953
1.7 0.00530789
1.705 0.00527652
1.71 0.00524543
1.715 0.00521462
1.72 0.00518407
1.725 0.0051538
1.73 0.00512378
1.735 0.00509403
1.74 0.00506454
1.745 0.0050353
1.75 0.00500631
1.755 0.00497758
1.76 0.00494909
1.765 0.00492084
1.77 0.00489283
1.775 0.00486507
1.78 0.00483753
1.785 0.00481024
1.79 0.00478317
1.795 0.00475633
1.8 0.00472971
1.805 0.00470332
1.81 0.00467714
1.815 0.00465119
1.82 0.00462545
1.825 0.00459992
1.83 0.0045746
1.835 0.00454949
1.84 0.00452459
1.845 0.00449989
1.85 0.00447539
1.855 0.00445109
1.86 0.00442699
1.865 0.00440309
1.87 0.00437937
1.875 0.00435585
1.88 0.00433252
1.885 0.00430937
1.89 0.00428641
1.895 0.00426363
1.9 0.00424103
1.905 0.00421861
1.91 0.00419637
1.915 0.0041743
1.92 0.00415241
1.925 0.00413069
1.93 0.00410914
1.935 0.00408776
1.94 0.00406654
1.945 0.00404549
1.95 0.0040246
1.955 0.00400387
1.96 0.0039833
1.965 0.00396289
1.97 0.00394263
1.975 0.00392254
1.98 0.00390259
1.985 0.00388279
1.99 0.00386315
1.995 0.00384365
2 0.0038243
2.005 0.0038051
2.01 0.00378604
2.015 0.00376713
2.02 0.00374835
2.025 0.00372972
2.03 0.00371122
2.035 0.00369286
2.04 0.00367464
2.045 0.00365655
2.05 0.00363859
2.055 0.00362077
2.06 0.00360307
2.065 0.00358551
2.07 0.00356807
2.075 0.00355076
2.08 0.00353358
2.085 0.00351652
2.09 0.00349958
2.095 0.00348277
2.1 0.00346607
2.105 0.0034495
2.11 0.00343304
2.115 0.00341671
2.12 0.00340048
2.125 0.00338438
2.13 0.00336838
2.135 0.00335251
2.14 0.00333674
2.145 0.00332108
2.15 0.00330553
2.155 0.0032901
2.16 0.00327477
2.165 0.00325954
2.17 0.00324442
2.175 0.00322941
2.18 0.0032145
2.185 0.0031997
2.19 0.00318499
2.195 0.00317039
2.2 0.00315589
2.205 0.00314148
2.21 0.00312718
2.215 0.00311297
2.22 0.00309886
2.225 0.00308485
2.23 0.00307092
2.235 0.0030571
2.24 0.00304336
2.245 0.00302972
2.25 0.00301617
2.255 0.00300271
2.26 0.00298934
2.265 0.00297606
2.27 0.00296287
2.275 0.00294977
2.28 0.00293675
2.285 0.00292382
2.29 0.00291097
2.295 0.00289821
2.3 0.00288553
2.305 0.00287293
2.31 0.00286042
2.315 0.00284799
2.32 0.00283564
2.325 0.00282337
2.33 0.00281118
2.335 0.00279906
2.34 0.00278703
2.345 0.00277507
2.35 0.00276319
2.355 0.00275139
2.36 0.00273966
2.365 0.002728
2.37 0.00271642
2.375 0.00270492
2.38 0.00269348
2.385 0.00268212
2.39 0.00267083
2.395 0.00265961
2.4 0.00264847
2.405 0.00263739
2.41 0.00262638
2.415 0.00261544
2.42 0.00260457
2.425 0.00259376
2.43 0.00258302
2.435 0.00257235
2.44 0.00256175
2.445 0.00255121
2.45 0.00254074
2.455 0.00253033
2.46 0.00251998
2.465 0.0025097
2.47 0.00249948
2.475 0.00248932
2.48 0.00247922
2.485 0.00246919
2.49 0.00245921
2.495 0.0024493
2.5 0.00243945
2.505 0.00242965
2.51 0.00241991
2.515 0.00241024
2.52 0.00240062
2.525 0.00239106
2.53 0.00238155
2.535 0.0023721
2.54 0.00236271
2.545 0.00235337
2.55 0.00234409
2.555 0.00233486
2.56 0.00232569
2.565 0.00231657
2.57 0.00230751
2.575 0.0022985
2.58 0.00228954
2.585 0.00228063
2.59 0.00227177
2.595 0.00226297
2.6 0.00225422
2.605 0.00224551
2.61 0.00223686
2.615 0.00222826
2.62 0.00221971
2.625 0.00221121
2.63 0.00220275
2.635 0.00219434
2.64 0.00218599
2.645 0.00217768
2.65 0.00216941
2.655 0.0021612
2.66 0.00215303
2.665 0.0021449
2.67 0.00213683
2.675 0.00212879
2.68 0.00212081
2.685 0.00211286
2.69 0.00210497
2.695 0.00209711
2.7 0.0020893
2.705 0.00208154
2.71 0.00207381
2.715 0.00206613
2.72 0.0020585
2.725 0.0020509
2.73 0.00204335
2.735 0.00203584
2.74 0.00202837
2.745 0.00202094
2.75 0.00201355
2.755 0.0020062
2.76 0.00199889
2.765 0.00199162
2.77 0.0019844
2.775 0.00197721
2.78 0.00197006
2.785 0.00196294
2.79 0.00195587
2.795 0.00194884
2.8 0.00194184
2.805 0.00193488
2.81 0.00192796
2.815 0.00192107
2.82 0.00191422
2.825 0.00190741
2.83 0.00190064
2.835 0.0018939
2.84 0.00188719
2.845 0.00188053
2.85 0.00187389
2.855 0.00186729
2.86 0.00186073
2.865 0.0018542
2.87 0.00184771
2.875 0.00184125
2.88 0.00183482
2.885 0.00182843
2.89 0.00182207
2.895 0.00181574
2.9 0.00180945
2.905 0.00180319
2.91 0.00179696
2.915 0.00179076
2.92 0.0017846
2.925 0.00177847
2.93 0.00177237
2.935 0.0017663
2.94 0.00176026
2.945 0.00175425
2.95 0.00174827
2.955 0.00174233
2.96 0.00173641
2.965 0.00173052
2.97 0.00172467
2.975 0.00171884
2.98 0.00171304
2.985 0.00170728
2.99 0.00170154
2.995 0.00169583
3 0.00169015
3.005 0.00168449
3.01 0.00167887
3.015 0.00167327
3.02 0.0016677
3.025 0.00166216
3.03 0.00165665
3.035 0.00165116
3.04 0.00164571
3.045 0.00164027
3.05 0.00163487
3.055 0.00162949
3.06 0.00162414
3.065 0.00161881
3.07 0.00161352
3.075 0.00160824
3.08 0.001603
3.085 0.00159777
3.09 0.00159258
3.095 0.00158741
3.1 0.00158226
3.105 0.00157714
3.11 0.00157204
3.115 0.00156697
3.12 0.00156193
3.125 0.0015569
3.13 0.0015519
3.135 0.00154693
3.14 0.00154198
3.145 0.00153705
3.15 0.00153215
3.155 0.00152727
3.16 0.00152241
3.165 0.00151758
3.17 0.00151277
3.175 0.00150798
3.18 0.00150322
3.185 0.00149848
3.19 0.00149376
3.195 0.00148906
3.2 0.00148438
3.205 0.00147973
3.21 0.0014751
3.215 0.00147049
3.22 0.0014659
3.225 0.00146133
3.23 0.00145679
3.235 0.00145226
3.24 0.00144776
3.245 0.00144327
3.25 0.00143881
3.255 0.00143437
3.26 0.00142995
3.265 0.00142555
3.27 0.00142117
3.275 0.00141681
3.28 0.00141247
3.285 0.00140815
3.29 0.00140385
3.295 0.00139957
3.3 0.00139531
3.305 0.00139107
3.31 0.00138685
3.315 0.00138264
3.32 0.00137846
3.325 0.00137429
3.33 0.00137015
3.335 0.00136602
3.34 0.00136191
3.345 0.00135782
3.35 0.00135375
3.355 0.0013497
3.36 0.00134566
3.365 0.00134164
3.37 0.00133764
3.375 0.00133366
3.38 0.0013297
3.385 0.00132575
3.39 0.00132182
3.395 0.00131791
3.4 0.00131402
3.405 0.00131014
3.41 0.00130628
3.415 0.00130244
3.42 0.00129862
3.425 0.00129481
3.43 0.00129101
3.435 0.00128724
3.44 0.00128348
3.445 0.00127974
3.45 0.00127601
3.455 0.0012723
3.46 0.00126861
3.465 0.00126493
3.47 0.00126127
3.475 0.00125762
3.48 0.00125399
3.485 0.00125038
3.49 0.00124678
3.495 0.0012432
3.5 0.00123963
3.505 0.00123608
3.51 0.00123254
3.515 0.00122902
3.52 0.00122551
3.525 0.00122202
3.53 0.00121854
3.535 0.00121508
3.54 0.00121163
3.545 0.0012082
3.55 0.00120478
3.555 0.00120138
3.56 0.00119799
3.565 0.00119461
3.57 0.00119125
3.575 0.0011879
3.58 0.00118457
3.585 0.00118125
3.59 0.00117795
3.595 0.00117466
3.6 0.00117138
3.605 0.00116812
3.61 0.00116487
3.615 0.00116163
3.62 0.00115841
3.625 0.0011552
3.63 0.001152
3.635 0.00114882
3.64 0.00114565
3.645 0.00114249
3.65 0.00113935
3.655 0.00113622
3.66 0.0011331
3.665 0.00113
3.67 0.00112691
3.675 0.00112383
3.68 0.00112076
3.685 0.0011177
3.69 0.00111466
3.695 0.00111163
3.7 0.00110862
3.705 0.00110561
3.71 0.00110262
3.715 0.00109964
3.72 0.00109667
3.725 0.00109371
3.73 0.00109077
3.735 0.00108784
3.74 0.00108491
3.745 0.00108201
3.75 0.00107911
3.755 0.00107622
3.76 0.00107335
3.765 0.00107049
3.77 0.00106763
3.775 0.00106479
3.78 0.00106197
3.785 0.00105915
3.79 0.00105634
3.795 0.00105355
3.8 0.00105076
3.805 0.00104799
3.81 0.00104523
3.815 0.00104248
3.82 0.00103974
3.825 0.00103701
3.83 0.00103429
3.835 0.00103158
3.84 0.00102888
3.845 0.0010262
3.85 0.00102352
3.855 0.00102085
3.86 0.0010182
3.865 0.00101555
3.87 0.00101292
3.875 0.00101029
3.88 0.00100768
3.885 0.00100507
3.89 0.00100248
3.895 0.000999896
3.9 0.000997322
3.905 0.000994757
3.91 0.000992203
3.915 0.000989658
3.92 0.000987123
3.925 0.000984598
3.93 0.000982083
3.935 0.000979577
3.94 0.000977081
3.945 0.000974594
3.95 0.000972117
3.955 0.000969649
3.96 0.000967191
3.965 0.000964742
3.97 0.000962302
3.975 0.000959871
3.98 0.00095745
3.985 0.000955038
3.99 0.000952635
3.995 0.000950241
4 0.000947856
4.005 0.00094548
4.01 0.000943112
4.015 0.000940754
4.02 0.000938405
4.025 0.000936064
4.03 0.000933732
4.035 0.000931409
4.04 0.000929094
4.045 0.000926789
4.05 0.000924491
4.055 0.000922202
4.06 0.000919922
4.065 0.00091765
4.07 0.000915387
4.075 0.000913132
4.08 0.000910885
4.085 0.000908646
4.09 0.000906416
4.095 0.000904194
4.1 0.00090198
4.105 0.000899774
4.11 0.000897576
4.115 0.000895387
4.12 0.000893205
4.125 0.000891031
4.13 0.000888866
4.135 0.000886708
4.14 0.000884558
4.145 0.000882415
4.15 0.000880281
4.155 0.000878154
4.16 0.000876035
4.165 0.000873924
4.17 0.00087182
4.175 0.000869724
4.18 0.000867635
4.185 0.000865554
4.19 0.00086348
4.195 0.000861414
4.2 0.000859355
4.205 0.000857304
4.21 0.00085526
4.215 0.000853223
4.22 0.000851194
4.225 0.000849171
4.23 0.000847156
4.235 0.000845148
4.24 0.000843147
4.245 0.000841154
4.25 0.000839167
4.255 0.000837187
4.26 0.000835215
4.265 0.000833249
4.27 0.00083129
4.275 0.000829339
4.28 0.000827394
4.285 0.000825456
4.29 0.000823524
4.295 0.0008216
4.3 0.000819682
4.305 0.000817771
4.31 0.000815866
4.315 0.000813969
4.32 0.000812077
4.325 0.000810193
4.33 0.000808315
4.335 0.000806443
4.34 0.000804578
4.345 0.00080272
4.35 0.000800867
4.355 0.000799022
4.36 0.000797182
4.365 0.000795349
4.37 0.000793523
4.375 0.000791702
4.38 0.000789888
4.385 0.00078808
4.39 0.000786278
4.395 0.000784483
4.4 0.000782693
4.405 0.00078091
4.41 0.000779133
4.415 0.000777362
4.42 0.000775596
4.425 0.000773837
4.43 0.000772084
4.435 0.000770337
4.44 0.000768596
4.445 0.00076686
4.45 0.000765131
4.455 0.000763407
4.46 0.000761689
4.465 0.000759977
4.47 0.000758271
4.475 0.00075657
4.48 0.000754875
4.485 0.000753186
4.49 0.000751503
4.495 0.000749825
4.5 0.000748153
4.505 0.000746486
4.51 0.000744825
4.515 0.000743169
4.52 0.000741519
4.525 0.000739875
4.53 0.000738236
4.535 0.000736602
4.54 0.000734974
4.545 0.000733351
4.55 0.000731733
4.555 0.000730121
4.56 0.000728514
4.565 0.000726913
4.57 0.000725317
4.575 0.000723726
4.58 0.00072214
4.585 0.000720559
4.59 0.000718984
4.595 0.000717414
4.6 0.000715849
4.605 0.000714289
4.61 0.000712734
4.615 0.000711184
4.62 0.000709639
4.625 0.0007081
4.63 0.000706565
4.635 0.000705035
4.64 0.00070351
4.645 0.00070199
4.65 0.000700476
4.655 0.000698966
4.66 0.00069746
4.665 0.00069596
4.67 0.000694465
4.675 0.000692974
4.68 0.000691488
4.685 0.000690007
4.69 0.000688531
4.695 0.000687059
4.7 0.000685592
4.705 0.00068413
4.71 0.000682673
4.715 0.00068122
4.72 0.000679772
4.725 0.000678328
4.73 0.000676889
4.735 0.000675455
4.74 0.000674025
4.745 0.000672599
4.75 0.000671178
4.755 0.000669762
4.76 0.00066835
4.765 0.000666943
4.77 0.00066554
4.775 0.000664141
4.78 0.000662747
4.785 0.000661357
4.79 0.000659972
4.795 0.000658591
4.8 0.000657214
4.805 0.000655842
4.81 0.000654474
4.815 0.00065311
4.82 0.00065175
4.825 0.000650395
4.83 0.000649044
4.835 0.000647697
4.84 0.000646354
4.845 0.000645016
4.85 0.000643681
4.855 0.000642351
4.86 0.000641025
4.865 0.000639703
4.87 0.000638385
4.875 0.000637071
4.88 0.000635761
4.885 0.000634455
4.89 0.000633154
4.895 0.000631856
4.9 0.000630562
4.905 0.000629272
4.91 0.000627986
4.915 0.000626705
4.92 0.000625427
4.925 0.000624152
4.93 0.000622882
4.935 0.000621616
4.94 0.000620353
4.945 0.000619095
4.95 0.00061784
4.955 0.000616589
4.96 0.000615342
4.965 0.000614098
4.97 0.000612859
4.975 0.000611623
4.98 0.00061039
4.985 0.000609162
4.99 0.000607937
4.995 0.000606716
5 0.000605499
5.005 0.000604285
5.01 0.000603075
5.015 0.000601869
5.02 0.000600666
5.025 0.000599466
5.03 0.000598271
5.035 0.000597079
5.04 0.00059589
5.045 0.000594705
5.05 0.000593524
5.055 0.000592346
5.06 0.000591171
5.065 0.00059
5.07 0.000588833
5.075 0.000587669
5.08 0.000586508
5.085 0.000585351
5.09 0.000584198
5.095 0.000583047
5.1 0.0005819
5.105 0.000580757
5.11 0.000579617
5.115 0.00057848
5.12 0.000577346
5.125 0.000576216
5.13 0.00057509
5.135 0.000573966
5.14 0.000572846
5.145 0.000571729
5.15 0.000570615
5.155 0.000569505
5.16 0.000568398
5.165 0.000567294
5.17 0.000566193
5.175 0.000565095
5.18 0.000564001
5.185 0.00056291
5.19 0.000561822
5.195 0.000560737
5.2 0.000559655
5.205 0.000558576
5.21 0.000557501
5.215 0.000556429
5.22 0.000555359
5.225 0.000554293
5.23 0.00055323
5.235 0.00055217
5.24 0.000551113
5.245 0.000550059
5.25 0.000549008
5.255 0.00054796
5.26 0.000546915
5.265 0.000545873
5.27 0.000544834
5.275 0.000543797
5.28 0.000542764
5.285 0.000541734
5.29 0.000540707
5.295 0.000539683
5.3 0.000538661
5.305 0.000537643
5.31 0.000536627
5.315 0.000535614
5.32 0.000534604
5.325 0.000533597
5.33 0.000532593
5.335 0.000531592
5.34 0.000530593
5.345 0.000529597
5.35 0.000528604
5.355 0.000527614
5.36 0.000526627
5.365 0.000525642
5.37 0.00052466
5.375 0.000523681
5.38 0.000522705
5.385 0.000521731
5.39 0.00052076
5.395 0.000519792
5.4 0.000518827
5.405 0.000517864
5.41 0.000516904
5.415 0.000515946
5.42 0.000514991
5.425 0.000514039
5.43 0.00051309
5.435 0.000512143
5.44 0.000511199
5.445 0.000510257
5.45 0.000509318
5.455 0.000508381
5.46 0.000507447
5.465 0.000506516
5.47 0.000505587
5.475 0.000504661
5.48 0.000503737
5.485 0.000502816
5.49 0.000501898
5.495 0.000500981
5.5 0.000500068
5.505 0.000499157
5.51 0.000498248
5.515 0.000497342
5.52 0.000496438
5.525 0.000495537
5.53 0.000494638
5.535 0.000493742
5.54 0.000492848
5.545 0.000491957
5.55 0.000491068
5.555 0.000490181
5.56 0.000489297
5.565 0.000488415
5.57 0.000487535
5.575 0.000486658
5.58 0.000485784
5.585 0.000484911
5.59 0.000484041
5.595 0.000483173
5.6 0.000482308
5.605 0.000481445
5.61 0.000480584
5.615 0.000479726
5.62 0.00047887
5.625 0.000478016
5.63 0.000477164
5.635 0.000476315
5.64 0.000475468
5.645 0.000474623
5.65 0.000473781
5.655 0.000472941
5.66 0.000472103
5.665 0.000471267
5.67 0.000470433
5.675 0.000469602
5.68 0.000468773
5.685 0.000467946
5.69 0.000467121
5.695 0.000466298
5.7 0.000465478
5.705 0.00046466
5.71 0.000463843
5.715 0.000463029
5.72 0.000462218
5.725 0.000461408
5.73 0.0004606
5.735 0.000459795
5.74 0.000458992
5.745 0.00045819
5.75 0.000457391
5.755 0.000456594
5.76 0.000455799
5.765 0.000455006
5.77 0.000454215
5.775 0.000453427
5.78 0.00045264
5.785 0.000451855
5.79 0.000451073
5.795 0.000450292
5.8 0.000449513
5.805 0.000448737
5.81 0.000447962
5.815 0.00044719
5.82 0.000446419
5.825 0.000445651
5.83 0.000444884
5.835 0.000444119
5.84 0.000443357
5.845 0.000442596
5.85 0.000441837
5.855 0.000441081
5.86 0.000440326
5.865 0.000439573
5.87 0.000438822
5.875 0.000438073
5.88 0.000437326
5.885 0.00043658
5.89 0.000435837
5.895 0.000435096
5.9 0.000434356
5.905 0.000433619
5.91 0.000432883
5.915 0.000432149
5.92 0.000431417
5.925 0.000430687
5.93 0.000429958
5.935 0.000429232
5.94 0.000428507
5.945 0.000427784
5.95 0.000427064
5.955 0.000426344
5.96 0.000425627
5.965 0.000424911
5.97 0.000424198
5.975 0.000423486
5.98 0.000422776
5.985 0.000422067
5.99 0.000421361
5.995 0.000420656
6 0.000419953
6.005 0.000419252
6.01 0.000418552
6.015 0.000417854
6.02 0.000417158
6.025 0.000416464
6.03 0.000415771
6.035 0.000415081
6.04 0.000414392
6.045 0.000413704
6.05 0.000413018
6.055 0.000412334
6.06 0.000411652
6.065 0.000410972
6.07 0.000410293
6.075 0.000409615
6.08 0.00040894
6.085 0.000408266
6.09 0.000407594
6.095 0.000406923
6.1 0.000406254
6.105 0.000405587
6.11 0.000404921
6.115 0.000404257
6.12 0.000403595
6.125 0.000402934
6.13 0.000402275
6.135 0.000401618
6.14 0.000400962
6.145 0.000400308
6.15 0.000399655
6.155 0.000399004
6.16 0.000398354
6.165 0.000397706
6.17 0.00039706
6.175 0.000396415
6.18 0.000395772
6.185 0.000395131
6.19 0.000394491
6.195 0.000393852
6.2 0.000393215
6.205 0.00039258
6.21 0.000391946
6.215 0.000391313
6.22 0.000390683
6.225 0.000390053
6.23 0.000389426
6.235 0.000388799
6.24 0.000388175
6.245 0.000387551
6.25 0.00038693
6.255 0.000386309
6.26 0.000385691
6.265 0.000385073
6.27 0.000384458
6.275 0.000383843
6.28 0.00038323
6.285 0.000382619
6.29 0.000382009
6.295 0.000381401
6.3 0.000380794
6.305 0.000380188
6.31 0.000379584
6.315 0.000378981
6.32 0.00037838
6.325 0.00037778
6.33 0.000377182
6.335 0.000376585
6.34 0.000375989
6.345 0.000375395
6.35 0.000374803
6.355 0.000374211
6.36 0.000373621
6.365 0.000373033
6.37 0.000372446
6.375 0.00037186
6.38 0.000371275
6.385 0.000370692
6.39 0.000370111
6.395 0.000369531
6.4 0.000368952
6.405 0.000368374
6.41 0.000367798
6.415 0.000367223
6.42 0.00036665
6.425 0.000366077
6.43 0.000365507
6.435 0.000364937
6.44 0.000364369
6.445 0.000363802
6.45 0.000363237
6.455 0.000362672
6.46 0.00036211
6.465 0.000361548
6.47 0.000360988
6.475 0.000360429
6.48 0.000359871
6.485 0.000359315
6.49 0.00035876
6.495 0.000358206
6.5 0.000357653
6.505 0.000357102
6.51 0.000356552
6.515 0.000356004
6.52 0.000355456
6.525 0.00035491
6.53 0.000354365
6.535 0.000353821
6.54 0.000353279
6.545 0.000352738
6.55 0.000352198
6.555 0.000351659
6.56 0.000351122
6.565 0.000350586
6.57 0.000350051
6.575 0.000349517
6.58 0.000348984
6.585 0.000348453
6.59 0.000347923
6.595 0.000347394
6.6 0.000346866
6.605 0.00034634
6.61 0.000345815
6.615 0.000345291
6.62 0.000344768
6.625 0.000344246
6.63 0.000343725
6.635 0.000343206
6.64 0.000342688
6.645 0.000342171
6.65 0.000341655
6.655 0.00034114
6.66 0.000340627
6.665 0.000340114
6.67 0.000339603
6.675 0.000339093
6.68 0.000338584
6.685 0.000338077
6.69 0.00033757
6.695 0.000337064
6.7 0.00033656
6.705 0.000336057
6.71 0.000335555
6.715 0.000335054
6.72 0.000334554
6.725 0.000334055
6.73 0.000333558
6.735 0.000333061
6.74 0.000332566
6.745 0.000332072
6.75 0.000331578
6.755 0.000331086
6.76 0.000330595
6.765 0.000330105
6.77 0.000329617
6.775 0.000329129
6.78 0.000328642
6.785 0.000328157
6.79 0.000327672
6.795 0.000327189
6.8 0.000326706
6.805 0.000326225
6.81 0.000325745
6.815 0.000325266
6.82 0.000324788
6.825 0.000324311
6.83 0.000323835
6.835 0.00032336
6.84 0.000322886
6.845 0.000322413
6.85 0.000321941
6.855 0.00032147
6.86 0.000321
6.865 0.000320532
6.87 0.000320064
6.875 0.000319597
6.88 0.000319132
6.885 0.000318667
6.89 0.000318203
6.895 0.000317741
6.9 0.000317279
6.905 0.000316818
6.91 0.000316359
6.915 0.0003159
6.92 0.000315443
6.925 0.000314986
6.93 0.00031453
6.935 0.000314076
6.94 0.000313622
6.945 0.000313169
6.95 0.000312718
6.955 0.000312267
6.96 0.000311817
6.965 0.000311368
6.97 0.000310921
6.975 0.000310474
6.98 0.000310028
6.985 0.000309583
6.99 0.000309139
6.995 0.000308696
7 0.000308254
7.005 0.000307813
7.01 0.000307373
7.015 0.000306933
7.02 0.000306495
7.025 0.000306058
7.03 0.000305621
7.035 0.000305186
7.04 0.000304751
7.045 0.000304318
7.05 0.000303885
7.055 0.000303453
7.06 0.000303023
7.065 0.000302593
7.07 0.000302164
7.075 0.000301735
7.08 0.000301308
7.085 0.000300882
7.09 0.000300457
7.095 0.000300032
7.1 0.000299609
7.105 0.000299186
7.11 0.000298764
7.115 0.000298343
7.12 0.000297923
7.125 0.000297504
7.13 0.000297086
7.135 0.000296668
7.14 0.000296252
7.145 0.000295836
7.15 0.000295422
7.155 0.000295008
7.16 0.000294595
7.165 0.000294183
7.17 0.000293771
7.175 0.000293361
7.18 0.000292951
7.185 0.000292543
7.19 0.000292135
7.195 0.000291728
7.2 0.000291322
7.205 0.000290916
7.21 0.000290512
7.215 0.000290108
7.22 0.000289706
7.225 0.000289304
7.23 0.000288903
7.235 0.000288502
7.24 0.000288103
7.245 0.000287704
7.25 0.000287307
7.255 0.00028691
7.26 0.000286514
7.265 0.000286118
7.27 0.000285724
7.275 0.00028533
7.28 0.000284937
7.285 0.000284545
7.29 0.000284154
7.295 0.000283764
7.3 0.000283374
7.305 0.000282985
7.31 0.000282597
7.315 0.00028221
7.32 0.000281824
7.325 0.000281438
7.33 0.000281053
7.335 0.000280669
7.34 0.000280286
7.345 0.000279903
7.35 0.000279522
7.355 0.000279141
7.36 0.000278761
7.365 0.000278381
7.37 0.000278003
7.375 0.000277625
7.38 0.000277248
7.385 0.000276871
7.39 0.000276496
7.395 0.000276121
7.4 0.000275747
7.405 0.000275374
7.41 0.000275002
7.415 0.00027463
7.42 0.000274259
7.425 0.000273889
7.43 0.000273519
7.435 0.00027315
7.44 0.000272782
7.445 0.000272415
7.45 0.000272049
7.455 0.000271683
7.46 0.000271318
7.465 0.000270954
7.47 0.00027059
7.475 0.000270227
7.48 0.000269865
7.485 0.000269504
7.49 0.000269143
7.495 0.000268783
7.5 0.000268424
7.505 0.000268066
7.51 0.000267708
7.515 0.000267351
7.52 0.000266995
7.525 0.000266639
7.53 0.000266284
7.535 0.00026593
7.54 0.000265576
7.545 0.000265224
7.55 0.000264872
7.555 0.00026452
7.56 0.00026417
7.565 0.00026382
7.57 0.00026347
7.575 0.000263122
7.58 0.000262774
7.585 0.000262427
7.59 0.00026208
7.595 0.000261734
7.6 0.000261389
7.605 0.000261045
7.61 0.000260701
7.615 0.000260358
7.62 0.000260015
7.625 0.000259673
7.63 0.000259332
7.635 0.000258992
7.64 0.000258652
7.645 0.000258313
7.65 0.000257975
7.655 0.000257637
7.66 0.0002573
7.665 0.000256963
7.67 0.000256628
7.675 0.000256293
7.68 0.000255958
7.685 0.000255624
7.69 0.000255291
7.695 0.000254959
7.7 0.000254627
7.705 0.000254296
7.71 0.000253965
7.715 0.000253635
7.72 0.000253306
7.725 0.000252977
7.73 0.000252649
7.735 0.000252322
7.74 0.000251995
7.745 0.000251669
7.75 0.000251344
7.755 0.000251019
7.76 0.000250695
7.765 0.000250371
7.77 0.000250048
7.775 0.000249726
7.78 0.000249404
7.785 0.000249083
7.79 0.000248763
7.795 0.000248443
7.8 0.000248124
7.805 0.000247805
7.81 0.000247487
7.815 0.00024717
7.82 0.000246853
7.825 0.000246537
7.83 0.000246221
7.835 0.000245906
7.84 0.000245592
7.845 0.000245278
7.85 0.000244965
7.855 0.000244653
7.86 0.000244341
7.865 0.000244029
7.87 0.000243719
7.875 0.000243408
7.88 0.000243099
7.885 0.00024279
7.89 0.000242482
7.895 0.000242174
7.9 0.000241867
7.905 0.00024156
7.91 0.000241254
7.915 0.000240948
7.92 0.000240643
7.925 0.000240339
7.93 0.000240035
7.935 0.000239732
7.94 0.00023943
7.945 0.000239128
7.95 0.000238826
7.955 0.000238525
7.96 0.000238225
7.965 0.000237925
7.97 0.000237626
7.975 0.000237328
7.98 0.00023703
7.985 0.000236732
7.99 0.000236435
7.995 0.000236139
8 0.000235843
8.005 0.000235548
8.01 0.000235253
8.015 0.000234959
8.02 0.000234665
8.025 0.000234372
8.03 0.00023408
8.035 0.000233788
8.04 0.000233497
8.045 0.000233206
8.05 0.000232915
8.055 0.000232626
8.06 0.000232336
8.065 0.000232048
8.07 0.00023176
8.075 0.000231472
8.08 0.000231185
8.085 0.000230898
8.09 0.000230612
8.095 0.000230327
8.1 0.000230042
8.105 0.000229757
8.11 0.000229474
8.115 0.00022919
8.12 0.000228907
8.125 0.000228625
8.13 0.000228343
8.135 0.000228062
8.14 0.000227781
8.145 0.000227501
8.15 0.000227221
8.155 0.000226942
8.16 0.000226663
8.165 0.000226385
8.17 0.000226107
8.175 0.00022583
8.18 0.000225554
8.185 0.000225277
8.19 0.000225002
8.195 0.000224727
8.2 0.000224452
8.205 0.000224178
8.21 0.000223904
8.215 0.000223631
8.22 0.000223359
8.225 0.000223086
8.23 0.000222815
8.235 0.000222544
8.24 0.000222273
8.245 0.000222003
8.25 0.000221733
8.255 0.000221464
8.26 0.000221195
8.265 0.000220927
8.27 0.00022066
8.275 0.000220392
8.28 0.000220126
8.285 0.000219859
8.29 0.000219594
8.295 0.000219328
8.3 0.000219064
8.305 0.000218799
8.31 0.000218535
8.315 0.000218272
8.32 0.000218009
8.325 0.000217747
8.33 0.000217485
8.335 0.000217223
8.34 0.000216962
8.345 0.000216702
8.35 0.000216442
8.355 0.000216182
8.36 0.000215923
8.365 0.000215664
8.37 0.000215406
8.375 0.000215149
8.38 0.000214891
8.385 0.000214634
8.39 0.000214378
8.395 0.000214122
8.4 0.000213867
8.405 0.000213612
8.41 0.000213357
8.415 0.000213103
8.42 0.00021285
8.425 0.000212597
8.43 0.000212344
8.435 0.000212092
8.44 0.00021184
8.445 0.000211588
8.45 0.000211337
8.455 0.000211087
8.46 0.000210837
8.465 0.000210587
8.47 0.000210338
8.475 0.00021009
8.48 0.000209841
8.485 0.000209594
8.49 0.000209346
8.495 0.000209099
8.5 0.000208853
8.505 0.000208607
8.51 0.000208361
8.515 0.000208116
8.52 0.000207871
8.525 0.000207627
8.53 0.000207383
8.535 0.000207139
8.54 0.000206896
8.545 0.000206654
8.55 0.000206412
8.555 0.00020617
8.56 0.000205929
8.565 0.000205688
8.57 0.000205447
8.575 0.000205207
8.58 0.000204967
8.585 0.000204728
8.59 0.000204489
8.595 0.000204251
8.6 0.000204013
8.605 0.000203775
8.61 0.000203538
8.615 0.000203302
8.62 0.000203065
8.625 0.000202829
8.63 0.000202594
8.635 0.000202359
8.64 0.000202124
8.645 0.00020189
8.65 0.000201656
8.655 0.000201423
8.66 0.00020119
8.665 0.000200957
8.67 0.000200725
8.675 0.000200493
8.68 0.000200261
8.685 0.00020003
8.69 0.0001998
8.695 0.000199569
8.7 0.00019934
8.705 0.00019911
8.71 0.000198881
8.715 0.000198652
8.72 0.000198424
8.725 0.000198196
8.73 0.000197969
8.735 0.000197742
8.74 0.000197515
8.745 0.000197289
8.75 0.000197063
8.755 0.000196837
8.76 0.000196612
8.765 0.000196387
8.77 0.000196163
8.775 0.000195939
8.78 0.000195715
8.785 0.000195492
8.79 0.000195269
8.795 0.000195047
8.8 0.000194825
8.805 0.000194603
8.81 0.000194382
8.815 0.000194161
8.82 0.00019394
8.825 0.00019372
8.83 0.0001935
8.835 0.000193281
8.84 0.000193062
8.845 0.000192843
8.85 0.000192625
8.855 0.000192407
8.86 0.000192189
8.865 0.000191972
8.87 0.000191755
8.875 0.000191539
8.88 0.000191323
8.885 0.000191107
8.89 0.000190892
8.895 0.000190677
8.9 0.000190462
8.905 0.000190248
8.91 0.000190034
8.915 0.00018982
8.92 0.000189607
8.925 0.000189394
8.93 0.000189181
8.935 0.000188969
8.94 0.000188758
8.945 0.000188546
8.95 0.000188335
8.955 0.000188124
8.96 0.000187914
8.965 0.000187704
8.97 0.000187494
8.975 0.000187285
8.98 0.000187076
8.985 0.000186867
8.99 0.000186659
8.995 0.000186451
9 0.000186244
9.005 0.000186037
9.01 0.00018583
9.015 0.000185623
9.02 0.000185417
9.025 0.000185211
9.03 0.000185006
9.035 0.0001848
9.04 0.000184596
9.045 0.000184391
9.05 0.000184187
9.055 0.000183983
9.06 0.00018378
9.065 0.000183577
9.07 0.000183374
9.075 0.000183171
9.08 0.000182969
9.085 0.000182768
9.09 0.000182566
9.095 0.000182365
9.1 0.000182164
9.105 0.000181964
9.11 0.000181764
9.115 0.000181564
9.12 0.000181364
9.125 0.000181165
9.13 0.000180966
9.135 0.000180768
9.14 0.00018057
9.145 0.000180372
9.15 0.000180175
9.155 0.000179977
9.16 0.000179781
9.165 0.000179584
9.17 0.000179388
9.175 0.000179192
9.18 0.000178996
9.185 0.000178801
9.19 0.000178606
9.195 0.000178412
9.2 0.000178217
9.205 0.000178023
9.21 0.00017783
9.215 0.000177636
9.22 0.000177443
9.225 0.000177251
9.23 0.000177058
9.235 0.000176866
9.24 0.000176674
9.245 0.000176483
9.25 0.000176292
9.255 0.000176101
9.26 0.00017591
9.265 0.00017572
9.27 0.00017553
9.275 0.000175341
9.28 0.000175151
9.285 0.000174962
9.29 0.000174774
9.295 0.000174585
9.3 0.000174397
9.305 0.000174209
9.31 0.000174022
9.315 0.000173835
9.32 0.000173648
9.325 0.000173461
9.33 0.000173275
9.335 0.000173089
9.34 0.000172904
9.345 0.000172718
9.35 0.000172533
9.355 0.000172348
9.36 0.000172164
9.365 0.00017198
9.37 0.000171796
9.375 0.000171612
9.38 0.000171429
9.385 0.000171246
9.39 0.000171063
9.395 0.000170881
9.4 0.000170699
9.405 0.000170517
9.41 0.000170335
9.415 0.000170154
9.42 0.000169973
9.425 0.000169792
9.43 0.000169612
9.435 0.000169432
9.44 0.000169252
9.445 0.000169073
9.45 0.000168893
9.455 0.000168714
9.46 0.000168536
9.465 0.000168357
9.47 0.000168179
9.475 0.000168001
9.48 0.000167824
9.485 0.000167647
9.49 0.00016747
9.495 0.000167293
9.5 0.000167117
9.505 0.00016694
9.51 0.000166765
9.515 0.000166589
9.52 0.000166414
9.525 0.000166239
9.53 0.000166064
9.535 0.000165889
9.54 0.000165715
9.545 0.000165541
9.55 0.000165368
9.555 0.000165194
9.56 0.000165021
9.565 0.000164848
9.57 0.000164676
9.575 0.000164503
9.58 0.000164331
9.585 0.00016416
9.59 0.000163988
9.595 0.000163817
9.6 0.000163646
9.605 0.000163475
9.61 0.000163305
9.615 0.000163135
9.62 0.000162965
9.625 0.000162795
9.63 0.000162626
9.635 0.000162457
9.64 0.000162288
9.645 0.000162119
9.65 0.000161951
9.655 0.000161783
9.66 0.000161615
9.665 0.000161448
9.67 0.000161281
9.675 0.000161114
9.68 0.000160947
9.685 0.00016078
9.69 0.000160614
9.695 0.000160448
9.7 0.000160282
9.705 0.000160117
9.71 0.000159952
9.715 0.000159787
9.72 0.000159622
9.725 0.000159458
9.73 0.000159294
9.735 0.00015913
9.74 0.000158966
9.745 0.000158803
9.75 0.000158639
9.755 0.000158477
9.76 0.000158314
9.765 0.000158151
9.77 0.000157989
9.775 0.000157827
9.78 0.000157666
9.785 0.000157504
9.79 0.000157343
9.795 0.000157182
9.8 0.000157022
9.805 0.000156861
9.81 0.000156701
9.815 0.000156541
9.82 0.000156381
9.825 0.000156222
9.83 0.000156063
9.835 0.000155904
9.84 0.000155745
9.845 0.000155587
9.85 0.000155428
9.855 0.00015527
9.86 0.000155113
9.865 0.000154955
9.87 0.000154798
9.875 0.000154641
9.88 0.000154484
9.885 0.000154327
9.89 0.000154171
9.895 0.000154015
9.9 0.000153859
9.905 0.000153704
9.91 0.000153548
9.915 0.000153393
9.92 0.000153238
9.925 0.000153084
9.93 0.000152929
9.935 0.000152775
9.94 0.000152621
9.945 0.000152467
9.95 0.000152314
9.955 0.00015216
9.96 0.000152007
9.965 0.000151855
9.97 0.000151702
9.975 0.00015155
9.98 0.000151398
9.985 0.000151246
9.99 0.000151094
9.995 0.000150943
