0 -nan
0.005 0.883182
0.01 0.346838
0.015 0.743196
0.02 0.773422
0.025 0.321249
0.03 0.149396
0.035 0.569701
0.04 0.591766
0.045 0.378143
0.05 0.169314
0.055 0.0458839
0.06 0.0026017
0.065 0.0119027
0.07 0.0487379
0.075 0.0960737
0.08 0.143941
0.085 0.187226
0.09 0.223783
0.095 0.253135
0.1 0.275662
0.105 0.292129
0.11 0.303424
0.115 0.310421
0.12 0.313917
0.125 0.314606
0.13 0.313077
0.135 0.309819
0.14 0.305237
0.145 0.299657
0.15 0.293345
0.155 0.286513
0.16 0.279332
0.165 0.271936
0.17 0.264431
0.175 0.256901
0.18 0.249411
0.185 0.242011
0.19 0.234738
0.195 0.22762
0.2 0.220679
0.205 0.213928
0.21 0.207378
0.215 0.201033
0.22 0.194896
0.225 0.188968
0.23 0.183247
0.235 0.17773
0.24 0.172413
0.245 0.167291
0.25 0.162359
0.255 0.15761
0.26 0.153039
0.265 0.14864
0.27 0.144405
0.275 0.14033
0.28 0.136407
0.285 0.132631
0.29 0.128995
0.295 0.125495
0.3 0.122123
0.305 0.118875
0.31 0.115746
0.315 0.112731
0.32 0.109824
0.325 0.107021
0.33 0.104318
0.335 0.10171
0.34 0.0991935
0.345 0.0967645
0.35 0.0944192
0.355 0.0921542
0.36 0.089966
0.365 0.0878515
0.37 0.0858075
0.375 0.0838311
0.38 0.0819196
0.385 0.0800704
0.39 0.0782807
0.395 0.0765484
0.4 0.0748709
0.405 0.0732463
0.41 0.0716722
0.415 0.0701469
0.42 0.0686683
0.425 0.0672346
0.43 0.0658441
0.435 0.0644952
0.44 0.0631862
0.445 0.0619156
0.45 0.0606821
0.455 0.0594842
0.46 0.0583206
0.465 0.05719
0.47 0.0560913
0.475 0.0550232
0.48 0.0539848
0.485 0.0529749
0.49 0.0519925
0.495 0.0510366
0.5 0.0501064
0.505 0.0492009
0.51 0.0483193
0.515 0.0474608
0.52 0.0466245
0.525 0.0458099
0.53 0.045016
0.535 0.0442423
0.54 0.043488
0.545 0.0427526
0.55 0.0420354
0.555 0.0413358
0.56 0.0406533
0.565 0.0399873
0.57 0.0393374
0.575 0.0387029
0.58 0.0380835
0.585 0.0374787
0.59 0.0368879
0.595 0.0363109
0.6 0.0357471
0.605 0.0351962
0.61 0.0346578
0.615 0.0341315
0.62 0.033617
0.625 0.0331139
0.63 0.0326219
0.635 0.0321406
0.64 0.0316698
0.645 0.0312092
0.65 0.0307585
0.655 0.0303173
0.66 0.0298855
0.665 0.0294628
0.67 0.0290489
0.675 0.0286435
0.68 0.0282465
0.685 0.0278577
0.69 0.0274767
0.695 0.0271035
0.7 0.0267377
0.705 0.0263792
0.71 0.0260279
0.715 0.0256834
0.72 0.0253457
0.725 0.0250146
0.73 0.0246898
0.735 0.0243713
0.74 0.0240589
0.745 0.0237524
0.75 0.0234516
0.755 0.0231565
0.76 0.0228669
0.765 0.0225827
0.77 0.0223037
0.775 0.0220298
0.78 0.0217609
0.785 0.0214968
0.79 0.0212375
0.795 0.0209829
0.8 0.0207327
0.805 0.020487
0.81 0.0202456
0.815 0.0200084
0.82 0.0197753
0.825 0.0195462
0.83 0.0193211
0.835 0.0190999
0.84 0.0188823
0.845 0.0186685
0.85 0.0184583
0.855 0.0182515
0.86 0.0180482
0.865 0.0178483
0.87 0.0176516
0.875 0.0174582
0.88 0.0172679
0.885 0.0170807
0.89 0.0168965
0.895 0.0167153
0.9 0.0165369
0.905 0.0163614
0.91 0.0161886
0.915 0.0160186
0.92 0.0158512
0.925 0.0156863
0.93 0.0155241
0.935 0.0153643
0.94 0.015207
0.945 0.0150521
0.95 0.0148995
0.955 0.0147492
0.96 0.0146012
0.965 0.0144554
0.97 0.0143117
0.975 0.0141702
0.98 0.0140307
0.985 0.0138933
0.99 0.0137579
0.995 0.0136244
1 0.0134929
1.005 0.0133633
1.01 0.0132355
1.015 0.0131095
1.02 0.0129853
1.025 0.0128629
1.03 0.0127422
1.035 0.0126232
1.04 0.0125058
1.045 0.01239
1.05 0.0122759
1.055 0.0121633
1.06 0.0120522
1.065 0.0119427
1.07 0.0118346
1.075 0.011728
1.08 0.0116228
1.085 0.011519
1.09 0.0114166
1.095 0.0113156
1.1 0.0112159
1.105 0.0111175
1.11 0.0110204
1.115 0.0109245
1.12 0.0108299
1.125 0.0107365
1.13 0.0106443
1.135 0.0105533
1.14 0.0104635
1.145 0.0103747
1.15 0.0102871
1.155 0.0102007
1.16 0.0101152
1.165 0.0100309
1.17 0.0099476
1.175 0.00986534
1.18 0.00978409
1.185 0.00970383
1.19 0.00962456
1.195 0.00954625
1.2 0.00946889
1.205 0.00939246
1.21 0.00931695
1.215 0.00924235
1.22 0.00916864
1.225 0.0090958
1.23 0.00902383
1.235 0.00895271
1.24 0.00888242
1.245 0.00881295
1.25 0.0087443
1.255 0.00867644
1.26 0.00860936
1.265 0.00854306
1.27 0.00847752
1.275 0.00841273
1.28 0.00834868
1.285 0.00828536
1.29 0.00822275
1.295 0.00816084
1.3 0.00809964
1.305 0.00803911
1.31 0.00797926
1.315 0.00792008
1.32 0.00786155
1.325 0.00780366
1.33 0.00774641
1.335 0.00768979
1.34 0.00763379
1.345 0.00757839
1.35 0.00752359
1.355 0.00746938
1.36 0.00741576
1.365 0.00736271
1.37 0.00731023
1.375 0.0072583
1.38 0.00720693
1.385 0.00715609
1.39 0.0071058
1.395 0.00705603
1.4 0.00700678
1.405 0.00695804
1.41 0.00690981
1.415 0.00686208
1.42 0.00681484
1.425 0.00676808
1.43 0.0067218
1.435 0.006676
1.44 0.00663066
1.445 0.00658578
1.45 0.00654136
1.455 0.00649738
1.46 0.00645384
1.465 0.00641074
1.47 0.00636807
1.475 0.00632582
1.48 0.00628399
1.485 0.00624257
1.49 0.00620156
1.495 0.00616095
1.5 0.00612074
1.505 0.00608093
1.51 0.00604149
1.515 0.00600244
1.52 0.00596377
1.525 0.00592547
1.53 0.00588753
1.535 0.00584996
1.54 0.00581275
1.545 0.00577589
1.55 0.00573938
1.555 0.00570321
1.56 0.00566738
1.565 0.00563189
1.57 0.00559674
1.575 0.0055619
1.58 0.0055274
1.585 0.00549321
1.59 0.00545934
1.595 0.00542578
1.6 0.00539253
1.605 0.00535958
1.61 0.00532693
1.615 0.00529458
1.62 0.00526253
1.625 0.00523076
1.63 0.00519928
1.635 0.00516808
1.64 0.00513716
1.645 0.00510652
1.65 0.00507616
1.655 0.00504606
1.66 0.00501622
1.665 0.00498666
1.67 0.00495735
1.675 0.0049283
1.68 0.0048995
1.685 0.00487095
1.69 0.00484266
1.695 0.00481461
1.7 0.0047868
1.705 0.00475923
1.71 0.0047319
1.715 0.0047048
1.72 0.00467794
1.725 0.0046513
1.73 0.00462489
1.735 0.0045987
1.74 0.00457274
1.745 0.004547
1.75 0.00452147
1.755 0.00449615
1.76 0.00447105
1.765 0.00444616
1.77 0.00442147
1.775 0.00439699
1.78 0.00437271
1.785 0.00434863
1.79 0.00432475
1.795 0.00430107
1.8 0.00427758
1.805 0.00425428
1.81 0.00423117
1.815 0.00420825
1.82 0.00418551
1.825 0.00416296
1.83 0.00414059
1.835 0.0041184
1.84 0.00409639
1.845 0.00407455
1.85 0.00405288
1.855 0.00403139
1.86 0.00401007
1.865 0.00398892
1.87 0.00396793
1.875 0.00394711
1.88 0.00392646
1.885 0.00390596
1.89 0.00388562
1.895 0.00386545
1.9 0.00384542
1.905 0.00382556
1.91 0.00380585
1.915 0.00378628
1.92 0.00376687
1.925 0.00374761
1.93 0.0037285
1.935 0.00370953
1.94 0.0036907
1.945 0.00367202
1.95 0.00365348
1.955 0.00363508
1.96 0.00361682
1.965 0.00359869
1.97 0.0035807
1.975 0.00356285
1.98 0.00354513
1.985 0.00352754
1.99 0.00351008
1.995 0.00349275
2 0.00347555
2.005 0.00345847
2.01 0.00344152
2.015 0.0034247
2.02 0.00340799
2.025 0.00339141
2.03 0.00337495
2.035 0.00335861
2.04 0.00334239
2.045 0.00332628
2.05 0.00331029
2.055 0.00329442
2.06 0.00327866
2.065 0.00326301
2.07 0.00324747
2.075 0.00323205
2.08 0.00321673
2.085 0.00320152
2.09 0.00318642
2.095 0.00317143
2.1 0.00315654
2.105 0.00314176
2.11 0.00312707
2.115 0.0031125
2.12 0.00309802
2.125 0.00308365
2.13 0.00306937
2.135 0.00305519
2.14 0.00304111
2.145 0.00302713
2.15 0.00301325
2.155 0.00299946
2.16 0.00298576
2.165 0.00297216
2.17 0.00295865
2.175 0.00294523
2.18 0.0029319
2.185 0.00291867
2.19 0.00290552
2.195 0.00289246
2.2 0.00287949
2.205 0.0028666
2.21 0.00285381
2.215 0.00284109
2.22 0.00282847
2.225 0.00281592
2.23 0.00280346
2.235 0.00279108
2.24 0.00277879
2.245 0.00276657
2.25 0.00275444
2.255 0.00274238
2.26 0.00273041
2.265 0.00271851
2.27 0.00270669
2.275 0.00269494
2.28 0.00268328
2.285 0.00267168
2.29 0.00266017
2.295 0.00264872
2.3 0.00263735
2.305 0.00262606
2.31 0.00261483
2.315 0.00260368
2.32 0.0025926
2.325 0.00258159
2.33 0.00257065
2.335 0.00255978
2.34 0.00254898
2.345 0.00253824
2.35 0.00252758
2.355 0.00251698
2.36 0.00250644
2.365 0.00249598
2.37 0.00248557
2.375 0.00247524
2.38 0.00246496
2.385 0.00245476
2.39 0.00244461
2.395 0.00243453
2.4 0.00242451
2.405 0.00241455
2.41 0.00240465
2.415 0.00239481
2.42 0.00238504
2.425 0.00237532
2.43 0.00236566
2.435 0.00235606
2.44 0.00234652
2.445 0.00233704
2.45 0.00232761
2.455 0.00231824
2.46 0.00230893
2.465 0.00229968
2.47 0.00229047
2.475 0.00228133
2.48 0.00227224
2.485 0.0022632
2.49 0.00225422
2.495 0.00224529
2.5 0.00223641
2.505 0.00222759
2.51 0.00221881
2.515 0.00221009
2.52 0.00220142
2.525 0.00219281
2.53 0.00218424
2.535 0.00217572
2.54 0.00216725
2.545 0.00215883
2.55 0.00215046
2.555 0.00214214
2.56 0.00213387
2.565 0.00212564
2.57 0.00211747
2.575 0.00210933
2.58 0.00210125
2.585 0.00209321
2.59 0.00208522
2.595 0.00207727
2.6 0.00206937
2.605 0.00206152
2.61 0.00205371
2.615 0.00204594
2.62 0.00203822
2.625 0.00203054
2.63 0.0020229
2.635 0.00201531
2.64 0.00200776
2.645 0.00200025
2.65 0.00199278
2.655 0.00198536
2.66 0.00197798
2.665 0.00197064
2.67 0.00196333
2.675 0.00195607
2.68 0.00194885
2.685 0.00194167
2.69 0.00193453
2.695 0.00192743
2.7 0.00192037
2.705 0.00191334
2.71 0.00190636
2.715 0.00189941
2.72 0.0018925
2.725 0.00188563
2.73 0.00187879
2.735 0.001872
2.74 0.00186524
2.745 0.00185851
2.75 0.00185183
2.755 0.00184517
2.76 0.00183856
2.765 0.00183198
2.77 0.00182543
2.775 0.00181892
2.78 0.00181245
2.785 0.00180601
2.79 0.0017996
2.795 0.00179323
2.8 0.00178689
2.805 0.00178058
2.81 0.00177431
2.815 0.00176807
2.82 0.00176186
2.825 0.00175569
2.83 0.00174955
2.835 0.00174344
2.84 0.00173736
2.845 0.00173132
2.85 0.0017253
2.855 0.00171932
2.86 0.00171337
2.865 0.00170745
2.87 0.00170156
2.875 0.0016957
2.88 0.00168987
2.885 0.00168407
2.89 0.0016783
2.895 0.00167256
2.9 0.00166685
2.905 0.00166117
2.91 0.00165552
2.915 0.00164989
2.92 0.0016443
2.925 0.00163873
2.93 0.00163319
2.935 0.00162768
2.94 0.0016222
2.945 0.00161674
2.95 0.00161132
2.955 0.00160591
2.96 0.00160054
2.965 0.0015952
2.97 0.00158988
2.975 0.00158458
2.98 0.00157932
2.985 0.00157408
2.99 0.00156886
2.995 0.00156367
3 0.00155851
3.005 0.00155337
3.01 0.00154826
3.015 0.00154317
3.02 0.00153811
3.025 0.00153307
3.03 0.00152806
3.035 0.00152307
3.04 0.00151811
3.045 0.00151317
3.05 0.00150826
3.055 0.00150337
3.06 0.0014985
3.065 0.00149365
3.07 0.00148883
3.075 0.00148404
3.08 0.00147926
3.085 0.00147451
3.09 0.00146978
3.095 0.00146508
3.1 0.0014604
3.105 0.00145573
3.11 0.0014511
3.115 0.00144648
3.12 0.00144189
3.125 0.00143731
3.13 0.00143276
3.135 0.00142823
3.14 0.00142373
3.145 0.00141924
3.15 0.00141478
3.155 0.00141033
3.16 0.00140591
3.165 0.00140151
3.17 0.00139712
3.175 0.00139276
3.18 0.00138842
3.185 0.0013841
3.19 0.0013798
3.195 0.00137552
3.2 0.00137126
3.205 0.00136702
3.21 0.0013628
3.215 0.0013586
3.22 0.00135441
3.225 0.00135025
3.23 0.00134611
3.235 0.00134198
3.24 0.00133788
3.245 0.00133379
3.25 0.00132972
3.255 0.00132567
3.26 0.00132164
3.265 0.00131763
3.27 0.00131363
3.275 0.00130965
3.28 0.0013057
3.285 0.00130176
3.29 0.00129783
3.295 0.00129393
3.3 0.00129004
3.305 0.00128617
3.31 0.00128232
3.315 0.00127848
3.32 0.00127466
3.325 0.00127086
3.33 0.00126708
3.335 0.00126331
3.34 0.00125956
3.345 0.00125583
3.35 0.00125211
3.355 0.00124841
3.36 0.00124472
3.365 0.00124106
3.37 0.0012374
3.375 0.00123377
3.38 0.00123015
3.385 0.00122654
3.39 0.00122296
3.395 0.00121938
3.4 0.00121583
3.405 0.00121228
3.41 0.00120876
3.415 0.00120525
3.42 0.00120175
3.425 0.00119827
3.43 0.00119481
3.435 0.00119136
3.44 0.00118792
3.445 0.0011845
3.45 0.0011811
3.455 0.00117771
3.46 0.00117433
3.465 0.00117097
3.47 0.00116762
3.475 0.00116429
3.48 0.00116097
3.485 0.00115767
3.49 0.00115437
3.495 0.0011511
3.5 0.00114784
3.505 0.00114459
3.51 0.00114135
3.515 0.00113813
3.52 0.00113492
3.525 0.00113173
3.53 0.00112855
3.535 0.00112538
3.54 0.00112223
3.545 0.00111909
3.55 0.00111596
3.555 0.00111284
3.56 0.00110974
3.565 0.00110665
3.57 0.00110358
3.575 0.00110052
3.58 0.00109747
3.585 0.00109443
3.59 0.0010914
3.595 0.00108839
3.6 0.00108539
3.605 0.0010824
3.61 0.00107943
3.615 0.00107647
3.62 0.00107351
3.625 0.00107058
3.63 0.00106765
3.635 0.00106473
3.64 0.00106183
3.645 0.00105894
3.65 0.00105606
3.655 0.00105319
3.66 0.00105034
3.665 0.00104749
3.67 0.00104466
3.675 0.00104184
3.68 0.00103903
3.685 0.00103623
3.69 0.00103345
3.695 0.00103067
3.7 0.00102791
3.705 0.00102515
3.71 0.00102241
3.715 0.00101968
3.72 0.00101696
3.725 0.00101425
3.73 0.00101155
3.735 0.00100886
3.74 0.00100618
3.745 0.00100352
3.75 0.00100086
3.755 0.000998215
3.76 0.00099558
3.765 0.000992955
3.77 0.00099034
3.775 0.000987736
3.78 0.000985142
3.785 0.000982559
3.79 0.000979985
3.795 0.000977422
3.8 0.000974868
3.805 0.000972325
3.81 0.000969792
3.815 0.000967268
3.82 0.000964754
3.825 0.00096225
3.83 0.000959756
3.835 0.000957272
3.84 0.000954797
3.845 0.000952331
3.85 0.000949876
3.855 0.000947429
3.86 0.000944992
3.865 0.000942565
3.87 0.000940147
3.875 0.000937738
3.88 0.000935338
3.885 0.000932948
3.89 0.000930567
3.895 0.000928195
3.9 0.000925832
3.905 0.000923477
3.91 0.000921132
3.915 0.000918796
3.92 0.000916469
3.925 0.00091415
3.93 0.000911841
3.935 0.00090954
3.94 0.000907247
3.945 0.000904964
3.95 0.000902689
3.955 0.000900422
3.96 0.000898164
3.965 0.000895915
3.97 0.000893674
3.975 0.000891441
3.98 0.000889217
3.985 0.000887001
3.99 0.000884794
3.995 0.000882594
4 0.000880403
4.005 0.00087822
4.01 0.000876045
4.015 0.000873878
4.02 0.000871719
4.025 0.000869568
4.03 0.000867425
4.035 0.00086529
4.04 0.000863163
4.045 0.000861044
4.05 0.000858932
4.055 0.000856828
4.06 0.000854732
4.065 0.000852644
4.07 0.000850563
4.075 0.00084849
4.08 0.000846424
4.085 0.000844366
4.09 0.000842316
4.095 0.000840273
4.1 0.000838237
4.105 0.000836209
4.11 0.000834188
4.115 0.000832174
4.12 0.000830168
4.125 0.000828169
4.13 0.000826177
4.135 0.000824192
4.14 0.000822215
4.145 0.000820244
4.15 0.000818281
4.155 0.000816325
4.16 0.000814375
4.165 0.000812433
4.17 0.000810497
4.175 0.000808569
4.18 0.000806647
4.185 0.000804733
4.19 0.000802825
4.195 0.000800923
4.2 0.000799029
4.205 0.000797141
4.21 0.00079526
4.215 0.000793386
4.22 0.000791518
4.225 0.000789657
4.23 0.000787802
4.235 0.000785954
4.24 0.000784112
4.245 0.000782277
4.25 0.000780448
4.255 0.000778626
4.26 0.00077681
4.265 0.000775
4.27 0.000773197
4.275 0.0007714
4.28 0.000769609
4.285 0.000767825
4.29 0.000766046
4.295 0.000764274
4.3 0.000762508
4.305 0.000760748
4.31 0.000758994
4.315 0.000757247
4.32 0.000755505
4.325 0.000753769
4.33 0.000752039
4.335 0.000750316
4.34 0.000748598
4.345 0.000746886
4.35 0.000745179
4.355 0.000743479
4.36 0.000741785
4.365 0.000740096
4.37 0.000738413
4.375 0.000736736
4.38 0.000735064
4.385 0.000733398
4.39 0.000731738
4.395 0.000730084
4.4 0.000728435
4.405 0.000726791
4.41 0.000725154
4.415 0.000723521
4.42 0.000721895
4.425 0.000720273
4.43 0.000718657
4.435 0.000717047
4.44 0.000715442
4.445 0.000713842
4.45 0.000712248
4.455 0.000710659
4.46 0.000709076
4.465 0.000707497
4.47 0.000705924
4.475 0.000704356
4.48 0.000702794
4.485 0.000701236
4.49 0.000699684
4.495 0.000698137
4.5 0.000696595
4.505 0.000695058
4.51 0.000693526
4.515 0.000692
4.52 0.000690478
4.525 0.000688961
4.53 0.00068745
4.535 0.000685943
4.54 0.000684441
4.545 0.000682944
4.55 0.000681452
4.555 0.000679965
4.56 0.000678483
4.565 0.000677006
4.57 0.000675533
4.575 0.000674065
4.58 0.000672602
4.585 0.000671144
4.59 0.000669691
4.595 0.000668242
4.6 0.000666798
4.605 0.000665358
4.61 0.000663924
4.615 0.000662494
4.62 0.000661068
4.625 0.000659647
4.63 0.000658231
4.635 0.000656819
4.64 0.000655412
4.645 0.000654009
4.65 0.000652611
4.655 0.000651217
4.66 0.000649828
4.665 0.000648443
4.67 0.000647063
4.675 0.000645687
4.68 0.000644315
4.685 0.000642948
4.69 0.000641585
4.695 0.000640226
4.7 0.000638872
4.705 0.000637522
4.71 0.000636176
4.715 0.000634835
4.72 0.000633498
4.725 0.000632165
4.73 0.000630836
4.735 0.000629511
4.74 0.000628191
4.745 0.000626874
4.75 0.000625562
4.755 0.000624254
4.76 0.00062295
4.765 0.00062165
4.77 0.000620355
4.775 0.000619063
4.78 0.000617775
4.785 0.000616491
4.79 0.000615212
4.795 0.000613936
4.8 0.000612664
4.805 0.000611396
4.81 0.000610133
4.815 0.000608873
4.82 0.000607616
4.825 0.000606364
4.83 0.000605116
4.835 0.000603871
4.84 0.000602631
4.845 0.000601394
4.85 0.000600161
4.855 0.000598932
4.86 0.000597706
4.865 0.000596485
4.87 0.000595267
4.875 0.000594052
4.88 0.000592842
4.885 0.000591635
4.89 0.000590432
4.895 0.000589232
4.9 0.000588036
4.905 0.000586844
4.91 0.000585656
4.915 0.000584471
4.92 0.000583289
4.925 0.000582112
4.93 0.000580937
4.935 0.000579767
4.94 0.000578599
4.945 0.000577436
4.95 0.000576276
4.955 0.000575119
4.96 0.000573966
4.965 0.000572816
4.97 0.00057167
4.975 0.000570527
4.98 0.000569388
4.985 0.000568252
4.99 0.000567119
4.995 0.00056599
5 0.000564864
5.005 0.000563742
5.01 0.000562623
5.015 0.000561507
5.02 0.000560394
5.025 0.000559285
5.03 0.000558179
5.035 0.000557077
5.04 0.000555977
5.045 0.000554881
5.05 0.000553788
5.055 0.000552699
5.06 0.000551612
5.065 0.000550529
5.07 0.000549449
5.075 0.000548372
5.08 0.000547298
5.085 0.000546228
5.09 0.00054516
5.095 0.000544096
5.1 0.000543035
5.105 0.000541977
5.11 0.000540922
5.115 0.00053987
5.12 0.000538821
5.125 0.000537775
5.13 0.000536733
5.135 0.000535693
5.14 0.000534656
5.145 0.000533622
5.15 0.000532592
5.155 0.000531564
5.16 0.000530539
5.165 0.000529517
5.17 0.000528499
5.175 0.000527483
5.18 0.00052647
5.185 0.00052546
5.19 0.000524452
5.195 0.000523448
5.2 0.000522447
5.205 0.000521448
5.21 0.000520453
5.215 0.00051946
5.22 0.00051847
5.225 0.000517483
5.23 0.000516498
5.235 0.000515517
5.24 0.000514538
5.245 0.000513562
5.25 0.000512589
5.255 0.000511619
5.26 0.000510651
5.265 0.000509686
5.27 0.000508724
5.275 0.000507764
5.28 0.000506808
5.285 0.000505854
5.29 0.000504902
5.295 0.000503954
5.3 0.000503008
5.305 0.000502064
5.31 0.000501124
5.315 0.000500186
5.32 0.00049925
5.325 0.000498317
5.33 0.000497387
5.335 0.00049646
5.34 0.000495535
5.345 0.000494612
5.35 0.000493692
5.355 0.000492775
5.36 0.00049186
5.365 0.000490948
5.37 0.000490039
5.375 0.000489131
5.38 0.000488227
5.385 0.000487325
5.39 0.000486425
5.395 0.000485528
5.4 0.000484633
5.405 0.000483741
5.41 0.000482852
5.415 0.000481964
5.42 0.00048108
5.425 0.000480197
5.43 0.000479317
5.435 0.00047844
5.44 0.000477565
5.445 0.000476692
5.45 0.000475822
5.455 0.000474954
5.46 0.000474088
5.465 0.000473225
5.47 0.000472364
5.475 0.000471505
5.48 0.000470649
5.485 0.000469795
5.49 0.000468944
5.495 0.000468095
5.5 0.000467248
5.505 0.000466403
5.51 0.000465561
5.515 0.000464721
5.52 0.000463883
5.525 0.000463048
5.53 0.000462214
5.535 0.000461383
5.54 0.000460555
5.545 0.000459728
5.55 0.000458904
5.555 0.000458082
5.56 0.000457262
5.565 0.000456444
5.57 0.000455629
5.575 0.000454815
5.58 0.000454004
5.585 0.000453195
5.59 0.000452388
5.595 0.000451584
5.6 0.000450781
5.605 0.000449981
5.61 0.000449183
5.615 0.000448386
5.62 0.000447592
5.625 0.0004468
5.63 0.000446011
5.635 0.000445223
5.64 0.000444437
5.645 0.000443654
5.65 0.000442872
5.655 0.000442093
5.66 0.000441316
5.665 0.00044054
5.67 0.000439767
5.675 0.000438996
5.68 0.000438226
5.685 0.000437459
5.69 0.000436694
5.695 0.000435931
5.7 0.00043517
5.705 0.000434411
5.71 0.000433653
5.715 0.000432898
5.72 0.000432145
5.725 0.000431394
5.73 0.000430644
5.735 0.000429897
5.74 0.000429151
5.745 0.000428408
5.75 0.000427666
5.755 0.000426927
5.76 0.000426189
5.765 0.000425453
5.77 0.000424719
5.775 0.000423987
5.78 0.000423257
5.785 0.000422529
5.79 0.000421803
5.795 0.000421078
5.8 0.000420355
5.805 0.000419635
5.81 0.000418916
5.815 0.000418199
5.82 0.000417483
5.825 0.00041677
5.83 0.000416058
5.835 0.000415349
5.84 0.000414641
5.845 0.000413935
5.85 0.00041323
5.855 0.000412528
5.86 0.000411827
5.865 0.000411128
5.87 0.000410431
5.875 0.000409736
5.88 0.000409042
5.885 0.00040835
5.89 0.00040766
5.895 0.000406971
5.9 0.000406285
5.905 0.0004056
5.91 0.000404917
5.915 0.000404235
5.92 0.000403556
5.925 0.000402878
5.93 0.000402201
5.935 0.000401527
5.94 0.000400854
5.945 0.000400183
5.95 0.000399513
5.955 0.000398845
5.96 0.000398179
5.965 0.000397514
5.97 0.000396852
5.975 0.00039619
5.98 0.000395531
5.985 0.000394873
5.99 0.000394217
5.995 0.000393562
6 0.000392909
6.005 0.000392258
6.01 0.000391608
6.015 0.00039096
6.02 0.000390313
6.025 0.000389668
6.03 0.000389025
6.035 0.000388383
6.04 0.000387743
6.045 0.000387104
6.05 0.000386467
6.055 0.000385832
6.06 0.000385198
6.065 0.000384566
6.07 0.000383935
6.075 0.000383306
6.08 0.000382678
6.085 0.000382052
6.09 0.000381428
6.095 0.000380805
6.1 0.000380183
6.105 0.000379563
6.11 0.000378945
6.115 0.000378328
6.12 0.000377712
6.125 0.000377098
6.13 0.000376486
6.135 0.000375875
6.14 0.000375265
6.145 0.000374657
6.15 0.000374051
6.155 0.000373445
6.16 0.000372842
6.165 0.00037224
6.17 0.000371639
6.175 0.00037104
6.18 0.000370442
6.185 0.000369846
6.19 0.000369251
6.195 0.000368657
6.2 0.000368065
6.205 0.000367475
6.21 0.000366886
6.215 0.000366298
6.22 0.000365711
6.225 0.000365126
6.23 0.000364543
6.235 0.000363961
6.24 0.00036338
6.245 0.000362801
6.25 0.000362223
6.255 0.000361646
6.26 0.000361071
6.265 0.000360497
6.27 0.000359924
6.275 0.000359353
6.28 0.000358783
6.285 0.000358215
6.29 0.000357648
6.295 0.000357082
6.3 0.000356518
6.305 0.000355955
6.31 0.000355393
6.315 0.000354833
6.32 0.000354274
6.325 0.000353716
6.33 0.000353159
6.335 0.000352604
6.34 0.000352051
6.345 0.000351498
6.35 0.000350947
6.355 0.000350397
6.36 0.000349848
6.365 0.000349301
6.37 0.000348755
6.375 0.00034821
6.38 0.000347667
6.385 0.000347124
6.39 0.000346583
6.395 0.000346044
6.4 0.000345505
6.405 0.000344968
6.41 0.000344432
6.415 0.000343898
6.42 0.000343364
6.425 0.000342832
6.43 0.000342301
6.435 0.000341771
6.44 0.000341243
6.445 0.000340715
6.45 0.000340189
6.455 0.000339665
6.46 0.000339141
6.465 0.000338619
6.47 0.000338097
6.475 0.000337577
6.48 0.000337059
6.485 0.000336541
6.49 0.000336025
6.495 0.000335509
6.5 0.000334995
6.505 0.000334482
6.51 0.000333971
6.515 0.00033346
6.52 0.000332951
6.525 0.000332443
6.53 0.000331936
6.535 0.00033143
6.54 0.000330925
6.545 0.000330422
6.55 0.000329919
6.555 0.000329418
6.56 0.000328918
6.565 0.000328419
6.57 0.000327921
6.575 0.000327424
6.58 0.000326929
6.585 0.000326434
6.59 0.000325941
6.595 0.000325449
6.6 0.000324958
6.605 0.000324468
6.61 0.000323979
6.615 0.000323491
6.62 0.000323004
6.625 0.000322519
6.63 0.000322034
6.635 0.000321551
6.64 0.000321068
6.645 0.000320587
6.65 0.000320107
6.655 0.000319628
6.66 0.00031915
6.665 0.000318673
6.67 0.000318197
6.675 0.000317722
6.68 0.000317249
6.685 0.000316776
6.69 0.000316304
6.695 0.000315834
6.7 0.000315364
6.705 0.000314896
6.71 0.000314428
6.715 0.000313962
6.72 0.000313497
6.725 0.000313032
6.73 0.000312569
6.735 0.000312107
6.74 0.000311646
6.745 0.000311185
6.75 0.000310726
6.755 0.000310268
6.76 0.000309811
6.765 0.000309355
6.77 0.0003089
6.775 0.000308445
6.78 0.000307992
6.785 0.00030754
6.79 0.000307089
6.795 0.000306639
6.8 0.00030619
6.805 0.000305741
6.81 0.000305294
6.815 0.000304848
6.82 0.000304403
6.825 0.000303958
6.83 0.000303515
6.835 0.000303073
6.84 0.000302631
6.845 0.000302191
6.85 0.000301752
6.855 0.000301313
6.86 0.000300876
6.865 0.000300439
6.87 0.000300003
6.875 0.000299569
6.88 0.000299135
6.885 0.000298702
6.89 0.00029827
6.895 0.000297839
6.9 0.00029741
6.905 0.00029698
6.91 0.000296552
6.915 0.000296125
6.92 0.000295699
6.925 0.000295273
6.93 0.000294849
6.935 0.000294426
6.94 0.000294003
6.945 0.000293581
6.95 0.00029316
6.955 0.000292741
6.96 0.000292322
6.965 0.000291903
6.97 0.000291486
6.975 0.00029107
6.98 0.000290655
6.985 0.00029024
6.99 0.000289826
6.995 0.000289414
7 0.000289002
7.005 0.000288591
7.01 0.000288181
7.015 0.000287771
7.02 0.000287363
7.025 0.000286955
7.03 0.000286549
7.035 0.000286143
7.04 0.000285738
7.045 0.000285334
7.05 0.000284931
7.055 0.000284529
7.06 0.000284127
7.065 0.000283726
7.07 0.000283327
7.075 0.000282928
7.08 0.00028253
7.085 0.000282132
7.09 0.000281736
7.095 0.00028134
7.1 0.000280945
7.105 0.000280552
7.11 0.000280158
7.115 0.000279766
7.12 0.000279375
7.125 0.000278984
7.13 0.000278594
7.135 0.000278205
7.14 0.000277817
7.145 0.00027743
7.15 0.000277043
7.155 0.000276657
7.16 0.000276272
7.165 0.000275888
7.17 0.000275505
7.175 0.000275122
7.18 0.000274741
7.185 0.00027436
7.19 0.000273979
7.195 0.0002736
7.2 0.000273221
7.205 0.000272844
7.21 0.000272467
7.215 0.00027209
7.22 0.000271715
7.225 0.00027134
7.23 0.000270966
7.235 0.000270593
7.24 0.000270221
7.245 0.000269849
7.25 0.000269478
7.255 0.000269108
7.26 0.000268739
7.265 0.00026837
7.27 0.000268003
7.275 0.000267635
7.28 0.000267269
7.285 0.000266904
7.29 0.000266539
7.295 0.000266175
7.3 0.000265812
7.305 0.000265449
7.31 0.000265087
7.315 0.000264726
7.32 0.000264366
7.325 0.000264006
7.33 0.000263647
7.335 0.000263289
7.34 0.000262932
7.345 0.000262575
7.35 0.000262219
7.355 0.000261864
7.36 0.000261509
7.365 0.000261156
7.37 0.000260803
7.375 0.00026045
7.38 0.000260099
7.385 0.000259748
7.39 0.000259397
7.395 0.000259048
7.4 0.000258699
7.405 0.000258351
7.41 0.000258004
7.415 0.000257657
7.42 0.000257311
7.425 0.000256966
7.43 0.000256621
7.435 0.000256277
7.44 0.000255934
7.445 0.000255591
7.45 0.000255249
7.455 0.000254908
7.46 0.000254568
7.465 0.000254228
7.47 0.000253889
7.475 0.00025355
7.48 0.000253213
7.485 0.000252876
7.49 0.000252539
7.495 0.000252203
7.5 0.000251868
7.505 0.000251534
7.51 0.0002512
7.515 0.000250867
7.52 0.000250535
7.525 0.000250203
7.53 0.000249872
7.535 0.000249541
7.54 0.000249212
7.545 0.000248882
7.55 0.000248554
7.555 0.000248226
7.56 0.000247899
7.565 0.000247572
7.57 0.000247246
7.575 0.000246921
7.58 0.000246597
7.585 0.000246273
7.59 0.000245949
7.595 0.000245627
7.6 0.000245304
7.605 0.000244983
7.61 0.000244662
7.615 0.000244342
7.62 0.000244023
7.625 0.000243704
7.63 0.000243385
7.635 0.000243068
7.64 0.000242751
7.645 0.000242434
7.65 0.000242118
7.655 0.000241803
7.66 0.000241489
7.665 0.000241175
7.67 0.000240861
7.675 0.000240549
7.68 0.000240236
7.685 0.000239925
7.69 0.000239614
7.695 0.000239304
7.7 0.000238994
7.705 0.000238685
7.71 0.000238376
7.715 0.000238068
7.72 0.000237761
7.725 0.000237454
7.73 0.000237148
7.735 0.000236843
7.74 0.000236538
7.745 0.000236233
7.75 0.00023593
7.755 0.000235626
7.76 0.000235324
7.765 0.000235022
7.77 0.00023472
7.775 0.000234419
7.78 0.000234119
7.785 0.00023382
7.79 0.00023352
7.795 0.000233222
7.8 0.000232924
7.805 0.000232626
7.81 0.00023233
7.815 0.000232033
7.82 0.000231738
7.825 0.000231442
7.83 0.000231148
7.835 0.000230854
7.84 0.00023056
7.845 0.000230267
7.85 0.000229975
7.855 0.000229683
7.86 0.000229392
7.865 0.000229101
7.87 0.000228811
7.875 0.000228522
7.88 0.000228233
7.885 0.000227944
7.89 0.000227656
7.895 0.000227369
7.9 0.000227082
7.905 0.000226796
7.91 0.00022651
7.915 0.000226225
7.92 0.00022594
7.925 0.000225656
7.93 0.000225372
7.935 0.000225089
7.94 0.000224807
7.945 0.000224525
7.95 0.000224243
7.955 0.000223962
7.96 0.000223682
7.965 0.000223402
7.97 0.000223123
7.975 0.000222844
7.98 0.000222565
7.985 0.000222288
7.99 0.00022201
7.995 0.000221734
8 0.000221457
8.005 0.000221182
8.01 0.000220906
8.015 0.000220632
8.02 0.000220357
8.025 0.000220084
8.03 0.000219811
8.035 0.000219538
8.04 0.000219266
8.045 0.000218994
8.05 0.000218723
8.055 0.000218452
8.06 0.000218182
8.065 0.000217913
8.07 0.000217643
8.075 0.000217375
8.08 0.000217107
8.085 0.000216839
8.09 0.000216572
8.095 0.000216305
8.1 0.000216039
8.105 0.000215773
8.11 0.000215508
8.115 0.000215243
8.12 0.000214979
8.125 0.000214715
8.13 0.000214452
8.135 0.000214189
8.14 0.000213927
8.145 0.000213665
8.15 0.000213404
8.155 0.000213143
8.16 0.000212883
8.165 0.000212623
8.17 0.000212364
8.175 0.000212105
8.18 0.000211846
8.185 0.000211588
8.19 0.000211331
8.195 0.000211074
8.2 0.000210817
8.205 0.000210561
8.21 0.000210305
8.215 0.00021005
8.22 0.000209795
8.225 0.000209541
8.23 0.000209287
8.235 0.000209034
8.24 0.000208781
8.245 0.000208529
8.25 0.000208277
8.255 0.000208025
8.26 0.000207774
8.265 0.000207524
8.27 0.000207274
8.275 0.000207024
8.28 0.000206775
8.285 0.000206526
8.29 0.000206278
8.295 0.00020603
8.3 0.000205782
8.305 0.000205535
8.31 0.000205289
8.315 0.000205043
8.32 0.000204797
8.325 0.000204552
8.33 0.000204307
8.335 0.000204063
8.34 0.000203819
8.345 0.000203575
8.35 0.000203332
8.355 0.00020309
8.36 0.000202847
8.365 0.000202606
8.37 0.000202364
8.375 0.000202124
8.38 0.000201883
8.385 0.000201643
8.39 0.000201403
8.395 0.000201164
8.4 0.000200926
8.405 0.000200687
8.41 0.000200449
8.415 0.000200212
8.42 0.000199975
8.425 0.000199738
8.43 0.000199502
8.435 0.000199266
8.44 0.000199031
8.445 0.000198796
8.45 0.000198562
8.455 0.000198327
8.46 0.000198094
8.465 0.00019786
8.47 0.000197628
8.475 0.000197395
8.48 0.000197163
8.485 0.000196931
8.49 0.0001967
8.495 0.000196469
8.5 0.000196239
8.505 0.000196009
8.51 0.000195779
8.515 0.00019555
8.52 0.000195321
8.525 0.000195093
8.53 0.000194865
8.535 0.000194637
8.54 0.00019441
8.545 0.000194183
8.55 0.000193957
8.555 0.000193731
8.56 0.000193505
8.565 0.00019328
8.57 0.000193055
8.575 0.000192831
8.58 0.000192607
8.585 0.000192383
8.59 0.00019216
8.595 0.000191937
8.6 0.000191714
8.605 0.000191492
8.61 0.00019127
8.615 0.000191049
8.62 0.000190828
8.625 0.000190608
8.63 0.000190387
8.635 0.000190168
8.64 0.000189948
8.645 0.000189729
8.65 0.00018951
8.655 0.000189292
8.66 0.000189074
8.665 0.000188857
8.67 0.00018864
8.675 0.000188423
8.68 0.000188206
8.685 0.00018799
8.69 0.000187775
8.695 0.000187559
8.7 0.000187344
8.705 0.00018713
8.71 0.000186916
8.715 0.000186702
8.72 0.000186488
8.725 0.000186275
8.73 0.000186063
8.735 0.00018585
8.74 0.000185638
8.745 0.000185427
8.75 0.000185215
8.755 0.000185004
8.76 0.000184794
8.765 0.000184584
8.77 0.000184374
8.775 0.000184164
8.78 0.000183955
8.785 0.000183746
8.79 0.000183538
8.795 0.00018333
8.8 0.000183122
8.805 0.000182915
8.81 0.000182708
8.815 0.000182501
8.82 0.000182295
8.825 0.000182089
8.83 0.000181883
8.835 0.000181678
8.84 0.000181473
8.845 0.000181269
8.85 0.000181064
8.855 0.000180861
8.86 0.000180657
8.865 0.000180454
8.87 0.000180251
8.875 0.000180048
8.88 0.000179846
8.885 0.000179645
8.89 0.000179443
8.895 0.000179242
8.9 0.000179041
8.905 0.000178841
8.91 0.000178641
8.915 0.000178441
8.92 0.000178241
8.925 0.000178042
8.93 0.000177843
8.935 0.000177645
8.94 0.000177447
8.945 0.000177249
8.95 0.000177052
8.955 0.000176854
8.96 0.000176658
8.965 0.000176461
8.97 0.000176265
8.975 0.000176069
8.98 0.000175874
8.985 0.000175679
8.99 0.000175484
8.995 0.000175289
9 0.000175095
9.005 0.000174901
9.01 0.000174708
9.015 0.000174514
9.02 0.000174321
9.025 0.000174129
9.03 0.000173937
9.035 0.000173745
9.04 0.000173553
9.045 0.000173362
9.05 0.000173171
9.055 0.00017298
9.06 0.00017279
9.065 0.0001726
9.07 0.00017241
9.075 0.00017222
9.08 0.000172031
9.085 0.000171842
9.09 0.000171654
9.095 0.000171466
9.1 0.000171278
9.105 0.00017109
9.11 0.000170903
9.115 0.000170716
9.12 0.000170529
9.125 0.000170343
9.13 0.000170157
9.135 0.000169971
9.14 0.000169786
9.145 0.000169601
9.15 0.000169416
9.155 0.000169231
9.16 0.000169047
9.165 0.000168863
9.17 0.00016868
9.175 0.000168496
9.18 0.000168313
9.185 0.000168131
9.19 0.000167948
9.195 0.000167766
9.2 0.000167584
9.205 0.000167403
9.21 0.000167221
9.215 0.00016704
9.22 0.00016686
9.225 0.000166679
9.23 0.000166499
9.235 0.00016632
9.24 0.00016614
9.245 0.000165961
9.25 0.000165782
9.255 0.000165603
9.26 0.000165425
9.265 0.000165247
9.27 0.000165069
9.275 0.000164892
9.28 0.000164715
9.285 0.000164538
9.29 0.000164361
9.295 0.000164185
9.3 0.000164009
9.305 0.000163833
9.31 0.000163658
9.315 0.000163482
9.32 0.000163307
9.325 0.000163133
9.33 0.000162958
9.335 0.000162784
9.34 0.000162611
9.345 0.000162437
9.35 0.000162264
9.355 0.000162091
9.36 0.000161918
9.365 0.000161746
9.37 0.000161574
9.375 0.000161402
9.38 0.00016123
9.385 0.000161059
9.39 0.000160888
9.395 0.000160717
9.4 0.000160547
9.405 0.000160376
9.41 0.000160206
9.415 0.000160037
9.42 0.000159867
9.425 0.000159698
9.43 0.000159529
9.435 0.000159361
9.44 0.000159192
9.445 0.000159024
9.45 0.000158856
9.455 0.000158689
9.46 0.000158522
9.465 0.000158355
9.47 0.000158188
9.475 0.000158021
9.48 0.000157855
9.485 0.000157689
9.49 0.000157523
9.495 0.000157358
9.5 0.000157193
9.505 0.000157028
9.51 0.000156863
9.515 0.000156699
9.52 0.000156535
9.525 0.000156371
9.53 0.000156207
9.535 0.000156044
9.54 0.000155881
9.545 0.000155718
9.55 0.000155555
9.555 0.000155393
9.56 0.000155231
9.565 0.000155069
9.57 0.000154907
9.575 0.000154746
9.58 0.000154585
9.585 0.000154424
9.59 0.000154263
9.595 0.000154103
9.6 0.000153943
9.605 0.000153783
9.61 0.000153624
9.615 0.000153464
9.62 0.000153305
9.625 0.000153146
9.63 0.000152988
9.635 0.000152829
9.64 0.000152671
9.645 0.000152513
9.65 0.000152356
9.655 0.000152198
9.66 0.000152041
9.665 0.000151884
9.67 0.000151728
9.675 0.000151571
9.68 0.000151415
9.685 0.000151259
9.69 0.000151104
9.695 0.000150948
9.7 0.000150793
9.705 0.000150638
9.71 0.000150483
9.715 0.000150329
9.72 0.000150175
9.725 0.000150021
9.73 0.000149867
9.735 0.000149713
9.74 0.00014956
9.745 0.000149407
9.75 0.000149254
9.755 0.000149102
9.76 0.000148949
9.765 0.000148797
9.77 0.000148645
9.775 0.000148493
9.78 0.000148342
9.785 0.000148191
9.79 0.00014804
9.795 0.000147889
9.8 0.000147739
9.805 0.000147588
9.81 0.000147438
9.815 0.000147289
9.82 0.000147139
9.825 0.00014699
9.83 0.00014684
9.835 0.000146692
9.84 0.000146543
9.845 0.000146394
9.85 0.000146246
9.855 0.000146098
9.86 0.00014595
9.865 0.000145803
9.87 0.000145656
9.875 0.000145508
9.88 0.000145362
9.885 0.000145215
9.89 0.000145068
9.895 0.000144922
9.9 0.000144776
9.905 0.00014463
9.91 0.000144485
9.915 0.00014434
9.92 0.000144194
9.925 0.00014405
9.93 0.000143905
9.935 0.00014376
9.94 0.000143616
9.945 0.000143472
9.95 0.000143328
9.955 0.000143185
9.96 0.000143041
9.965 0.000142898
9.97 0.000142755
9.975 0.000142612
9.98 0.00014247
9.985 0.000142328
9.99 0.000142186
9.995 0.000142044
