0 -nan
0.005 0.888607
0.01 0.352241
0.015 0.743756
0.02 0.765134
0.025 0.331009
0.03 0.142541
0.035 0.562074
0.04 0.5925
0.045 0.384163
0.05 0.175897
0.055 0.0502321
0.06 0.0037398
0.065 0.00989058
0.07 0.0440766
0.075 0.089377
0.08 0.135784
0.085 0.178094
0.09 0.214058
0.095 0.243108
0.1 0.265548
0.105 0.282083
0.11 0.293556
0.115 0.300805
0.12 0.304602
0.125 0.305622
0.13 0.304439
0.135 0.301534
0.14 0.297303
0.145 0.292068
0.15 0.286091
0.155 0.279583
0.16 0.272712
0.165 0.265613
0.17 0.258391
0.175 0.25113
0.18 0.243895
0.185 0.236736
0.19 0.229692
0.195 0.22279
0.2 0.216054
0.205 0.209497
0.21 0.203129
0.215 0.196957
0.22 0.190984
0.225 0.185211
0.23 0.179637
0.235 0.174259
0.24 0.169074
0.245 0.164077
0.25 0.159263
0.255 0.154627
0.26 0.150163
0.265 0.145865
0.27 0.141727
0.275 0.137743
0.28 0.133908
0.285 0.130215
0.29 0.126659
0.295 0.123234
0.3 0.119935
0.305 0.116756
0.31 0.113693
0.315 0.11074
0.32 0.107894
0.325 0.105148
0.33 0.1025
0.335 0.0999454
0.34 0.0974796
0.345 0.0950991
0.35 0.0928005
0.355 0.0905801
0.36 0.0884349
0.365 0.0863616
0.37 0.0843572
0.375 0.082419
0.38 0.0805442
0.385 0.0787302
0.39 0.0769746
0.395 0.0752749
0.4 0.073629
0.405 0.0720348
0.41 0.0704901
0.415 0.068993
0.42 0.0675417
0.425 0.0661344
0.43 0.0647694
0.435 0.0634451
0.44 0.0621599
0.445 0.0609124
0.45 0.0597011
0.455 0.0585247
0.46 0.057382
0.465 0.0562716
0.47 0.0551924
0.475 0.0541433
0.48 0.0531232
0.485 0.0521311
0.49 0.051166
0.495 0.0502269
0.5 0.0493129
0.505 0.0484232
0.51 0.0475569
0.515 0.0467132
0.52 0.0458915
0.525 0.0450908
0.53 0.0443106
0.535 0.0435501
0.54 0.0428087
0.545 0.0420858
0.55 0.0413808
0.555 0.0406931
0.56 0.0400222
0.565 0.0393675
0.57 0.0387285
0.575 0.0381047
0.58 0.0374957
0.585 0.036901
0.59 0.0363201
0.595 0.0357527
0.6 0.0351983
0.605 0.0346565
0.61 0.034127
0.615 0.0336095
0.62 0.0331034
0.625 0.0326086
0.63 0.0321247
0.635 0.0316514
0.64 0.0311883
0.645 0.0307352
0.65 0.0302918
0.655 0.0298579
0.66 0.0294331
0.665 0.0290173
0.67 0.0286101
0.675 0.0282113
0.68 0.0278207
0.685 0.0274382
0.69 0.0270634
0.695 0.0266961
0.7 0.0263362
0.705 0.0259835
0.71 0.0256378
0.715 0.0252989
0.72 0.0249665
0.725 0.0246407
0.73 0.0243211
0.735 0.0240077
0.74 0.0237002
0.745 0.0233986
0.75 0.0231026
0.755 0.0228122
0.76 0.0225272
0.765 0.0222475
0.77 0.0219729
0.775 0.0217033
0.78 0.0214386
0.785 0.0211787
0.79 0.0209235
0.795 0.0206728
0.8 0.0204266
0.805 0.0201847
0.81 0.019947
0.815 0.0197136
0.82 0.0194841
0.825 0.0192586
0.83 0.019037
0.835 0.0188192
0.84 0.0186051
0.845 0.0183946
0.85 0.0181876
0.855 0.017984
0.86 0.0177839
0.865 0.017587
0.87 0.0173934
0.875 0.017203
0.88 0.0170156
0.885 0.0168313
0.89 0.01665
0.895 0.0164715
0.9 0.0162959
0.905 0.016123
0.91 0.0159529
0.915 0.0157855
0.92 0.0156206
0.925 0.0154584
0.93 0.0152986
0.935 0.0151413
0.94 0.0149863
0.945 0.0148338
0.95 0.0146835
0.955 0.0145355
0.96 0.0143897
0.965 0.0142461
0.97 0.0141047
0.975 0.0139653
0.98 0.0138279
0.985 0.0136926
0.99 0.0135593
0.995 0.0134278
1 0.0132983
1.005 0.0131706
1.01 0.0130448
1.015 0.0129207
1.02 0.0127984
1.025 0.0126778
1.03 0.0125589
1.035 0.0124417
1.04 0.0123261
1.045 0.012212
1.05 0.0120996
1.055 0.0119887
1.06 0.0118793
1.065 0.0117714
1.07 0.011665
1.075 0.0115599
1.08 0.0114563
1.085 0.0113541
1.09 0.0112533
1.095 0.0111537
1.1 0.0110555
1.105 0.0109586
1.11 0.0108629
1.115 0.0107685
1.12 0.0106753
1.125 0.0105833
1.13 0.0104925
1.135 0.0104028
1.14 0.0103143
1.145 0.0102269
1.15 0.0101406
1.155 0.0100554
1.16 0.00997124
1.165 0.00988814
1.17 0.00980608
1.175 0.00972503
1.18 0.00964498
1.185 0.00956592
1.19 0.00948781
1.195 0.00941066
1.2 0.00933445
1.205 0.00925915
1.21 0.00918476
1.215 0.00911125
1.22 0.00903863
1.225 0.00896687
1.23 0.00889596
1.235 0.00882588
1.24 0.00875662
1.245 0.00868818
1.25 0.00862053
1.255 0.00855367
1.26 0.00848758
1.265 0.00842226
1.27 0.00835768
1.275 0.00829384
1.28 0.00823073
1.285 0.00816833
1.29 0.00810664
1.295 0.00804564
1.3 0.00798533
1.305 0.00792569
1.31 0.00786672
1.315 0.0078084
1.32 0.00775073
1.325 0.00769369
1.33 0.00763727
1.335 0.00758148
1.34 0.00752629
1.345 0.0074717
1.35 0.0074177
1.355 0.00736429
1.36 0.00731144
1.365 0.00725917
1.37 0.00720745
1.375 0.00715628
1.38 0.00710565
1.385 0.00705556
1.39 0.00700599
1.395 0.00695694
1.4 0.00690841
1.405 0.00686038
1.41 0.00681285
1.415 0.00676581
1.42 0.00671925
1.425 0.00667318
1.43 0.00662757
1.435 0.00658243
1.44 0.00653775
1.445 0.00649352
1.45 0.00644974
1.455 0.0064064
1.46 0.00636349
1.465 0.00632101
1.47 0.00627895
1.475 0.00623732
1.48 0.00619609
1.485 0.00615527
1.49 0.00611486
1.495 0.00607483
1.5 0.0060352
1.505 0.00599596
1.51 0.0059571
1.515 0.00591861
1.52 0.00588049
1.525 0.00584274
1.53 0.00580536
1.535 0.00576832
1.54 0.00573165
1.545 0.00569532
1.55 0.00565933
1.555 0.00562368
1.56 0.00558837
1.565 0.00555339
1.57 0.00551874
1.575 0.00548441
1.58 0.0054504
1.585 0.0054167
1.59 0.00538331
1.595 0.00535024
1.6 0.00531746
1.605 0.00528499
1.61 0.00525281
1.615 0.00522092
1.62 0.00518932
1.625 0.00515801
1.63 0.00512698
1.635 0.00509623
1.64 0.00506576
1.645 0.00503556
1.65 0.00500562
1.655 0.00497595
1.66 0.00494655
1.665 0.0049174
1.67 0.00488851
1.675 0.00485988
1.68 0.00483149
1.685 0.00480335
1.69 0.00477546
1.695 0.00474781
1.7 0.0047204
1.705 0.00469322
1.71 0.00466628
1.715 0.00463957
1.72 0.00461309
1.725 0.00458683
1.73 0.0045608
1.735 0.00453499
1.74 0.00450939
1.745 0.00448401
1.75 0.00445885
1.755 0.00443389
1.76 0.00440915
1.765 0.00438461
1.77 0.00436027
1.775 0.00433614
1.78 0.00431221
1.785 0.00428847
1.79 0.00426493
1.795 0.00424158
1.8 0.00421843
1.805 0.00419546
1.81 0.00417268
1.815 0.00415008
1.82 0.00412767
1.825 0.00410544
1.83 0.00408338
1.835 0.00406151
1.84 0.0040398
1.845 0.00401828
1.85 0.00399692
1.855 0.00397573
1.86 0.00395471
1.865 0.00393386
1.87 0.00391317
1.875 0.00389265
1.88 0.00387228
1.885 0.00385208
1.89 0.00383203
1.895 0.00381213
1.9 0.0037924
1.905 0.00377281
1.91 0.00375338
1.915 0.00373409
1.92 0.00371496
1.925 0.00369597
1.93 0.00367712
1.935 0.00365842
1.94 0.00363986
1.945 0.00362144
1.95 0.00360316
1.955 0.00358502
1.96 0.00356702
1.965 0.00354915
1.97 0.00353142
1.975 0.00351381
1.98 0.00349634
1.985 0.003479
1.99 0.00346179
1.995 0.0034447
2 0.00342774
2.005 0.0034109
2.01 0.00339419
2.015 0.0033776
2.02 0.00336114
2.025 0.00334479
2.03 0.00332856
2.035 0.00331245
2.04 0.00329645
2.045 0.00328057
2.05 0.00326481
2.055 0.00324916
2.06 0.00323362
2.065 0.00321819
2.07 0.00320287
2.075 0.00318766
2.08 0.00317256
2.085 0.00315757
2.09 0.00314268
2.095 0.0031279
2.1 0.00311322
2.105 0.00309864
2.11 0.00308417
2.115 0.00306979
2.12 0.00305552
2.125 0.00304135
2.13 0.00302727
2.135 0.00301329
2.14 0.00299941
2.145 0.00298563
2.15 0.00297194
2.155 0.00295834
2.16 0.00294484
2.165 0.00293142
2.17 0.0029181
2.175 0.00290487
2.18 0.00289173
2.185 0.00287868
2.19 0.00286572
2.195 0.00285284
2.2 0.00284005
2.205 0.00282735
2.21 0.00281473
2.215 0.0028022
2.22 0.00278974
2.225 0.00277738
2.23 0.00276509
2.235 0.00275288
2.24 0.00274076
2.245 0.00272872
2.25 0.00271675
2.255 0.00270486
2.26 0.00269305
2.265 0.00268132
2.27 0.00266967
2.275 0.00265809
2.28 0.00264658
2.285 0.00263515
2.29 0.0026238
2.295 0.00261251
2.3 0.0026013
2.305 0.00259016
2.31 0.0025791
2.315 0.0025681
2.32 0.00255717
2.325 0.00254632
2.33 0.00253553
2.335 0.00252481
2.34 0.00251416
2.345 0.00250357
2.35 0.00249305
2.355 0.0024826
2.36 0.00247222
2.365 0.00246189
2.37 0.00245164
2.375 0.00244145
2.38 0.00243132
2.385 0.00242125
2.39 0.00241124
2.395 0.0024013
2.4 0.00239142
2.405 0.0023816
2.41 0.00237184
2.415 0.00236214
2.42 0.0023525
2.425 0.00234292
2.43 0.0023334
2.435 0.00232393
2.44 0.00231452
2.445 0.00230517
2.45 0.00229588
2.455 0.00228664
2.46 0.00227745
2.465 0.00226833
2.47 0.00225925
2.475 0.00225024
2.48 0.00224127
2.485 0.00223236
2.49 0.0022235
2.495 0.00221469
2.5 0.00220594
2.505 0.00219724
2.51 0.00218859
2.515 0.00217999
2.52 0.00217144
2.525 0.00216294
2.53 0.00215449
2.535 0.00214609
2.54 0.00213774
2.545 0.00212944
2.55 0.00212119
2.555 0.00211298
2.56 0.00210482
2.565 0.00209671
2.57 0.00208865
2.575 0.00208063
2.58 0.00207266
2.585 0.00206473
2.59 0.00205685
2.595 0.00204901
2.6 0.00204122
2.605 0.00203347
2.61 0.00202577
2.615 0.00201811
2.62 0.0020105
2.625 0.00200292
2.63 0.00199539
2.635 0.00198791
2.64 0.00198046
2.645 0.00197306
2.65 0.00196569
2.655 0.00195837
2.66 0.00195109
2.665 0.00194385
2.67 0.00193665
2.675 0.00192949
2.68 0.00192237
2.685 0.00191529
2.69 0.00190825
2.695 0.00190124
2.7 0.00189428
2.705 0.00188735
2.71 0.00188046
2.715 0.00187361
2.72 0.0018668
2.725 0.00186002
2.73 0.00185328
2.735 0.00184658
2.74 0.00183991
2.745 0.00183328
2.75 0.00182668
2.755 0.00182012
2.76 0.0018136
2.765 0.00180711
2.77 0.00180065
2.775 0.00179423
2.78 0.00178785
2.785 0.0017815
2.79 0.00177518
2.795 0.00176889
2.8 0.00176264
2.805 0.00175642
2.81 0.00175024
2.815 0.00174408
2.82 0.00173796
2.825 0.00173188
2.83 0.00172582
2.835 0.00171979
2.84 0.0017138
2.845 0.00170784
2.85 0.00170191
2.855 0.00169601
2.86 0.00169014
2.865 0.0016843
2.87 0.00167849
2.875 0.00167271
2.88 0.00166696
2.885 0.00166124
2.89 0.00165555
2.895 0.00164989
2.9 0.00164426
2.905 0.00163866
2.91 0.00163308
2.915 0.00162754
2.92 0.00162202
2.925 0.00161653
2.93 0.00161106
2.935 0.00160563
2.94 0.00160022
2.945 0.00159484
2.95 0.00158949
2.955 0.00158416
2.96 0.00157886
2.965 0.00157359
2.97 0.00156835
2.975 0.00156313
2.98 0.00155793
2.985 0.00155276
2.99 0.00154762
2.995 0.0015425
3 0.00153741
3.005 0.00153234
3.01 0.0015273
3.015 0.00152229
3.02 0.00151729
3.025 0.00151233
3.03 0.00150738
3.035 0.00150246
3.04 0.00149757
3.045 0.0014927
3.05 0.00148785
3.055 0.00148303
3.06 0.00147822
3.065 0.00147345
3.07 0.00146869
3.075 0.00146396
3.08 0.00145925
3.085 0.00145457
3.09 0.0014499
3.095 0.00144526
3.1 0.00144065
3.105 0.00143605
3.11 0.00143147
3.115 0.00142692
3.12 0.00142239
3.125 0.00141788
3.13 0.00141339
3.135 0.00140893
3.14 0.00140448
3.145 0.00140006
3.15 0.00139565
3.155 0.00139127
3.16 0.00138691
3.165 0.00138256
3.17 0.00137824
3.175 0.00137394
3.18 0.00136966
3.185 0.0013654
3.19 0.00136116
3.195 0.00135694
3.2 0.00135273
3.205 0.00134855
3.21 0.00134439
3.215 0.00134024
3.22 0.00133612
3.225 0.00133201
3.23 0.00132792
3.235 0.00132386
3.24 0.00131981
3.245 0.00131578
3.25 0.00131176
3.255 0.00130777
3.26 0.00130379
3.265 0.00129983
3.27 0.00129589
3.275 0.00129197
3.28 0.00128807
3.285 0.00128418
3.29 0.00128031
3.295 0.00127646
3.3 0.00127263
3.305 0.00126881
3.31 0.00126501
3.315 0.00126123
3.32 0.00125746
3.325 0.00125371
3.33 0.00124998
3.335 0.00124626
3.34 0.00124256
3.345 0.00123888
3.35 0.00123521
3.355 0.00123156
3.36 0.00122793
3.365 0.00122431
3.37 0.00122071
3.375 0.00121712
3.38 0.00121355
3.385 0.00121
3.39 0.00120646
3.395 0.00120294
3.4 0.00119943
3.405 0.00119594
3.41 0.00119246
3.415 0.001189
3.42 0.00118555
3.425 0.00118212
3.43 0.0011787
3.435 0.0011753
3.44 0.00117191
3.445 0.00116853
3.45 0.00116517
3.455 0.00116183
3.46 0.0011585
3.465 0.00115518
3.47 0.00115188
3.475 0.0011486
3.48 0.00114532
3.485 0.00114206
3.49 0.00113882
3.495 0.00113559
3.5 0.00113237
3.505 0.00112916
3.51 0.00112597
3.515 0.00112279
3.52 0.00111963
3.525 0.00111648
3.53 0.00111334
3.535 0.00111022
3.54 0.00110711
3.545 0.00110401
3.55 0.00110093
3.555 0.00109785
3.56 0.00109479
3.565 0.00109175
3.57 0.00108871
3.575 0.00108569
3.58 0.00108269
3.585 0.00107969
3.59 0.00107671
3.595 0.00107373
3.6 0.00107078
3.605 0.00106783
3.61 0.00106489
3.615 0.00106197
3.62 0.00105906
3.625 0.00105616
3.63 0.00105328
3.635 0.0010504
3.64 0.00104754
3.645 0.00104469
3.65 0.00104185
3.655 0.00103902
3.66 0.0010362
3.665 0.0010334
3.67 0.0010306
3.675 0.00102782
3.68 0.00102505
3.685 0.00102229
3.69 0.00101954
3.695 0.0010168
3.7 0.00101407
3.705 0.00101136
3.71 0.00100865
3.715 0.00100596
3.72 0.00100328
3.725 0.0010006
3.73 0.000997941
3.735 0.000995289
3.74 0.000992648
3.745 0.000990018
3.75 0.000987398
3.755 0.000984788
3.76 0.000982189
3.765 0.0009796
3.77 0.000977021
3.775 0.000974452
3.78 0.000971894
3.785 0.000969345
3.79 0.000966807
3.795 0.000964278
3.8 0.00096176
3.805 0.000959251
3.81 0.000956752
3.815 0.000954263
3.82 0.000951783
3.825 0.000949313
3.83 0.000946853
3.835 0.000944402
3.84 0.000941961
3.845 0.000939529
3.85 0.000937107
3.855 0.000934694
3.86 0.00093229
3.865 0.000929896
3.87 0.000927511
3.875 0.000925135
3.88 0.000922768
3.885 0.00092041
3.89 0.000918061
3.895 0.000915721
3.9 0.00091339
3.905 0.000911068
3.91 0.000908755
3.915 0.00090645
3.92 0.000904155
3.925 0.000901868
3.93 0.00089959
3.935 0.00089732
3.94 0.000895059
3.945 0.000892806
3.95 0.000890562
3.955 0.000888327
3.96 0.000886099
3.965 0.000883881
3.97 0.00088167
3.975 0.000879468
3.98 0.000877274
3.985 0.000875088
3.99 0.00087291
3.995 0.000870741
4 0.000868579
4.005 0.000866426
4.01 0.00086428
4.015 0.000862143
4.02 0.000860013
4.025 0.000857892
4.03 0.000855778
4.035 0.000853672
4.04 0.000851574
4.045 0.000849483
4.05 0.0008474
4.055 0.000845325
4.06 0.000843257
4.065 0.000841197
4.07 0.000839145
4.075 0.0008371
4.08 0.000835062
4.085 0.000833032
4.09 0.00083101
4.095 0.000828994
4.1 0.000826986
4.105 0.000824986
4.11 0.000822992
4.115 0.000821006
4.12 0.000819027
4.125 0.000817055
4.13 0.00081509
4.135 0.000813132
4.14 0.000811182
4.145 0.000809238
4.15 0.000807301
4.155 0.000805371
4.16 0.000803448
4.165 0.000801532
4.17 0.000799623
4.175 0.000797721
4.18 0.000795825
4.185 0.000793937
4.19 0.000792055
4.195 0.000790179
4.2 0.00078831
4.205 0.000786448
4.21 0.000784593
4.215 0.000782744
4.22 0.000780901
4.225 0.000779065
4.23 0.000777236
4.235 0.000775413
4.24 0.000773596
4.245 0.000771786
4.25 0.000769982
4.255 0.000768184
4.26 0.000766393
4.265 0.000764608
4.27 0.000762829
4.275 0.000761056
4.28 0.00075929
4.285 0.000757529
4.29 0.000755775
4.295 0.000754027
4.3 0.000752285
4.305 0.000750549
4.31 0.000748819
4.315 0.000747095
4.32 0.000745377
4.325 0.000743664
4.33 0.000741958
4.335 0.000740258
4.34 0.000738563
4.345 0.000736874
4.35 0.000735191
4.355 0.000733514
4.36 0.000731842
4.365 0.000730177
4.37 0.000728517
4.375 0.000726862
4.38 0.000725213
4.385 0.00072357
4.39 0.000721932
4.395 0.0007203
4.4 0.000718673
4.405 0.000717052
4.41 0.000715437
4.415 0.000713827
4.42 0.000712222
4.425 0.000710623
4.43 0.000709029
4.435 0.00070744
4.44 0.000705857
4.445 0.000704279
4.45 0.000702706
4.455 0.000701139
4.46 0.000699577
4.465 0.00069802
4.47 0.000696468
4.475 0.000694921
4.48 0.00069338
4.485 0.000691843
4.49 0.000690312
4.495 0.000688786
4.5 0.000687265
4.505 0.000685749
4.51 0.000684238
4.515 0.000682732
4.52 0.000681231
4.525 0.000679734
4.53 0.000678243
4.535 0.000676757
4.54 0.000675275
4.545 0.000673799
4.55 0.000672327
4.555 0.00067086
4.56 0.000669398
4.565 0.000667941
4.57 0.000666488
4.575 0.00066504
4.58 0.000663597
4.585 0.000662158
4.59 0.000660725
4.595 0.000659295
4.6 0.000657871
4.605 0.000656451
4.61 0.000655036
4.615 0.000653625
4.62 0.000652219
4.625 0.000650817
4.63 0.00064942
4.635 0.000648027
4.64 0.000646639
4.645 0.000645255
4.65 0.000643876
4.655 0.000642501
4.66 0.000641131
4.665 0.000639764
4.67 0.000638403
4.675 0.000637045
4.68 0.000635692
4.685 0.000634343
4.69 0.000632999
4.695 0.000631659
4.7 0.000630323
4.705 0.000628991
4.71 0.000627664
4.715 0.00062634
4.72 0.000625021
4.725 0.000623706
4.73 0.000622395
4.735 0.000621089
4.74 0.000619786
4.745 0.000618487
4.75 0.000617193
4.755 0.000615903
4.76 0.000614616
4.765 0.000613334
4.77 0.000612056
4.775 0.000610781
4.78 0.000609511
4.785 0.000608245
4.79 0.000606982
4.795 0.000605724
4.8 0.000604469
4.805 0.000603219
4.81 0.000601972
4.815 0.000600729
4.82 0.00059949
4.825 0.000598254
4.83 0.000597023
4.835 0.000595795
4.84 0.000594571
4.845 0.000593351
4.85 0.000592135
4.855 0.000590922
4.86 0.000589713
4.865 0.000588508
4.87 0.000587307
4.875 0.000586109
4.88 0.000584915
4.885 0.000583724
4.89 0.000582537
4.895 0.000581354
4.9 0.000580174
4.905 0.000578998
4.91 0.000577825
4.915 0.000576657
4.92 0.000575491
4.925 0.000574329
4.93 0.000573171
4.935 0.000572016
4.94 0.000570865
4.945 0.000569717
4.95 0.000568572
4.955 0.000567431
4.96 0.000566293
4.965 0.000565159
4.97 0.000564029
4.975 0.000562901
4.98 0.000561777
4.985 0.000560657
4.99 0.000559539
4.995 0.000558425
5 0.000557315
5.005 0.000556207
5.01 0.000555103
5.015 0.000554003
5.02 0.000552905
5.025 0.000551811
5.03 0.00055072
5.035 0.000549632
5.04 0.000548548
5.045 0.000547466
5.05 0.000546388
5.055 0.000545313
5.06 0.000544241
5.065 0.000543173
5.07 0.000542107
5.075 0.000541045
5.08 0.000539986
5.085 0.00053893
5.09 0.000537877
5.095 0.000536827
5.1 0.00053578
5.105 0.000534736
5.11 0.000533695
5.115 0.000532658
5.12 0.000531623
5.125 0.000530591
5.13 0.000529562
5.135 0.000528537
5.14 0.000527514
5.145 0.000526494
5.15 0.000525477
5.155 0.000524464
5.16 0.000523453
5.165 0.000522445
5.17 0.00052144
5.175 0.000520437
5.18 0.000519438
5.185 0.000518442
5.19 0.000517448
5.195 0.000516457
5.2 0.000515469
5.205 0.000514484
5.21 0.000513502
5.215 0.000512523
5.22 0.000511546
5.225 0.000510572
5.23 0.000509601
5.235 0.000508633
5.24 0.000507667
5.245 0.000506705
5.25 0.000505744
5.255 0.000504787
5.26 0.000503833
5.265 0.000502881
5.27 0.000501931
5.275 0.000500985
5.28 0.000500041
5.285 0.0004991
5.29 0.000498161
5.295 0.000497225
5.3 0.000496292
5.305 0.000495362
5.31 0.000494434
5.315 0.000493508
5.32 0.000492585
5.325 0.000491665
5.33 0.000490747
5.335 0.000489832
5.34 0.00048892
5.345 0.00048801
5.35 0.000487102
5.355 0.000486197
5.36 0.000485295
5.365 0.000484395
5.37 0.000483498
5.375 0.000482603
5.38 0.00048171
5.385 0.000480821
5.39 0.000479933
5.395 0.000479048
5.4 0.000478165
5.405 0.000477285
5.41 0.000476408
5.415 0.000475532
5.42 0.000474659
5.425 0.000473789
5.43 0.000472921
5.435 0.000472055
5.44 0.000471192
5.445 0.000470331
5.45 0.000469472
5.455 0.000468616
5.46 0.000467762
5.465 0.00046691
5.47 0.000466061
5.475 0.000465214
5.48 0.00046437
5.485 0.000463527
5.49 0.000462687
5.495 0.000461849
5.5 0.000461014
5.505 0.000460181
5.51 0.00045935
5.515 0.000458521
5.52 0.000457694
5.525 0.00045687
5.53 0.000456048
5.535 0.000455228
5.54 0.000454411
5.545 0.000453595
5.55 0.000452782
5.555 0.000451971
5.56 0.000451162
5.565 0.000450356
5.57 0.000449551
5.575 0.000448749
5.58 0.000447948
5.585 0.00044715
5.59 0.000446354
5.595 0.000445561
5.6 0.000444769
5.605 0.000443979
5.61 0.000443192
5.615 0.000442406
5.62 0.000441623
5.625 0.000440842
5.63 0.000440062
5.635 0.000439285
5.64 0.00043851
5.645 0.000437737
5.65 0.000436966
5.655 0.000436197
5.66 0.00043543
5.665 0.000434666
5.67 0.000433903
5.675 0.000433142
5.68 0.000432383
5.685 0.000431626
5.69 0.000430871
5.695 0.000430118
5.7 0.000429367
5.705 0.000428618
5.71 0.000427871
5.715 0.000427126
5.72 0.000426383
5.725 0.000425642
5.73 0.000424903
5.735 0.000424165
5.74 0.00042343
5.745 0.000422696
5.75 0.000421965
5.755 0.000421235
5.76 0.000420507
5.765 0.000419781
5.77 0.000419057
5.775 0.000418335
5.78 0.000417615
5.785 0.000416896
5.79 0.00041618
5.795 0.000415465
5.8 0.000414752
5.805 0.000414041
5.81 0.000413332
5.815 0.000412624
5.82 0.000411919
5.825 0.000411215
5.83 0.000410513
5.835 0.000409813
5.84 0.000409114
5.845 0.000408418
5.85 0.000407723
5.855 0.00040703
5.86 0.000406338
5.865 0.000405649
5.87 0.000404961
5.875 0.000404275
5.88 0.000403591
5.885 0.000402908
5.89 0.000402227
5.895 0.000401548
5.9 0.000400871
5.905 0.000400195
5.91 0.000399521
5.915 0.000398849
5.92 0.000398178
5.925 0.000397509
5.93 0.000396842
5.935 0.000396176
5.94 0.000395513
5.945 0.00039485
5.95 0.00039419
5.955 0.000393531
5.96 0.000392874
5.965 0.000392218
5.97 0.000391564
5.975 0.000390912
5.98 0.000390261
5.985 0.000389612
5.99 0.000388965
5.995 0.000388319
6 0.000387675
6.005 0.000387032
6.01 0.000386391
6.015 0.000385751
6.02 0.000385114
6.025 0.000384477
6.03 0.000383843
6.035 0.000383209
6.04 0.000382578
6.045 0.000381948
6.05 0.000381319
6.055 0.000380693
6.06 0.000380067
6.065 0.000379443
6.07 0.000378821
6.075 0.0003782
6.08 0.000377581
6.085 0.000376963
6.09 0.000376347
6.095 0.000375733
6.1 0.000375119
6.105 0.000374508
6.11 0.000373898
6.115 0.000373289
6.12 0.000372682
6.125 0.000372076
6.13 0.000371472
6.135 0.000370869
6.14 0.000370268
6.145 0.000369668
6.15 0.000369069
6.155 0.000368472
6.16 0.000367877
6.165 0.000367283
6.17 0.00036669
6.175 0.000366099
6.18 0.000365509
6.185 0.000364921
6.19 0.000364334
6.195 0.000363748
6.2 0.000363164
6.205 0.000362582
6.21 0.000362
6.215 0.00036142
6.22 0.000360842
6.225 0.000360265
6.23 0.000359689
6.235 0.000359115
6.24 0.000358542
6.245 0.00035797
6.25 0.0003574
6.255 0.000356831
6.26 0.000356264
6.265 0.000355697
6.27 0.000355133
6.275 0.000354569
6.28 0.000354007
6.285 0.000353446
6.29 0.000352887
6.295 0.000352329
6.3 0.000351772
6.305 0.000351216
6.31 0.000350662
6.315 0.000350109
6.32 0.000349558
6.325 0.000349007
6.33 0.000348458
6.335 0.000347911
6.34 0.000347364
6.345 0.000346819
6.35 0.000346275
6.355 0.000345733
6.36 0.000345192
6.365 0.000344652
6.37 0.000344113
6.375 0.000343576
6.38 0.000343039
6.385 0.000342504
6.39 0.000341971
6.395 0.000341438
6.4 0.000340907
6.405 0.000340377
6.41 0.000339848
6.415 0.000339321
6.42 0.000338795
6.425 0.000338269
6.43 0.000337746
6.435 0.000337223
6.44 0.000336702
6.445 0.000336181
6.45 0.000335662
6.455 0.000335145
6.46 0.000334628
6.465 0.000334113
6.47 0.000333598
6.475 0.000333085
6.48 0.000332573
6.485 0.000332063
6.49 0.000331553
6.495 0.000331045
6.5 0.000330538
6.505 0.000330032
6.51 0.000329527
6.515 0.000329023
6.52 0.000328521
6.525 0.000328019
6.53 0.000327519
6.535 0.00032702
6.54 0.000326522
6.545 0.000326025
6.55 0.00032553
6.555 0.000325035
6.56 0.000324542
6.565 0.00032405
6.57 0.000323558
6.575 0.000323068
6.58 0.000322579
6.585 0.000322092
6.59 0.000321605
6.595 0.000321119
6.6 0.000320635
6.605 0.000320151
6.61 0.000319669
6.615 0.000319188
6.62 0.000318707
6.625 0.000318228
6.63 0.00031775
6.635 0.000317273
6.64 0.000316798
6.645 0.000316323
6.65 0.000315849
6.655 0.000315376
6.66 0.000314905
6.665 0.000314434
6.67 0.000313965
6.675 0.000313496
6.68 0.000313029
6.685 0.000312563
6.69 0.000312097
6.695 0.000311633
6.7 0.00031117
6.705 0.000310708
6.71 0.000310247
6.715 0.000309786
6.72 0.000309327
6.725 0.000308869
6.73 0.000308412
6.735 0.000307956
6.74 0.000307501
6.745 0.000307047
6.75 0.000306594
6.755 0.000306142
6.76 0.000305691
6.765 0.000305241
6.77 0.000304792
6.775 0.000304344
6.78 0.000303897
6.785 0.000303451
6.79 0.000303005
6.795 0.000302561
6.8 0.000302118
6.805 0.000301676
6.81 0.000301235
6.815 0.000300794
6.82 0.000300355
6.825 0.000299917
6.83 0.00029948
6.835 0.000299043
6.84 0.000298608
6.845 0.000298173
6.85 0.00029774
6.855 0.000297307
6.86 0.000296875
6.865 0.000296445
6.87 0.000296015
6.875 0.000295586
6.88 0.000295158
6.885 0.000294731
6.89 0.000294305
6.895 0.00029388
6.9 0.000293456
6.905 0.000293032
6.91 0.00029261
6.915 0.000292188
6.92 0.000291768
6.925 0.000291348
6.93 0.000290929
6.935 0.000290512
6.94 0.000290095
6.945 0.000289679
6.95 0.000289263
6.955 0.000288849
6.96 0.000288436
6.965 0.000288023
6.97 0.000287612
6.975 0.000287201
6.98 0.000286791
6.985 0.000286382
6.99 0.000285974
6.995 0.000285567
7 0.00028516
7.005 0.000284755
7.01 0.00028435
7.015 0.000283946
7.02 0.000283544
7.025 0.000283141
7.03 0.00028274
7.035 0.00028234
7.04 0.00028194
7.045 0.000281542
7.05 0.000281144
7.055 0.000280747
7.06 0.000280351
7.065 0.000279956
7.07 0.000279561
7.075 0.000279168
7.08 0.000278775
7.085 0.000278383
7.09 0.000277992
7.095 0.000277601
7.1 0.000277212
7.105 0.000276823
7.11 0.000276435
7.115 0.000276048
7.12 0.000275662
7.125 0.000275277
7.13 0.000274892
7.135 0.000274508
7.14 0.000274125
7.145 0.000273743
7.15 0.000273362
7.155 0.000272981
7.16 0.000272601
7.165 0.000272222
7.17 0.000271844
7.175 0.000271467
7.18 0.00027109
7.185 0.000270714
7.19 0.000270339
7.195 0.000269965
7.2 0.000269591
7.205 0.000269218
7.21 0.000268846
7.215 0.000268475
7.22 0.000268105
7.225 0.000267735
7.23 0.000267366
7.235 0.000266998
7.24 0.000266631
7.245 0.000266264
7.25 0.000265898
7.255 0.000265533
7.26 0.000265169
7.265 0.000264805
7.27 0.000264442
7.275 0.00026408
7.28 0.000263719
7.285 0.000263358
7.29 0.000262998
7.295 0.000262639
7.3 0.00026228
7.305 0.000261923
7.31 0.000261566
7.315 0.00026121
7.32 0.000260854
7.325 0.000260499
7.33 0.000260145
7.335 0.000259792
7.34 0.000259439
7.345 0.000259087
7.35 0.000258736
7.355 0.000258386
7.36 0.000258036
7.365 0.000257687
7.37 0.000257338
7.375 0.000256991
7.38 0.000256644
7.385 0.000256298
7.39 0.000255952
7.395 0.000255607
7.4 0.000255263
7.405 0.00025492
7.41 0.000254577
7.415 0.000254235
7.42 0.000253893
7.425 0.000253553
7.43 0.000253213
7.435 0.000252873
7.44 0.000252535
7.445 0.000252197
7.45 0.00025186
7.455 0.000251523
7.46 0.000251187
7.465 0.000250852
7.47 0.000250517
7.475 0.000250183
7.48 0.00024985
7.485 0.000249517
7.49 0.000249185
7.495 0.000248854
7.5 0.000248524
7.505 0.000248194
7.51 0.000247864
7.515 0.000247536
7.52 0.000247208
7.525 0.00024688
7.53 0.000246554
7.535 0.000246228
7.54 0.000245902
7.545 0.000245578
7.55 0.000245253
7.555 0.00024493
7.56 0.000244607
7.565 0.000244285
7.57 0.000243963
7.575 0.000243643
7.58 0.000243322
7.585 0.000243003
7.59 0.000242684
7.595 0.000242365
7.6 0.000242047
7.605 0.00024173
7.61 0.000241414
7.615 0.000241098
7.62 0.000240783
7.625 0.000240468
7.63 0.000240154
7.635 0.000239841
7.64 0.000239528
7.645 0.000239216
7.65 0.000238904
7.655 0.000238593
7.66 0.000238283
7.665 0.000237973
7.67 0.000237664
7.675 0.000237355
7.68 0.000237047
7.685 0.00023674
7.69 0.000236433
7.695 0.000236127
7.7 0.000235821
7.705 0.000235516
7.71 0.000235212
7.715 0.000234908
7.72 0.000234605
7.725 0.000234302
7.73 0.000234
7.735 0.000233699
7.74 0.000233398
7.745 0.000233098
7.75 0.000232798
7.755 0.000232499
7.76 0.0002322
7.765 0.000231902
7.77 0.000231605
7.775 0.000231308
7.78 0.000231012
7.785 0.000230716
7.79 0.000230421
7.795 0.000230126
7.8 0.000229832
7.805 0.000229539
7.81 0.000229246
7.815 0.000228954
7.82 0.000228662
7.825 0.000228371
7.83 0.00022808
7.835 0.00022779
7.84 0.0002275
7.845 0.000227211
7.85 0.000226923
7.855 0.000226635
7.86 0.000226348
7.865 0.000226061
7.87 0.000225775
7.875 0.000225489
7.88 0.000225204
7.885 0.000224919
7.89 0.000224635
7.895 0.000224351
7.9 0.000224068
7.905 0.000223786
7.91 0.000223504
7.915 0.000223223
7.92 0.000222942
7.925 0.000222661
7.93 0.000222382
7.935 0.000222102
7.94 0.000221823
7.945 0.000221545
7.95 0.000221268
7.955 0.00022099
7.96 0.000220714
7.965 0.000220437
7.97 0.000220162
7.975 0.000219887
7.98 0.000219612
7.985 0.000219338
7.99 0.000219064
7.995 0.000218791
8 0.000218519
8.005 0.000218247
8.01 0.000217975
8.015 0.000217704
8.02 0.000217434
8.025 0.000217164
8.03 0.000216894
8.035 0.000216625
8.04 0.000216357
8.045 0.000216088
8.05 0.000215821
8.055 0.000215554
8.06 0.000215287
8.065 0.000215021
8.07 0.000214756
8.075 0.000214491
8.08 0.000214226
8.085 0.000213962
8.09 0.000213699
8.095 0.000213435
8.1 0.000213173
8.105 0.000212911
8.11 0.000212649
8.115 0.000212388
8.12 0.000212127
8.125 0.000211867
8.13 0.000211607
8.135 0.000211348
8.14 0.000211089
8.145 0.000210831
8.15 0.000210573
8.155 0.000210316
8.16 0.000210059
8.165 0.000209802
8.17 0.000209546
8.175 0.000209291
8.18 0.000209036
8.185 0.000208781
8.19 0.000208527
8.195 0.000208274
8.2 0.000208021
8.205 0.000207768
8.21 0.000207516
8.215 0.000207264
8.22 0.000207013
8.225 0.000206762
8.23 0.000206511
8.235 0.000206261
8.24 0.000206012
8.245 0.000205763
8.25 0.000205514
8.255 0.000205266
8.26 0.000205018
8.265 0.000204771
8.27 0.000204524
8.275 0.000204278
8.28 0.000204032
8.285 0.000203787
8.29 0.000203542
8.295 0.000203297
8.3 0.000203053
8.305 0.000202809
8.31 0.000202566
8.315 0.000202323
8.32 0.000202081
8.325 0.000201839
8.33 0.000201597
8.335 0.000201356
8.34 0.000201116
8.345 0.000200875
8.35 0.000200636
8.355 0.000200396
8.36 0.000200157
8.365 0.000199919
8.37 0.000199681
8.375 0.000199443
8.38 0.000199206
8.385 0.000198969
8.39 0.000198733
8.395 0.000198497
8.4 0.000198261
8.405 0.000198026
8.41 0.000197791
8.415 0.000197557
8.42 0.000197323
8.425 0.00019709
8.43 0.000196857
8.435 0.000196624
8.44 0.000196392
8.445 0.00019616
8.45 0.000195929
8.455 0.000195698
8.46 0.000195467
8.465 0.000195237
8.47 0.000195007
8.475 0.000194778
8.48 0.000194549
8.485 0.00019432
8.49 0.000194092
8.495 0.000193864
8.5 0.000193637
8.505 0.00019341
8.51 0.000193183
8.515 0.000192957
8.52 0.000192731
8.525 0.000192506
8.53 0.000192281
8.535 0.000192057
8.54 0.000191832
8.545 0.000191609
8.55 0.000191385
8.555 0.000191162
8.56 0.00019094
8.565 0.000190717
8.57 0.000190496
8.575 0.000190274
8.58 0.000190053
8.585 0.000189832
8.59 0.000189612
8.595 0.000189392
8.6 0.000189173
8.605 0.000188953
8.61 0.000188735
8.615 0.000188516
8.62 0.000188298
8.625 0.000188081
8.63 0.000187863
8.635 0.000187647
8.64 0.00018743
8.645 0.000187214
8.65 0.000186998
8.655 0.000186783
8.66 0.000186568
8.665 0.000186353
8.67 0.000186139
8.675 0.000185925
8.68 0.000185711
8.685 0.000185498
8.69 0.000185285
8.695 0.000185073
8.7 0.000184861
8.705 0.000184649
8.71 0.000184438
8.715 0.000184227
8.72 0.000184016
8.725 0.000183806
8.73 0.000183596
8.735 0.000183387
8.74 0.000183177
8.745 0.000182969
8.75 0.00018276
8.755 0.000182552
8.76 0.000182344
8.765 0.000182137
8.77 0.00018193
8.775 0.000181723
8.78 0.000181517
8.785 0.000181311
8.79 0.000181105
8.795 0.0001809
8.8 0.000180695
8.805 0.00018049
8.81 0.000180286
8.815 0.000180082
8.82 0.000179879
8.825 0.000179676
8.83 0.000179473
8.835 0.00017927
8.84 0.000179068
8.845 0.000178866
8.85 0.000178665
8.855 0.000178464
8.86 0.000178263
8.865 0.000178062
8.87 0.000177862
8.875 0.000177662
8.88 0.000177463
8.885 0.000177264
8.89 0.000177065
8.895 0.000176866
8.9 0.000176668
8.905 0.000176471
8.91 0.000176273
8.915 0.000176076
8.92 0.000175879
8.925 0.000175683
8.93 0.000175487
8.935 0.000175291
8.94 0.000175095
8.945 0.0001749
8.95 0.000174705
8.955 0.000174511
8.96 0.000174317
8.965 0.000174123
8.97 0.000173929
8.975 0.000173736
8.98 0.000173543
8.985 0.000173351
8.99 0.000173158
8.995 0.000172966
9 0.000172775
9.005 0.000172583
9.01 0.000172392
9.015 0.000172202
9.02 0.000172011
9.025 0.000171821
9.03 0.000171632
9.035 0.000171442
9.04 0.000171253
9.045 0.000171065
9.05 0.000170876
9.055 0.000170688
9.06 0.0001705
9.065 0.000170313
9.07 0.000170125
9.075 0.000169938
9.08 0.000169752
9.085 0.000169566
9.09 0.00016938
9.095 0.000169194
9.1 0.000169008
9.105 0.000168823
9.11 0.000168639
9.115 0.000168454
9.12 0.00016827
9.125 0.000168086
9.13 0.000167903
9.135 0.000167719
9.14 0.000167536
9.145 0.000167354
9.15 0.000167171
9.155 0.000166989
9.16 0.000166808
9.165 0.000166626
9.17 0.000166445
9.175 0.000166264
9.18 0.000166083
9.185 0.000165903
9.19 0.000165723
9.195 0.000165543
9.2 0.000165364
9.205 0.000165185
9.21 0.000165006
9.215 0.000164828
9.22 0.000164649
9.225 0.000164471
9.23 0.000164294
9.235 0.000164116
9.24 0.000163939
9.245 0.000163762
9.25 0.000163586
9.255 0.00016341
9.26 0.000163234
9.265 0.000163058
9.27 0.000162883
9.275 0.000162707
9.28 0.000162533
9.285 0.000162358
9.29 0.000162184
9.295 0.00016201
9.3 0.000161836
9.305 0.000161663
9.31 0.00016149
9.315 0.000161317
9.32 0.000161144
9.325 0.000160972
9.33 0.0001608
9.335 0.000160628
9.34 0.000160457
9.345 0.000160285
9.35 0.000160114
9.355 0.000159944
9.36 0.000159773
9.365 0.000159603
9.37 0.000159433
9.375 0.000159264
9.38 0.000159095
9.385 0.000158926
9.39 0.000158757
9.395 0.000158588
9.4 0.00015842
9.405 0.000158252
9.41 0.000158084
9.415 0.000157917
9.42 0.00015775
9.425 0.000157583
9.43 0.000157416
9.435 0.00015725
9.44 0.000157084
9.445 0.000156918
9.45 0.000156752
9.455 0.000156587
9.46 0.000156422
9.465 0.000156257
9.47 0.000156093
9.475 0.000155928
9.48 0.000155764
9.485 0.000155601
9.49 0.000155437
9.495 0.000155274
9.5 0.000155111
9.505 0.000154948
9.51 0.000154786
9.515 0.000154624
9.52 0.000154462
9.525 0.0001543
9.53 0.000154138
9.535 0.000153977
9.54 0.000153816
9.545 0.000153656
9.55 0.000153495
9.555 0.000153335
9.56 0.000153175
9.565 0.000153015
9.57 0.000152856
9.575 0.000152697
9.58 0.000152538
9.585 0.000152379
9.59 0.000152221
9.595 0.000152062
9.6 0.000151904
9.605 0.000151747
9.61 0.000151589
9.615 0.000151432
9.62 0.000151275
9.625 0.000151118
9.63 0.000150962
9.635 0.000150806
9.64 0.00015065
9.645 0.000150494
9.65 0.000150338
9.655 0.000150183
9.66 0.000150028
9.665 0.000149873
9.67 0.000149719
9.675 0.000149564
9.68 0.00014941
9.685 0.000149256
9.69 0.000149103
9.695 0.000148949
9.7 0.000148796
9.705 0.000148643
9.71 0.000148491
9.715 0.000148338
9.72 0.000148186
9.725 0.000148034
9.73 0.000147883
9.735 0.000147731
9.74 0.00014758
9.745 0.000147429
9.75 0.000147278
9.755 0.000147127
9.76 0.000146977
9.765 0.000146827
9.77 0.000146677
9.775 0.000146527
9.78 0.000146378
9.785 0.000146229
9.79 0.00014608
9.795 0.000145931
9.8 0.000145783
9.805 0.000145634
9.81 0.000145486
9.815 0.000145339
9.82 0.000145191
9.825 0.000145044
9.83 0.000144896
9.835 0.00014475
9.84 0.000144603
9.845 0.000144456
9.85 0.00014431
9.855 0.000144164
9.86 0.000144018
9.865 0.000143873
9.87 0.000143727
9.875 0.000143582
9.88 0.000143437
9.885 0.000143292
9.89 0.000143148
9.895 0.000143004
9.9 0.00014286
9.905 0.000142716
9.91 0.000142572
9.915 0.000142429
9.92 0.000142286
9.925 0.000142143
9.93 0.000142
9.935 0.000141857
9.94 0.000141715
9.945 0.000141573
9.95 0.000141431
9.955 0.000141289
9.96 0.000141148
9.965 0.000141007
9.97 0.000140866
9.975 0.000140725
9.98 0.000140584
9.985 0.000140444
9.99 0.000140303
9.995 0.000140163
