0 -nan
0.005 0.059735
0.01 0.0752562
0.015 0.258287
0.02 0.40615
0.025 0.134131
0.03 0.882732
0.035 0.725797
0.04 0.26579
0.045 0.0484706
0.05 0.0860543
0.055 0.250715
0.06 0.44337
0.065 0.613901
0.07 0.744734
0.075 0.834738
0.08 0.889468
0.085 0.916255
0.09 0.922067
0.095 0.912762
0.1 0.892965
0.105 0.866193
0.11 0.835052
0.115 0.801442
0.12 0.766719
0.125 0.731838
0.13 0.697456
0.135 0.664012
0.14 0.631791
0.145 0.600961
0.15 0.571613
0.155 0.543778
0.16 0.51745
0.165 0.492597
0.17 0.469168
0.175 0.447101
0.18 0.426329
0.185 0.406781
0.19 0.388387
0.195 0.371075
0.2 0.354779
0.205 0.339433
0.21 0.324975
0.215 0.311347
0.22 0.298494
0.225 0.286364
0.23 0.27491
0.235 0.264087
0.24 0.253852
0.245 0.244168
0.25 0.234998
0.255 0.226309
0.26 0.21807
0.265 0.210253
0.27 0.20283
0.275 0.195777
0.28 0.189071
0.285 0.18269
0.29 0.176615
0.295 0.170827
0.3 0.16531
0.305 0.160047
0.31 0.155023
0.315 0.150225
0.32 0.14564
0.325 0.141256
0.33 0.137061
0.335 0.133046
0.34 0.1292
0.345 0.125514
0.35 0.12198
0.355 0.118589
0.36 0.115335
0.365 0.11221
0.37 0.109208
0.375 0.106322
0.38 0.103546
0.385 0.100876
0.39 0.0983059
0.395 0.0958308
0.4 0.0934463
0.405 0.0911482
0.41 0.0889323
0.415 0.0867949
0.42 0.0847324
0.425 0.0827414
0.43 0.0808187
0.435 0.0789611
0.44 0.077166
0.445 0.0754304
0.45 0.073752
0.455 0.0721282
0.46 0.0705566
0.465 0.0690352
0.47 0.0675619
0.475 0.0661346
0.48 0.0647515
0.485 0.0634108
0.49 0.0621109
0.495 0.06085
0.5 0.0596267
0.505 0.0584395
0.51 0.057287
0.515 0.0561679
0.52 0.0550809
0.525 0.0540249
0.53 0.0529986
0.535 0.052001
0.54 0.051031
0.545 0.0500877
0.55 0.04917
0.555 0.0482771
0.56 0.047408
0.565 0.046562
0.57 0.0457383
0.575 0.044936
0.58 0.0441545
0.585 0.043393
0.59 0.0426509
0.595 0.0419274
0.6 0.0412221
0.605 0.0405344
0.61 0.0398635
0.615 0.039209
0.62 0.0385704
0.625 0.0379472
0.63 0.0373388
0.635 0.0367449
0.64 0.0361649
0.645 0.0355984
0.65 0.035045
0.655 0.0345044
0.66 0.0339761
0.665 0.0334598
0.67 0.032955
0.675 0.0324615
0.68 0.031979
0.685 0.0315071
0.69 0.0310454
0.695 0.0305938
0.7 0.0301519
0.705 0.0297195
0.71 0.0292962
0.715 0.0288819
0.72 0.0284762
0.725 0.028079
0.73 0.02769
0.735 0.027309
0.74 0.0269358
0.745 0.0265701
0.75 0.0262117
0.755 0.0258606
0.76 0.0255164
0.765 0.025179
0.77 0.0248482
0.775 0.0245238
0.78 0.0242058
0.785 0.0238938
0.79 0.0235878
0.795 0.0232877
0.8 0.0229932
0.805 0.0227042
0.81 0.0224206
0.815 0.0221423
0.82 0.0218691
0.825 0.0216009
0.83 0.0213375
0.835 0.021079
0.84 0.0208251
0.845 0.0205757
0.85 0.0203308
0.855 0.0200902
0.86 0.0198538
0.865 0.0196216
0.87 0.0193934
0.875 0.0191691
0.88 0.0189487
0.885 0.0187321
0.89 0.0185191
0.895 0.0183098
0.9 0.0181039
0.905 0.0179015
0.91 0.0177025
0.915 0.0175067
0.92 0.0173142
0.925 0.0171248
0.93 0.0169385
0.935 0.0167552
0.94 0.0165749
0.945 0.0163974
0.95 0.0162228
0.955 0.0160509
0.96 0.0158817
0.965 0.0157152
0.97 0.0155513
0.975 0.01539
0.98 0.0152311
0.985 0.0150746
0.99 0.0149206
0.995 0.0147689
1 0.0146195
1.005 0.0144723
1.01 0.0143274
1.015 0.0141846
1.02 0.0140439
1.025 0.0139053
1.03 0.0137687
1.035 0.0136342
1.04 0.0135016
1.045 0.0133709
1.05 0.0132421
1.055 0.0131151
1.06 0.01299
1.065 0.0128666
1.07 0.012745
1.075 0.012625
1.08 0.0125068
1.085 0.0123902
1.09 0.0122753
1.095 0.0121619
1.1 0.0120501
1.105 0.0119398
1.11 0.011831
1.115 0.0117237
1.12 0.0116178
1.125 0.0115134
1.13 0.0114104
1.135 0.0113087
1.14 0.0112084
1.145 0.0111094
1.15 0.0110117
1.155 0.0109153
1.16 0.0108202
1.165 0.0107263
1.17 0.0106336
1.175 0.0105421
1.18 0.0104518
1.185 0.0103626
1.19 0.0102745
1.195 0.0101876
1.2 0.0101018
1.205 0.010017
1.21 0.00993335
1.215 0.0098507
1.22 0.00976907
1.225 0.00968846
1.23 0.00960883
1.235 0.00953019
1.24 0.0094525
1.245 0.00937575
1.25 0.00929994
1.255 0.00922504
1.26 0.00915104
1.265 0.00907792
1.27 0.00900568
1.275 0.00893429
1.28 0.00886374
1.285 0.00879403
1.29 0.00872514
1.295 0.00865705
1.3 0.00858975
1.305 0.00852323
1.31 0.00845748
1.315 0.00839249
1.32 0.00832824
1.325 0.00826473
1.33 0.00820194
1.335 0.00813986
1.34 0.00807848
1.345 0.00801779
1.35 0.00795778
1.355 0.00789844
1.36 0.00783976
1.365 0.00778174
1.37 0.00772435
1.375 0.0076676
1.38 0.00761146
1.385 0.00755594
1.39 0.00750103
1.395 0.00744671
1.4 0.00739297
1.405 0.00733982
1.41 0.00728724
1.415 0.00723521
1.42 0.00718375
1.425 0.00713282
1.43 0.00708244
1.435 0.00703259
1.44 0.00698326
1.445 0.00693445
1.45 0.00688615
1.455 0.00683835
1.46 0.00679105
1.465 0.00674423
1.47 0.0066979
1.475 0.00665204
1.48 0.00660665
1.485 0.00656172
1.49 0.00651725
1.495 0.00647322
1.5 0.00642965
1.505 0.00638651
1.51 0.0063438
1.515 0.00630152
1.52 0.00625966
1.525 0.00621821
1.53 0.00617717
1.535 0.00613654
1.54 0.00609631
1.545 0.00605647
1.55 0.00601702
1.555 0.00597796
1.56 0.00593927
1.565 0.00590095
1.57 0.00586301
1.575 0.00582543
1.58 0.00578821
1.585 0.00575134
1.59 0.00571483
1.595 0.00567866
1.6 0.00564283
1.605 0.00560735
1.61 0.00557219
1.615 0.00553736
1.62 0.00550286
1.625 0.00546868
1.63 0.00543482
1.635 0.00540127
1.64 0.00536803
1.645 0.00533509
1.65 0.00530246
1.655 0.00527013
1.66 0.00523809
1.665 0.00520634
1.67 0.00517487
1.675 0.0051437
1.68 0.0051128
1.685 0.00508218
1.69 0.00505183
1.695 0.00502176
1.7 0.00499195
1.705 0.00496241
1.71 0.00493312
1.715 0.0049041
1.72 0.00487533
1.725 0.00484681
1.73 0.00481854
1.735 0.00479052
1.74 0.00476275
1.745 0.00473521
1.75 0.00470791
1.755 0.00468084
1.76 0.00465401
1.765 0.00462741
1.77 0.00460104
1.775 0.00457489
1.78 0.00454896
1.785 0.00452325
1.79 0.00449776
1.795 0.00447248
1.8 0.00444742
1.805 0.00442256
1.81 0.00439792
1.815 0.00437347
1.82 0.00434924
1.825 0.0043252
1.83 0.00430136
1.835 0.00427772
1.84 0.00425427
1.845 0.00423101
1.85 0.00420794
1.855 0.00418506
1.86 0.00416237
1.865 0.00413986
1.87 0.00411754
1.875 0.00409539
1.88 0.00407342
1.885 0.00405163
1.89 0.00403001
1.895 0.00400856
1.9 0.00398729
1.905 0.00396618
1.91 0.00394524
1.915 0.00392447
1.92 0.00390386
1.925 0.00388341
1.93 0.00386312
1.935 0.00384299
1.94 0.00382301
1.945 0.0038032
1.95 0.00378353
1.955 0.00376402
1.96 0.00374465
1.965 0.00372544
1.97 0.00370638
1.975 0.00368745
1.98 0.00366868
1.985 0.00365005
1.99 0.00363155
1.995 0.0036132
2 0.00359499
2.005 0.00357691
2.01 0.00355897
2.015 0.00354117
2.02 0.0035235
2.025 0.00350596
2.03 0.00348855
2.035 0.00347127
2.04 0.00345412
2.045 0.00343709
2.05 0.00342019
2.055 0.00340341
2.06 0.00338676
2.065 0.00337023
2.07 0.00335382
2.075 0.00333753
2.08 0.00332136
2.085 0.0033053
2.09 0.00328936
2.095 0.00327354
2.1 0.00325783
2.105 0.00324223
2.11 0.00322674
2.115 0.00321137
2.12 0.0031961
2.125 0.00318094
2.13 0.00316589
2.135 0.00315095
2.14 0.00313611
2.145 0.00312138
2.15 0.00310675
2.155 0.00309222
2.16 0.0030778
2.165 0.00306347
2.17 0.00304924
2.175 0.00303512
2.18 0.00302109
2.185 0.00300716
2.19 0.00299332
2.195 0.00297958
2.2 0.00296593
2.205 0.00295238
2.21 0.00293892
2.215 0.00292555
2.22 0.00291228
2.225 0.00289909
2.23 0.00288599
2.235 0.00287298
2.24 0.00286006
2.245 0.00284722
2.25 0.00283448
2.255 0.00282181
2.26 0.00280923
2.265 0.00279674
2.27 0.00278433
2.275 0.002772
2.28 0.00275975
2.285 0.00274758
2.29 0.0027355
2.295 0.00272349
2.3 0.00271156
2.305 0.00269971
2.31 0.00268794
2.315 0.00267625
2.32 0.00266463
2.325 0.00265308
2.33 0.00264161
2.335 0.00263022
2.34 0.0026189
2.345 0.00260765
2.35 0.00259647
2.355 0.00258537
2.36 0.00257433
2.365 0.00256337
2.37 0.00255248
2.375 0.00254165
2.38 0.0025309
2.385 0.00252021
2.39 0.00250959
2.395 0.00249904
2.4 0.00248855
2.405 0.00247813
2.41 0.00246777
2.415 0.00245748
2.42 0.00244726
2.425 0.00243709
2.43 0.00242699
2.435 0.00241696
2.44 0.00240698
2.445 0.00239707
2.45 0.00238722
2.455 0.00237742
2.46 0.00236769
2.465 0.00235802
2.47 0.00234841
2.475 0.00233885
2.48 0.00232936
2.485 0.00231992
2.49 0.00231054
2.495 0.00230121
2.5 0.00229195
2.505 0.00228273
2.51 0.00227358
2.515 0.00226447
2.52 0.00225543
2.525 0.00224643
2.53 0.00223749
2.535 0.00222861
2.54 0.00221977
2.545 0.00221099
2.55 0.00220226
2.555 0.00219359
2.56 0.00218496
2.565 0.00217638
2.57 0.00216786
2.575 0.00215938
2.58 0.00215096
2.585 0.00214258
2.59 0.00213425
2.595 0.00212597
2.6 0.00211774
2.605 0.00210956
2.61 0.00210142
2.615 0.00209333
2.62 0.00208529
2.625 0.00207729
2.63 0.00206934
2.635 0.00206144
2.64 0.00205358
2.645 0.00204576
2.65 0.00203799
2.655 0.00203027
2.66 0.00202258
2.665 0.00201494
2.67 0.00200735
2.675 0.0019998
2.68 0.00199229
2.685 0.00198482
2.69 0.00197739
2.695 0.00197001
2.7 0.00196266
2.705 0.00195536
2.71 0.0019481
2.715 0.00194088
2.72 0.00193369
2.725 0.00192655
2.73 0.00191945
2.735 0.00191239
2.74 0.00190536
2.745 0.00189838
2.75 0.00189143
2.755 0.00188452
2.76 0.00187765
2.765 0.00187082
2.77 0.00186402
2.775 0.00185726
2.78 0.00185054
2.785 0.00184385
2.79 0.0018372
2.795 0.00183059
2.8 0.00182401
2.805 0.00181746
2.81 0.00181096
2.815 0.00180448
2.82 0.00179804
2.825 0.00179164
2.83 0.00178527
2.835 0.00177893
2.84 0.00177263
2.845 0.00176636
2.85 0.00176012
2.855 0.00175392
2.86 0.00174775
2.865 0.00174161
2.87 0.00173551
2.875 0.00172943
2.88 0.00172339
2.885 0.00171738
2.89 0.0017114
2.895 0.00170545
2.9 0.00169954
2.905 0.00169365
2.91 0.0016878
2.915 0.00168197
2.92 0.00167618
2.925 0.00167041
2.93 0.00166467
2.935 0.00165897
2.94 0.00165329
2.945 0.00164764
2.95 0.00164203
2.955 0.00163644
2.96 0.00163087
2.965 0.00162534
2.97 0.00161984
2.975 0.00161436
2.98 0.00160891
2.985 0.00160349
2.99 0.00159809
2.995 0.00159272
3 0.00158738
3.005 0.00158207
3.01 0.00157678
3.015 0.00157152
3.02 0.00156629
3.025 0.00156108
3.03 0.0015559
3.035 0.00155074
3.04 0.00154561
3.045 0.0015405
3.05 0.00153542
3.055 0.00153037
3.06 0.00152534
3.065 0.00152033
3.07 0.00151535
3.075 0.00151039
3.08 0.00150546
3.085 0.00150055
3.09 0.00149567
3.095 0.00149081
3.1 0.00148597
3.105 0.00148116
3.11 0.00147637
3.115 0.0014716
3.12 0.00146686
3.125 0.00146214
3.13 0.00145744
3.135 0.00145276
3.14 0.00144811
3.145 0.00144348
3.15 0.00143887
3.155 0.00143428
3.16 0.00142972
3.165 0.00142518
3.17 0.00142065
3.175 0.00141616
3.18 0.00141168
3.185 0.00140722
3.19 0.00140278
3.195 0.00139837
3.2 0.00139397
3.205 0.0013896
3.21 0.00138525
3.215 0.00138091
3.22 0.0013766
3.225 0.00137231
3.23 0.00136804
3.235 0.00136378
3.24 0.00135955
3.245 0.00135534
3.25 0.00135114
3.255 0.00134697
3.26 0.00134282
3.265 0.00133868
3.27 0.00133456
3.275 0.00133047
3.28 0.00132639
3.285 0.00132233
3.29 0.00131829
3.295 0.00131426
3.3 0.00131026
3.305 0.00130627
3.31 0.00130231
3.315 0.00129836
3.32 0.00129442
3.325 0.00129051
3.33 0.00128661
3.335 0.00128273
3.34 0.00127887
3.345 0.00127503
3.35 0.0012712
3.355 0.00126739
3.36 0.0012636
3.365 0.00125982
3.37 0.00125607
3.375 0.00125232
3.38 0.0012486
3.385 0.00124489
3.39 0.0012412
3.395 0.00123752
3.4 0.00123386
3.405 0.00123022
3.41 0.00122659
3.415 0.00122298
3.42 0.00121939
3.425 0.00121581
3.43 0.00121225
3.435 0.0012087
3.44 0.00120517
3.445 0.00120165
3.45 0.00119815
3.455 0.00119466
3.46 0.00119119
3.465 0.00118773
3.47 0.00118429
3.475 0.00118087
3.48 0.00117746
3.485 0.00117406
3.49 0.00117068
3.495 0.00116731
3.5 0.00116396
3.505 0.00116062
3.51 0.0011573
3.515 0.00115399
3.52 0.00115069
3.525 0.00114741
3.53 0.00114414
3.535 0.00114089
3.54 0.00113765
3.545 0.00113443
3.55 0.00113121
3.555 0.00112801
3.56 0.00112483
3.565 0.00112166
3.57 0.0011185
3.575 0.00111536
3.58 0.00111222
3.585 0.00110911
3.59 0.001106
3.595 0.00110291
3.6 0.00109983
3.605 0.00109676
3.61 0.00109371
3.615 0.00109067
3.62 0.00108764
3.625 0.00108463
3.63 0.00108162
3.635 0.00107863
3.64 0.00107565
3.645 0.00107269
3.65 0.00106973
3.655 0.00106679
3.66 0.00106386
3.665 0.00106095
3.67 0.00105804
3.675 0.00105515
3.68 0.00105227
3.685 0.0010494
3.69 0.00104654
3.695 0.00104369
3.7 0.00104086
3.705 0.00103803
3.71 0.00103522
3.715 0.00103242
3.72 0.00102963
3.725 0.00102685
3.73 0.00102409
3.735 0.00102133
3.74 0.00101859
3.745 0.00101585
3.75 0.00101313
3.755 0.00101042
3.76 0.00100772
3.765 0.00100503
3.77 0.00100235
3.775 0.000999684
3.78 0.000997026
3.785 0.000994379
3.79 0.000991743
3.795 0.000989117
3.8 0.000986501
3.805 0.000983896
3.81 0.000981301
3.815 0.000978716
3.82 0.000976142
3.825 0.000973577
3.83 0.000971023
3.835 0.000968479
3.84 0.000965945
3.845 0.00096342
3.85 0.000960906
3.855 0.000958401
3.86 0.000955907
3.865 0.000953421
3.87 0.000950946
3.875 0.00094848
3.88 0.000946024
3.885 0.000943577
3.89 0.00094114
3.895 0.000938712
3.9 0.000936294
3.905 0.000933885
3.91 0.000931485
3.915 0.000929095
3.92 0.000926713
3.925 0.000924341
3.93 0.000921978
3.935 0.000919624
3.94 0.000917279
3.945 0.000914943
3.95 0.000912616
3.955 0.000910297
3.96 0.000907988
3.965 0.000905687
3.97 0.000903395
3.975 0.000901112
3.98 0.000898837
3.985 0.000896571
3.99 0.000894314
3.995 0.000892065
4 0.000889824
4.005 0.000887592
4.01 0.000885368
4.015 0.000883153
4.02 0.000880946
4.025 0.000878747
4.03 0.000876556
4.035 0.000874374
4.04 0.0008722
4.045 0.000870034
4.05 0.000867876
4.055 0.000865725
4.06 0.000863583
4.065 0.000861449
4.07 0.000859323
4.075 0.000857205
4.08 0.000855094
4.085 0.000852991
4.09 0.000850896
4.095 0.000848809
4.1 0.000846729
4.105 0.000844657
4.11 0.000842593
4.115 0.000840536
4.12 0.000838486
4.125 0.000836444
4.13 0.00083441
4.135 0.000832383
4.14 0.000830363
4.145 0.000828351
4.15 0.000826346
4.155 0.000824348
4.16 0.000822358
4.165 0.000820374
4.17 0.000818398
4.175 0.000816429
4.18 0.000814467
4.185 0.000812513
4.19 0.000810565
4.195 0.000808624
4.2 0.00080669
4.205 0.000804763
4.21 0.000802843
4.215 0.00080093
4.22 0.000799024
4.225 0.000797124
4.23 0.000795231
4.235 0.000793345
4.24 0.000791466
4.245 0.000789593
4.25 0.000787727
4.255 0.000785868
4.26 0.000784015
4.265 0.000782168
4.27 0.000780329
4.275 0.000778495
4.28 0.000776668
4.285 0.000774848
4.29 0.000773034
4.295 0.000771226
4.3 0.000769425
4.305 0.00076763
4.31 0.000765841
4.315 0.000764058
4.32 0.000762282
4.325 0.000760512
4.33 0.000758748
4.335 0.00075699
4.34 0.000755238
4.345 0.000753493
4.35 0.000751753
4.355 0.000750019
4.36 0.000748292
4.365 0.00074657
4.37 0.000744854
4.375 0.000743144
4.38 0.000741441
4.385 0.000739742
4.39 0.00073805
4.395 0.000736364
4.4 0.000734683
4.405 0.000733008
4.41 0.000731339
4.415 0.000729675
4.42 0.000728017
4.425 0.000726365
4.43 0.000724719
4.435 0.000723078
4.44 0.000721442
4.445 0.000719812
4.45 0.000718188
4.455 0.000716569
4.46 0.000714955
4.465 0.000713347
4.47 0.000711745
4.475 0.000710148
4.48 0.000708556
4.485 0.000706969
4.49 0.000705388
4.495 0.000703812
4.5 0.000702242
4.505 0.000700676
4.51 0.000699116
4.515 0.000697561
4.52 0.000696012
4.525 0.000694467
4.53 0.000692928
4.535 0.000691393
4.54 0.000689864
4.545 0.00068834
4.55 0.000686821
4.555 0.000685307
4.56 0.000683798
4.565 0.000682294
4.57 0.000680795
4.575 0.0006793
4.58 0.000677811
4.585 0.000676327
4.59 0.000674847
4.595 0.000673372
4.6 0.000671903
4.605 0.000670438
4.61 0.000668977
4.615 0.000667522
4.62 0.000666071
4.625 0.000664625
4.63 0.000663184
4.635 0.000661747
4.64 0.000660315
4.645 0.000658888
4.65 0.000657465
4.655 0.000656047
4.66 0.000654633
4.665 0.000653224
4.67 0.00065182
4.675 0.00065042
4.68 0.000649024
4.685 0.000647634
4.69 0.000646247
4.695 0.000644865
4.7 0.000643488
4.705 0.000642114
4.71 0.000640746
4.715 0.000639381
4.72 0.000638021
4.725 0.000636665
4.73 0.000635314
4.735 0.000633967
4.74 0.000632624
4.745 0.000631285
4.75 0.000629951
4.755 0.000628621
4.76 0.000627295
4.765 0.000625973
4.77 0.000624656
4.775 0.000623343
4.78 0.000622033
4.785 0.000620728
4.79 0.000619427
4.795 0.00061813
4.8 0.000616837
4.805 0.000615549
4.81 0.000614264
4.815 0.000612983
4.82 0.000611706
4.825 0.000610434
4.83 0.000609165
4.835 0.0006079
4.84 0.000606639
4.845 0.000605382
4.85 0.000604129
4.855 0.00060288
4.86 0.000601634
4.865 0.000600393
4.87 0.000599155
4.875 0.000597921
4.88 0.000596691
4.885 0.000595465
4.89 0.000594243
4.895 0.000593024
4.9 0.000591809
4.905 0.000590598
4.91 0.00058939
4.915 0.000588186
4.92 0.000586986
4.925 0.00058579
4.93 0.000584597
4.935 0.000583408
4.94 0.000582222
4.945 0.00058104
4.95 0.000579862
4.955 0.000578687
4.96 0.000577516
4.965 0.000576349
4.97 0.000575184
4.975 0.000574024
4.98 0.000572867
4.985 0.000571713
4.99 0.000570563
4.995 0.000569417
5 0.000568273
5.005 0.000567134
5.01 0.000565997
5.015 0.000564864
5.02 0.000563735
5.025 0.000562609
5.03 0.000561486
5.035 0.000560367
5.04 0.000559251
5.045 0.000558138
5.05 0.000557029
5.055 0.000555922
5.06 0.00055482
5.065 0.00055372
5.07 0.000552624
5.075 0.000551531
5.08 0.000550441
5.085 0.000549355
5.09 0.000548271
5.095 0.000547191
5.1 0.000546114
5.105 0.00054504
5.11 0.00054397
5.115 0.000542902
5.12 0.000541838
5.125 0.000540777
5.13 0.000539719
5.135 0.000538664
5.14 0.000537612
5.145 0.000536563
5.15 0.000535517
5.155 0.000534475
5.16 0.000533435
5.165 0.000532398
5.17 0.000531365
5.175 0.000530334
5.18 0.000529307
5.185 0.000528282
5.19 0.00052726
5.195 0.000526242
5.2 0.000525226
5.205 0.000524213
5.21 0.000523203
5.215 0.000522196
5.22 0.000521192
5.225 0.000520191
5.23 0.000519193
5.235 0.000518198
5.24 0.000517205
5.245 0.000516215
5.25 0.000515229
5.255 0.000514244
5.26 0.000513263
5.265 0.000512285
5.27 0.000511309
5.275 0.000510336
5.28 0.000509366
5.285 0.000508399
5.29 0.000507435
5.295 0.000506473
5.3 0.000505514
5.305 0.000504557
5.31 0.000503604
5.315 0.000502653
5.32 0.000501705
5.325 0.000500759
5.33 0.000499816
5.335 0.000498876
5.34 0.000497938
5.345 0.000497003
5.35 0.000496071
5.355 0.000495141
5.36 0.000494214
5.365 0.00049329
5.37 0.000492368
5.375 0.000491449
5.38 0.000490532
5.385 0.000489618
5.39 0.000488706
5.395 0.000487797
5.4 0.000486891
5.405 0.000485987
5.41 0.000485085
5.415 0.000484186
5.42 0.00048329
5.425 0.000482396
5.43 0.000481504
5.435 0.000480615
5.44 0.000479728
5.445 0.000478844
5.45 0.000477962
5.455 0.000477083
5.46 0.000476206
5.465 0.000475332
5.47 0.00047446
5.475 0.00047359
5.48 0.000472723
5.485 0.000471858
5.49 0.000470996
5.495 0.000470135
5.5 0.000469278
5.505 0.000468422
5.51 0.000467569
5.515 0.000466718
5.52 0.00046587
5.525 0.000465024
5.53 0.00046418
5.535 0.000463338
5.54 0.000462499
5.545 0.000461662
5.55 0.000460828
5.555 0.000459995
5.56 0.000459165
5.565 0.000458337
5.57 0.000457511
5.575 0.000456688
5.58 0.000455866
5.585 0.000455047
5.59 0.000454231
5.595 0.000453416
5.6 0.000452603
5.605 0.000451793
5.61 0.000450985
5.615 0.000450179
5.62 0.000449375
5.625 0.000448574
5.63 0.000447774
5.635 0.000446977
5.64 0.000446182
5.645 0.000445389
5.65 0.000444598
5.655 0.000443809
5.66 0.000443022
5.665 0.000442237
5.67 0.000441455
5.675 0.000440674
5.68 0.000439896
5.685 0.000439119
5.69 0.000438345
5.695 0.000437573
5.7 0.000436802
5.705 0.000436034
5.71 0.000435268
5.715 0.000434504
5.72 0.000433742
5.725 0.000432981
5.73 0.000432223
5.735 0.000431467
5.74 0.000430713
5.745 0.000429961
5.75 0.00042921
5.755 0.000428462
5.76 0.000427716
5.765 0.000426971
5.77 0.000426229
5.775 0.000425488
5.78 0.00042475
5.785 0.000424013
5.79 0.000423278
5.795 0.000422545
5.8 0.000421814
5.805 0.000421085
5.81 0.000420358
5.815 0.000419633
5.82 0.000418909
5.825 0.000418188
5.83 0.000417468
5.835 0.00041675
5.84 0.000416034
5.845 0.00041532
5.85 0.000414608
5.855 0.000413898
5.86 0.000413189
5.865 0.000412482
5.87 0.000411777
5.875 0.000411074
5.88 0.000410372
5.885 0.000409673
5.89 0.000408975
5.895 0.000408279
5.9 0.000407585
5.905 0.000406892
5.91 0.000406201
5.915 0.000405513
5.92 0.000404825
5.925 0.00040414
5.93 0.000403456
5.935 0.000402774
5.94 0.000402094
5.945 0.000401415
5.95 0.000400738
5.955 0.000400063
5.96 0.00039939
5.965 0.000398718
5.97 0.000398048
5.975 0.00039738
5.98 0.000396713
5.985 0.000396048
5.99 0.000395385
5.995 0.000394723
6 0.000394063
6.005 0.000393405
6.01 0.000392748
6.015 0.000392093
6.02 0.00039144
6.025 0.000390788
6.03 0.000390138
6.035 0.000389489
6.04 0.000388842
6.045 0.000388197
6.05 0.000387553
6.055 0.000386911
6.06 0.000386271
6.065 0.000385632
6.07 0.000384994
6.075 0.000384359
6.08 0.000383724
6.085 0.000383092
6.09 0.000382461
6.095 0.000381831
6.1 0.000381203
6.105 0.000380577
6.11 0.000379952
6.115 0.000379329
6.12 0.000378707
6.125 0.000378087
6.13 0.000377468
6.135 0.000376851
6.14 0.000376235
6.145 0.000375621
6.15 0.000375008
6.155 0.000374397
6.16 0.000373787
6.165 0.000373179
6.17 0.000372572
6.175 0.000371967
6.18 0.000371363
6.185 0.000370761
6.19 0.00037016
6.195 0.000369561
6.2 0.000368963
6.205 0.000368366
6.21 0.000367771
6.215 0.000367178
6.22 0.000366586
6.225 0.000365995
6.23 0.000365405
6.235 0.000364818
6.24 0.000364231
6.245 0.000363646
6.25 0.000363062
6.255 0.00036248
6.26 0.000361899
6.265 0.00036132
6.27 0.000360742
6.275 0.000360165
6.28 0.00035959
6.285 0.000359016
6.29 0.000358443
6.295 0.000357872
6.3 0.000357303
6.305 0.000356734
6.31 0.000356167
6.315 0.000355601
6.32 0.000355037
6.325 0.000354474
6.33 0.000353912
6.335 0.000353352
6.34 0.000352793
6.345 0.000352235
6.35 0.000351679
6.355 0.000351123
6.36 0.00035057
6.365 0.000350017
6.37 0.000349466
6.375 0.000348916
6.38 0.000348368
6.385 0.00034782
6.39 0.000347274
6.395 0.00034673
6.4 0.000346186
6.405 0.000345644
6.41 0.000345103
6.415 0.000344564
6.42 0.000344025
6.425 0.000343488
6.43 0.000342953
6.435 0.000342418
6.44 0.000341885
6.445 0.000341353
6.45 0.000340822
6.455 0.000340292
6.46 0.000339764
6.465 0.000339237
6.47 0.000338711
6.475 0.000338186
6.48 0.000337663
6.485 0.00033714
6.49 0.000336619
6.495 0.0003361
6.5 0.000335581
6.505 0.000335063
6.51 0.000334547
6.515 0.000334032
6.52 0.000333518
6.525 0.000333006
6.53 0.000332494
6.535 0.000331984
6.54 0.000331475
6.545 0.000330967
6.55 0.00033046
6.555 0.000329954
6.56 0.00032945
6.565 0.000328947
6.57 0.000328444
6.575 0.000327943
6.58 0.000327444
6.585 0.000326945
6.59 0.000326447
6.595 0.000325951
6.6 0.000325455
6.605 0.000324961
6.61 0.000324468
6.615 0.000323976
6.62 0.000323485
6.625 0.000322996
6.63 0.000322507
6.635 0.00032202
6.64 0.000321533
6.645 0.000321048
6.65 0.000320564
6.655 0.000320081
6.66 0.000319599
6.665 0.000319118
6.67 0.000318638
6.675 0.000318159
6.68 0.000317681
6.685 0.000317205
6.69 0.000316729
6.695 0.000316255
6.7 0.000315781
6.705 0.000315309
6.71 0.000314838
6.715 0.000314368
6.72 0.000313898
6.725 0.00031343
6.73 0.000312963
6.735 0.000312497
6.74 0.000312032
6.745 0.000311568
6.75 0.000311105
6.755 0.000310643
6.76 0.000310183
6.765 0.000309723
6.77 0.000309264
6.775 0.000308806
6.78 0.000308349
6.785 0.000307894
6.79 0.000307439
6.795 0.000306985
6.8 0.000306532
6.805 0.000306081
6.81 0.00030563
6.815 0.00030518
6.82 0.000304731
6.825 0.000304284
6.83 0.000303837
6.835 0.000303391
6.84 0.000302946
6.845 0.000302502
6.85 0.000302059
6.855 0.000301617
6.86 0.000301177
6.865 0.000300737
6.87 0.000300298
6.875 0.00029986
6.88 0.000299422
6.885 0.000298986
6.89 0.000298551
6.895 0.000298117
6.9 0.000297684
6.905 0.000297251
6.91 0.00029682
6.915 0.000296389
6.92 0.00029596
6.925 0.000295531
6.93 0.000295104
6.935 0.000294677
6.94 0.000294251
6.945 0.000293826
6.95 0.000293402
6.955 0.000292979
6.96 0.000292557
6.965 0.000292136
6.97 0.000291716
6.975 0.000291296
6.98 0.000290878
6.985 0.00029046
6.99 0.000290043
6.995 0.000289628
7 0.000289213
7.005 0.000288799
7.01 0.000288386
7.015 0.000287973
7.02 0.000287562
7.025 0.000287151
7.03 0.000286742
7.035 0.000286333
7.04 0.000285925
7.045 0.000285518
7.05 0.000285112
7.055 0.000284707
7.06 0.000284303
7.065 0.000283899
7.07 0.000283496
7.075 0.000283095
7.08 0.000282694
7.085 0.000282293
7.09 0.000281894
7.095 0.000281496
7.1 0.000281098
7.105 0.000280702
7.11 0.000280306
7.115 0.000279911
7.12 0.000279516
7.125 0.000279123
7.13 0.00027873
7.135 0.000278339
7.14 0.000277948
7.145 0.000277558
7.15 0.000277168
7.155 0.00027678
7.16 0.000276392
7.165 0.000276006
7.17 0.00027562
7.175 0.000275234
7.18 0.00027485
7.185 0.000274466
7.19 0.000274084
7.195 0.000273702
7.2 0.000273321
7.205 0.00027294
7.21 0.000272561
7.215 0.000272182
7.22 0.000271804
7.225 0.000271427
7.23 0.00027105
7.235 0.000270674
7.24 0.0002703
7.245 0.000269925
7.25 0.000269552
7.255 0.00026918
7.26 0.000268808
7.265 0.000268437
7.27 0.000268067
7.275 0.000267697
7.28 0.000267328
7.285 0.00026696
7.29 0.000266593
7.295 0.000266227
7.3 0.000265861
7.305 0.000265496
7.31 0.000265132
7.315 0.000264769
7.32 0.000264406
7.325 0.000264044
7.33 0.000263683
7.335 0.000263322
7.34 0.000262963
7.345 0.000262604
7.35 0.000262245
7.355 0.000261888
7.36 0.000261531
7.365 0.000261175
7.37 0.00026082
7.375 0.000260465
7.38 0.000260111
7.385 0.000259758
7.39 0.000259406
7.395 0.000259054
7.4 0.000258703
7.405 0.000258353
7.41 0.000258003
7.415 0.000257654
7.42 0.000257306
7.425 0.000256959
7.43 0.000256612
7.435 0.000256266
7.44 0.000255921
7.445 0.000255576
7.45 0.000255232
7.455 0.000254889
7.46 0.000254546
7.465 0.000254204
7.47 0.000253863
7.475 0.000253522
7.48 0.000253183
7.485 0.000252844
7.49 0.000252505
7.495 0.000252167
7.5 0.00025183
7.505 0.000251494
7.51 0.000251158
7.515 0.000250823
7.52 0.000250488
7.525 0.000250155
7.53 0.000249822
7.535 0.000249489
7.54 0.000249157
7.545 0.000248826
7.55 0.000248496
7.555 0.000248166
7.56 0.000247837
7.565 0.000247509
7.57 0.000247181
7.575 0.000246854
7.58 0.000246527
7.585 0.000246201
7.59 0.000245876
7.595 0.000245551
7.6 0.000245228
7.605 0.000244904
7.61 0.000244582
7.615 0.00024426
7.62 0.000243938
7.625 0.000243617
7.63 0.000243297
7.635 0.000242978
7.64 0.000242659
7.645 0.000242341
7.65 0.000242023
7.655 0.000241706
7.66 0.00024139
7.665 0.000241074
7.67 0.000240759
7.675 0.000240445
7.68 0.000240131
7.685 0.000239817
7.69 0.000239505
7.695 0.000239193
7.7 0.000238881
7.705 0.00023857
7.71 0.00023826
7.715 0.000237951
7.72 0.000237642
7.725 0.000237333
7.73 0.000237025
7.735 0.000236718
7.74 0.000236411
7.745 0.000236105
7.75 0.0002358
7.755 0.000235495
7.76 0.000235191
7.765 0.000234887
7.77 0.000234584
7.775 0.000234282
7.78 0.00023398
7.785 0.000233679
7.79 0.000233378
7.795 0.000233078
7.8 0.000232778
7.805 0.000232479
7.81 0.000232181
7.815 0.000231883
7.82 0.000231586
7.825 0.000231289
7.83 0.000230993
7.835 0.000230697
7.84 0.000230402
7.845 0.000230108
7.85 0.000229814
7.855 0.000229521
7.86 0.000229228
7.865 0.000228936
7.87 0.000228644
7.875 0.000228353
7.88 0.000228062
7.885 0.000227772
7.89 0.000227483
7.895 0.000227194
7.9 0.000226906
7.905 0.000226618
7.91 0.000226331
7.915 0.000226044
7.92 0.000225758
7.925 0.000225473
7.93 0.000225188
7.935 0.000224903
7.94 0.000224619
7.945 0.000224336
7.95 0.000224053
7.955 0.00022377
7.96 0.000223489
7.965 0.000223207
7.97 0.000222927
7.975 0.000222646
7.98 0.000222367
7.985 0.000222087
7.99 0.000221809
7.995 0.000221531
8 0.000221253
8.005 0.000220976
8.01 0.000220699
8.015 0.000220423
8.02 0.000220148
8.025 0.000219873
8.03 0.000219598
8.035 0.000219324
8.04 0.000219051
8.045 0.000218778
8.05 0.000218506
8.055 0.000218234
8.06 0.000217962
8.065 0.000217691
8.07 0.000217421
8.075 0.000217151
8.08 0.000216882
8.085 0.000216613
8.09 0.000216344
8.095 0.000216076
8.1 0.000215809
8.105 0.000215542
8.11 0.000215276
8.115 0.00021501
8.12 0.000214744
8.125 0.000214479
8.13 0.000214215
8.135 0.000213951
8.14 0.000213687
8.145 0.000213424
8.15 0.000213162
8.155 0.0002129
8.16 0.000212638
8.165 0.000212377
8.17 0.000212117
8.175 0.000211857
8.18 0.000211597
8.185 0.000211338
8.19 0.000211079
8.195 0.000210821
8.2 0.000210563
8.205 0.000210306
8.21 0.000210049
8.215 0.000209793
8.22 0.000209537
8.225 0.000209282
8.23 0.000209027
8.235 0.000208772
8.24 0.000208518
8.245 0.000208265
8.25 0.000208012
8.255 0.000207759
8.26 0.000207507
8.265 0.000207256
8.27 0.000207004
8.275 0.000206754
8.28 0.000206503
8.285 0.000206253
8.29 0.000206004
8.295 0.000205755
8.3 0.000205507
8.305 0.000205259
8.31 0.000205011
8.315 0.000204764
8.32 0.000204517
8.325 0.000204271
8.33 0.000204025
8.335 0.00020378
8.34 0.000203535
8.345 0.00020329
8.35 0.000203046
8.355 0.000202803
8.36 0.000202559
8.365 0.000202317
8.37 0.000202074
8.375 0.000201833
8.38 0.000201591
8.385 0.00020135
8.39 0.00020111
8.395 0.00020087
8.4 0.00020063
8.405 0.000200391
8.41 0.000200152
8.415 0.000199913
8.42 0.000199675
8.425 0.000199438
8.43 0.000199201
8.435 0.000198964
8.44 0.000198728
8.445 0.000198492
8.45 0.000198256
8.455 0.000198021
8.46 0.000197787
8.465 0.000197552
8.47 0.000197319
8.475 0.000197085
8.48 0.000196852
8.485 0.00019662
8.49 0.000196388
8.495 0.000196156
8.5 0.000195925
8.505 0.000195694
8.51 0.000195463
8.515 0.000195233
8.52 0.000195003
8.525 0.000194774
8.53 0.000194545
8.535 0.000194317
8.54 0.000194089
8.545 0.000193861
8.55 0.000193634
8.555 0.000193407
8.56 0.000193181
8.565 0.000192954
8.57 0.000192729
8.575 0.000192504
8.58 0.000192279
8.585 0.000192054
8.59 0.00019183
8.595 0.000191606
8.6 0.000191383
8.605 0.00019116
8.61 0.000190938
8.615 0.000190715
8.62 0.000190494
8.625 0.000190272
8.63 0.000190051
8.635 0.000189831
8.64 0.000189611
8.645 0.000189391
8.65 0.000189171
8.655 0.000188952
8.66 0.000188733
8.665 0.000188515
8.67 0.000188297
8.675 0.00018808
8.68 0.000187863
8.685 0.000187646
8.69 0.000187429
8.695 0.000187213
8.7 0.000186998
8.705 0.000186782
8.71 0.000186567
8.715 0.000186353
8.72 0.000186139
8.725 0.000185925
8.73 0.000185711
8.735 0.000185498
8.74 0.000185285
8.745 0.000185073
8.75 0.000184861
8.755 0.000184649
8.76 0.000184438
8.765 0.000184227
8.77 0.000184017
8.775 0.000183807
8.78 0.000183597
8.785 0.000183387
8.79 0.000183178
8.795 0.000182969
8.8 0.000182761
8.805 0.000182553
8.81 0.000182345
8.815 0.000182138
8.82 0.000181931
8.825 0.000181724
8.83 0.000181518
8.835 0.000181312
8.84 0.000181107
8.845 0.000180901
8.85 0.000180697
8.855 0.000180492
8.86 0.000180288
8.865 0.000180084
8.87 0.000179881
8.875 0.000179677
8.88 0.000179475
8.885 0.000179272
8.89 0.00017907
8.895 0.000178868
8.9 0.000178667
8.905 0.000178466
8.91 0.000178265
8.915 0.000178065
8.92 0.000177865
8.925 0.000177665
8.93 0.000177466
8.935 0.000177266
8.94 0.000177068
8.945 0.000176869
8.95 0.000176671
8.955 0.000176474
8.96 0.000176276
8.965 0.000176079
8.97 0.000175882
8.975 0.000175686
8.98 0.00017549
8.985 0.000175294
8.99 0.000175099
8.995 0.000174904
9 0.000174709
9.005 0.000174514
9.01 0.00017432
9.015 0.000174127
9.02 0.000173933
9.025 0.00017374
9.03 0.000173547
9.035 0.000173355
9.04 0.000173162
9.045 0.000172971
9.05 0.000172779
9.055 0.000172588
9.06 0.000172397
9.065 0.000172206
9.07 0.000172016
9.075 0.000171826
9.08 0.000171636
9.085 0.000171447
9.09 0.000171258
9.095 0.000171069
9.1 0.000170881
9.105 0.000170693
9.11 0.000170505
9.115 0.000170318
9.12 0.00017013
9.125 0.000169944
9.13 0.000169757
9.135 0.000169571
9.14 0.000169385
9.145 0.000169199
9.15 0.000169014
9.155 0.000168829
9.16 0.000168644
9.165 0.00016846
9.17 0.000168276
9.175 0.000168092
9.18 0.000167908
9.185 0.000167725
9.19 0.000167542
9.195 0.00016736
9.2 0.000167177
9.205 0.000166995
9.21 0.000166814
9.215 0.000166632
9.22 0.000166451
9.225 0.00016627
9.23 0.00016609
9.235 0.000165909
9.24 0.00016573
9.245 0.00016555
9.25 0.000165371
9.255 0.000165191
9.26 0.000165013
9.265 0.000164834
9.27 0.000164656
9.275 0.000164478
9.28 0.0001643
9.285 0.000164123
9.29 0.000163946
9.295 0.000163769
9.3 0.000163593
9.305 0.000163417
9.31 0.000163241
9.315 0.000163065
9.32 0.00016289
9.325 0.000162715
9.33 0.00016254
9.335 0.000162365
9.34 0.000162191
9.345 0.000162017
9.35 0.000161844
9.355 0.00016167
9.36 0.000161497
9.365 0.000161324
9.37 0.000161152
9.375 0.00016098
9.38 0.000160808
9.385 0.000160636
9.39 0.000160464
9.395 0.000160293
9.4 0.000160122
9.405 0.000159952
9.41 0.000159781
9.415 0.000159611
9.42 0.000159442
9.425 0.000159272
9.43 0.000159103
9.435 0.000158934
9.44 0.000158765
9.445 0.000158597
9.45 0.000158429
9.455 0.000158261
9.46 0.000158093
9.465 0.000157926
9.47 0.000157758
9.475 0.000157592
9.48 0.000157425
9.485 0.000157259
9.49 0.000157093
9.495 0.000156927
9.5 0.000156761
9.505 0.000156596
9.51 0.000156431
9.515 0.000156266
9.52 0.000156102
9.525 0.000155938
9.53 0.000155774
9.535 0.00015561
9.54 0.000155446
9.545 0.000155283
9.55 0.00015512
9.555 0.000154958
9.56 0.000154795
9.565 0.000154633
9.57 0.000154471
9.575 0.000154309
9.58 0.000154148
9.585 0.000153987
9.59 0.000153826
9.595 0.000153665
9.6 0.000153505
9.605 0.000153345
9.61 0.000153185
9.615 0.000153025
9.62 0.000152866
9.625 0.000152707
9.63 0.000152548
9.635 0.000152389
9.64 0.000152231
9.645 0.000152073
9.65 0.000151915
9.655 0.000151757
9.66 0.0001516
9.665 0.000151442
9.67 0.000151285
9.675 0.000151129
9.68 0.000150972
9.685 0.000150816
9.69 0.00015066
9.695 0.000150504
9.7 0.000150349
9.705 0.000150194
9.71 0.000150039
9.715 0.000149884
9.72 0.000149729
9.725 0.000149575
9.73 0.000149421
9.735 0.000149267
9.74 0.000149114
9.745 0.00014896
9.75 0.000148807
9.755 0.000148654
9.76 0.000148502
9.765 0.000148349
9.77 0.000148197
9.775 0.000148045
9.78 0.000147894
9.785 0.000147742
9.79 0.000147591
9.795 0.00014744
9.8 0.000147289
9.805 0.000147139
9.81 0.000146988
9.815 0.000146838
9.82 0.000146689
9.825 0.000146539
9.83 0.00014639
9.835 0.00014624
9.84 0.000146091
9.845 0.000145943
9.85 0.000145794
9.855 0.000145646
9.86 0.000145498
9.865 0.00014535
9.87 0.000145203
9.875 0.000145055
9.88 0.000144908
9.885 0.000144761
9.89 0.000144615
9.895 0.000144468
9.9 0.000144322
9.905 0.000144176
9.91 0.00014403
9.915 0.000143885
9.92 0.000143739
9.925 0.000143594
9.93 0.000143449
9.935 0.000143305
9.94 0.00014316
9.945 0.000143016
9.95 0.000142872
9.955 0.000142728
9.96 0.000142585
9.965 0.000142441
9.97 0.000142298
9.975 0.000142155
9.98 0.000142012
9.985 0.00014187
9.99 0.000141728
9.995 0.000141585
