0 -nan
0.005 0.889629
0.01 0.357563
0.015 0.737164
0.02 0.766773
0.025 0.33123
0.03 0.144523
0.035 0.566479
0.04 0.597663
0.045 0.38861
0.05 0.178963
0.055 0.0518266
0.06 0.00404111
0.065 0.00916182
0.07 0.0425765
0.075 0.0873263
0.08 0.133359
0.085 0.175429
0.09 0.211254
0.095 0.240239
0.1 0.262667
0.105 0.279229
0.11 0.290753
0.115 0.298073
0.12 0.301952
0.125 0.30306
0.13 0.30197
0.135 0.299158
0.14 0.29502
0.145 0.289877
0.15 0.28399
0.155 0.277568
0.16 0.27078
0.165 0.263761
0.17 0.256615
0.175 0.249426
0.18 0.24226
0.185 0.235167
0.19 0.228186
0.195 0.221344
0.2 0.214664
0.205 0.20816
0.21 0.201843
0.215 0.19572
0.22 0.189793
0.225 0.184064
0.23 0.178531
0.235 0.173192
0.24 0.168045
0.245 0.163083
0.25 0.158303
0.255 0.1537
0.26 0.149266
0.265 0.144998
0.27 0.140888
0.275 0.136931
0.28 0.133121
0.285 0.129453
0.29 0.12592
0.295 0.122517
0.3 0.119239
0.305 0.116081
0.31 0.113037
0.315 0.110104
0.32 0.107275
0.325 0.104547
0.33 0.101916
0.335 0.0993766
0.34 0.0969261
0.345 0.0945603
0.35 0.0922758
0.355 0.090069
0.36 0.0879369
0.365 0.0858762
0.37 0.083884
0.375 0.0819574
0.38 0.0800939
0.385 0.0782908
0.39 0.0765456
0.395 0.0748561
0.4 0.07322
0.405 0.0716352
0.41 0.0700997
0.415 0.0686114
0.42 0.0671687
0.425 0.0657696
0.43 0.0644126
0.435 0.063096
0.44 0.0618183
0.445 0.060578
0.45 0.0593738
0.455 0.0582042
0.46 0.057068
0.465 0.0559641
0.47 0.0548911
0.475 0.053848
0.48 0.0528338
0.485 0.0518474
0.49 0.0508877
0.495 0.049954
0.5 0.0490452
0.505 0.0481606
0.51 0.0472992
0.515 0.0464603
0.52 0.0456432
0.525 0.0448471
0.53 0.0440712
0.535 0.043315
0.54 0.0425778
0.545 0.041859
0.55 0.041158
0.555 0.0404741
0.56 0.039807
0.565 0.0391559
0.57 0.0385205
0.575 0.0379002
0.58 0.0372946
0.585 0.0367032
0.59 0.0361255
0.595 0.0355612
0.6 0.0350099
0.605 0.0344712
0.61 0.0339446
0.615 0.0334299
0.62 0.0329267
0.625 0.0324346
0.63 0.0319534
0.635 0.0314826
0.64 0.0310221
0.645 0.0305715
0.65 0.0301306
0.655 0.029699
0.66 0.0292766
0.665 0.028863
0.67 0.0284581
0.675 0.0280615
0.68 0.0276731
0.685 0.0272926
0.69 0.0269198
0.695 0.0265546
0.7 0.0261967
0.705 0.0258459
0.71 0.025502
0.715 0.0251649
0.72 0.0248344
0.725 0.0245104
0.73 0.0241925
0.735 0.0238808
0.74 0.023575
0.745 0.023275
0.75 0.0229806
0.755 0.0226918
0.76 0.0224083
0.765 0.0221301
0.77 0.021857
0.775 0.0215889
0.78 0.0213256
0.785 0.0210671
0.79 0.0208133
0.795 0.020564
0.8 0.0203191
0.805 0.0200785
0.81 0.0198421
0.815 0.0196099
0.82 0.0193817
0.825 0.0191574
0.83 0.018937
0.835 0.0187204
0.84 0.0185074
0.845 0.018298
0.85 0.0180921
0.855 0.0178897
0.86 0.0176906
0.865 0.0174948
0.87 0.0173023
0.875 0.0171128
0.88 0.0169265
0.885 0.0167431
0.89 0.0165628
0.895 0.0163853
0.9 0.0162106
0.905 0.0160387
0.91 0.0158695
0.915 0.0157029
0.92 0.0155389
0.925 0.0153775
0.93 0.0152186
0.935 0.0150621
0.94 0.014908
0.945 0.0147563
0.95 0.0146068
0.955 0.0144596
0.96 0.0143146
0.965 0.0141718
0.97 0.0140311
0.975 0.0138924
0.98 0.0137558
0.985 0.0136212
0.99 0.0134885
0.995 0.0133578
1 0.013229
1.005 0.013102
1.01 0.0129768
1.015 0.0128534
1.02 0.0127317
1.025 0.0126118
1.03 0.0124935
1.035 0.0123769
1.04 0.0122619
1.045 0.0121485
1.05 0.0120366
1.055 0.0119263
1.06 0.0118175
1.065 0.0117102
1.07 0.0116043
1.075 0.0114998
1.08 0.0113968
1.085 0.0112951
1.09 0.0111948
1.095 0.0110958
1.1 0.0109981
1.105 0.0109016
1.11 0.0108065
1.115 0.0107125
1.12 0.0106198
1.125 0.0105283
1.13 0.010438
1.135 0.0103488
1.14 0.0102607
1.145 0.0101738
1.15 0.010088
1.155 0.0100032
1.16 0.00991951
1.165 0.00983686
1.17 0.00975523
1.175 0.00967461
1.18 0.00959498
1.185 0.00951633
1.19 0.00943864
1.195 0.00936189
1.2 0.00928607
1.205 0.00921117
1.21 0.00913717
1.215 0.00906406
1.22 0.00899182
1.225 0.00892043
1.23 0.00884989
1.235 0.00878018
1.24 0.00871129
1.245 0.00864321
1.25 0.00857592
1.255 0.00850941
1.26 0.00844366
1.265 0.00837868
1.27 0.00831444
1.275 0.00825094
1.28 0.00818815
1.285 0.00812609
1.29 0.00806472
1.295 0.00800404
1.3 0.00794405
1.305 0.00788472
1.31 0.00782606
1.315 0.00776804
1.32 0.00771067
1.325 0.00765393
1.33 0.00759781
1.335 0.00754231
1.34 0.00748741
1.345 0.00743311
1.35 0.00737939
1.355 0.00732625
1.36 0.00727369
1.365 0.00722168
1.37 0.00717024
1.375 0.00711933
1.38 0.00706897
1.385 0.00701914
1.39 0.00696983
1.395 0.00692104
1.4 0.00687276
1.405 0.00682498
1.41 0.0067777
1.415 0.00673091
1.42 0.00668459
1.425 0.00663876
1.43 0.00659339
1.435 0.00654848
1.44 0.00650404
1.445 0.00646004
1.45 0.00641648
1.455 0.00637337
1.46 0.00633068
1.465 0.00628843
1.47 0.00624659
1.475 0.00620517
1.48 0.00616416
1.485 0.00612355
1.49 0.00608335
1.495 0.00604354
1.5 0.00600411
1.505 0.00596507
1.51 0.00592641
1.515 0.00588812
1.52 0.00585021
1.525 0.00581265
1.53 0.00577546
1.535 0.00573862
1.54 0.00570214
1.545 0.00566599
1.55 0.0056302
1.555 0.00559473
1.56 0.00555961
1.565 0.00552481
1.57 0.00549034
1.575 0.00545618
1.58 0.00542235
1.585 0.00538883
1.59 0.00535562
1.595 0.00532271
1.6 0.00529011
1.605 0.0052578
1.61 0.00522579
1.615 0.00519407
1.62 0.00516264
1.625 0.00513149
1.63 0.00510062
1.635 0.00507003
1.64 0.00503971
1.645 0.00500966
1.65 0.00497989
1.655 0.00495037
1.66 0.00492112
1.665 0.00489212
1.67 0.00486339
1.675 0.0048349
1.68 0.00480666
1.685 0.00477867
1.69 0.00475092
1.695 0.00472341
1.7 0.00469614
1.705 0.00466911
1.71 0.00464231
1.715 0.00461573
1.72 0.00458939
1.725 0.00456327
1.73 0.00453737
1.735 0.00451169
1.74 0.00448623
1.745 0.00446099
1.75 0.00443595
1.755 0.00441113
1.76 0.00438651
1.765 0.0043621
1.77 0.00433789
1.775 0.00431388
1.78 0.00429007
1.785 0.00426646
1.79 0.00424304
1.795 0.00421981
1.8 0.00419678
1.805 0.00417393
1.81 0.00415126
1.815 0.00412878
1.82 0.00410649
1.825 0.00408437
1.83 0.00406243
1.835 0.00404067
1.84 0.00401908
1.845 0.00399766
1.85 0.00397642
1.855 0.00395534
1.86 0.00393443
1.865 0.00391368
1.87 0.0038931
1.875 0.00387268
1.88 0.00385242
1.885 0.00383232
1.89 0.00381238
1.895 0.00379259
1.9 0.00377295
1.905 0.00375347
1.91 0.00373413
1.915 0.00371495
1.92 0.00369591
1.925 0.00367702
1.93 0.00365827
1.935 0.00363967
1.94 0.00362121
1.945 0.00360288
1.95 0.0035847
1.955 0.00356665
1.96 0.00354874
1.965 0.00353096
1.97 0.00351332
1.975 0.00349581
1.98 0.00347843
1.985 0.00346117
1.99 0.00344405
1.995 0.00342705
2 0.00341018
2.005 0.00339343
2.01 0.00337681
2.015 0.0033603
2.02 0.00334392
2.025 0.00332766
2.03 0.00331151
2.035 0.00329548
2.04 0.00327957
2.045 0.00326377
2.05 0.00324809
2.055 0.00323252
2.06 0.00321706
2.065 0.00320171
2.07 0.00318647
2.075 0.00317134
2.08 0.00315632
2.085 0.0031414
2.09 0.00312659
2.095 0.00311189
2.1 0.00309728
2.105 0.00308278
2.11 0.00306838
2.115 0.00305408
2.12 0.00303988
2.125 0.00302578
2.13 0.00301178
2.135 0.00299787
2.14 0.00298406
2.145 0.00297035
2.15 0.00295673
2.155 0.0029432
2.16 0.00292977
2.165 0.00291642
2.17 0.00290317
2.175 0.00289001
2.18 0.00287694
2.185 0.00286395
2.19 0.00285106
2.195 0.00283825
2.2 0.00282552
2.205 0.00281289
2.21 0.00280033
2.215 0.00278786
2.22 0.00277548
2.225 0.00276317
2.23 0.00275095
2.235 0.00273881
2.24 0.00272674
2.245 0.00271476
2.25 0.00270286
2.255 0.00269103
2.26 0.00267928
2.265 0.00266761
2.27 0.00265602
2.275 0.0026445
2.28 0.00263305
2.285 0.00262168
2.29 0.00261038
2.295 0.00259916
2.3 0.002588
2.305 0.00257692
2.31 0.00256591
2.315 0.00255497
2.32 0.0025441
2.325 0.0025333
2.33 0.00252257
2.335 0.0025119
2.34 0.00250131
2.345 0.00249078
2.35 0.00248031
2.355 0.00246992
2.36 0.00245958
2.365 0.00244931
2.37 0.00243911
2.375 0.00242897
2.38 0.00241889
2.385 0.00240888
2.39 0.00239893
2.395 0.00238903
2.4 0.0023792
2.405 0.00236943
2.41 0.00235972
2.415 0.00235007
2.42 0.00234048
2.425 0.00233095
2.43 0.00232148
2.435 0.00231206
2.44 0.0023027
2.445 0.0022934
2.45 0.00228415
2.455 0.00227496
2.46 0.00226582
2.465 0.00225674
2.47 0.00224772
2.475 0.00223874
2.48 0.00222982
2.485 0.00222096
2.49 0.00221215
2.495 0.00220339
2.5 0.00219468
2.505 0.00218602
2.51 0.00217741
2.515 0.00216886
2.52 0.00216035
2.525 0.0021519
2.53 0.00214349
2.535 0.00213514
2.54 0.00212683
2.545 0.00211857
2.55 0.00211036
2.555 0.00210219
2.56 0.00209408
2.565 0.00208601
2.57 0.00207798
2.575 0.00207001
2.58 0.00206208
2.585 0.00205419
2.59 0.00204635
2.595 0.00203856
2.6 0.0020308
2.605 0.0020231
2.61 0.00201543
2.615 0.00200781
2.62 0.00200024
2.625 0.0019927
2.63 0.00198521
2.635 0.00197776
2.64 0.00197035
2.645 0.00196299
2.65 0.00195566
2.655 0.00194838
2.66 0.00194114
2.665 0.00193393
2.67 0.00192677
2.675 0.00191965
2.68 0.00191256
2.685 0.00190552
2.69 0.00189851
2.695 0.00189154
2.7 0.00188461
2.705 0.00187772
2.71 0.00187087
2.715 0.00186405
2.72 0.00185727
2.725 0.00185053
2.73 0.00184383
2.735 0.00183716
2.74 0.00183053
2.745 0.00182393
2.75 0.00181737
2.755 0.00181084
2.76 0.00180435
2.765 0.00179789
2.77 0.00179147
2.775 0.00178508
2.78 0.00177873
2.785 0.00177241
2.79 0.00176613
2.795 0.00175987
2.8 0.00175365
2.805 0.00174747
2.81 0.00174131
2.815 0.00173519
2.82 0.0017291
2.825 0.00172305
2.83 0.00171702
2.835 0.00171103
2.84 0.00170506
2.845 0.00169913
2.85 0.00169323
2.855 0.00168736
2.86 0.00168152
2.865 0.00167571
2.87 0.00166993
2.875 0.00166418
2.88 0.00165846
2.885 0.00165277
2.89 0.00164711
2.895 0.00164148
2.9 0.00163588
2.905 0.0016303
2.91 0.00162476
2.915 0.00161924
2.92 0.00161375
2.925 0.00160829
2.93 0.00160285
2.935 0.00159745
2.94 0.00159207
2.945 0.00158672
2.95 0.00158139
2.955 0.00157609
2.96 0.00157082
2.965 0.00156557
2.97 0.00156035
2.975 0.00155516
2.98 0.00154999
2.985 0.00154485
2.99 0.00153973
2.995 0.00153464
3 0.00152958
3.005 0.00152454
3.01 0.00151952
3.015 0.00151453
3.02 0.00150956
3.025 0.00150462
3.03 0.0014997
3.035 0.00149481
3.04 0.00148994
3.045 0.00148509
3.05 0.00148027
3.055 0.00147547
3.06 0.00147069
3.065 0.00146594
3.07 0.00146121
3.075 0.0014565
3.08 0.00145182
3.085 0.00144716
3.09 0.00144252
3.095 0.0014379
3.1 0.00143331
3.105 0.00142873
3.11 0.00142418
3.115 0.00141965
3.12 0.00141515
3.125 0.00141066
3.13 0.00140619
3.135 0.00140175
3.14 0.00139733
3.145 0.00139293
3.15 0.00138854
3.155 0.00138418
3.16 0.00137984
3.165 0.00137552
3.17 0.00137122
3.175 0.00136694
3.18 0.00136269
3.185 0.00135845
3.19 0.00135423
3.195 0.00135003
3.2 0.00134585
3.205 0.00134168
3.21 0.00133754
3.215 0.00133342
3.22 0.00132931
3.225 0.00132523
3.23 0.00132116
3.235 0.00131712
3.24 0.00131309
3.245 0.00130908
3.25 0.00130508
3.255 0.00130111
3.26 0.00129716
3.265 0.00129322
3.27 0.0012893
3.275 0.0012854
3.28 0.00128151
3.285 0.00127764
3.29 0.0012738
3.295 0.00126996
3.3 0.00126615
3.305 0.00126235
3.31 0.00125857
3.315 0.00125481
3.32 0.00125106
3.325 0.00124733
3.33 0.00124362
3.335 0.00123992
3.34 0.00123624
3.345 0.00123258
3.35 0.00122893
3.355 0.0012253
3.36 0.00122168
3.365 0.00121808
3.37 0.0012145
3.375 0.00121093
3.38 0.00120738
3.385 0.00120384
3.39 0.00120032
3.395 0.00119682
3.4 0.00119332
3.405 0.00118985
3.41 0.00118639
3.415 0.00118295
3.42 0.00117952
3.425 0.0011761
3.43 0.0011727
3.435 0.00116931
3.44 0.00116594
3.445 0.00116259
3.45 0.00115925
3.455 0.00115592
3.46 0.00115261
3.465 0.00114931
3.47 0.00114602
3.475 0.00114275
3.48 0.00113949
3.485 0.00113625
3.49 0.00113302
3.495 0.00112981
3.5 0.00112661
3.505 0.00112342
3.51 0.00112024
3.515 0.00111708
3.52 0.00111394
3.525 0.0011108
3.53 0.00110768
3.535 0.00110457
3.54 0.00110148
3.545 0.00109839
3.55 0.00109533
3.555 0.00109227
3.56 0.00108923
3.565 0.00108619
3.57 0.00108318
3.575 0.00108017
3.58 0.00107718
3.585 0.0010742
3.59 0.00107123
3.595 0.00106827
3.6 0.00106533
3.605 0.0010624
3.61 0.00105948
3.615 0.00105657
3.62 0.00105367
3.625 0.00105079
3.63 0.00104792
3.635 0.00104506
3.64 0.00104221
3.645 0.00103937
3.65 0.00103655
3.655 0.00103373
3.66 0.00103093
3.665 0.00102814
3.67 0.00102536
3.675 0.00102259
3.68 0.00101984
3.685 0.00101709
3.69 0.00101435
3.695 0.00101163
3.7 0.00100892
3.705 0.00100622
3.71 0.00100352
3.715 0.00100084
3.72 0.000998174
3.725 0.000995515
3.73 0.000992866
3.735 0.000990228
3.74 0.000987601
3.745 0.000984984
3.75 0.000982377
3.755 0.000979781
3.76 0.000977195
3.765 0.000974619
3.77 0.000972053
3.775 0.000969498
3.78 0.000966952
3.785 0.000964417
3.79 0.000961891
3.795 0.000959376
3.8 0.00095687
3.805 0.000954374
3.81 0.000951888
3.815 0.000949411
3.82 0.000946945
3.825 0.000944487
3.83 0.00094204
3.835 0.000939601
3.84 0.000937173
3.845 0.000934753
3.85 0.000932343
3.855 0.000929943
3.86 0.000927551
3.865 0.000925169
3.87 0.000922796
3.875 0.000920432
3.88 0.000918077
3.885 0.000915731
3.89 0.000913395
3.895 0.000911067
3.9 0.000908748
3.905 0.000906437
3.91 0.000904136
3.915 0.000901843
3.92 0.000899559
3.925 0.000897284
3.93 0.000895017
3.935 0.000892759
3.94 0.00089051
3.945 0.000888269
3.95 0.000886036
3.955 0.000883812
3.96 0.000881596
3.965 0.000879389
3.97 0.000877189
3.975 0.000874998
3.98 0.000872815
3.985 0.000870641
3.99 0.000868474
3.995 0.000866316
4 0.000864165
4.005 0.000862023
4.01 0.000859888
4.015 0.000857762
4.02 0.000855643
4.025 0.000853532
4.03 0.000851429
4.035 0.000849334
4.04 0.000847246
4.045 0.000845167
4.05 0.000843094
4.055 0.00084103
4.06 0.000838973
4.065 0.000836923
4.07 0.000834881
4.075 0.000832847
4.08 0.000830819
4.085 0.0008288
4.09 0.000826787
4.095 0.000824782
4.1 0.000822785
4.105 0.000820794
4.11 0.000818811
4.115 0.000816835
4.12 0.000814866
4.125 0.000812904
4.13 0.000810949
4.135 0.000809001
4.14 0.00080706
4.145 0.000805127
4.15 0.0008032
4.155 0.00080128
4.16 0.000799367
4.165 0.000797461
4.17 0.000795561
4.175 0.000793668
4.18 0.000791783
4.185 0.000789903
4.19 0.000788031
4.195 0.000786165
4.2 0.000784306
4.205 0.000782453
4.21 0.000780607
4.215 0.000778768
4.22 0.000776934
4.225 0.000775108
4.23 0.000773288
4.235 0.000771474
4.24 0.000769667
4.245 0.000767865
4.25 0.000766071
4.255 0.000764282
4.26 0.0007625
4.265 0.000760724
4.27 0.000758954
4.275 0.000757191
4.28 0.000755433
4.285 0.000753682
4.29 0.000751937
4.295 0.000750197
4.3 0.000748464
4.305 0.000746737
4.31 0.000745016
4.315 0.0007433
4.32 0.000741591
4.325 0.000739888
4.33 0.00073819
4.335 0.000736498
4.34 0.000734812
4.345 0.000733132
4.35 0.000731458
4.355 0.000729789
4.36 0.000728126
4.365 0.000726468
4.37 0.000724817
4.375 0.000723171
4.38 0.00072153
4.385 0.000719895
4.39 0.000718266
4.395 0.000716642
4.4 0.000715024
4.405 0.000713411
4.41 0.000711804
4.415 0.000710202
4.42 0.000708605
4.425 0.000707014
4.43 0.000705428
4.435 0.000703848
4.44 0.000702272
4.445 0.000700703
4.45 0.000699138
4.455 0.000697578
4.46 0.000696024
4.465 0.000694475
4.47 0.000692931
4.475 0.000691393
4.48 0.000689859
4.485 0.000688331
4.49 0.000686807
4.495 0.000685289
4.5 0.000683775
4.505 0.000682267
4.51 0.000680764
4.515 0.000679265
4.52 0.000677772
4.525 0.000676283
4.53 0.0006748
4.535 0.000673321
4.54 0.000671847
4.545 0.000670378
4.55 0.000668914
4.555 0.000667454
4.56 0.000665999
4.565 0.00066455
4.57 0.000663104
4.575 0.000661664
4.58 0.000660228
4.585 0.000658797
4.59 0.00065737
4.595 0.000655948
4.6 0.000654531
4.605 0.000653118
4.61 0.00065171
4.615 0.000650307
4.62 0.000648908
4.625 0.000647513
4.63 0.000646123
4.635 0.000644738
4.64 0.000643356
4.645 0.00064198
4.65 0.000640607
4.655 0.00063924
4.66 0.000637876
4.665 0.000636517
4.67 0.000635162
4.675 0.000633812
4.68 0.000632465
4.685 0.000631124
4.69 0.000629786
4.695 0.000628453
4.7 0.000627123
4.705 0.000625798
4.71 0.000624478
4.715 0.000623161
4.72 0.000621849
4.725 0.00062054
4.73 0.000619236
4.735 0.000617936
4.74 0.00061664
4.745 0.000615348
4.75 0.00061406
4.755 0.000612777
4.76 0.000611497
4.765 0.000610221
4.77 0.000608949
4.775 0.000607682
4.78 0.000606418
4.785 0.000605158
4.79 0.000603902
4.795 0.00060265
4.8 0.000601401
4.805 0.000600157
4.81 0.000598917
4.815 0.00059768
4.82 0.000596447
4.825 0.000595218
4.83 0.000593993
4.835 0.000592772
4.84 0.000591554
4.845 0.00059034
4.85 0.00058913
4.855 0.000587923
4.86 0.000586721
4.865 0.000585522
4.87 0.000584326
4.875 0.000583134
4.88 0.000581946
4.885 0.000580762
4.89 0.000579581
4.895 0.000578404
4.9 0.00057723
4.905 0.00057606
4.91 0.000574893
4.915 0.00057373
4.92 0.000572571
4.925 0.000571415
4.93 0.000570262
4.935 0.000569113
4.94 0.000567968
4.945 0.000566826
4.95 0.000565687
4.955 0.000564552
4.96 0.00056342
4.965 0.000562292
4.97 0.000561167
4.975 0.000560045
4.98 0.000558927
4.985 0.000557812
4.99 0.0005567
4.995 0.000555592
5 0.000554487
5.005 0.000553385
5.01 0.000552287
5.015 0.000551192
5.02 0.0005501
5.025 0.000549011
5.03 0.000547926
5.035 0.000546843
5.04 0.000545764
5.045 0.000544689
5.05 0.000543616
5.055 0.000542547
5.06 0.00054148
5.065 0.000540417
5.07 0.000539357
5.075 0.0005383
5.08 0.000537246
5.085 0.000536195
5.09 0.000535148
5.095 0.000534103
5.1 0.000533062
5.105 0.000532023
5.11 0.000530988
5.115 0.000529955
5.12 0.000528926
5.125 0.000527899
5.13 0.000526876
5.135 0.000525855
5.14 0.000524838
5.145 0.000523823
5.15 0.000522812
5.155 0.000521803
5.16 0.000520797
5.165 0.000519794
5.17 0.000518794
5.175 0.000517797
5.18 0.000516803
5.185 0.000515812
5.19 0.000514823
5.195 0.000513837
5.2 0.000512855
5.205 0.000511875
5.21 0.000510897
5.215 0.000509923
5.22 0.000508951
5.225 0.000507982
5.23 0.000507016
5.235 0.000506053
5.24 0.000505092
5.245 0.000504134
5.25 0.000503179
5.255 0.000502227
5.26 0.000501277
5.265 0.00050033
5.27 0.000499386
5.275 0.000498444
5.28 0.000497505
5.285 0.000496568
5.29 0.000495635
5.295 0.000494703
5.3 0.000493775
5.305 0.000492849
5.31 0.000491926
5.315 0.000491005
5.32 0.000490087
5.325 0.000489171
5.33 0.000488258
5.335 0.000487348
5.34 0.00048644
5.345 0.000485535
5.35 0.000484632
5.355 0.000483732
5.36 0.000482834
5.365 0.000481938
5.37 0.000481046
5.375 0.000480155
5.38 0.000479267
5.385 0.000478382
5.39 0.000477499
5.395 0.000476619
5.4 0.00047574
5.405 0.000474865
5.41 0.000473992
5.415 0.000473121
5.42 0.000472252
5.425 0.000471386
5.43 0.000470522
5.435 0.000469661
5.44 0.000468802
5.445 0.000467946
5.45 0.000467091
5.455 0.00046624
5.46 0.00046539
5.465 0.000464543
5.47 0.000463698
5.475 0.000462855
5.48 0.000462015
5.485 0.000461177
5.49 0.000460341
5.495 0.000459507
5.5 0.000458676
5.505 0.000457847
5.51 0.00045702
5.515 0.000456196
5.52 0.000455374
5.525 0.000454553
5.53 0.000453736
5.535 0.00045292
5.54 0.000452106
5.545 0.000451295
5.55 0.000450486
5.555 0.000449679
5.56 0.000448874
5.565 0.000448072
5.57 0.000447271
5.575 0.000446473
5.58 0.000445677
5.585 0.000444883
5.59 0.000444091
5.595 0.000443301
5.6 0.000442514
5.605 0.000441728
5.61 0.000440944
5.615 0.000440163
5.62 0.000439384
5.625 0.000438606
5.63 0.000437831
5.635 0.000437058
5.64 0.000436287
5.645 0.000435518
5.65 0.000434751
5.655 0.000433986
5.66 0.000433223
5.665 0.000432462
5.67 0.000431703
5.675 0.000430946
5.68 0.000430191
5.685 0.000429438
5.69 0.000428687
5.695 0.000427938
5.7 0.00042719
5.705 0.000426445
5.71 0.000425702
5.715 0.000424961
5.72 0.000424221
5.725 0.000423484
5.73 0.000422749
5.735 0.000422015
5.74 0.000421283
5.745 0.000420554
5.75 0.000419826
5.755 0.0004191
5.76 0.000418376
5.765 0.000417653
5.77 0.000416933
5.775 0.000416214
5.78 0.000415498
5.785 0.000414783
5.79 0.00041407
5.795 0.000413359
5.8 0.00041265
5.805 0.000411942
5.81 0.000411236
5.815 0.000410533
5.82 0.000409831
5.825 0.00040913
5.83 0.000408432
5.835 0.000407735
5.84 0.00040704
5.845 0.000406347
5.85 0.000405656
5.855 0.000404966
5.86 0.000404279
5.865 0.000403593
5.87 0.000402908
5.875 0.000402226
5.88 0.000401545
5.885 0.000400866
5.89 0.000400188
5.895 0.000399513
5.9 0.000398839
5.905 0.000398166
5.91 0.000397496
5.915 0.000396827
5.92 0.00039616
5.925 0.000395494
5.93 0.00039483
5.935 0.000394168
5.94 0.000393508
5.945 0.000392849
5.95 0.000392192
5.955 0.000391536
5.96 0.000390882
5.965 0.00039023
5.97 0.000389579
5.975 0.00038893
5.98 0.000388283
5.985 0.000387637
5.99 0.000386993
5.995 0.000386351
6 0.00038571
6.005 0.00038507
6.01 0.000384432
6.015 0.000383796
6.02 0.000383162
6.025 0.000382529
6.03 0.000381897
6.035 0.000381267
6.04 0.000380639
6.045 0.000380012
6.05 0.000379387
6.055 0.000378763
6.06 0.000378141
6.065 0.00037752
6.07 0.000376901
6.075 0.000376284
6.08 0.000375667
6.085 0.000375053
6.09 0.00037444
6.095 0.000373828
6.1 0.000373218
6.105 0.00037261
6.11 0.000372003
6.115 0.000371397
6.12 0.000370793
6.125 0.00037019
6.13 0.000369589
6.135 0.000368989
6.14 0.000368391
6.145 0.000367794
6.15 0.000367199
6.155 0.000366605
6.16 0.000366012
6.165 0.000365421
6.17 0.000364832
6.175 0.000364244
6.18 0.000363657
6.185 0.000363071
6.19 0.000362488
6.195 0.000361905
6.2 0.000361324
6.205 0.000360744
6.21 0.000360166
6.215 0.000359589
6.22 0.000359013
6.225 0.000358439
6.23 0.000357866
6.235 0.000357295
6.24 0.000356725
6.245 0.000356156
6.25 0.000355589
6.255 0.000355023
6.26 0.000354458
6.265 0.000353895
6.27 0.000353333
6.275 0.000352772
6.28 0.000352213
6.285 0.000351655
6.29 0.000351099
6.295 0.000350543
6.3 0.000349989
6.305 0.000349437
6.31 0.000348885
6.315 0.000348335
6.32 0.000347786
6.325 0.000347239
6.33 0.000346693
6.335 0.000346148
6.34 0.000345604
6.345 0.000345062
6.35 0.000344521
6.355 0.000343981
6.36 0.000343443
6.365 0.000342905
6.37 0.000342369
6.375 0.000341835
6.38 0.000341301
6.385 0.000340769
6.39 0.000340238
6.395 0.000339708
6.4 0.00033918
6.405 0.000338652
6.41 0.000338126
6.415 0.000337601
6.42 0.000337078
6.425 0.000336555
6.43 0.000336034
6.435 0.000335514
6.44 0.000334996
6.445 0.000334478
6.45 0.000333962
6.455 0.000333446
6.46 0.000332932
6.465 0.00033242
6.47 0.000331908
6.475 0.000331398
6.48 0.000330888
6.485 0.00033038
6.49 0.000329873
6.495 0.000329368
6.5 0.000328863
6.505 0.00032836
6.51 0.000327857
6.515 0.000327356
6.52 0.000326856
6.525 0.000326358
6.53 0.00032586
6.535 0.000325363
6.54 0.000324868
6.545 0.000324374
6.55 0.00032388
6.555 0.000323388
6.56 0.000322898
6.565 0.000322408
6.57 0.000321919
6.575 0.000321432
6.58 0.000320945
6.585 0.00032046
6.59 0.000319975
6.595 0.000319492
6.6 0.00031901
6.605 0.000318529
6.61 0.000318049
6.615 0.000317571
6.62 0.000317093
6.625 0.000316616
6.63 0.000316141
6.635 0.000315666
6.64 0.000315193
6.645 0.00031472
6.65 0.000314249
6.655 0.000313779
6.66 0.00031331
6.665 0.000312841
6.67 0.000312374
6.675 0.000311908
6.68 0.000311443
6.685 0.000310979
6.69 0.000310516
6.695 0.000310054
6.7 0.000309594
6.705 0.000309134
6.71 0.000308675
6.715 0.000308217
6.72 0.00030776
6.725 0.000307305
6.73 0.00030685
6.735 0.000306396
6.74 0.000305943
6.745 0.000305492
6.75 0.000305041
6.755 0.000304591
6.76 0.000304142
6.765 0.000303695
6.77 0.000303248
6.775 0.000302802
6.78 0.000302357
6.785 0.000301913
6.79 0.000301471
6.795 0.000301029
6.8 0.000300588
6.805 0.000300148
6.81 0.000299709
6.815 0.000299271
6.82 0.000298834
6.825 0.000298398
6.83 0.000297963
6.835 0.000297528
6.84 0.000297095
6.845 0.000296663
6.85 0.000296231
6.855 0.000295801
6.86 0.000295372
6.865 0.000294943
6.87 0.000294515
6.875 0.000294089
6.88 0.000293663
6.885 0.000293238
6.89 0.000292814
6.895 0.000292391
6.9 0.000291969
6.905 0.000291548
6.91 0.000291128
6.915 0.000290708
6.92 0.00029029
6.925 0.000289872
6.93 0.000289456
6.935 0.00028904
6.94 0.000288625
6.945 0.000288211
6.95 0.000287798
6.955 0.000287386
6.96 0.000286975
6.965 0.000286564
6.97 0.000286155
6.975 0.000285746
6.98 0.000285338
6.985 0.000284932
6.99 0.000284526
6.995 0.00028412
7 0.000283716
7.005 0.000283313
7.01 0.00028291
7.015 0.000282508
7.02 0.000282107
7.025 0.000281707
7.03 0.000281308
7.035 0.00028091
7.04 0.000280512
7.045 0.000280116
7.05 0.00027972
7.055 0.000279325
7.06 0.000278931
7.065 0.000278538
7.07 0.000278145
7.075 0.000277754
7.08 0.000277363
7.085 0.000276973
7.09 0.000276584
7.095 0.000276195
7.1 0.000275808
7.105 0.000275421
7.11 0.000275035
7.115 0.00027465
7.12 0.000274266
7.125 0.000273883
7.13 0.0002735
7.135 0.000273118
7.14 0.000272737
7.145 0.000272357
7.15 0.000271977
7.155 0.000271599
7.16 0.000271221
7.165 0.000270844
7.17 0.000270467
7.175 0.000270092
7.18 0.000269717
7.185 0.000269343
7.19 0.00026897
7.195 0.000268598
7.2 0.000268226
7.205 0.000267855
7.21 0.000267485
7.215 0.000267116
7.22 0.000266747
7.225 0.000266379
7.23 0.000266012
7.235 0.000265646
7.24 0.00026528
7.245 0.000264916
7.25 0.000264552
7.255 0.000264188
7.26 0.000263826
7.265 0.000263464
7.27 0.000263103
7.275 0.000262743
7.28 0.000262383
7.285 0.000262024
7.29 0.000261666
7.295 0.000261309
7.3 0.000260952
7.305 0.000260596
7.31 0.000260241
7.315 0.000259887
7.32 0.000259533
7.325 0.00025918
7.33 0.000258828
7.335 0.000258476
7.34 0.000258125
7.345 0.000257775
7.35 0.000257426
7.355 0.000257077
7.36 0.000256729
7.365 0.000256382
7.37 0.000256035
7.375 0.000255689
7.38 0.000255344
7.385 0.000255
7.39 0.000254656
7.395 0.000254313
7.4 0.00025397
7.405 0.000253629
7.41 0.000253288
7.415 0.000252947
7.42 0.000252608
7.425 0.000252269
7.43 0.000251931
7.435 0.000251593
7.44 0.000251256
7.445 0.00025092
7.45 0.000250584
7.455 0.000250249
7.46 0.000249915
7.465 0.000249582
7.47 0.000249249
7.475 0.000248916
7.48 0.000248585
7.485 0.000248254
7.49 0.000247924
7.495 0.000247594
7.5 0.000247265
7.505 0.000246937
7.51 0.000246609
7.515 0.000246282
7.52 0.000245956
7.525 0.00024563
7.53 0.000245305
7.535 0.000244981
7.54 0.000244657
7.545 0.000244334
7.55 0.000244012
7.555 0.00024369
7.56 0.000243369
7.565 0.000243048
7.57 0.000242728
7.575 0.000242409
7.58 0.00024209
7.585 0.000241772
7.59 0.000241455
7.595 0.000241138
7.6 0.000240822
7.605 0.000240506
7.61 0.000240192
7.615 0.000239877
7.62 0.000239564
7.625 0.000239251
7.63 0.000238938
7.635 0.000238626
7.64 0.000238315
7.645 0.000238004
7.65 0.000237694
7.655 0.000237385
7.66 0.000237076
7.665 0.000236768
7.67 0.00023646
7.675 0.000236153
7.68 0.000235847
7.685 0.000235541
7.69 0.000235236
7.695 0.000234931
7.7 0.000234627
7.705 0.000234324
7.71 0.000234021
7.715 0.000233719
7.72 0.000233417
7.725 0.000233116
7.73 0.000232816
7.735 0.000232516
7.74 0.000232216
7.745 0.000231917
7.75 0.000231619
7.755 0.000231322
7.76 0.000231025
7.765 0.000230728
7.77 0.000230432
7.775 0.000230137
7.78 0.000229842
7.785 0.000229548
7.79 0.000229254
7.795 0.000228961
7.8 0.000228669
7.805 0.000228377
7.81 0.000228085
7.815 0.000227794
7.82 0.000227504
7.825 0.000227214
7.83 0.000226925
7.835 0.000226637
7.84 0.000226349
7.845 0.000226061
7.85 0.000225774
7.855 0.000225488
7.86 0.000225202
7.865 0.000224916
7.87 0.000224632
7.875 0.000224347
7.88 0.000224064
7.885 0.00022378
7.89 0.000223498
7.895 0.000223216
7.9 0.000222934
7.905 0.000222653
7.91 0.000222373
7.915 0.000222093
7.92 0.000221813
7.925 0.000221534
7.93 0.000221256
7.935 0.000220978
7.94 0.000220701
7.945 0.000220424
7.95 0.000220147
7.955 0.000219872
7.96 0.000219596
7.965 0.000219322
7.97 0.000219047
7.975 0.000218774
7.98 0.0002185
7.985 0.000218228
7.99 0.000217955
7.995 0.000217684
8 0.000217413
8.005 0.000217142
8.01 0.000216872
8.015 0.000216602
8.02 0.000216333
8.025 0.000216064
8.03 0.000215796
8.035 0.000215528
8.04 0.000215261
8.045 0.000214995
8.05 0.000214728
8.055 0.000214463
8.06 0.000214198
8.065 0.000213933
8.07 0.000213669
8.075 0.000213405
8.08 0.000213142
8.085 0.000212879
8.09 0.000212617
8.095 0.000212355
8.1 0.000212094
8.105 0.000211833
8.11 0.000211573
8.115 0.000211313
8.12 0.000211053
8.125 0.000210794
8.13 0.000210536
8.135 0.000210278
8.14 0.000210021
8.145 0.000209764
8.15 0.000209507
8.155 0.000209251
8.16 0.000208996
8.165 0.00020874
8.17 0.000208486
8.175 0.000208232
8.18 0.000207978
8.185 0.000207725
8.19 0.000207472
8.195 0.00020722
8.2 0.000206968
8.205 0.000206716
8.21 0.000206465
8.215 0.000206215
8.22 0.000205965
8.225 0.000205715
8.23 0.000205466
8.235 0.000205217
8.24 0.000204969
8.245 0.000204721
8.25 0.000204474
8.255 0.000204227
8.26 0.000203981
8.265 0.000203735
8.27 0.000203489
8.275 0.000203244
8.28 0.000202999
8.285 0.000202755
8.29 0.000202511
8.295 0.000202268
8.3 0.000202025
8.305 0.000201783
8.31 0.000201541
8.315 0.000201299
8.32 0.000201058
8.325 0.000200817
8.33 0.000200577
8.335 0.000200337
8.34 0.000200098
8.345 0.000199859
8.35 0.00019962
8.355 0.000199382
8.36 0.000199144
8.365 0.000198907
8.37 0.00019867
8.375 0.000198434
8.38 0.000198198
8.385 0.000197962
8.39 0.000197727
8.395 0.000197492
8.4 0.000197258
8.405 0.000197024
8.41 0.00019679
8.415 0.000196557
8.42 0.000196324
8.425 0.000196092
8.43 0.00019586
8.435 0.000195629
8.44 0.000195398
8.445 0.000195167
8.45 0.000194937
8.455 0.000194707
8.46 0.000194478
8.465 0.000194249
8.47 0.00019402
8.475 0.000193792
8.48 0.000193564
8.485 0.000193337
8.49 0.00019311
8.495 0.000192883
8.5 0.000192657
8.505 0.000192431
8.51 0.000192206
8.515 0.000191981
8.52 0.000191756
8.525 0.000191532
8.53 0.000191308
8.535 0.000191085
8.54 0.000190862
8.545 0.000190639
8.55 0.000190417
8.555 0.000190195
8.56 0.000189973
8.565 0.000189752
8.57 0.000189531
8.575 0.000189311
8.58 0.000189091
8.585 0.000188872
8.59 0.000188652
8.595 0.000188434
8.6 0.000188215
8.605 0.000187997
8.61 0.00018778
8.615 0.000187562
8.62 0.000187345
8.625 0.000187129
8.63 0.000186913
8.635 0.000186697
8.64 0.000186481
8.645 0.000186266
8.65 0.000186052
8.655 0.000185837
8.66 0.000185624
8.665 0.00018541
8.67 0.000185197
8.675 0.000184984
8.68 0.000184772
8.685 0.000184559
8.69 0.000184348
8.695 0.000184136
8.7 0.000183925
8.705 0.000183715
8.71 0.000183505
8.715 0.000183295
8.72 0.000183085
8.725 0.000182876
8.73 0.000182667
8.735 0.000182459
8.74 0.00018225
8.745 0.000182043
8.75 0.000181835
8.755 0.000181628
8.76 0.000181422
8.765 0.000181215
8.77 0.000181009
8.775 0.000180804
8.78 0.000180598
8.785 0.000180393
8.79 0.000180189
8.795 0.000179985
8.8 0.000179781
8.805 0.000179577
8.81 0.000179374
8.815 0.000179171
8.82 0.000178968
8.825 0.000178766
8.83 0.000178564
8.835 0.000178363
8.84 0.000178162
8.845 0.000177961
8.85 0.000177761
8.855 0.00017756
8.86 0.000177361
8.865 0.000177161
8.87 0.000176962
8.875 0.000176763
8.88 0.000176565
8.885 0.000176367
8.89 0.000176169
8.895 0.000175971
8.9 0.000175774
8.905 0.000175578
8.91 0.000175381
8.915 0.000175185
8.92 0.000174989
8.925 0.000174794
8.93 0.000174599
8.935 0.000174404
8.94 0.000174209
8.945 0.000174015
8.95 0.000173821
8.955 0.000173628
8.96 0.000173435
8.965 0.000173242
8.97 0.000173049
8.975 0.000172857
8.98 0.000172665
8.985 0.000172473
8.99 0.000172282
8.995 0.000172091
9 0.000171901
9.005 0.00017171
9.01 0.00017152
9.015 0.00017133
9.02 0.000171141
9.025 0.000170952
9.03 0.000170763
9.035 0.000170575
9.04 0.000170387
9.045 0.000170199
9.05 0.000170011
9.055 0.000169824
9.06 0.000169637
9.065 0.000169451
9.07 0.000169265
9.075 0.000169079
9.08 0.000168893
9.085 0.000168708
9.09 0.000168523
9.095 0.000168338
9.1 0.000168153
9.105 0.000167969
9.11 0.000167785
9.115 0.000167602
9.12 0.000167419
9.125 0.000167236
9.13 0.000167053
9.135 0.000166871
9.14 0.000166689
9.145 0.000166507
9.15 0.000166326
9.155 0.000166144
9.16 0.000165964
9.165 0.000165783
9.17 0.000165603
9.175 0.000165423
9.18 0.000165243
9.185 0.000165064
9.19 0.000164885
9.195 0.000164706
9.2 0.000164527
9.205 0.000164349
9.21 0.000164171
9.215 0.000163994
9.22 0.000163816
9.225 0.000163639
9.23 0.000163462
9.235 0.000163286
9.24 0.00016311
9.245 0.000162934
9.25 0.000162758
9.255 0.000162583
9.26 0.000162408
9.265 0.000162233
9.27 0.000162058
9.275 0.000161884
9.28 0.00016171
9.285 0.000161537
9.29 0.000161363
9.295 0.00016119
9.3 0.000161017
9.305 0.000160845
9.31 0.000160673
9.315 0.000160501
9.32 0.000160329
9.325 0.000160157
9.33 0.000159986
9.335 0.000159815
9.34 0.000159645
9.345 0.000159474
9.35 0.000159304
9.355 0.000159135
9.36 0.000158965
9.365 0.000158796
9.37 0.000158627
9.375 0.000158458
9.38 0.00015829
9.385 0.000158121
9.39 0.000157954
9.395 0.000157786
9.4 0.000157619
9.405 0.000157451
9.41 0.000157285
9.415 0.000157118
9.42 0.000156952
9.425 0.000156786
9.43 0.00015662
9.435 0.000156454
9.44 0.000156289
9.445 0.000156124
9.45 0.000155959
9.455 0.000155795
9.46 0.000155631
9.465 0.000155467
9.47 0.000155303
9.475 0.00015514
9.48 0.000154976
9.485 0.000154813
9.49 0.000154651
9.495 0.000154488
9.5 0.000154326
9.505 0.000154164
9.51 0.000154003
9.515 0.000153841
9.52 0.00015368
9.525 0.000153519
9.53 0.000153359
9.535 0.000153198
9.54 0.000153038
9.545 0.000152878
9.55 0.000152719
9.555 0.000152559
9.56 0.0001524
9.565 0.000152241
9.57 0.000152083
9.575 0.000151924
9.58 0.000151766
9.585 0.000151608
9.59 0.000151451
9.595 0.000151293
9.6 0.000151136
9.605 0.000150979
9.61 0.000150822
9.615 0.000150666
9.62 0.00015051
9.625 0.000150354
9.63 0.000150198
9.635 0.000150043
9.64 0.000149888
9.645 0.000149733
9.65 0.000149578
9.655 0.000149423
9.66 0.000149269
9.665 0.000149115
9.67 0.000148961
9.675 0.000148808
9.68 0.000148654
9.685 0.000148501
9.69 0.000148349
9.695 0.000148196
9.7 0.000148044
9.705 0.000147892
9.71 0.00014774
9.715 0.000147588
9.72 0.000147437
9.725 0.000147285
9.73 0.000147134
9.735 0.000146984
9.74 0.000146833
9.745 0.000146683
9.75 0.000146533
9.755 0.000146383
9.76 0.000146234
9.765 0.000146084
9.77 0.000145935
9.775 0.000145786
9.78 0.000145638
9.785 0.000145489
9.79 0.000145341
9.795 0.000145193
9.8 0.000145045
9.805 0.000144898
9.81 0.00014475
9.815 0.000144603
9.82 0.000144456
9.825 0.00014431
9.83 0.000144163
9.835 0.000144017
9.84 0.000143871
9.845 0.000143726
9.85 0.00014358
9.855 0.000143435
9.86 0.00014329
9.865 0.000143145
9.87 0.000143
9.875 0.000142856
9.88 0.000142712
9.885 0.000142568
9.89 0.000142424
9.895 0.00014228
9.9 0.000142137
9.905 0.000141994
9.91 0.000141851
9.915 0.000141708
9.92 0.000141566
9.925 0.000141424
9.93 0.000141282
9.935 0.00014114
9.94 0.000140998
9.945 0.000140857
9.95 0.000140716
9.955 0.000140575
9.96 0.000140434
9.965 0.000140293
9.97 0.000140153
9.975 0.000140013
9.98 0.000139873
9.985 0.000139733
9.99 0.000139594
9.995 0.000139454
