0 -nan
0.005 0.981285
0.01 0.446458
0.015 0.0862457
0.02 0.139182
0.025 0.828183
0.03 0.031071
0.035 0.0471024
0.04 0.538904
0.045 0.0406764
0.05 0.419159
0.055 0.116672
0.06 0.0528817
0.065 0.77622
0.07 0.0648764
0.075 0.514385
0.08 0.639379
0.085 0.448386
0.09 0.0729904
0.095 0.196396
0.1 0.717008
0.105 0.0696513
0.11 0.527542
0.115 0.127035
0.12 0.552553
0.125 0.00328585
0.13 0.536501
0.135 0.251191
0.14 0.0542234
0.145 0.500914
0.15 0.355723
0.155 0.00865239
0.16 0.209826
0.165 0.50376
0.17 0.368513
0.175 0.0653698
0.18 0.0390842
0.185 0.285445
0.19 0.483875
0.195 0.431498
0.2 0.208962
0.205 0.0301123
0.21 0.031098
0.215 0.189441
0.22 0.381354
0.225 0.486006
0.23 0.454735
0.235 0.318831
0.24 0.154312
0.245 0.0364198
0.25 0.00809857
0.255 0.0708375
0.26 0.193746
0.265 0.331357
0.27 0.44116
0.275 0.49538
0.28 0.485341
0.285 0.419586
0.29 0.318203
0.295 0.205939
0.3 0.106063
0.305 0.0360967
0.31 0.00571844
0.315 0.016625
0.32 0.0637956
0.325 0.137546
0.33 0.225812
0.335 0.316245
0.34 0.397864
0.345 0.462154
0.35 0.503614
0.355 0.519831
0.36 0.511195
0.365 0.480379
0.37 0.431702
0.375 0.37047
0.38 0.302357
0.385 0.232895
0.39 0.167067
0.395 0.109028
0.4 0.0619519
0.405 0.0279655
0.41 0.00817975
0.415 0.00277467
0.42 0.0111297
0.425 0.0319772
0.43 0.0635655
0.435 0.103818
0.44 0.150483
0.445 0.201261
0.45 0.253917
0.455 0.306367
0.46 0.356743
0.465 0.403437
0.47 0.44513
0.475 0.480796
0.48 0.509705
0.485 0.531405
0.49 0.545704
0.495 0.552637
0.5 0.552442
0.505 0.545525
0.51 0.532425
0.515 0.513788
0.52 0.490331
0.525 0.46282
0.53 0.432043
0.535 0.398789
0.54 0.363831
0.545 0.327909
0.55 0.291718
0.555 0.255902
0.56 0.221042
0.565 0.187657
0.57 0.156198
0.575 0.127047
0.58 0.100521
0.585 0.0768705
0.59 0.0562846
0.595 0.0388936
0.6 0.0247737
0.605 0.0139516
0.61 0.00640893
0.615 0.00208783
0.62 0.000895358
0.625 0.0027086
0.63 0.00737925
0.635 0.0147381
0.64 0.0245993
0.645 0.0367642
0.65 0.0510249
0.655 0.0671675
0.66 0.0849754
0.665 0.104231
0.67 0.124721
0.675 0.146232
0.68 0.168559
0.685 0.191505
0.69 0.21488
0.695 0.238503
0.7 0.262205
0.705 0.285825
0.71 0.309215
0.715 0.332239
0.72 0.35477
0.725 0.376696
0.73 0.397912
0.735 0.418328
0.74 0.437862
0.745 0.456445
0.75 0.474016
0.755 0.490525
0.76 0.50593
0.765 0.520198
0.77 0.533306
0.775 0.545235
0.78 0.555977
0.785 0.565528
0.79 0.57389
0.795 0.581073
0.8 0.587089
0.805 0.591958
0.81 0.5957
0.815 0.598341
0.82 0.599912
0.825 0.600443
0.83 0.59997
0.835 0.598528
0.84 0.596157
0.845 0.592895
0.85 0.588783
0.855 0.583864
0.86 0.57818
0.865 0.571774
0.87 0.564688
0.875 0.556966
0.88 0.54865
0.885 0.539783
0.89 0.530407
0.895 0.520564
0.9 0.510293
0.905 0.499635
0.91 0.488629
0.915 0.477312
0.92 0.465721
0.925 0.453892
0.93 0.44186
0.935 0.429658
0.94 0.417317
0.945 0.40487
0.95 0.392344
0.955 0.37977
0.96 0.367173
0.965 0.354579
0.97 0.342014
0.975 0.3295
0.98 0.317059
0.985 0.304712
0.99 0.292479
0.995 0.280378
1 0.268426
1.005 0.25664
1.01 0.245034
1.015 0.233622
1.02 0.222418
1.025 0.211433
1.03 0.200679
1.035 0.190164
1.04 0.179899
1.045 0.169892
1.05 0.16015
1.055 0.15068
1.06 0.141487
1.065 0.132578
1.07 0.123955
1.075 0.115623
1.08 0.107585
1.085 0.099844
1.09 0.0924013
1.095 0.0852584
1.1 0.0784163
1.105 0.0718753
1.11 0.0656354
1.115 0.0596961
1.12 0.0540563
1.125 0.0487149
1.13 0.0436701
1.135 0.0389199
1.14 0.034462
1.145 0.0302939
1.15 0.0264126
1.155 0.022815
1.16 0.0194976
1.165 0.0164571
1.17 0.0136894
1.175 0.0111908
1.18 0.00895697
1.185 0.00698375
1.19 0.00526671
1.195 0.00380131
1.2 0.00258292
1.205 0.00160679
1.21 0.000868133
1.215 0.000362044
1.22 8.35827e-05
1.225 2.77528e-05
1.23 0.000189517
1.235 0.000563808
1.24 0.00114553
1.245 0.00192959
1.25 0.00291086
1.255 0.00408424
1.26 0.00544461
1.265 0.00698688
1.27 0.00870597
1.275 0.0105968
1.28 0.0126545
1.285 0.0148739
1.29 0.0172501
1.295 0.0197782
1.3 0.0224533
1.305 0.0252707
1.31 0.0282256
1.315 0.0313132
1.32 0.034529
1.325 0.0378683
1.33 0.0413266
1.335 0.0448996
1.34 0.0485826
1.345 0.0523716
1.35 0.0562621
1.355 0.0602501
1.36 0.0643314
1.365 0.0685019
1.37 0.0727578
1.375 0.0770951
1.38 0.08151
1.385 0.0859988
1.39 0.0905579
1.395 0.0951835
1.4 0.0998723
1.405 0.104621
1.41 0.109425
1.415 0.114283
1.42 0.119191
1.425 0.124145
1.43 0.129143
1.435 0.134181
1.44 0.139257
1.445 0.144368
1.45 0.149511
1.455 0.154684
1.46 0.159883
1.465 0.165106
1.47 0.170351
1.475 0.175615
1.48 0.180896
1.485 0.186191
1.49 0.191499
1.495 0.196817
1.5 0.202143
1.505 0.207475
1.51 0.21281
1.515 0.218148
1.52 0.223486
1.525 0.228823
1.53 0.234156
1.535 0.239484
1.54 0.244805
1.545 0.250117
1.55 0.25542
1.555 0.260712
1.56 0.26599
1.565 0.271255
1.57 0.276504
1.575 0.281736
1.58 0.286949
1.585 0.292144
1.59 0.297318
1.595 0.30247
1.6 0.3076
1.605 0.312706
1.61 0.317788
1.615 0.322843
1.62 0.327872
1.625 0.332874
1.63 0.337847
1.635 0.342791
1.64 0.347706
1.645 0.352589
1.65 0.357442
1.655 0.362262
1.66 0.36705
1.665 0.371804
1.67 0.376525
1.675 0.381211
1.68 0.385862
1.685 0.390478
1.69 0.395058
1.695 0.399601
1.7 0.404108
1.705 0.408578
1.71 0.41301
1.715 0.417404
1.72 0.421761
1.725 0.426078
1.73 0.430357
1.735 0.434597
1.74 0.438798
1.745 0.442959
1.75 0.447081
1.755 0.451162
1.76 0.455204
1.765 0.459205
1.77 0.463166
1.775 0.467087
1.78 0.470967
1.785 0.474807
1.79 0.478606
1.795 0.482364
1.8 0.486082
1.805 0.489758
1.81 0.493394
1.815 0.496989
1.82 0.500544
1.825 0.504057
1.83 0.50753
1.835 0.510962
1.84 0.514354
1.845 0.517704
1.85 0.521015
1.855 0.524285
1.86 0.527514
1.865 0.530704
1.87 0.533853
1.875 0.536963
1.88 0.540032
1.885 0.543062
1.89 0.546052
1.895 0.549003
1.9 0.551914
1.905 0.554786
1.91 0.55762
1.915 0.560414
1.92 0.56317
1.925 0.565887
1.93 0.568567
1.935 0.571208
1.94 0.573811
1.945 0.576377
1.95 0.578905
1.955 0.581396
1.96 0.58385
1.965 0.586267
1.97 0.588648
1.975 0.590992
1.98 0.5933
1.985 0.595572
1.99 0.597809
1.995 0.60001
2 0.602176
2.005 0.604307
2.01 0.606403
2.015 0.608465
2.02 0.610492
2.025 0.612486
2.03 0.614446
2.035 0.616372
2.04 0.618265
2.045 0.620125
2.05 0.621953
2.055 0.623748
2.06 0.62551
2.065 0.627241
2.07 0.62894
2.075 0.630608
2.08 0.632244
2.085 0.63385
2.09 0.635425
2.095 0.636969
2.1 0.638484
2.105 0.639968
2.11 0.641423
2.115 0.642848
2.12 0.644245
2.125 0.645612
2.13 0.646951
2.135 0.648262
2.14 0.649544
2.145 0.650799
2.15 0.652026
2.155 0.653226
2.16 0.654399
2.165 0.655545
2.17 0.656664
2.175 0.657757
2.18 0.658824
2.185 0.659865
2.19 0.660881
2.195 0.661872
2.2 0.662837
2.205 0.663778
2.21 0.664694
2.215 0.665586
2.22 0.666454
2.225 0.667297
2.23 0.668118
2.235 0.668915
2.24 0.669689
2.245 0.67044
2.25 0.671168
2.255 0.671875
2.26 0.672558
2.265 0.673221
2.27 0.673861
2.275 0.67448
2.28 0.675077
2.285 0.675654
2.29 0.67621
2.295 0.676745
2.3 0.67726
2.305 0.677755
2.31 0.67823
2.315 0.678686
2.32 0.679122
2.325 0.679538
2.33 0.679936
2.335 0.680315
2.34 0.680675
2.345 0.681017
2.35 0.681341
2.355 0.681646
2.36 0.681934
2.365 0.682205
2.37 0.682458
2.375 0.682693
2.38 0.682912
2.385 0.683114
2.39 0.6833
2.395 0.683469
2.4 0.683622
2.405 0.683759
2.41 0.68388
2.415 0.683985
2.42 0.684075
2.425 0.68415
2.43 0.68421
2.435 0.684254
2.44 0.684285
2.445 0.6843
2.45 0.684301
2.455 0.684288
2.46 0.684261
2.465 0.68422
2.47 0.684166
2.475 0.684098
2.48 0.684016
2.485 0.683922
2.49 0.683814
2.495 0.683694
2.5 0.683561
2.505 0.683415
2.51 0.683257
2.515 0.683087
2.52 0.682905
2.525 0.682711
2.53 0.682505
2.535 0.682287
2.54 0.682059
2.545 0.681818
2.55 0.681567
2.555 0.681305
2.56 0.681031
2.565 0.680747
2.57 0.680453
2.575 0.680148
2.58 0.679833
2.585 0.679507
2.59 0.679172
2.595 0.678826
2.6 0.678471
2.605 0.678107
2.61 0.677732
2.615 0.677349
2.62 0.676956
2.625 0.676554
2.63 0.676143
2.635 0.675723
2.64 0.675294
2.645 0.674857
2.65 0.674412
2.655 0.673957
2.66 0.673495
2.665 0.673025
2.67 0.672546
2.675 0.672059
2.68 0.671565
2.685 0.671063
2.69 0.670554
2.695 0.670037
2.7 0.669512
2.705 0.668981
2.71 0.668442
2.715 0.667896
2.72 0.667343
2.725 0.666783
2.73 0.666217
2.735 0.665644
2.74 0.665064
2.745 0.664478
2.75 0.663886
2.755 0.663287
2.76 0.662682
2.765 0.662071
2.77 0.661455
2.775 0.660832
2.78 0.660203
2.785 0.659569
2.79 0.658929
2.795 0.658284
2.8 0.657633
2.805 0.656977
2.81 0.656316
2.815 0.655649
2.82 0.654978
2.825 0.654301
2.83 0.65362
2.835 0.652933
2.84 0.652242
2.845 0.651546
2.85 0.650846
2.855 0.650141
2.86 0.649431
2.865 0.648717
2.87 0.647999
2.875 0.647277
2.88 0.64655
2.885 0.64582
2.89 0.645085
2.895 0.644346
2.9 0.643604
2.905 0.642858
2.91 0.642108
2.915 0.641354
2.92 0.640597
2.925 0.639836
2.93 0.639072
2.935 0.638304
2.94 0.637533
2.945 0.636758
2.95 0.635981
2.955 0.6352
2.96 0.634416
2.965 0.63363
2.97 0.63284
2.975 0.632047
2.98 0.631251
2.985 0.630453
2.99 0.629652
2.995 0.628848
3 0.628041
3.005 0.627232
3.01 0.626421
3.015 0.625607
3.02 0.62479
3.025 0.623971
3.03 0.62315
3.035 0.622327
3.04 0.621501
3.045 0.620673
3.05 0.619843
3.055 0.619011
3.06 0.618177
3.065 0.617341
3.07 0.616503
3.075 0.615663
3.08 0.614821
3.085 0.613978
3.09 0.613133
3.095 0.612286
3.1 0.611437
3.105 0.610587
3.11 0.609735
3.115 0.608882
3.12 0.608027
3.125 0.607171
3.13 0.606313
3.135 0.605454
3.14 0.604594
3.145 0.603732
3.15 0.602869
3.155 0.602005
3.16 0.60114
3.165 0.600273
3.17 0.599406
3.175 0.598537
3.18 0.597668
3.185 0.596797
3.19 0.595925
3.195 0.595053
3.2 0.59418
3.205 0.593305
3.21 0.59243
3.215 0.591554
3.22 0.590678
3.225 0.5898
3.23 0.588922
3.235 0.588044
3.24 0.587164
3.245 0.586284
3.25 0.585404
3.255 0.584523
3.26 0.583641
3.265 0.582759
3.27 0.581877
3.275 0.580994
3.28 0.58011
3.285 0.579227
3.29 0.578343
3.295 0.577458
3.3 0.576574
3.305 0.575689
3.31 0.574804
3.315 0.573918
3.32 0.573033
3.325 0.572147
3.33 0.571261
3.335 0.570375
3.34 0.569489
3.345 0.568603
3.35 0.567716
3.355 0.56683
3.36 0.565944
3.365 0.565058
3.37 0.564171
3.375 0.563285
3.38 0.562399
3.385 0.561513
3.39 0.560628
3.395 0.559742
3.4 0.558856
3.405 0.557971
3.41 0.557086
3.415 0.556201
3.42 0.555316
3.425 0.554432
3.43 0.553548
3.435 0.552664
3.44 0.551781
3.445 0.550898
3.45 0.550015
3.455 0.549132
3.46 0.54825
3.465 0.547369
3.47 0.546488
3.475 0.545607
3.48 0.544727
3.485 0.543847
3.49 0.542968
3.495 0.542089
3.5 0.541211
3.505 0.540333
3.51 0.539456
3.515 0.538579
3.52 0.537703
3.525 0.536827
3.53 0.535952
3.535 0.535078
3.54 0.534205
3.545 0.533332
3.55 0.532459
3.555 0.531588
3.56 0.530717
3.565 0.529847
3.57 0.528977
3.575 0.528108
3.58 0.52724
3.585 0.526373
3.59 0.525506
3.595 0.52464
3.6 0.523775
3.605 0.522911
3.61 0.522048
3.615 0.521185
3.62 0.520323
3.625 0.519462
3.63 0.518602
3.635 0.517743
3.64 0.516885
3.645 0.516027
3.65 0.515171
3.655 0.514315
3.66 0.51346
3.665 0.512606
3.67 0.511753
3.675 0.510901
3.68 0.51005
3.685 0.5092
3.69 0.508351
3.695 0.507503
3.7 0.506656
3.705 0.505809
3.71 0.504964
3.715 0.50412
3.72 0.503277
3.725 0.502435
3.73 0.501593
3.735 0.500753
3.74 0.499914
3.745 0.499076
3.75 0.498239
3.755 0.497403
3.76 0.496568
3.765 0.495734
3.77 0.494902
3.775 0.49407
3.78 0.493239
3.785 0.49241
3.79 0.491582
3.795 0.490754
3.8 0.489928
3.805 0.489103
3.81 0.488279
3.815 0.487457
3.82 0.486635
3.825 0.485814
3.83 0.484995
3.835 0.484177
3.84 0.48336
3.845 0.482544
3.85 0.48173
3.855 0.480916
3.86 0.480104
3.865 0.479293
3.87 0.478483
3.875 0.477674
3.88 0.476866
3.885 0.47606
3.89 0.475255
3.895 0.474451
3.9 0.473648
3.905 0.472847
3.91 0.472046
3.915 0.471247
3.92 0.470449
3.925 0.469653
3.93 0.468857
3.935 0.468063
3.94 0.46727
3.945 0.466479
3.95 0.465688
3.955 0.464899
3.96 0.464111
3.965 0.463325
3.97 0.462539
3.975 0.461755
3.98 0.460972
3.985 0.46019
3.99 0.45941
3.995 0.458631
4 0.457853
4.005 0.457077
4.01 0.456302
4.015 0.455528
4.02 0.454755
4.025 0.453983
4.03 0.453213
4.035 0.452445
4.04 0.451677
4.045 0.450911
4.05 0.450146
4.055 0.449382
4.06 0.44862
4.065 0.447859
4.07 0.447099
4.075 0.446341
4.08 0.445583
4.085 0.444828
4.09 0.444073
4.095 0.44332
4.1 0.442568
4.105 0.441817
4.11 0.441068
4.115 0.44032
4.12 0.439573
4.125 0.438828
4.13 0.438084
4.135 0.437341
4.14 0.4366
4.145 0.43586
4.15 0.435121
4.155 0.434383
4.16 0.433647
4.165 0.432912
4.17 0.432179
4.175 0.431447
4.18 0.430716
4.185 0.429986
4.19 0.429258
4.195 0.428531
4.2 0.427806
4.205 0.427081
4.21 0.426358
4.215 0.425637
4.22 0.424916
4.225 0.424197
4.23 0.42348
4.235 0.422764
4.24 0.422049
4.245 0.421335
4.25 0.420622
4.255 0.419911
4.26 0.419202
4.265 0.418493
4.27 0.417786
4.275 0.417081
4.28 0.416376
4.285 0.415673
4.29 0.414971
4.295 0.414271
4.3 0.413572
4.305 0.412874
4.31 0.412177
4.315 0.411482
4.32 0.410788
4.325 0.410096
4.33 0.409404
4.335 0.408715
4.34 0.408026
4.345 0.407339
4.35 0.406653
4.355 0.405968
4.36 0.405285
4.365 0.404603
4.37 0.403922
4.375 0.403243
4.38 0.402564
4.385 0.401888
4.39 0.401212
4.395 0.400538
4.4 0.399865
4.405 0.399194
4.41 0.398523
4.415 0.397854
4.42 0.397187
4.425 0.39652
4.43 0.395855
4.435 0.395191
4.44 0.394529
4.445 0.393868
4.45 0.393208
4.455 0.392549
4.46 0.391892
4.465 0.391236
4.47 0.390581
4.475 0.389928
4.48 0.389276
4.485 0.388625
4.49 0.387975
4.495 0.387327
4.5 0.38668
4.505 0.386034
4.51 0.38539
4.515 0.384747
4.52 0.384105
4.525 0.383464
4.53 0.382825
4.535 0.382187
4.54 0.38155
4.545 0.380915
4.55 0.38028
4.555 0.379647
4.56 0.379016
4.565 0.378385
4.57 0.377756
4.575 0.377128
4.58 0.376501
4.585 0.375876
4.59 0.375252
4.595 0.374629
4.6 0.374007
4.605 0.373387
4.61 0.372768
4.615 0.37215
4.62 0.371533
4.625 0.370917
4.63 0.370303
4.635 0.36969
4.64 0.369079
4.645 0.368468
4.65 0.367859
4.655 0.367251
4.66 0.366644
4.665 0.366039
4.67 0.365434
4.675 0.364831
4.68 0.364229
4.685 0.363629
4.69 0.363029
4.695 0.362431
4.7 0.361834
4.705 0.361238
4.71 0.360644
4.715 0.36005
4.72 0.359458
4.725 0.358867
4.73 0.358277
4.735 0.357689
4.74 0.357101
4.745 0.356515
4.75 0.35593
4.755 0.355347
4.76 0.354764
4.765 0.354183
4.77 0.353602
4.775 0.353023
4.78 0.352446
4.785 0.351869
4.79 0.351294
4.795 0.350719
4.8 0.350146
4.805 0.349574
4.81 0.349004
4.815 0.348434
4.82 0.347866
4.825 0.347298
4.83 0.346732
4.835 0.346168
4.84 0.345604
4.845 0.345041
4.85 0.34448
4.855 0.34392
4.86 0.34336
4.865 0.342802
4.87 0.342246
4.875 0.34169
4.88 0.341135
4.885 0.340582
4.89 0.34003
4.895 0.339479
4.9 0.338929
4.905 0.33838
4.91 0.337832
4.915 0.337286
4.92 0.33674
4.925 0.336196
4.93 0.335653
4.935 0.335111
4.94 0.33457
4.945 0.33403
4.95 0.333491
4.955 0.332954
4.96 0.332417
4.965 0.331882
4.97 0.331347
4.975 0.330814
4.98 0.330282
4.985 0.329751
4.99 0.329221
4.995 0.328693
5 0.328165
5.005 0.327638
5.01 0.327113
5.015 0.326588
5.02 0.326065
5.025 0.325543
5.03 0.325022
5.035 0.324502
5.04 0.323983
5.045 0.323465
5.05 0.322948
5.055 0.322432
5.06 0.321917
5.065 0.321404
5.07 0.320891
5.075 0.32038
5.08 0.319869
5.085 0.31936
5.09 0.318852
5.095 0.318344
5.1 0.317838
5.105 0.317333
5.11 0.316829
5.115 0.316326
5.12 0.315824
5.125 0.315323
5.13 0.314823
5.135 0.314324
5.14 0.313826
5.145 0.313329
5.15 0.312833
5.155 0.312338
5.16 0.311844
5.165 0.311352
5.17 0.31086
5.175 0.310369
5.18 0.30988
5.185 0.309391
5.19 0.308903
5.195 0.308416
5.2 0.307931
5.205 0.307446
5.21 0.306963
5.215 0.30648
5.22 0.305998
5.225 0.305518
5.23 0.305038
5.235 0.304559
5.24 0.304082
5.245 0.303605
5.25 0.303129
5.255 0.302655
5.26 0.302181
5.265 0.301708
5.27 0.301236
5.275 0.300766
5.28 0.300296
5.285 0.299827
5.29 0.299359
5.295 0.298892
5.3 0.298426
5.305 0.297961
5.31 0.297497
5.315 0.297034
5.32 0.296572
5.325 0.296111
5.33 0.295651
5.335 0.295192
5.34 0.294733
5.345 0.294276
5.35 0.29382
5.355 0.293364
5.36 0.29291
5.365 0.292456
5.37 0.292004
5.375 0.291552
5.38 0.291101
5.385 0.290651
5.39 0.290203
5.395 0.289755
5.4 0.289308
5.405 0.288862
5.41 0.288416
5.415 0.287972
5.42 0.287529
5.425 0.287086
5.43 0.286645
5.435 0.286204
5.44 0.285764
5.445 0.285326
5.45 0.284888
5.455 0.284451
5.46 0.284015
5.465 0.28358
5.47 0.283145
5.475 0.282712
5.48 0.282279
5.485 0.281848
5.49 0.281417
5.495 0.280987
5.5 0.280558
5.505 0.28013
5.51 0.279703
5.515 0.279277
5.52 0.278851
5.525 0.278427
5.53 0.278003
5.535 0.27758
5.54 0.277158
5.545 0.276737
5.55 0.276317
5.555 0.275897
5.56 0.275479
5.565 0.275061
5.57 0.274645
5.575 0.274229
5.58 0.273814
5.585 0.273399
5.59 0.272986
5.595 0.272573
5.6 0.272162
5.605 0.271751
5.61 0.271341
5.615 0.270932
5.62 0.270523
5.625 0.270116
5.63 0.269709
5.635 0.269304
5.64 0.268899
5.645 0.268494
5.65 0.268091
5.655 0.267689
5.66 0.267287
5.665 0.266886
5.67 0.266486
5.675 0.266087
5.68 0.265688
5.685 0.265291
5.69 0.264894
5.695 0.264498
5.7 0.264103
5.705 0.263708
5.71 0.263315
5.715 0.262922
5.72 0.26253
5.725 0.262139
5.73 0.261749
5.735 0.261359
5.74 0.26097
5.745 0.260582
5.75 0.260195
5.755 0.259809
5.76 0.259423
5.765 0.259038
5.77 0.258654
5.775 0.258271
5.78 0.257888
5.785 0.257507
5.79 0.257126
5.795 0.256745
5.8 0.256366
5.805 0.255987
5.81 0.255609
5.815 0.255232
5.82 0.254856
5.825 0.25448
5.83 0.254106
5.835 0.253732
5.84 0.253358
5.845 0.252986
5.85 0.252614
5.855 0.252243
5.86 0.251872
5.865 0.251503
5.87 0.251134
5.875 0.250766
5.88 0.250399
5.885 0.250032
5.89 0.249666
5.895 0.249301
5.9 0.248937
5.905 0.248573
5.91 0.24821
5.915 0.247848
5.92 0.247487
5.925 0.247126
5.93 0.246766
5.935 0.246407
5.94 0.246048
5.945 0.24569
5.95 0.245333
5.955 0.244977
5.96 0.244621
5.965 0.244266
5.97 0.243912
5.975 0.243558
5.98 0.243205
5.985 0.242853
5.99 0.242502
5.995 0.242151
6 0.241801
6.005 0.241452
6.01 0.241103
6.015 0.240755
6.02 0.240408
6.025 0.240062
6.03 0.239716
6.035 0.239371
6.04 0.239026
6.045 0.238682
6.05 0.238339
6.055 0.237997
6.06 0.237655
6.065 0.237314
6.07 0.236974
6.075 0.236634
6.08 0.236295
6.085 0.235957
6.09 0.235619
6.095 0.235282
6.1 0.234946
6.105 0.23461
6.11 0.234275
6.115 0.233941
6.12 0.233607
6.125 0.233274
6.13 0.232942
6.135 0.23261
6.14 0.232279
6.145 0.231949
6.15 0.231619
6.155 0.23129
6.16 0.230962
6.165 0.230634
6.17 0.230307
6.175 0.22998
6.18 0.229654
6.185 0.229329
6.19 0.229005
6.195 0.228681
6.2 0.228358
6.205 0.228035
6.21 0.227713
6.215 0.227392
6.22 0.227071
6.225 0.226751
6.23 0.226431
6.235 0.226113
6.24 0.225794
6.245 0.225477
6.25 0.22516
6.255 0.224844
6.26 0.224528
6.265 0.224213
6.27 0.223898
6.275 0.223584
6.28 0.223271
6.285 0.222959
6.29 0.222647
6.295 0.222335
6.3 0.222024
6.305 0.221714
6.31 0.221405
6.315 0.221096
6.32 0.220787
6.325 0.22048
6.33 0.220172
6.335 0.219866
6.34 0.21956
6.345 0.219255
6.35 0.21895
6.355 0.218646
6.36 0.218342
6.365 0.218039
6.37 0.217737
6.375 0.217435
6.38 0.217134
6.385 0.216833
6.39 0.216533
6.395 0.216233
6.4 0.215934
6.405 0.215636
6.41 0.215338
6.415 0.215041
6.42 0.214745
6.425 0.214449
6.43 0.214153
6.435 0.213858
6.44 0.213564
6.445 0.21327
6.45 0.212977
6.455 0.212685
6.46 0.212393
6.465 0.212101
6.47 0.21181
6.475 0.21152
6.48 0.21123
6.485 0.210941
6.49 0.210652
6.495 0.210364
6.5 0.210077
6.505 0.20979
6.51 0.209503
6.515 0.209217
6.52 0.208932
6.525 0.208647
6.53 0.208363
6.535 0.208079
6.54 0.207796
6.545 0.207513
6.55 0.207231
6.555 0.20695
6.56 0.206669
6.565 0.206388
6.57 0.206109
6.575 0.205829
6.58 0.20555
6.585 0.205272
6.59 0.204994
6.595 0.204717
6.6 0.20444
6.605 0.204164
6.61 0.203888
6.615 0.203613
6.62 0.203339
6.625 0.203065
6.63 0.202791
6.635 0.202518
6.64 0.202245
6.645 0.201973
6.65 0.201702
6.655 0.201431
6.66 0.20116
6.665 0.200891
6.67 0.200621
6.675 0.200352
6.68 0.200084
6.685 0.199816
6.69 0.199548
6.695 0.199282
6.7 0.199015
6.705 0.198749
6.71 0.198484
6.715 0.198219
6.72 0.197955
6.725 0.197691
6.73 0.197427
6.735 0.197165
6.74 0.196902
6.745 0.19664
6.75 0.196379
6.755 0.196118
6.76 0.195858
6.765 0.195598
6.77 0.195338
6.775 0.195079
6.78 0.194821
6.785 0.194563
6.79 0.194305
6.795 0.194048
6.8 0.193792
6.805 0.193536
6.81 0.19328
6.815 0.193025
6.82 0.19277
6.825 0.192516
6.83 0.192263
6.835 0.19201
6.84 0.191757
6.845 0.191505
6.85 0.191253
6.855 0.191002
6.86 0.190751
6.865 0.1905
6.87 0.19025
6.875 0.190001
6.88 0.189752
6.885 0.189504
6.89 0.189256
6.895 0.189008
6.9 0.188761
6.905 0.188514
6.91 0.188268
6.915 0.188022
6.92 0.187777
6.925 0.187532
6.93 0.187288
6.935 0.187044
6.94 0.1868
6.945 0.186557
6.95 0.186315
6.955 0.186073
6.96 0.185831
6.965 0.18559
6.97 0.185349
6.975 0.185109
6.98 0.184869
6.985 0.18463
6.99 0.184391
6.995 0.184152
7 0.183914
7.005 0.183676
7.01 0.183439
7.015 0.183202
7.02 0.182966
7.025 0.18273
7.03 0.182494
7.035 0.182259
7.04 0.182025
7.045 0.18179
7.05 0.181557
7.055 0.181323
7.06 0.18109
7.065 0.180858
7.07 0.180626
7.075 0.180394
7.08 0.180163
7.085 0.179932
7.09 0.179702
7.095 0.179472
7.1 0.179242
7.105 0.179013
7.11 0.178785
7.115 0.178556
7.12 0.178328
7.125 0.178101
7.13 0.177874
7.135 0.177647
7.14 0.177421
7.145 0.177195
7.15 0.17697
7.155 0.176745
7.16 0.176521
7.165 0.176296
7.17 0.176073
7.175 0.175849
7.18 0.175626
7.185 0.175404
7.19 0.175182
7.195 0.17496
7.2 0.174739
7.205 0.174518
7.21 0.174297
7.215 0.174077
7.22 0.173857
7.225 0.173638
7.23 0.173419
7.235 0.173201
7.24 0.172982
7.245 0.172765
7.25 0.172547
7.255 0.17233
7.26 0.172114
7.265 0.171898
7.27 0.171682
7.275 0.171466
7.28 0.171251
7.285 0.171037
7.29 0.170822
7.295 0.170609
7.3 0.170395
7.305 0.170182
7.31 0.169969
7.315 0.169757
7.32 0.169545
7.325 0.169333
7.33 0.169122
7.335 0.168911
7.34 0.168701
7.345 0.168491
7.35 0.168281
7.355 0.168072
7.36 0.167863
7.365 0.167654
7.37 0.167446
7.375 0.167238
7.38 0.167031
7.385 0.166824
7.39 0.166617
7.395 0.166411
7.4 0.166205
7.405 0.165999
7.41 0.165794
7.415 0.165589
7.42 0.165384
7.425 0.16518
7.43 0.164977
7.435 0.164773
7.44 0.16457
7.445 0.164367
7.45 0.164165
7.455 0.163963
7.46 0.163761
7.465 0.16356
7.47 0.163359
7.475 0.163158
7.48 0.162958
7.485 0.162758
7.49 0.162559
7.495 0.16236
7.5 0.162161
7.505 0.161962
7.51 0.161764
7.515 0.161567
7.52 0.161369
7.525 0.161172
7.53 0.160975
7.535 0.160779
7.54 0.160583
7.545 0.160387
7.55 0.160192
7.555 0.159997
7.56 0.159802
7.565 0.159608
7.57 0.159414
7.575 0.15922
7.58 0.159027
7.585 0.158834
7.59 0.158641
7.595 0.158449
7.6 0.158257
7.605 0.158065
7.61 0.157874
7.615 0.157683
7.62 0.157492
7.625 0.157302
7.63 0.157112
7.635 0.156923
7.64 0.156733
7.645 0.156544
7.65 0.156356
7.655 0.156167
7.66 0.155979
7.665 0.155792
7.67 0.155604
7.675 0.155417
7.68 0.155231
7.685 0.155044
7.69 0.154858
7.695 0.154673
7.7 0.154487
7.705 0.154302
7.71 0.154117
7.715 0.153933
7.72 0.153749
7.725 0.153565
7.73 0.153381
7.735 0.153198
7.74 0.153015
7.745 0.152833
7.75 0.152651
7.755 0.152469
7.76 0.152287
7.765 0.152106
7.77 0.151925
7.775 0.151744
7.78 0.151564
7.785 0.151384
7.79 0.151204
7.795 0.151025
7.8 0.150845
7.805 0.150667
7.81 0.150488
7.815 0.15031
7.82 0.150132
7.825 0.149954
7.83 0.149777
7.835 0.1496
7.84 0.149423
7.845 0.149247
7.85 0.149071
7.855 0.148895
7.86 0.14872
7.865 0.148544
7.87 0.14837
7.875 0.148195
7.88 0.148021
7.885 0.147847
7.89 0.147673
7.895 0.1475
7.9 0.147326
7.905 0.147154
7.91 0.146981
7.915 0.146809
7.92 0.146637
7.925 0.146465
7.93 0.146294
7.935 0.146123
7.94 0.145952
7.945 0.145781
7.95 0.145611
7.955 0.145441
7.96 0.145272
7.965 0.145102
7.97 0.144933
7.975 0.144765
7.98 0.144596
7.985 0.144428
7.99 0.14426
7.995 0.144092
8 0.143925
8.005 0.143758
8.01 0.143591
8.015 0.143425
8.02 0.143258
8.025 0.143092
8.03 0.142927
8.035 0.142761
8.04 0.142596
8.045 0.142431
8.05 0.142267
8.055 0.142102
8.06 0.141938
8.065 0.141775
8.07 0.141611
8.075 0.141448
8.08 0.141285
8.085 0.141122
8.09 0.14096
8.095 0.140798
8.1 0.140636
8.105 0.140474
8.11 0.140313
8.115 0.140152
8.12 0.139991
8.125 0.139831
8.13 0.139671
8.135 0.139511
8.14 0.139351
8.145 0.139191
8.15 0.139032
8.155 0.138873
8.16 0.138715
8.165 0.138556
8.17 0.138398
8.175 0.13824
8.18 0.138083
8.185 0.137925
8.19 0.137768
8.195 0.137611
8.2 0.137455
8.205 0.137299
8.21 0.137143
8.215 0.136987
8.22 0.136831
8.225 0.136676
8.23 0.136521
8.235 0.136366
8.24 0.136212
8.245 0.136057
8.25 0.135903
8.255 0.13575
8.26 0.135596
8.265 0.135443
8.27 0.13529
8.275 0.135137
8.28 0.134985
8.285 0.134832
8.29 0.13468
8.295 0.134529
8.3 0.134377
8.305 0.134226
8.31 0.134075
8.315 0.133924
8.32 0.133774
8.325 0.133623
8.33 0.133473
8.335 0.133324
8.34 0.133174
8.345 0.133025
8.35 0.132876
8.355 0.132727
8.36 0.132578
8.365 0.13243
8.37 0.132282
8.375 0.132134
8.38 0.131986
8.385 0.131839
8.39 0.131692
8.395 0.131545
8.4 0.131398
8.405 0.131252
8.41 0.131106
8.415 0.13096
8.42 0.130814
8.425 0.130669
8.43 0.130524
8.435 0.130379
8.44 0.130234
8.445 0.130089
8.45 0.129945
8.455 0.129801
8.46 0.129657
8.465 0.129514
8.47 0.12937
8.475 0.129227
8.48 0.129084
8.485 0.128941
8.49 0.128799
8.495 0.128657
8.5 0.128515
8.505 0.128373
8.51 0.128232
8.515 0.12809
8.52 0.127949
8.525 0.127808
8.53 0.127668
8.535 0.127527
8.54 0.127387
8.545 0.127247
8.55 0.127107
8.555 0.126968
8.56 0.126829
8.565 0.12669
8.57 0.126551
8.575 0.126412
8.58 0.126274
8.585 0.126136
8.59 0.125998
8.595 0.12586
8.6 0.125722
8.605 0.125585
8.61 0.125448
8.615 0.125311
8.62 0.125175
8.625 0.125038
8.63 0.124902
8.635 0.124766
8.64 0.12463
8.645 0.124495
8.65 0.124359
8.655 0.124224
8.66 0.124089
8.665 0.123954
8.67 0.12382
8.675 0.123686
8.68 0.123552
8.685 0.123418
8.69 0.123284
8.695 0.123151
8.7 0.123017
8.705 0.122884
8.71 0.122752
8.715 0.122619
8.72 0.122487
8.725 0.122355
8.73 0.122223
8.735 0.122091
8.74 0.121959
8.745 0.121828
8.75 0.121697
8.755 0.121566
8.76 0.121435
8.765 0.121305
8.77 0.121174
8.775 0.121044
8.78 0.120914
8.785 0.120784
8.79 0.120655
8.795 0.120526
8.8 0.120397
8.805 0.120268
8.81 0.120139
8.815 0.12001
8.82 0.119882
8.825 0.119754
8.83 0.119626
8.835 0.119498
8.84 0.119371
8.845 0.119244
8.85 0.119117
8.855 0.11899
8.86 0.118863
8.865 0.118736
8.87 0.11861
8.875 0.118484
8.88 0.118358
8.885 0.118232
8.89 0.118107
8.895 0.117981
8.9 0.117856
8.905 0.117731
8.91 0.117607
8.915 0.117482
8.92 0.117358
8.925 0.117234
8.93 0.11711
8.935 0.116986
8.94 0.116862
8.945 0.116739
8.95 0.116615
8.955 0.116492
8.96 0.11637
8.965 0.116247
8.97 0.116124
8.975 0.116002
8.98 0.11588
8.985 0.115758
8.99 0.115636
8.995 0.115515
9 0.115394
9.005 0.115272
9.01 0.115151
9.015 0.115031
9.02 0.11491
9.025 0.11479
9.03 0.114669
9.035 0.114549
9.04 0.11443
9.045 0.11431
9.05 0.11419
9.055 0.114071
9.06 0.113952
9.065 0.113833
9.07 0.113714
9.075 0.113596
9.08 0.113477
9.085 0.113359
9.09 0.113241
9.095 0.113123
9.1 0.113005
9.105 0.112888
9.11 0.11277
9.115 0.112653
9.12 0.112536
9.125 0.11242
9.13 0.112303
9.135 0.112186
9.14 0.11207
9.145 0.111954
9.15 0.111838
9.155 0.111722
9.16 0.111607
9.165 0.111492
9.17 0.111376
9.175 0.111261
9.18 0.111146
9.185 0.111032
9.19 0.110917
9.195 0.110803
9.2 0.110689
9.205 0.110575
9.21 0.110461
9.215 0.110347
9.22 0.110234
9.225 0.11012
9.23 0.110007
9.235 0.109894
9.24 0.109781
9.245 0.109669
9.25 0.109556
9.255 0.109444
9.26 0.109332
9.265 0.10922
9.27 0.109108
9.275 0.108996
9.28 0.108885
9.285 0.108774
9.29 0.108663
9.295 0.108552
9.3 0.108441
9.305 0.10833
9.31 0.10822
9.315 0.108109
9.32 0.107999
9.325 0.107889
9.33 0.107779
9.335 0.10767
9.34 0.10756
9.345 0.107451
9.35 0.107342
9.355 0.107233
9.36 0.107124
9.365 0.107015
9.37 0.106907
9.375 0.106799
9.38 0.10669
9.385 0.106582
9.39 0.106474
9.395 0.106367
9.4 0.106259
9.405 0.106152
9.41 0.106045
9.415 0.105937
9.42 0.105831
9.425 0.105724
9.43 0.105617
9.435 0.105511
9.44 0.105404
9.445 0.105298
9.45 0.105192
9.455 0.105087
9.46 0.104981
9.465 0.104875
9.47 0.10477
9.475 0.104665
9.48 0.10456
9.485 0.104455
9.49 0.10435
9.495 0.104246
9.5 0.104141
9.505 0.104037
9.51 0.103933
9.515 0.103829
9.52 0.103725
9.525 0.103621
9.53 0.103518
9.535 0.103415
9.54 0.103311
9.545 0.103208
9.55 0.103105
9.555 0.103003
9.56 0.1029
9.565 0.102798
9.57 0.102695
9.575 0.102593
9.58 0.102491
9.585 0.102389
9.59 0.102288
9.595 0.102186
9.6 0.102085
9.605 0.101983
9.61 0.101882
9.615 0.101781
9.62 0.10168
9.625 0.10158
9.63 0.101479
9.635 0.101379
9.64 0.101279
9.645 0.101179
9.65 0.101079
9.655 0.100979
9.66 0.100879
9.665 0.10078
9.67 0.10068
9.675 0.100581
9.68 0.100482
9.685 0.100383
9.69 0.100284
9.695 0.100186
9.7 0.100087
9.705 0.0999886
9.71 0.0998904
9.715 0.0997923
9.72 0.0996944
9.725 0.0995966
9.73 0.0994989
9.735 0.0994014
9.74 0.099304
9.745 0.0992067
9.75 0.0991096
9.755 0.0990127
9.76 0.0989159
9.765 0.0988192
9.77 0.0987226
9.775 0.0986262
9.78 0.0985299
9.785 0.0984338
9.79 0.0983378
9.795 0.098242
9.8 0.0981462
9.805 0.0980507
9.81 0.0979552
9.815 0.0978599
9.82 0.0977647
9.825 0.0976697
9.83 0.0975748
9.835 0.09748
9.84 0.0973854
9.845 0.0972909
9.85 0.0971965
9.855 0.0971023
9.86 0.0970082
9.865 0.0969142
9.87 0.0968204
9.875 0.0967267
9.88 0.0966331
9.885 0.0965397
9.89 0.0964464
9.895 0.0963533
9.9 0.0962602
9.905 0.0961673
9.91 0.0960746
9.915 0.0959819
9.92 0.0958894
9.925 0.0957971
9.93 0.0957048
9.935 0.0956127
9.94 0.0955207
9.945 0.0954289
9.95 0.0953371
9.955 0.0952455
9.96 0.0951541
9.965 0.0950627
9.97 0.0949715
9.975 0.0948805
9.98 0.0947895
9.985 0.0946987
9.99 0.094608
9.995 0.0945174
