0 -nan
0.005 0.840974
0.01 0.232621
0.015 0.916216
0.02 0.588954
0.025 0.381666
0.03 0.0172661
0.035 0.24006
0.04 0.290908
0.045 0.214661
0.05 0.148219
0.055 0.133093
0.06 0.159723
0.065 0.208034
0.07 0.262159
0.075 0.312676
0.08 0.355121
0.085 0.388105
0.09 0.411896
0.095 0.427527
0.1 0.436296
0.105 0.4395
0.11 0.438314
0.115 0.433743
0.12 0.426627
0.125 0.417642
0.13 0.407334
0.135 0.396128
0.14 0.384361
0.145 0.37229
0.15 0.360113
0.155 0.347982
0.16 0.336006
0.165 0.324269
0.17 0.31283
0.175 0.301728
0.18 0.290992
0.185 0.280637
0.19 0.270671
0.195 0.261095
0.2 0.251906
0.205 0.243097
0.21 0.234659
0.215 0.226581
0.22 0.21885
0.225 0.211454
0.23 0.20438
0.235 0.197613
0.24 0.19114
0.245 0.184948
0.25 0.179023
0.255 0.173354
0.26 0.167927
0.265 0.162732
0.27 0.157756
0.275 0.152989
0.28 0.148421
0.285 0.144042
0.29 0.139842
0.295 0.135813
0.3 0.131946
0.305 0.128234
0.31 0.124669
0.315 0.121243
0.32 0.117951
0.325 0.114785
0.33 0.11174
0.335 0.108809
0.34 0.105988
0.345 0.103272
0.35 0.100655
0.355 0.0981324
0.36 0.0957008
0.365 0.0933557
0.37 0.0910932
0.375 0.0889096
0.38 0.0868013
0.385 0.0847652
0.39 0.082798
0.395 0.0808967
0.4 0.0790586
0.405 0.077281
0.41 0.0755612
0.415 0.073897
0.42 0.0722859
0.425 0.0707259
0.43 0.0692148
0.435 0.0677506
0.44 0.0663316
0.445 0.0649558
0.45 0.0636216
0.455 0.0623273
0.46 0.0610715
0.465 0.0598526
0.47 0.0586692
0.475 0.05752
0.48 0.0564037
0.485 0.0553191
0.49 0.054265
0.495 0.0532404
0.5 0.052244
0.505 0.051275
0.51 0.0503324
0.515 0.0494151
0.52 0.0485224
0.525 0.0476533
0.53 0.0468071
0.535 0.045983
0.54 0.0451802
0.545 0.0443979
0.55 0.0436356
0.555 0.0428925
0.56 0.0421681
0.565 0.0414616
0.57 0.0407726
0.575 0.0401004
0.58 0.0394446
0.585 0.0388045
0.59 0.0381797
0.595 0.0375698
0.6 0.0369742
0.605 0.0363926
0.61 0.0358244
0.615 0.0352694
0.62 0.034727
0.625 0.0341969
0.63 0.0336788
0.635 0.0331722
0.64 0.0326769
0.645 0.0321926
0.65 0.0317188
0.655 0.0312554
0.66 0.0308019
0.665 0.0303582
0.67 0.0299239
0.675 0.0294988
0.68 0.0290826
0.685 0.0286752
0.69 0.0282761
0.695 0.0278853
0.7 0.0275025
0.705 0.0271274
0.71 0.02676
0.715 0.0263999
0.72 0.0260469
0.725 0.025701
0.73 0.0253618
0.735 0.0250293
0.74 0.0247033
0.745 0.0243835
0.75 0.0240699
0.755 0.0237622
0.76 0.0234604
0.765 0.0231643
0.77 0.0228737
0.775 0.0225885
0.78 0.0223086
0.785 0.0220338
0.79 0.021764
0.795 0.0214992
0.8 0.0212391
0.805 0.0209837
0.81 0.0207328
0.815 0.0204864
0.82 0.0202444
0.825 0.0200066
0.83 0.0197729
0.835 0.0195433
0.84 0.0193176
0.845 0.0190959
0.85 0.0188779
0.855 0.0186635
0.86 0.0184529
0.865 0.0182457
0.87 0.018042
0.875 0.0178417
0.88 0.0176446
0.885 0.0174508
0.89 0.0172602
0.895 0.0170727
0.9 0.0168882
0.905 0.0167066
0.91 0.016528
0.915 0.0163522
0.92 0.0161792
0.925 0.0160089
0.93 0.0158412
0.935 0.0156762
0.94 0.0155137
0.945 0.0153538
0.95 0.0151962
0.955 0.0150411
0.96 0.0148884
0.965 0.0147379
0.97 0.0145897
0.975 0.0144438
0.98 0.0143
0.985 0.0141583
0.99 0.0140187
0.995 0.0138812
1 0.0137457
1.005 0.0136121
1.01 0.0134805
1.015 0.0133508
1.02 0.0132229
1.025 0.0130969
1.03 0.0129726
1.035 0.0128501
1.04 0.0127293
1.045 0.0126102
1.05 0.0124928
1.055 0.012377
1.06 0.0122628
1.065 0.0121501
1.07 0.012039
1.075 0.0119295
1.08 0.0118214
1.085 0.0117147
1.09 0.0116095
1.095 0.0115057
1.1 0.0114033
1.105 0.0113022
1.11 0.0112025
1.115 0.0111041
1.12 0.011007
1.125 0.0109111
1.13 0.0108165
1.135 0.0107231
1.14 0.0106309
1.145 0.0105399
1.15 0.01045
1.155 0.0103613
1.16 0.0102737
1.165 0.0101873
1.17 0.0101019
1.175 0.0100175
1.18 0.00993425
1.185 0.009852
1.19 0.00977076
1.195 0.00969053
1.2 0.00961127
1.205 0.00953298
1.21 0.00945565
1.215 0.00937925
1.22 0.00930376
1.225 0.00922919
1.23 0.0091555
1.235 0.0090827
1.24 0.00901075
1.245 0.00893966
1.25 0.0088694
1.255 0.00879996
1.26 0.00873134
1.265 0.00866352
1.27 0.00859648
1.275 0.00853021
1.28 0.0084647
1.285 0.00839995
1.29 0.00833594
1.295 0.00827265
1.3 0.00821008
1.305 0.00814821
1.31 0.00808704
1.315 0.00802656
1.32 0.00796675
1.325 0.0079076
1.33 0.00784911
1.335 0.00779127
1.34 0.00773406
1.345 0.00767748
1.35 0.00762152
1.355 0.00756616
1.36 0.00751141
1.365 0.00745724
1.37 0.00740366
1.375 0.00735065
1.38 0.00729821
1.385 0.00724633
1.39 0.007195
1.395 0.00714421
1.4 0.00709396
1.405 0.00704423
1.41 0.00699502
1.415 0.00694633
1.42 0.00689814
1.425 0.00685046
1.43 0.00680326
1.435 0.00675655
1.44 0.00671032
1.445 0.00666456
1.45 0.00661926
1.455 0.00657443
1.46 0.00653005
1.465 0.00648611
1.47 0.00644262
1.475 0.00639956
1.48 0.00635694
1.485 0.00631473
1.49 0.00627295
1.495 0.00623157
1.5 0.00619061
1.505 0.00615005
1.51 0.00610988
1.515 0.00607011
1.52 0.00603072
1.525 0.00599171
1.53 0.00595308
1.535 0.00591482
1.54 0.00587693
1.545 0.00583941
1.55 0.00580224
1.555 0.00576542
1.56 0.00572895
1.565 0.00569283
1.57 0.00565704
1.575 0.0056216
1.58 0.00558648
1.585 0.00555169
1.59 0.00551723
1.595 0.00548308
1.6 0.00544926
1.605 0.00541574
1.61 0.00538253
1.615 0.00534962
1.62 0.00531702
1.625 0.00528471
1.63 0.0052527
1.635 0.00522097
1.64 0.00518953
1.645 0.00515838
1.65 0.0051275
1.655 0.0050969
1.66 0.00506657
1.665 0.00503651
1.67 0.00500672
1.675 0.00497719
1.68 0.00494792
1.685 0.00491891
1.69 0.00489016
1.695 0.00486165
1.7 0.00483339
1.705 0.00480538
1.71 0.00477761
1.715 0.00475008
1.72 0.00472279
1.725 0.00469573
1.73 0.0046689
1.735 0.00464231
1.74 0.00461594
1.745 0.00458979
1.75 0.00456386
1.755 0.00453815
1.76 0.00451266
1.765 0.00448739
1.77 0.00446232
1.775 0.00443746
1.78 0.00441282
1.785 0.00438837
1.79 0.00436413
1.795 0.00434009
1.8 0.00431624
1.805 0.00429259
1.81 0.00426914
1.815 0.00424588
1.82 0.0042228
1.825 0.00419992
1.83 0.00417722
1.835 0.0041547
1.84 0.00413236
1.845 0.00411021
1.85 0.00408823
1.855 0.00406642
1.86 0.00404479
1.865 0.00402334
1.87 0.00400205
1.875 0.00398093
1.88 0.00395998
1.885 0.00393919
1.89 0.00391856
1.895 0.0038981
1.9 0.0038778
1.905 0.00385765
1.91 0.00383766
1.915 0.00381783
1.92 0.00379815
1.925 0.00377862
1.93 0.00375924
1.935 0.00374001
1.94 0.00372093
1.945 0.00370199
1.95 0.0036832
1.955 0.00366454
1.96 0.00364603
1.965 0.00362766
1.97 0.00360943
1.975 0.00359134
1.98 0.00357338
1.985 0.00355555
1.99 0.00353786
1.995 0.0035203
2 0.00350287
2.005 0.00348557
2.01 0.0034684
2.015 0.00345135
2.02 0.00343443
2.025 0.00341763
2.03 0.00340096
2.035 0.00338441
2.04 0.00336797
2.045 0.00335166
2.05 0.00333547
2.055 0.00331939
2.06 0.00330343
2.065 0.00328758
2.07 0.00327185
2.075 0.00325622
2.08 0.00324072
2.085 0.00322532
2.09 0.00321003
2.095 0.00319485
2.1 0.00317977
2.105 0.0031648
2.11 0.00314994
2.115 0.00313519
2.12 0.00312053
2.125 0.00310598
2.13 0.00309153
2.135 0.00307718
2.14 0.00306293
2.145 0.00304878
2.15 0.00303472
2.155 0.00302077
2.16 0.00300691
2.165 0.00299314
2.17 0.00297947
2.175 0.00296589
2.18 0.00295241
2.185 0.00293901
2.19 0.00292571
2.195 0.0029125
2.2 0.00289937
2.205 0.00288634
2.21 0.00287339
2.215 0.00286053
2.22 0.00284776
2.225 0.00283507
2.23 0.00282246
2.235 0.00280994
2.24 0.0027975
2.245 0.00278515
2.25 0.00277287
2.255 0.00276068
2.26 0.00274857
2.265 0.00273654
2.27 0.00272458
2.275 0.00271271
2.28 0.00270091
2.285 0.00268918
2.29 0.00267754
2.295 0.00266597
2.3 0.00265447
2.305 0.00264305
2.31 0.0026317
2.315 0.00262043
2.32 0.00260923
2.325 0.00259809
2.33 0.00258703
2.335 0.00257604
2.34 0.00256512
2.345 0.00255427
2.35 0.00254349
2.355 0.00253278
2.36 0.00252213
2.365 0.00251155
2.37 0.00250104
2.375 0.00249059
2.38 0.00248021
2.385 0.00246989
2.39 0.00245964
2.395 0.00244945
2.4 0.00243932
2.405 0.00242926
2.41 0.00241926
2.415 0.00240932
2.42 0.00239944
2.425 0.00238962
2.43 0.00237987
2.435 0.00237017
2.44 0.00236053
2.445 0.00235095
2.45 0.00234143
2.455 0.00233196
2.46 0.00232255
2.465 0.0023132
2.47 0.00230391
2.475 0.00229467
2.48 0.00228549
2.485 0.00227636
2.49 0.00226729
2.495 0.00225827
2.5 0.0022493
2.505 0.00224039
2.51 0.00223153
2.515 0.00222272
2.52 0.00221397
2.525 0.00220526
2.53 0.00219661
2.535 0.00218801
2.54 0.00217946
2.545 0.00217096
2.55 0.00216251
2.555 0.0021541
2.56 0.00214575
2.565 0.00213745
2.57 0.00212919
2.575 0.00212098
2.58 0.00211282
2.585 0.0021047
2.59 0.00209664
2.595 0.00208861
2.6 0.00208064
2.605 0.00207271
2.61 0.00206482
2.615 0.00205698
2.62 0.00204919
2.625 0.00204144
2.63 0.00203373
2.635 0.00202606
2.64 0.00201844
2.645 0.00201087
2.65 0.00200333
2.655 0.00199584
2.66 0.00198839
2.665 0.00198098
2.67 0.00197361
2.675 0.00196628
2.68 0.00195899
2.685 0.00195175
2.69 0.00194454
2.695 0.00193738
2.7 0.00193025
2.705 0.00192316
2.71 0.00191611
2.715 0.0019091
2.72 0.00190213
2.725 0.0018952
2.73 0.00188831
2.735 0.00188145
2.74 0.00187463
2.745 0.00186784
2.75 0.0018611
2.755 0.00185439
2.76 0.00184771
2.765 0.00184107
2.77 0.00183447
2.775 0.0018279
2.78 0.00182137
2.785 0.00181488
2.79 0.00180841
2.795 0.00180199
2.8 0.00179559
2.805 0.00178923
2.81 0.00178291
2.815 0.00177661
2.82 0.00177035
2.825 0.00176413
2.83 0.00175794
2.835 0.00175177
2.84 0.00174565
2.845 0.00173955
2.85 0.00173348
2.855 0.00172745
2.86 0.00172145
2.865 0.00171548
2.87 0.00170954
2.875 0.00170363
2.88 0.00169775
2.885 0.00169191
2.89 0.00168609
2.895 0.0016803
2.9 0.00167454
2.905 0.00166882
2.91 0.00166312
2.915 0.00165745
2.92 0.00165181
2.925 0.00164619
2.93 0.00164061
2.935 0.00163506
2.94 0.00162953
2.945 0.00162403
2.95 0.00161856
2.955 0.00161311
2.96 0.0016077
2.965 0.00160231
2.97 0.00159695
2.975 0.00159161
2.98 0.0015863
2.985 0.00158102
2.99 0.00157577
2.995 0.00157054
3 0.00156533
3.005 0.00156015
3.01 0.001555
3.015 0.00154988
3.02 0.00154477
3.025 0.0015397
3.03 0.00153465
3.035 0.00152962
3.04 0.00152462
3.045 0.00151964
3.05 0.00151469
3.055 0.00150976
3.06 0.00150486
3.065 0.00149997
3.07 0.00149512
3.075 0.00149028
3.08 0.00148547
3.085 0.00148069
3.09 0.00147592
3.095 0.00147118
3.1 0.00146646
3.105 0.00146177
3.11 0.00145709
3.115 0.00145244
3.12 0.00144782
3.125 0.00144321
3.13 0.00143863
3.135 0.00143406
3.14 0.00142952
3.145 0.001425
3.15 0.0014205
3.155 0.00141603
3.16 0.00141157
3.165 0.00140714
3.17 0.00140272
3.175 0.00139833
3.18 0.00139396
3.185 0.00138961
3.19 0.00138527
3.195 0.00138096
3.2 0.00137667
3.205 0.0013724
3.21 0.00136815
3.215 0.00136392
3.22 0.0013597
3.225 0.00135551
3.23 0.00135134
3.235 0.00134718
3.24 0.00134305
3.245 0.00133893
3.25 0.00133484
3.255 0.00133076
3.26 0.0013267
3.265 0.00132266
3.27 0.00131863
3.275 0.00131463
3.28 0.00131064
3.285 0.00130668
3.29 0.00130273
3.295 0.00129879
3.3 0.00129488
3.305 0.00129098
3.31 0.0012871
3.315 0.00128324
3.32 0.0012794
3.325 0.00127557
3.33 0.00127176
3.335 0.00126797
3.34 0.00126419
3.345 0.00126043
3.35 0.00125669
3.355 0.00125296
3.36 0.00124925
3.365 0.00124556
3.37 0.00124188
3.375 0.00123822
3.38 0.00123458
3.385 0.00123095
3.39 0.00122734
3.395 0.00122374
3.4 0.00122016
3.405 0.0012166
3.41 0.00121305
3.415 0.00120952
3.42 0.001206
3.425 0.00120249
3.43 0.00119901
3.435 0.00119553
3.44 0.00119208
3.445 0.00118863
3.45 0.00118521
3.455 0.00118179
3.46 0.0011784
3.465 0.00117501
3.47 0.00117164
3.475 0.00116829
3.48 0.00116495
3.485 0.00116162
3.49 0.00115831
3.495 0.00115501
3.5 0.00115173
3.505 0.00114846
3.51 0.00114521
3.515 0.00114197
3.52 0.00113874
3.525 0.00113552
3.53 0.00113232
3.535 0.00112914
3.54 0.00112596
3.545 0.0011228
3.55 0.00111965
3.555 0.00111652
3.56 0.0011134
3.565 0.00111029
3.57 0.0011072
3.575 0.00110412
3.58 0.00110105
3.585 0.00109799
3.59 0.00109495
3.595 0.00109192
3.6 0.0010889
3.605 0.00108589
3.61 0.0010829
3.615 0.00107992
3.62 0.00107695
3.625 0.00107399
3.63 0.00107105
3.635 0.00106812
3.64 0.0010652
3.645 0.00106229
3.65 0.00105939
3.655 0.00105651
3.66 0.00105363
3.665 0.00105077
3.67 0.00104792
3.675 0.00104509
3.68 0.00104226
3.685 0.00103944
3.69 0.00103664
3.695 0.00103385
3.7 0.00103107
3.705 0.0010283
3.71 0.00102554
3.715 0.00102279
3.72 0.00102006
3.725 0.00101733
3.73 0.00101462
3.735 0.00101191
3.74 0.00100922
3.745 0.00100654
3.75 0.00100387
3.755 0.0010012
3.76 0.000998554
3.765 0.000995914
3.77 0.000993285
3.775 0.000990666
3.78 0.000988057
3.785 0.000985459
3.79 0.000982871
3.795 0.000980293
3.8 0.000977725
3.805 0.000975167
3.81 0.000972619
3.815 0.000970082
3.82 0.000967554
3.825 0.000965036
3.83 0.000962528
3.835 0.000960029
3.84 0.000957541
3.845 0.000955062
3.85 0.000952592
3.855 0.000950132
3.86 0.000947682
3.865 0.000945241
3.87 0.00094281
3.875 0.000940388
3.88 0.000937975
3.885 0.000935571
3.89 0.000933177
3.895 0.000930792
3.9 0.000928416
3.905 0.000926049
3.91 0.000923691
3.915 0.000921343
3.92 0.000919003
3.925 0.000916672
3.93 0.000914349
3.935 0.000912036
3.94 0.000909732
3.945 0.000907436
3.95 0.000905149
3.955 0.00090287
3.96 0.0009006
3.965 0.000898339
3.97 0.000896086
3.975 0.000893841
3.98 0.000891605
3.985 0.000889378
3.99 0.000887159
3.995 0.000884948
4 0.000882745
4.005 0.00088055
4.01 0.000878364
4.015 0.000876186
4.02 0.000874016
4.025 0.000871853
4.03 0.000869699
4.035 0.000867553
4.04 0.000865415
4.045 0.000863285
4.05 0.000861162
4.055 0.000859048
4.06 0.000856941
4.065 0.000854842
4.07 0.000852751
4.075 0.000850667
4.08 0.000848591
4.085 0.000846522
4.09 0.000844461
4.095 0.000842408
4.1 0.000840362
4.105 0.000838323
4.11 0.000836292
4.115 0.000834269
4.12 0.000832252
4.125 0.000830243
4.13 0.000828241
4.135 0.000826247
4.14 0.000824259
4.145 0.000822279
4.15 0.000820306
4.155 0.00081834
4.16 0.000816381
4.165 0.000814429
4.17 0.000812484
4.175 0.000810546
4.18 0.000808615
4.185 0.000806691
4.19 0.000804773
4.195 0.000802863
4.2 0.000800959
4.205 0.000799062
4.21 0.000797172
4.215 0.000795289
4.22 0.000793412
4.225 0.000791542
4.23 0.000789678
4.235 0.000787821
4.24 0.00078597
4.245 0.000784126
4.25 0.000782289
4.255 0.000780458
4.26 0.000778633
4.265 0.000776815
4.27 0.000775003
4.275 0.000773198
4.28 0.000771398
4.285 0.000769605
4.29 0.000767819
4.295 0.000766038
4.3 0.000764264
4.305 0.000762496
4.31 0.000760734
4.315 0.000758978
4.32 0.000757228
4.325 0.000755484
4.33 0.000753746
4.335 0.000752014
4.34 0.000750288
4.345 0.000748569
4.35 0.000746855
4.355 0.000745146
4.36 0.000743444
4.365 0.000741748
4.37 0.000740057
4.375 0.000738372
4.38 0.000736693
4.385 0.000735019
4.39 0.000733352
4.395 0.00073169
4.4 0.000730033
4.405 0.000728382
4.41 0.000726737
4.415 0.000725098
4.42 0.000723463
4.425 0.000721835
4.43 0.000720212
4.435 0.000718594
4.44 0.000716982
4.445 0.000715375
4.45 0.000713774
4.455 0.000712178
4.46 0.000710587
4.465 0.000709002
4.47 0.000707422
4.475 0.000705847
4.48 0.000704278
4.485 0.000702713
4.49 0.000701154
4.495 0.0006996
4.5 0.000698052
4.505 0.000696508
4.51 0.00069497
4.515 0.000693436
4.52 0.000691908
4.525 0.000690385
4.53 0.000688866
4.535 0.000687353
4.54 0.000685845
4.545 0.000684341
4.55 0.000682843
4.555 0.00068135
4.56 0.000679861
4.565 0.000678377
4.57 0.000676899
4.575 0.000675424
4.58 0.000673955
4.585 0.000672491
4.59 0.000671031
4.595 0.000669576
4.6 0.000668126
4.605 0.000666681
4.61 0.00066524
4.615 0.000663804
4.62 0.000662372
4.625 0.000660945
4.63 0.000659523
4.635 0.000658106
4.64 0.000656692
4.645 0.000655284
4.65 0.00065388
4.655 0.00065248
4.66 0.000651085
4.665 0.000649695
4.67 0.000648309
4.675 0.000646927
4.68 0.00064555
4.685 0.000644177
4.69 0.000642808
4.695 0.000641444
4.7 0.000640084
4.705 0.000638729
4.71 0.000637378
4.715 0.000636031
4.72 0.000634688
4.725 0.00063335
4.73 0.000632016
4.735 0.000630686
4.74 0.00062936
4.745 0.000628038
4.75 0.000626721
4.755 0.000625408
4.76 0.000624098
4.765 0.000622793
4.77 0.000621492
4.775 0.000620195
4.78 0.000618903
4.785 0.000617614
4.79 0.000616329
4.795 0.000615048
4.8 0.000613771
4.805 0.000612499
4.81 0.00061123
4.815 0.000609965
4.82 0.000608704
4.825 0.000607447
4.83 0.000606193
4.835 0.000604944
4.84 0.000603699
4.845 0.000602457
4.85 0.000601219
4.855 0.000599985
4.86 0.000598755
4.865 0.000597529
4.87 0.000596306
4.875 0.000595087
4.88 0.000593872
4.885 0.00059266
4.89 0.000591453
4.895 0.000590248
4.9 0.000589048
4.905 0.000587851
4.91 0.000586658
4.915 0.000585469
4.92 0.000584283
4.925 0.000583101
4.93 0.000581922
4.935 0.000580747
4.94 0.000579575
4.945 0.000578407
4.95 0.000577243
4.955 0.000576082
4.96 0.000574924
4.965 0.00057377
4.97 0.00057262
4.975 0.000571473
4.98 0.000570329
4.985 0.000569189
4.99 0.000568052
4.995 0.000566919
5 0.000565789
5.005 0.000564662
5.01 0.000563539
5.015 0.000562419
5.02 0.000561303
5.025 0.000560189
5.03 0.000559079
5.035 0.000557973
5.04 0.000556869
5.045 0.000555769
5.05 0.000554672
5.055 0.000553579
5.06 0.000552489
5.065 0.000551401
5.07 0.000550317
5.075 0.000549237
5.08 0.000548159
5.085 0.000547085
5.09 0.000546013
5.095 0.000544945
5.1 0.00054388
5.105 0.000542819
5.11 0.00054176
5.115 0.000540704
5.12 0.000539652
5.125 0.000538602
5.13 0.000537556
5.135 0.000536512
5.14 0.000535472
5.145 0.000534435
5.15 0.0005334
5.155 0.000532369
5.16 0.000531341
5.165 0.000530315
5.17 0.000529293
5.175 0.000528273
5.18 0.000527257
5.185 0.000526243
5.19 0.000525233
5.195 0.000524225
5.2 0.00052322
5.205 0.000522218
5.21 0.000521219
5.215 0.000520223
5.22 0.00051923
5.225 0.000518239
5.23 0.000517251
5.235 0.000516266
5.24 0.000515284
5.245 0.000514305
5.25 0.000513329
5.255 0.000512355
5.26 0.000511384
5.265 0.000510416
5.27 0.00050945
5.275 0.000508488
5.28 0.000507528
5.285 0.000506571
5.29 0.000505616
5.295 0.000504664
5.3 0.000503715
5.305 0.000502769
5.31 0.000501825
5.315 0.000500884
5.32 0.000499945
5.325 0.000499009
5.33 0.000498076
5.335 0.000497145
5.34 0.000496217
5.345 0.000495292
5.35 0.000494369
5.355 0.000493449
5.36 0.000492531
5.365 0.000491616
5.37 0.000490703
5.375 0.000489793
5.38 0.000488886
5.385 0.00048798
5.39 0.000487078
5.395 0.000486178
5.4 0.00048528
5.405 0.000484385
5.41 0.000483493
5.415 0.000482603
5.42 0.000481715
5.425 0.00048083
5.43 0.000479947
5.435 0.000479067
5.44 0.000478189
5.445 0.000477313
5.45 0.00047644
5.455 0.00047557
5.46 0.000474701
5.465 0.000473835
5.47 0.000472972
5.475 0.000472111
5.48 0.000471252
5.485 0.000470395
5.49 0.000469541
5.495 0.000468689
5.5 0.00046784
5.505 0.000466992
5.51 0.000466147
5.515 0.000465305
5.52 0.000464464
5.525 0.000463626
5.53 0.00046279
5.535 0.000461957
5.54 0.000461126
5.545 0.000460296
5.55 0.00045947
5.555 0.000458645
5.56 0.000457823
5.565 0.000457002
5.57 0.000456184
5.575 0.000455369
5.58 0.000454555
5.585 0.000453744
5.59 0.000452934
5.595 0.000452127
5.6 0.000451322
5.605 0.000450519
5.61 0.000449719
5.615 0.00044892
5.62 0.000448124
5.625 0.00044733
5.63 0.000446537
5.635 0.000445747
5.64 0.000444959
5.645 0.000444173
5.65 0.00044339
5.655 0.000442608
5.66 0.000441828
5.665 0.000441051
5.67 0.000440275
5.675 0.000439502
5.68 0.00043873
5.685 0.000437961
5.69 0.000437193
5.695 0.000436428
5.7 0.000435664
5.705 0.000434903
5.71 0.000434144
5.715 0.000433386
5.72 0.000432631
5.725 0.000431877
5.73 0.000431126
5.735 0.000430376
5.74 0.000429629
5.745 0.000428883
5.75 0.000428139
5.755 0.000427397
5.76 0.000426658
5.765 0.00042592
5.77 0.000425184
5.775 0.00042445
5.78 0.000423717
5.785 0.000422987
5.79 0.000422259
5.795 0.000421532
5.8 0.000420807
5.805 0.000420085
5.81 0.000419364
5.815 0.000418644
5.82 0.000417927
5.825 0.000417212
5.83 0.000416498
5.835 0.000415787
5.84 0.000415077
5.845 0.000414368
5.85 0.000413662
5.855 0.000412958
5.86 0.000412255
5.865 0.000411554
5.87 0.000410855
5.875 0.000410158
5.88 0.000409462
5.885 0.000408768
5.89 0.000408076
5.895 0.000407386
5.9 0.000406697
5.905 0.000406011
5.91 0.000405326
5.915 0.000404642
5.92 0.000403961
5.925 0.000403281
5.93 0.000402603
5.935 0.000401926
5.94 0.000401252
5.945 0.000400579
5.95 0.000399907
5.955 0.000399238
5.96 0.00039857
5.965 0.000397903
5.97 0.000397239
5.975 0.000396576
5.98 0.000395914
5.985 0.000395255
5.99 0.000394597
5.995 0.00039394
6 0.000393285
6.005 0.000392632
6.01 0.000391981
6.015 0.000391331
6.02 0.000390683
6.025 0.000390036
6.03 0.000389391
6.035 0.000388748
6.04 0.000388106
6.045 0.000387466
6.05 0.000386827
6.055 0.00038619
6.06 0.000385554
6.065 0.00038492
6.07 0.000384288
6.075 0.000383657
6.08 0.000383028
6.085 0.0003824
6.09 0.000381774
6.095 0.000381149
6.1 0.000380526
6.105 0.000379905
6.11 0.000379284
6.115 0.000378666
6.12 0.000378049
6.125 0.000377433
6.13 0.000376819
6.135 0.000376207
6.14 0.000375596
6.145 0.000374986
6.15 0.000374378
6.155 0.000373771
6.16 0.000373166
6.165 0.000372563
6.17 0.00037196
6.175 0.00037136
6.18 0.00037076
6.185 0.000370163
6.19 0.000369566
6.195 0.000368971
6.2 0.000368378
6.205 0.000367786
6.21 0.000367195
6.215 0.000366606
6.22 0.000366018
6.225 0.000365432
6.23 0.000364847
6.235 0.000364263
6.24 0.000363681
6.245 0.0003631
6.25 0.000362521
6.255 0.000361943
6.26 0.000361366
6.265 0.000360791
6.27 0.000360217
6.275 0.000359644
6.28 0.000359073
6.285 0.000358503
6.29 0.000357935
6.295 0.000357368
6.3 0.000356802
6.305 0.000356238
6.31 0.000355674
6.315 0.000355113
6.32 0.000354552
6.325 0.000353993
6.33 0.000353435
6.335 0.000352879
6.34 0.000352324
6.345 0.00035177
6.35 0.000351218
6.355 0.000350666
6.36 0.000350116
6.365 0.000349568
6.37 0.00034902
6.375 0.000348474
6.38 0.00034793
6.385 0.000347386
6.39 0.000346844
6.395 0.000346303
6.4 0.000345763
6.405 0.000345225
6.41 0.000344688
6.415 0.000344152
6.42 0.000343617
6.425 0.000343084
6.43 0.000342551
6.435 0.00034202
6.44 0.000341491
6.445 0.000340962
6.45 0.000340435
6.455 0.000339909
6.46 0.000339384
6.465 0.000338861
6.47 0.000338338
6.475 0.000337817
6.48 0.000337297
6.485 0.000336778
6.49 0.000336261
6.495 0.000335744
6.5 0.000335229
6.505 0.000334715
6.51 0.000334202
6.515 0.00033369
6.52 0.00033318
6.525 0.000332671
6.53 0.000332162
6.535 0.000331655
6.54 0.00033115
6.545 0.000330645
6.55 0.000330141
6.555 0.000329639
6.56 0.000329138
6.565 0.000328638
6.57 0.000328139
6.575 0.000327641
6.58 0.000327144
6.585 0.000326649
6.59 0.000326154
6.595 0.000325661
6.6 0.000325169
6.605 0.000324678
6.61 0.000324188
6.615 0.000323699
6.62 0.000323211
6.625 0.000322725
6.63 0.000322239
6.635 0.000321755
6.64 0.000321271
6.645 0.000320789
6.65 0.000320308
6.655 0.000319828
6.66 0.000319349
6.665 0.000318871
6.67 0.000318394
6.675 0.000317918
6.68 0.000317443
6.685 0.00031697
6.69 0.000316497
6.695 0.000316025
6.7 0.000315555
6.705 0.000315085
6.71 0.000314617
6.715 0.00031415
6.72 0.000313683
6.725 0.000313218
6.73 0.000312754
6.735 0.000312291
6.74 0.000311828
6.745 0.000311367
6.75 0.000310907
6.755 0.000310448
6.76 0.00030999
6.765 0.000309533
6.77 0.000309077
6.775 0.000308621
6.78 0.000308167
6.785 0.000307714
6.79 0.000307262
6.795 0.000306811
6.8 0.000306361
6.805 0.000305912
6.81 0.000305464
6.815 0.000305017
6.82 0.000304571
6.825 0.000304125
6.83 0.000303681
6.835 0.000303238
6.84 0.000302796
6.845 0.000302354
6.85 0.000301914
6.855 0.000301475
6.86 0.000301036
6.865 0.000300599
6.87 0.000300162
6.875 0.000299727
6.88 0.000299292
6.885 0.000298859
6.89 0.000298426
6.895 0.000297994
6.9 0.000297563
6.905 0.000297133
6.91 0.000296704
6.915 0.000296276
6.92 0.000295849
6.925 0.000295423
6.93 0.000294998
6.935 0.000294573
6.94 0.00029415
6.945 0.000293727
6.95 0.000293306
6.955 0.000292885
6.96 0.000292465
6.965 0.000292046
6.97 0.000291628
6.975 0.000291211
6.98 0.000290795
6.985 0.00029038
6.99 0.000289965
6.995 0.000289552
7 0.000289139
7.005 0.000288727
7.01 0.000288316
7.015 0.000287906
7.02 0.000287497
7.025 0.000287089
7.03 0.000286681
7.035 0.000286275
7.04 0.000285869
7.045 0.000285464
7.05 0.00028506
7.055 0.000284657
7.06 0.000284255
7.065 0.000283854
7.07 0.000283453
7.075 0.000283053
7.08 0.000282654
7.085 0.000282256
7.09 0.000281859
7.095 0.000281463
7.1 0.000281067
7.105 0.000280673
7.11 0.000280279
7.115 0.000279886
7.12 0.000279494
7.125 0.000279102
7.13 0.000278712
7.135 0.000278322
7.14 0.000277933
7.145 0.000277545
7.15 0.000277158
7.155 0.000276771
7.16 0.000276386
7.165 0.000276001
7.17 0.000275617
7.175 0.000275233
7.18 0.000274851
7.185 0.000274469
7.19 0.000274088
7.195 0.000273708
7.2 0.000273329
7.205 0.000272951
7.21 0.000272573
7.215 0.000272196
7.22 0.00027182
7.225 0.000271445
7.23 0.00027107
7.235 0.000270696
7.24 0.000270323
7.245 0.000269951
7.25 0.000269579
7.255 0.000269209
7.26 0.000268839
7.265 0.000268469
7.27 0.000268101
7.275 0.000267733
7.28 0.000267366
7.285 0.000267
7.29 0.000266635
7.295 0.00026627
7.3 0.000265906
7.305 0.000265543
7.31 0.00026518
7.315 0.000264819
7.32 0.000264458
7.325 0.000264098
7.33 0.000263738
7.335 0.000263379
7.34 0.000263021
7.345 0.000262664
7.35 0.000262307
7.355 0.000261952
7.36 0.000261597
7.365 0.000261242
7.37 0.000260888
7.375 0.000260535
7.38 0.000260183
7.385 0.000259832
7.39 0.000259481
7.395 0.000259131
7.4 0.000258781
7.405 0.000258433
7.41 0.000258085
7.415 0.000257737
7.42 0.000257391
7.425 0.000257045
7.43 0.0002567
7.435 0.000256355
7.44 0.000256011
7.445 0.000255668
7.45 0.000255326
7.455 0.000254984
7.46 0.000254643
7.465 0.000254303
7.47 0.000253963
7.475 0.000253624
7.48 0.000253286
7.485 0.000252948
7.49 0.000252611
7.495 0.000252275
7.5 0.000251939
7.505 0.000251604
7.51 0.00025127
7.515 0.000250936
7.52 0.000250603
7.525 0.000250271
7.53 0.000249939
7.535 0.000249608
7.54 0.000249278
7.545 0.000248948
7.55 0.000248619
7.555 0.000248291
7.56 0.000247963
7.565 0.000247636
7.57 0.00024731
7.575 0.000246984
7.58 0.000246659
7.585 0.000246335
7.59 0.000246011
7.595 0.000245687
7.6 0.000245365
7.605 0.000245043
7.61 0.000244722
7.615 0.000244401
7.62 0.000244081
7.625 0.000243761
7.63 0.000243443
7.635 0.000243125
7.64 0.000242807
7.645 0.00024249
7.65 0.000242174
7.655 0.000241858
7.66 0.000241543
7.665 0.000241229
7.67 0.000240915
7.675 0.000240602
7.68 0.000240289
7.685 0.000239977
7.69 0.000239666
7.695 0.000239355
7.7 0.000239045
7.705 0.000238735
7.71 0.000238426
7.715 0.000238118
7.72 0.00023781
7.725 0.000237503
7.73 0.000237196
7.735 0.00023689
7.74 0.000236585
7.745 0.00023628
7.75 0.000235976
7.755 0.000235672
7.76 0.000235369
7.765 0.000235066
7.77 0.000234764
7.775 0.000234463
7.78 0.000234162
7.785 0.000233862
7.79 0.000233563
7.795 0.000233264
7.8 0.000232965
7.805 0.000232667
7.81 0.00023237
7.815 0.000232073
7.82 0.000231777
7.825 0.000231482
7.83 0.000231187
7.835 0.000230892
7.84 0.000230598
7.845 0.000230305
7.85 0.000230012
7.855 0.00022972
7.86 0.000229428
7.865 0.000229137
7.87 0.000228847
7.875 0.000228557
7.88 0.000228267
7.885 0.000227978
7.89 0.00022769
7.895 0.000227402
7.9 0.000227115
7.905 0.000226828
7.91 0.000226542
7.915 0.000226256
7.92 0.000225971
7.925 0.000225687
7.93 0.000225403
7.935 0.000225119
7.94 0.000224836
7.945 0.000224554
7.95 0.000224272
7.955 0.000223991
7.96 0.00022371
7.965 0.00022343
7.97 0.00022315
7.975 0.000222871
7.98 0.000222592
7.985 0.000222314
7.99 0.000222036
7.995 0.000221759
8 0.000221482
8.005 0.000221206
8.01 0.000220931
8.015 0.000220656
8.02 0.000220381
8.025 0.000220107
8.03 0.000219833
8.035 0.00021956
8.04 0.000219288
8.045 0.000219016
8.05 0.000218744
8.055 0.000218473
8.06 0.000218203
8.065 0.000217933
8.07 0.000217663
8.075 0.000217394
8.08 0.000217126
8.085 0.000216858
8.09 0.00021659
8.095 0.000216323
8.1 0.000216057
8.105 0.000215791
8.11 0.000215525
8.115 0.00021526
8.12 0.000214995
8.125 0.000214731
8.13 0.000214468
8.135 0.000214205
8.14 0.000213942
8.145 0.00021368
8.15 0.000213418
8.155 0.000213157
8.16 0.000212896
8.165 0.000212636
8.17 0.000212376
8.175 0.000212117
8.18 0.000211858
8.185 0.0002116
8.19 0.000211342
8.195 0.000211085
8.2 0.000210828
8.205 0.000210571
8.21 0.000210315
8.215 0.00021006
8.22 0.000209805
8.225 0.00020955
8.23 0.000209296
8.235 0.000209043
8.24 0.000208789
8.245 0.000208537
8.25 0.000208284
8.255 0.000208033
8.26 0.000207781
8.265 0.00020753
8.27 0.00020728
8.275 0.00020703
8.28 0.00020678
8.285 0.000206531
8.29 0.000206283
8.295 0.000206034
8.3 0.000205787
8.305 0.000205539
8.31 0.000205293
8.315 0.000205046
8.32 0.0002048
8.325 0.000204555
8.33 0.00020431
8.335 0.000204065
8.34 0.000203821
8.345 0.000203577
8.35 0.000203334
8.355 0.000203091
8.36 0.000202848
8.365 0.000202606
8.37 0.000202365
8.375 0.000202123
8.38 0.000201883
8.385 0.000201642
8.39 0.000201403
8.395 0.000201163
8.4 0.000200924
8.405 0.000200686
8.41 0.000200447
8.415 0.00020021
8.42 0.000199972
8.425 0.000199735
8.43 0.000199499
8.435 0.000199263
8.44 0.000199027
8.445 0.000198792
8.45 0.000198557
8.455 0.000198323
8.46 0.000198089
8.465 0.000197855
8.47 0.000197622
8.475 0.000197389
8.48 0.000197157
8.485 0.000196925
8.49 0.000196694
8.495 0.000196463
8.5 0.000196232
8.505 0.000196002
8.51 0.000195772
8.515 0.000195542
8.52 0.000195313
8.525 0.000195085
8.53 0.000194856
8.535 0.000194628
8.54 0.000194401
8.545 0.000194174
8.55 0.000193947
8.555 0.000193721
8.56 0.000193495
8.565 0.00019327
8.57 0.000193044
8.575 0.00019282
8.58 0.000192595
8.585 0.000192372
8.59 0.000192148
8.595 0.000191925
8.6 0.000191702
8.605 0.00019148
8.61 0.000191258
8.615 0.000191036
8.62 0.000190815
8.625 0.000190594
8.63 0.000190374
8.635 0.000190154
8.64 0.000189934
8.645 0.000189715
8.65 0.000189496
8.655 0.000189277
8.66 0.000189059
8.665 0.000188841
8.67 0.000188624
8.675 0.000188407
8.68 0.00018819
8.685 0.000187974
8.69 0.000187758
8.695 0.000187543
8.7 0.000187327
8.705 0.000187113
8.71 0.000186898
8.715 0.000186684
8.72 0.00018647
8.725 0.000186257
8.73 0.000186044
8.735 0.000185832
8.74 0.000185619
8.745 0.000185408
8.75 0.000185196
8.755 0.000184985
8.76 0.000184774
8.765 0.000184564
8.77 0.000184354
8.775 0.000184144
8.78 0.000183935
8.785 0.000183726
8.79 0.000183517
8.795 0.000183309
8.8 0.000183101
8.805 0.000182893
8.81 0.000182686
8.815 0.000182479
8.82 0.000182273
8.825 0.000182066
8.83 0.000181861
8.835 0.000181655
8.84 0.00018145
8.845 0.000181245
8.85 0.000181041
8.855 0.000180837
8.86 0.000180633
8.865 0.00018043
8.87 0.000180227
8.875 0.000180024
8.88 0.000179822
8.885 0.00017962
8.89 0.000179418
8.895 0.000179217
8.9 0.000179016
8.905 0.000178815
8.91 0.000178615
8.915 0.000178415
8.92 0.000178215
8.925 0.000178016
8.93 0.000177817
8.935 0.000177618
8.94 0.00017742
8.945 0.000177222
8.95 0.000177024
8.955 0.000176827
8.96 0.00017663
8.965 0.000176433
8.97 0.000176237
8.975 0.000176041
8.98 0.000175845
8.985 0.00017565
8.99 0.000175455
8.995 0.00017526
9 0.000175066
9.005 0.000174872
9.01 0.000174678
9.015 0.000174484
9.02 0.000174291
9.025 0.000174098
9.03 0.000173906
9.035 0.000173714
9.04 0.000173522
9.045 0.000173331
9.05 0.000173139
9.055 0.000172949
9.06 0.000172758
9.065 0.000172568
9.07 0.000172378
9.075 0.000172188
9.08 0.000171999
9.085 0.00017181
9.09 0.000171621
9.095 0.000171433
9.1 0.000171245
9.105 0.000171057
9.11 0.00017087
9.115 0.000170683
9.12 0.000170496
9.125 0.000170309
9.13 0.000170123
9.135 0.000169937
9.14 0.000169752
9.145 0.000169566
9.15 0.000169381
9.155 0.000169197
9.16 0.000169012
9.165 0.000168828
9.17 0.000168644
9.175 0.000168461
9.18 0.000168278
9.185 0.000168095
9.19 0.000167912
9.195 0.00016773
9.2 0.000167548
9.205 0.000167366
9.21 0.000167185
9.215 0.000167004
9.22 0.000166823
9.225 0.000166642
9.23 0.000166462
9.235 0.000166282
9.24 0.000166103
9.245 0.000165923
9.25 0.000165744
9.255 0.000165565
9.26 0.000165387
9.265 0.000165209
9.27 0.000165031
9.275 0.000164853
9.28 0.000164676
9.285 0.000164499
9.29 0.000164322
9.295 0.000164146
9.3 0.000163969
9.305 0.000163793
9.31 0.000163618
9.315 0.000163442
9.32 0.000163267
9.325 0.000163093
9.33 0.000162918
9.335 0.000162744
9.34 0.00016257
9.345 0.000162396
9.35 0.000162223
9.355 0.00016205
9.36 0.000161877
9.365 0.000161704
9.37 0.000161532
9.375 0.00016136
9.38 0.000161188
9.385 0.000161017
9.39 0.000160846
9.395 0.000160675
9.4 0.000160504
9.405 0.000160334
9.41 0.000160164
9.415 0.000159994
9.42 0.000159824
9.425 0.000159655
9.43 0.000159486
9.435 0.000159317
9.44 0.000159149
9.445 0.000158981
9.45 0.000158813
9.455 0.000158645
9.46 0.000158478
9.465 0.00015831
9.47 0.000158144
9.475 0.000157977
9.48 0.000157811
9.485 0.000157645
9.49 0.000157479
9.495 0.000157313
9.5 0.000157148
9.505 0.000156983
9.51 0.000156818
9.515 0.000156653
9.52 0.000156489
9.525 0.000156325
9.53 0.000156161
9.535 0.000155998
9.54 0.000155835
9.545 0.000155672
9.55 0.000155509
9.555 0.000155346
9.56 0.000155184
9.565 0.000155022
9.57 0.000154861
9.575 0.000154699
9.58 0.000154538
9.585 0.000154377
9.59 0.000154216
9.595 0.000154056
9.6 0.000153896
9.605 0.000153736
9.61 0.000153576
9.615 0.000153416
9.62 0.000153257
9.625 0.000153098
9.63 0.00015294
9.635 0.000152781
9.64 0.000152623
9.645 0.000152465
9.65 0.000152307
9.655 0.00015215
9.66 0.000151992
9.665 0.000151835
9.67 0.000151679
9.675 0.000151522
9.68 0.000151366
9.685 0.00015121
9.69 0.000151054
9.695 0.000150899
9.7 0.000150743
9.705 0.000150588
9.71 0.000150433
9.715 0.000150279
9.72 0.000150124
9.725 0.00014997
9.73 0.000149816
9.735 0.000149663
9.74 0.000149509
9.745 0.000149356
9.75 0.000149203
9.755 0.000149051
9.76 0.000148898
9.765 0.000148746
9.77 0.000148594
9.775 0.000148442
9.78 0.000148291
9.785 0.000148139
9.79 0.000147988
9.795 0.000147837
9.8 0.000147687
9.805 0.000147536
9.81 0.000147386
9.815 0.000147236
9.82 0.000147087
9.825 0.000146937
9.83 0.000146788
9.835 0.000146639
9.84 0.00014649
9.845 0.000146342
9.85 0.000146193
9.855 0.000146045
9.86 0.000145897
9.865 0.00014575
9.87 0.000145602
9.875 0.000145455
9.88 0.000145308
9.885 0.000145161
9.89 0.000145015
9.895 0.000144868
9.9 0.000144722
9.905 0.000144577
9.91 0.000144431
9.915 0.000144285
9.92 0.00014414
9.925 0.000143995
9.93 0.00014385
9.935 0.000143706
9.94 0.000143562
9.945 0.000143417
9.95 0.000143274
9.955 0.00014313
9.96 0.000142986
9.965 0.000142843
9.97 0.0001427
9.975 0.000142557
9.98 0.000142415
9.985 0.000142272
9.99 0.00014213
9.995 0.000141988
