0 -nan
0.005 0.0407837
0.01 0.0755236
0.015 0.317328
0.02 0.443319
0.025 0.0944866
0.03 0.853314
0.035 0.822928
0.04 0.396751
0.045 0.127374
0.05 0.084092
0.055 0.173991
0.06 0.310307
0.065 0.443702
0.07 0.553212
0.075 0.633582
0.08 0.686764
0.085 0.717311
0.09 0.730184
0.095 0.729843
0.1 0.719964
0.105 0.703439
0.11 0.682474
0.115 0.658718
0.12 0.633383
0.125 0.607345
0.13 0.581231
0.135 0.555477
0.14 0.530381
0.145 0.506139
0.15 0.482872
0.155 0.460648
0.16 0.439494
0.165 0.419412
0.17 0.400385
0.175 0.382382
0.18 0.365364
0.185 0.349287
0.19 0.334105
0.195 0.319769
0.2 0.306233
0.205 0.293449
0.21 0.281373
0.215 0.269961
0.22 0.259172
0.225 0.248967
0.23 0.23931
0.235 0.230166
0.24 0.221503
0.245 0.213291
0.25 0.205501
0.255 0.198107
0.26 0.191085
0.265 0.184412
0.27 0.178066
0.275 0.172028
0.28 0.166279
0.285 0.160802
0.29 0.155581
0.295 0.150601
0.3 0.145847
0.305 0.141308
0.31 0.13697
0.315 0.132823
0.32 0.128856
0.325 0.125058
0.33 0.121422
0.335 0.117937
0.34 0.114597
0.345 0.111392
0.35 0.108317
0.355 0.105365
0.36 0.102529
0.365 0.0998033
0.37 0.0971826
0.375 0.0946616
0.38 0.0922355
0.385 0.0898996
0.39 0.0876496
0.395 0.0854816
0.4 0.0833915
0.405 0.0813758
0.41 0.079431
0.415 0.077554
0.42 0.0757417
0.425 0.0739911
0.43 0.0722996
0.435 0.0706646
0.44 0.0690836
0.445 0.0675543
0.45 0.0660745
0.455 0.0646421
0.46 0.0632553
0.465 0.0619119
0.47 0.0606104
0.475 0.059349
0.48 0.058126
0.485 0.0569401
0.49 0.0557896
0.495 0.0546733
0.5 0.0535897
0.505 0.0525377
0.51 0.051516
0.515 0.0505236
0.52 0.0495592
0.525 0.0486219
0.53 0.0477107
0.535 0.0468247
0.54 0.0459628
0.545 0.0451243
0.55 0.0443083
0.555 0.0435141
0.56 0.0427408
0.565 0.0419878
0.57 0.0412543
0.575 0.0405397
0.58 0.0398434
0.585 0.0391648
0.59 0.0385031
0.595 0.037858
0.6 0.0372288
0.605 0.0366151
0.61 0.0360163
0.615 0.035432
0.62 0.0348616
0.625 0.0343049
0.63 0.0337612
0.635 0.0332303
0.64 0.0327118
0.645 0.0322052
0.65 0.0317102
0.655 0.0312265
0.66 0.0307536
0.665 0.0302914
0.67 0.0298394
0.675 0.0293975
0.68 0.0289652
0.685 0.0285423
0.69 0.0281286
0.695 0.0277237
0.7 0.0273275
0.705 0.0269396
0.71 0.0265599
0.715 0.0261882
0.72 0.0258241
0.725 0.0254676
0.73 0.0251183
0.735 0.0247761
0.74 0.0244409
0.745 0.0241124
0.75 0.0237904
0.755 0.0234748
0.76 0.0231654
0.765 0.022862
0.77 0.0225646
0.775 0.0222729
0.78 0.0219868
0.785 0.0217061
0.79 0.0214307
0.795 0.0211606
0.8 0.0208955
0.805 0.0206353
0.81 0.0203799
0.815 0.0201292
0.82 0.0198831
0.825 0.0196415
0.83 0.0194042
0.835 0.0191712
0.84 0.0189423
0.845 0.0187175
0.85 0.0184967
0.855 0.0182797
0.86 0.0180665
0.865 0.017857
0.87 0.0176512
0.875 0.0174488
0.88 0.0172499
0.885 0.0170543
0.89 0.0168621
0.895 0.0166731
0.9 0.0164872
0.905 0.0163044
0.91 0.0161246
0.915 0.0159478
0.92 0.0157738
0.925 0.0156027
0.93 0.0154343
0.935 0.0152687
0.94 0.0151057
0.945 0.0149452
0.95 0.0147873
0.955 0.0146319
0.96 0.0144789
0.965 0.0143283
0.97 0.01418
0.975 0.014034
0.98 0.0138903
0.985 0.0137487
0.99 0.0136093
0.995 0.013472
1 0.0133367
1.005 0.0132035
1.01 0.0130723
1.015 0.012943
1.02 0.0128155
1.025 0.01269
1.03 0.0125663
1.035 0.0124444
1.04 0.0123242
1.045 0.0122058
1.05 0.0120891
1.055 0.011974
1.06 0.0118606
1.065 0.0117488
1.07 0.0116385
1.075 0.0115298
1.08 0.0114226
1.085 0.0113168
1.09 0.0112126
1.095 0.0111097
1.1 0.0110083
1.105 0.0109083
1.11 0.0108096
1.115 0.0107122
1.12 0.0106161
1.125 0.0105214
1.13 0.0104278
1.135 0.0103356
1.14 0.0102445
1.145 0.0101546
1.15 0.010066
1.155 0.00997842
1.16 0.00989202
1.165 0.00980673
1.17 0.00972254
1.175 0.00963943
1.18 0.00955738
1.185 0.00947637
1.19 0.00939638
1.195 0.0093174
1.2 0.0092394
1.205 0.00916238
1.21 0.00908632
1.215 0.0090112
1.22 0.00893701
1.225 0.00886373
1.23 0.00879134
1.235 0.00871983
1.24 0.00864919
1.245 0.00857941
1.25 0.00851046
1.255 0.00844234
1.26 0.00837504
1.265 0.00830853
1.27 0.00824282
1.275 0.00817787
1.28 0.00811369
1.285 0.00805027
1.29 0.00798758
1.295 0.00792562
1.3 0.00786437
1.305 0.00780384
1.31 0.00774399
1.315 0.00768484
1.32 0.00762635
1.325 0.00756853
1.33 0.00751137
1.335 0.00745485
1.34 0.00739896
1.345 0.0073437
1.35 0.00728905
1.355 0.00723501
1.36 0.00718157
1.365 0.00712872
1.37 0.00707645
1.375 0.00702475
1.38 0.00697361
1.385 0.00692303
1.39 0.006873
1.395 0.00682351
1.4 0.00677455
1.405 0.00672611
1.41 0.00667819
1.415 0.00663078
1.42 0.00658387
1.425 0.00653746
1.43 0.00649153
1.435 0.00644609
1.44 0.00640112
1.445 0.00635662
1.45 0.00631259
1.455 0.006269
1.46 0.00622587
1.465 0.00618318
1.47 0.00614093
1.475 0.0060991
1.48 0.00605771
1.485 0.00601673
1.49 0.00597617
1.495 0.00593601
1.5 0.00589626
1.505 0.0058569
1.51 0.00581794
1.515 0.00577937
1.52 0.00574117
1.525 0.00570336
1.53 0.00566591
1.535 0.00562883
1.54 0.00559212
1.545 0.00555576
1.55 0.00551976
1.555 0.0054841
1.56 0.00544879
1.565 0.00541382
1.57 0.00537918
1.575 0.00534487
1.58 0.00531089
1.585 0.00527724
1.59 0.0052439
1.595 0.00521087
1.6 0.00517816
1.605 0.00514575
1.61 0.00511365
1.615 0.00508185
1.62 0.00505034
1.625 0.00501912
1.63 0.00498819
1.635 0.00495755
1.64 0.00492718
1.645 0.0048971
1.65 0.00486729
1.655 0.00483775
1.66 0.00480848
1.665 0.00477947
1.67 0.00475072
1.675 0.00472224
1.68 0.004694
1.685 0.00466602
1.69 0.00463829
1.695 0.00461081
1.7 0.00458357
1.705 0.00455657
1.71 0.0045298
1.715 0.00450328
1.72 0.00447698
1.725 0.00445091
1.73 0.00442507
1.735 0.00439946
1.74 0.00437406
1.745 0.00434889
1.75 0.00432393
1.755 0.00429919
1.76 0.00427465
1.765 0.00425033
1.77 0.00422621
1.775 0.0042023
1.78 0.00417859
1.785 0.00415508
1.79 0.00413177
1.795 0.00410865
1.8 0.00408573
1.805 0.00406299
1.81 0.00404045
1.815 0.00401809
1.82 0.00399592
1.825 0.00397393
1.83 0.00395212
1.835 0.00393049
1.84 0.00390904
1.845 0.00388777
1.85 0.00386666
1.855 0.00384573
1.86 0.00382496
1.865 0.00380437
1.87 0.00378394
1.875 0.00376367
1.88 0.00374357
1.885 0.00372363
1.89 0.00370384
1.895 0.00368421
1.9 0.00366474
1.905 0.00364542
1.91 0.00362626
1.915 0.00360724
1.92 0.00358838
1.925 0.00356966
1.93 0.00355108
1.935 0.00353266
1.94 0.00351437
1.945 0.00349623
1.95 0.00347822
1.955 0.00346036
1.96 0.00344263
1.965 0.00342504
1.97 0.00340758
1.975 0.00339026
1.98 0.00337306
1.985 0.003356
1.99 0.00333907
1.995 0.00332226
2 0.00330558
2.005 0.00328903
2.01 0.0032726
2.015 0.00325629
2.02 0.0032401
2.025 0.00322404
2.03 0.00320809
2.035 0.00319226
2.04 0.00317655
2.045 0.00316095
2.05 0.00314547
2.055 0.0031301
2.06 0.00311485
2.065 0.0030997
2.07 0.00308467
2.075 0.00306974
2.08 0.00305492
2.085 0.00304021
2.09 0.00302561
2.095 0.00301111
2.1 0.00299671
2.105 0.00298242
2.11 0.00296823
2.115 0.00295414
2.12 0.00294015
2.125 0.00292626
2.13 0.00291247
2.135 0.00289877
2.14 0.00288517
2.145 0.00287167
2.15 0.00285826
2.155 0.00284494
2.16 0.00283172
2.165 0.00281859
2.17 0.00280555
2.175 0.0027926
2.18 0.00277974
2.185 0.00276697
2.19 0.00275428
2.195 0.00274168
2.2 0.00272917
2.205 0.00271675
2.21 0.00270441
2.215 0.00269215
2.22 0.00267998
2.225 0.00266788
2.23 0.00265588
2.235 0.00264395
2.24 0.0026321
2.245 0.00262033
2.25 0.00260864
2.255 0.00259702
2.26 0.00258549
2.265 0.00257403
2.27 0.00256265
2.275 0.00255134
2.28 0.00254011
2.285 0.00252895
2.29 0.00251786
2.295 0.00250685
2.3 0.00249591
2.305 0.00248504
2.31 0.00247424
2.315 0.00246351
2.32 0.00245285
2.325 0.00244226
2.33 0.00243174
2.335 0.00242129
2.34 0.0024109
2.345 0.00240058
2.35 0.00239033
2.355 0.00238014
2.36 0.00237002
2.365 0.00235996
2.37 0.00234996
2.375 0.00234003
2.38 0.00233016
2.385 0.00232036
2.39 0.00231061
2.395 0.00230093
2.4 0.00229131
2.405 0.00228174
2.41 0.00227224
2.415 0.0022628
2.42 0.00225341
2.425 0.00224409
2.43 0.00223482
2.435 0.0022256
2.44 0.00221645
2.445 0.00220735
2.45 0.00219831
2.455 0.00218932
2.46 0.00218039
2.465 0.00217151
2.47 0.00216269
2.475 0.00215392
2.48 0.0021452
2.485 0.00213654
2.49 0.00212793
2.495 0.00211937
2.5 0.00211086
2.505 0.0021024
2.51 0.00209399
2.515 0.00208564
2.52 0.00207733
2.525 0.00206908
2.53 0.00206087
2.535 0.00205271
2.54 0.0020446
2.545 0.00203654
2.55 0.00202852
2.555 0.00202055
2.56 0.00201263
2.565 0.00200476
2.57 0.00199693
2.575 0.00198915
2.58 0.00198141
2.585 0.00197372
2.59 0.00196607
2.595 0.00195847
2.6 0.00195091
2.605 0.00194339
2.61 0.00193592
2.615 0.00192849
2.62 0.0019211
2.625 0.00191376
2.63 0.00190646
2.635 0.0018992
2.64 0.00189198
2.645 0.0018848
2.65 0.00187766
2.655 0.00187057
2.66 0.00186351
2.665 0.00185649
2.67 0.00184952
2.675 0.00184258
2.68 0.00183568
2.685 0.00182882
2.69 0.001822
2.695 0.00181521
2.7 0.00180847
2.705 0.00180176
2.71 0.00179509
2.715 0.00178845
2.72 0.00178185
2.725 0.00177529
2.73 0.00176877
2.735 0.00176228
2.74 0.00175582
2.745 0.00174941
2.75 0.00174302
2.755 0.00173667
2.76 0.00173036
2.765 0.00172408
2.77 0.00171784
2.775 0.00171163
2.78 0.00170545
2.785 0.0016993
2.79 0.00169319
2.795 0.00168711
2.8 0.00168107
2.805 0.00167505
2.81 0.00166907
2.815 0.00166312
2.82 0.00165721
2.825 0.00165132
2.83 0.00164547
2.835 0.00163964
2.84 0.00163385
2.845 0.00162809
2.85 0.00162236
2.855 0.00161666
2.86 0.00161098
2.865 0.00160534
2.87 0.00159973
2.875 0.00159415
2.88 0.00158859
2.885 0.00158307
2.89 0.00157757
2.895 0.00157211
2.9 0.00156667
2.905 0.00156126
2.91 0.00155587
2.915 0.00155052
2.92 0.00154519
2.925 0.00153989
2.93 0.00153462
2.935 0.00152937
2.94 0.00152416
2.945 0.00151896
2.95 0.0015138
2.955 0.00150866
2.96 0.00150354
2.965 0.00149846
2.97 0.0014934
2.975 0.00148836
2.98 0.00148335
2.985 0.00147836
2.99 0.0014734
2.995 0.00146847
3 0.00146356
3.005 0.00145867
3.01 0.00145381
3.015 0.00144897
3.02 0.00144416
3.025 0.00143937
3.03 0.0014346
3.035 0.00142986
3.04 0.00142514
3.045 0.00142045
3.05 0.00141578
3.055 0.00141113
3.06 0.0014065
3.065 0.0014019
3.07 0.00139732
3.075 0.00139276
3.08 0.00138822
3.085 0.00138371
3.09 0.00137922
3.095 0.00137475
3.1 0.0013703
3.105 0.00136587
3.11 0.00136147
3.115 0.00135708
3.12 0.00135272
3.125 0.00134838
3.13 0.00134405
3.135 0.00133975
3.14 0.00133547
3.145 0.00133121
3.15 0.00132698
3.155 0.00132276
3.16 0.00131856
3.165 0.00131438
3.17 0.00131022
3.175 0.00130608
3.18 0.00130196
3.185 0.00129786
3.19 0.00129378
3.195 0.00128972
3.2 0.00128567
3.205 0.00128165
3.21 0.00127765
3.215 0.00127366
3.22 0.00126969
3.225 0.00126574
3.23 0.00126181
3.235 0.0012579
3.24 0.00125401
3.245 0.00125013
3.25 0.00124627
3.255 0.00124243
3.26 0.00123861
3.265 0.0012348
3.27 0.00123102
3.275 0.00122725
3.28 0.00122349
3.285 0.00121976
3.29 0.00121604
3.295 0.00121234
3.3 0.00120865
3.305 0.00120498
3.31 0.00120133
3.315 0.0011977
3.32 0.00119408
3.325 0.00119048
3.33 0.00118689
3.335 0.00118332
3.34 0.00117977
3.345 0.00117623
3.35 0.00117271
3.355 0.00116921
3.36 0.00116572
3.365 0.00116224
3.37 0.00115878
3.375 0.00115534
3.38 0.00115191
3.385 0.0011485
3.39 0.0011451
3.395 0.00114172
3.4 0.00113835
3.405 0.001135
3.41 0.00113166
3.415 0.00112833
3.42 0.00112503
3.425 0.00112173
3.43 0.00111845
3.435 0.00111519
3.44 0.00111193
3.445 0.0011087
3.45 0.00110547
3.455 0.00110227
3.46 0.00109907
3.465 0.00109589
3.47 0.00109272
3.475 0.00108957
3.48 0.00108643
3.485 0.0010833
3.49 0.00108019
3.495 0.00107709
3.5 0.001074
3.505 0.00107093
3.51 0.00106787
3.515 0.00106482
3.52 0.00106179
3.525 0.00105877
3.53 0.00105576
3.535 0.00105277
3.54 0.00104978
3.545 0.00104681
3.55 0.00104386
3.555 0.00104091
3.56 0.00103798
3.565 0.00103506
3.57 0.00103215
3.575 0.00102926
3.58 0.00102637
3.585 0.0010235
3.59 0.00102064
3.595 0.0010178
3.6 0.00101496
3.605 0.00101214
3.61 0.00100933
3.615 0.00100653
3.62 0.00100374
3.625 0.00100096
3.63 0.000998198
3.635 0.000995444
3.64 0.000992702
3.645 0.000989971
3.65 0.000987251
3.655 0.000984543
3.66 0.000981845
3.665 0.000979159
3.67 0.000976483
3.675 0.000973819
3.68 0.000971165
3.685 0.000968523
3.69 0.000965891
3.695 0.000963269
3.7 0.000960659
3.705 0.000958059
3.71 0.000955469
3.715 0.000952891
3.72 0.000950322
3.725 0.000947764
3.73 0.000945216
3.735 0.000942678
3.74 0.000940151
3.745 0.000937634
3.75 0.000935127
3.755 0.000932629
3.76 0.000930142
3.765 0.000927665
3.77 0.000925198
3.775 0.00092274
3.78 0.000920293
3.785 0.000917855
3.79 0.000915426
3.795 0.000913008
3.8 0.000910599
3.805 0.000908199
3.81 0.000905809
3.815 0.000903428
3.82 0.000901057
3.825 0.000898695
3.83 0.000896342
3.835 0.000893999
3.84 0.000891664
3.845 0.000889339
3.85 0.000887023
3.855 0.000884716
3.86 0.000882418
3.865 0.000880129
3.87 0.000877848
3.875 0.000875577
3.88 0.000873314
3.885 0.00087106
3.89 0.000868815
3.895 0.000866579
3.9 0.000864351
3.905 0.000862132
3.91 0.000859921
3.915 0.000857719
3.92 0.000855525
3.925 0.00085334
3.93 0.000851163
3.935 0.000848994
3.94 0.000846833
3.945 0.000844681
3.95 0.000842537
3.955 0.000840401
3.96 0.000838274
3.965 0.000836154
3.97 0.000834042
3.975 0.000831939
3.98 0.000829843
3.985 0.000827755
3.99 0.000825675
3.995 0.000823603
4 0.000821539
4.005 0.000819482
4.01 0.000817433
4.015 0.000815392
4.02 0.000813358
4.025 0.000811333
4.03 0.000809314
4.035 0.000807303
4.04 0.0008053
4.045 0.000803304
4.05 0.000801315
4.055 0.000799334
4.06 0.00079736
4.065 0.000795394
4.07 0.000793435
4.075 0.000791483
4.08 0.000789538
4.085 0.0007876
4.09 0.000785669
4.095 0.000783746
4.1 0.00078183
4.105 0.00077992
4.11 0.000778018
4.115 0.000776122
4.12 0.000774234
4.125 0.000772352
4.13 0.000770477
4.135 0.000768609
4.14 0.000766748
4.145 0.000764894
4.15 0.000763046
4.155 0.000761205
4.16 0.00075937
4.165 0.000757543
4.17 0.000755721
4.175 0.000753907
4.18 0.000752099
4.185 0.000750297
4.19 0.000748502
4.195 0.000746713
4.2 0.000744931
4.205 0.000743155
4.21 0.000741385
4.215 0.000739622
4.22 0.000737865
4.225 0.000736114
4.23 0.00073437
4.235 0.000732632
4.24 0.000730899
4.245 0.000729173
4.25 0.000727454
4.255 0.00072574
4.26 0.000724032
4.265 0.00072233
4.27 0.000720634
4.275 0.000718944
4.28 0.000717261
4.285 0.000715583
4.29 0.000713911
4.295 0.000712244
4.3 0.000710584
4.305 0.000708929
4.31 0.00070728
4.315 0.000705637
4.32 0.000704
4.325 0.000702368
4.33 0.000700742
4.335 0.000699122
4.34 0.000697507
4.345 0.000695898
4.35 0.000694294
4.355 0.000692696
4.36 0.000691104
4.365 0.000689516
4.37 0.000687935
4.375 0.000686359
4.38 0.000684788
4.385 0.000683222
4.39 0.000681662
4.395 0.000680108
4.4 0.000678558
4.405 0.000677014
4.41 0.000675475
4.415 0.000673942
4.42 0.000672413
4.425 0.00067089
4.43 0.000669372
4.435 0.000667859
4.44 0.000666351
4.445 0.000664849
4.45 0.000663351
4.455 0.000661859
4.46 0.000660371
4.465 0.000658889
4.47 0.000657411
4.475 0.000655939
4.48 0.000654471
4.485 0.000653008
4.49 0.000651551
4.495 0.000650098
4.5 0.00064865
4.505 0.000647206
4.51 0.000645768
4.515 0.000644334
4.52 0.000642906
4.525 0.000641481
4.53 0.000640062
4.535 0.000638647
4.54 0.000637237
4.545 0.000635832
4.55 0.000634431
4.555 0.000633035
4.56 0.000631644
4.565 0.000630257
4.57 0.000628875
4.575 0.000627497
4.58 0.000626124
4.585 0.000624755
4.59 0.000623391
4.595 0.000622031
4.6 0.000620675
4.605 0.000619325
4.61 0.000617978
4.615 0.000616636
4.62 0.000615298
4.625 0.000613965
4.63 0.000612636
4.635 0.000611311
4.64 0.00060999
4.645 0.000608674
4.65 0.000607362
4.655 0.000606054
4.66 0.000604751
4.665 0.000603451
4.67 0.000602156
4.675 0.000600865
4.68 0.000599579
4.685 0.000598296
4.69 0.000597017
4.695 0.000595743
4.7 0.000594472
4.705 0.000593206
4.71 0.000591944
4.715 0.000590685
4.72 0.000589431
4.725 0.000588181
4.73 0.000586935
4.735 0.000585692
4.74 0.000584454
4.745 0.000583219
4.75 0.000581989
4.755 0.000580762
4.76 0.000579539
4.765 0.00057832
4.77 0.000577105
4.775 0.000575894
4.78 0.000574686
4.785 0.000573483
4.79 0.000572283
4.795 0.000571087
4.8 0.000569894
4.805 0.000568705
4.81 0.000567521
4.815 0.000566339
4.82 0.000565162
4.825 0.000563988
4.83 0.000562817
4.835 0.000561651
4.84 0.000560488
4.845 0.000559328
4.85 0.000558173
4.855 0.00055702
4.86 0.000555872
4.865 0.000554727
4.87 0.000553585
4.875 0.000552447
4.88 0.000551312
4.885 0.000550181
4.89 0.000549054
4.895 0.00054793
4.9 0.000546809
4.905 0.000545692
4.91 0.000544578
4.915 0.000543468
4.92 0.000542361
4.925 0.000541257
4.93 0.000540157
4.935 0.00053906
4.94 0.000537966
4.945 0.000536876
4.95 0.000535789
4.955 0.000534705
4.96 0.000533625
4.965 0.000532548
4.97 0.000531474
4.975 0.000530403
4.98 0.000529336
4.985 0.000528272
4.99 0.000527211
4.995 0.000526153
5 0.000525099
5.005 0.000524047
5.01 0.000522999
5.015 0.000521954
5.02 0.000520912
5.025 0.000519873
5.03 0.000518837
5.035 0.000517805
5.04 0.000516775
5.045 0.000515748
5.05 0.000514725
5.055 0.000513705
5.06 0.000512687
5.065 0.000511673
5.07 0.000510661
5.075 0.000509653
5.08 0.000508648
5.085 0.000507645
5.09 0.000506646
5.095 0.000505649
5.1 0.000504656
5.105 0.000503665
5.11 0.000502677
5.115 0.000501693
5.12 0.000500711
5.125 0.000499732
5.13 0.000498755
5.135 0.000497782
5.14 0.000496812
5.145 0.000495844
5.15 0.000494879
5.155 0.000493917
5.16 0.000492958
5.165 0.000492002
5.17 0.000491048
5.175 0.000490097
5.18 0.000489149
5.185 0.000488204
5.19 0.000487261
5.195 0.000486321
5.2 0.000485384
5.205 0.000484449
5.21 0.000483518
5.215 0.000482588
5.22 0.000481662
5.225 0.000480738
5.23 0.000479817
5.235 0.000478899
5.24 0.000477983
5.245 0.00047707
5.25 0.000476159
5.255 0.000475251
5.26 0.000474346
5.265 0.000473443
5.27 0.000472543
5.275 0.000471645
5.28 0.00047075
5.285 0.000469857
5.29 0.000468967
5.295 0.00046808
5.3 0.000467195
5.305 0.000466313
5.31 0.000465433
5.315 0.000464555
5.32 0.00046368
5.325 0.000462808
5.33 0.000461937
5.335 0.00046107
5.34 0.000460205
5.345 0.000459342
5.35 0.000458482
5.355 0.000457624
5.36 0.000456768
5.365 0.000455915
5.37 0.000455064
5.375 0.000454216
5.38 0.00045337
5.385 0.000452526
5.39 0.000451685
5.395 0.000450846
5.4 0.00045001
5.405 0.000449175
5.41 0.000448343
5.415 0.000447514
5.42 0.000446686
5.425 0.000445861
5.43 0.000445039
5.435 0.000444218
5.44 0.0004434
5.445 0.000442584
5.45 0.00044177
5.455 0.000440959
5.46 0.00044015
5.465 0.000439343
5.47 0.000438538
5.475 0.000437735
5.48 0.000436935
5.485 0.000436137
5.49 0.000435341
5.495 0.000434547
5.5 0.000433755
5.505 0.000432966
5.51 0.000432178
5.515 0.000431393
5.52 0.00043061
5.525 0.000429829
5.53 0.00042905
5.535 0.000428274
5.54 0.000427499
5.545 0.000426727
5.55 0.000425956
5.555 0.000425188
5.56 0.000424422
5.565 0.000423658
5.57 0.000422895
5.575 0.000422135
5.58 0.000421377
5.585 0.000420621
5.59 0.000419868
5.595 0.000419116
5.6 0.000418366
5.605 0.000417618
5.61 0.000416872
5.615 0.000416128
5.62 0.000415386
5.625 0.000414646
5.63 0.000413908
5.635 0.000413172
5.64 0.000412438
5.645 0.000411706
5.65 0.000410976
5.655 0.000410248
5.66 0.000409522
5.665 0.000408798
5.67 0.000408075
5.675 0.000407355
5.68 0.000406636
5.685 0.00040592
5.69 0.000405205
5.695 0.000404492
5.7 0.000403781
5.705 0.000403072
5.71 0.000402365
5.715 0.000401659
5.72 0.000400956
5.725 0.000400254
5.73 0.000399554
5.735 0.000398856
5.74 0.00039816
5.745 0.000397465
5.75 0.000396773
5.755 0.000396082
5.76 0.000395393
5.765 0.000394706
5.77 0.000394021
5.775 0.000393337
5.78 0.000392655
5.785 0.000391975
5.79 0.000391297
5.795 0.00039062
5.8 0.000389946
5.805 0.000389273
5.81 0.000388601
5.815 0.000387932
5.82 0.000387264
5.825 0.000386598
5.83 0.000385934
5.835 0.000385271
5.84 0.00038461
5.845 0.000383951
5.85 0.000383293
5.855 0.000382637
5.86 0.000381983
5.865 0.000381331
5.87 0.00038068
5.875 0.000380031
5.88 0.000379383
5.885 0.000378737
5.89 0.000378093
5.895 0.00037745
5.9 0.000376809
5.905 0.00037617
5.91 0.000375532
5.915 0.000374896
5.92 0.000374262
5.925 0.000373629
5.93 0.000372998
5.935 0.000372368
5.94 0.00037174
5.945 0.000371114
5.95 0.000370489
5.955 0.000369866
5.96 0.000369244
5.965 0.000368624
5.97 0.000368005
5.975 0.000367388
5.98 0.000366773
5.985 0.000366159
5.99 0.000365546
5.995 0.000364935
6 0.000364326
6.005 0.000363718
6.01 0.000363112
6.015 0.000362507
6.02 0.000361904
6.025 0.000361302
6.03 0.000360702
6.035 0.000360103
6.04 0.000359506
6.045 0.00035891
6.05 0.000358316
6.055 0.000357723
6.06 0.000357131
6.065 0.000356541
6.07 0.000355953
6.075 0.000355366
6.08 0.00035478
6.085 0.000354196
6.09 0.000353614
6.095 0.000353032
6.1 0.000352453
6.105 0.000351874
6.11 0.000351297
6.115 0.000350722
6.12 0.000350148
6.125 0.000349575
6.13 0.000349004
6.135 0.000348434
6.14 0.000347865
6.145 0.000347298
6.15 0.000346732
6.155 0.000346168
6.16 0.000345605
6.165 0.000345043
6.17 0.000344483
6.175 0.000343924
6.18 0.000343367
6.185 0.000342811
6.19 0.000342256
6.195 0.000341702
6.2 0.00034115
6.205 0.0003406
6.21 0.00034005
6.215 0.000339502
6.22 0.000338955
6.225 0.00033841
6.23 0.000337866
6.235 0.000337323
6.24 0.000336781
6.245 0.000336241
6.25 0.000335702
6.255 0.000335164
6.26 0.000334628
6.265 0.000334093
6.27 0.000333559
6.275 0.000333027
6.28 0.000332495
6.285 0.000331965
6.29 0.000331437
6.295 0.000330909
6.3 0.000330383
6.305 0.000329858
6.31 0.000329335
6.315 0.000328812
6.32 0.000328291
6.325 0.000327771
6.33 0.000327252
6.335 0.000326735
6.34 0.000326218
6.345 0.000325703
6.35 0.00032519
6.355 0.000324677
6.36 0.000324166
6.365 0.000323655
6.37 0.000323146
6.375 0.000322639
6.38 0.000322132
6.385 0.000321627
6.39 0.000321123
6.395 0.000320619
6.4 0.000320118
6.405 0.000319617
6.41 0.000319117
6.415 0.000318619
6.42 0.000318122
6.425 0.000317626
6.43 0.000317131
6.435 0.000316638
6.44 0.000316145
6.445 0.000315654
6.45 0.000315163
6.455 0.000314674
6.46 0.000314186
6.465 0.0003137
6.47 0.000313214
6.475 0.000312729
6.48 0.000312246
6.485 0.000311764
6.49 0.000311282
6.495 0.000310802
6.5 0.000310323
6.505 0.000309845
6.51 0.000309369
6.515 0.000308893
6.52 0.000308418
6.525 0.000307945
6.53 0.000307473
6.535 0.000307001
6.54 0.000306531
6.545 0.000306062
6.55 0.000305594
6.555 0.000305127
6.56 0.000304661
6.565 0.000304196
6.57 0.000303732
6.575 0.000303269
6.58 0.000302808
6.585 0.000302347
6.59 0.000301888
6.595 0.000301429
6.6 0.000300972
6.605 0.000300515
6.61 0.00030006
6.615 0.000299605
6.62 0.000299152
6.625 0.0002987
6.63 0.000298248
6.635 0.000297798
6.64 0.000297349
6.645 0.000296901
6.65 0.000296453
6.655 0.000296007
6.66 0.000295562
6.665 0.000295118
6.67 0.000294675
6.675 0.000294232
6.68 0.000293791
6.685 0.000293351
6.69 0.000292912
6.695 0.000292474
6.7 0.000292036
6.705 0.0002916
6.71 0.000291165
6.715 0.00029073
6.72 0.000290297
6.725 0.000289865
6.73 0.000289433
6.735 0.000289003
6.74 0.000288573
6.745 0.000288145
6.75 0.000287717
6.755 0.000287291
6.76 0.000286865
6.765 0.00028644
6.77 0.000286016
6.775 0.000285593
6.78 0.000285172
6.785 0.000284751
6.79 0.00028433
6.795 0.000283911
6.8 0.000283493
6.805 0.000283076
6.81 0.000282659
6.815 0.000282244
6.82 0.00028183
6.825 0.000281416
6.83 0.000281003
6.835 0.000280591
6.84 0.00028018
6.845 0.000279771
6.85 0.000279361
6.855 0.000278953
6.86 0.000278546
6.865 0.00027814
6.87 0.000277734
6.875 0.000277329
6.88 0.000276926
6.885 0.000276523
6.89 0.000276121
6.895 0.00027572
6.9 0.000275319
6.905 0.00027492
6.91 0.000274521
6.915 0.000274124
6.92 0.000273727
6.925 0.000273331
6.93 0.000272936
6.935 0.000272542
6.94 0.000272149
6.945 0.000271756
6.95 0.000271364
6.955 0.000270974
6.96 0.000270584
6.965 0.000270195
6.97 0.000269806
6.975 0.000269419
6.98 0.000269032
6.985 0.000268646
6.99 0.000268261
6.995 0.000267877
7 0.000267494
7.005 0.000267112
7.01 0.00026673
7.015 0.000266349
7.02 0.000265969
7.025 0.00026559
7.03 0.000265211
7.035 0.000264834
7.04 0.000264457
7.045 0.000264081
7.05 0.000263706
7.055 0.000263332
7.06 0.000262958
7.065 0.000262585
7.07 0.000262213
7.075 0.000261842
7.08 0.000261472
7.085 0.000261102
7.09 0.000260733
7.095 0.000260365
7.1 0.000259998
7.105 0.000259631
7.11 0.000259265
7.115 0.0002589
7.12 0.000258536
7.125 0.000258173
7.13 0.00025781
7.135 0.000257448
7.14 0.000257087
7.145 0.000256727
7.15 0.000256367
7.155 0.000256008
7.16 0.00025565
7.165 0.000255293
7.17 0.000254936
7.175 0.00025458
7.18 0.000254225
7.185 0.000253871
7.19 0.000253517
7.195 0.000253164
7.2 0.000252812
7.205 0.000252461
7.21 0.00025211
7.215 0.00025176
7.22 0.000251411
7.225 0.000251062
7.23 0.000250714
7.235 0.000250367
7.24 0.000250021
7.245 0.000249675
7.25 0.00024933
7.255 0.000248986
7.26 0.000248643
7.265 0.0002483
7.27 0.000247958
7.275 0.000247617
7.28 0.000247276
7.285 0.000246936
7.29 0.000246597
7.295 0.000246258
7.3 0.00024592
7.305 0.000245583
7.31 0.000245247
7.315 0.000244911
7.32 0.000244576
7.325 0.000244241
7.33 0.000243908
7.335 0.000243575
7.34 0.000243242
7.345 0.000242911
7.35 0.00024258
7.355 0.000242249
7.36 0.00024192
7.365 0.000241591
7.37 0.000241262
7.375 0.000240935
7.38 0.000240608
7.385 0.000240281
7.39 0.000239956
7.395 0.000239631
7.4 0.000239306
7.405 0.000238983
7.41 0.00023866
7.415 0.000238337
7.42 0.000238016
7.425 0.000237695
7.43 0.000237374
7.435 0.000237054
7.44 0.000236735
7.445 0.000236417
7.45 0.000236099
7.455 0.000235782
7.46 0.000235465
7.465 0.000235149
7.47 0.000234834
7.475 0.00023452
7.48 0.000234206
7.485 0.000233892
7.49 0.000233579
7.495 0.000233267
7.5 0.000232956
7.505 0.000232645
7.51 0.000232335
7.515 0.000232025
7.52 0.000231716
7.525 0.000231408
7.53 0.0002311
7.535 0.000230793
7.54 0.000230486
7.545 0.00023018
7.55 0.000229875
7.555 0.00022957
7.56 0.000229266
7.565 0.000228963
7.57 0.00022866
7.575 0.000228357
7.58 0.000228056
7.585 0.000227755
7.59 0.000227454
7.595 0.000227154
7.6 0.000226855
7.605 0.000226556
7.61 0.000226258
7.615 0.00022596
7.62 0.000225663
7.625 0.000225367
7.63 0.000225071
7.635 0.000224776
7.64 0.000224481
7.645 0.000224187
7.65 0.000223894
7.655 0.000223601
7.66 0.000223308
7.665 0.000223017
7.67 0.000222725
7.675 0.000222435
7.68 0.000222145
7.685 0.000221855
7.69 0.000221566
7.695 0.000221278
7.7 0.00022099
7.705 0.000220703
7.71 0.000220416
7.715 0.00022013
7.72 0.000219845
7.725 0.00021956
7.73 0.000219275
7.735 0.000218991
7.74 0.000218708
7.745 0.000218425
7.75 0.000218143
7.755 0.000217861
7.76 0.00021758
7.765 0.000217299
7.77 0.000217019
7.775 0.00021674
7.78 0.000216461
7.785 0.000216182
7.79 0.000215904
7.795 0.000215627
7.8 0.00021535
7.805 0.000215074
7.81 0.000214798
7.815 0.000214523
7.82 0.000214248
7.825 0.000213974
7.83 0.0002137
7.835 0.000213427
7.84 0.000213154
7.845 0.000212882
7.85 0.000212611
7.855 0.00021234
7.86 0.000212069
7.865 0.000211799
7.87 0.00021153
7.875 0.000211261
7.88 0.000210992
7.885 0.000210724
7.89 0.000210457
7.895 0.00021019
7.9 0.000209923
7.905 0.000209657
7.91 0.000209392
7.915 0.000209127
7.92 0.000208863
7.925 0.000208599
7.93 0.000208335
7.935 0.000208072
7.94 0.00020781
7.945 0.000207548
7.95 0.000207286
7.955 0.000207026
7.96 0.000206765
7.965 0.000206505
7.97 0.000206246
7.975 0.000205987
7.98 0.000205728
7.985 0.00020547
7.99 0.000205213
7.995 0.000204956
8 0.000204699
8.005 0.000204443
8.01 0.000204187
8.015 0.000203932
8.02 0.000203678
8.025 0.000203423
8.03 0.00020317
8.035 0.000202917
8.04 0.000202664
8.045 0.000202411
8.05 0.00020216
8.055 0.000201908
8.06 0.000201658
8.065 0.000201407
8.07 0.000201157
8.075 0.000200908
8.08 0.000200659
8.085 0.00020041
8.09 0.000200162
8.095 0.000199914
8.1 0.000199667
8.105 0.000199421
8.11 0.000199174
8.115 0.000198929
8.12 0.000198683
8.125 0.000198438
8.13 0.000198194
8.135 0.00019795
8.14 0.000197706
8.145 0.000197463
8.15 0.000197221
8.155 0.000196979
8.16 0.000196737
8.165 0.000196496
8.17 0.000196255
8.175 0.000196014
8.18 0.000195774
8.185 0.000195535
8.19 0.000195296
8.195 0.000195057
8.2 0.000194819
8.205 0.000194581
8.21 0.000194344
8.215 0.000194107
8.22 0.00019387
8.225 0.000193634
8.23 0.000193399
8.235 0.000193164
8.24 0.000192929
8.245 0.000192695
8.25 0.000192461
8.255 0.000192227
8.26 0.000191994
8.265 0.000191762
8.27 0.000191529
8.275 0.000191298
8.28 0.000191066
8.285 0.000190835
8.29 0.000190605
8.295 0.000190375
8.3 0.000190145
8.305 0.000189916
8.31 0.000189687
8.315 0.000189458
8.32 0.00018923
8.325 0.000189003
8.33 0.000188776
8.335 0.000188549
8.34 0.000188322
8.345 0.000188096
8.35 0.000187871
8.355 0.000187646
8.36 0.000187421
8.365 0.000187197
8.37 0.000186973
8.375 0.000186749
8.38 0.000186526
8.385 0.000186303
8.39 0.000186081
8.395 0.000185859
8.4 0.000185637
8.405 0.000185416
8.41 0.000185195
8.415 0.000184975
8.42 0.000184755
8.425 0.000184535
8.43 0.000184316
8.435 0.000184097
8.44 0.000183879
8.445 0.000183661
8.45 0.000183443
8.455 0.000183226
8.46 0.000183009
8.465 0.000182793
8.47 0.000182577
8.475 0.000182361
8.48 0.000182145
8.485 0.000181931
8.49 0.000181716
8.495 0.000181502
8.5 0.000181288
8.505 0.000181074
8.51 0.000180861
8.515 0.000180649
8.52 0.000180436
8.525 0.000180224
8.53 0.000180013
8.535 0.000179802
8.54 0.000179591
8.545 0.00017938
8.55 0.00017917
8.555 0.000178961
8.56 0.000178751
8.565 0.000178542
8.57 0.000178334
8.575 0.000178125
8.58 0.000177918
8.585 0.00017771
8.59 0.000177503
8.595 0.000177296
8.6 0.00017709
8.605 0.000176884
8.61 0.000176678
8.615 0.000176473
8.62 0.000176268
8.625 0.000176063
8.63 0.000175859
8.635 0.000175655
8.64 0.000175451
8.645 0.000175248
8.65 0.000175045
8.655 0.000174842
8.66 0.00017464
8.665 0.000174439
8.67 0.000174237
8.675 0.000174036
8.68 0.000173835
8.685 0.000173635
8.69 0.000173435
8.695 0.000173235
8.7 0.000173036
8.705 0.000172837
8.71 0.000172638
8.715 0.000172439
8.72 0.000172241
8.725 0.000172044
8.73 0.000171846
8.735 0.000171649
8.74 0.000171453
8.745 0.000171256
8.75 0.000171061
8.755 0.000170865
8.76 0.00017067
8.765 0.000170475
8.77 0.00017028
8.775 0.000170086
8.78 0.000169892
8.785 0.000169698
8.79 0.000169505
8.795 0.000169312
8.8 0.000169119
8.805 0.000168927
8.81 0.000168735
8.815 0.000168543
8.82 0.000168352
8.825 0.000168161
8.83 0.00016797
8.835 0.00016778
8.84 0.00016759
8.845 0.0001674
8.85 0.000167211
8.855 0.000167021
8.86 0.000166833
8.865 0.000166644
8.87 0.000166456
8.875 0.000166268
8.88 0.000166081
8.885 0.000165894
8.89 0.000165707
8.895 0.00016552
8.9 0.000165334
8.905 0.000165148
8.91 0.000164963
8.915 0.000164777
8.92 0.000164592
8.925 0.000164408
8.93 0.000164223
8.935 0.000164039
8.94 0.000163856
8.945 0.000163672
8.95 0.000163489
8.955 0.000163306
8.96 0.000163124
8.965 0.000162942
8.97 0.00016276
8.975 0.000162578
8.98 0.000162397
8.985 0.000162216
8.99 0.000162035
8.995 0.000161855
9 0.000161675
9.005 0.000161495
9.01 0.000161316
9.015 0.000161136
9.02 0.000160957
9.025 0.000160779
9.03 0.000160601
9.035 0.000160423
9.04 0.000160245
9.045 0.000160068
9.05 0.00015989
9.055 0.000159714
9.06 0.000159537
9.065 0.000159361
9.07 0.000159185
9.075 0.000159009
9.08 0.000158834
9.085 0.000158659
9.09 0.000158484
9.095 0.00015831
9.1 0.000158136
9.105 0.000157962
9.11 0.000157788
9.115 0.000157615
9.12 0.000157442
9.125 0.000157269
9.13 0.000157096
9.135 0.000156924
9.14 0.000156752
9.145 0.000156581
9.15 0.000156409
9.155 0.000156238
9.16 0.000156068
9.165 0.000155897
9.17 0.000155727
9.175 0.000155557
9.18 0.000155387
9.185 0.000155218
9.19 0.000155049
9.195 0.00015488
9.2 0.000154711
9.205 0.000154543
9.21 0.000154375
9.215 0.000154207
9.22 0.00015404
9.225 0.000153873
9.23 0.000153706
9.235 0.000153539
9.24 0.000153373
9.245 0.000153207
9.25 0.000153041
9.255 0.000152875
9.26 0.00015271
9.265 0.000152545
9.27 0.00015238
9.275 0.000152216
9.28 0.000152051
9.285 0.000151887
9.29 0.000151724
9.295 0.00015156
9.3 0.000151397
9.305 0.000151234
9.31 0.000151072
9.315 0.000150909
9.32 0.000150747
9.325 0.000150585
9.33 0.000150424
9.335 0.000150262
9.34 0.000150101
9.345 0.00014994
9.35 0.00014978
9.355 0.00014962
9.36 0.000149459
9.365 0.0001493
9.37 0.00014914
9.375 0.000148981
9.38 0.000148822
9.385 0.000148663
9.39 0.000148505
9.395 0.000148346
9.4 0.000148188
9.405 0.000148031
9.41 0.000147873
9.415 0.000147716
9.42 0.000147559
9.425 0.000147402
9.43 0.000147246
9.435 0.000147089
9.44 0.000146933
9.445 0.000146777
9.45 0.000146622
9.455 0.000146467
9.46 0.000146312
9.465 0.000146157
9.47 0.000146002
9.475 0.000145848
9.48 0.000145694
9.485 0.00014554
9.49 0.000145387
9.495 0.000145233
9.5 0.00014508
9.505 0.000144928
9.51 0.000144775
9.515 0.000144623
9.52 0.000144471
9.525 0.000144319
9.53 0.000144167
9.535 0.000144016
9.54 0.000143865
9.545 0.000143714
9.55 0.000143563
9.555 0.000143413
9.56 0.000143262
9.565 0.000143112
9.57 0.000142963
9.575 0.000142813
9.58 0.000142664
9.585 0.000142515
9.59 0.000142366
9.595 0.000142218
9.6 0.000142069
9.605 0.000141921
9.61 0.000141773
9.615 0.000141626
9.62 0.000141478
9.625 0.000141331
9.63 0.000141184
9.635 0.000141037
9.64 0.000140891
9.645 0.000140745
9.65 0.000140599
9.655 0.000140453
9.66 0.000140307
9.665 0.000140162
9.67 0.000140017
9.675 0.000139872
9.68 0.000139727
9.685 0.000139583
9.69 0.000139439
9.695 0.000139295
9.7 0.000139151
9.705 0.000139007
9.71 0.000138864
9.715 0.000138721
9.72 0.000138578
9.725 0.000138435
9.73 0.000138293
9.735 0.000138151
9.74 0.000138009
9.745 0.000137867
9.75 0.000137725
9.755 0.000137584
9.76 0.000137443
9.765 0.000137302
9.77 0.000137161
9.775 0.000137021
9.78 0.00013688
9.785 0.00013674
9.79 0.000136601
9.795 0.000136461
9.8 0.000136321
9.805 0.000136182
9.81 0.000136043
9.815 0.000135905
9.82 0.000135766
9.825 0.000135628
9.83 0.000135489
9.835 0.000135352
9.84 0.000135214
9.845 0.000135076
9.85 0.000134939
9.855 0.000134802
9.86 0.000134665
9.865 0.000134528
9.87 0.000134392
9.875 0.000134256
9.88 0.00013412
9.885 0.000133984
9.89 0.000133848
9.895 0.000133713
9.9 0.000133578
9.905 0.000133443
9.91 0.000133308
9.915 0.000133173
9.92 0.000133039
9.925 0.000132905
9.93 0.000132771
9.935 0.000132637
9.94 0.000132503
9.945 0.00013237
9.95 0.000132237
9.955 0.000132104
9.96 0.000131971
9.965 0.000131838
9.97 0.000131706
9.975 0.000131574
9.98 0.000131442
9.985 0.00013131
9.99 0.000131178
9.995 0.000131047
