0 -nan
0.005 0.0359443
0.01 0.068691
0.015 0.362725
0.02 0.395165
0.025 0.0898747
0.03 0.821588
0.035 0.773401
0.04 0.35684
0.045 0.110864
0.05 0.0929165
0.055 0.204447
0.06 0.357078
0.065 0.501726
0.07 0.618328
0.075 0.702613
0.08 0.757396
0.085 0.787915
0.09 0.799649
0.095 0.797437
0.1 0.78523
0.105 0.766112
0.11 0.742426
0.115 0.715915
0.12 0.687852
0.125 0.659157
0.13 0.630482
0.135 0.602278
0.14 0.574854
0.145 0.548406
0.15 0.523056
0.155 0.498868
0.16 0.475867
0.165 0.454048
0.17 0.433388
0.175 0.413851
0.18 0.395391
0.185 0.37796
0.19 0.361504
0.195 0.345971
0.2 0.331307
0.205 0.317462
0.21 0.304386
0.215 0.292032
0.22 0.280353
0.225 0.269309
0.23 0.258859
0.235 0.248965
0.24 0.239593
0.245 0.230708
0.25 0.222282
0.255 0.214284
0.26 0.206689
0.265 0.199472
0.27 0.192609
0.275 0.186079
0.28 0.179862
0.285 0.173939
0.29 0.168293
0.295 0.162907
0.3 0.157767
0.305 0.152859
0.31 0.148168
0.315 0.143684
0.32 0.139394
0.325 0.135288
0.33 0.131356
0.335 0.127588
0.34 0.123976
0.345 0.120511
0.35 0.117186
0.355 0.113994
0.36 0.110927
0.365 0.10798
0.37 0.105146
0.375 0.10242
0.38 0.099797
0.385 0.0972712
0.39 0.0948382
0.395 0.0924938
0.4 0.0902336
0.405 0.0880539
0.41 0.0859509
0.415 0.083921
0.42 0.0819611
0.425 0.0800681
0.43 0.0782388
0.435 0.0764706
0.44 0.0747608
0.445 0.0731069
0.45 0.0715065
0.455 0.0699574
0.46 0.0684575
0.465 0.0670046
0.47 0.065597
0.475 0.0642326
0.48 0.0629099
0.485 0.0616272
0.49 0.0603828
0.495 0.0591754
0.5 0.0580034
0.505 0.0568655
0.51 0.0557604
0.515 0.0546868
0.52 0.0536437
0.525 0.0526298
0.53 0.0516441
0.535 0.0506856
0.54 0.0497533
0.545 0.0488462
0.55 0.0479635
0.555 0.0471043
0.56 0.0462678
0.565 0.0454532
0.57 0.0446597
0.575 0.0438866
0.58 0.0431333
0.585 0.042399
0.59 0.0416832
0.595 0.0409853
0.6 0.0403046
0.605 0.0396405
0.61 0.0389927
0.615 0.0383604
0.62 0.0377434
0.625 0.0371409
0.63 0.0365527
0.635 0.0359783
0.64 0.0354172
0.645 0.0348691
0.65 0.0343334
0.655 0.03381
0.66 0.0332984
0.665 0.0327982
0.67 0.0323091
0.675 0.0318309
0.68 0.0313631
0.685 0.0309055
0.69 0.0304577
0.695 0.0300196
0.7 0.0295908
0.705 0.0291711
0.71 0.0287602
0.715 0.0283579
0.72 0.0279639
0.725 0.027578
0.73 0.0272001
0.735 0.0268298
0.74 0.0264669
0.745 0.0261114
0.75 0.0257629
0.755 0.0254213
0.76 0.0250865
0.765 0.0247582
0.77 0.0244362
0.775 0.0241205
0.78 0.0238108
0.785 0.023507
0.79 0.023209
0.795 0.0229166
0.8 0.0226296
0.805 0.022348
0.81 0.0220716
0.815 0.0218002
0.82 0.0215339
0.825 0.0212723
0.83 0.0210155
0.835 0.0207632
0.84 0.0205155
0.845 0.0202722
0.85 0.0200331
0.855 0.0197982
0.86 0.0195675
0.865 0.0193407
0.87 0.0191178
0.875 0.0188988
0.88 0.0186834
0.885 0.0184717
0.89 0.0182636
0.895 0.018059
0.9 0.0178578
0.905 0.0176599
0.91 0.0174653
0.915 0.0172738
0.92 0.0170855
0.925 0.0169002
0.93 0.016718
0.935 0.0165386
0.94 0.0163621
0.945 0.0161884
0.95 0.0160175
0.955 0.0158492
0.96 0.0156836
0.965 0.0155205
0.97 0.01536
0.975 0.0152019
0.98 0.0150463
0.985 0.014893
0.99 0.0147421
0.995 0.0145934
1 0.014447
1.005 0.0143027
1.01 0.0141606
1.015 0.0140206
1.02 0.0138827
1.025 0.0137467
1.03 0.0136128
1.035 0.0134808
1.04 0.0133507
1.045 0.0132225
1.05 0.0130961
1.055 0.0129715
1.06 0.0128487
1.065 0.0127276
1.07 0.0126082
1.075 0.0124904
1.08 0.0123743
1.085 0.0122599
1.09 0.012147
1.095 0.0120356
1.1 0.0119258
1.105 0.0118174
1.11 0.0117106
1.115 0.0116051
1.12 0.0115011
1.125 0.0113985
1.13 0.0112972
1.135 0.0111973
1.14 0.0110987
1.145 0.0110014
1.15 0.0109053
1.155 0.0108105
1.16 0.010717
1.165 0.0106246
1.17 0.0105334
1.175 0.0104434
1.18 0.0103546
1.185 0.0102668
1.19 0.0101802
1.195 0.0100947
1.2 0.0100102
1.205 0.00992681
1.21 0.00984443
1.215 0.00976308
1.22 0.00968273
1.225 0.00960336
1.23 0.00952497
1.235 0.00944753
1.24 0.00937103
1.245 0.00929545
1.25 0.00922078
1.255 0.00914701
1.26 0.00907411
1.265 0.00900209
1.27 0.00893091
1.275 0.00886058
1.28 0.00879107
1.285 0.00872237
1.29 0.00865448
1.295 0.00858737
1.3 0.00852104
1.305 0.00845547
1.31 0.00839066
1.315 0.00832659
1.32 0.00826325
1.325 0.00820062
1.33 0.00813871
1.335 0.00807749
1.34 0.00801696
1.345 0.0079571
1.35 0.00789792
1.355 0.00783939
1.36 0.0077815
1.365 0.00772426
1.37 0.00766764
1.375 0.00761165
1.38 0.00755626
1.385 0.00750147
1.39 0.00744728
1.395 0.00739367
1.4 0.00734064
1.405 0.00728818
1.41 0.00723627
1.415 0.00718492
1.42 0.00713411
1.425 0.00708383
1.43 0.00703409
1.435 0.00698487
1.44 0.00693616
1.445 0.00688796
1.45 0.00684026
1.455 0.00679305
1.46 0.00674633
1.465 0.00670009
1.47 0.00665432
1.475 0.00660901
1.48 0.00656417
1.485 0.00651979
1.49 0.00647585
1.495 0.00643235
1.5 0.00638929
1.505 0.00634666
1.51 0.00630445
1.515 0.00626267
1.52 0.00622129
1.525 0.00618033
1.53 0.00613977
1.535 0.0060996
1.54 0.00605983
1.545 0.00602045
1.55 0.00598144
1.555 0.00594282
1.56 0.00590457
1.565 0.00586668
1.57 0.00582916
1.575 0.00579199
1.58 0.00575519
1.585 0.00571873
1.59 0.00568261
1.595 0.00564684
1.6 0.0056114
1.605 0.00557629
1.61 0.00554151
1.615 0.00550706
1.62 0.00547293
1.625 0.00543911
1.63 0.0054056
1.635 0.00537241
1.64 0.00533951
1.645 0.00530692
1.65 0.00527463
1.655 0.00524263
1.66 0.00521091
1.665 0.00517949
1.67 0.00514835
1.675 0.00511749
1.68 0.0050869
1.685 0.00505659
1.69 0.00502655
1.695 0.00499677
1.7 0.00496726
1.705 0.00493801
1.71 0.00490901
1.715 0.00488027
1.72 0.00485179
1.725 0.00482355
1.73 0.00479555
1.735 0.0047678
1.74 0.00474029
1.745 0.00471301
1.75 0.00468597
1.755 0.00465917
1.76 0.00463259
1.765 0.00460624
1.77 0.00458011
1.775 0.0045542
1.78 0.00452851
1.785 0.00450304
1.79 0.00447779
1.795 0.00445274
1.8 0.0044279
1.805 0.00440327
1.81 0.00437885
1.815 0.00435463
1.82 0.00433061
1.825 0.00430678
1.83 0.00428316
1.835 0.00425972
1.84 0.00423648
1.845 0.00421343
1.85 0.00419056
1.855 0.00416788
1.86 0.00414539
1.865 0.00412307
1.87 0.00410094
1.875 0.00407898
1.88 0.0040572
1.885 0.00403559
1.89 0.00401415
1.895 0.00399289
1.9 0.00397179
1.905 0.00395086
1.91 0.0039301
1.915 0.00390949
1.92 0.00388905
1.925 0.00386877
1.93 0.00384865
1.935 0.00382868
1.94 0.00380887
1.945 0.00378921
1.95 0.0037697
1.955 0.00375035
1.96 0.00373114
1.965 0.00371208
1.97 0.00369316
1.975 0.00367439
1.98 0.00365576
1.985 0.00363728
1.99 0.00361893
1.995 0.00360072
2 0.00358265
2.005 0.00356471
2.01 0.00354691
2.015 0.00352924
2.02 0.0035117
2.025 0.00349429
2.03 0.00347701
2.035 0.00345986
2.04 0.00344284
2.045 0.00342594
2.05 0.00340916
2.055 0.00339251
2.06 0.00337598
2.065 0.00335957
2.07 0.00334328
2.075 0.00332711
2.08 0.00331105
2.085 0.00329511
2.09 0.00327929
2.095 0.00326358
2.1 0.00324798
2.105 0.00323249
2.11 0.00321711
2.115 0.00320185
2.12 0.00318669
2.125 0.00317164
2.13 0.00315669
2.135 0.00314185
2.14 0.00312711
2.145 0.00311248
2.15 0.00309795
2.155 0.00308352
2.16 0.0030692
2.165 0.00305497
2.17 0.00304084
2.175 0.0030268
2.18 0.00301287
2.185 0.00299903
2.19 0.00298529
2.195 0.00297164
2.2 0.00295808
2.205 0.00294462
2.21 0.00293124
2.215 0.00291796
2.22 0.00290477
2.225 0.00289167
2.23 0.00287865
2.235 0.00286573
2.24 0.00285289
2.245 0.00284013
2.25 0.00282747
2.255 0.00281488
2.26 0.00280238
2.265 0.00278996
2.27 0.00277763
2.275 0.00276538
2.28 0.0027532
2.285 0.00274111
2.29 0.0027291
2.295 0.00271717
2.3 0.00270531
2.305 0.00269353
2.31 0.00268183
2.315 0.00267021
2.32 0.00265865
2.325 0.00264718
2.33 0.00263578
2.335 0.00262445
2.34 0.00261319
2.345 0.00260201
2.35 0.0025909
2.355 0.00257986
2.36 0.00256889
2.365 0.00255799
2.37 0.00254716
2.375 0.0025364
2.38 0.0025257
2.385 0.00251508
2.39 0.00250452
2.395 0.00249402
2.4 0.00248359
2.405 0.00247323
2.41 0.00246293
2.415 0.0024527
2.42 0.00244253
2.425 0.00243242
2.43 0.00242238
2.435 0.0024124
2.44 0.00240248
2.445 0.00239262
2.45 0.00238282
2.455 0.00237308
2.46 0.0023634
2.465 0.00235378
2.47 0.00234422
2.475 0.00233471
2.48 0.00232526
2.485 0.00231588
2.49 0.00230654
2.495 0.00229727
2.5 0.00228805
2.505 0.00227888
2.51 0.00226977
2.515 0.00226072
2.52 0.00225172
2.525 0.00224277
2.53 0.00223387
2.535 0.00222503
2.54 0.00221624
2.545 0.00220751
2.55 0.00219882
2.555 0.00219018
2.56 0.0021816
2.565 0.00217307
2.57 0.00216458
2.575 0.00215615
2.58 0.00214776
2.585 0.00213943
2.59 0.00213114
2.595 0.0021229
2.6 0.00211471
2.605 0.00210656
2.61 0.00209847
2.615 0.00209042
2.62 0.00208241
2.625 0.00207445
2.63 0.00206654
2.635 0.00205867
2.64 0.00205085
2.645 0.00204307
2.65 0.00203533
2.655 0.00202764
2.66 0.00201999
2.665 0.00201239
2.67 0.00200483
2.675 0.00199731
2.68 0.00198983
2.685 0.0019824
2.69 0.001975
2.695 0.00196765
2.7 0.00196034
2.705 0.00195307
2.71 0.00194584
2.715 0.00193865
2.72 0.0019315
2.725 0.00192439
2.73 0.00191732
2.735 0.00191028
2.74 0.00190329
2.745 0.00189633
2.75 0.00188942
2.755 0.00188254
2.76 0.00187569
2.765 0.00186889
2.77 0.00186212
2.775 0.00185539
2.78 0.00184869
2.785 0.00184203
2.79 0.00183541
2.795 0.00182882
2.8 0.00182227
2.805 0.00181575
2.81 0.00180927
2.815 0.00180283
2.82 0.00179641
2.825 0.00179003
2.83 0.00178369
2.835 0.00177738
2.84 0.0017711
2.845 0.00176485
2.85 0.00175864
2.855 0.00175246
2.86 0.00174632
2.865 0.0017402
2.87 0.00173412
2.875 0.00172807
2.88 0.00172205
2.885 0.00171606
2.89 0.00171011
2.895 0.00170418
2.9 0.00169829
2.905 0.00169242
2.91 0.00168659
2.915 0.00168079
2.92 0.00167501
2.925 0.00166927
2.93 0.00166355
2.935 0.00165787
2.94 0.00165221
2.945 0.00164658
2.95 0.00164099
2.955 0.00163542
2.96 0.00162987
2.965 0.00162436
2.97 0.00161887
2.975 0.00161342
2.98 0.00160799
2.985 0.00160258
2.99 0.00159721
2.995 0.00159186
3 0.00158654
3.005 0.00158124
3.01 0.00157597
3.015 0.00157073
3.02 0.00156551
3.025 0.00156032
3.03 0.00155516
3.035 0.00155002
3.04 0.0015449
3.045 0.00153981
3.05 0.00153475
3.055 0.00152971
3.06 0.0015247
3.065 0.00151971
3.07 0.00151474
3.075 0.0015098
3.08 0.00150489
3.085 0.00149999
3.09 0.00149513
3.095 0.00149028
3.1 0.00148546
3.105 0.00148066
3.11 0.00147589
3.115 0.00147113
3.12 0.00146641
3.125 0.0014617
3.13 0.00145702
3.135 0.00145235
3.14 0.00144772
3.145 0.0014431
3.15 0.0014385
3.155 0.00143393
3.16 0.00142938
3.165 0.00142485
3.17 0.00142034
3.175 0.00141586
3.18 0.00141139
3.185 0.00140695
3.19 0.00140252
3.195 0.00139812
3.2 0.00139374
3.205 0.00138938
3.21 0.00138504
3.215 0.00138072
3.22 0.00137642
3.225 0.00137214
3.23 0.00136788
3.235 0.00136364
3.24 0.00135942
3.245 0.00135522
3.25 0.00135103
3.255 0.00134687
3.26 0.00134273
3.265 0.0013386
3.27 0.0013345
3.275 0.00133041
3.28 0.00132634
3.285 0.0013223
3.29 0.00131827
3.295 0.00131425
3.3 0.00131026
3.305 0.00130628
3.31 0.00130233
3.315 0.00129839
3.32 0.00129446
3.325 0.00129056
3.33 0.00128667
3.335 0.00128281
3.34 0.00127895
3.345 0.00127512
3.35 0.0012713
3.355 0.0012675
3.36 0.00126372
3.365 0.00125995
3.37 0.00125621
3.375 0.00125247
3.38 0.00124876
3.385 0.00124506
3.39 0.00124138
3.395 0.00123771
3.4 0.00123406
3.405 0.00123042
3.41 0.00122681
3.415 0.0012232
3.42 0.00121962
3.425 0.00121605
3.43 0.00121249
3.435 0.00120895
3.44 0.00120543
3.445 0.00120192
3.45 0.00119843
3.455 0.00119495
3.46 0.00119149
3.465 0.00118804
3.47 0.0011846
3.475 0.00118119
3.48 0.00117778
3.485 0.00117439
3.49 0.00117102
3.495 0.00116766
3.5 0.00116432
3.505 0.00116098
3.51 0.00115767
3.515 0.00115437
3.52 0.00115108
3.525 0.0011478
3.53 0.00114454
3.535 0.0011413
3.54 0.00113806
3.545 0.00113484
3.55 0.00113164
3.555 0.00112845
3.56 0.00112527
3.565 0.0011221
3.57 0.00111895
3.575 0.00111582
3.58 0.00111269
3.585 0.00110958
3.59 0.00110648
3.595 0.00110339
3.6 0.00110032
3.605 0.00109726
3.61 0.00109421
3.615 0.00109118
3.62 0.00108816
3.625 0.00108515
3.63 0.00108215
3.635 0.00107916
3.64 0.00107619
3.645 0.00107323
3.65 0.00107028
3.655 0.00106735
3.66 0.00106442
3.665 0.00106151
3.67 0.00105861
3.675 0.00105572
3.68 0.00105285
3.685 0.00104998
3.69 0.00104713
3.695 0.00104429
3.7 0.00104146
3.705 0.00103864
3.71 0.00103583
3.715 0.00103304
3.72 0.00103025
3.725 0.00102748
3.73 0.00102472
3.735 0.00102197
3.74 0.00101923
3.745 0.0010165
3.75 0.00101378
3.755 0.00101108
3.76 0.00100838
3.765 0.0010057
3.77 0.00100302
3.775 0.00100036
3.78 0.000997704
3.785 0.000995062
3.79 0.000992429
3.795 0.000989808
3.8 0.000987196
3.805 0.000984595
3.81 0.000982005
3.815 0.000979424
3.82 0.000976854
3.825 0.000974293
3.83 0.000971743
3.835 0.000969203
3.84 0.000966673
3.845 0.000964152
3.85 0.000961642
3.855 0.000959141
3.86 0.00095665
3.865 0.000954168
3.87 0.000951697
3.875 0.000949235
3.88 0.000946782
3.885 0.000944339
3.89 0.000941905
3.895 0.000939481
3.9 0.000937066
3.905 0.000934661
3.91 0.000932264
3.915 0.000929877
3.92 0.000927499
3.925 0.00092513
3.93 0.00092277
3.935 0.00092042
3.94 0.000918078
3.945 0.000915745
3.95 0.000913421
3.955 0.000911106
3.96 0.000908799
3.965 0.000906502
3.97 0.000904213
3.975 0.000901932
3.98 0.000899661
3.985 0.000897397
3.99 0.000895143
3.995 0.000892897
4 0.000890659
4.005 0.00088843
4.01 0.000886209
4.015 0.000883996
4.02 0.000881792
4.025 0.000879596
4.03 0.000877408
4.035 0.000875228
4.04 0.000873057
4.045 0.000870893
4.05 0.000868738
4.055 0.00086659
4.06 0.00086445
4.065 0.000862319
4.07 0.000860195
4.075 0.000858079
4.08 0.000855971
4.085 0.00085387
4.09 0.000851778
4.095 0.000849693
4.1 0.000847615
4.105 0.000845546
4.11 0.000843483
4.115 0.000841429
4.12 0.000839382
4.125 0.000837342
4.13 0.00083531
4.135 0.000833285
4.14 0.000831267
4.145 0.000829257
4.15 0.000827254
4.155 0.000825258
4.16 0.00082327
4.165 0.000821289
4.17 0.000819315
4.175 0.000817347
4.18 0.000815388
4.185 0.000813435
4.19 0.000811489
4.195 0.00080955
4.2 0.000807618
4.205 0.000805693
4.21 0.000803774
4.215 0.000801863
4.22 0.000799958
4.225 0.000798061
4.23 0.00079617
4.235 0.000794285
4.24 0.000792408
4.245 0.000790537
4.25 0.000788672
4.255 0.000786814
4.26 0.000784963
4.265 0.000783118
4.27 0.00078128
4.275 0.000779448
4.28 0.000777623
4.285 0.000775804
4.29 0.000773992
4.295 0.000772185
4.3 0.000770385
4.305 0.000768592
4.31 0.000766804
4.315 0.000765023
4.32 0.000763248
4.325 0.00076148
4.33 0.000759717
4.335 0.00075796
4.34 0.00075621
4.345 0.000754466
4.35 0.000752727
4.355 0.000750995
4.36 0.000749269
4.365 0.000747548
4.37 0.000745834
4.375 0.000744125
4.38 0.000742422
4.385 0.000740725
4.39 0.000739034
4.395 0.000737349
4.4 0.000735669
4.405 0.000733995
4.41 0.000732327
4.415 0.000730665
4.42 0.000729008
4.425 0.000727357
4.43 0.000725711
4.435 0.000724071
4.44 0.000722437
4.445 0.000720808
4.45 0.000719185
4.455 0.000717567
4.46 0.000715954
4.465 0.000714347
4.47 0.000712746
4.475 0.000711149
4.48 0.000709558
4.485 0.000707973
4.49 0.000706392
4.495 0.000704817
4.5 0.000703248
4.505 0.000701683
4.51 0.000700124
4.515 0.00069857
4.52 0.000697021
4.525 0.000695477
4.53 0.000693939
4.535 0.000692405
4.54 0.000690877
4.545 0.000689353
4.55 0.000687835
4.555 0.000686321
4.56 0.000684813
4.565 0.00068331
4.57 0.000681811
4.575 0.000680318
4.58 0.000678829
4.585 0.000677345
4.59 0.000675866
4.595 0.000674392
4.6 0.000672923
4.605 0.000671458
4.61 0.000669999
4.615 0.000668544
4.62 0.000667094
4.625 0.000665648
4.63 0.000664207
4.635 0.000662771
4.64 0.00066134
4.645 0.000659913
4.65 0.000658491
4.655 0.000657073
4.66 0.00065566
4.665 0.000654252
4.67 0.000652848
4.675 0.000651448
4.68 0.000650053
4.685 0.000648663
4.69 0.000647277
4.695 0.000645895
4.7 0.000644518
4.705 0.000643145
4.71 0.000641777
4.715 0.000640413
4.72 0.000639053
4.725 0.000637698
4.73 0.000636346
4.735 0.000635
4.74 0.000633657
4.745 0.000632319
4.75 0.000630985
4.755 0.000629655
4.76 0.00062833
4.765 0.000627008
4.77 0.000625691
4.775 0.000624378
4.78 0.000623069
4.785 0.000621764
4.79 0.000620463
4.795 0.000619166
4.8 0.000617874
4.805 0.000616585
4.81 0.000615301
4.815 0.00061402
4.82 0.000612744
4.825 0.000611471
4.83 0.000610202
4.835 0.000608938
4.84 0.000607677
4.845 0.00060642
4.85 0.000605167
4.855 0.000603918
4.86 0.000602673
4.865 0.000601431
4.87 0.000600194
4.875 0.00059896
4.88 0.00059773
4.885 0.000596504
4.89 0.000595282
4.895 0.000594063
4.9 0.000592848
4.905 0.000591637
4.91 0.00059043
4.915 0.000589226
4.92 0.000588026
4.925 0.000586829
4.93 0.000585637
4.935 0.000584448
4.94 0.000583262
4.945 0.00058208
4.95 0.000580902
4.955 0.000579727
4.96 0.000578556
4.965 0.000577388
4.97 0.000576224
4.975 0.000575063
4.98 0.000573906
4.985 0.000572753
4.99 0.000571603
4.995 0.000570456
5 0.000569313
5.005 0.000568173
5.01 0.000567037
5.015 0.000565904
5.02 0.000564774
5.025 0.000563648
5.03 0.000562525
5.035 0.000561405
5.04 0.000560289
5.045 0.000559177
5.05 0.000558067
5.055 0.000556961
5.06 0.000555858
5.065 0.000554758
5.07 0.000553662
5.075 0.000552569
5.08 0.000551479
5.085 0.000550392
5.09 0.000549309
5.095 0.000548228
5.1 0.000547151
5.105 0.000546077
5.11 0.000545007
5.115 0.000543939
5.12 0.000542874
5.125 0.000541813
5.13 0.000540755
5.135 0.0005397
5.14 0.000538648
5.145 0.000537599
5.15 0.000536553
5.155 0.00053551
5.16 0.00053447
5.165 0.000533433
5.17 0.000532399
5.175 0.000531368
5.18 0.000530341
5.185 0.000529316
5.19 0.000528294
5.195 0.000527275
5.2 0.000526259
5.205 0.000525246
5.21 0.000524236
5.215 0.000523228
5.22 0.000522224
5.225 0.000521223
5.23 0.000520224
5.235 0.000519229
5.24 0.000518236
5.245 0.000517246
5.25 0.000516259
5.255 0.000515274
5.26 0.000514293
5.265 0.000513314
5.27 0.000512338
5.275 0.000511365
5.28 0.000510395
5.285 0.000509427
5.29 0.000508462
5.295 0.0005075
5.3 0.000506541
5.305 0.000505584
5.31 0.00050463
5.315 0.000503679
5.32 0.00050273
5.325 0.000501784
5.33 0.000500841
5.335 0.0004999
5.34 0.000498962
5.345 0.000498027
5.35 0.000497094
5.355 0.000496164
5.36 0.000495237
5.365 0.000494312
5.37 0.00049339
5.375 0.00049247
5.38 0.000491553
5.385 0.000490638
5.39 0.000489726
5.395 0.000488817
5.4 0.00048791
5.405 0.000487006
5.41 0.000486104
5.415 0.000485204
5.42 0.000484307
5.425 0.000483413
5.43 0.000482521
5.435 0.000481632
5.44 0.000480744
5.445 0.00047986
5.45 0.000478978
5.455 0.000478098
5.46 0.000477221
5.465 0.000476346
5.47 0.000475473
5.475 0.000474603
5.48 0.000473736
5.485 0.00047287
5.49 0.000472007
5.495 0.000471147
5.5 0.000470289
5.505 0.000469433
5.51 0.000468579
5.515 0.000467728
5.52 0.000466879
5.525 0.000466032
5.53 0.000465188
5.535 0.000464346
5.54 0.000463506
5.545 0.000462669
5.55 0.000461834
5.555 0.000461001
5.56 0.00046017
5.565 0.000459342
5.57 0.000458515
5.575 0.000457692
5.58 0.00045687
5.585 0.00045605
5.59 0.000455233
5.595 0.000454418
5.6 0.000453605
5.605 0.000452794
5.61 0.000451985
5.615 0.000451179
5.62 0.000450375
5.625 0.000449573
5.63 0.000448773
5.635 0.000447975
5.64 0.000447179
5.645 0.000446385
5.65 0.000445594
5.655 0.000444804
5.66 0.000444017
5.665 0.000443232
5.67 0.000442449
5.675 0.000441668
5.68 0.000440889
5.685 0.000440112
5.69 0.000439337
5.695 0.000438564
5.7 0.000437793
5.705 0.000437024
5.71 0.000436258
5.715 0.000435493
5.72 0.00043473
5.725 0.000433969
5.73 0.000433211
5.735 0.000432454
5.74 0.000431699
5.745 0.000430946
5.75 0.000430196
5.755 0.000429447
5.76 0.0004287
5.765 0.000427955
5.77 0.000427212
5.775 0.000426471
5.78 0.000425732
5.785 0.000424994
5.79 0.000424259
5.795 0.000423526
5.8 0.000422794
5.805 0.000422064
5.81 0.000421337
5.815 0.000420611
5.82 0.000419887
5.825 0.000419165
5.83 0.000418444
5.835 0.000417726
5.84 0.00041701
5.845 0.000416295
5.85 0.000415582
5.855 0.000414871
5.86 0.000414162
5.865 0.000413454
5.87 0.000412749
5.875 0.000412045
5.88 0.000411343
5.885 0.000410643
5.89 0.000409944
5.895 0.000409248
5.9 0.000408553
5.905 0.00040786
5.91 0.000407168
5.915 0.000406479
5.92 0.000405791
5.925 0.000405105
5.93 0.00040442
5.935 0.000403738
5.94 0.000403057
5.945 0.000402378
5.95 0.0004017
5.955 0.000401025
5.96 0.000400351
5.965 0.000399678
5.97 0.000399008
5.975 0.000398339
5.98 0.000397671
5.985 0.000397006
5.99 0.000396342
5.995 0.00039568
6 0.000395019
6.005 0.00039436
6.01 0.000393703
6.015 0.000393047
6.02 0.000392393
6.025 0.000391741
6.03 0.00039109
6.035 0.000390441
6.04 0.000389793
6.045 0.000389147
6.05 0.000388503
6.055 0.00038786
6.06 0.000387219
6.065 0.000386579
6.07 0.000385941
6.075 0.000385305
6.08 0.00038467
6.085 0.000384037
6.09 0.000383405
6.095 0.000382775
6.1 0.000382147
6.105 0.00038152
6.11 0.000380894
6.115 0.00038027
6.12 0.000379648
6.125 0.000379027
6.13 0.000378408
6.135 0.00037779
6.14 0.000377173
6.145 0.000376558
6.15 0.000375945
6.155 0.000375333
6.16 0.000374723
6.165 0.000374114
6.17 0.000373507
6.175 0.000372901
6.18 0.000372296
6.185 0.000371693
6.19 0.000371092
6.195 0.000370492
6.2 0.000369893
6.205 0.000369296
6.21 0.000368701
6.215 0.000368106
6.22 0.000367514
6.225 0.000366922
6.23 0.000366332
6.235 0.000365744
6.24 0.000365157
6.245 0.000364571
6.25 0.000363987
6.255 0.000363404
6.26 0.000362822
6.265 0.000362242
6.27 0.000361663
6.275 0.000361086
6.28 0.00036051
6.285 0.000359936
6.29 0.000359362
6.295 0.000358791
6.3 0.00035822
6.305 0.000357651
6.31 0.000357083
6.315 0.000356517
6.32 0.000355952
6.325 0.000355388
6.33 0.000354826
6.335 0.000354265
6.34 0.000353705
6.345 0.000353147
6.35 0.00035259
6.355 0.000352034
6.36 0.000351479
6.365 0.000350926
6.37 0.000350375
6.375 0.000349824
6.38 0.000349275
6.385 0.000348727
6.39 0.00034818
6.395 0.000347635
6.4 0.000347091
6.405 0.000346548
6.41 0.000346006
6.415 0.000345466
6.42 0.000344927
6.425 0.00034439
6.43 0.000343853
6.435 0.000343318
6.44 0.000342784
6.445 0.000342251
6.45 0.00034172
6.455 0.000341189
6.46 0.00034066
6.465 0.000340133
6.47 0.000339606
6.475 0.000339081
6.48 0.000338557
6.485 0.000338034
6.49 0.000337512
6.495 0.000336991
6.5 0.000336472
6.505 0.000335954
6.51 0.000335437
6.515 0.000334921
6.52 0.000334407
6.525 0.000333894
6.53 0.000333381
6.535 0.000332871
6.54 0.000332361
6.545 0.000331852
6.55 0.000331345
6.555 0.000330838
6.56 0.000330333
6.565 0.000329829
6.57 0.000329326
6.575 0.000328825
6.58 0.000328324
6.585 0.000327825
6.59 0.000327327
6.595 0.000326829
6.6 0.000326333
6.605 0.000325839
6.61 0.000325345
6.615 0.000324852
6.62 0.000324361
6.625 0.00032387
6.63 0.000323381
6.635 0.000322893
6.64 0.000322406
6.645 0.00032192
6.65 0.000321435
6.655 0.000320951
6.66 0.000320469
6.665 0.000319987
6.67 0.000319507
6.675 0.000319027
6.68 0.000318549
6.685 0.000318071
6.69 0.000317595
6.695 0.00031712
6.7 0.000316646
6.705 0.000316173
6.71 0.000315701
6.715 0.00031523
6.72 0.00031476
6.725 0.000314292
6.73 0.000313824
6.735 0.000313357
6.74 0.000312892
6.745 0.000312427
6.75 0.000311963
6.755 0.000311501
6.76 0.000311039
6.765 0.000310579
6.77 0.000310119
6.775 0.000309661
6.78 0.000309203
6.785 0.000308747
6.79 0.000308292
6.795 0.000307837
6.8 0.000307384
6.805 0.000306931
6.81 0.00030648
6.815 0.00030603
6.82 0.00030558
6.825 0.000305132
6.83 0.000304684
6.835 0.000304238
6.84 0.000303792
6.845 0.000303348
6.85 0.000302904
6.855 0.000302462
6.86 0.00030202
6.865 0.00030158
6.87 0.00030114
6.875 0.000300701
6.88 0.000300263
6.885 0.000299827
6.89 0.000299391
6.895 0.000298956
6.9 0.000298522
6.905 0.000298089
6.91 0.000297657
6.915 0.000297226
6.92 0.000296796
6.925 0.000296366
6.93 0.000295938
6.935 0.000295511
6.94 0.000295084
6.945 0.000294659
6.95 0.000294234
6.955 0.00029381
6.96 0.000293388
6.965 0.000292966
6.97 0.000292545
6.975 0.000292125
6.98 0.000291706
6.985 0.000291287
6.99 0.00029087
6.995 0.000290454
7 0.000290038
7.005 0.000289623
7.01 0.00028921
7.015 0.000288797
7.02 0.000288385
7.025 0.000287973
7.03 0.000287563
7.035 0.000287154
7.04 0.000286745
7.045 0.000286338
7.05 0.000285931
7.055 0.000285525
7.06 0.00028512
7.065 0.000284716
7.07 0.000284313
7.075 0.00028391
7.08 0.000283508
7.085 0.000283108
7.09 0.000282708
7.095 0.000282309
7.1 0.000281911
7.105 0.000281513
7.11 0.000281117
7.115 0.000280721
7.12 0.000280326
7.125 0.000279932
7.13 0.000279539
7.135 0.000279146
7.14 0.000278755
7.145 0.000278364
7.15 0.000277974
7.155 0.000277585
7.16 0.000277197
7.165 0.00027681
7.17 0.000276423
7.175 0.000276037
7.18 0.000275652
7.185 0.000275268
7.19 0.000274884
7.195 0.000274502
7.2 0.00027412
7.205 0.000273739
7.21 0.000273359
7.215 0.000272979
7.22 0.000272601
7.225 0.000272223
7.23 0.000271846
7.235 0.000271469
7.24 0.000271094
7.245 0.000270719
7.25 0.000270345
7.255 0.000269972
7.26 0.0002696
7.265 0.000269228
7.27 0.000268857
7.275 0.000268487
7.28 0.000268118
7.285 0.000267749
7.29 0.000267381
7.295 0.000267014
7.3 0.000266648
7.305 0.000266282
7.31 0.000265918
7.315 0.000265553
7.32 0.00026519
7.325 0.000264828
7.33 0.000264466
7.335 0.000264105
7.34 0.000263744
7.345 0.000263385
7.35 0.000263026
7.355 0.000262668
7.36 0.00026231
7.365 0.000261954
7.37 0.000261598
7.375 0.000261243
7.38 0.000260888
7.385 0.000260534
7.39 0.000260181
7.395 0.000259829
7.4 0.000259477
7.405 0.000259126
7.41 0.000258776
7.415 0.000258427
7.42 0.000258078
7.425 0.00025773
7.43 0.000257382
7.435 0.000257036
7.44 0.00025669
7.445 0.000256344
7.45 0.000256
7.455 0.000255656
7.46 0.000255313
7.465 0.00025497
7.47 0.000254628
7.475 0.000254287
7.48 0.000253947
7.485 0.000253607
7.49 0.000253268
7.495 0.00025293
7.5 0.000252592
7.505 0.000252255
7.51 0.000251919
7.515 0.000251583
7.52 0.000251248
7.525 0.000250913
7.53 0.00025058
7.535 0.000250247
7.54 0.000249914
7.545 0.000249583
7.55 0.000249252
7.555 0.000248921
7.56 0.000248591
7.565 0.000248262
7.57 0.000247934
7.575 0.000247606
7.58 0.000247279
7.585 0.000246953
7.59 0.000246627
7.595 0.000246302
7.6 0.000245977
7.605 0.000245653
7.61 0.00024533
7.615 0.000245007
7.62 0.000244685
7.625 0.000244364
7.63 0.000244043
7.635 0.000243723
7.64 0.000243404
7.645 0.000243085
7.65 0.000242767
7.655 0.000242449
7.66 0.000242132
7.665 0.000241816
7.67 0.0002415
7.675 0.000241185
7.68 0.000240871
7.685 0.000240557
7.69 0.000240243
7.695 0.000239931
7.7 0.000239619
7.705 0.000239307
7.71 0.000238996
7.715 0.000238686
7.72 0.000238377
7.725 0.000238068
7.73 0.000237759
7.735 0.000237451
7.74 0.000237144
7.745 0.000236838
7.75 0.000236532
7.755 0.000236226
7.76 0.000235921
7.765 0.000235617
7.77 0.000235313
7.775 0.00023501
7.78 0.000234708
7.785 0.000234406
7.79 0.000234105
7.795 0.000233804
7.8 0.000233504
7.805 0.000233204
7.81 0.000232905
7.815 0.000232607
7.82 0.000232309
7.825 0.000232012
7.83 0.000231715
7.835 0.000231419
7.84 0.000231123
7.845 0.000230828
7.85 0.000230534
7.855 0.00023024
7.86 0.000229946
7.865 0.000229654
7.87 0.000229361
7.875 0.00022907
7.88 0.000228779
7.885 0.000228488
7.89 0.000228198
7.895 0.000227909
7.9 0.00022762
7.905 0.000227332
7.91 0.000227044
7.915 0.000226757
7.92 0.00022647
7.925 0.000226184
7.93 0.000225898
7.935 0.000225613
7.94 0.000225328
7.945 0.000225044
7.95 0.000224761
7.955 0.000224478
7.96 0.000224196
7.965 0.000223914
7.97 0.000223632
7.975 0.000223352
7.98 0.000223071
7.985 0.000222792
7.99 0.000222512
7.995 0.000222234
8 0.000221956
8.005 0.000221678
8.01 0.000221401
8.015 0.000221124
8.02 0.000220848
8.025 0.000220573
8.03 0.000220298
8.035 0.000220023
8.04 0.000219749
8.045 0.000219475
8.05 0.000219202
8.055 0.00021893
8.06 0.000218658
8.065 0.000218386
8.07 0.000218116
8.075 0.000217845
8.08 0.000217575
8.085 0.000217306
8.09 0.000217037
8.095 0.000216768
8.1 0.0002165
8.105 0.000216233
8.11 0.000215966
8.115 0.000215699
8.12 0.000215433
8.125 0.000215168
8.13 0.000214903
8.135 0.000214638
8.14 0.000214374
8.145 0.000214111
8.15 0.000213848
8.155 0.000213585
8.16 0.000213323
8.165 0.000213061
8.17 0.0002128
8.175 0.00021254
8.18 0.000212279
8.185 0.00021202
8.19 0.00021176
8.195 0.000211502
8.2 0.000211243
8.205 0.000210986
8.21 0.000210728
8.215 0.000210471
8.22 0.000210215
8.225 0.000209959
8.23 0.000209704
8.235 0.000209449
8.24 0.000209194
8.245 0.00020894
8.25 0.000208687
8.255 0.000208433
8.26 0.000208181
8.265 0.000207929
8.27 0.000207677
8.275 0.000207425
8.28 0.000207175
8.285 0.000206924
8.29 0.000206674
8.295 0.000206425
8.3 0.000206176
8.305 0.000205927
8.31 0.000205679
8.315 0.000205431
8.32 0.000205184
8.325 0.000204937
8.33 0.000204691
8.335 0.000204445
8.34 0.0002042
8.345 0.000203955
8.35 0.00020371
8.355 0.000203466
8.36 0.000203222
8.365 0.000202979
8.37 0.000202736
8.375 0.000202494
8.38 0.000202252
8.385 0.00020201
8.39 0.000201769
8.395 0.000201529
8.4 0.000201288
8.405 0.000201049
8.41 0.000200809
8.415 0.00020057
8.42 0.000200332
8.425 0.000200094
8.43 0.000199856
8.435 0.000199619
8.44 0.000199382
8.445 0.000199146
8.45 0.00019891
8.455 0.000198674
8.46 0.000198439
8.465 0.000198204
8.47 0.00019797
8.475 0.000197736
8.48 0.000197503
8.485 0.000197269
8.49 0.000197037
8.495 0.000196805
8.5 0.000196573
8.505 0.000196341
8.51 0.00019611
8.515 0.00019588
8.52 0.000195649
8.525 0.00019542
8.53 0.00019519
8.535 0.000194961
8.54 0.000194733
8.545 0.000194505
8.55 0.000194277
8.555 0.000194049
8.56 0.000193822
8.565 0.000193596
8.57 0.00019337
8.575 0.000193144
8.58 0.000192918
8.585 0.000192693
8.59 0.000192469
8.595 0.000192245
8.6 0.000192021
8.605 0.000191797
8.61 0.000191574
8.615 0.000191352
8.62 0.000191129
8.625 0.000190908
8.63 0.000190686
8.635 0.000190465
8.64 0.000190244
8.645 0.000190024
8.65 0.000189804
8.655 0.000189584
8.66 0.000189365
8.665 0.000189146
8.67 0.000188928
8.675 0.00018871
8.68 0.000188492
8.685 0.000188275
8.69 0.000188058
8.695 0.000187841
8.7 0.000187625
8.705 0.000187409
8.71 0.000187194
8.715 0.000186979
8.72 0.000186764
8.725 0.00018655
8.73 0.000186336
8.735 0.000186122
8.74 0.000185909
8.745 0.000185696
8.75 0.000185484
8.755 0.000185272
8.76 0.00018506
8.765 0.000184849
8.77 0.000184637
8.775 0.000184427
8.78 0.000184217
8.785 0.000184007
8.79 0.000183797
8.795 0.000183588
8.8 0.000183379
8.805 0.00018317
8.81 0.000182962
8.815 0.000182754
8.82 0.000182547
8.825 0.00018234
8.83 0.000182133
8.835 0.000181927
8.84 0.000181721
8.845 0.000181515
8.85 0.00018131
8.855 0.000181105
8.86 0.0001809
8.865 0.000180696
8.87 0.000180492
8.875 0.000180288
8.88 0.000180085
8.885 0.000179882
8.89 0.000179679
8.895 0.000179477
8.9 0.000179275
8.905 0.000179073
8.91 0.000178872
8.915 0.000178671
8.92 0.000178471
8.925 0.000178271
8.93 0.000178071
8.935 0.000177871
8.94 0.000177672
8.945 0.000177473
8.95 0.000177275
8.955 0.000177076
8.96 0.000176878
8.965 0.000176681
8.97 0.000176484
8.975 0.000176287
8.98 0.00017609
8.985 0.000175894
8.99 0.000175698
8.995 0.000175503
9 0.000175307
9.005 0.000175112
9.01 0.000174918
9.015 0.000174724
9.02 0.00017453
9.025 0.000174336
9.03 0.000174143
9.035 0.00017395
9.04 0.000173757
9.045 0.000173565
9.05 0.000173373
9.055 0.000173181
9.06 0.00017299
9.065 0.000172799
9.07 0.000172608
9.075 0.000172417
9.08 0.000172227
9.085 0.000172038
9.09 0.000171848
9.095 0.000171659
9.1 0.00017147
9.105 0.000171281
9.11 0.000171093
9.115 0.000170905
9.12 0.000170718
9.125 0.00017053
9.13 0.000170343
9.135 0.000170157
9.14 0.00016997
9.145 0.000169784
9.15 0.000169598
9.155 0.000169413
9.16 0.000169228
9.165 0.000169043
9.17 0.000168858
9.175 0.000168674
9.18 0.00016849
9.185 0.000168306
9.19 0.000168123
9.195 0.00016794
9.2 0.000167757
9.205 0.000167575
9.21 0.000167393
9.215 0.000167211
9.22 0.000167029
9.225 0.000166848
9.23 0.000166667
9.235 0.000166486
9.24 0.000166306
9.245 0.000166126
9.25 0.000165946
9.255 0.000165766
9.26 0.000165587
9.265 0.000165408
9.27 0.00016523
9.275 0.000165051
9.28 0.000164873
9.285 0.000164695
9.29 0.000164518
9.295 0.000164341
9.3 0.000164164
9.305 0.000163987
9.31 0.000163811
9.315 0.000163635
9.32 0.000163459
9.325 0.000163284
9.33 0.000163108
9.335 0.000162933
9.34 0.000162759
9.345 0.000162584
9.35 0.00016241
9.355 0.000162236
9.36 0.000162063
9.365 0.00016189
9.37 0.000161717
9.375 0.000161544
9.38 0.000161372
9.385 0.000161199
9.39 0.000161028
9.395 0.000160856
9.4 0.000160685
9.405 0.000160514
9.41 0.000160343
9.415 0.000160172
9.42 0.000160002
9.425 0.000159832
9.43 0.000159662
9.435 0.000159493
9.44 0.000159324
9.445 0.000159155
9.45 0.000158986
9.455 0.000158818
9.46 0.00015865
9.465 0.000158482
9.47 0.000158315
9.475 0.000158147
9.48 0.00015798
9.485 0.000157814
9.49 0.000157647
9.495 0.000157481
9.5 0.000157315
9.505 0.000157149
9.51 0.000156984
9.515 0.000156819
9.52 0.000156654
9.525 0.000156489
9.53 0.000156325
9.535 0.00015616
9.54 0.000155997
9.545 0.000155833
9.55 0.00015567
9.555 0.000155507
9.56 0.000155344
9.565 0.000155181
9.57 0.000155019
9.575 0.000154857
9.58 0.000154695
9.585 0.000154533
9.59 0.000154372
9.595 0.000154211
9.6 0.00015405
9.605 0.000153889
9.61 0.000153729
9.615 0.000153569
9.62 0.000153409
9.625 0.00015325
9.63 0.00015309
9.635 0.000152931
9.64 0.000152772
9.645 0.000152614
9.65 0.000152456
9.655 0.000152297
9.66 0.00015214
9.665 0.000151982
9.67 0.000151825
9.675 0.000151668
9.68 0.000151511
9.685 0.000151354
9.69 0.000151198
9.695 0.000151042
9.7 0.000150886
9.705 0.00015073
9.71 0.000150575
9.715 0.00015042
9.72 0.000150265
9.725 0.00015011
9.73 0.000149955
9.735 0.000149801
9.74 0.000149647
9.745 0.000149494
9.75 0.00014934
9.755 0.000149187
9.76 0.000149034
9.765 0.000148881
9.77 0.000148728
9.775 0.000148576
9.78 0.000148424
9.785 0.000148272
9.79 0.000148121
9.795 0.000147969
9.8 0.000147818
9.805 0.000147667
9.81 0.000147516
9.815 0.000147366
9.82 0.000147216
9.825 0.000147066
9.83 0.000146916
9.835 0.000146766
9.84 0.000146617
9.845 0.000146468
9.85 0.000146319
9.855 0.00014617
9.86 0.000146022
9.865 0.000145874
9.87 0.000145726
9.875 0.000145578
9.88 0.000145431
9.885 0.000145283
9.89 0.000145136
9.895 0.000144989
9.9 0.000144843
9.905 0.000144696
9.91 0.00014455
9.915 0.000144404
9.92 0.000144259
9.925 0.000144113
9.93 0.000143968
9.935 0.000143823
9.94 0.000143678
9.945 0.000143533
9.95 0.000143389
9.955 0.000143245
9.96 0.000143101
9.965 0.000142957
9.97 0.000142813
9.975 0.00014267
9.98 0.000142527
9.985 0.000142384
9.99 0.000142241
9.995 0.000142099
