0 -nan
0.005 0.0594806
0.01 0.0750325
0.015 0.258561
0.02 0.405467
0.025 0.134275
0.03 0.882186
0.035 0.724639
0.04 0.264885
0.045 0.0481293
0.05 0.0861964
0.055 0.251158
0.06 0.443953
0.065 0.614517
0.07 0.74532
0.075 0.835262
0.08 0.889918
0.085 0.916629
0.09 0.92237
0.095 0.913001
0.1 0.893147
0.105 0.866326
0.11 0.835144
0.115 0.801499
0.12 0.766747
0.125 0.731841
0.13 0.697439
0.135 0.663979
0.14 0.631744
0.145 0.600903
0.15 0.571546
0.155 0.543704
0.16 0.517371
0.165 0.492513
0.17 0.469081
0.175 0.447011
0.18 0.426238
0.185 0.406689
0.19 0.388293
0.195 0.370982
0.2 0.354686
0.205 0.33934
0.21 0.324883
0.215 0.311256
0.22 0.298404
0.225 0.286275
0.23 0.274822
0.235 0.264
0.24 0.253767
0.245 0.244085
0.25 0.234916
0.255 0.226229
0.26 0.217992
0.265 0.210176
0.27 0.202754
0.275 0.195702
0.28 0.188998
0.285 0.182618
0.29 0.176545
0.295 0.170759
0.3 0.165243
0.305 0.159981
0.31 0.154959
0.315 0.150162
0.32 0.145579
0.325 0.141196
0.33 0.137002
0.335 0.132988
0.34 0.129143
0.345 0.125458
0.35 0.121925
0.355 0.118536
0.36 0.115283
0.365 0.112159
0.37 0.109157
0.375 0.106272
0.38 0.103498
0.385 0.100829
0.39 0.0982594
0.395 0.0957852
0.4 0.0934016
0.405 0.0911043
0.41 0.0888893
0.415 0.0867527
0.42 0.084691
0.425 0.0827008
0.43 0.0807788
0.435 0.078922
0.44 0.0771275
0.445 0.0753927
0.45 0.0737149
0.455 0.0720917
0.46 0.0705209
0.465 0.0690001
0.47 0.0675274
0.475 0.0661007
0.48 0.0647182
0.485 0.063378
0.49 0.0620786
0.495 0.0608183
0.5 0.0595955
0.505 0.0584088
0.51 0.0572569
0.515 0.0561383
0.52 0.0550518
0.525 0.0539962
0.53 0.0529704
0.535 0.0519732
0.54 0.0510037
0.545 0.0500608
0.55 0.0491435
0.555 0.048251
0.56 0.0473824
0.565 0.0465367
0.57 0.0457134
0.575 0.0449115
0.58 0.0441303
0.585 0.0433692
0.59 0.0426274
0.595 0.0419043
0.6 0.0411994
0.605 0.0405119
0.61 0.0398414
0.615 0.0391872
0.62 0.0385489
0.625 0.037926
0.63 0.0373179
0.635 0.0367243
0.64 0.0361445
0.645 0.0355784
0.65 0.0350253
0.655 0.0344849
0.66 0.0339569
0.665 0.0334408
0.67 0.0329363
0.675 0.0324431
0.68 0.0319608
0.685 0.0314891
0.69 0.0310277
0.695 0.0305763
0.7 0.0301346
0.705 0.0297024
0.71 0.0292794
0.715 0.0288652
0.72 0.0284598
0.725 0.0280628
0.73 0.027674
0.735 0.0272932
0.74 0.0269201
0.745 0.0265546
0.75 0.0261965
0.755 0.0258455
0.76 0.0255015
0.765 0.0251642
0.77 0.0248336
0.775 0.0245094
0.78 0.0241915
0.785 0.0238798
0.79 0.0235739
0.795 0.0232739
0.8 0.0229796
0.805 0.0226908
0.81 0.0224073
0.815 0.0221291
0.82 0.0218561
0.825 0.021588
0.83 0.0213249
0.835 0.0210664
0.84 0.0208127
0.845 0.0205635
0.85 0.0203187
0.855 0.0200782
0.86 0.019842
0.865 0.0196099
0.87 0.0193818
0.875 0.0191576
0.88 0.0189374
0.885 0.0187208
0.89 0.018508
0.895 0.0182987
0.9 0.018093
0.905 0.0178907
0.91 0.0176918
0.915 0.0174961
0.92 0.0173037
0.925 0.0171144
0.93 0.0169282
0.935 0.016745
0.94 0.0165648
0.945 0.0163874
0.95 0.0162129
0.955 0.0160411
0.96 0.0158721
0.965 0.0157057
0.97 0.0155418
0.975 0.0153806
0.98 0.0152218
0.985 0.0150654
0.99 0.0149115
0.995 0.0147598
1 0.0146105
1.005 0.0144634
1.01 0.0143186
1.015 0.0141759
1.02 0.0140353
1.025 0.0138967
1.03 0.0137603
1.035 0.0136258
1.04 0.0134932
1.045 0.0133626
1.05 0.0132339
1.055 0.013107
1.06 0.0129819
1.065 0.0128586
1.07 0.0127371
1.075 0.0126172
1.08 0.0124991
1.085 0.0123825
1.09 0.0122676
1.095 0.0121543
1.1 0.0120426
1.105 0.0119324
1.11 0.0118236
1.115 0.0117164
1.12 0.0116106
1.125 0.0115062
1.13 0.0114033
1.135 0.0113017
1.14 0.0112014
1.145 0.0111025
1.15 0.0110049
1.155 0.0109085
1.16 0.0108134
1.165 0.0107196
1.17 0.0106269
1.175 0.0105355
1.18 0.0104452
1.185 0.0103561
1.19 0.0102681
1.195 0.0101812
1.2 0.0100954
1.205 0.0100107
1.21 0.0099271
1.215 0.0098445
1.22 0.00976292
1.225 0.00968235
1.23 0.00960278
1.235 0.00952417
1.24 0.00944653
1.245 0.00936983
1.25 0.00929406
1.255 0.00921921
1.26 0.00914525
1.265 0.00907218
1.27 0.00899998
1.275 0.00892863
1.28 0.00885813
1.285 0.00878846
1.29 0.0087196
1.295 0.00865155
1.3 0.0085843
1.305 0.00851782
1.31 0.00845211
1.315 0.00838716
1.32 0.00832295
1.325 0.00825947
1.33 0.00819672
1.335 0.00813467
1.34 0.00807333
1.345 0.00801268
1.35 0.00795271
1.355 0.00789341
1.36 0.00783476
1.365 0.00777677
1.37 0.00771942
1.375 0.0076627
1.38 0.0076066
1.385 0.00755111
1.39 0.00749623
1.395 0.00744194
1.4 0.00738824
1.405 0.00733512
1.41 0.00728257
1.415 0.00723058
1.42 0.00717914
1.425 0.00712825
1.43 0.0070779
1.435 0.00702808
1.44 0.00697878
1.445 0.00693
1.45 0.00688173
1.455 0.00683396
1.46 0.00678668
1.465 0.00673989
1.47 0.00669359
1.475 0.00664776
1.48 0.0066024
1.485 0.00655749
1.49 0.00651305
1.495 0.00646905
1.5 0.0064255
1.505 0.00638239
1.51 0.00633971
1.515 0.00629745
1.52 0.00625562
1.525 0.0062142
1.53 0.00617319
1.535 0.00613258
1.54 0.00609237
1.545 0.00605256
1.55 0.00601313
1.555 0.00597409
1.56 0.00593543
1.565 0.00589714
1.57 0.00585922
1.575 0.00582166
1.58 0.00578446
1.585 0.00574762
1.59 0.00571113
1.595 0.00567498
1.6 0.00563918
1.605 0.00560371
1.61 0.00556858
1.615 0.00553377
1.62 0.00549929
1.625 0.00546513
1.63 0.00543129
1.635 0.00539776
1.64 0.00536454
1.645 0.00533163
1.65 0.00529901
1.655 0.0052667
1.66 0.00523468
1.665 0.00520295
1.67 0.00517151
1.675 0.00514035
1.68 0.00510947
1.685 0.00507887
1.69 0.00504854
1.695 0.00501849
1.7 0.0049887
1.705 0.00495917
1.71 0.00492991
1.715 0.0049009
1.72 0.00487215
1.725 0.00484365
1.73 0.0048154
1.735 0.0047874
1.74 0.00475964
1.745 0.00473212
1.75 0.00470483
1.755 0.00467779
1.76 0.00465097
1.765 0.00462439
1.77 0.00459803
1.775 0.00457189
1.78 0.00454598
1.785 0.00452029
1.79 0.00449481
1.795 0.00446955
1.8 0.00444451
1.805 0.00441967
1.81 0.00439504
1.815 0.00437061
1.82 0.00434639
1.825 0.00432236
1.83 0.00429854
1.835 0.00427491
1.84 0.00425148
1.845 0.00422823
1.85 0.00420518
1.855 0.00418232
1.86 0.00415964
1.865 0.00413715
1.87 0.00411483
1.875 0.0040927
1.88 0.00407074
1.885 0.00404897
1.89 0.00402736
1.895 0.00400593
1.9 0.00398467
1.905 0.00396357
1.91 0.00394265
1.915 0.00392189
1.92 0.00390129
1.925 0.00388085
1.93 0.00386058
1.935 0.00384046
1.94 0.0038205
1.945 0.00380069
1.95 0.00378104
1.955 0.00376154
1.96 0.00374219
1.965 0.00372299
1.97 0.00370393
1.975 0.00368502
1.98 0.00366626
1.985 0.00364764
1.99 0.00362916
1.995 0.00361082
2 0.00359262
2.005 0.00357455
2.01 0.00355663
2.015 0.00353883
2.02 0.00352117
2.025 0.00350364
2.03 0.00348624
2.035 0.00346897
2.04 0.00345183
2.045 0.00343482
2.05 0.00341793
2.055 0.00340116
2.06 0.00338452
2.065 0.003368
2.07 0.0033516
2.075 0.00333532
2.08 0.00331916
2.085 0.00330311
2.09 0.00328718
2.095 0.00327137
2.1 0.00325567
2.105 0.00324008
2.11 0.0032246
2.115 0.00320924
2.12 0.00319398
2.125 0.00317884
2.13 0.00316379
2.135 0.00314886
2.14 0.00313403
2.145 0.00311931
2.15 0.00310469
2.155 0.00309017
2.16 0.00307575
2.165 0.00306144
2.17 0.00304722
2.175 0.0030331
2.18 0.00301908
2.185 0.00300516
2.19 0.00299133
2.195 0.0029776
2.2 0.00296396
2.205 0.00295042
2.21 0.00293697
2.215 0.00292361
2.22 0.00291034
2.225 0.00289716
2.23 0.00288407
2.235 0.00287107
2.24 0.00285816
2.245 0.00284533
2.25 0.00283259
2.255 0.00281994
2.26 0.00280737
2.265 0.00279488
2.27 0.00278247
2.275 0.00277015
2.28 0.00275791
2.285 0.00274576
2.29 0.00273368
2.295 0.00272168
2.3 0.00270976
2.305 0.00269791
2.31 0.00268615
2.315 0.00267446
2.32 0.00266285
2.325 0.00265131
2.33 0.00263985
2.335 0.00262846
2.34 0.00261715
2.345 0.00260591
2.35 0.00259474
2.355 0.00258364
2.36 0.00257261
2.365 0.00256166
2.37 0.00255077
2.375 0.00253996
2.38 0.00252921
2.385 0.00251853
2.39 0.00250791
2.395 0.00249737
2.4 0.00248689
2.405 0.00247647
2.41 0.00246612
2.415 0.00245584
2.42 0.00244562
2.425 0.00243546
2.43 0.00242537
2.435 0.00241534
2.44 0.00240537
2.445 0.00239547
2.45 0.00238562
2.455 0.00237583
2.46 0.00236611
2.465 0.00235644
2.47 0.00234684
2.475 0.00233729
2.48 0.0023278
2.485 0.00231837
2.49 0.00230899
2.495 0.00229967
2.5 0.00229041
2.505 0.0022812
2.51 0.00227205
2.515 0.00226296
2.52 0.00225392
2.525 0.00224493
2.53 0.002236
2.535 0.00222711
2.54 0.00221829
2.545 0.00220951
2.55 0.00220079
2.555 0.00219212
2.56 0.00218349
2.565 0.00217492
2.57 0.0021664
2.575 0.00215793
2.58 0.00214951
2.585 0.00214114
2.59 0.00213282
2.595 0.00212455
2.6 0.00211632
2.605 0.00210814
2.61 0.00210001
2.615 0.00209193
2.62 0.00208389
2.625 0.0020759
2.63 0.00206795
2.635 0.00206005
2.64 0.0020522
2.645 0.00204439
2.65 0.00203662
2.655 0.0020289
2.66 0.00202122
2.665 0.00201359
2.67 0.002006
2.675 0.00199845
2.68 0.00199095
2.685 0.00198348
2.69 0.00197606
2.695 0.00196868
2.7 0.00196134
2.705 0.00195405
2.71 0.00194679
2.715 0.00193957
2.72 0.00193239
2.725 0.00192526
2.73 0.00191816
2.735 0.0019111
2.74 0.00190408
2.745 0.0018971
2.75 0.00189016
2.755 0.00188325
2.76 0.00187639
2.765 0.00186956
2.77 0.00186277
2.775 0.00185601
2.78 0.00184929
2.785 0.00184261
2.79 0.00183596
2.795 0.00182935
2.8 0.00182278
2.805 0.00181624
2.81 0.00180974
2.815 0.00180327
2.82 0.00179683
2.825 0.00179043
2.83 0.00178407
2.835 0.00177773
2.84 0.00177143
2.845 0.00176517
2.85 0.00175894
2.855 0.00175274
2.86 0.00174657
2.865 0.00174044
2.87 0.00173434
2.875 0.00172827
2.88 0.00172223
2.885 0.00171622
2.89 0.00171025
2.895 0.0017043
2.9 0.00169839
2.905 0.00169251
2.91 0.00168666
2.915 0.00168084
2.92 0.00167504
2.925 0.00166928
2.93 0.00166355
2.935 0.00165785
2.94 0.00165218
2.945 0.00164653
2.95 0.00164092
2.955 0.00163533
2.96 0.00162977
2.965 0.00162424
2.97 0.00161874
2.975 0.00161327
2.98 0.00160782
2.985 0.0016024
2.99 0.00159701
2.995 0.00159165
3 0.00158631
3.005 0.001581
3.01 0.00157572
3.015 0.00157046
3.02 0.00156523
3.025 0.00156002
3.03 0.00155484
3.035 0.00154969
3.04 0.00154456
3.045 0.00153946
3.05 0.00153438
3.055 0.00152933
3.06 0.00152431
3.065 0.0015193
3.07 0.00151432
3.075 0.00150937
3.08 0.00150444
3.085 0.00149954
3.09 0.00149466
3.095 0.0014898
3.1 0.00148497
3.105 0.00148016
3.11 0.00147537
3.115 0.0014706
3.12 0.00146586
3.125 0.00146115
3.13 0.00145645
3.135 0.00145178
3.14 0.00144713
3.145 0.0014425
3.15 0.0014379
3.155 0.00143331
3.16 0.00142875
3.165 0.00142421
3.17 0.00141969
3.175 0.0014152
3.18 0.00141072
3.185 0.00140627
3.19 0.00140183
3.195 0.00139742
3.2 0.00139303
3.205 0.00138866
3.21 0.00138431
3.215 0.00137998
3.22 0.00137567
3.225 0.00137138
3.23 0.00136711
3.235 0.00136286
3.24 0.00135863
3.245 0.00135442
3.25 0.00135023
3.255 0.00134606
3.26 0.00134191
3.265 0.00133777
3.27 0.00133366
3.275 0.00132956
3.28 0.00132549
3.285 0.00132143
3.29 0.00131739
3.295 0.00131337
3.3 0.00130937
3.305 0.00130539
3.31 0.00130142
3.315 0.00129747
3.32 0.00129354
3.325 0.00128963
3.33 0.00128574
3.335 0.00128186
3.34 0.001278
3.345 0.00127416
3.35 0.00127034
3.355 0.00126653
3.36 0.00126274
3.365 0.00125897
3.37 0.00125521
3.375 0.00125147
3.38 0.00124775
3.385 0.00124405
3.39 0.00124036
3.395 0.00123668
3.4 0.00123303
3.405 0.00122939
3.41 0.00122576
3.415 0.00122215
3.42 0.00121856
3.425 0.00121498
3.43 0.00121142
3.435 0.00120788
3.44 0.00120435
3.445 0.00120083
3.45 0.00119733
3.455 0.00119385
3.46 0.00119038
3.465 0.00118693
3.47 0.00118349
3.475 0.00118006
3.48 0.00117666
3.485 0.00117326
3.49 0.00116988
3.495 0.00116652
3.5 0.00116317
3.505 0.00115983
3.51 0.00115651
3.515 0.0011532
3.52 0.00114991
3.525 0.00114663
3.53 0.00114337
3.535 0.00114011
3.54 0.00113688
3.545 0.00113365
3.55 0.00113044
3.555 0.00112725
3.56 0.00112406
3.565 0.00112089
3.57 0.00111774
3.575 0.0011146
3.58 0.00111147
3.585 0.00110835
3.59 0.00110525
3.595 0.00110216
3.6 0.00109908
3.605 0.00109602
3.61 0.00109296
3.615 0.00108993
3.62 0.0010869
3.625 0.00108389
3.63 0.00108089
3.635 0.0010779
3.64 0.00107492
3.645 0.00107196
3.65 0.001069
3.655 0.00106607
3.66 0.00106314
3.665 0.00106022
3.67 0.00105732
3.675 0.00105443
3.68 0.00105155
3.685 0.00104868
3.69 0.00104582
3.695 0.00104298
3.7 0.00104015
3.705 0.00103733
3.71 0.00103452
3.715 0.00103172
3.72 0.00102893
3.725 0.00102615
3.73 0.00102339
3.735 0.00102064
3.74 0.00101789
3.745 0.00101516
3.75 0.00101244
3.755 0.00100973
3.76 0.00100703
3.765 0.00100434
3.77 0.00100167
3.775 0.000999001
3.78 0.000996346
3.785 0.0009937
3.79 0.000991066
3.795 0.000988442
3.8 0.000985828
3.805 0.000983224
3.81 0.000980631
3.815 0.000978048
3.82 0.000975475
3.825 0.000972913
3.83 0.00097036
3.835 0.000967818
3.84 0.000965285
3.845 0.000962763
3.85 0.00096025
3.855 0.000957747
3.86 0.000955254
3.865 0.00095277
3.87 0.000950297
3.875 0.000947833
3.88 0.000945378
3.885 0.000942933
3.89 0.000940497
3.895 0.000938071
3.9 0.000935655
3.905 0.000933247
3.91 0.000930849
3.915 0.00092846
3.92 0.00092608
3.925 0.00092371
3.93 0.000921348
3.935 0.000918996
3.94 0.000916652
3.945 0.000914318
3.95 0.000911992
3.955 0.000909675
3.96 0.000907367
3.965 0.000905068
3.97 0.000902778
3.975 0.000900496
3.98 0.000898223
3.985 0.000895958
3.99 0.000893702
3.995 0.000891455
4 0.000889216
4.005 0.000886985
4.01 0.000884763
4.015 0.000882549
4.02 0.000880343
4.025 0.000878146
4.03 0.000875957
4.035 0.000873776
4.04 0.000871603
4.045 0.000869439
4.05 0.000867282
4.055 0.000865133
4.06 0.000862993
4.065 0.00086086
4.07 0.000858735
4.075 0.000856618
4.08 0.000854509
4.085 0.000852407
4.09 0.000850314
4.095 0.000848228
4.1 0.00084615
4.105 0.000844079
4.11 0.000842016
4.115 0.00083996
4.12 0.000837912
4.125 0.000835872
4.13 0.000833839
4.135 0.000831813
4.14 0.000829795
4.145 0.000827784
4.15 0.00082578
4.155 0.000823784
4.16 0.000821795
4.165 0.000819813
4.17 0.000817838
4.175 0.00081587
4.18 0.00081391
4.185 0.000811956
4.19 0.00081001
4.195 0.00080807
4.2 0.000806138
4.205 0.000804212
4.21 0.000802293
4.215 0.000800381
4.22 0.000798476
4.225 0.000796578
4.23 0.000794686
4.235 0.000792802
4.24 0.000790924
4.245 0.000789052
4.25 0.000787187
4.255 0.000785329
4.26 0.000783478
4.265 0.000781632
4.27 0.000779794
4.275 0.000777962
4.28 0.000776136
4.285 0.000774317
4.29 0.000772504
4.295 0.000770698
4.3 0.000768897
4.305 0.000767104
4.31 0.000765316
4.315 0.000763535
4.32 0.00076176
4.325 0.000759991
4.33 0.000758228
4.335 0.000756471
4.34 0.000754721
4.345 0.000752976
4.35 0.000751238
4.355 0.000749505
4.36 0.000747779
4.365 0.000746058
4.37 0.000744344
4.375 0.000742635
4.38 0.000740932
4.385 0.000739235
4.39 0.000737544
4.395 0.000735859
4.4 0.000734179
4.405 0.000732505
4.41 0.000730837
4.415 0.000729175
4.42 0.000727518
4.425 0.000725867
4.43 0.000724221
4.435 0.000722581
4.44 0.000720947
4.445 0.000719318
4.45 0.000717695
4.455 0.000716077
4.46 0.000714465
4.465 0.000712858
4.47 0.000711256
4.475 0.00070966
4.48 0.00070807
4.485 0.000706484
4.49 0.000704904
4.495 0.000703329
4.5 0.00070176
4.505 0.000700196
4.51 0.000698636
4.515 0.000697083
4.52 0.000695534
4.525 0.00069399
4.53 0.000692452
4.535 0.000690919
4.54 0.000689391
4.545 0.000687867
4.55 0.000686349
4.555 0.000684836
4.56 0.000683328
4.565 0.000681825
4.57 0.000680327
4.575 0.000678834
4.58 0.000677346
4.585 0.000675862
4.59 0.000674384
4.595 0.00067291
4.6 0.000671441
4.605 0.000669977
4.61 0.000668518
4.615 0.000667063
4.62 0.000665613
4.625 0.000664168
4.63 0.000662728
4.635 0.000661292
4.64 0.000659861
4.645 0.000658435
4.65 0.000657013
4.655 0.000655596
4.66 0.000654183
4.665 0.000652775
4.67 0.000651372
4.675 0.000649973
4.68 0.000648578
4.685 0.000647188
4.69 0.000645803
4.695 0.000644422
4.7 0.000643045
4.705 0.000641673
4.71 0.000640305
4.715 0.000638942
4.72 0.000637583
4.725 0.000636228
4.73 0.000634877
4.735 0.000633531
4.74 0.000632189
4.745 0.000630851
4.75 0.000629518
4.755 0.000628189
4.76 0.000626864
4.765 0.000625543
4.77 0.000624226
4.775 0.000622914
4.78 0.000621606
4.785 0.000620301
4.79 0.000619001
4.795 0.000617705
4.8 0.000616413
4.805 0.000615125
4.81 0.000613841
4.815 0.000612561
4.82 0.000611286
4.825 0.000610014
4.83 0.000608746
4.835 0.000607482
4.84 0.000606222
4.845 0.000604965
4.85 0.000603713
4.855 0.000602465
4.86 0.00060122
4.865 0.00059998
4.87 0.000598743
4.875 0.00059751
4.88 0.000596281
4.885 0.000595055
4.89 0.000593834
4.895 0.000592616
4.9 0.000591402
4.905 0.000590191
4.91 0.000588985
4.915 0.000587782
4.92 0.000586582
4.925 0.000585387
4.93 0.000584195
4.935 0.000583006
4.94 0.000581822
4.945 0.000580641
4.95 0.000579463
4.955 0.000578289
4.96 0.000577119
4.965 0.000575952
4.97 0.000574788
4.975 0.000573629
4.98 0.000572472
4.985 0.00057132
4.99 0.00057017
4.995 0.000569024
5 0.000567882
5.005 0.000566743
5.01 0.000565608
5.015 0.000564475
5.02 0.000563347
5.025 0.000562221
5.03 0.000561099
5.035 0.000559981
5.04 0.000558865
5.045 0.000557754
5.05 0.000556645
5.055 0.00055554
5.06 0.000554437
5.065 0.000553339
5.07 0.000552243
5.075 0.000551151
5.08 0.000550062
5.085 0.000548976
5.09 0.000547894
5.095 0.000546814
5.1 0.000545738
5.105 0.000544665
5.11 0.000543595
5.115 0.000542528
5.12 0.000541465
5.125 0.000540404
5.13 0.000539347
5.135 0.000538293
5.14 0.000537241
5.145 0.000536193
5.15 0.000535148
5.155 0.000534106
5.16 0.000533067
5.165 0.000532032
5.17 0.000530999
5.175 0.000529969
5.18 0.000528942
5.185 0.000527918
5.19 0.000526897
5.195 0.000525879
5.2 0.000524864
5.205 0.000523852
5.21 0.000522843
5.215 0.000521836
5.22 0.000520833
5.225 0.000519833
5.23 0.000518835
5.235 0.00051784
5.24 0.000516848
5.245 0.000515859
5.25 0.000514873
5.255 0.00051389
5.26 0.000512909
5.265 0.000511932
5.27 0.000510957
5.275 0.000509985
5.28 0.000509015
5.285 0.000508049
5.29 0.000507085
5.295 0.000506124
5.3 0.000505165
5.305 0.000504209
5.31 0.000503256
5.315 0.000502306
5.32 0.000501359
5.325 0.000500414
5.33 0.000499471
5.335 0.000498532
5.34 0.000497595
5.345 0.000496661
5.35 0.000495729
5.355 0.0004948
5.36 0.000493873
5.365 0.00049295
5.37 0.000492028
5.375 0.00049111
5.38 0.000490193
5.385 0.00048928
5.39 0.000488369
5.395 0.000487461
5.4 0.000486555
5.405 0.000485651
5.41 0.00048475
5.415 0.000483852
5.42 0.000482956
5.425 0.000482063
5.43 0.000481172
5.435 0.000480283
5.44 0.000479397
5.445 0.000478514
5.45 0.000477633
5.455 0.000476754
5.46 0.000475878
5.465 0.000475004
5.47 0.000474132
5.475 0.000473263
5.48 0.000472397
5.485 0.000471532
5.49 0.000470671
5.495 0.000469811
5.5 0.000468954
5.505 0.000468099
5.51 0.000467246
5.515 0.000466396
5.52 0.000465548
5.525 0.000464703
5.53 0.00046386
5.535 0.000463019
5.54 0.00046218
5.545 0.000461343
5.55 0.000460509
5.555 0.000459677
5.56 0.000458848
5.565 0.00045802
5.57 0.000457195
5.575 0.000456372
5.58 0.000455552
5.585 0.000454733
5.59 0.000453917
5.595 0.000453103
5.6 0.000452291
5.605 0.000451481
5.61 0.000450674
5.615 0.000449868
5.62 0.000449065
5.625 0.000448264
5.63 0.000447465
5.635 0.000446668
5.64 0.000445874
5.645 0.000445081
5.65 0.000444291
5.655 0.000443502
5.66 0.000442716
5.665 0.000441932
5.67 0.00044115
5.675 0.00044037
5.68 0.000439592
5.685 0.000438816
5.69 0.000438042
5.695 0.00043727
5.7 0.000436501
5.705 0.000435733
5.71 0.000434967
5.715 0.000434203
5.72 0.000433442
5.725 0.000432682
5.73 0.000431924
5.735 0.000431169
5.74 0.000430415
5.745 0.000429663
5.75 0.000428914
5.755 0.000428166
5.76 0.00042742
5.765 0.000426676
5.77 0.000425934
5.775 0.000425194
5.78 0.000424456
5.785 0.00042372
5.79 0.000422986
5.795 0.000422253
5.8 0.000421523
5.805 0.000420794
5.81 0.000420068
5.815 0.000419343
5.82 0.00041862
5.825 0.000417899
5.83 0.00041718
5.835 0.000416462
5.84 0.000415747
5.845 0.000415033
5.85 0.000414321
5.855 0.000413611
5.86 0.000412903
5.865 0.000412197
5.87 0.000411492
5.875 0.00041079
5.88 0.000410089
5.885 0.00040939
5.89 0.000408692
5.895 0.000407997
5.9 0.000407303
5.905 0.000406611
5.91 0.000405921
5.915 0.000405232
5.92 0.000404545
5.925 0.00040386
5.93 0.000403177
5.935 0.000402496
5.94 0.000401816
5.945 0.000401138
5.95 0.000400461
5.955 0.000399787
5.96 0.000399114
5.965 0.000398442
5.97 0.000397773
5.975 0.000397105
5.98 0.000396439
5.985 0.000395774
5.99 0.000395111
5.995 0.00039445
6 0.000393791
6.005 0.000393133
6.01 0.000392476
6.015 0.000391822
6.02 0.000391169
6.025 0.000390517
6.03 0.000389868
6.035 0.00038922
6.04 0.000388573
6.045 0.000387928
6.05 0.000387285
6.055 0.000386643
6.06 0.000386003
6.065 0.000385365
6.07 0.000384728
6.075 0.000384093
6.08 0.000383459
6.085 0.000382827
6.09 0.000382196
6.095 0.000381567
6.1 0.000380939
6.105 0.000380314
6.11 0.000379689
6.115 0.000379066
6.12 0.000378445
6.125 0.000377825
6.13 0.000377207
6.135 0.00037659
6.14 0.000375975
6.145 0.000375361
6.15 0.000374749
6.155 0.000374138
6.16 0.000373529
6.165 0.000372921
6.17 0.000372314
6.175 0.00037171
6.18 0.000371106
6.185 0.000370504
6.19 0.000369904
6.195 0.000369305
6.2 0.000368707
6.205 0.000368111
6.21 0.000367517
6.215 0.000366923
6.22 0.000366332
6.225 0.000365741
6.23 0.000365153
6.235 0.000364565
6.24 0.000363979
6.245 0.000363394
6.25 0.000362811
6.255 0.000362229
6.26 0.000361649
6.265 0.00036107
6.27 0.000360492
6.275 0.000359916
6.28 0.000359341
6.285 0.000358767
6.29 0.000358195
6.295 0.000357624
6.3 0.000357055
6.305 0.000356487
6.31 0.00035592
6.315 0.000355355
6.32 0.000354791
6.325 0.000354228
6.33 0.000353667
6.335 0.000353107
6.34 0.000352548
6.345 0.000351991
6.35 0.000351435
6.355 0.00035088
6.36 0.000350327
6.365 0.000349775
6.37 0.000349224
6.375 0.000348675
6.38 0.000348126
6.385 0.000347579
6.39 0.000347034
6.395 0.00034649
6.4 0.000345947
6.405 0.000345405
6.41 0.000344864
6.415 0.000344325
6.42 0.000343787
6.425 0.00034325
6.43 0.000342715
6.435 0.000342181
6.44 0.000341648
6.445 0.000341116
6.45 0.000340586
6.455 0.000340056
6.46 0.000339528
6.465 0.000339002
6.47 0.000338476
6.475 0.000337952
6.48 0.000337429
6.485 0.000336907
6.49 0.000336386
6.495 0.000335867
6.5 0.000335348
6.505 0.000334831
6.51 0.000334315
6.515 0.000333801
6.52 0.000333287
6.525 0.000332775
6.53 0.000332264
6.535 0.000331754
6.54 0.000331245
6.545 0.000330737
6.55 0.000330231
6.555 0.000329726
6.56 0.000329222
6.565 0.000328719
6.57 0.000328217
6.575 0.000327716
6.58 0.000327217
6.585 0.000326718
6.59 0.000326221
6.595 0.000325725
6.6 0.00032523
6.605 0.000324736
6.61 0.000324243
6.615 0.000323752
6.62 0.000323261
6.625 0.000322772
6.63 0.000322283
6.635 0.000321796
6.64 0.00032131
6.645 0.000320825
6.65 0.000320341
6.655 0.000319859
6.66 0.000319377
6.665 0.000318896
6.67 0.000318417
6.675 0.000317938
6.68 0.000317461
6.685 0.000316985
6.69 0.00031651
6.695 0.000316035
6.7 0.000315562
6.705 0.00031509
6.71 0.000314619
6.715 0.00031415
6.72 0.000313681
6.725 0.000313213
6.73 0.000312746
6.735 0.00031228
6.74 0.000311816
6.745 0.000311352
6.75 0.00031089
6.755 0.000310428
6.76 0.000309967
6.765 0.000309508
6.77 0.000309049
6.775 0.000308592
6.78 0.000308135
6.785 0.00030768
6.79 0.000307226
6.795 0.000306772
6.8 0.00030632
6.805 0.000305868
6.81 0.000305418
6.815 0.000304968
6.82 0.00030452
6.825 0.000304072
6.83 0.000303626
6.835 0.00030318
6.84 0.000302736
6.845 0.000302292
6.85 0.00030185
6.855 0.000301408
6.86 0.000300968
6.865 0.000300528
6.87 0.000300089
6.875 0.000299652
6.88 0.000299215
6.885 0.000298779
6.89 0.000298344
6.895 0.00029791
6.9 0.000297477
6.905 0.000297045
6.91 0.000296614
6.915 0.000296184
6.92 0.000295755
6.925 0.000295326
6.93 0.000294899
6.935 0.000294473
6.94 0.000294047
6.945 0.000293622
6.95 0.000293199
6.955 0.000292776
6.96 0.000292354
6.965 0.000291933
6.97 0.000291513
6.975 0.000291094
6.98 0.000290676
6.985 0.000290259
6.99 0.000289842
6.995 0.000289427
7 0.000289012
7.005 0.000288598
7.01 0.000288185
7.015 0.000287773
7.02 0.000287362
7.025 0.000286952
7.03 0.000286543
7.035 0.000286134
7.04 0.000285727
7.045 0.00028532
7.05 0.000284914
7.055 0.000284509
7.06 0.000284105
7.065 0.000283702
7.07 0.0002833
7.075 0.000282898
7.08 0.000282497
7.085 0.000282098
7.09 0.000281699
7.095 0.0002813
7.1 0.000280903
7.105 0.000280507
7.11 0.000280111
7.115 0.000279716
7.12 0.000279322
7.125 0.000278929
7.13 0.000278537
7.135 0.000278145
7.14 0.000277755
7.145 0.000277365
7.15 0.000276976
7.155 0.000276588
7.16 0.0002762
7.165 0.000275814
7.17 0.000275428
7.175 0.000275043
7.18 0.000274659
7.185 0.000274276
7.19 0.000273893
7.195 0.000273512
7.2 0.000273131
7.205 0.000272751
7.21 0.000272371
7.215 0.000271993
7.22 0.000271615
7.225 0.000271238
7.23 0.000270862
7.235 0.000270486
7.24 0.000270112
7.245 0.000269738
7.25 0.000269365
7.255 0.000268993
7.26 0.000268621
7.265 0.00026825
7.27 0.00026788
7.275 0.000267511
7.28 0.000267143
7.285 0.000266775
7.29 0.000266408
7.295 0.000266042
7.3 0.000265676
7.305 0.000265312
7.31 0.000264948
7.315 0.000264585
7.32 0.000264222
7.325 0.000263861
7.33 0.0002635
7.335 0.000263139
7.34 0.00026278
7.345 0.000262421
7.35 0.000262063
7.355 0.000261706
7.36 0.00026135
7.365 0.000260994
7.37 0.000260639
7.375 0.000260284
7.38 0.000259931
7.385 0.000259578
7.39 0.000259226
7.395 0.000258874
7.4 0.000258523
7.405 0.000258173
7.41 0.000257824
7.415 0.000257475
7.42 0.000257127
7.425 0.00025678
7.43 0.000256434
7.435 0.000256088
7.44 0.000255743
7.445 0.000255398
7.45 0.000255055
7.455 0.000254712
7.46 0.000254369
7.465 0.000254028
7.47 0.000253687
7.475 0.000253346
7.48 0.000253007
7.485 0.000252668
7.49 0.00025233
7.495 0.000251992
7.5 0.000251655
7.505 0.000251319
7.51 0.000250983
7.515 0.000250649
7.52 0.000250314
7.525 0.000249981
7.53 0.000249648
7.535 0.000249316
7.54 0.000248984
7.545 0.000248653
7.55 0.000248323
7.555 0.000247994
7.56 0.000247665
7.565 0.000247337
7.57 0.000247009
7.575 0.000246682
7.58 0.000246356
7.585 0.00024603
7.59 0.000245705
7.595 0.000245381
7.6 0.000245057
7.605 0.000244734
7.61 0.000244412
7.615 0.00024409
7.62 0.000243769
7.625 0.000243448
7.63 0.000243128
7.635 0.000242809
7.64 0.00024249
7.645 0.000242172
7.65 0.000241855
7.655 0.000241538
7.66 0.000241222
7.665 0.000240907
7.67 0.000240592
7.675 0.000240277
7.68 0.000239964
7.685 0.000239651
7.69 0.000239338
7.695 0.000239026
7.7 0.000238715
7.705 0.000238405
7.71 0.000238095
7.715 0.000237785
7.72 0.000237476
7.725 0.000237168
7.73 0.000236861
7.735 0.000236554
7.74 0.000236247
7.745 0.000235941
7.75 0.000235636
7.755 0.000235331
7.76 0.000235027
7.765 0.000234724
7.77 0.000234421
7.775 0.000234119
7.78 0.000233817
7.785 0.000233516
7.79 0.000233216
7.795 0.000232916
7.8 0.000232616
7.805 0.000232317
7.81 0.000232019
7.815 0.000231722
7.82 0.000231425
7.825 0.000231128
7.83 0.000230832
7.835 0.000230537
7.84 0.000230242
7.845 0.000229948
7.85 0.000229654
7.855 0.000229361
7.86 0.000229068
7.865 0.000228776
7.87 0.000228485
7.875 0.000228194
7.88 0.000227904
7.885 0.000227614
7.89 0.000227325
7.895 0.000227036
7.9 0.000226748
7.905 0.000226461
7.91 0.000226173
7.915 0.000225887
7.92 0.000225601
7.925 0.000225316
7.93 0.000225031
7.935 0.000224747
7.94 0.000224463
7.945 0.00022418
7.95 0.000223897
7.955 0.000223615
7.96 0.000223333
7.965 0.000223052
7.97 0.000222771
7.975 0.000222491
7.98 0.000222212
7.985 0.000221933
7.99 0.000221655
7.995 0.000221377
8 0.000221099
8.005 0.000220822
8.01 0.000220546
8.015 0.00022027
8.02 0.000219995
8.025 0.00021972
8.03 0.000219446
8.035 0.000219172
8.04 0.000218899
8.045 0.000218626
8.05 0.000218354
8.055 0.000218082
8.06 0.000217811
8.065 0.00021754
8.07 0.00021727
8.075 0.000217
8.08 0.000216731
8.085 0.000216462
8.09 0.000216194
8.095 0.000215926
8.1 0.000215659
8.105 0.000215392
8.11 0.000215126
8.115 0.00021486
8.12 0.000214595
8.125 0.00021433
8.13 0.000214066
8.135 0.000213802
8.14 0.000213539
8.145 0.000213276
8.15 0.000213014
8.155 0.000212752
8.16 0.00021249
8.165 0.000212229
8.17 0.000211969
8.175 0.000211709
8.18 0.00021145
8.185 0.000211191
8.19 0.000210932
8.195 0.000210674
8.2 0.000210417
8.205 0.00021016
8.21 0.000209903
8.215 0.000209647
8.22 0.000209391
8.225 0.000209136
8.23 0.000208881
8.235 0.000208627
8.24 0.000208373
8.245 0.00020812
8.25 0.000207867
8.255 0.000207615
8.26 0.000207363
8.265 0.000207111
8.27 0.00020686
8.275 0.00020661
8.28 0.000206359
8.285 0.00020611
8.29 0.000205861
8.295 0.000205612
8.3 0.000205364
8.305 0.000205116
8.31 0.000204868
8.315 0.000204621
8.32 0.000204375
8.325 0.000204129
8.33 0.000203883
8.335 0.000203638
8.34 0.000203393
8.345 0.000203149
8.35 0.000202905
8.355 0.000202661
8.36 0.000202418
8.365 0.000202176
8.37 0.000201934
8.375 0.000201692
8.38 0.000201451
8.385 0.00020121
8.39 0.00020097
8.395 0.00020073
8.4 0.00020049
8.405 0.000200251
8.41 0.000200012
8.415 0.000199774
8.42 0.000199536
8.425 0.000199299
8.43 0.000199062
8.435 0.000198825
8.44 0.000198589
8.445 0.000198354
8.45 0.000198118
8.455 0.000197883
8.46 0.000197649
8.465 0.000197415
8.47 0.000197181
8.475 0.000196948
8.48 0.000196715
8.485 0.000196483
8.49 0.000196251
8.495 0.000196019
8.5 0.000195788
8.505 0.000195557
8.51 0.000195327
8.515 0.000195097
8.52 0.000194868
8.525 0.000194639
8.53 0.00019441
8.535 0.000194182
8.54 0.000193954
8.545 0.000193726
8.55 0.000193499
8.555 0.000193272
8.56 0.000193046
8.565 0.00019282
8.57 0.000192595
8.575 0.000192369
8.58 0.000192145
8.585 0.00019192
8.59 0.000191696
8.595 0.000191473
8.6 0.00019125
8.605 0.000191027
8.61 0.000190805
8.615 0.000190583
8.62 0.000190361
8.625 0.00019014
8.63 0.000189919
8.635 0.000189699
8.64 0.000189478
8.645 0.000189259
8.65 0.000189039
8.655 0.000188821
8.66 0.000188602
8.665 0.000188384
8.67 0.000188166
8.675 0.000187949
8.68 0.000187732
8.685 0.000187515
8.69 0.000187299
8.695 0.000187083
8.7 0.000186867
8.705 0.000186652
8.71 0.000186437
8.715 0.000186223
8.72 0.000186009
8.725 0.000185795
8.73 0.000185582
8.735 0.000185369
8.74 0.000185156
8.745 0.000184944
8.75 0.000184732
8.755 0.000184521
8.76 0.00018431
8.765 0.000184099
8.77 0.000183889
8.775 0.000183679
8.78 0.000183469
8.785 0.00018326
8.79 0.000183051
8.795 0.000182842
8.8 0.000182634
8.805 0.000182426
8.81 0.000182218
8.815 0.000182011
8.82 0.000181804
8.825 0.000181598
8.83 0.000181392
8.835 0.000181186
8.84 0.00018098
8.845 0.000180775
8.85 0.000180571
8.855 0.000180366
8.86 0.000180162
8.865 0.000179959
8.87 0.000179755
8.875 0.000179552
8.88 0.00017935
8.885 0.000179147
8.89 0.000178945
8.895 0.000178744
8.9 0.000178542
8.905 0.000178341
8.91 0.000178141
8.915 0.000177941
8.92 0.000177741
8.925 0.000177541
8.93 0.000177342
8.935 0.000177143
8.94 0.000176944
8.945 0.000176746
8.95 0.000176548
8.955 0.000176351
8.96 0.000176153
8.965 0.000175956
8.97 0.00017576
8.975 0.000175564
8.98 0.000175368
8.985 0.000175172
8.99 0.000174977
8.995 0.000174782
9 0.000174587
9.005 0.000174393
9.01 0.000174199
9.015 0.000174005
9.02 0.000173812
9.025 0.000173619
9.03 0.000173426
9.035 0.000173234
9.04 0.000173042
9.045 0.00017285
9.05 0.000172659
9.055 0.000172467
9.06 0.000172277
9.065 0.000172086
9.07 0.000171896
9.075 0.000171706
9.08 0.000171517
9.085 0.000171327
9.09 0.000171139
9.095 0.00017095
9.1 0.000170762
9.105 0.000170574
9.11 0.000170386
9.115 0.000170199
9.12 0.000170012
9.125 0.000169825
9.13 0.000169639
9.135 0.000169453
9.14 0.000169267
9.145 0.000169081
9.15 0.000168896
9.155 0.000168711
9.16 0.000168527
9.165 0.000168342
9.17 0.000168158
9.175 0.000167975
9.18 0.000167791
9.185 0.000167608
9.19 0.000167425
9.195 0.000167243
9.2 0.000167061
9.205 0.000166879
9.21 0.000166697
9.215 0.000166516
9.22 0.000166335
9.225 0.000166154
9.23 0.000165974
9.235 0.000165794
9.24 0.000165614
9.245 0.000165434
9.25 0.000165255
9.255 0.000165076
9.26 0.000164898
9.265 0.000164719
9.27 0.000164541
9.275 0.000164363
9.28 0.000164186
9.285 0.000164009
9.29 0.000163832
9.295 0.000163655
9.3 0.000163479
9.305 0.000163303
9.31 0.000163127
9.315 0.000162951
9.32 0.000162776
9.325 0.000162601
9.33 0.000162427
9.335 0.000162252
9.34 0.000162078
9.345 0.000161904
9.35 0.000161731
9.355 0.000161558
9.36 0.000161385
9.365 0.000161212
9.37 0.000161039
9.375 0.000160867
9.38 0.000160695
9.385 0.000160524
9.39 0.000160353
9.395 0.000160182
9.4 0.000160011
9.405 0.00015984
9.41 0.00015967
9.415 0.0001595
9.42 0.00015933
9.425 0.000159161
9.43 0.000158992
9.435 0.000158823
9.44 0.000158654
9.445 0.000158486
9.45 0.000158318
9.455 0.00015815
9.46 0.000157983
9.465 0.000157815
9.47 0.000157648
9.475 0.000157482
9.48 0.000157315
9.485 0.000157149
9.49 0.000156983
9.495 0.000156817
9.5 0.000156652
9.505 0.000156487
9.51 0.000156322
9.515 0.000156157
9.52 0.000155993
9.525 0.000155829
9.53 0.000155665
9.535 0.000155501
9.54 0.000155338
9.545 0.000155175
9.55 0.000155012
9.555 0.000154849
9.56 0.000154687
9.565 0.000154525
9.57 0.000154363
9.575 0.000154202
9.58 0.00015404
9.585 0.000153879
9.59 0.000153719
9.595 0.000153558
9.6 0.000153398
9.605 0.000153238
9.61 0.000153078
9.615 0.000152918
9.62 0.000152759
9.625 0.0001526
9.63 0.000152441
9.635 0.000152283
9.64 0.000152124
9.645 0.000151966
9.65 0.000151809
9.655 0.000151651
9.66 0.000151494
9.665 0.000151337
9.67 0.00015118
9.675 0.000151023
9.68 0.000150867
9.685 0.000150711
9.69 0.000150555
9.695 0.000150399
9.7 0.000150244
9.705 0.000150089
9.71 0.000149934
9.715 0.000149779
9.72 0.000149625
9.725 0.000149471
9.73 0.000149317
9.735 0.000149163
9.74 0.00014901
9.745 0.000148856
9.75 0.000148703
9.755 0.000148551
9.76 0.000148398
9.765 0.000148246
9.77 0.000148094
9.775 0.000147942
9.78 0.00014779
9.785 0.000147639
9.79 0.000147488
9.795 0.000147337
9.8 0.000147186
9.805 0.000147036
9.81 0.000146886
9.815 0.000146736
9.82 0.000146586
9.825 0.000146437
9.83 0.000146287
9.835 0.000146138
9.84 0.00014599
9.845 0.000145841
9.85 0.000145693
9.855 0.000145544
9.86 0.000145397
9.865 0.000145249
9.87 0.000145101
9.875 0.000144954
9.88 0.000144807
9.885 0.00014466
9.89 0.000144514
9.895 0.000144367
9.9 0.000144221
9.905 0.000144075
9.91 0.00014393
9.915 0.000143784
9.92 0.000143639
9.925 0.000143494
9.93 0.000143349
9.935 0.000143205
9.94 0.00014306
9.945 0.000142916
9.95 0.000142772
9.955 0.000142629
9.96 0.000142485
9.965 0.000142342
9.97 0.000142199
9.975 0.000142056
9.98 0.000141913
9.985 0.000141771
9.99 0.000141629
9.995 0.000141487
