0 -nan
0.005 0.943734
0.01 0.333558
0.015 0.038731
0.02 0.0714066
0.025 0.704081
0.03 0.0686468
0.035 0.0340072
0.04 0.61294
0.045 0.0179423
0.05 0.287065
0.055 0.228069
0.06 0.100856
0.065 0.614969
0.07 0.138166
0.075 0.64226
0.08 0.724933
0.085 0.557204
0.09 0.155179
0.095 0.0798027
0.1 0.633845
0.105 0.144837
0.11 0.375837
0.115 0.205151
0.12 0.416686
0.125 0.0355288
0.13 0.501125
0.135 0.142541
0.14 0.109039
0.145 0.460891
0.15 0.239219
0.155 0.0134965
0.16 0.24909
0.165 0.438406
0.17 0.262564
0.175 0.0365032
0.18 0.0779088
0.185 0.29847
0.19 0.423313
0.195 0.334969
0.2 0.142613
0.205 0.023608
0.21 0.062406
0.215 0.213032
0.22 0.364162
0.225 0.424942
0.23 0.371729
0.235 0.243937
0.24 0.109576
0.245 0.0278646
0.25 0.0266284
0.255 0.098771
0.26 0.212714
0.265 0.328368
0.27 0.411444
0.275 0.442131
0.28 0.417383
0.285 0.348194
0.29 0.254114
0.295 0.157187
0.3 0.0768737
0.305 0.0267686
0.31 0.0132402
0.315 0.0357142
0.32 0.0880742
0.325 0.160627
0.33 0.242157
0.335 0.32173
0.34 0.390054
0.345 0.440317
0.35 0.468547
0.355 0.473554
0.36 0.456585
0.365 0.420788
0.37 0.370607
0.375 0.311174
0.38 0.247765
0.385 0.185352
0.39 0.128271
0.395 0.0800058
0.4 0.0430758
0.405 0.0190179
0.41 0.00843643
0.415 0.0111059
0.42 0.0261069
0.425 0.0519785
0.43 0.0868737
0.435 0.128708
0.44 0.175297
0.445 0.224467
0.45 0.274155
0.455 0.322482
0.46 0.367803
0.465 0.40874
0.47 0.444203
0.475 0.473388
0.48 0.495769
0.485 0.511079
0.49 0.519288
0.495 0.520571
0.5 0.515279
0.505 0.503905
0.51 0.487053
0.515 0.46541
0.52 0.439717
0.525 0.41074
0.53 0.379256
0.535 0.346025
0.54 0.311782
0.545 0.277219
0.55 0.242976
0.555 0.209635
0.56 0.177715
0.565 0.147668
0.57 0.119877
0.575 0.0946601
0.58 0.0722686
0.585 0.0528918
0.59 0.0366599
0.595 0.0236485
0.6 0.0138831
0.605 0.00734379
0.61 0.00397062
0.615 0.00366837
0.62 0.00631156
0.625 0.0117492
0.63 0.0198094
0.635 0.0303034
0.64 0.0430301
0.645 0.057779
0.65 0.0743343
0.655 0.0924772
0.66 0.111989
0.665 0.132654
0.67 0.15426
0.675 0.176601
0.68 0.199479
0.685 0.222706
0.69 0.246101
0.695 0.269497
0.7 0.292734
0.705 0.315668
0.71 0.338163
0.715 0.360098
0.72 0.381361
0.725 0.401853
0.73 0.421486
0.735 0.440183
0.74 0.457878
0.745 0.474516
0.75 0.490049
0.755 0.504441
0.76 0.517663
0.765 0.529697
0.77 0.540528
0.775 0.550151
0.78 0.558569
0.785 0.565787
0.79 0.571819
0.795 0.576682
0.8 0.580398
0.805 0.582993
0.81 0.584497
0.815 0.584942
0.82 0.584364
0.825 0.5828
0.83 0.58029
0.835 0.576874
0.84 0.572596
0.845 0.567498
0.85 0.561625
0.855 0.555022
0.86 0.547732
0.865 0.539801
0.87 0.531273
0.875 0.522192
0.88 0.512603
0.885 0.502548
0.89 0.492069
0.895 0.481208
0.9 0.470006
0.905 0.4585
0.91 0.446731
0.915 0.434735
0.92 0.422546
0.925 0.410201
0.93 0.397733
0.935 0.385172
0.94 0.37255
0.945 0.359896
0.95 0.347237
0.955 0.3346
0.96 0.32201
0.965 0.309491
0.97 0.297066
0.975 0.284755
0.98 0.272578
0.985 0.260554
0.99 0.248701
0.995 0.237035
1 0.22557
1.005 0.214321
1.01 0.203301
1.015 0.192521
1.02 0.181992
1.025 0.171725
1.03 0.161727
1.035 0.152007
1.04 0.142573
1.045 0.13343
1.05 0.124583
1.055 0.116038
1.06 0.107799
1.065 0.0998679
1.07 0.0922486
1.075 0.0849427
1.08 0.0779516
1.085 0.0712762
1.09 0.0649168
1.095 0.0588732
1.1 0.0531448
1.105 0.0477305
1.11 0.0426287
1.115 0.0378376
1.12 0.033355
1.125 0.0291782
1.13 0.0253043
1.135 0.0217301
1.14 0.0184522
1.145 0.0154668
1.15 0.01277
1.155 0.0103576
1.16 0.00822533
1.165 0.00636857
1.17 0.00478268
1.175 0.00346285
1.18 0.00240411
1.185 0.00160143
1.19 0.00104965
1.195 0.000743526
1.2 0.000677751
1.205 0.000846956
1.21 0.00124572
1.215 0.00186859
1.22 0.00271008
1.225 0.00376467
1.23 0.00502686
1.235 0.00649113
1.24 0.00815195
1.245 0.0100038
1.25 0.0120413
1.255 0.0142588
1.26 0.0166511
1.265 0.0192126
1.27 0.0219381
1.275 0.0248223
1.28 0.0278598
1.285 0.0310455
1.29 0.0343742
1.295 0.0378409
1.3 0.0414405
1.305 0.0451682
1.31 0.0490189
1.315 0.052988
1.32 0.0570706
1.325 0.0612621
1.33 0.065558
1.335 0.0699537
1.34 0.0744448
1.345 0.0790269
1.35 0.0836958
1.355 0.0884473
1.36 0.0932774
1.365 0.0981819
1.37 0.103157
1.375 0.108199
1.38 0.113303
1.385 0.118467
1.39 0.123687
1.395 0.128959
1.4 0.134279
1.405 0.139645
1.41 0.145053
1.415 0.1505
1.42 0.155982
1.425 0.161498
1.43 0.167043
1.435 0.172615
1.44 0.178211
1.445 0.183828
1.45 0.189464
1.455 0.195116
1.46 0.200782
1.465 0.206459
1.47 0.212145
1.475 0.217838
1.48 0.223535
1.485 0.229234
1.49 0.234933
1.495 0.24063
1.5 0.246323
1.505 0.25201
1.51 0.25769
1.515 0.26336
1.52 0.269019
1.525 0.274665
1.53 0.280297
1.535 0.285913
1.54 0.291512
1.545 0.297091
1.55 0.302651
1.555 0.308188
1.56 0.313703
1.565 0.319194
1.57 0.324659
1.575 0.330098
1.58 0.335509
1.585 0.340891
1.59 0.346244
1.595 0.351567
1.6 0.356858
1.605 0.362116
1.61 0.367341
1.615 0.372532
1.62 0.377688
1.625 0.382809
1.63 0.387893
1.635 0.392941
1.64 0.39795
1.645 0.402922
1.65 0.407855
1.655 0.412749
1.66 0.417603
1.665 0.422416
1.67 0.427189
1.675 0.431921
1.68 0.436611
1.685 0.441259
1.69 0.445866
1.695 0.450429
1.7 0.45495
1.705 0.459428
1.71 0.463862
1.715 0.468253
1.72 0.4726
1.725 0.476903
1.73 0.481162
1.735 0.485376
1.74 0.489547
1.745 0.493672
1.75 0.497754
1.755 0.50179
1.76 0.505782
1.765 0.509729
1.77 0.513631
1.775 0.517488
1.78 0.521301
1.785 0.525069
1.79 0.528792
1.795 0.53247
1.8 0.536104
1.805 0.539693
1.81 0.543237
1.815 0.546737
1.82 0.550193
1.825 0.553605
1.83 0.556972
1.835 0.560296
1.84 0.563576
1.845 0.566812
1.85 0.570004
1.855 0.573153
1.86 0.576259
1.865 0.579322
1.87 0.582342
1.875 0.585319
1.88 0.588254
1.885 0.591147
1.89 0.593998
1.895 0.596807
1.9 0.599574
1.905 0.6023
1.91 0.604985
1.915 0.607629
1.92 0.610232
1.925 0.612795
1.93 0.615318
1.935 0.617801
1.94 0.620244
1.945 0.622648
1.95 0.625013
1.955 0.627339
1.96 0.629626
1.965 0.631875
1.97 0.634086
1.975 0.636259
1.98 0.638395
1.985 0.640493
1.99 0.642555
1.995 0.64458
2 0.646568
2.005 0.648521
2.01 0.650437
2.015 0.652319
2.02 0.654164
2.025 0.655976
2.03 0.657752
2.035 0.659494
2.04 0.661202
2.045 0.662876
2.05 0.664517
2.055 0.666125
2.06 0.667699
2.065 0.669242
2.07 0.670751
2.075 0.672229
2.08 0.673675
2.085 0.67509
2.09 0.676474
2.095 0.677826
2.1 0.679149
2.105 0.680441
2.11 0.681703
2.115 0.682935
2.12 0.684138
2.125 0.685312
2.13 0.686457
2.135 0.687573
2.14 0.688661
2.145 0.689721
2.15 0.690754
2.155 0.691759
2.16 0.692737
2.165 0.693688
2.17 0.694613
2.175 0.695511
2.18 0.696383
2.185 0.697229
2.19 0.69805
2.195 0.698846
2.2 0.699617
2.205 0.700363
2.21 0.701085
2.215 0.701782
2.22 0.702456
2.225 0.703106
2.23 0.703733
2.235 0.704336
2.24 0.704917
2.245 0.705475
2.25 0.706011
2.255 0.706524
2.26 0.707016
2.265 0.707486
2.27 0.707935
2.275 0.708362
2.28 0.708769
2.285 0.709155
2.29 0.709521
2.295 0.709867
2.3 0.710192
2.305 0.710498
2.31 0.710785
2.315 0.711052
2.32 0.7113
2.325 0.711529
2.33 0.71174
2.335 0.711933
2.34 0.712107
2.345 0.712264
2.35 0.712402
2.355 0.712524
2.36 0.712628
2.365 0.712715
2.37 0.712785
2.375 0.712838
2.38 0.712875
2.385 0.712896
2.39 0.712901
2.395 0.71289
2.4 0.712864
2.405 0.712822
2.41 0.712764
2.415 0.712692
2.42 0.712605
2.425 0.712503
2.43 0.712387
2.435 0.712256
2.44 0.712112
2.445 0.711953
2.45 0.711781
2.455 0.711595
2.46 0.711395
2.465 0.711183
2.47 0.710957
2.475 0.710719
2.48 0.710468
2.485 0.710204
2.49 0.709928
2.495 0.70964
2.5 0.70934
2.505 0.709028
2.51 0.708704
2.515 0.708369
2.52 0.708022
2.525 0.707665
2.53 0.707296
2.535 0.706916
2.54 0.706525
2.545 0.706124
2.55 0.705712
2.555 0.70529
2.56 0.704858
2.565 0.704415
2.57 0.703963
2.575 0.703501
2.58 0.70303
2.585 0.702549
2.59 0.702058
2.595 0.701559
2.6 0.70105
2.605 0.700532
2.61 0.700006
2.615 0.699471
2.62 0.698927
2.625 0.698375
2.63 0.697815
2.635 0.697246
2.64 0.69667
2.645 0.696085
2.65 0.695493
2.655 0.694893
2.66 0.694285
2.665 0.69367
2.67 0.693047
2.675 0.692418
2.68 0.691781
2.685 0.691137
2.69 0.690486
2.695 0.689829
2.7 0.689165
2.705 0.688494
2.71 0.687817
2.715 0.687133
2.72 0.686443
2.725 0.685747
2.73 0.685045
2.735 0.684337
2.74 0.683623
2.745 0.682903
2.75 0.682178
2.755 0.681447
2.76 0.68071
2.765 0.679968
2.77 0.679221
2.775 0.678469
2.78 0.677711
2.785 0.676949
2.79 0.676181
2.795 0.675409
2.8 0.674631
2.805 0.67385
2.81 0.673063
2.815 0.672272
2.82 0.671477
2.825 0.670677
2.83 0.669873
2.835 0.669065
2.84 0.668252
2.845 0.667436
2.85 0.666615
2.855 0.665791
2.86 0.664963
2.865 0.664131
2.87 0.663295
2.875 0.662456
2.88 0.661614
2.885 0.660767
2.89 0.659918
2.895 0.659065
2.9 0.658209
2.905 0.657349
2.91 0.656487
2.915 0.655621
2.92 0.654753
2.925 0.653881
2.93 0.653007
2.935 0.65213
2.94 0.65125
2.945 0.650367
2.95 0.649482
2.955 0.648594
2.96 0.647704
2.965 0.646811
2.97 0.645916
2.975 0.645018
2.98 0.644118
2.985 0.643216
2.99 0.642312
2.995 0.641406
3 0.640498
3.005 0.639587
3.01 0.638675
3.015 0.63776
3.02 0.636844
3.025 0.635926
3.03 0.635007
3.035 0.634085
3.04 0.633162
3.045 0.632237
3.05 0.631311
3.055 0.630383
3.06 0.629454
3.065 0.628523
3.07 0.627591
3.075 0.626657
3.08 0.625723
3.085 0.624786
3.09 0.623849
3.095 0.622911
3.1 0.621971
3.105 0.62103
3.11 0.620089
3.115 0.619146
3.12 0.618202
3.125 0.617257
3.13 0.616312
3.135 0.615365
3.14 0.614418
3.145 0.61347
3.15 0.612521
3.155 0.611571
3.16 0.610621
3.165 0.60967
3.17 0.608719
3.175 0.607766
3.18 0.606814
3.185 0.605861
3.19 0.604907
3.195 0.603953
3.2 0.602998
3.205 0.602043
3.21 0.601088
3.215 0.600133
3.22 0.599177
3.225 0.59822
3.23 0.597264
3.235 0.596307
3.24 0.595351
3.245 0.594394
3.25 0.593437
3.255 0.592479
3.26 0.591522
3.265 0.590565
3.27 0.589608
3.275 0.58865
3.28 0.587693
3.285 0.586736
3.29 0.585779
3.295 0.584822
3.3 0.583865
3.305 0.582908
3.31 0.581952
3.315 0.580995
3.32 0.580039
3.325 0.579083
3.33 0.578128
3.335 0.577173
3.34 0.576218
3.345 0.575263
3.35 0.574309
3.355 0.573355
3.36 0.572401
3.365 0.571448
3.37 0.570495
3.375 0.569543
3.38 0.568591
3.385 0.56764
3.39 0.56669
3.395 0.565739
3.4 0.56479
3.405 0.563841
3.41 0.562892
3.415 0.561944
3.42 0.560997
3.425 0.56005
3.43 0.559104
3.435 0.558159
3.44 0.557214
3.445 0.556271
3.45 0.555327
3.455 0.554385
3.46 0.553443
3.465 0.552502
3.47 0.551562
3.475 0.550623
3.48 0.549684
3.485 0.548746
3.49 0.547809
3.495 0.546873
3.5 0.545938
3.505 0.545004
3.51 0.54407
3.515 0.543138
3.52 0.542206
3.525 0.541275
3.53 0.540346
3.535 0.539417
3.54 0.538489
3.545 0.537562
3.55 0.536636
3.555 0.535711
3.56 0.534787
3.565 0.533864
3.57 0.532943
3.575 0.532022
3.58 0.531102
3.585 0.530183
3.59 0.529266
3.595 0.528349
3.6 0.527434
3.605 0.526519
3.61 0.525606
3.615 0.524694
3.62 0.523783
3.625 0.522873
3.63 0.521964
3.635 0.521057
3.64 0.52015
3.645 0.519245
3.65 0.518341
3.655 0.517438
3.66 0.516536
3.665 0.515636
3.67 0.514736
3.675 0.513838
3.68 0.512941
3.685 0.512046
3.69 0.511151
3.695 0.510258
3.7 0.509366
3.705 0.508476
3.71 0.507586
3.715 0.506698
3.72 0.505811
3.725 0.504926
3.73 0.504041
3.735 0.503158
3.74 0.502277
3.745 0.501396
3.75 0.500517
3.755 0.49964
3.76 0.498763
3.765 0.497888
3.77 0.497014
3.775 0.496142
3.78 0.495271
3.785 0.494401
3.79 0.493533
3.795 0.492666
3.8 0.4918
3.805 0.490936
3.81 0.490073
3.815 0.489211
3.82 0.488351
3.825 0.487492
3.83 0.486635
3.835 0.485779
3.84 0.484924
3.845 0.484071
3.85 0.483219
3.855 0.482368
3.86 0.481519
3.865 0.480672
3.87 0.479825
3.875 0.478981
3.88 0.478137
3.885 0.477295
3.89 0.476455
3.895 0.475616
3.9 0.474778
3.905 0.473942
3.91 0.473107
3.915 0.472273
3.92 0.471441
3.925 0.470611
3.93 0.469782
3.935 0.468954
3.94 0.468128
3.945 0.467303
3.95 0.46648
3.955 0.465658
3.96 0.464838
3.965 0.464019
3.97 0.463201
3.975 0.462385
3.98 0.461571
3.985 0.460758
3.99 0.459946
3.995 0.459136
4 0.458327
4.005 0.45752
4.01 0.456714
4.015 0.45591
4.02 0.455107
4.025 0.454306
4.03 0.453506
4.035 0.452708
4.04 0.451911
4.045 0.451115
4.05 0.450321
4.055 0.449529
4.06 0.448738
4.065 0.447948
4.07 0.44716
4.075 0.446374
4.08 0.445589
4.085 0.444805
4.09 0.444023
4.095 0.443242
4.1 0.442463
4.105 0.441685
4.11 0.440909
4.115 0.440134
4.12 0.439361
4.125 0.438589
4.13 0.437819
4.135 0.43705
4.14 0.436283
4.145 0.435517
4.15 0.434753
4.155 0.43399
4.16 0.433228
4.165 0.432468
4.17 0.43171
4.175 0.430953
4.18 0.430197
4.185 0.429443
4.19 0.428691
4.195 0.42794
4.2 0.42719
4.205 0.426442
4.21 0.425695
4.215 0.42495
4.22 0.424206
4.225 0.423464
4.23 0.422723
4.235 0.421984
4.24 0.421246
4.245 0.42051
4.25 0.419775
4.255 0.419041
4.26 0.418309
4.265 0.417579
4.27 0.41685
4.275 0.416122
4.28 0.415396
4.285 0.414672
4.29 0.413948
4.295 0.413227
4.3 0.412506
4.305 0.411787
4.31 0.41107
4.315 0.410354
4.32 0.40964
4.325 0.408927
4.33 0.408215
4.335 0.407505
4.34 0.406796
4.345 0.406089
4.35 0.405383
4.355 0.404679
4.36 0.403976
4.365 0.403274
4.37 0.402574
4.375 0.401876
4.38 0.401179
4.385 0.400483
4.39 0.399788
4.395 0.399096
4.4 0.398404
4.405 0.397714
4.41 0.397025
4.415 0.396338
4.42 0.395652
4.425 0.394968
4.43 0.394285
4.435 0.393604
4.44 0.392924
4.445 0.392245
4.45 0.391568
4.455 0.390892
4.46 0.390217
4.465 0.389544
4.47 0.388872
4.475 0.388202
4.48 0.387533
4.485 0.386866
4.49 0.3862
4.495 0.385535
4.5 0.384872
4.505 0.38421
4.51 0.383549
4.515 0.38289
4.52 0.382232
4.525 0.381576
4.53 0.380921
4.535 0.380267
4.54 0.379615
4.545 0.378964
4.55 0.378314
4.555 0.377666
4.56 0.37702
4.565 0.376374
4.57 0.37573
4.575 0.375087
4.58 0.374446
4.585 0.373806
4.59 0.373167
4.595 0.37253
4.6 0.371894
4.605 0.371259
4.61 0.370626
4.615 0.369994
4.62 0.369364
4.625 0.368734
4.63 0.368106
4.635 0.36748
4.64 0.366855
4.645 0.366231
4.65 0.365608
4.655 0.364987
4.66 0.364367
4.665 0.363748
4.67 0.363131
4.675 0.362515
4.68 0.3619
4.685 0.361287
4.69 0.360675
4.695 0.360064
4.7 0.359454
4.705 0.358846
4.71 0.358239
4.715 0.357634
4.72 0.357029
4.725 0.356426
4.73 0.355825
4.735 0.355224
4.74 0.354625
4.745 0.354027
4.75 0.353431
4.755 0.352835
4.76 0.352241
4.765 0.351648
4.77 0.351057
4.775 0.350467
4.78 0.349878
4.785 0.34929
4.79 0.348703
4.795 0.348118
4.8 0.347534
4.805 0.346952
4.81 0.34637
4.815 0.34579
4.82 0.345211
4.825 0.344633
4.83 0.344057
4.835 0.343481
4.84 0.342907
4.845 0.342335
4.85 0.341763
4.855 0.341193
4.86 0.340624
4.865 0.340056
4.87 0.339489
4.875 0.338924
4.88 0.338359
4.885 0.337796
4.89 0.337235
4.895 0.336674
4.9 0.336115
4.905 0.335556
4.91 0.334999
4.915 0.334444
4.92 0.333889
4.925 0.333336
4.93 0.332783
4.935 0.332232
4.94 0.331682
4.945 0.331134
4.95 0.330586
4.955 0.33004
4.96 0.329495
4.965 0.328951
4.97 0.328408
4.975 0.327866
4.98 0.327326
4.985 0.326787
4.99 0.326248
4.995 0.325712
5 0.325176
5.005 0.324641
5.01 0.324107
5.015 0.323575
5.02 0.323044
5.025 0.322514
5.03 0.321985
5.035 0.321457
5.04 0.32093
5.045 0.320405
5.05 0.31988
5.055 0.319357
5.06 0.318835
5.065 0.318314
5.07 0.317794
5.075 0.317275
5.08 0.316757
5.085 0.316241
5.09 0.315725
5.095 0.315211
5.1 0.314698
5.105 0.314185
5.11 0.313674
5.115 0.313164
5.12 0.312656
5.125 0.312148
5.13 0.311641
5.135 0.311136
5.14 0.310631
5.145 0.310128
5.15 0.309625
5.155 0.309124
5.16 0.308624
5.165 0.308125
5.17 0.307627
5.175 0.30713
5.18 0.306634
5.185 0.306139
5.19 0.305645
5.195 0.305152
5.2 0.304661
5.205 0.30417
5.21 0.303681
5.215 0.303192
5.22 0.302705
5.225 0.302218
5.23 0.301733
5.235 0.301249
5.24 0.300765
5.245 0.300283
5.25 0.299802
5.255 0.299322
5.26 0.298842
5.265 0.298364
5.27 0.297887
5.275 0.297411
5.28 0.296936
5.285 0.296462
5.29 0.295989
5.295 0.295517
5.3 0.295046
5.305 0.294576
5.31 0.294107
5.315 0.293639
5.32 0.293172
5.325 0.292706
5.33 0.292241
5.335 0.291777
5.34 0.291314
5.345 0.290852
5.35 0.290391
5.355 0.28993
5.36 0.289471
5.365 0.289013
5.37 0.288556
5.375 0.2881
5.38 0.287645
5.385 0.28719
5.39 0.286737
5.395 0.286285
5.4 0.285834
5.405 0.285383
5.41 0.284934
5.415 0.284485
5.42 0.284038
5.425 0.283591
5.43 0.283146
5.435 0.282701
5.44 0.282257
5.445 0.281815
5.45 0.281373
5.455 0.280932
5.46 0.280492
5.465 0.280053
5.47 0.279615
5.475 0.279178
5.48 0.278742
5.485 0.278306
5.49 0.277872
5.495 0.277438
5.5 0.277006
5.505 0.276574
5.51 0.276144
5.515 0.275714
5.52 0.275285
5.525 0.274857
5.53 0.27443
5.535 0.274004
5.54 0.273578
5.545 0.273154
5.55 0.272731
5.555 0.272308
5.56 0.271886
5.565 0.271466
5.57 0.271046
5.575 0.270627
5.58 0.270209
5.585 0.269791
5.59 0.269375
5.595 0.268959
5.6 0.268545
5.605 0.268131
5.61 0.267718
5.615 0.267306
5.62 0.266895
5.625 0.266485
5.63 0.266075
5.635 0.265667
5.64 0.265259
5.645 0.264852
5.65 0.264446
5.655 0.264041
5.66 0.263637
5.665 0.263234
5.67 0.262831
5.675 0.262429
5.68 0.262028
5.685 0.261628
5.69 0.261229
5.695 0.260831
5.7 0.260433
5.705 0.260037
5.71 0.259641
5.715 0.259246
5.72 0.258851
5.725 0.258458
5.73 0.258065
5.735 0.257674
5.74 0.257283
5.745 0.256893
5.75 0.256503
5.755 0.256115
5.76 0.255727
5.765 0.25534
5.77 0.254954
5.775 0.254569
5.78 0.254185
5.785 0.253801
5.79 0.253418
5.795 0.253036
5.8 0.252655
5.805 0.252274
5.81 0.251895
5.815 0.251516
5.82 0.251138
5.825 0.25076
5.83 0.250384
5.835 0.250008
5.84 0.249633
5.845 0.249259
5.85 0.248885
5.855 0.248513
5.86 0.248141
5.865 0.24777
5.87 0.247399
5.875 0.24703
5.88 0.246661
5.885 0.246293
5.89 0.245926
5.895 0.245559
5.9 0.245193
5.905 0.244828
5.91 0.244464
5.915 0.244101
5.92 0.243738
5.925 0.243376
5.93 0.243015
5.935 0.242654
5.94 0.242294
5.945 0.241935
5.95 0.241577
5.955 0.241219
5.96 0.240862
5.965 0.240506
5.97 0.240151
5.975 0.239796
5.98 0.239443
5.985 0.239089
5.99 0.238737
5.995 0.238385
6 0.238034
6.005 0.237684
6.01 0.237334
6.015 0.236985
6.02 0.236637
6.025 0.23629
6.03 0.235943
6.035 0.235597
6.04 0.235252
6.045 0.234907
6.05 0.234563
6.055 0.23422
6.06 0.233878
6.065 0.233536
6.07 0.233195
6.075 0.232854
6.08 0.232515
6.085 0.232176
6.09 0.231837
6.095 0.2315
6.1 0.231163
6.105 0.230826
6.11 0.230491
6.115 0.230156
6.12 0.229822
6.125 0.229488
6.13 0.229155
6.135 0.228823
6.14 0.228492
6.145 0.228161
6.15 0.227831
6.155 0.227501
6.16 0.227172
6.165 0.226844
6.17 0.226517
6.175 0.22619
6.18 0.225864
6.185 0.225538
6.19 0.225213
6.195 0.224889
6.2 0.224565
6.205 0.224242
6.21 0.22392
6.215 0.223599
6.22 0.223278
6.225 0.222957
6.23 0.222638
6.235 0.222319
6.24 0.222
6.245 0.221682
6.25 0.221365
6.255 0.221049
6.26 0.220733
6.265 0.220418
6.27 0.220103
6.275 0.219789
6.28 0.219476
6.285 0.219163
6.29 0.218851
6.295 0.21854
6.3 0.218229
6.305 0.217919
6.31 0.217609
6.315 0.2173
6.32 0.216992
6.325 0.216684
6.33 0.216377
6.335 0.216071
6.34 0.215765
6.345 0.21546
6.35 0.215155
6.355 0.214851
6.36 0.214547
6.365 0.214245
6.37 0.213942
6.375 0.213641
6.38 0.21334
6.385 0.213039
6.39 0.212739
6.395 0.21244
6.4 0.212141
6.405 0.211843
6.41 0.211546
6.415 0.211249
6.42 0.210953
6.425 0.210657
6.43 0.210362
6.435 0.210067
6.44 0.209773
6.445 0.20948
6.45 0.209187
6.455 0.208895
6.46 0.208603
6.465 0.208312
6.47 0.208022
6.475 0.207732
6.48 0.207442
6.485 0.207153
6.49 0.206865
6.495 0.206578
6.5 0.20629
6.505 0.206004
6.51 0.205718
6.515 0.205433
6.52 0.205148
6.525 0.204863
6.53 0.20458
6.535 0.204297
6.54 0.204014
6.545 0.203732
6.55 0.20345
6.555 0.203169
6.56 0.202889
6.565 0.202609
6.57 0.20233
6.575 0.202051
6.58 0.201773
6.585 0.201495
6.59 0.201218
6.595 0.200941
6.6 0.200665
6.605 0.20039
6.61 0.200115
6.615 0.19984
6.62 0.199566
6.625 0.199293
6.63 0.19902
6.635 0.198748
6.64 0.198476
6.645 0.198205
6.65 0.197934
6.655 0.197664
6.66 0.197394
6.665 0.197125
6.67 0.196856
6.675 0.196588
6.68 0.19632
6.685 0.196053
6.69 0.195787
6.695 0.195521
6.7 0.195255
6.705 0.19499
6.71 0.194726
6.715 0.194462
6.72 0.194198
6.725 0.193935
6.73 0.193673
6.735 0.193411
6.74 0.193149
6.745 0.192888
6.75 0.192628
6.755 0.192368
6.76 0.192108
6.765 0.191849
6.77 0.191591
6.775 0.191333
6.78 0.191075
6.785 0.190818
6.79 0.190562
6.795 0.190306
6.8 0.19005
6.805 0.189795
6.81 0.18954
6.815 0.189286
6.82 0.189033
6.825 0.18878
6.83 0.188527
6.835 0.188275
6.84 0.188023
6.845 0.187772
6.85 0.187521
6.855 0.187271
6.86 0.187021
6.865 0.186772
6.87 0.186523
6.875 0.186275
6.88 0.186027
6.885 0.18578
6.89 0.185533
6.895 0.185286
6.9 0.18504
6.905 0.184795
6.91 0.18455
6.915 0.184305
6.92 0.184061
6.925 0.183817
6.93 0.183574
6.935 0.183331
6.94 0.183089
6.945 0.182847
6.95 0.182606
6.955 0.182365
6.96 0.182124
6.965 0.181884
6.97 0.181645
6.975 0.181406
6.98 0.181167
6.985 0.180929
6.99 0.180691
6.995 0.180454
7 0.180217
7.005 0.179981
7.01 0.179745
7.015 0.179509
7.02 0.179274
7.025 0.179039
7.03 0.178805
7.035 0.178571
7.04 0.178338
7.045 0.178105
7.05 0.177872
7.055 0.17764
7.06 0.177409
7.065 0.177178
7.07 0.176947
7.075 0.176717
7.08 0.176487
7.085 0.176257
7.09 0.176028
7.095 0.1758
7.1 0.175571
7.105 0.175344
7.11 0.175116
7.115 0.174889
7.12 0.174663
7.125 0.174437
7.13 0.174211
7.135 0.173986
7.14 0.173761
7.145 0.173537
7.15 0.173313
7.155 0.173089
7.16 0.172866
7.165 0.172643
7.17 0.172421
7.175 0.172199
7.18 0.171978
7.185 0.171756
7.19 0.171536
7.195 0.171315
7.2 0.171096
7.205 0.170876
7.21 0.170657
7.215 0.170438
7.22 0.17022
7.225 0.170002
7.23 0.169785
7.235 0.169568
7.24 0.169351
7.245 0.169135
7.25 0.168919
7.255 0.168703
7.26 0.168488
7.265 0.168274
7.27 0.168059
7.275 0.167845
7.28 0.167632
7.285 0.167419
7.29 0.167206
7.295 0.166994
7.3 0.166782
7.305 0.16657
7.31 0.166359
7.315 0.166148
7.32 0.165938
7.325 0.165728
7.33 0.165518
7.335 0.165309
7.34 0.1651
7.345 0.164891
7.35 0.164683
7.355 0.164475
7.36 0.164268
7.365 0.164061
7.37 0.163854
7.375 0.163648
7.38 0.163442
7.385 0.163237
7.39 0.163032
7.395 0.162827
7.4 0.162622
7.405 0.162418
7.41 0.162215
7.415 0.162011
7.42 0.161808
7.425 0.161606
7.43 0.161404
7.435 0.161202
7.44 0.161
7.445 0.160799
7.45 0.160598
7.455 0.160398
7.46 0.160198
7.465 0.159998
7.47 0.159799
7.475 0.1596
7.48 0.159402
7.485 0.159203
7.49 0.159005
7.495 0.158808
7.5 0.158611
7.505 0.158414
7.51 0.158217
7.515 0.158021
7.52 0.157826
7.525 0.15763
7.53 0.157435
7.535 0.15724
7.54 0.157046
7.545 0.156852
7.55 0.156658
7.555 0.156465
7.56 0.156272
7.565 0.156079
7.57 0.155887
7.575 0.155695
7.58 0.155503
7.585 0.155312
7.59 0.155121
7.595 0.154931
7.6 0.15474
7.605 0.15455
7.61 0.154361
7.615 0.154171
7.62 0.153983
7.625 0.153794
7.63 0.153606
7.635 0.153418
7.64 0.15323
7.645 0.153043
7.65 0.152856
7.655 0.152669
7.66 0.152483
7.665 0.152297
7.67 0.152112
7.675 0.151926
7.68 0.151741
7.685 0.151557
7.69 0.151372
7.695 0.151188
7.7 0.151005
7.705 0.150821
7.71 0.150638
7.715 0.150456
7.72 0.150273
7.725 0.150091
7.73 0.149909
7.735 0.149728
7.74 0.149547
7.745 0.149366
7.75 0.149186
7.755 0.149005
7.76 0.148826
7.765 0.148646
7.77 0.148467
7.775 0.148288
7.78 0.148109
7.785 0.147931
7.79 0.147753
7.795 0.147575
7.8 0.147398
7.805 0.147221
7.81 0.147044
7.815 0.146868
7.82 0.146692
7.825 0.146516
7.83 0.14634
7.835 0.146165
7.84 0.14599
7.845 0.145816
7.85 0.145641
7.855 0.145467
7.86 0.145294
7.865 0.14512
7.87 0.144947
7.875 0.144774
7.88 0.144602
7.885 0.14443
7.89 0.144258
7.895 0.144086
7.9 0.143915
7.905 0.143744
7.91 0.143573
7.915 0.143402
7.92 0.143232
7.925 0.143062
7.93 0.142893
7.935 0.142724
7.94 0.142555
7.945 0.142386
7.95 0.142218
7.955 0.142049
7.96 0.141882
7.965 0.141714
7.97 0.141547
7.975 0.14138
7.98 0.141213
7.985 0.141047
7.99 0.140881
7.995 0.140715
8 0.140549
8.005 0.140384
8.01 0.140219
8.015 0.140054
8.02 0.13989
8.025 0.139726
8.03 0.139562
8.035 0.139398
8.04 0.139235
8.045 0.139072
8.05 0.138909
8.055 0.138747
8.06 0.138585
8.065 0.138423
8.07 0.138261
8.075 0.1381
8.08 0.137939
8.085 0.137778
8.09 0.137617
8.095 0.137457
8.1 0.137297
8.105 0.137137
8.11 0.136978
8.115 0.136819
8.12 0.13666
8.125 0.136501
8.13 0.136343
8.135 0.136184
8.14 0.136027
8.145 0.135869
8.15 0.135712
8.155 0.135555
8.16 0.135398
8.165 0.135241
8.17 0.135085
8.175 0.134929
8.18 0.134773
8.185 0.134618
8.19 0.134462
8.195 0.134307
8.2 0.134153
8.205 0.133998
8.21 0.133844
8.215 0.13369
8.22 0.133536
8.225 0.133383
8.23 0.13323
8.235 0.133077
8.24 0.132924
8.245 0.132772
8.25 0.13262
8.255 0.132468
8.26 0.132316
8.265 0.132165
8.27 0.132014
8.275 0.131863
8.28 0.131712
8.285 0.131562
8.29 0.131412
8.295 0.131262
8.3 0.131112
8.305 0.130963
8.31 0.130814
8.315 0.130665
8.32 0.130516
8.325 0.130368
8.33 0.130219
8.335 0.130072
8.34 0.129924
8.345 0.129776
8.35 0.129629
8.355 0.129482
8.36 0.129336
8.365 0.129189
8.37 0.129043
8.375 0.128897
8.38 0.128751
8.385 0.128606
8.39 0.12846
8.395 0.128315
8.4 0.128171
8.405 0.128026
8.41 0.127882
8.415 0.127738
8.42 0.127594
8.425 0.12745
8.43 0.127307
8.435 0.127164
8.44 0.127021
8.445 0.126878
8.45 0.126736
8.455 0.126594
8.46 0.126452
8.465 0.12631
8.47 0.126168
8.475 0.126027
8.48 0.125886
8.485 0.125745
8.49 0.125605
8.495 0.125464
8.5 0.125324
8.505 0.125184
8.51 0.125045
8.515 0.124905
8.52 0.124766
8.525 0.124627
8.53 0.124488
8.535 0.12435
8.54 0.124212
8.545 0.124073
8.55 0.123936
8.555 0.123798
8.56 0.123661
8.565 0.123523
8.57 0.123386
8.575 0.12325
8.58 0.123113
8.585 0.122977
8.59 0.122841
8.595 0.122705
8.6 0.122569
8.605 0.122434
8.61 0.122299
8.615 0.122164
8.62 0.122029
8.625 0.121894
8.63 0.12176
8.635 0.121626
8.64 0.121492
8.645 0.121358
8.65 0.121225
8.655 0.121091
8.66 0.120958
8.665 0.120825
8.67 0.120693
8.675 0.12056
8.68 0.120428
8.685 0.120296
8.69 0.120164
8.695 0.120033
8.7 0.119901
8.705 0.11977
8.71 0.119639
8.715 0.119509
8.72 0.119378
8.725 0.119248
8.73 0.119118
8.735 0.118988
8.74 0.118858
8.745 0.118729
8.75 0.118599
8.755 0.11847
8.76 0.118341
8.765 0.118213
8.77 0.118084
8.775 0.117956
8.78 0.117828
8.785 0.1177
8.79 0.117572
8.795 0.117445
8.8 0.117318
8.805 0.117191
8.81 0.117064
8.815 0.116937
8.82 0.116811
8.825 0.116684
8.83 0.116558
8.835 0.116432
8.84 0.116307
8.845 0.116181
8.85 0.116056
8.855 0.115931
8.86 0.115806
8.865 0.115682
8.87 0.115557
8.875 0.115433
8.88 0.115309
8.885 0.115185
8.89 0.115061
8.895 0.114938
8.9 0.114814
8.905 0.114691
8.91 0.114568
8.915 0.114446
8.92 0.114323
8.925 0.114201
8.93 0.114079
8.935 0.113957
8.94 0.113835
8.945 0.113713
8.95 0.113592
8.955 0.113471
8.96 0.11335
8.965 0.113229
8.97 0.113108
8.975 0.112988
8.98 0.112868
8.985 0.112747
8.99 0.112628
8.995 0.112508
9 0.112388
9.005 0.112269
9.01 0.11215
9.015 0.112031
9.02 0.111912
9.025 0.111794
9.03 0.111675
9.035 0.111557
9.04 0.111439
9.045 0.111321
9.05 0.111203
9.055 0.111086
9.06 0.110969
9.065 0.110851
9.07 0.110735
9.075 0.110618
9.08 0.110501
9.085 0.110385
9.09 0.110269
9.095 0.110152
9.1 0.110037
9.105 0.109921
9.11 0.109805
9.115 0.10969
9.12 0.109575
9.125 0.10946
9.13 0.109345
9.135 0.109231
9.14 0.109116
9.145 0.109002
9.15 0.108888
9.155 0.108774
9.16 0.10866
9.165 0.108546
9.17 0.108433
9.175 0.10832
9.18 0.108207
9.185 0.108094
9.19 0.107981
9.195 0.107869
9.2 0.107756
9.205 0.107644
9.21 0.107532
9.215 0.10742
9.22 0.107308
9.225 0.107197
9.23 0.107086
9.235 0.106974
9.24 0.106863
9.245 0.106753
9.25 0.106642
9.255 0.106531
9.26 0.106421
9.265 0.106311
9.27 0.106201
9.275 0.106091
9.28 0.105981
9.285 0.105872
9.29 0.105763
9.295 0.105653
9.3 0.105544
9.305 0.105436
9.31 0.105327
9.315 0.105218
9.32 0.10511
9.325 0.105002
9.33 0.104894
9.335 0.104786
9.34 0.104678
9.345 0.104571
9.35 0.104463
9.355 0.104356
9.36 0.104249
9.365 0.104142
9.37 0.104035
9.375 0.103929
9.38 0.103822
9.385 0.103716
9.39 0.10361
9.395 0.103504
9.4 0.103398
9.405 0.103293
9.41 0.103187
9.415 0.103082
9.42 0.102977
9.425 0.102872
9.43 0.102767
9.435 0.102662
9.44 0.102558
9.445 0.102454
9.45 0.102349
9.455 0.102245
9.46 0.102141
9.465 0.102038
9.47 0.101934
9.475 0.101831
9.48 0.101727
9.485 0.101624
9.49 0.101521
9.495 0.101419
9.5 0.101316
9.505 0.101213
9.51 0.101111
9.515 0.101009
9.52 0.100907
9.525 0.100805
9.53 0.100703
9.535 0.100601
9.54 0.1005
9.545 0.100399
9.55 0.100298
9.555 0.100197
9.56 0.100096
9.565 0.099995
9.57 0.0998944
9.575 0.099794
9.58 0.0996938
9.585 0.0995937
9.59 0.0994937
9.595 0.0993939
9.6 0.0992942
9.605 0.0991947
9.61 0.0990953
9.615 0.0989961
9.62 0.098897
9.625 0.0987981
9.63 0.0986993
9.635 0.0986006
9.64 0.0985021
9.645 0.0984038
9.65 0.0983056
9.655 0.0982075
9.66 0.0981096
9.665 0.0980118
9.67 0.0979141
9.675 0.0978166
9.68 0.0977193
9.685 0.0976221
9.69 0.097525
9.695 0.0974281
9.7 0.0973313
9.705 0.0972346
9.71 0.0971381
9.715 0.0970418
9.72 0.0969455
9.725 0.0968494
9.73 0.0967535
9.735 0.0966577
9.74 0.096562
9.745 0.0964665
9.75 0.0963711
9.755 0.0962759
9.76 0.0961807
9.765 0.0960858
9.77 0.0959909
9.775 0.0958962
9.78 0.0958017
9.785 0.0957072
9.79 0.095613
9.795 0.0955188
9.8 0.0954248
9.805 0.0953309
9.81 0.0952372
9.815 0.0951435
9.82 0.0950501
9.825 0.0949567
9.83 0.0948635
9.835 0.0947705
9.84 0.0946775
9.845 0.0945847
9.85 0.0944921
9.855 0.0943995
9.86 0.0943071
9.865 0.0942148
9.87 0.0941227
9.875 0.0940307
9.88 0.0939388
9.885 0.0938471
9.89 0.0937555
9.895 0.093664
9.9 0.0935727
9.905 0.0934815
9.91 0.0933904
9.915 0.0932994
9.92 0.0932086
9.925 0.0931179
9.93 0.0930273
9.935 0.0929369
9.94 0.0928466
9.945 0.0927564
9.95 0.0926664
9.955 0.0925764
9.96 0.0924867
9.965 0.092397
9.97 0.0923075
9.975 0.092218
9.98 0.0921288
9.985 0.0920396
9.99 0.0919506
9.995 0.0918617
