0 -nan
0.005 0.239521
0.01 0.214215
0.015 0.476253
0.02 0.0695896
0.025 0.469962
0.03 0.30786
0.035 0.0981413
0.04 0.579722
0.045 0.0331975
0.05 0.247758
0.055 0.058577
0.06 0.17055
0.065 0.517293
0.07 0.206529
0.075 0.0070323
0.08 0.0586244
0.085 0.0195225
0.09 0.194133
0.095 0.822658
0.1 0.53728
0.105 0.164473
0.11 0.921918
0.115 0.0797893
0.12 0.893315
0.125 0.303644
0.13 0.426591
0.135 0.934845
0.14 0.104982
0.145 0.478707
0.15 0.988738
0.155 0.362077
0.16 0.0808686
0.165 0.674707
0.17 0.977053
0.175 0.522427
0.18 0.0655004
0.185 0.214888
0.19 0.71388
0.195 0.967315
0.2 0.748425
0.205 0.312793
0.21 0.0483889
0.215 0.134264
0.22 0.466315
0.225 0.800553
0.23 0.938434
0.235 0.827056
0.24 0.549874
0.245 0.252616
0.25 0.06316
0.255 0.0431659
0.26 0.180345
0.265 0.410301
0.27 0.649982
0.275 0.827578
0.28 0.900638
0.285 0.860916
0.29 0.728905
0.295 0.542768
0.3 0.346125
0.305 0.177872
0.31 0.0656004
0.315 0.0228759
0.32 0.0497539
0.325 0.135476
0.33 0.262253
0.335 0.409207
0.34 0.555808
0.345 0.684463
0.35 0.782105
0.355 0.84087
0.36 0.858002
0.365 0.835222
0.37 0.777753
0.375 0.693218
0.38 0.590538
0.385 0.478958
0.39 0.367236
0.395 0.263061
0.4 0.172659
0.405 0.100599
0.41 0.0497607
0.415 0.0214148
0.42 0.0154057
0.425 0.0303822
0.43 0.0640587
0.435 0.11348
0.44 0.175276
0.445 0.245886
0.45 0.321758
0.455 0.399506
0.46 0.476031
0.465 0.548613
0.47 0.614961
0.475 0.673243
0.48 0.722091
0.485 0.760582
0.49 0.788211
0.495 0.804853
0.5 0.810711
0.505 0.80627
0.51 0.792246
0.515 0.769532
0.52 0.739153
0.525 0.702224
0.53 0.659905
0.535 0.613371
0.54 0.56378
0.545 0.512248
0.55 0.459831
0.555 0.407507
0.56 0.356167
0.565 0.306606
0.57 0.25952
0.575 0.2155
0.58 0.175041
0.585 0.138536
0.59 0.106288
0.595 0.0785083
0.6 0.0553287
0.605 0.0368054
0.61 0.0229271
0.615 0.0136228
0.62 0.00876911
0.625 0.00819737
0.63 0.0117012
0.635 0.0190429
0.64 0.0299601
0.645 0.0441712
0.65 0.0613814
0.655 0.0812869
0.66 0.10358
0.665 0.127952
0.67 0.154098
0.675 0.18172
0.68 0.210525
0.685 0.240235
0.69 0.270582
0.695 0.301313
0.7 0.332188
0.705 0.362984
0.71 0.393495
0.715 0.42353
0.72 0.452915
0.725 0.481492
0.73 0.509121
0.735 0.535676
0.74 0.561048
0.745 0.585141
0.75 0.607874
0.755 0.629181
0.76 0.649008
0.765 0.667311
0.77 0.684061
0.775 0.699237
0.78 0.712828
0.785 0.724834
0.79 0.735261
0.795 0.744123
0.8 0.751442
0.805 0.757245
0.81 0.761565
0.815 0.76444
0.82 0.76591
0.825 0.766023
0.83 0.764827
0.835 0.762372
0.84 0.758714
0.845 0.753906
0.85 0.748006
0.855 0.74107
0.86 0.733159
0.865 0.724329
0.87 0.714639
0.875 0.704148
0.88 0.692914
0.885 0.680993
0.89 0.668442
0.895 0.655316
0.9 0.641669
0.905 0.627555
0.91 0.613024
0.915 0.598126
0.92 0.58291
0.925 0.567423
0.93 0.551708
0.935 0.535811
0.94 0.519771
0.945 0.503629
0.95 0.487423
0.955 0.471189
0.96 0.454961
0.965 0.438772
0.97 0.422653
0.975 0.406634
0.98 0.39074
0.985 0.374999
0.99 0.359435
0.995 0.34407
1 0.328925
1.005 0.314019
1.01 0.299372
1.015 0.284999
1.02 0.270917
1.025 0.257138
1.03 0.243676
1.035 0.230542
1.04 0.217746
1.045 0.205299
1.05 0.193207
1.055 0.181479
1.06 0.17012
1.065 0.159135
1.07 0.14853
1.075 0.138306
1.08 0.128468
1.085 0.119017
1.09 0.109954
1.095 0.101279
1.1 0.0929937
1.105 0.0850961
1.11 0.0775851
1.115 0.0704591
1.12 0.0637159
1.125 0.0573526
1.13 0.0513661
1.135 0.0457529
1.14 0.0405091
1.145 0.0356304
1.15 0.0311122
1.155 0.0269497
1.16 0.0231378
1.165 0.0196711
1.17 0.0165441
1.175 0.013751
1.18 0.0112858
1.185 0.00914244
1.19 0.00731473
1.195 0.0057963
1.2 0.00458069
1.205 0.00366137
1.21 0.00303171
1.215 0.00268505
1.22 0.00261467
1.225 0.00281382
1.23 0.00327571
1.235 0.00399358
1.24 0.00496062
1.245 0.00617007
1.25 0.00761516
1.255 0.00928916
1.26 0.0111854
1.265 0.0132971
1.27 0.0156178
1.275 0.0181409
1.28 0.0208598
1.285 0.0237682
1.29 0.0268597
1.295 0.030128
1.3 0.0335668
1.305 0.0371701
1.31 0.0409317
1.315 0.0448458
1.32 0.0489064
1.325 0.0531078
1.33 0.0574443
1.335 0.0619104
1.34 0.0665004
1.345 0.0712091
1.35 0.0760311
1.355 0.0809612
1.36 0.0859945
1.365 0.0911258
1.37 0.0963503
1.375 0.101663
1.38 0.10706
1.385 0.112536
1.39 0.118086
1.395 0.123707
1.4 0.129395
1.405 0.135144
1.41 0.14095
1.415 0.146811
1.42 0.152722
1.425 0.158679
1.43 0.164679
1.435 0.170718
1.44 0.176792
1.445 0.182899
1.45 0.189034
1.455 0.195195
1.46 0.201379
1.465 0.207583
1.47 0.213803
1.475 0.220037
1.48 0.226282
1.485 0.232535
1.49 0.238794
1.495 0.245057
1.5 0.25132
1.505 0.257582
1.51 0.26384
1.515 0.270092
1.52 0.276336
1.525 0.28257
1.53 0.288791
1.535 0.294999
1.54 0.301191
1.545 0.307365
1.55 0.313519
1.555 0.319653
1.56 0.325763
1.565 0.33185
1.57 0.337911
1.575 0.343944
1.58 0.34995
1.585 0.355925
1.59 0.361869
1.595 0.367782
1.6 0.37366
1.605 0.379504
1.61 0.385313
1.615 0.391085
1.62 0.39682
1.625 0.402516
1.63 0.408173
1.635 0.413789
1.64 0.419365
1.645 0.424899
1.65 0.430391
1.655 0.43584
1.66 0.441244
1.665 0.446605
1.67 0.451921
1.675 0.457191
1.68 0.462416
1.685 0.467594
1.69 0.472725
1.695 0.477809
1.7 0.482846
1.705 0.487834
1.71 0.492775
1.715 0.497667
1.72 0.50251
1.725 0.507304
1.73 0.512049
1.735 0.516744
1.74 0.52139
1.745 0.525986
1.75 0.530532
1.755 0.535028
1.76 0.539474
1.765 0.543869
1.77 0.548215
1.775 0.55251
1.78 0.556755
1.785 0.56095
1.79 0.565095
1.795 0.569189
1.8 0.573233
1.805 0.577227
1.81 0.581171
1.815 0.585065
1.82 0.588909
1.825 0.592704
1.83 0.596449
1.835 0.600144
1.84 0.60379
1.845 0.607387
1.85 0.610935
1.855 0.614435
1.86 0.617885
1.865 0.621287
1.87 0.624641
1.875 0.627947
1.88 0.631206
1.885 0.634416
1.89 0.63758
1.895 0.640696
1.9 0.643766
1.905 0.646789
1.91 0.649765
1.915 0.652696
1.92 0.655581
1.925 0.65842
1.93 0.661214
1.935 0.663964
1.94 0.666668
1.945 0.669329
1.95 0.671945
1.955 0.674518
1.96 0.677047
1.965 0.679533
1.97 0.681976
1.975 0.684377
1.98 0.686736
1.985 0.689052
1.99 0.691328
1.995 0.693562
2 0.695755
2.005 0.697908
2.01 0.70002
2.015 0.702093
2.02 0.704126
2.025 0.706119
2.03 0.708074
2.035 0.70999
2.04 0.711869
2.045 0.713709
2.05 0.715511
2.055 0.717277
2.06 0.719005
2.065 0.720697
2.07 0.722353
2.075 0.723972
2.08 0.725557
2.085 0.727106
2.09 0.72862
2.095 0.730099
2.1 0.731545
2.105 0.732956
2.11 0.734334
2.115 0.735678
2.12 0.73699
2.125 0.738269
2.13 0.739516
2.135 0.740731
2.14 0.741914
2.145 0.743066
2.15 0.744187
2.155 0.745278
2.16 0.746338
2.165 0.747368
2.17 0.748368
2.175 0.749339
2.18 0.750281
2.185 0.751194
2.19 0.752079
2.195 0.752936
2.2 0.753764
2.205 0.754566
2.21 0.75534
2.215 0.756087
2.22 0.756807
2.225 0.757501
2.23 0.758169
2.235 0.758812
2.24 0.759429
2.245 0.76002
2.25 0.760587
2.255 0.761129
2.26 0.761647
2.265 0.762141
2.27 0.762611
2.275 0.763058
2.28 0.763481
2.285 0.763882
2.29 0.76426
2.295 0.764615
2.3 0.764949
2.305 0.76526
2.31 0.76555
2.315 0.765818
2.32 0.766066
2.325 0.766293
2.33 0.766499
2.335 0.766684
2.34 0.76685
2.345 0.766996
2.35 0.767122
2.355 0.767229
2.36 0.767317
2.365 0.767386
2.37 0.767437
2.375 0.767469
2.38 0.767482
2.385 0.767478
2.39 0.767457
2.395 0.767417
2.4 0.767361
2.405 0.767288
2.41 0.767197
2.415 0.76709
2.42 0.766967
2.425 0.766828
2.43 0.766673
2.435 0.766502
2.44 0.766315
2.445 0.766113
2.45 0.765896
2.455 0.765664
2.46 0.765418
2.465 0.765157
2.47 0.764881
2.475 0.764592
2.48 0.764288
2.485 0.763971
2.49 0.76364
2.495 0.763296
2.5 0.762939
2.505 0.762569
2.51 0.762186
2.515 0.76179
2.52 0.761382
2.525 0.760961
2.53 0.760529
2.535 0.760084
2.54 0.759628
2.545 0.75916
2.55 0.758681
2.555 0.75819
2.56 0.757688
2.565 0.757176
2.57 0.756652
2.575 0.756118
2.58 0.755574
2.585 0.755019
2.59 0.754454
2.595 0.753879
2.6 0.753294
2.605 0.752699
2.61 0.752095
2.615 0.751482
2.62 0.750859
2.625 0.750227
2.63 0.749586
2.635 0.748936
2.64 0.748277
2.645 0.74761
2.65 0.746934
2.655 0.74625
2.66 0.745558
2.665 0.744858
2.67 0.74415
2.675 0.743434
2.68 0.74271
2.685 0.741979
2.69 0.74124
2.695 0.740494
2.7 0.739741
2.705 0.738981
2.71 0.738214
2.715 0.737439
2.72 0.736659
2.725 0.735871
2.73 0.735077
2.735 0.734277
2.74 0.73347
2.745 0.732657
2.75 0.731839
2.755 0.731014
2.76 0.730183
2.765 0.729347
2.77 0.728504
2.775 0.727657
2.78 0.726804
2.785 0.725945
2.79 0.725081
2.795 0.724212
2.8 0.723338
2.805 0.722459
2.81 0.721575
2.815 0.720687
2.82 0.719793
2.825 0.718895
2.83 0.717992
2.835 0.717085
2.84 0.716174
2.845 0.715258
2.85 0.714339
2.855 0.713415
2.86 0.712487
2.865 0.711555
2.87 0.710619
2.875 0.709679
2.88 0.708736
2.885 0.707789
2.89 0.706839
2.895 0.705885
2.9 0.704928
2.905 0.703967
2.91 0.703003
2.915 0.702036
2.92 0.701066
2.925 0.700092
2.93 0.699116
2.935 0.698137
2.94 0.697155
2.945 0.69617
2.95 0.695183
2.955 0.694193
2.96 0.6932
2.965 0.692205
2.97 0.691207
2.975 0.690207
2.98 0.689205
2.985 0.6882
2.99 0.687193
2.995 0.686184
3 0.685173
3.005 0.68416
3.01 0.683145
3.015 0.682128
3.02 0.681109
3.025 0.680088
3.03 0.679066
3.035 0.678041
3.04 0.677016
3.045 0.675988
3.05 0.674959
3.055 0.673929
3.06 0.672897
3.065 0.671863
3.07 0.670828
3.075 0.669792
3.08 0.668755
3.085 0.667717
3.09 0.666677
3.095 0.665636
3.1 0.664594
3.105 0.663551
3.11 0.662507
3.115 0.661462
3.12 0.660417
3.125 0.65937
3.13 0.658322
3.135 0.657274
3.14 0.656225
3.145 0.655175
3.15 0.654125
3.155 0.653074
3.16 0.652022
3.165 0.65097
3.17 0.649918
3.175 0.648865
3.18 0.647811
3.185 0.646757
3.19 0.645703
3.195 0.644648
3.2 0.643593
3.205 0.642538
3.21 0.641482
3.215 0.640427
3.22 0.639371
3.225 0.638315
3.23 0.637259
3.235 0.636202
3.24 0.635146
3.245 0.63409
3.25 0.633034
3.255 0.631978
3.26 0.630922
3.265 0.629866
3.27 0.62881
3.275 0.627754
3.28 0.626699
3.285 0.625643
3.29 0.624588
3.295 0.623533
3.3 0.622479
3.305 0.621425
3.31 0.620371
3.315 0.619317
3.32 0.618264
3.325 0.617212
3.33 0.616159
3.335 0.615108
3.34 0.614056
3.345 0.613006
3.35 0.611955
3.355 0.610906
3.36 0.609857
3.365 0.608808
3.37 0.60776
3.375 0.606713
3.38 0.605666
3.385 0.60462
3.39 0.603575
3.395 0.602531
3.4 0.601487
3.405 0.600444
3.41 0.599401
3.415 0.59836
3.42 0.597319
3.425 0.59628
3.43 0.595241
3.435 0.594202
3.44 0.593165
3.445 0.592129
3.45 0.591093
3.455 0.590059
3.46 0.589025
3.465 0.587993
3.47 0.586961
3.475 0.58593
3.48 0.584901
3.485 0.583872
3.49 0.582845
3.495 0.581818
3.5 0.580793
3.505 0.579768
3.51 0.578745
3.515 0.577723
3.52 0.576702
3.525 0.575682
3.53 0.574663
3.535 0.573645
3.54 0.572629
3.545 0.571614
3.55 0.570599
3.555 0.569587
3.56 0.568575
3.565 0.567564
3.57 0.566555
3.575 0.565547
3.58 0.56454
3.585 0.563535
3.59 0.562531
3.595 0.561528
3.6 0.560526
3.605 0.559526
3.61 0.558527
3.615 0.557529
3.62 0.556533
3.625 0.555538
3.63 0.554545
3.635 0.553552
3.64 0.552562
3.645 0.551572
3.65 0.550584
3.655 0.549597
3.66 0.548612
3.665 0.547628
3.67 0.546646
3.675 0.545665
3.68 0.544685
3.685 0.543707
3.69 0.54273
3.695 0.541755
3.7 0.540781
3.705 0.539809
3.71 0.538838
3.715 0.537869
3.72 0.536901
3.725 0.535934
3.73 0.534969
3.735 0.534006
3.74 0.533044
3.745 0.532084
3.75 0.531125
3.755 0.530168
3.76 0.529212
3.765 0.528258
3.77 0.527305
3.775 0.526354
3.78 0.525404
3.785 0.524456
3.79 0.52351
3.795 0.522565
3.8 0.521622
3.805 0.52068
3.81 0.51974
3.815 0.518801
3.82 0.517864
3.825 0.516929
3.83 0.515995
3.835 0.515063
3.84 0.514132
3.845 0.513203
3.85 0.512276
3.855 0.51135
3.86 0.510426
3.865 0.509503
3.87 0.508582
3.875 0.507663
3.88 0.506745
3.885 0.505829
3.89 0.504915
3.895 0.504002
3.9 0.503091
3.905 0.502181
3.91 0.501273
3.915 0.500367
3.92 0.499462
3.925 0.498559
3.93 0.497658
3.935 0.496758
3.94 0.49586
3.945 0.494964
3.95 0.494069
3.955 0.493176
3.96 0.492285
3.965 0.491395
3.97 0.490507
3.975 0.489621
3.98 0.488736
3.985 0.487853
3.99 0.486971
3.995 0.486092
4 0.485214
4.005 0.484337
4.01 0.483462
4.015 0.482589
4.02 0.481718
4.025 0.480848
4.03 0.47998
4.035 0.479114
4.04 0.478249
4.045 0.477386
4.05 0.476524
4.055 0.475665
4.06 0.474806
4.065 0.47395
4.07 0.473095
4.075 0.472242
4.08 0.471391
4.085 0.470541
4.09 0.469693
4.095 0.468847
4.1 0.468002
4.105 0.467159
4.11 0.466318
4.115 0.465478
4.12 0.46464
4.125 0.463804
4.13 0.462969
4.135 0.462136
4.14 0.461305
4.145 0.460475
4.15 0.459647
4.155 0.458821
4.16 0.457996
4.165 0.457173
4.17 0.456352
4.175 0.455532
4.18 0.454714
4.185 0.453898
4.19 0.453083
4.195 0.45227
4.2 0.451459
4.205 0.450649
4.21 0.449841
4.215 0.449035
4.22 0.44823
4.225 0.447427
4.23 0.446625
4.235 0.445826
4.24 0.445027
4.245 0.444231
4.25 0.443436
4.255 0.442643
4.26 0.441851
4.265 0.441061
4.27 0.440273
4.275 0.439486
4.28 0.438701
4.285 0.437918
4.29 0.437136
4.295 0.436356
4.3 0.435578
4.305 0.434801
4.31 0.434026
4.315 0.433252
4.32 0.43248
4.325 0.43171
4.33 0.430941
4.335 0.430174
4.34 0.429408
4.345 0.428644
4.35 0.427882
4.355 0.427121
4.36 0.426362
4.365 0.425605
4.37 0.424849
4.375 0.424095
4.38 0.423342
4.385 0.422591
4.39 0.421841
4.395 0.421094
4.4 0.420347
4.405 0.419603
4.41 0.418859
4.415 0.418118
4.42 0.417378
4.425 0.41664
4.43 0.415903
4.435 0.415168
4.44 0.414434
4.445 0.413702
4.45 0.412971
4.455 0.412243
4.46 0.411515
4.465 0.410789
4.47 0.410065
4.475 0.409342
4.48 0.408621
4.485 0.407902
4.49 0.407184
4.495 0.406467
4.5 0.405752
4.505 0.405039
4.51 0.404327
4.515 0.403617
4.52 0.402908
4.525 0.402201
4.53 0.401495
4.535 0.400791
4.54 0.400088
4.545 0.399387
4.55 0.398687
4.555 0.397989
4.56 0.397293
4.565 0.396597
4.57 0.395904
4.575 0.395212
4.58 0.394521
4.585 0.393832
4.59 0.393145
4.595 0.392459
4.6 0.391774
4.605 0.391091
4.61 0.390409
4.615 0.389729
4.62 0.389051
4.625 0.388373
4.63 0.387698
4.635 0.387024
4.64 0.386351
4.645 0.38568
4.65 0.38501
4.655 0.384342
4.66 0.383675
4.665 0.383009
4.67 0.382345
4.675 0.381683
4.68 0.381022
4.685 0.380362
4.69 0.379704
4.695 0.379047
4.7 0.378392
4.705 0.377738
4.71 0.377086
4.715 0.376435
4.72 0.375785
4.725 0.375137
4.73 0.37449
4.735 0.373845
4.74 0.373201
4.745 0.372559
4.75 0.371918
4.755 0.371278
4.76 0.37064
4.765 0.370003
4.77 0.369368
4.775 0.368734
4.78 0.368101
4.785 0.36747
4.79 0.36684
4.795 0.366212
4.8 0.365584
4.805 0.364959
4.81 0.364334
4.815 0.363711
4.82 0.36309
4.825 0.36247
4.83 0.361851
4.835 0.361233
4.84 0.360617
4.845 0.360002
4.85 0.359389
4.855 0.358777
4.86 0.358166
4.865 0.357557
4.87 0.356949
4.875 0.356342
4.88 0.355737
4.885 0.355133
4.89 0.35453
4.895 0.353929
4.9 0.353329
4.905 0.35273
4.91 0.352133
4.915 0.351537
4.92 0.350942
4.925 0.350348
4.93 0.349756
4.935 0.349165
4.94 0.348576
4.945 0.347988
4.95 0.347401
4.955 0.346815
4.96 0.346231
4.965 0.345648
4.97 0.345066
4.975 0.344485
4.98 0.343906
4.985 0.343328
4.99 0.342751
4.995 0.342176
5 0.341602
5.005 0.341029
5.01 0.340457
5.015 0.339887
5.02 0.339318
5.025 0.33875
5.03 0.338184
5.035 0.337618
5.04 0.337054
5.045 0.336491
5.05 0.33593
5.055 0.335369
5.06 0.33481
5.065 0.334252
5.07 0.333696
5.075 0.33314
5.08 0.332586
5.085 0.332033
5.09 0.331481
5.095 0.330931
5.1 0.330381
5.105 0.329833
5.11 0.329286
5.115 0.32874
5.12 0.328196
5.125 0.327652
5.13 0.32711
5.135 0.326569
5.14 0.32603
5.145 0.325491
5.15 0.324954
5.155 0.324417
5.16 0.323882
5.165 0.323348
5.17 0.322816
5.175 0.322284
5.18 0.321754
5.185 0.321225
5.19 0.320697
5.195 0.32017
5.2 0.319644
5.205 0.319119
5.21 0.318596
5.215 0.318074
5.22 0.317553
5.225 0.317033
5.23 0.316514
5.235 0.315996
5.24 0.31548
5.245 0.314964
5.25 0.31445
5.255 0.313937
5.26 0.313425
5.265 0.312914
5.27 0.312404
5.275 0.311895
5.28 0.311388
5.285 0.310881
5.29 0.310376
5.295 0.309871
5.3 0.309368
5.305 0.308866
5.31 0.308365
5.315 0.307865
5.32 0.307367
5.325 0.306869
5.33 0.306372
5.335 0.305877
5.34 0.305382
5.345 0.304889
5.35 0.304397
5.355 0.303906
5.36 0.303415
5.365 0.302926
5.37 0.302438
5.375 0.301951
5.38 0.301466
5.385 0.300981
5.39 0.300497
5.395 0.300014
5.4 0.299533
5.405 0.299052
5.41 0.298572
5.415 0.298094
5.42 0.297616
5.425 0.29714
5.43 0.296665
5.435 0.29619
5.44 0.295717
5.445 0.295244
5.45 0.294773
5.455 0.294303
5.46 0.293834
5.465 0.293365
5.47 0.292898
5.475 0.292432
5.48 0.291967
5.485 0.291503
5.49 0.291039
5.495 0.290577
5.5 0.290116
5.505 0.289656
5.51 0.289197
5.515 0.288738
5.52 0.288281
5.525 0.287825
5.53 0.28737
5.535 0.286915
5.54 0.286462
5.545 0.28601
5.55 0.285559
5.555 0.285108
5.56 0.284659
5.565 0.28421
5.57 0.283763
5.575 0.283317
5.58 0.282871
5.585 0.282426
5.59 0.281983
5.595 0.28154
5.6 0.281099
5.605 0.280658
5.61 0.280218
5.615 0.279779
5.62 0.279341
5.625 0.278904
5.63 0.278468
5.635 0.278033
5.64 0.277599
5.645 0.277166
5.65 0.276733
5.655 0.276302
5.66 0.275872
5.665 0.275442
5.67 0.275013
5.675 0.274586
5.68 0.274159
5.685 0.273733
5.69 0.273308
5.695 0.272884
5.7 0.272461
5.705 0.272039
5.71 0.271617
5.715 0.271197
5.72 0.270777
5.725 0.270359
5.73 0.269941
5.735 0.269524
5.74 0.269108
5.745 0.268693
5.75 0.268279
5.755 0.267866
5.76 0.267453
5.765 0.267042
5.77 0.266631
5.775 0.266221
5.78 0.265812
5.785 0.265404
5.79 0.264997
5.795 0.26459
5.8 0.264185
5.805 0.26378
5.81 0.263377
5.815 0.262974
5.82 0.262572
5.825 0.26217
5.83 0.26177
5.835 0.26137
5.84 0.260972
5.845 0.260574
5.85 0.260177
5.855 0.259781
5.86 0.259386
5.865 0.258991
5.87 0.258597
5.875 0.258205
5.88 0.257813
5.885 0.257421
5.89 0.257031
5.895 0.256642
5.9 0.256253
5.905 0.255865
5.91 0.255478
5.915 0.255092
5.92 0.254706
5.925 0.254322
5.93 0.253938
5.935 0.253555
5.94 0.253173
5.945 0.252791
5.95 0.25241
5.955 0.252031
5.96 0.251652
5.965 0.251273
5.97 0.250896
5.975 0.250519
5.98 0.250143
5.985 0.249768
5.99 0.249394
5.995 0.249021
6 0.248648
6.005 0.248276
6.01 0.247905
6.015 0.247534
6.02 0.247165
6.025 0.246796
6.03 0.246428
6.035 0.24606
6.04 0.245694
6.045 0.245328
6.05 0.244963
6.055 0.244599
6.06 0.244235
6.065 0.243873
6.07 0.243511
6.075 0.243149
6.08 0.242789
6.085 0.242429
6.09 0.24207
6.095 0.241712
6.1 0.241354
6.105 0.240997
6.11 0.240641
6.115 0.240286
6.12 0.239931
6.125 0.239578
6.13 0.239224
6.135 0.238872
6.14 0.23852
6.145 0.238169
6.15 0.237819
6.155 0.23747
6.16 0.237121
6.165 0.236773
6.17 0.236426
6.175 0.236079
6.18 0.235733
6.185 0.235388
6.19 0.235043
6.195 0.2347
6.2 0.234356
6.205 0.234014
6.21 0.233672
6.215 0.233331
6.22 0.232991
6.225 0.232652
6.23 0.232313
6.235 0.231975
6.24 0.231637
6.245 0.2313
6.25 0.230964
6.255 0.230629
6.26 0.230294
6.265 0.22996
6.27 0.229627
6.275 0.229294
6.28 0.228962
6.285 0.22863
6.29 0.2283
6.295 0.22797
6.3 0.22764
6.305 0.227312
6.31 0.226984
6.315 0.226656
6.32 0.22633
6.325 0.226004
6.33 0.225678
6.335 0.225354
6.34 0.22503
6.345 0.224706
6.35 0.224384
6.355 0.224062
6.36 0.22374
6.365 0.22342
6.37 0.223099
6.375 0.22278
6.38 0.222461
6.385 0.222143
6.39 0.221825
6.395 0.221509
6.4 0.221192
6.405 0.220877
6.41 0.220562
6.415 0.220247
6.42 0.219934
6.425 0.219621
6.43 0.219308
6.435 0.218996
6.44 0.218685
6.445 0.218375
6.45 0.218065
6.455 0.217755
6.46 0.217447
6.465 0.217139
6.47 0.216831
6.475 0.216524
6.48 0.216218
6.485 0.215913
6.49 0.215608
6.495 0.215303
6.5 0.214999
6.505 0.214696
6.51 0.214394
6.515 0.214092
6.52 0.21379
6.525 0.213489
6.53 0.213189
6.535 0.21289
6.54 0.212591
6.545 0.212292
6.55 0.211995
6.555 0.211697
6.56 0.211401
6.565 0.211105
6.57 0.210809
6.575 0.210515
6.58 0.21022
6.585 0.209927
6.59 0.209633
6.595 0.209341
6.6 0.209049
6.605 0.208758
6.61 0.208467
6.615 0.208177
6.62 0.207887
6.625 0.207598
6.63 0.20731
6.635 0.207022
6.64 0.206734
6.645 0.206447
6.65 0.206161
6.655 0.205876
6.66 0.205591
6.665 0.205306
6.67 0.205022
6.675 0.204739
6.68 0.204456
6.685 0.204173
6.69 0.203892
6.695 0.20361
6.7 0.20333
6.705 0.20305
6.71 0.20277
6.715 0.202491
6.72 0.202213
6.725 0.201935
6.73 0.201657
6.735 0.201381
6.74 0.201104
6.745 0.200829
6.75 0.200553
6.755 0.200279
6.76 0.200005
6.765 0.199731
6.77 0.199458
6.775 0.199185
6.78 0.198913
6.785 0.198642
6.79 0.198371
6.795 0.198101
6.8 0.197831
6.805 0.197561
6.81 0.197293
6.815 0.197024
6.82 0.196756
6.825 0.196489
6.83 0.196222
6.835 0.195956
6.84 0.19569
6.845 0.195425
6.85 0.19516
6.855 0.194896
6.86 0.194633
6.865 0.194369
6.87 0.194107
6.875 0.193845
6.88 0.193583
6.885 0.193322
6.89 0.193061
6.895 0.192801
6.9 0.192541
6.905 0.192282
6.91 0.192023
6.915 0.191765
6.92 0.191508
6.925 0.19125
6.93 0.190994
6.935 0.190738
6.94 0.190482
6.945 0.190227
6.95 0.189972
6.955 0.189718
6.96 0.189464
6.965 0.189211
6.97 0.188958
6.975 0.188706
6.98 0.188454
6.985 0.188203
6.99 0.187952
6.995 0.187701
7 0.187452
7.005 0.187202
7.01 0.186953
7.015 0.186705
7.02 0.186457
7.025 0.186209
7.03 0.185962
7.035 0.185716
7.04 0.185469
7.045 0.185224
7.05 0.184979
7.055 0.184734
7.06 0.18449
7.065 0.184246
7.07 0.184003
7.075 0.18376
7.08 0.183517
7.085 0.183275
7.09 0.183034
7.095 0.182793
7.1 0.182552
7.105 0.182312
7.11 0.182072
7.115 0.181833
7.12 0.181594
7.125 0.181356
7.13 0.181118
7.135 0.180881
7.14 0.180644
7.145 0.180407
7.15 0.180171
7.155 0.179936
7.16 0.1797
7.165 0.179466
7.17 0.179231
7.175 0.178997
7.18 0.178764
7.185 0.178531
7.19 0.178298
7.195 0.178066
7.2 0.177834
7.205 0.177603
7.21 0.177372
7.215 0.177142
7.22 0.176912
7.225 0.176682
7.23 0.176453
7.235 0.176225
7.24 0.175996
7.245 0.175768
7.25 0.175541
7.255 0.175314
7.26 0.175087
7.265 0.174861
7.27 0.174636
7.275 0.17441
7.28 0.174185
7.285 0.173961
7.29 0.173737
7.295 0.173513
7.3 0.17329
7.305 0.173067
7.31 0.172845
7.315 0.172623
7.32 0.172401
7.325 0.17218
7.33 0.171959
7.335 0.171739
7.34 0.171519
7.345 0.171299
7.35 0.17108
7.355 0.170861
7.36 0.170643
7.365 0.170425
7.37 0.170207
7.375 0.16999
7.38 0.169773
7.385 0.169557
7.39 0.169341
7.395 0.169126
7.4 0.16891
7.405 0.168696
7.41 0.168481
7.415 0.168267
7.42 0.168054
7.425 0.16784
7.43 0.167628
7.435 0.167415
7.44 0.167203
7.445 0.166992
7.45 0.16678
7.455 0.166569
7.46 0.166359
7.465 0.166149
7.47 0.165939
7.475 0.16573
7.48 0.165521
7.485 0.165312
7.49 0.165104
7.495 0.164896
7.5 0.164689
7.505 0.164482
7.51 0.164275
7.515 0.164069
7.52 0.163863
7.525 0.163657
7.53 0.163452
7.535 0.163247
7.54 0.163043
7.545 0.162838
7.55 0.162635
7.555 0.162431
7.56 0.162228
7.565 0.162026
7.57 0.161823
7.575 0.161622
7.58 0.16142
7.585 0.161219
7.59 0.161018
7.595 0.160818
7.6 0.160617
7.605 0.160418
7.61 0.160218
7.615 0.160019
7.62 0.159821
7.625 0.159622
7.63 0.159424
7.635 0.159227
7.64 0.15903
7.645 0.158833
7.65 0.158636
7.655 0.15844
7.66 0.158244
7.665 0.158049
7.67 0.157854
7.675 0.157659
7.68 0.157464
7.685 0.15727
7.69 0.157076
7.695 0.156883
7.7 0.15669
7.705 0.156497
7.71 0.156305
7.715 0.156113
7.72 0.155921
7.725 0.15573
7.73 0.155539
7.735 0.155348
7.74 0.155158
7.745 0.154968
7.75 0.154778
7.755 0.154589
7.76 0.1544
7.765 0.154211
7.77 0.154023
7.775 0.153835
7.78 0.153647
7.785 0.15346
7.79 0.153273
7.795 0.153086
7.8 0.1529
7.805 0.152714
7.81 0.152528
7.815 0.152343
7.82 0.152158
7.825 0.151973
7.83 0.151789
7.835 0.151605
7.84 0.151421
7.845 0.151238
7.85 0.151055
7.855 0.150872
7.86 0.150689
7.865 0.150507
7.87 0.150325
7.875 0.150144
7.88 0.149963
7.885 0.149782
7.89 0.149601
7.895 0.149421
7.9 0.149241
7.905 0.149062
7.91 0.148882
7.915 0.148703
7.92 0.148525
7.925 0.148346
7.93 0.148168
7.935 0.147991
7.94 0.147813
7.945 0.147636
7.95 0.147459
7.955 0.147283
7.96 0.147107
7.965 0.146931
7.97 0.146755
7.975 0.14658
7.98 0.146405
7.985 0.14623
7.99 0.146056
7.995 0.145882
8 0.145708
8.005 0.145535
8.01 0.145361
8.015 0.145188
8.02 0.145016
8.025 0.144844
8.03 0.144672
8.035 0.1445
8.04 0.144329
8.045 0.144158
8.05 0.143987
8.055 0.143816
8.06 0.143646
8.065 0.143476
8.07 0.143306
8.075 0.143137
8.08 0.142968
8.085 0.142799
8.09 0.142631
8.095 0.142463
8.1 0.142295
8.105 0.142127
8.11 0.14196
8.115 0.141793
8.12 0.141626
8.125 0.14146
8.13 0.141294
8.135 0.141128
8.14 0.140962
8.145 0.140797
8.15 0.140632
8.155 0.140467
8.16 0.140302
8.165 0.140138
8.17 0.139974
8.175 0.139811
8.18 0.139647
8.185 0.139484
8.19 0.139321
8.195 0.139159
8.2 0.138997
8.205 0.138835
8.21 0.138673
8.215 0.138511
8.22 0.13835
8.225 0.138189
8.23 0.138029
8.235 0.137868
8.24 0.137708
8.245 0.137549
8.25 0.137389
8.255 0.13723
8.26 0.137071
8.265 0.136912
8.27 0.136754
8.275 0.136595
8.28 0.136437
8.285 0.13628
8.29 0.136122
8.295 0.135965
8.3 0.135808
8.305 0.135652
8.31 0.135495
8.315 0.135339
8.32 0.135183
8.325 0.135028
8.33 0.134873
8.335 0.134718
8.34 0.134563
8.345 0.134408
8.35 0.134254
8.355 0.1341
8.36 0.133946
8.365 0.133793
8.37 0.13364
8.375 0.133487
8.38 0.133334
8.385 0.133181
8.39 0.133029
8.395 0.132877
8.4 0.132725
8.405 0.132574
8.41 0.132423
8.415 0.132272
8.42 0.132121
8.425 0.131971
8.43 0.13182
8.435 0.13167
8.44 0.131521
8.445 0.131371
8.45 0.131222
8.455 0.131073
8.46 0.130924
8.465 0.130776
8.47 0.130628
8.475 0.13048
8.48 0.130332
8.485 0.130184
8.49 0.130037
8.495 0.12989
8.5 0.129743
8.505 0.129597
8.51 0.129451
8.515 0.129304
8.52 0.129159
8.525 0.129013
8.53 0.128868
8.535 0.128723
8.54 0.128578
8.545 0.128433
8.55 0.128289
8.555 0.128145
8.56 0.128001
8.565 0.127857
8.57 0.127714
8.575 0.12757
8.58 0.127428
8.585 0.127285
8.59 0.127142
8.595 0.127
8.6 0.126858
8.605 0.126716
8.61 0.126575
8.615 0.126433
8.62 0.126292
8.625 0.126151
8.63 0.126011
8.635 0.12587
8.64 0.12573
8.645 0.12559
8.65 0.12545
8.655 0.125311
8.66 0.125171
8.665 0.125032
8.67 0.124894
8.675 0.124755
8.68 0.124617
8.685 0.124478
8.69 0.12434
8.695 0.124203
8.7 0.124065
8.705 0.123928
8.71 0.123791
8.715 0.123654
8.72 0.123517
8.725 0.123381
8.73 0.123245
8.735 0.123109
8.74 0.122973
8.745 0.122838
8.75 0.122702
8.755 0.122567
8.76 0.122432
8.765 0.122298
8.77 0.122163
8.775 0.122029
8.78 0.121895
8.785 0.121761
8.79 0.121628
8.795 0.121495
8.8 0.121361
8.805 0.121228
8.81 0.121096
8.815 0.120963
8.82 0.120831
8.825 0.120699
8.83 0.120567
8.835 0.120435
8.84 0.120304
8.845 0.120173
8.85 0.120042
8.855 0.119911
8.86 0.11978
8.865 0.11965
8.87 0.11952
8.875 0.11939
8.88 0.11926
8.885 0.11913
8.89 0.119001
8.895 0.118872
8.9 0.118743
8.905 0.118614
8.91 0.118485
8.915 0.118357
8.92 0.118229
8.925 0.118101
8.93 0.117973
8.935 0.117846
8.94 0.117718
8.945 0.117591
8.95 0.117464
8.955 0.117338
8.96 0.117211
8.965 0.117085
8.97 0.116959
8.975 0.116833
8.98 0.116707
8.985 0.116581
8.99 0.116456
8.995 0.116331
9 0.116206
9.005 0.116081
9.01 0.115957
9.015 0.115832
9.02 0.115708
9.025 0.115584
9.03 0.11546
9.035 0.115337
9.04 0.115213
9.045 0.11509
9.05 0.114967
9.055 0.114844
9.06 0.114722
9.065 0.114599
9.07 0.114477
9.075 0.114355
9.08 0.114233
9.085 0.114111
9.09 0.11399
9.095 0.113869
9.1 0.113748
9.105 0.113627
9.11 0.113506
9.115 0.113385
9.12 0.113265
9.125 0.113145
9.13 0.113025
9.135 0.112905
9.14 0.112785
9.145 0.112666
9.15 0.112547
9.155 0.112428
9.16 0.112309
9.165 0.11219
9.17 0.112072
9.175 0.111953
9.18 0.111835
9.185 0.111717
9.19 0.1116
9.195 0.111482
9.2 0.111365
9.205 0.111247
9.21 0.11113
9.215 0.111013
9.22 0.110897
9.225 0.11078
9.23 0.110664
9.235 0.110548
9.24 0.110432
9.245 0.110316
9.25 0.1102
9.255 0.110085
9.26 0.10997
9.265 0.109855
9.27 0.10974
9.275 0.109625
9.28 0.10951
9.285 0.109396
9.29 0.109282
9.295 0.109168
9.3 0.109054
9.305 0.10894
9.31 0.108827
9.315 0.108714
9.32 0.1086
9.325 0.108487
9.33 0.108375
9.335 0.108262
9.34 0.108149
9.345 0.108037
9.35 0.107925
9.355 0.107813
9.36 0.107701
9.365 0.10759
9.37 0.107478
9.375 0.107367
9.38 0.107256
9.385 0.107145
9.39 0.107034
9.395 0.106924
9.4 0.106813
9.405 0.106703
9.41 0.106593
9.415 0.106483
9.42 0.106373
9.425 0.106263
9.43 0.106154
9.435 0.106045
9.44 0.105936
9.445 0.105827
9.45 0.105718
9.455 0.105609
9.46 0.105501
9.465 0.105392
9.47 0.105284
9.475 0.105176
9.48 0.105069
9.485 0.104961
9.49 0.104853
9.495 0.104746
9.5 0.104639
9.505 0.104532
9.51 0.104425
9.515 0.104319
9.52 0.104212
9.525 0.104106
9.53 0.103999
9.535 0.103893
9.54 0.103788
9.545 0.103682
9.55 0.103576
9.555 0.103471
9.56 0.103366
9.565 0.103261
9.57 0.103156
9.575 0.103051
9.58 0.102946
9.585 0.102842
9.59 0.102737
9.595 0.102633
9.6 0.102529
9.605 0.102425
9.61 0.102322
9.615 0.102218
9.62 0.102115
9.625 0.102012
9.63 0.101909
9.635 0.101806
9.64 0.101703
9.645 0.1016
9.65 0.101498
9.655 0.101395
9.66 0.101293
9.665 0.101191
9.67 0.101089
9.675 0.100988
9.68 0.100886
9.685 0.100785
9.69 0.100683
9.695 0.100582
9.7 0.100481
9.705 0.100381
9.71 0.10028
9.715 0.100179
9.72 0.100079
9.725 0.0999788
9.73 0.0998787
9.735 0.0997788
9.74 0.099679
9.745 0.0995794
9.75 0.0994799
9.755 0.0993805
9.76 0.0992813
9.765 0.0991823
9.77 0.0990834
9.775 0.0989846
9.78 0.098886
9.785 0.0987875
9.79 0.0986892
9.795 0.098591
9.8 0.098493
9.805 0.0983951
9.81 0.0982973
9.815 0.0981997
9.82 0.0981023
9.825 0.0980049
9.83 0.0979078
9.835 0.0978107
9.84 0.0977138
9.845 0.0976171
9.85 0.0975204
9.855 0.097424
9.86 0.0973276
9.865 0.0972314
9.87 0.0971354
9.875 0.0970394
9.88 0.0969437
9.885 0.096848
9.89 0.0967525
9.895 0.0966571
9.9 0.0965619
9.905 0.0964668
9.91 0.0963719
9.915 0.0962771
9.92 0.0961824
9.925 0.0960878
9.93 0.0959934
9.935 0.0958992
9.94 0.095805
9.945 0.0957111
9.95 0.0956172
9.955 0.0955235
9.96 0.0954299
9.965 0.0953364
9.97 0.0952431
9.975 0.0951499
9.98 0.0950569
9.985 0.0949639
9.99 0.0948712
9.995 0.0947785
