0 -nan
0.005 0.0553588
0.01 0.0845356
0.015 0.379405
0.02 0.397733
0.025 0.0696804
0.03 0.803404
0.035 0.809555
0.04 0.401814
0.045 0.134407
0.05 0.0920861
0.055 0.187213
0.06 0.33225
0.065 0.475722
0.07 0.594972
0.075 0.683795
0.08 0.743767
0.085 0.779416
0.09 0.795853
0.095 0.797761
0.1 0.789052
0.105 0.772838
0.11 0.751515
0.115 0.726893
0.12 0.700315
0.125 0.672762
0.13 0.644942
0.135 0.617358
0.14 0.590357
0.145 0.564174
0.15 0.53896
0.155 0.514802
0.16 0.491747
0.165 0.469808
0.17 0.448974
0.175 0.429222
0.18 0.410515
0.185 0.392811
0.19 0.376066
0.195 0.36023
0.2 0.345255
0.205 0.331094
0.21 0.3177
0.215 0.305027
0.22 0.293032
0.225 0.281675
0.23 0.270916
0.235 0.260719
0.24 0.251049
0.245 0.241873
0.25 0.233163
0.255 0.224888
0.26 0.217023
0.265 0.209543
0.27 0.202425
0.275 0.195648
0.28 0.18919
0.285 0.183034
0.29 0.177162
0.295 0.171557
0.3 0.166204
0.305 0.16109
0.31 0.1562
0.315 0.151523
0.32 0.147046
0.325 0.142758
0.33 0.13865
0.335 0.134712
0.34 0.130935
0.345 0.127311
0.35 0.123831
0.355 0.120489
0.36 0.117277
0.365 0.114189
0.37 0.111218
0.375 0.10836
0.38 0.105608
0.385 0.102958
0.39 0.100404
0.395 0.0979421
0.4 0.0955681
0.405 0.0932779
0.41 0.0910676
0.415 0.0889336
0.42 0.0868726
0.425 0.0848812
0.43 0.0829565
0.435 0.0810955
0.44 0.0792955
0.445 0.0775539
0.45 0.0758682
0.455 0.0742362
0.46 0.0726556
0.465 0.0711242
0.47 0.0696401
0.475 0.0682015
0.48 0.0668064
0.485 0.0654531
0.49 0.0641401
0.495 0.0628658
0.5 0.0616286
0.505 0.0604272
0.51 0.0592602
0.515 0.0581263
0.52 0.0570244
0.525 0.0559531
0.53 0.0549115
0.535 0.0538984
0.54 0.0529128
0.545 0.0519537
0.55 0.0510203
0.555 0.0501115
0.56 0.0492266
0.565 0.0483648
0.57 0.0475252
0.575 0.046707
0.58 0.0459097
0.585 0.0451324
0.59 0.0443745
0.595 0.0436355
0.6 0.0429145
0.605 0.0422112
0.61 0.0415249
0.615 0.0408551
0.62 0.0402012
0.625 0.0395628
0.63 0.0389394
0.635 0.0383305
0.64 0.0377357
0.645 0.0371545
0.65 0.0365866
0.655 0.0360315
0.66 0.0354888
0.665 0.0349583
0.67 0.0344395
0.675 0.0339321
0.68 0.0334357
0.685 0.0329501
0.69 0.0324749
0.695 0.0320099
0.7 0.0315548
0.705 0.0311092
0.71 0.030673
0.715 0.0302458
0.72 0.0298274
0.725 0.0294176
0.73 0.0290162
0.735 0.0286228
0.74 0.0282374
0.745 0.0278597
0.75 0.0274894
0.755 0.0271265
0.76 0.0267706
0.765 0.0264217
0.77 0.0260796
0.775 0.025744
0.78 0.0254148
0.785 0.0250918
0.79 0.024775
0.795 0.0244641
0.8 0.024159
0.805 0.0238595
0.81 0.0235655
0.815 0.0232769
0.82 0.0229936
0.825 0.0227154
0.83 0.0224422
0.835 0.0221738
0.84 0.0219103
0.845 0.0216513
0.85 0.021397
0.855 0.021147
0.86 0.0209014
0.865 0.0206601
0.87 0.0204229
0.875 0.0201897
0.88 0.0199605
0.885 0.0197351
0.89 0.0195136
0.895 0.0192957
0.9 0.0190815
0.905 0.0188708
0.91 0.0186635
0.915 0.0184596
0.92 0.0182591
0.925 0.0180618
0.93 0.0178676
0.935 0.0176766
0.94 0.0174886
0.945 0.0173036
0.95 0.0171214
0.955 0.0169422
0.96 0.0167657
0.965 0.016592
0.97 0.0164209
0.975 0.0162525
0.98 0.0160866
0.985 0.0159233
0.99 0.0157624
0.995 0.0156039
1 0.0154478
1.005 0.0152941
1.01 0.0151426
1.015 0.0149933
1.02 0.0148463
1.025 0.0147014
1.03 0.0145586
1.035 0.0144178
1.04 0.0142791
1.045 0.0141424
1.05 0.0140076
1.055 0.0138747
1.06 0.0137437
1.065 0.0136146
1.07 0.0134873
1.075 0.0133617
1.08 0.0132379
1.085 0.0131158
1.09 0.0129953
1.095 0.0128765
1.1 0.0127594
1.105 0.0126438
1.11 0.0125298
1.115 0.0124173
1.12 0.0123063
1.125 0.0121968
1.13 0.0120887
1.135 0.0119821
1.14 0.0118769
1.145 0.011773
1.15 0.0116705
1.155 0.0115693
1.16 0.0114695
1.165 0.0113709
1.17 0.0112736
1.175 0.0111775
1.18 0.0110827
1.185 0.010989
1.19 0.0108965
1.195 0.0108052
1.2 0.0107151
1.205 0.010626
1.21 0.0105381
1.215 0.0104512
1.22 0.0103654
1.225 0.0102807
1.23 0.010197
1.235 0.0101143
1.24 0.0100326
1.245 0.00995188
1.25 0.00987214
1.255 0.00979335
1.26 0.0097155
1.265 0.00963857
1.27 0.00956256
1.275 0.00948743
1.28 0.00941319
1.285 0.00933981
1.29 0.00926729
1.295 0.00919561
1.3 0.00912475
1.305 0.00905471
1.31 0.00898547
1.315 0.00891702
1.32 0.00884935
1.325 0.00878244
1.33 0.00871629
1.335 0.00865088
1.34 0.00858621
1.345 0.00852226
1.35 0.00845901
1.355 0.00839647
1.36 0.00833462
1.365 0.00827345
1.37 0.00821294
1.375 0.0081531
1.38 0.00809391
1.385 0.00803536
1.39 0.00797744
1.395 0.00792015
1.4 0.00786347
1.405 0.00780739
1.41 0.00775191
1.415 0.00769702
1.42 0.00764271
1.425 0.00758898
1.43 0.0075358
1.435 0.00748319
1.44 0.00743112
1.445 0.00737959
1.45 0.00732859
1.455 0.00727812
1.46 0.00722817
1.465 0.00717874
1.47 0.0071298
1.475 0.00708137
1.48 0.00703342
1.485 0.00698596
1.49 0.00693898
1.495 0.00689247
1.5 0.00684643
1.505 0.00680085
1.51 0.00675571
1.515 0.00671103
1.52 0.00666679
1.525 0.00662298
1.53 0.0065796
1.535 0.00653665
1.54 0.00649411
1.545 0.00645199
1.55 0.00641028
1.555 0.00636897
1.56 0.00632806
1.565 0.00628754
1.57 0.0062474
1.575 0.00620765
1.58 0.00616828
1.585 0.00612928
1.59 0.00609065
1.595 0.00605238
1.6 0.00601448
1.605 0.00597692
1.61 0.00593972
1.615 0.00590286
1.62 0.00586635
1.625 0.00583017
1.63 0.00579432
1.635 0.00575881
1.64 0.00572362
1.645 0.00568875
1.65 0.0056542
1.655 0.00561996
1.66 0.00558603
1.665 0.00555241
1.67 0.00551909
1.675 0.00548606
1.68 0.00545334
1.685 0.0054209
1.69 0.00538876
1.695 0.00535689
1.7 0.00532531
1.705 0.00529401
1.71 0.00526299
1.715 0.00523223
1.72 0.00520174
1.725 0.00517152
1.73 0.00514156
1.735 0.00511186
1.74 0.00508242
1.745 0.00505323
1.75 0.00502429
1.755 0.0049956
1.76 0.00496715
1.765 0.00493895
1.77 0.00491098
1.775 0.00488325
1.78 0.00485576
1.785 0.00482849
1.79 0.00480146
1.795 0.00477465
1.8 0.00474807
1.805 0.0047217
1.81 0.00469556
1.815 0.00466963
1.82 0.00464392
1.825 0.00461841
1.83 0.00459312
1.835 0.00456803
1.84 0.00454315
1.845 0.00451847
1.85 0.00449399
1.855 0.00446971
1.86 0.00444563
1.865 0.00442174
1.87 0.00439804
1.875 0.00437453
1.88 0.00435121
1.885 0.00432808
1.89 0.00430513
1.895 0.00428236
1.9 0.00425977
1.905 0.00423736
1.91 0.00421512
1.915 0.00419306
1.92 0.00417117
1.925 0.00414946
1.93 0.00412791
1.935 0.00410653
1.94 0.00408531
1.945 0.00406426
1.95 0.00404337
1.955 0.00402265
1.96 0.00400208
1.965 0.00398166
1.97 0.00396141
1.975 0.00394131
1.98 0.00392136
1.985 0.00390156
1.99 0.00388191
1.995 0.00386241
2 0.00384305
2.005 0.00382384
2.01 0.00380477
2.015 0.00378585
2.02 0.00376707
2.025 0.00374842
2.03 0.00372992
2.035 0.00371155
2.04 0.00369331
2.045 0.00367521
2.05 0.00365724
2.055 0.00363941
2.06 0.0036217
2.065 0.00360412
2.07 0.00358667
2.075 0.00356935
2.08 0.00355215
2.085 0.00353508
2.09 0.00351812
2.095 0.00350129
2.1 0.00348458
2.105 0.00346799
2.11 0.00345152
2.115 0.00343517
2.12 0.00341893
2.125 0.0034028
2.13 0.00338679
2.135 0.00337089
2.14 0.00335511
2.145 0.00333943
2.15 0.00332386
2.155 0.00330841
2.16 0.00329306
2.165 0.00327781
2.17 0.00326267
2.175 0.00324764
2.18 0.00323271
2.185 0.00321788
2.19 0.00320316
2.195 0.00318853
2.2 0.003174
2.205 0.00315958
2.21 0.00314525
2.215 0.00313102
2.22 0.00311688
2.225 0.00310285
2.23 0.0030889
2.235 0.00307505
2.24 0.00306129
2.245 0.00304763
2.25 0.00303405
2.255 0.00302057
2.26 0.00300717
2.265 0.00299387
2.27 0.00298065
2.275 0.00296752
2.28 0.00295448
2.285 0.00294152
2.29 0.00292864
2.295 0.00291586
2.3 0.00290315
2.305 0.00289053
2.31 0.00287799
2.315 0.00286553
2.32 0.00285315
2.325 0.00284085
2.33 0.00282863
2.335 0.00281649
2.34 0.00280443
2.345 0.00279245
2.35 0.00278054
2.355 0.00276871
2.36 0.00275695
2.365 0.00274527
2.37 0.00273366
2.375 0.00272212
2.38 0.00271066
2.385 0.00269927
2.39 0.00268795
2.395 0.0026767
2.4 0.00266553
2.405 0.00265442
2.41 0.00264338
2.415 0.00263241
2.42 0.00262151
2.425 0.00261068
2.43 0.00259991
2.435 0.00258921
2.44 0.00257858
2.445 0.00256801
2.45 0.00255751
2.455 0.00254707
2.46 0.00253669
2.465 0.00252638
2.47 0.00251613
2.475 0.00250594
2.48 0.00249581
2.485 0.00248575
2.49 0.00247574
2.495 0.0024658
2.5 0.00245592
2.505 0.00244609
2.51 0.00243633
2.515 0.00242662
2.52 0.00241697
2.525 0.00240738
2.53 0.00239784
2.535 0.00238836
2.54 0.00237894
2.545 0.00236957
2.55 0.00236026
2.555 0.002351
2.56 0.0023418
2.565 0.00233265
2.57 0.00232356
2.575 0.00231451
2.58 0.00230552
2.585 0.00229659
2.59 0.0022877
2.595 0.00227887
2.6 0.00227008
2.605 0.00226135
2.61 0.00225267
2.615 0.00224404
2.62 0.00223545
2.625 0.00222692
2.63 0.00221843
2.635 0.00221
2.64 0.00220161
2.645 0.00219327
2.65 0.00218497
2.655 0.00217673
2.66 0.00216853
2.665 0.00216037
2.67 0.00215227
2.675 0.0021442
2.68 0.00213619
2.685 0.00212821
2.69 0.00212029
2.695 0.0021124
2.7 0.00210456
2.705 0.00209677
2.71 0.00208901
2.715 0.0020813
2.72 0.00207364
2.725 0.00206601
2.73 0.00205843
2.735 0.00205089
2.74 0.00204339
2.745 0.00203593
2.75 0.00202851
2.755 0.00202113
2.76 0.00201379
2.765 0.00200649
2.77 0.00199924
2.775 0.00199202
2.78 0.00198484
2.785 0.0019777
2.79 0.00197059
2.795 0.00196353
2.8 0.0019565
2.805 0.00194951
2.81 0.00194256
2.815 0.00193565
2.82 0.00192877
2.825 0.00192193
2.83 0.00191512
2.835 0.00190835
2.84 0.00190162
2.845 0.00189492
2.85 0.00188826
2.855 0.00188163
2.86 0.00187504
2.865 0.00186848
2.87 0.00186196
2.875 0.00185547
2.88 0.00184902
2.885 0.00184259
2.89 0.00183621
2.895 0.00182985
2.9 0.00182353
2.905 0.00181724
2.91 0.00181098
2.915 0.00180476
2.92 0.00179856
2.925 0.0017924
2.93 0.00178627
2.935 0.00178017
2.94 0.00177411
2.945 0.00176807
2.95 0.00176207
2.955 0.00175609
2.96 0.00175015
2.965 0.00174423
2.97 0.00173835
2.975 0.00173249
2.98 0.00172667
2.985 0.00172087
2.99 0.00171511
2.995 0.00170937
3 0.00170366
3.005 0.00169798
3.01 0.00169233
3.015 0.0016867
3.02 0.00168111
3.025 0.00167554
3.03 0.00167
3.035 0.00166449
3.04 0.001659
3.045 0.00165354
3.05 0.00164811
3.055 0.0016427
3.06 0.00163732
3.065 0.00163197
3.07 0.00162665
3.075 0.00162135
3.08 0.00161607
3.085 0.00161082
3.09 0.0016056
3.095 0.0016004
3.1 0.00159523
3.105 0.00159008
3.11 0.00158496
3.115 0.00157986
3.12 0.00157479
3.125 0.00156974
3.13 0.00156472
3.135 0.00155971
3.14 0.00155474
3.145 0.00154979
3.15 0.00154486
3.155 0.00153995
3.16 0.00153507
3.165 0.00153021
3.17 0.00152537
3.175 0.00152056
3.18 0.00151577
3.185 0.001511
3.19 0.00150625
3.195 0.00150153
3.2 0.00149683
3.205 0.00149215
3.21 0.00148749
3.215 0.00148286
3.22 0.00147824
3.225 0.00147365
3.23 0.00146908
3.235 0.00146453
3.24 0.00146
3.245 0.0014555
3.25 0.00145101
3.255 0.00144654
3.26 0.0014421
3.265 0.00143767
3.27 0.00143327
3.275 0.00142888
3.28 0.00142452
3.285 0.00142017
3.29 0.00141585
3.295 0.00141154
3.3 0.00140726
3.305 0.00140299
3.31 0.00139875
3.315 0.00139452
3.32 0.00139031
3.325 0.00138612
3.33 0.00138195
3.335 0.0013778
3.34 0.00137367
3.345 0.00136955
3.35 0.00136546
3.355 0.00136138
3.36 0.00135732
3.365 0.00135328
3.37 0.00134926
3.375 0.00134525
3.38 0.00134126
3.385 0.0013373
3.39 0.00133334
3.395 0.00132941
3.4 0.00132549
3.405 0.00132159
3.41 0.00131771
3.415 0.00131384
3.42 0.00130999
3.425 0.00130616
3.43 0.00130235
3.435 0.00129855
3.44 0.00129477
3.445 0.001291
3.45 0.00128725
3.455 0.00128352
3.46 0.00127981
3.465 0.00127611
3.47 0.00127242
3.475 0.00126875
3.48 0.0012651
3.485 0.00126146
3.49 0.00125784
3.495 0.00125424
3.5 0.00125065
3.505 0.00124707
3.51 0.00124351
3.515 0.00123997
3.52 0.00123644
3.525 0.00123293
3.53 0.00122943
3.535 0.00122594
3.54 0.00122248
3.545 0.00121902
3.55 0.00121558
3.555 0.00121216
3.56 0.00120874
3.565 0.00120535
3.57 0.00120197
3.575 0.0011986
3.58 0.00119524
3.585 0.0011919
3.59 0.00118858
3.595 0.00118527
3.6 0.00118197
3.605 0.00117868
3.61 0.00117541
3.615 0.00117216
3.62 0.00116891
3.625 0.00116568
3.63 0.00116246
3.635 0.00115926
3.64 0.00115607
3.645 0.00115289
3.65 0.00114973
3.655 0.00114658
3.66 0.00114344
3.665 0.00114031
3.67 0.0011372
3.675 0.0011341
3.68 0.00113102
3.685 0.00112794
3.69 0.00112488
3.695 0.00112183
3.7 0.00111879
3.705 0.00111577
3.71 0.00111275
3.715 0.00110975
3.72 0.00110677
3.725 0.00110379
3.73 0.00110083
3.735 0.00109787
3.74 0.00109493
3.745 0.001092
3.75 0.00108909
3.755 0.00108618
3.76 0.00108329
3.765 0.00108041
3.77 0.00107753
3.775 0.00107468
3.78 0.00107183
3.785 0.00106899
3.79 0.00106617
3.795 0.00106335
3.8 0.00106055
3.805 0.00105776
3.81 0.00105498
3.815 0.00105221
3.82 0.00104945
3.825 0.0010467
3.83 0.00104396
3.835 0.00104123
3.84 0.00103852
3.845 0.00103581
3.85 0.00103312
3.855 0.00103043
3.86 0.00102776
3.865 0.0010251
3.87 0.00102244
3.875 0.0010198
3.88 0.00101717
3.885 0.00101454
3.89 0.00101193
3.895 0.00100933
3.9 0.00100674
3.905 0.00100415
3.91 0.00100158
3.915 0.000999019
3.92 0.000996467
3.925 0.000993924
3.93 0.00099139
3.935 0.000988867
3.94 0.000986353
3.945 0.000983848
3.95 0.000981353
3.955 0.000978868
3.96 0.000976392
3.965 0.000973926
3.97 0.000971468
3.975 0.00096902
3.98 0.000966582
3.985 0.000964152
3.99 0.000961732
3.995 0.00095932
4 0.000956918
4.005 0.000954525
4.01 0.000952141
4.015 0.000949765
4.02 0.000947399
4.025 0.000945041
4.03 0.000942693
4.035 0.000940352
4.04 0.000938021
4.045 0.000935698
4.05 0.000933384
4.055 0.000931079
4.06 0.000928782
4.065 0.000926493
4.07 0.000924213
4.075 0.000921941
4.08 0.000919678
4.085 0.000917423
4.09 0.000915176
4.095 0.000912938
4.1 0.000910708
4.105 0.000908486
4.11 0.000906272
4.115 0.000904066
4.12 0.000901868
4.125 0.000899678
4.13 0.000897496
4.135 0.000895322
4.14 0.000893156
4.145 0.000890998
4.15 0.000888847
4.155 0.000886705
4.16 0.00088457
4.165 0.000882443
4.17 0.000880323
4.175 0.000878211
4.18 0.000876107
4.185 0.00087401
4.19 0.000871921
4.195 0.000869839
4.2 0.000867765
4.205 0.000865698
4.21 0.000863638
4.215 0.000861586
4.22 0.000859541
4.225 0.000857504
4.23 0.000855473
4.235 0.00085345
4.24 0.000851434
4.245 0.000849425
4.25 0.000847423
4.255 0.000845429
4.26 0.000843441
4.265 0.00084146
4.27 0.000839487
4.275 0.00083752
4.28 0.00083556
4.285 0.000833607
4.29 0.000831661
4.295 0.000829721
4.3 0.000827789
4.305 0.000825863
4.31 0.000823944
4.315 0.000822031
4.32 0.000820126
4.325 0.000818227
4.33 0.000816334
4.335 0.000814448
4.34 0.000812568
4.345 0.000810695
4.35 0.000808829
4.355 0.000806969
4.36 0.000805115
4.365 0.000803268
4.37 0.000801427
4.375 0.000799592
4.38 0.000797764
4.385 0.000795942
4.39 0.000794126
4.395 0.000792316
4.4 0.000790513
4.405 0.000788715
4.41 0.000786924
4.415 0.000785139
4.42 0.00078336
4.425 0.000781587
4.43 0.00077982
4.435 0.000778059
4.44 0.000776304
4.445 0.000774555
4.45 0.000772812
4.455 0.000771074
4.46 0.000769343
4.465 0.000767617
4.47 0.000765897
4.475 0.000764183
4.48 0.000762475
4.485 0.000760772
4.49 0.000759075
4.495 0.000757384
4.5 0.000755698
4.505 0.000754018
4.51 0.000752344
4.515 0.000750675
4.52 0.000749012
4.525 0.000747354
4.53 0.000745702
4.535 0.000744055
4.54 0.000742414
4.545 0.000740778
4.55 0.000739147
4.555 0.000737522
4.56 0.000735902
4.565 0.000734288
4.57 0.000732679
4.575 0.000731075
4.58 0.000729476
4.585 0.000727883
4.59 0.000726295
4.595 0.000724712
4.6 0.000723134
4.605 0.000721561
4.61 0.000719994
4.615 0.000718431
4.62 0.000716874
4.625 0.000715322
4.63 0.000713775
4.635 0.000712232
4.64 0.000710695
4.645 0.000709163
4.65 0.000707636
4.655 0.000706113
4.66 0.000704596
4.665 0.000703083
4.67 0.000701575
4.675 0.000700072
4.68 0.000698574
4.685 0.000697081
4.69 0.000695593
4.695 0.000694109
4.7 0.00069263
4.705 0.000691156
4.71 0.000689686
4.715 0.000688221
4.72 0.000686761
4.725 0.000685305
4.73 0.000683854
4.735 0.000682408
4.74 0.000680966
4.745 0.000679529
4.75 0.000678096
4.755 0.000676668
4.76 0.000675245
4.765 0.000673826
4.77 0.000672411
4.775 0.000671001
4.78 0.000669595
4.785 0.000668194
4.79 0.000666797
4.795 0.000665404
4.8 0.000664016
4.805 0.000662632
4.81 0.000661252
4.815 0.000659877
4.82 0.000658506
4.825 0.000657139
4.83 0.000655777
4.835 0.000654418
4.84 0.000653064
4.845 0.000651715
4.85 0.000650369
4.855 0.000649027
4.86 0.00064769
4.865 0.000646357
4.87 0.000645028
4.875 0.000643703
4.88 0.000642382
4.885 0.000641065
4.89 0.000639752
4.895 0.000638443
4.9 0.000637139
4.905 0.000635838
4.91 0.000634541
4.915 0.000633248
4.92 0.000631959
4.925 0.000630674
4.93 0.000629393
4.935 0.000628116
4.94 0.000626843
4.945 0.000625573
4.95 0.000624308
4.955 0.000623046
4.96 0.000621788
4.965 0.000620534
4.97 0.000619284
4.975 0.000618037
4.98 0.000616794
4.985 0.000615555
4.99 0.00061432
4.995 0.000613088
5 0.000611861
5.005 0.000610636
5.01 0.000609416
5.015 0.000608199
5.02 0.000606986
5.025 0.000605776
5.03 0.00060457
5.035 0.000603368
5.04 0.000602169
5.045 0.000600974
5.05 0.000599782
5.055 0.000598594
5.06 0.000597409
5.065 0.000596228
5.07 0.000595051
5.075 0.000593876
5.08 0.000592706
5.085 0.000591539
5.09 0.000590375
5.095 0.000589214
5.1 0.000588058
5.105 0.000586904
5.11 0.000585754
5.115 0.000584607
5.12 0.000583464
5.125 0.000582324
5.13 0.000581187
5.135 0.000580054
5.14 0.000578924
5.145 0.000577797
5.15 0.000576674
5.155 0.000575553
5.16 0.000574436
5.165 0.000573323
5.17 0.000572212
5.175 0.000571105
5.18 0.000570001
5.185 0.0005689
5.19 0.000567803
5.195 0.000566708
5.2 0.000565617
5.205 0.000564529
5.21 0.000563444
5.215 0.000562362
5.22 0.000561283
5.225 0.000560207
5.23 0.000559135
5.235 0.000558065
5.24 0.000556999
5.245 0.000555935
5.25 0.000554875
5.255 0.000553818
5.26 0.000552763
5.265 0.000551712
5.27 0.000550664
5.275 0.000549619
5.28 0.000548576
5.285 0.000547537
5.29 0.0005465
5.295 0.000545467
5.3 0.000544436
5.305 0.000543409
5.31 0.000542384
5.315 0.000541362
5.32 0.000540343
5.325 0.000539327
5.33 0.000538314
5.335 0.000537304
5.34 0.000536296
5.345 0.000535291
5.35 0.00053429
5.355 0.00053329
5.36 0.000532294
5.365 0.000531301
5.37 0.00053031
5.375 0.000529322
5.38 0.000528337
5.385 0.000527355
5.39 0.000526375
5.395 0.000525398
5.4 0.000524424
5.405 0.000523452
5.41 0.000522483
5.415 0.000521517
5.42 0.000520554
5.425 0.000519593
5.43 0.000518635
5.435 0.000517679
5.44 0.000516726
5.445 0.000515776
5.45 0.000514829
5.455 0.000513884
5.46 0.000512941
5.465 0.000512001
5.47 0.000511064
5.475 0.000510129
5.48 0.000509197
5.485 0.000508268
5.49 0.000507341
5.495 0.000506416
5.5 0.000505494
5.505 0.000504575
5.51 0.000503658
5.515 0.000502744
5.52 0.000501832
5.525 0.000500922
5.53 0.000500015
5.535 0.000499111
5.54 0.000498209
5.545 0.000497309
5.55 0.000496412
5.555 0.000495517
5.56 0.000494625
5.565 0.000493735
5.57 0.000492847
5.575 0.000491962
5.58 0.000491079
5.585 0.000490199
5.59 0.000489321
5.595 0.000488445
5.6 0.000487572
5.605 0.000486701
5.61 0.000485832
5.615 0.000484966
5.62 0.000484102
5.625 0.00048324
5.63 0.000482381
5.635 0.000481523
5.64 0.000480669
5.645 0.000479816
5.65 0.000478966
5.655 0.000478118
5.66 0.000477272
5.665 0.000476428
5.67 0.000475587
5.675 0.000474748
5.68 0.000473911
5.685 0.000473076
5.69 0.000472244
5.695 0.000471414
5.7 0.000470586
5.705 0.00046976
5.71 0.000468936
5.715 0.000468114
5.72 0.000467295
5.725 0.000466478
5.73 0.000465663
5.735 0.00046485
5.74 0.000464039
5.745 0.00046323
5.75 0.000462423
5.755 0.000461619
5.76 0.000460816
5.765 0.000460016
5.77 0.000459218
5.775 0.000458422
5.78 0.000457628
5.785 0.000456836
5.79 0.000456046
5.795 0.000455258
5.8 0.000454472
5.805 0.000453688
5.81 0.000452906
5.815 0.000452126
5.82 0.000451348
5.825 0.000450573
5.83 0.000449799
5.835 0.000449027
5.84 0.000448257
5.845 0.000447489
5.85 0.000446723
5.855 0.000445959
5.86 0.000445197
5.865 0.000444437
5.87 0.000443679
5.875 0.000442923
5.88 0.000442169
5.885 0.000441417
5.89 0.000440666
5.895 0.000439918
5.9 0.000439171
5.905 0.000438427
5.91 0.000437684
5.915 0.000436943
5.92 0.000436204
5.925 0.000435467
5.93 0.000434732
5.935 0.000433999
5.94 0.000433267
5.945 0.000432537
5.95 0.00043181
5.955 0.000431084
5.96 0.000430359
5.965 0.000429637
5.97 0.000428916
5.975 0.000428198
5.98 0.000427481
5.985 0.000426766
5.99 0.000426052
5.995 0.000425341
6 0.000424631
6.005 0.000423923
6.01 0.000423217
6.015 0.000422512
6.02 0.00042181
6.025 0.000421109
6.03 0.00042041
6.035 0.000419712
6.04 0.000419016
6.045 0.000418322
6.05 0.00041763
6.055 0.00041694
6.06 0.000416251
6.065 0.000415564
6.07 0.000414878
6.075 0.000414194
6.08 0.000413512
6.085 0.000412832
6.09 0.000412153
6.095 0.000411476
6.1 0.000410801
6.105 0.000410127
6.11 0.000409455
6.115 0.000408785
6.12 0.000408116
6.125 0.000407449
6.13 0.000406784
6.135 0.00040612
6.14 0.000405457
6.145 0.000404797
6.15 0.000404138
6.155 0.000403481
6.16 0.000402825
6.165 0.000402171
6.17 0.000401518
6.175 0.000400867
6.18 0.000400218
6.185 0.00039957
6.19 0.000398923
6.195 0.000398279
6.2 0.000397636
6.205 0.000396994
6.21 0.000396354
6.215 0.000395716
6.22 0.000395079
6.225 0.000394443
6.23 0.000393809
6.235 0.000393177
6.24 0.000392546
6.245 0.000391917
6.25 0.000391289
6.255 0.000390663
6.26 0.000390038
6.265 0.000389415
6.27 0.000388793
6.275 0.000388173
6.28 0.000387554
6.285 0.000386936
6.29 0.00038632
6.295 0.000385706
6.3 0.000385093
6.305 0.000384482
6.31 0.000383872
6.315 0.000383263
6.32 0.000382656
6.325 0.00038205
6.33 0.000381446
6.335 0.000380843
6.34 0.000380242
6.345 0.000379642
6.35 0.000379043
6.355 0.000378446
6.36 0.00037785
6.365 0.000377256
6.37 0.000376663
6.375 0.000376072
6.38 0.000375481
6.385 0.000374893
6.39 0.000374305
6.395 0.000373719
6.4 0.000373135
6.405 0.000372552
6.41 0.00037197
6.415 0.000371389
6.42 0.00037081
6.425 0.000370232
6.43 0.000369656
6.435 0.000369081
6.44 0.000368507
6.445 0.000367935
6.45 0.000367363
6.455 0.000366794
6.46 0.000366225
6.465 0.000365658
6.47 0.000365092
6.475 0.000364528
6.48 0.000363965
6.485 0.000363403
6.49 0.000362842
6.495 0.000362283
6.5 0.000361725
6.505 0.000361168
6.51 0.000360613
6.515 0.000360059
6.52 0.000359506
6.525 0.000358954
6.53 0.000358404
6.535 0.000357855
6.54 0.000357307
6.545 0.000356761
6.55 0.000356215
6.555 0.000355671
6.56 0.000355128
6.565 0.000354587
6.57 0.000354047
6.575 0.000353507
6.58 0.00035297
6.585 0.000352433
6.59 0.000351898
6.595 0.000351363
6.6 0.00035083
6.605 0.000350299
6.61 0.000349768
6.615 0.000349239
6.62 0.000348711
6.625 0.000348184
6.63 0.000347658
6.635 0.000347133
6.64 0.00034661
6.645 0.000346088
6.65 0.000345567
6.655 0.000345047
6.66 0.000344528
6.665 0.000344011
6.67 0.000343495
6.675 0.000342979
6.68 0.000342465
6.685 0.000341953
6.69 0.000341441
6.695 0.00034093
6.7 0.000340421
6.705 0.000339913
6.71 0.000339405
6.715 0.000338899
6.72 0.000338395
6.725 0.000337891
6.73 0.000337388
6.735 0.000336887
6.74 0.000336386
6.745 0.000335887
6.75 0.000335389
6.755 0.000334892
6.76 0.000334396
6.765 0.000333901
6.77 0.000333407
6.775 0.000332915
6.78 0.000332423
6.785 0.000331933
6.79 0.000331443
6.795 0.000330955
6.8 0.000330468
6.805 0.000329982
6.81 0.000329496
6.815 0.000329012
6.82 0.00032853
6.825 0.000328048
6.83 0.000327567
6.835 0.000327087
6.84 0.000326608
6.845 0.000326131
6.85 0.000325654
6.855 0.000325178
6.86 0.000324704
6.865 0.00032423
6.87 0.000323758
6.875 0.000323287
6.88 0.000322816
6.885 0.000322347
6.89 0.000321878
6.895 0.000321411
6.9 0.000320945
6.905 0.000320479
6.91 0.000320015
6.915 0.000319552
6.92 0.00031909
6.925 0.000318628
6.93 0.000318168
6.935 0.000317709
6.94 0.000317251
6.945 0.000316793
6.95 0.000316337
6.955 0.000315882
6.96 0.000315427
6.965 0.000314974
6.97 0.000314522
6.975 0.00031407
6.98 0.00031362
6.985 0.00031317
6.99 0.000312722
6.995 0.000312274
7 0.000311828
7.005 0.000311382
7.01 0.000310937
7.015 0.000310494
7.02 0.000310051
7.025 0.000309609
7.03 0.000309168
7.035 0.000308728
7.04 0.000308289
7.045 0.000307851
7.05 0.000307414
7.055 0.000306978
7.06 0.000306543
7.065 0.000306108
7.07 0.000305675
7.075 0.000305242
7.08 0.000304811
7.085 0.00030438
7.09 0.00030395
7.095 0.000303521
7.1 0.000303093
7.105 0.000302666
7.11 0.00030224
7.115 0.000301815
7.12 0.000301391
7.125 0.000300967
7.13 0.000300545
7.135 0.000300123
7.14 0.000299702
7.145 0.000299282
7.15 0.000298863
7.155 0.000298445
7.16 0.000298028
7.165 0.000297612
7.17 0.000297196
7.175 0.000296781
7.18 0.000296368
7.185 0.000295955
7.19 0.000295543
7.195 0.000295131
7.2 0.000294721
7.205 0.000294312
7.21 0.000293903
7.215 0.000293495
7.22 0.000293088
7.225 0.000292682
7.23 0.000292277
7.235 0.000291873
7.24 0.000291469
7.245 0.000291066
7.25 0.000290664
7.255 0.000290263
7.26 0.000289863
7.265 0.000289464
7.27 0.000289065
7.275 0.000288668
7.28 0.000288271
7.285 0.000287874
7.29 0.000287479
7.295 0.000287085
7.3 0.000286691
7.305 0.000286298
7.31 0.000285906
7.315 0.000285515
7.32 0.000285124
7.325 0.000284735
7.33 0.000284346
7.335 0.000283958
7.34 0.000283571
7.345 0.000283184
7.35 0.000282798
7.355 0.000282414
7.36 0.000282029
7.365 0.000281646
7.37 0.000281264
7.375 0.000280882
7.38 0.000280501
7.385 0.000280121
7.39 0.000279741
7.395 0.000279363
7.4 0.000278985
7.405 0.000278608
7.41 0.000278231
7.415 0.000277856
7.42 0.000277481
7.425 0.000277107
7.43 0.000276733
7.435 0.000276361
7.44 0.000275989
7.445 0.000275618
7.45 0.000275247
7.455 0.000274878
7.46 0.000274509
7.465 0.000274141
7.47 0.000273774
7.475 0.000273407
7.48 0.000273041
7.485 0.000272676
7.49 0.000272311
7.495 0.000271948
7.5 0.000271585
7.505 0.000271223
7.51 0.000270861
7.515 0.0002705
7.52 0.00027014
7.525 0.000269781
7.53 0.000269422
7.535 0.000269064
7.54 0.000268707
7.545 0.000268351
7.55 0.000267995
7.555 0.00026764
7.56 0.000267285
7.565 0.000266932
7.57 0.000266579
7.575 0.000266226
7.58 0.000265875
7.585 0.000265524
7.59 0.000265174
7.595 0.000264824
7.6 0.000264476
7.605 0.000264127
7.61 0.00026378
7.615 0.000263433
7.62 0.000263087
7.625 0.000262742
7.63 0.000262397
7.635 0.000262053
7.64 0.00026171
7.645 0.000261367
7.65 0.000261025
7.655 0.000260684
7.66 0.000260343
7.665 0.000260003
7.67 0.000259664
7.675 0.000259325
7.68 0.000258987
7.685 0.00025865
7.69 0.000258313
7.695 0.000257977
7.7 0.000257642
7.705 0.000257307
7.71 0.000256973
7.715 0.00025664
7.72 0.000256307
7.725 0.000255975
7.73 0.000255643
7.735 0.000255313
7.74 0.000254982
7.745 0.000254653
7.75 0.000254324
7.755 0.000253996
7.76 0.000253668
7.765 0.000253341
7.77 0.000253015
7.775 0.000252689
7.78 0.000252364
7.785 0.000252039
7.79 0.000251715
7.795 0.000251392
7.8 0.00025107
7.805 0.000250748
7.81 0.000250426
7.815 0.000250105
7.82 0.000249785
7.825 0.000249466
7.83 0.000249147
7.835 0.000248829
7.84 0.000248511
7.845 0.000248194
7.85 0.000247877
7.855 0.000247561
7.86 0.000247246
7.865 0.000246932
7.87 0.000246617
7.875 0.000246304
7.88 0.000245991
7.885 0.000245679
7.89 0.000245367
7.895 0.000245056
7.9 0.000244746
7.905 0.000244436
7.91 0.000244126
7.915 0.000243818
7.92 0.00024351
7.925 0.000243202
7.93 0.000242895
7.935 0.000242589
7.94 0.000242283
7.945 0.000241978
7.95 0.000241673
7.955 0.000241369
7.96 0.000241065
7.965 0.000240762
7.97 0.00024046
7.975 0.000240158
7.98 0.000239857
7.985 0.000239556
7.99 0.000239256
7.995 0.000238957
8 0.000238658
8.005 0.000238359
8.01 0.000238061
8.015 0.000237764
8.02 0.000237467
8.025 0.000237171
8.03 0.000236875
8.035 0.00023658
8.04 0.000236286
8.045 0.000235992
8.05 0.000235698
8.055 0.000235406
8.06 0.000235113
8.065 0.000234821
8.07 0.00023453
8.075 0.000234239
8.08 0.000233949
8.085 0.00023366
8.09 0.000233371
8.095 0.000233082
8.1 0.000232794
8.105 0.000232506
8.11 0.000232219
8.115 0.000231933
8.12 0.000231647
8.125 0.000231362
8.13 0.000231077
8.135 0.000230793
8.14 0.000230509
8.145 0.000230226
8.15 0.000229943
8.155 0.000229661
8.16 0.000229379
8.165 0.000229098
8.17 0.000228817
8.175 0.000228537
8.18 0.000228257
8.185 0.000227978
8.19 0.000227699
8.195 0.000227421
8.2 0.000227144
8.205 0.000226867
8.21 0.00022659
8.215 0.000226314
8.22 0.000226038
8.225 0.000225763
8.23 0.000225489
8.235 0.000225215
8.24 0.000224941
8.245 0.000224668
8.25 0.000224395
8.255 0.000224123
8.26 0.000223852
8.265 0.000223581
8.27 0.00022331
8.275 0.00022304
8.28 0.00022277
8.285 0.000222501
8.29 0.000222233
8.295 0.000221964
8.3 0.000221697
8.305 0.00022143
8.31 0.000221163
8.315 0.000220897
8.32 0.000220631
8.325 0.000220366
8.33 0.000220101
8.335 0.000219837
8.34 0.000219573
8.345 0.000219309
8.35 0.000219046
8.355 0.000218784
8.36 0.000218522
8.365 0.000218261
8.37 0.000218
8.375 0.000217739
8.38 0.000217479
8.385 0.000217219
8.39 0.00021696
8.395 0.000216702
8.4 0.000216443
8.405 0.000216186
8.41 0.000215928
8.415 0.000215672
8.42 0.000215415
8.425 0.000215159
8.43 0.000214904
8.435 0.000214649
8.44 0.000214394
8.445 0.00021414
8.45 0.000213886
8.455 0.000213633
8.46 0.000213381
8.465 0.000213128
8.47 0.000212876
8.475 0.000212625
8.48 0.000212374
8.485 0.000212123
8.49 0.000211873
8.495 0.000211624
8.5 0.000211375
8.505 0.000211126
8.51 0.000210877
8.515 0.00021063
8.52 0.000210382
8.525 0.000210135
8.53 0.000209889
8.535 0.000209642
8.54 0.000209397
8.545 0.000209151
8.55 0.000208907
8.555 0.000208662
8.56 0.000208418
8.565 0.000208175
8.57 0.000207932
8.575 0.000207689
8.58 0.000207447
8.585 0.000207205
8.59 0.000206963
8.595 0.000206722
8.6 0.000206482
8.605 0.000206242
8.61 0.000206002
8.615 0.000205762
8.62 0.000205524
8.625 0.000205285
8.63 0.000205047
8.635 0.000204809
8.64 0.000204572
8.645 0.000204335
8.65 0.000204099
8.655 0.000203863
8.66 0.000203627
8.665 0.000203392
8.67 0.000203157
8.675 0.000202923
8.68 0.000202689
8.685 0.000202455
8.69 0.000202222
8.695 0.000201989
8.7 0.000201757
8.705 0.000201525
8.71 0.000201293
8.715 0.000201062
8.72 0.000200831
8.725 0.000200601
8.73 0.000200371
8.735 0.000200141
8.74 0.000199912
8.745 0.000199683
8.75 0.000199455
8.755 0.000199227
8.76 0.000198999
8.765 0.000198772
8.77 0.000198545
8.775 0.000198319
8.78 0.000198093
8.785 0.000197867
8.79 0.000197642
8.795 0.000197417
8.8 0.000197192
8.805 0.000196968
8.81 0.000196744
8.815 0.000196521
8.82 0.000196298
8.825 0.000196075
8.83 0.000195853
8.835 0.000195631
8.84 0.00019541
8.845 0.000195189
8.85 0.000194968
8.855 0.000194747
8.86 0.000194527
8.865 0.000194308
8.87 0.000194089
8.875 0.00019387
8.88 0.000193651
8.885 0.000193433
8.89 0.000193215
8.895 0.000192998
8.9 0.000192781
8.905 0.000192564
8.91 0.000192348
8.915 0.000192132
8.92 0.000191916
8.925 0.000191701
8.93 0.000191486
8.935 0.000191272
8.94 0.000191058
8.945 0.000190844
8.95 0.00019063
8.955 0.000190417
8.96 0.000190205
8.965 0.000189992
8.97 0.00018978
8.975 0.000189569
8.98 0.000189357
8.985 0.000189146
8.99 0.000188936
8.995 0.000188726
9 0.000188516
9.005 0.000188306
9.01 0.000188097
9.015 0.000187888
9.02 0.00018768
9.025 0.000187472
9.03 0.000187264
9.035 0.000187056
9.04 0.000186849
9.045 0.000186643
9.05 0.000186436
9.055 0.00018623
9.06 0.000186024
9.065 0.000185819
9.07 0.000185614
9.075 0.000185409
9.08 0.000185205
9.085 0.000185001
9.09 0.000184797
9.095 0.000184594
9.1 0.000184391
9.105 0.000184188
9.11 0.000183986
9.115 0.000183784
9.12 0.000183582
9.125 0.000183381
9.13 0.00018318
9.135 0.000182979
9.14 0.000182779
9.145 0.000182579
9.15 0.000182379
9.155 0.000182179
9.16 0.00018198
9.165 0.000181782
9.17 0.000181583
9.175 0.000181385
9.18 0.000181187
9.185 0.00018099
9.19 0.000180793
9.195 0.000180596
9.2 0.0001804
9.205 0.000180203
9.21 0.000180008
9.215 0.000179812
9.22 0.000179617
9.225 0.000179422
9.23 0.000179228
9.235 0.000179033
9.24 0.000178839
9.245 0.000178646
9.25 0.000178453
9.255 0.00017826
9.26 0.000178067
9.265 0.000177875
9.27 0.000177682
9.275 0.000177491
9.28 0.000177299
9.285 0.000177108
9.29 0.000176917
9.295 0.000176727
9.3 0.000176537
9.305 0.000176347
9.31 0.000176157
9.315 0.000175968
9.32 0.000175779
9.325 0.00017559
9.33 0.000175402
9.335 0.000175214
9.34 0.000175026
9.345 0.000174839
9.35 0.000174652
9.355 0.000174465
9.36 0.000174278
9.365 0.000174092
9.37 0.000173906
9.375 0.00017372
9.38 0.000173535
9.385 0.00017335
9.39 0.000173165
9.395 0.000172981
9.4 0.000172797
9.405 0.000172613
9.41 0.000172429
9.415 0.000172246
9.42 0.000172063
9.425 0.00017188
9.43 0.000171698
9.435 0.000171516
9.44 0.000171334
9.445 0.000171152
9.45 0.000170971
9.455 0.00017079
9.46 0.000170609
9.465 0.000170429
9.47 0.000170249
9.475 0.000170069
9.48 0.000169889
9.485 0.00016971
9.49 0.000169531
9.495 0.000169352
9.5 0.000169174
9.505 0.000168996
9.51 0.000168818
9.515 0.00016864
9.52 0.000168463
9.525 0.000168286
9.53 0.000168109
9.535 0.000167933
9.54 0.000167757
9.545 0.000167581
9.55 0.000167405
9.555 0.00016723
9.56 0.000167055
9.565 0.00016688
9.57 0.000166706
9.575 0.000166531
9.58 0.000166357
9.585 0.000166184
9.59 0.00016601
9.595 0.000165837
9.6 0.000165664
9.605 0.000165492
9.61 0.000165319
9.615 0.000165147
9.62 0.000164975
9.625 0.000164804
9.63 0.000164632
9.635 0.000164461
9.64 0.000164291
9.645 0.00016412
9.65 0.00016395
9.655 0.00016378
9.66 0.00016361
9.665 0.000163441
9.67 0.000163272
9.675 0.000163103
9.68 0.000162934
9.685 0.000162766
9.69 0.000162598
9.695 0.00016243
9.7 0.000162262
9.705 0.000162095
9.71 0.000161928
9.715 0.000161761
9.72 0.000161595
9.725 0.000161428
9.73 0.000161262
9.735 0.000161097
9.74 0.000160931
9.745 0.000160766
9.75 0.000160601
9.755 0.000160436
9.76 0.000160271
9.765 0.000160107
9.77 0.000159943
9.775 0.000159779
9.78 0.000159616
9.785 0.000159453
9.79 0.00015929
9.795 0.000159127
9.8 0.000158964
9.805 0.000158802
9.81 0.00015864
9.815 0.000158478
9.82 0.000158317
9.825 0.000158156
9.83 0.000157995
9.835 0.000157834
9.84 0.000157673
9.845 0.000157513
9.85 0.000157353
9.855 0.000157193
9.86 0.000157034
9.865 0.000156874
9.87 0.000156715
9.875 0.000156556
9.88 0.000156398
9.885 0.00015624
9.89 0.000156081
9.895 0.000155924
9.9 0.000155766
9.905 0.000155609
9.91 0.000155451
9.915 0.000155294
9.92 0.000155138
9.925 0.000154981
9.93 0.000154825
9.935 0.000154669
9.94 0.000154513
9.945 0.000154358
9.95 0.000154203
9.955 0.000154048
9.96 0.000153893
9.965 0.000153738
9.97 0.000153584
9.975 0.00015343
9.98 0.000153276
9.985 0.000153122
9.99 0.000152969
9.995 0.000152816
