0 -nan
0.005 0.245279
0.01 0.20971
0.015 0.544779
0.02 0.064942
0.025 0.500762
0.03 0.303095
0.035 0.0740702
0.04 0.48868
0.045 0.061696
0.05 0.241287
0.055 0.122124
0.06 0.263637
0.065 0.470375
0.07 0.316414
0.075 0.013068
0.08 0.0239588
0.085 0.028142
0.09 0.310024
0.095 0.8976
0.1 0.419677
0.105 0.275844
0.11 0.859202
0.115 0.157395
0.12 0.801303
0.125 0.444702
0.13 0.294757
0.135 0.989991
0.14 0.20041
0.145 0.334924
0.15 0.99147
0.155 0.516165
0.16 0.0502023
0.165 0.519135
0.17 0.978181
0.175 0.678738
0.18 0.144697
0.185 0.110924
0.19 0.554436
0.195 0.927969
0.2 0.865189
0.205 0.474529
0.21 0.118007
0.215 0.0596043
0.22 0.301693
0.225 0.652235
0.23 0.891853
0.235 0.903511
0.24 0.706954
0.245 0.415057
0.25 0.161015
0.255 0.0389085
0.26 0.0773997
0.265 0.245128
0.27 0.475044
0.275 0.693147
0.28 0.841189
0.285 0.888668
0.29 0.834295
0.295 0.699922
0.3 0.520784
0.305 0.335421
0.31 0.177561
0.315 0.0709903
0.32 0.027527
0.325 0.0475229
0.33 0.122086
0.335 0.236163
0.34 0.371765
0.345 0.510827
0.35 0.637408
0.355 0.739123
0.36 0.807832
0.365 0.839714
0.37 0.834864
0.375 0.79659
0.38 0.730563
0.385 0.643928
0.39 0.544482
0.395 0.439971
0.4 0.337532
0.405 0.243299
0.41 0.162163
0.415 0.0976583
0.42 0.0519669
0.425 0.0260056
0.43 0.0195717
0.435 0.0315258
0.44 0.0599929
0.445 0.102564
0.45 0.156489
0.455 0.218848
0.46 0.286704
0.465 0.357226
0.47 0.427784
0.475 0.496024
0.48 0.559914
0.485 0.617769
0.49 0.668267
0.495 0.710434
0.5 0.743635
0.505 0.767544
0.51 0.782116
0.515 0.787549
0.52 0.784246
0.525 0.772782
0.53 0.753865
0.535 0.728301
0.54 0.696964
0.545 0.660769
0.55 0.620642
0.555 0.577504
0.56 0.532248
0.565 0.485728
0.57 0.438745
0.575 0.392037
0.58 0.346277
0.585 0.302062
0.59 0.259918
0.595 0.220295
0.6 0.18357
0.605 0.150049
0.61 0.119969
0.615 0.0935057
0.62 0.0707716
0.625 0.0518266
0.63 0.0366803
0.635 0.025298
0.64 0.0176053
0.645 0.0134938
0.65 0.0128254
0.655 0.0154373
0.66 0.0211462
0.665 0.0297527
0.67 0.041045
0.675 0.0548023
0.68 0.0707979
0.685 0.0888027
0.69 0.108587
0.695 0.129922
0.7 0.152585
0.705 0.176357
0.71 0.201027
0.715 0.226391
0.72 0.252256
0.725 0.278436
0.73 0.30476
0.735 0.331062
0.74 0.357192
0.745 0.38301
0.75 0.408387
0.755 0.433204
0.76 0.457355
0.765 0.480744
0.77 0.503286
0.775 0.524905
0.78 0.545537
0.785 0.565126
0.79 0.583624
0.795 0.600993
0.8 0.617203
0.805 0.63223
0.81 0.646058
0.815 0.658678
0.82 0.670086
0.825 0.680284
0.83 0.68928
0.835 0.697084
0.84 0.703713
0.845 0.709187
0.85 0.713529
0.855 0.716765
0.86 0.718924
0.865 0.720037
0.87 0.720138
0.875 0.71926
0.88 0.717442
0.885 0.714719
0.89 0.711132
0.895 0.706718
0.9 0.701517
0.905 0.69557
0.91 0.688917
0.915 0.681597
0.92 0.67365
0.925 0.665117
0.93 0.656035
0.935 0.646444
0.94 0.636381
0.945 0.625884
0.95 0.614989
0.955 0.603732
0.96 0.592147
0.965 0.580268
0.97 0.568127
0.975 0.555756
0.98 0.543187
0.985 0.530447
0.99 0.517566
0.995 0.504571
1 0.491487
1.005 0.478342
1.01 0.465157
1.015 0.451956
1.02 0.438761
1.025 0.425592
1.03 0.41247
1.035 0.399412
1.04 0.386437
1.045 0.373562
1.05 0.3608
1.055 0.348169
1.06 0.33568
1.065 0.323348
1.07 0.311184
1.075 0.299199
1.08 0.287404
1.085 0.275808
1.09 0.264419
1.095 0.253247
1.1 0.242299
1.105 0.23158
1.11 0.221097
1.115 0.210856
1.12 0.200861
1.125 0.191116
1.13 0.181626
1.135 0.172392
1.14 0.163418
1.145 0.154707
1.15 0.146259
1.155 0.138076
1.16 0.130158
1.165 0.122507
1.17 0.115122
1.175 0.108004
1.18 0.101151
1.185 0.0945627
1.19 0.088238
1.195 0.0821754
1.2 0.0763733
1.205 0.0708298
1.21 0.0655426
1.215 0.0605096
1.22 0.055728
1.225 0.0511953
1.23 0.0469086
1.235 0.0428648
1.24 0.0390607
1.245 0.0354932
1.25 0.0321587
1.255 0.0290538
1.26 0.0261748
1.265 0.0235182
1.27 0.02108
1.275 0.0188566
1.28 0.0168439
1.285 0.0150381
1.29 0.0134352
1.295 0.0120311
1.3 0.0108219
1.305 0.00980339
1.31 0.00897157
1.315 0.00832232
1.32 0.00785154
1.325 0.00755513
1.33 0.007429
1.335 0.00746906
1.34 0.00767124
1.345 0.00803148
1.35 0.00854574
1.355 0.00921003
1.36 0.0100203
1.365 0.0109727
1.37 0.0120633
1.375 0.0132881
1.38 0.0146434
1.385 0.0161253
1.39 0.01773
1.395 0.0194539
1.4 0.0212932
1.405 0.0232444
1.41 0.0253039
1.415 0.0274681
1.42 0.0297335
1.425 0.0320967
1.43 0.0345544
1.435 0.0371033
1.44 0.03974
1.445 0.0424613
1.45 0.0452642
1.455 0.0481454
1.46 0.051102
1.465 0.0541309
1.47 0.0572293
1.475 0.0603942
1.48 0.0636228
1.485 0.0669124
1.49 0.0702601
1.495 0.0736635
1.5 0.0771199
1.505 0.0806266
1.51 0.0841813
1.515 0.0877815
1.52 0.0914249
1.525 0.095109
1.53 0.0988316
1.535 0.10259
1.54 0.106383
1.545 0.110208
1.55 0.114063
1.555 0.117946
1.56 0.121855
1.565 0.125788
1.57 0.129742
1.575 0.133717
1.58 0.137711
1.585 0.141721
1.59 0.145747
1.595 0.149786
1.6 0.153837
1.605 0.157898
1.61 0.161967
1.615 0.166045
1.62 0.170128
1.625 0.174215
1.63 0.178306
1.635 0.182398
1.64 0.186491
1.645 0.190583
1.65 0.194674
1.655 0.198761
1.66 0.202844
1.665 0.206922
1.67 0.210993
1.675 0.215058
1.68 0.219114
1.685 0.22316
1.69 0.227197
1.695 0.231222
1.7 0.235235
1.705 0.239235
1.71 0.243222
1.715 0.247195
1.72 0.251152
1.725 0.255093
1.73 0.259018
1.735 0.262926
1.74 0.266815
1.745 0.270686
1.75 0.274538
1.755 0.27837
1.76 0.282182
1.765 0.285974
1.77 0.289744
1.775 0.293492
1.78 0.297218
1.785 0.300921
1.79 0.304601
1.795 0.308258
1.8 0.311891
1.805 0.315499
1.81 0.319083
1.815 0.322642
1.82 0.326175
1.825 0.329683
1.83 0.333165
1.835 0.336621
1.84 0.340051
1.845 0.343454
1.85 0.34683
1.855 0.350179
1.86 0.353501
1.865 0.356795
1.87 0.360062
1.875 0.363301
1.88 0.366512
1.885 0.369695
1.89 0.37285
1.895 0.375976
1.9 0.379074
1.905 0.382144
1.91 0.385185
1.915 0.388198
1.92 0.391181
1.925 0.394136
1.93 0.397063
1.935 0.39996
1.94 0.402829
1.945 0.405668
1.95 0.408479
1.955 0.411261
1.96 0.414014
1.965 0.416738
1.97 0.419434
1.975 0.4221
1.98 0.424738
1.985 0.427347
1.99 0.429927
1.995 0.432479
2 0.435002
2.005 0.437497
2.01 0.439963
2.015 0.442401
2.02 0.44481
2.025 0.447191
2.03 0.449544
2.035 0.45187
2.04 0.454167
2.045 0.456436
2.05 0.458677
2.055 0.460891
2.06 0.463078
2.065 0.465236
2.07 0.467368
2.075 0.469473
2.08 0.47155
2.085 0.4736
2.09 0.475624
2.095 0.477621
2.1 0.479592
2.105 0.481536
2.11 0.483454
2.115 0.485345
2.12 0.487211
2.125 0.489051
2.13 0.490865
2.135 0.492654
2.14 0.494418
2.145 0.496156
2.15 0.497869
2.155 0.499557
2.16 0.501221
2.165 0.50286
2.17 0.504474
2.175 0.506064
2.18 0.50763
2.185 0.509172
2.19 0.510691
2.195 0.512186
2.2 0.513657
2.205 0.515105
2.21 0.51653
2.215 0.517932
2.22 0.519311
2.225 0.520667
2.23 0.522001
2.235 0.523313
2.24 0.524603
2.245 0.525871
2.25 0.527117
2.255 0.528341
2.26 0.529544
2.265 0.530725
2.27 0.531886
2.275 0.533026
2.28 0.534144
2.285 0.535243
2.29 0.536321
2.295 0.537378
2.3 0.538416
2.305 0.539433
2.31 0.540431
2.315 0.541409
2.32 0.542368
2.325 0.543308
2.33 0.544228
2.335 0.54513
2.34 0.546013
2.345 0.546877
2.35 0.547723
2.355 0.548551
2.36 0.54936
2.365 0.550152
2.37 0.550926
2.375 0.551682
2.38 0.552421
2.385 0.553142
2.39 0.553846
2.395 0.554534
2.4 0.555204
2.405 0.555858
2.41 0.556496
2.415 0.557117
2.42 0.557722
2.425 0.558311
2.43 0.558884
2.435 0.559441
2.44 0.559983
2.445 0.560509
2.45 0.56102
2.455 0.561516
2.46 0.561997
2.465 0.562463
2.47 0.562914
2.475 0.563351
2.48 0.563774
2.485 0.564182
2.49 0.564576
2.495 0.564956
2.5 0.565323
2.505 0.565675
2.51 0.566014
2.515 0.56634
2.52 0.566652
2.525 0.566952
2.53 0.567238
2.535 0.567512
2.54 0.567772
2.545 0.568021
2.55 0.568256
2.555 0.56848
2.56 0.568691
2.565 0.56889
2.57 0.569077
2.575 0.569252
2.58 0.569416
2.585 0.569568
2.59 0.569709
2.595 0.569838
2.6 0.569956
2.605 0.570063
2.61 0.570159
2.615 0.570245
2.62 0.570319
2.625 0.570383
2.63 0.570437
2.635 0.57048
2.64 0.570513
2.645 0.570536
2.65 0.570548
2.655 0.570551
2.66 0.570544
2.665 0.570528
2.67 0.570501
2.675 0.570466
2.68 0.57042
2.685 0.570366
2.69 0.570303
2.695 0.57023
2.7 0.570149
2.705 0.570058
2.71 0.569959
2.715 0.569852
2.72 0.569735
2.725 0.569611
2.73 0.569478
2.735 0.569336
2.74 0.569187
2.745 0.56903
2.75 0.568864
2.755 0.568691
2.76 0.56851
2.765 0.568321
2.77 0.568125
2.775 0.567921
2.78 0.56771
2.785 0.567492
2.79 0.567266
2.795 0.567033
2.8 0.566794
2.805 0.566547
2.81 0.566293
2.815 0.566033
2.82 0.565766
2.825 0.565492
2.83 0.565212
2.835 0.564925
2.84 0.564632
2.845 0.564332
2.85 0.564027
2.855 0.563715
2.86 0.563397
2.865 0.563073
2.87 0.562743
2.875 0.562408
2.88 0.562066
2.885 0.561719
2.89 0.561367
2.895 0.561009
2.9 0.560645
2.905 0.560276
2.91 0.559902
2.915 0.559522
2.92 0.559137
2.925 0.558747
2.93 0.558352
2.935 0.557952
2.94 0.557548
2.945 0.557138
2.95 0.556723
2.955 0.556304
2.96 0.55588
2.965 0.555452
2.97 0.555019
2.975 0.554582
2.98 0.55414
2.985 0.553694
2.99 0.553243
2.995 0.552789
3 0.55233
3.005 0.551867
3.01 0.5514
3.015 0.550929
3.02 0.550454
3.025 0.549975
3.03 0.549493
3.035 0.549006
3.04 0.548516
3.045 0.548022
3.05 0.547525
3.055 0.547024
3.06 0.54652
3.065 0.546012
3.07 0.545501
3.075 0.544986
3.08 0.544468
3.085 0.543947
3.09 0.543423
3.095 0.542896
3.1 0.542365
3.105 0.541832
3.11 0.541295
3.115 0.540755
3.12 0.540213
3.125 0.539668
3.13 0.53912
3.135 0.538569
3.14 0.538015
3.145 0.537459
3.15 0.5369
3.155 0.536338
3.16 0.535774
3.165 0.535208
3.17 0.534639
3.175 0.534067
3.18 0.533493
3.185 0.532917
3.19 0.532338
3.195 0.531757
3.2 0.531174
3.205 0.530589
3.21 0.530002
3.215 0.529412
3.22 0.528821
3.225 0.528227
3.23 0.527631
3.235 0.527034
3.24 0.526434
3.245 0.525833
3.25 0.525229
3.255 0.524624
3.26 0.524017
3.265 0.523409
3.27 0.522798
3.275 0.522186
3.28 0.521572
3.285 0.520957
3.29 0.52034
3.295 0.519721
3.3 0.519101
3.305 0.51848
3.31 0.517857
3.315 0.517232
3.32 0.516606
3.325 0.515979
3.33 0.515351
3.335 0.514721
3.34 0.514089
3.345 0.513457
3.35 0.512823
3.355 0.512188
3.36 0.511552
3.365 0.510915
3.37 0.510277
3.375 0.509637
3.38 0.508997
3.385 0.508355
3.39 0.507712
3.395 0.507069
3.4 0.506424
3.405 0.505779
3.41 0.505132
3.415 0.504485
3.42 0.503837
3.425 0.503188
3.43 0.502538
3.435 0.501887
3.44 0.501236
3.445 0.500583
3.45 0.499931
3.455 0.499277
3.46 0.498623
3.465 0.497968
3.47 0.497312
3.475 0.496656
3.48 0.495999
3.485 0.495342
3.49 0.494684
3.495 0.494025
3.5 0.493366
3.505 0.492706
3.51 0.492046
3.515 0.491386
3.52 0.490725
3.525 0.490064
3.53 0.489402
3.535 0.48874
3.54 0.488077
3.545 0.487415
3.55 0.486751
3.555 0.486088
3.56 0.485424
3.565 0.48476
3.57 0.484096
3.575 0.483431
3.58 0.482766
3.585 0.482101
3.59 0.481436
3.595 0.480771
3.6 0.480105
3.605 0.47944
3.61 0.478774
3.615 0.478108
3.62 0.477442
3.625 0.476776
3.63 0.47611
3.635 0.475443
3.64 0.474777
3.645 0.474111
3.65 0.473445
3.655 0.472778
3.66 0.472112
3.665 0.471446
3.67 0.47078
3.675 0.470113
3.68 0.469447
3.685 0.468781
3.69 0.468115
3.695 0.46745
3.7 0.466784
3.705 0.466118
3.71 0.465453
3.715 0.464788
3.72 0.464122
3.725 0.463458
3.73 0.462793
3.735 0.462128
3.74 0.461464
3.745 0.4608
3.75 0.460136
3.755 0.459472
3.76 0.458809
3.765 0.458146
3.77 0.457483
3.775 0.456821
3.78 0.456158
3.785 0.455496
3.79 0.454835
3.795 0.454174
3.8 0.453513
3.805 0.452852
3.81 0.452192
3.815 0.451532
3.82 0.450873
3.825 0.450213
3.83 0.449555
3.835 0.448896
3.84 0.448239
3.845 0.447581
3.85 0.446924
3.855 0.446267
3.86 0.445611
3.865 0.444956
3.87 0.4443
3.875 0.443646
3.88 0.442991
3.885 0.442337
3.89 0.441684
3.895 0.441031
3.9 0.440379
3.905 0.439727
3.91 0.439076
3.915 0.438425
3.92 0.437775
3.925 0.437125
3.93 0.436476
3.935 0.435827
3.94 0.435179
3.945 0.434532
3.95 0.433885
3.955 0.433239
3.96 0.432593
3.965 0.431948
3.97 0.431304
3.975 0.43066
3.98 0.430016
3.985 0.429374
3.99 0.428732
3.995 0.42809
4 0.427449
4.005 0.426809
4.01 0.42617
4.015 0.425531
4.02 0.424893
4.025 0.424255
4.03 0.423618
4.035 0.422982
4.04 0.422347
4.045 0.421712
4.05 0.421078
4.055 0.420444
4.06 0.419812
4.065 0.419179
4.07 0.418548
4.075 0.417917
4.08 0.417288
4.085 0.416658
4.09 0.41603
4.095 0.415402
4.1 0.414775
4.105 0.414149
4.11 0.413523
4.115 0.412898
4.12 0.412274
4.125 0.411651
4.13 0.411028
4.135 0.410407
4.14 0.409785
4.145 0.409165
4.15 0.408546
4.155 0.407927
4.16 0.407309
4.165 0.406692
4.17 0.406075
4.175 0.40546
4.18 0.404845
4.185 0.404231
4.19 0.403617
4.195 0.403005
4.2 0.402393
4.205 0.401782
4.21 0.401172
4.215 0.400563
4.22 0.399955
4.225 0.399347
4.23 0.39874
4.235 0.398134
4.24 0.397529
4.245 0.396925
4.25 0.396321
4.255 0.395718
4.26 0.395117
4.265 0.394515
4.27 0.393915
4.275 0.393316
4.28 0.392717
4.285 0.39212
4.29 0.391523
4.295 0.390927
4.3 0.390332
4.305 0.389737
4.31 0.389144
4.315 0.388551
4.32 0.387959
4.325 0.387368
4.33 0.386778
4.335 0.386189
4.34 0.385601
4.345 0.385013
4.35 0.384427
4.355 0.383841
4.36 0.383256
4.365 0.382672
4.37 0.382089
4.375 0.381507
4.38 0.380925
4.385 0.380345
4.39 0.379765
4.395 0.379186
4.4 0.378608
4.405 0.378031
4.41 0.377455
4.415 0.37688
4.42 0.376306
4.425 0.375732
4.43 0.375159
4.435 0.374588
4.44 0.374017
4.445 0.373447
4.45 0.372878
4.455 0.37231
4.46 0.371742
4.465 0.371176
4.47 0.37061
4.475 0.370046
4.48 0.369482
4.485 0.368919
4.49 0.368357
4.495 0.367796
4.5 0.367236
4.505 0.366676
4.51 0.366118
4.515 0.365561
4.52 0.365004
4.525 0.364448
4.53 0.363893
4.535 0.36334
4.54 0.362786
4.545 0.362234
4.55 0.361683
4.555 0.361133
4.56 0.360583
4.565 0.360035
4.57 0.359487
4.575 0.35894
4.58 0.358395
4.585 0.35785
4.59 0.357306
4.595 0.356762
4.6 0.35622
4.605 0.355679
4.61 0.355138
4.615 0.354599
4.62 0.35406
4.625 0.353522
4.63 0.352986
4.635 0.35245
4.64 0.351915
4.645 0.35138
4.65 0.350847
4.655 0.350315
4.66 0.349783
4.665 0.349253
4.67 0.348723
4.675 0.348194
4.68 0.347666
4.685 0.347139
4.69 0.346613
4.695 0.346088
4.7 0.345564
4.705 0.34504
4.71 0.344518
4.715 0.343996
4.72 0.343476
4.725 0.342956
4.73 0.342437
4.735 0.341919
4.74 0.341402
4.745 0.340885
4.75 0.34037
4.755 0.339856
4.76 0.339342
4.765 0.338829
4.77 0.338318
4.775 0.337807
4.78 0.337297
4.785 0.336788
4.79 0.336279
4.795 0.335772
4.8 0.335266
4.805 0.33476
4.81 0.334255
4.815 0.333751
4.82 0.333249
4.825 0.332747
4.83 0.332245
4.835 0.331745
4.84 0.331246
4.845 0.330747
4.85 0.33025
4.855 0.329753
4.86 0.329257
4.865 0.328762
4.87 0.328268
4.875 0.327775
4.88 0.327282
4.885 0.326791
4.89 0.3263
4.895 0.32581
4.9 0.325322
4.905 0.324834
4.91 0.324346
4.915 0.32386
4.92 0.323375
4.925 0.32289
4.93 0.322407
4.935 0.321924
4.94 0.321442
4.945 0.320961
4.95 0.320481
4.955 0.320001
4.96 0.319523
4.965 0.319045
4.97 0.318569
4.975 0.318093
4.98 0.317618
4.985 0.317143
4.99 0.31667
4.995 0.316198
5 0.315726
5.005 0.315255
5.01 0.314785
5.015 0.314316
5.02 0.313848
5.025 0.313381
5.03 0.312914
5.035 0.312449
5.04 0.311984
5.045 0.31152
5.05 0.311057
5.055 0.310594
5.06 0.310133
5.065 0.309672
5.07 0.309213
5.075 0.308754
5.08 0.308296
5.085 0.307838
5.09 0.307382
5.095 0.306926
5.1 0.306472
5.105 0.306018
5.11 0.305565
5.115 0.305112
5.12 0.304661
5.125 0.30421
5.13 0.303761
5.135 0.303312
5.14 0.302864
5.145 0.302416
5.15 0.30197
5.155 0.301524
5.16 0.301079
5.165 0.300635
5.17 0.300192
5.175 0.29975
5.18 0.299308
5.185 0.298867
5.19 0.298427
5.195 0.297988
5.2 0.29755
5.205 0.297112
5.21 0.296676
5.215 0.29624
5.22 0.295805
5.225 0.29537
5.23 0.294937
5.235 0.294504
5.24 0.294072
5.245 0.293641
5.25 0.293211
5.255 0.292781
5.26 0.292353
5.265 0.291925
5.27 0.291498
5.275 0.291071
5.28 0.290646
5.285 0.290221
5.29 0.289797
5.295 0.289374
5.3 0.288951
5.305 0.28853
5.31 0.288109
5.315 0.287689
5.32 0.28727
5.325 0.286851
5.33 0.286433
5.335 0.286017
5.34 0.2856
5.345 0.285185
5.35 0.28477
5.355 0.284357
5.36 0.283943
5.365 0.283531
5.37 0.28312
5.375 0.282709
5.38 0.282299
5.385 0.28189
5.39 0.281481
5.395 0.281073
5.4 0.280666
5.405 0.28026
5.41 0.279855
5.415 0.27945
5.42 0.279046
5.425 0.278643
5.43 0.27824
5.435 0.277839
5.44 0.277438
5.445 0.277038
5.45 0.276638
5.455 0.27624
5.46 0.275842
5.465 0.275444
5.47 0.275048
5.475 0.274652
5.48 0.274257
5.485 0.273863
5.49 0.273469
5.495 0.273077
5.5 0.272684
5.505 0.272293
5.51 0.271903
5.515 0.271513
5.52 0.271124
5.525 0.270735
5.53 0.270347
5.535 0.269961
5.54 0.269574
5.545 0.269189
5.55 0.268804
5.555 0.26842
5.56 0.268037
5.565 0.267654
5.57 0.267272
5.575 0.266891
5.58 0.26651
5.585 0.26613
5.59 0.265751
5.595 0.265373
5.6 0.264995
5.605 0.264618
5.61 0.264242
5.615 0.263867
5.62 0.263492
5.625 0.263117
5.63 0.262744
5.635 0.262371
5.64 0.261999
5.645 0.261628
5.65 0.261257
5.655 0.260887
5.66 0.260518
5.665 0.260149
5.67 0.259781
5.675 0.259414
5.68 0.259048
5.685 0.258682
5.69 0.258317
5.695 0.257952
5.7 0.257588
5.705 0.257225
5.71 0.256863
5.715 0.256501
5.72 0.25614
5.725 0.255779
5.73 0.25542
5.735 0.255061
5.74 0.254702
5.745 0.254344
5.75 0.253987
5.755 0.253631
5.76 0.253275
5.765 0.25292
5.77 0.252566
5.775 0.252212
5.78 0.251859
5.785 0.251506
5.79 0.251155
5.795 0.250803
5.8 0.250453
5.805 0.250103
5.81 0.249754
5.815 0.249405
5.82 0.249058
5.825 0.24871
5.83 0.248364
5.835 0.248018
5.84 0.247673
5.845 0.247328
5.85 0.246984
5.855 0.246641
5.86 0.246298
5.865 0.245956
5.87 0.245614
5.875 0.245274
5.88 0.244933
5.885 0.244594
5.89 0.244255
5.895 0.243917
5.9 0.243579
5.905 0.243242
5.91 0.242906
5.915 0.24257
5.92 0.242235
5.925 0.2419
5.93 0.241566
5.935 0.241233
5.94 0.2409
5.945 0.240568
5.95 0.240237
5.955 0.239906
5.96 0.239576
5.965 0.239246
5.97 0.238917
5.975 0.238589
5.98 0.238261
5.985 0.237934
5.99 0.237607
5.995 0.237282
6 0.236956
6.005 0.236631
6.01 0.236307
6.015 0.235984
6.02 0.235661
6.025 0.235339
6.03 0.235017
6.035 0.234696
6.04 0.234375
6.045 0.234055
6.05 0.233736
6.055 0.233417
6.06 0.233099
6.065 0.232781
6.07 0.232464
6.075 0.232148
6.08 0.231832
6.085 0.231517
6.09 0.231202
6.095 0.230888
6.1 0.230575
6.105 0.230262
6.11 0.229949
6.115 0.229638
6.12 0.229326
6.125 0.229016
6.13 0.228706
6.135 0.228396
6.14 0.228087
6.145 0.227779
6.15 0.227471
6.155 0.227164
6.16 0.226857
6.165 0.226551
6.17 0.226246
6.175 0.225941
6.18 0.225637
6.185 0.225333
6.19 0.22503
6.195 0.224727
6.2 0.224425
6.205 0.224123
6.21 0.223822
6.215 0.223522
6.22 0.223222
6.225 0.222922
6.23 0.222623
6.235 0.222325
6.24 0.222027
6.245 0.22173
6.25 0.221434
6.255 0.221137
6.26 0.220842
6.265 0.220547
6.27 0.220252
6.275 0.219958
6.28 0.219665
6.285 0.219372
6.29 0.21908
6.295 0.218788
6.3 0.218497
6.305 0.218206
6.31 0.217916
6.315 0.217626
6.32 0.217337
6.325 0.217048
6.33 0.21676
6.335 0.216473
6.34 0.216186
6.345 0.215899
6.35 0.215613
6.355 0.215328
6.36 0.215043
6.365 0.214758
6.37 0.214475
6.375 0.214191
6.38 0.213908
6.385 0.213626
6.39 0.213344
6.395 0.213063
6.4 0.212782
6.405 0.212502
6.41 0.212222
6.415 0.211943
6.42 0.211664
6.425 0.211386
6.43 0.211108
6.435 0.210831
6.44 0.210554
6.445 0.210277
6.45 0.210002
6.455 0.209726
6.46 0.209452
6.465 0.209177
6.47 0.208904
6.475 0.20863
6.48 0.208358
6.485 0.208085
6.49 0.207814
6.495 0.207542
6.5 0.207271
6.505 0.207001
6.51 0.206731
6.515 0.206462
6.52 0.206193
6.525 0.205925
6.53 0.205657
6.535 0.205389
6.54 0.205123
6.545 0.204856
6.55 0.20459
6.555 0.204325
6.56 0.20406
6.565 0.203795
6.57 0.203531
6.575 0.203268
6.58 0.203004
6.585 0.202742
6.59 0.20248
6.595 0.202218
6.6 0.201957
6.605 0.201696
6.61 0.201436
6.615 0.201176
6.62 0.200917
6.625 0.200658
6.63 0.200399
6.635 0.200141
6.64 0.199884
6.645 0.199627
6.65 0.19937
6.655 0.199114
6.66 0.198859
6.665 0.198603
6.67 0.198349
6.675 0.198094
6.68 0.197841
6.685 0.197587
6.69 0.197334
6.695 0.197082
6.7 0.19683
6.705 0.196578
6.71 0.196327
6.715 0.196077
6.72 0.195826
6.725 0.195577
6.73 0.195327
6.735 0.195078
6.74 0.19483
6.745 0.194582
6.75 0.194334
6.755 0.194087
6.76 0.193841
6.765 0.193594
6.77 0.193348
6.775 0.193103
6.78 0.192858
6.785 0.192614
6.79 0.19237
6.795 0.192126
6.8 0.191883
6.805 0.19164
6.81 0.191398
6.815 0.191156
6.82 0.190914
6.825 0.190673
6.83 0.190433
6.835 0.190192
6.84 0.189953
6.845 0.189713
6.85 0.189474
6.855 0.189236
6.86 0.188998
6.865 0.18876
6.87 0.188523
6.875 0.188286
6.88 0.18805
6.885 0.187814
6.89 0.187578
6.895 0.187343
6.9 0.187108
6.905 0.186874
6.91 0.18664
6.915 0.186406
6.92 0.186173
6.925 0.185941
6.93 0.185708
6.935 0.185476
6.94 0.185245
6.945 0.185014
6.95 0.184783
6.955 0.184553
6.96 0.184323
6.965 0.184094
6.97 0.183865
6.975 0.183636
6.98 0.183408
6.985 0.18318
6.99 0.182953
6.995 0.182725
7 0.182499
7.005 0.182273
7.01 0.182047
7.015 0.181821
7.02 0.181596
7.025 0.181372
7.03 0.181147
7.035 0.180923
7.04 0.1807
7.045 0.180477
7.05 0.180254
7.055 0.180032
7.06 0.17981
7.065 0.179588
7.07 0.179367
7.075 0.179146
7.08 0.178926
7.085 0.178706
7.09 0.178486
7.095 0.178267
7.1 0.178048
7.105 0.177829
7.11 0.177611
7.115 0.177393
7.12 0.177176
7.125 0.176959
7.13 0.176742
7.135 0.176526
7.14 0.17631
7.145 0.176095
7.15 0.17588
7.155 0.175665
7.16 0.175451
7.165 0.175237
7.17 0.175023
7.175 0.17481
7.18 0.174597
7.185 0.174384
7.19 0.174172
7.195 0.17396
7.2 0.173749
7.205 0.173538
7.21 0.173327
7.215 0.173117
7.22 0.172907
7.225 0.172697
7.23 0.172488
7.235 0.172279
7.24 0.17207
7.245 0.171862
7.25 0.171654
7.255 0.171447
7.26 0.17124
7.265 0.171033
7.27 0.170826
7.275 0.17062
7.28 0.170415
7.285 0.170209
7.29 0.170004
7.295 0.169799
7.3 0.169595
7.305 0.169391
7.31 0.169188
7.315 0.168984
7.32 0.168781
7.325 0.168579
7.33 0.168377
7.335 0.168175
7.34 0.167973
7.345 0.167772
7.35 0.167571
7.355 0.167371
7.36 0.16717
7.365 0.166971
7.37 0.166771
7.375 0.166572
7.38 0.166373
7.385 0.166175
7.39 0.165976
7.395 0.165779
7.4 0.165581
7.405 0.165384
7.41 0.165187
7.415 0.164991
7.42 0.164795
7.425 0.164599
7.43 0.164403
7.435 0.164208
7.44 0.164013
7.445 0.163819
7.45 0.163625
7.455 0.163431
7.46 0.163237
7.465 0.163044
7.47 0.162851
7.475 0.162659
7.48 0.162466
7.485 0.162275
7.49 0.162083
7.495 0.161892
7.5 0.161701
7.505 0.16151
7.51 0.16132
7.515 0.16113
7.52 0.16094
7.525 0.160751
7.53 0.160562
7.535 0.160373
7.54 0.160185
7.545 0.159997
7.55 0.159809
7.555 0.159622
7.56 0.159435
7.565 0.159248
7.57 0.159061
7.575 0.158875
7.58 0.158689
7.585 0.158504
7.59 0.158319
7.595 0.158134
7.6 0.157949
7.605 0.157765
7.61 0.157581
7.615 0.157397
7.62 0.157214
7.625 0.15703
7.63 0.156848
7.635 0.156665
7.64 0.156483
7.645 0.156301
7.65 0.15612
7.655 0.155938
7.66 0.155757
7.665 0.155577
7.67 0.155396
7.675 0.155216
7.68 0.155036
7.685 0.154857
7.69 0.154678
7.695 0.154499
7.7 0.15432
7.705 0.154142
7.71 0.153964
7.715 0.153786
7.72 0.153609
7.725 0.153432
7.73 0.153255
7.735 0.153078
7.74 0.152902
7.745 0.152726
7.75 0.15255
7.755 0.152375
7.76 0.1522
7.765 0.152025
7.77 0.151851
7.775 0.151676
7.78 0.151502
7.785 0.151329
7.79 0.151155
7.795 0.150982
7.8 0.15081
7.805 0.150637
7.81 0.150465
7.815 0.150293
7.82 0.150121
7.825 0.14995
7.83 0.149779
7.835 0.149608
7.84 0.149437
7.845 0.149267
7.85 0.149097
7.855 0.148927
7.86 0.148758
7.865 0.148589
7.87 0.14842
7.875 0.148251
7.88 0.148083
7.885 0.147915
7.89 0.147747
7.895 0.147579
7.9 0.147412
7.905 0.147245
7.91 0.147079
7.915 0.146912
7.92 0.146746
7.925 0.14658
7.93 0.146414
7.935 0.146249
7.94 0.146084
7.945 0.145919
7.95 0.145755
7.955 0.14559
7.96 0.145426
7.965 0.145263
7.97 0.145099
7.975 0.144936
7.98 0.144773
7.985 0.14461
7.99 0.144448
7.995 0.144286
8 0.144124
8.005 0.143962
8.01 0.143801
8.015 0.14364
8.02 0.143479
8.025 0.143318
8.03 0.143158
8.035 0.142998
8.04 0.142838
8.045 0.142678
8.05 0.142519
8.055 0.14236
8.06 0.142201
8.065 0.142042
8.07 0.141884
8.075 0.141726
8.08 0.141568
8.085 0.141411
8.09 0.141253
8.095 0.141096
8.1 0.14094
8.105 0.140783
8.11 0.140627
8.115 0.140471
8.12 0.140315
8.125 0.140159
8.13 0.140004
8.135 0.139849
8.14 0.139694
8.145 0.13954
8.15 0.139385
8.155 0.139231
8.16 0.139078
8.165 0.138924
8.17 0.138771
8.175 0.138618
8.18 0.138465
8.185 0.138312
8.19 0.13816
8.195 0.138008
8.2 0.137856
8.205 0.137704
8.21 0.137553
8.215 0.137402
8.22 0.137251
8.225 0.1371
8.23 0.13695
8.235 0.136799
8.24 0.13665
8.245 0.1365
8.25 0.13635
8.255 0.136201
8.26 0.136052
8.265 0.135903
8.27 0.135755
8.275 0.135606
8.28 0.135458
8.285 0.135311
8.29 0.135163
8.295 0.135016
8.3 0.134868
8.305 0.134722
8.31 0.134575
8.315 0.134428
8.32 0.134282
8.325 0.134136
8.33 0.13399
8.335 0.133845
8.34 0.1337
8.345 0.133554
8.35 0.13341
8.355 0.133265
8.36 0.133121
8.365 0.132976
8.37 0.132833
8.375 0.132689
8.38 0.132545
8.385 0.132402
8.39 0.132259
8.395 0.132116
8.4 0.131974
8.405 0.131831
8.41 0.131689
8.415 0.131547
8.42 0.131405
8.425 0.131264
8.43 0.131123
8.435 0.130982
8.44 0.130841
8.445 0.1307
8.45 0.13056
8.455 0.13042
8.46 0.13028
8.465 0.13014
8.47 0.13
8.475 0.129861
8.48 0.129722
8.485 0.129583
8.49 0.129444
8.495 0.129306
8.5 0.129168
8.505 0.12903
8.51 0.128892
8.515 0.128754
8.52 0.128617
8.525 0.12848
8.53 0.128343
8.535 0.128206
8.54 0.128069
8.545 0.127933
8.55 0.127797
8.555 0.127661
8.56 0.127525
8.565 0.12739
8.57 0.127255
8.575 0.12712
8.58 0.126985
8.585 0.12685
8.59 0.126716
8.595 0.126581
8.6 0.126447
8.605 0.126313
8.61 0.12618
8.615 0.126046
8.62 0.125913
8.625 0.12578
8.63 0.125647
8.635 0.125515
8.64 0.125382
8.645 0.12525
8.65 0.125118
8.655 0.124986
8.66 0.124855
8.665 0.124723
8.67 0.124592
8.675 0.124461
8.68 0.12433
8.685 0.1242
8.69 0.124069
8.695 0.123939
8.7 0.123809
8.705 0.123679
8.71 0.12355
8.715 0.12342
8.72 0.123291
8.725 0.123162
8.73 0.123033
8.735 0.122905
8.74 0.122776
8.745 0.122648
8.75 0.12252
8.755 0.122392
8.76 0.122264
8.765 0.122137
8.77 0.12201
8.775 0.121883
8.78 0.121756
8.785 0.121629
8.79 0.121502
8.795 0.121376
8.8 0.12125
8.805 0.121124
8.81 0.120998
8.815 0.120873
8.82 0.120747
8.825 0.120622
8.83 0.120497
8.835 0.120372
8.84 0.120248
8.845 0.120123
8.85 0.119999
8.855 0.119875
8.86 0.119751
8.865 0.119628
8.87 0.119504
8.875 0.119381
8.88 0.119258
8.885 0.119135
8.89 0.119012
8.895 0.118889
8.9 0.118767
8.905 0.118645
8.91 0.118523
8.915 0.118401
8.92 0.118279
8.925 0.118158
8.93 0.118037
8.935 0.117915
8.94 0.117794
8.945 0.117674
8.95 0.117553
8.955 0.117433
8.96 0.117313
8.965 0.117193
8.97 0.117073
8.975 0.116953
8.98 0.116833
8.985 0.116714
8.99 0.116595
8.995 0.116476
9 0.116357
9.005 0.116239
9.01 0.11612
9.015 0.116002
9.02 0.115884
9.025 0.115766
9.03 0.115648
9.035 0.115531
9.04 0.115413
9.045 0.115296
9.05 0.115179
9.055 0.115062
9.06 0.114945
9.065 0.114829
9.07 0.114712
9.075 0.114596
9.08 0.11448
9.085 0.114364
9.09 0.114249
9.095 0.114133
9.1 0.114018
9.105 0.113903
9.11 0.113788
9.115 0.113673
9.12 0.113558
9.125 0.113444
9.13 0.113329
9.135 0.113215
9.14 0.113101
9.145 0.112987
9.15 0.112874
9.155 0.11276
9.16 0.112647
9.165 0.112534
9.17 0.112421
9.175 0.112308
9.18 0.112195
9.185 0.112083
9.19 0.111971
9.195 0.111858
9.2 0.111746
9.205 0.111635
9.21 0.111523
9.215 0.111411
9.22 0.1113
9.225 0.111189
9.23 0.111078
9.235 0.110967
9.24 0.110856
9.245 0.110746
9.25 0.110635
9.255 0.110525
9.26 0.110415
9.265 0.110305
9.27 0.110195
9.275 0.110086
9.28 0.109976
9.285 0.109867
9.29 0.109758
9.295 0.109649
9.3 0.10954
9.305 0.109432
9.31 0.109323
9.315 0.109215
9.32 0.109107
9.325 0.108999
9.33 0.108891
9.335 0.108783
9.34 0.108676
9.345 0.108568
9.35 0.108461
9.355 0.108354
9.36 0.108247
9.365 0.10814
9.37 0.108034
9.375 0.107927
9.38 0.107821
9.385 0.107715
9.39 0.107609
9.395 0.107503
9.4 0.107397
9.405 0.107291
9.41 0.107186
9.415 0.107081
9.42 0.106976
9.425 0.106871
9.43 0.106766
9.435 0.106661
9.44 0.106557
9.445 0.106453
9.45 0.106348
9.455 0.106244
9.46 0.10614
9.465 0.106037
9.47 0.105933
9.475 0.10583
9.48 0.105726
9.485 0.105623
9.49 0.10552
9.495 0.105417
9.5 0.105314
9.505 0.105212
9.51 0.105109
9.515 0.105007
9.52 0.104905
9.525 0.104803
9.53 0.104701
9.535 0.104599
9.54 0.104498
9.545 0.104397
9.55 0.104295
9.555 0.104194
9.56 0.104093
9.565 0.103992
9.57 0.103892
9.575 0.103791
9.58 0.103691
9.585 0.10359
9.59 0.10349
9.595 0.10339
9.6 0.10329
9.605 0.103191
9.61 0.103091
9.615 0.102992
9.62 0.102892
9.625 0.102793
9.63 0.102694
9.635 0.102595
9.64 0.102497
9.645 0.102398
9.65 0.1023
9.655 0.102201
9.66 0.102103
9.665 0.102005
9.67 0.101907
9.675 0.101809
9.68 0.101712
9.685 0.101614
9.69 0.101517
9.695 0.10142
9.7 0.101323
9.705 0.101226
9.71 0.101129
9.715 0.101032
9.72 0.100936
9.725 0.100839
9.73 0.100743
9.735 0.100647
9.74 0.100551
9.745 0.100455
9.75 0.100359
9.755 0.100264
9.76 0.100168
9.765 0.100073
9.77 0.0999776
9.775 0.0998825
9.78 0.0997876
9.785 0.0996928
9.79 0.0995981
9.795 0.0995035
9.8 0.0994091
9.805 0.0993149
9.81 0.0992207
9.815 0.0991267
9.82 0.0990328
9.825 0.098939
9.83 0.0988454
9.835 0.0987519
9.84 0.0986585
9.845 0.0985653
9.85 0.0984722
9.855 0.0983792
9.86 0.0982863
9.865 0.0981936
9.87 0.098101
9.875 0.0980086
9.88 0.0979162
9.885 0.097824
9.89 0.0977319
9.895 0.0976399
9.9 0.0975481
9.905 0.0974564
9.91 0.0973648
9.915 0.0972734
9.92 0.097182
9.925 0.0970908
9.93 0.0969997
9.935 0.0969088
9.94 0.096818
9.945 0.0967273
9.95 0.0966367
9.955 0.0965462
9.96 0.0964559
9.965 0.0963657
9.97 0.0962756
9.975 0.0961856
9.98 0.0960958
9.985 0.0960061
9.99 0.0959165
9.995 0.095827
