0 -nan
0.005 0.0655386
0.01 0.0840301
0.015 0.287655
0.02 0.38107
0.025 0.117435
0.03 0.850827
0.035 0.719723
0.04 0.270936
0.045 0.0508451
0.05 0.0834522
0.055 0.245992
0.06 0.439735
0.065 0.613435
0.07 0.748352
0.075 0.842549
0.08 0.901123
0.085 0.931197
0.09 0.939681
0.095 0.932455
0.1 0.914206
0.105 0.888525
0.11 0.858098
0.115 0.824891
0.12 0.790324
0.125 0.755401
0.13 0.720825
0.135 0.687071
0.14 0.65445
0.145 0.623155
0.15 0.593294
0.155 0.564916
0.16 0.538024
0.165 0.512596
0.17 0.488589
0.175 0.465945
0.18 0.444603
0.185 0.424494
0.19 0.40555
0.195 0.387703
0.2 0.370886
0.205 0.355034
0.21 0.340087
0.215 0.325987
0.22 0.312677
0.225 0.300108
0.23 0.28823
0.235 0.276998
0.24 0.266371
0.245 0.256309
0.25 0.246775
0.255 0.237737
0.26 0.229162
0.265 0.221021
0.27 0.213287
0.275 0.205935
0.28 0.198941
0.285 0.192284
0.29 0.185943
0.295 0.179899
0.3 0.174135
0.305 0.168635
0.31 0.163383
0.315 0.158365
0.32 0.153568
0.325 0.148979
0.33 0.144587
0.335 0.140382
0.34 0.136353
0.345 0.13249
0.35 0.128785
0.355 0.12523
0.36 0.121817
0.365 0.118538
0.37 0.115387
0.375 0.112358
0.38 0.109444
0.385 0.106639
0.39 0.103939
0.395 0.101339
0.4 0.0988325
0.405 0.0964166
0.41 0.0940867
0.415 0.0918388
0.42 0.0896693
0.425 0.0875745
0.43 0.0855511
0.435 0.0835959
0.44 0.0817061
0.445 0.0798787
0.45 0.078111
0.455 0.0764006
0.46 0.0747449
0.465 0.0731419
0.47 0.0715891
0.475 0.0700847
0.48 0.0686266
0.485 0.067213
0.49 0.0658421
0.495 0.0645122
0.5 0.0632218
0.505 0.0619693
0.51 0.0607532
0.515 0.0595721
0.52 0.0584249
0.525 0.0573101
0.53 0.0562266
0.535 0.0551732
0.54 0.0541488
0.545 0.0531525
0.55 0.0521831
0.555 0.0512398
0.56 0.0503216
0.565 0.0494276
0.57 0.0485571
0.575 0.0477091
0.58 0.046883
0.585 0.0460779
0.59 0.0452933
0.595 0.0445283
0.6 0.0437825
0.605 0.043055
0.61 0.0423454
0.615 0.0416531
0.62 0.0409775
0.625 0.0403181
0.63 0.0396743
0.635 0.0390458
0.64 0.0384319
0.645 0.0378323
0.65 0.0372466
0.655 0.0366742
0.66 0.0361149
0.665 0.0355682
0.67 0.0350337
0.675 0.0345111
0.68 0.034
0.685 0.0335001
0.69 0.0330112
0.695 0.0325327
0.7 0.0320646
0.705 0.0316064
0.71 0.0311579
0.715 0.0307188
0.72 0.0302889
0.725 0.0298679
0.73 0.0294556
0.735 0.0290517
0.74 0.0286561
0.745 0.0282684
0.75 0.0278885
0.755 0.0275161
0.76 0.0271511
0.765 0.0267933
0.77 0.0264425
0.775 0.0260985
0.78 0.0257612
0.785 0.0254303
0.79 0.0251057
0.795 0.0247873
0.8 0.0244748
0.805 0.0241682
0.81 0.0238673
0.815 0.023572
0.82 0.0232821
0.825 0.0229975
0.83 0.022718
0.835 0.0224436
0.84 0.0221741
0.845 0.0219094
0.85 0.0216494
0.855 0.021394
0.86 0.0211431
0.865 0.0208965
0.87 0.0206542
0.875 0.0204161
0.88 0.020182
0.885 0.019952
0.89 0.0197258
0.895 0.0195035
0.9 0.0192849
0.905 0.0190699
0.91 0.0188585
0.915 0.0186505
0.92 0.018446
0.925 0.0182448
0.93 0.0180469
0.935 0.0178522
0.94 0.0176606
0.945 0.017472
0.95 0.0172864
0.955 0.0171038
0.96 0.0169241
0.965 0.0167471
0.97 0.0165729
0.975 0.0164014
0.98 0.0162326
0.985 0.0160663
0.99 0.0159025
0.995 0.0157413
1 0.0155825
1.005 0.015426
1.01 0.0152719
1.015 0.0151201
1.02 0.0149706
1.025 0.0148232
1.03 0.014678
1.035 0.0145349
1.04 0.0143939
1.045 0.0142549
1.05 0.014118
1.055 0.0139829
1.06 0.0138499
1.065 0.0137186
1.07 0.0135893
1.075 0.0134618
1.08 0.013336
1.085 0.013212
1.09 0.0130897
1.095 0.0129691
1.1 0.0128502
1.105 0.0127328
1.11 0.0126171
1.115 0.0125029
1.12 0.0123903
1.125 0.0122792
1.13 0.0121696
1.135 0.0120614
1.14 0.0119547
1.145 0.0118494
1.15 0.0117454
1.155 0.0116428
1.16 0.0115416
1.165 0.0114416
1.17 0.011343
1.175 0.0112456
1.18 0.0111495
1.185 0.0110546
1.19 0.0109609
1.195 0.0108683
1.2 0.010777
1.205 0.0106868
1.21 0.0105977
1.215 0.0105097
1.22 0.0104228
1.225 0.010337
1.23 0.0102522
1.235 0.0101685
1.24 0.0100858
1.245 0.0100041
1.25 0.00992334
1.255 0.00984359
1.26 0.0097648
1.265 0.00968695
1.27 0.00961002
1.275 0.009534
1.28 0.00945888
1.285 0.00938464
1.29 0.00931128
1.295 0.00923876
1.3 0.00916709
1.305 0.00909625
1.31 0.00902623
1.315 0.00895701
1.32 0.00888858
1.325 0.00882093
1.33 0.00875405
1.335 0.00868793
1.34 0.00862255
1.345 0.0085579
1.35 0.00849398
1.355 0.00843077
1.36 0.00836827
1.365 0.00830645
1.37 0.00824532
1.375 0.00818485
1.38 0.00812505
1.385 0.0080659
1.39 0.00800739
1.395 0.00794952
1.4 0.00789227
1.405 0.00783564
1.41 0.00777961
1.415 0.00772418
1.42 0.00766934
1.425 0.00761508
1.43 0.00756139
1.435 0.00750827
1.44 0.00745571
1.445 0.00740369
1.45 0.00735222
1.455 0.00730128
1.46 0.00725087
1.465 0.00720097
1.47 0.00715159
1.475 0.00710272
1.48 0.00705434
1.485 0.00700646
1.49 0.00695906
1.495 0.00691214
1.5 0.00686569
1.505 0.00681971
1.51 0.00677419
1.515 0.00672912
1.52 0.0066845
1.525 0.00664032
1.53 0.00659658
1.535 0.00655326
1.54 0.00651037
1.545 0.00646791
1.55 0.00642585
1.555 0.0063842
1.56 0.00634296
1.565 0.00630211
1.57 0.00626166
1.575 0.00622159
1.58 0.00618191
1.585 0.00614261
1.59 0.00610368
1.595 0.00606511
1.6 0.00602691
1.605 0.00598907
1.61 0.00595159
1.615 0.00591446
1.62 0.00587767
1.625 0.00584122
1.63 0.00580511
1.635 0.00576934
1.64 0.00573389
1.645 0.00569877
1.65 0.00566397
1.655 0.00562949
1.66 0.00559532
1.665 0.00556146
1.67 0.00552791
1.675 0.00549466
1.68 0.00546171
1.685 0.00542905
1.69 0.00539668
1.695 0.00536461
1.7 0.00533282
1.705 0.00530131
1.71 0.00527007
1.715 0.00523912
1.72 0.00520843
1.725 0.00517802
1.73 0.00514786
1.735 0.00511798
1.74 0.00508835
1.745 0.00505897
1.75 0.00502985
1.755 0.00500098
1.76 0.00497236
1.765 0.00494398
1.77 0.00491585
1.775 0.00488795
1.78 0.00486029
1.785 0.00483287
1.79 0.00480567
1.795 0.00477871
1.8 0.00475197
1.805 0.00472545
1.81 0.00469916
1.815 0.00467308
1.82 0.00464722
1.825 0.00462158
1.83 0.00459614
1.835 0.00457092
1.84 0.0045459
1.845 0.00452108
1.85 0.00449647
1.855 0.00447206
1.86 0.00444785
1.865 0.00442383
1.87 0.00440001
1.875 0.00437638
1.88 0.00435294
1.885 0.00432968
1.89 0.00430661
1.895 0.00428373
1.9 0.00426103
1.905 0.0042385
1.91 0.00421616
1.915 0.00419399
1.92 0.004172
1.925 0.00415017
1.93 0.00412852
1.935 0.00410704
1.94 0.00408572
1.945 0.00406457
1.95 0.00404359
1.955 0.00402276
1.96 0.0040021
1.965 0.00398159
1.97 0.00396124
1.975 0.00394105
1.98 0.00392101
1.985 0.00390112
1.99 0.00388139
1.995 0.0038618
2 0.00384236
2.005 0.00382307
2.01 0.00380392
2.015 0.00378492
2.02 0.00376606
2.025 0.00374733
2.03 0.00372875
2.035 0.00371031
2.04 0.003692
2.045 0.00367382
2.05 0.00365578
2.055 0.00363788
2.06 0.0036201
2.065 0.00360245
2.07 0.00358494
2.075 0.00356755
2.08 0.00355028
2.085 0.00353314
2.09 0.00351613
2.095 0.00349924
2.1 0.00348246
2.105 0.00346581
2.11 0.00344928
2.115 0.00343287
2.12 0.00341657
2.125 0.00340039
2.13 0.00338432
2.135 0.00336837
2.14 0.00335252
2.145 0.00333679
2.15 0.00332118
2.155 0.00330567
2.16 0.00329026
2.165 0.00327497
2.17 0.00325978
2.175 0.0032447
2.18 0.00322972
2.185 0.00321485
2.19 0.00320007
2.195 0.0031854
2.2 0.00317083
2.205 0.00315636
2.21 0.00314199
2.215 0.00312771
2.22 0.00311354
2.225 0.00309946
2.23 0.00308547
2.235 0.00307158
2.24 0.00305778
2.245 0.00304408
2.25 0.00303046
2.255 0.00301694
2.26 0.00300351
2.265 0.00299017
2.27 0.00297691
2.275 0.00296375
2.28 0.00295067
2.285 0.00293768
2.29 0.00292477
2.295 0.00291195
2.3 0.00289921
2.305 0.00288655
2.31 0.00287398
2.315 0.00286149
2.32 0.00284908
2.325 0.00283676
2.33 0.00282451
2.335 0.00281234
2.34 0.00280025
2.345 0.00278823
2.35 0.0027763
2.355 0.00276444
2.36 0.00275265
2.365 0.00274094
2.37 0.00272931
2.375 0.00271775
2.38 0.00270626
2.385 0.00269485
2.39 0.00268351
2.395 0.00267223
2.4 0.00266103
2.405 0.0026499
2.41 0.00263884
2.415 0.00262785
2.42 0.00261693
2.425 0.00260607
2.43 0.00259529
2.435 0.00258457
2.44 0.00257391
2.445 0.00256332
2.45 0.0025528
2.455 0.00254234
2.46 0.00253195
2.465 0.00252161
2.47 0.00251135
2.475 0.00250114
2.48 0.002491
2.485 0.00248092
2.49 0.00247089
2.495 0.00246093
2.5 0.00245103
2.505 0.00244119
2.51 0.00243141
2.515 0.00242169
2.52 0.00241202
2.525 0.00240242
2.53 0.00239287
2.535 0.00238337
2.54 0.00237394
2.545 0.00236456
2.55 0.00235523
2.555 0.00234596
2.56 0.00233675
2.565 0.00232758
2.57 0.00231848
2.575 0.00230942
2.58 0.00230042
2.585 0.00229147
2.59 0.00228257
2.595 0.00227373
2.6 0.00226494
2.605 0.00225619
2.61 0.0022475
2.615 0.00223886
2.62 0.00223027
2.625 0.00222172
2.63 0.00221323
2.635 0.00220478
2.64 0.00219638
2.645 0.00218803
2.65 0.00217973
2.655 0.00217148
2.66 0.00216327
2.665 0.00215511
2.67 0.00214699
2.675 0.00213892
2.68 0.0021309
2.685 0.00212292
2.69 0.00211498
2.695 0.00210709
2.7 0.00209925
2.705 0.00209144
2.71 0.00208368
2.715 0.00207597
2.72 0.00206829
2.725 0.00206066
2.73 0.00205308
2.735 0.00204553
2.74 0.00203802
2.745 0.00203056
2.75 0.00202314
2.755 0.00201575
2.76 0.00200841
2.765 0.00200111
2.77 0.00199385
2.775 0.00198662
2.78 0.00197944
2.785 0.00197229
2.79 0.00196519
2.795 0.00195812
2.8 0.00195109
2.805 0.0019441
2.81 0.00193714
2.815 0.00193022
2.82 0.00192334
2.825 0.0019165
2.83 0.00190969
2.835 0.00190292
2.84 0.00189618
2.845 0.00188949
2.85 0.00188282
2.855 0.00187619
2.86 0.0018696
2.865 0.00186304
2.87 0.00185651
2.875 0.00185002
2.88 0.00184357
2.885 0.00183714
2.89 0.00183075
2.895 0.0018244
2.9 0.00181807
2.905 0.00181178
2.91 0.00180553
2.915 0.0017993
2.92 0.00179311
2.925 0.00178694
2.93 0.00178081
2.935 0.00177472
2.94 0.00176865
2.945 0.00176261
2.95 0.00175661
2.955 0.00175063
2.96 0.00174469
2.965 0.00173878
2.97 0.00173289
2.975 0.00172704
2.98 0.00172121
2.985 0.00171542
2.99 0.00170965
2.995 0.00170392
3 0.00169821
3.005 0.00169253
3.01 0.00168688
3.015 0.00168125
3.02 0.00167566
3.025 0.00167009
3.03 0.00166455
3.035 0.00165904
3.04 0.00165356
3.045 0.0016481
3.05 0.00164267
3.055 0.00163727
3.06 0.00163189
3.065 0.00162654
3.07 0.00162122
3.075 0.00161592
3.08 0.00161065
3.085 0.0016054
3.09 0.00160018
3.095 0.00159498
3.1 0.00158981
3.105 0.00158467
3.11 0.00157955
3.115 0.00157445
3.12 0.00156938
3.125 0.00156434
3.13 0.00155931
3.135 0.00155432
3.14 0.00154934
3.145 0.00154439
3.15 0.00153946
3.155 0.00153456
3.16 0.00152968
3.165 0.00152483
3.17 0.00151999
3.175 0.00151518
3.18 0.0015104
3.185 0.00150563
3.19 0.00150089
3.195 0.00149617
3.2 0.00149147
3.205 0.0014868
3.21 0.00148214
3.215 0.00147751
3.22 0.0014729
3.225 0.00146831
3.23 0.00146374
3.235 0.0014592
3.24 0.00145467
3.245 0.00145017
3.25 0.00144569
3.255 0.00144122
3.26 0.00143678
3.265 0.00143236
3.27 0.00142796
3.275 0.00142358
3.28 0.00141922
3.285 0.00141488
3.29 0.00141056
3.295 0.00140626
3.3 0.00140198
3.305 0.00139772
3.31 0.00139347
3.315 0.00138925
3.32 0.00138505
3.325 0.00138086
3.33 0.0013767
3.335 0.00137255
3.34 0.00136842
3.345 0.00136431
3.35 0.00136022
3.355 0.00135615
3.36 0.00135209
3.365 0.00134806
3.37 0.00134404
3.375 0.00134004
3.38 0.00133606
3.385 0.00133209
3.39 0.00132814
3.395 0.00132421
3.4 0.0013203
3.405 0.00131641
3.41 0.00131253
3.415 0.00130867
3.42 0.00130482
3.425 0.001301
3.43 0.00129719
3.435 0.00129339
3.44 0.00128962
3.445 0.00128586
3.45 0.00128211
3.455 0.00127839
3.46 0.00127468
3.465 0.00127098
3.47 0.0012673
3.475 0.00126364
3.48 0.00125999
3.485 0.00125636
3.49 0.00125274
3.495 0.00124914
3.5 0.00124556
3.505 0.00124199
3.51 0.00123844
3.515 0.0012349
3.52 0.00123137
3.525 0.00122786
3.53 0.00122437
3.535 0.00122089
3.54 0.00121743
3.545 0.00121398
3.55 0.00121055
3.555 0.00120713
3.56 0.00120372
3.565 0.00120033
3.57 0.00119695
3.575 0.00119359
3.58 0.00119024
3.585 0.00118691
3.59 0.00118359
3.595 0.00118028
3.6 0.00117699
3.605 0.00117371
3.61 0.00117044
3.615 0.00116719
3.62 0.00116395
3.625 0.00116073
3.63 0.00115752
3.635 0.00115432
3.64 0.00115113
3.645 0.00114796
3.65 0.0011448
3.655 0.00114166
3.66 0.00113853
3.665 0.00113541
3.67 0.0011323
3.675 0.00112921
3.68 0.00112612
3.685 0.00112306
3.69 0.00112
3.695 0.00111696
3.7 0.00111392
3.705 0.0011109
3.71 0.0011079
3.715 0.0011049
3.72 0.00110192
3.725 0.00109895
3.73 0.00109599
3.735 0.00109304
3.74 0.00109011
3.745 0.00108719
3.75 0.00108428
3.755 0.00108138
3.76 0.00107849
3.765 0.00107561
3.77 0.00107275
3.775 0.00106989
3.78 0.00106705
3.785 0.00106422
3.79 0.0010614
3.795 0.00105859
3.8 0.0010558
3.805 0.00105301
3.81 0.00105023
3.815 0.00104747
3.82 0.00104472
3.825 0.00104197
3.83 0.00103924
3.835 0.00103652
3.84 0.00103381
3.845 0.00103111
3.85 0.00102842
3.855 0.00102574
3.86 0.00102308
3.865 0.00102042
3.87 0.00101777
3.875 0.00101513
3.88 0.00101251
3.885 0.00100989
3.89 0.00100728
3.895 0.00100469
3.9 0.0010021
3.905 0.000999524
3.91 0.000996958
3.915 0.000994401
3.92 0.000991854
3.925 0.000989317
3.93 0.00098679
3.935 0.000984272
3.94 0.000981764
3.945 0.000979265
3.95 0.000976776
3.955 0.000974297
3.96 0.000971827
3.965 0.000969366
3.97 0.000966914
3.975 0.000964472
3.98 0.000962039
3.985 0.000959616
3.99 0.000957201
3.995 0.000954796
4 0.000952399
4.005 0.000950012
4.01 0.000947634
4.015 0.000945264
4.02 0.000942904
4.025 0.000940552
4.03 0.000938209
4.035 0.000935875
4.04 0.000933549
4.045 0.000931232
4.05 0.000928924
4.055 0.000926624
4.06 0.000924333
4.065 0.00092205
4.07 0.000919776
4.075 0.00091751
4.08 0.000915253
4.085 0.000913003
4.09 0.000910763
4.095 0.00090853
4.1 0.000906305
4.105 0.000904089
4.11 0.000901881
4.115 0.000899681
4.12 0.000897489
4.125 0.000895305
4.13 0.000893129
4.135 0.00089096
4.14 0.0008888
4.145 0.000886648
4.15 0.000884503
4.155 0.000882366
4.16 0.000880237
4.165 0.000878116
4.17 0.000876002
4.175 0.000873896
4.18 0.000871797
4.185 0.000869706
4.19 0.000867623
4.195 0.000865546
4.2 0.000863478
4.205 0.000861417
4.21 0.000859363
4.215 0.000857316
4.22 0.000855277
4.225 0.000853245
4.23 0.000851221
4.235 0.000849203
4.24 0.000847193
4.245 0.00084519
4.25 0.000843193
4.255 0.000841204
4.26 0.000839222
4.265 0.000837247
4.27 0.000835279
4.275 0.000833318
4.28 0.000831364
4.285 0.000829417
4.29 0.000827476
4.295 0.000825542
4.3 0.000823615
4.305 0.000821695
4.31 0.000819782
4.315 0.000817875
4.32 0.000815975
4.325 0.000814081
4.33 0.000812194
4.335 0.000810314
4.34 0.00080844
4.345 0.000806572
4.35 0.000804711
4.355 0.000802857
4.36 0.000801009
4.365 0.000799167
4.37 0.000797331
4.375 0.000795502
4.38 0.000793679
4.385 0.000791863
4.39 0.000790053
4.395 0.000788248
4.4 0.00078645
4.405 0.000784659
4.41 0.000782873
4.415 0.000781093
4.42 0.00077932
4.425 0.000777552
4.43 0.000775791
4.435 0.000774035
4.44 0.000772286
4.445 0.000770542
4.45 0.000768804
4.455 0.000767072
4.46 0.000765346
4.465 0.000763626
4.47 0.000761912
4.475 0.000760203
4.48 0.0007585
4.485 0.000756803
4.49 0.000755111
4.495 0.000753425
4.5 0.000751745
4.505 0.000750071
4.51 0.000748401
4.515 0.000746738
4.52 0.00074508
4.525 0.000743428
4.53 0.000741781
4.535 0.000740139
4.54 0.000738503
4.545 0.000736873
4.55 0.000735248
4.555 0.000733628
4.56 0.000732013
4.565 0.000730404
4.57 0.0007288
4.575 0.000727202
4.58 0.000725608
4.585 0.00072402
4.59 0.000722437
4.595 0.00072086
4.6 0.000719287
4.605 0.00071772
4.61 0.000716157
4.615 0.0007146
4.62 0.000713048
4.625 0.000711501
4.63 0.000709959
4.635 0.000708422
4.64 0.00070689
4.645 0.000705363
4.65 0.000703841
4.655 0.000702323
4.66 0.000700811
4.665 0.000699304
4.67 0.000697801
4.675 0.000696303
4.68 0.00069481
4.685 0.000693322
4.69 0.000691839
4.695 0.00069036
4.7 0.000688886
4.705 0.000687417
4.71 0.000685953
4.715 0.000684493
4.72 0.000683038
4.725 0.000681587
4.73 0.000680141
4.735 0.0006787
4.74 0.000677263
4.745 0.000675831
4.75 0.000674404
4.755 0.000672981
4.76 0.000671562
4.765 0.000670148
4.77 0.000668738
4.775 0.000667333
4.78 0.000665932
4.785 0.000664536
4.79 0.000663144
4.795 0.000661756
4.8 0.000660373
4.805 0.000658994
4.81 0.000657619
4.815 0.000656249
4.82 0.000654883
4.825 0.000653521
4.83 0.000652163
4.835 0.00065081
4.84 0.000649461
4.845 0.000648116
4.85 0.000646775
4.855 0.000645439
4.86 0.000644106
4.865 0.000642778
4.87 0.000641454
4.875 0.000640133
4.88 0.000638817
4.885 0.000637505
4.89 0.000636197
4.895 0.000634893
4.9 0.000633593
4.905 0.000632297
4.91 0.000631005
4.915 0.000629717
4.92 0.000628433
4.925 0.000627153
4.93 0.000625877
4.935 0.000624604
4.94 0.000623336
4.945 0.000622071
4.95 0.00062081
4.955 0.000619553
4.96 0.0006183
4.965 0.000617051
4.97 0.000615805
4.975 0.000614563
4.98 0.000613325
4.985 0.000612091
4.99 0.00061086
4.995 0.000609633
5 0.00060841
5.005 0.000607191
5.01 0.000605975
5.015 0.000604763
5.02 0.000603554
5.025 0.000602349
5.03 0.000601148
5.035 0.00059995
5.04 0.000598756
5.045 0.000597565
5.05 0.000596378
5.055 0.000595194
5.06 0.000594014
5.065 0.000592838
5.07 0.000591665
5.075 0.000590495
5.08 0.000589329
5.085 0.000588166
5.09 0.000587007
5.095 0.000585851
5.1 0.000584699
5.105 0.00058355
5.11 0.000582404
5.115 0.000581262
5.12 0.000580123
5.125 0.000578988
5.13 0.000577856
5.135 0.000576727
5.14 0.000575601
5.145 0.000574479
5.15 0.00057336
5.155 0.000572244
5.16 0.000571132
5.165 0.000570022
5.17 0.000568916
5.175 0.000567814
5.18 0.000566714
5.185 0.000565617
5.19 0.000564524
5.195 0.000563434
5.2 0.000562347
5.205 0.000561264
5.21 0.000560183
5.215 0.000559105
5.22 0.000558031
5.225 0.00055696
5.23 0.000555891
5.235 0.000554826
5.24 0.000553764
5.245 0.000552705
5.25 0.000551649
5.255 0.000550596
5.26 0.000549546
5.265 0.000548499
5.27 0.000547455
5.275 0.000546414
5.28 0.000545376
5.285 0.000544341
5.29 0.000543309
5.295 0.000542279
5.3 0.000541253
5.305 0.00054023
5.31 0.000539209
5.315 0.000538191
5.32 0.000537177
5.325 0.000536165
5.33 0.000535156
5.335 0.00053415
5.34 0.000533146
5.345 0.000532146
5.35 0.000531148
5.355 0.000530153
5.36 0.000529161
5.365 0.000528172
5.37 0.000527185
5.375 0.000526201
5.38 0.00052522
5.385 0.000524242
5.39 0.000523267
5.395 0.000522294
5.4 0.000521324
5.405 0.000520356
5.41 0.000519391
5.415 0.000518429
5.42 0.00051747
5.425 0.000516513
5.43 0.000515559
5.435 0.000514608
5.44 0.000513659
5.445 0.000512713
5.45 0.000511769
5.455 0.000510828
5.46 0.00050989
5.465 0.000508954
5.47 0.000508021
5.475 0.00050709
5.48 0.000506162
5.485 0.000505236
5.49 0.000504313
5.495 0.000503393
5.5 0.000502475
5.505 0.000501559
5.51 0.000500646
5.515 0.000499736
5.52 0.000498828
5.525 0.000497922
5.53 0.000497019
5.535 0.000496119
5.54 0.000495221
5.545 0.000494325
5.55 0.000493432
5.555 0.000492541
5.56 0.000491652
5.565 0.000490766
5.57 0.000489882
5.575 0.000489001
5.58 0.000488122
5.585 0.000487246
5.59 0.000486372
5.595 0.0004855
5.6 0.00048463
5.605 0.000483763
5.61 0.000482898
5.615 0.000482036
5.62 0.000481175
5.625 0.000480318
5.63 0.000479462
5.635 0.000478609
5.64 0.000477757
5.645 0.000476909
5.65 0.000476062
5.655 0.000475218
5.66 0.000474376
5.665 0.000473536
5.67 0.000472698
5.675 0.000471863
5.68 0.00047103
5.685 0.000470199
5.69 0.00046937
5.695 0.000468544
5.7 0.000467719
5.705 0.000466897
5.71 0.000466077
5.715 0.000465259
5.72 0.000464444
5.725 0.00046363
5.73 0.000462818
5.735 0.000462009
5.74 0.000461202
5.745 0.000460397
5.75 0.000459594
5.755 0.000458793
5.76 0.000457994
5.765 0.000457198
5.77 0.000456403
5.775 0.00045561
5.78 0.00045482
5.785 0.000454031
5.79 0.000453245
5.795 0.000452461
5.8 0.000451678
5.805 0.000450898
5.81 0.00045012
5.815 0.000449344
5.82 0.000448569
5.825 0.000447797
5.83 0.000447027
5.835 0.000446259
5.84 0.000445492
5.845 0.000444728
5.85 0.000443966
5.855 0.000443205
5.86 0.000442447
5.865 0.00044169
5.87 0.000440936
5.875 0.000440183
5.88 0.000439432
5.885 0.000438684
5.89 0.000437937
5.895 0.000437192
5.9 0.000436449
5.905 0.000435707
5.91 0.000434968
5.915 0.000434231
5.92 0.000433495
5.925 0.000432762
5.93 0.00043203
5.935 0.0004313
5.94 0.000430572
5.945 0.000429845
5.95 0.000429121
5.955 0.000428398
5.96 0.000427678
5.965 0.000426959
5.97 0.000426241
5.975 0.000425526
5.98 0.000424813
5.985 0.000424101
5.99 0.000423391
5.995 0.000422683
6 0.000421976
6.005 0.000421272
6.01 0.000420569
6.015 0.000419868
6.02 0.000419168
6.025 0.000418471
6.03 0.000417775
6.035 0.000417081
6.04 0.000416388
6.045 0.000415698
6.05 0.000415009
6.055 0.000414321
6.06 0.000413636
6.065 0.000412952
6.07 0.00041227
6.075 0.000411589
6.08 0.00041091
6.085 0.000410233
6.09 0.000409558
6.095 0.000408884
6.1 0.000408212
6.105 0.000407541
6.11 0.000406873
6.115 0.000406206
6.12 0.00040554
6.125 0.000404876
6.13 0.000404214
6.135 0.000403553
6.14 0.000402894
6.145 0.000402237
6.15 0.000401581
6.155 0.000400927
6.16 0.000400274
6.165 0.000399623
6.17 0.000398974
6.175 0.000398326
6.18 0.00039768
6.185 0.000397035
6.19 0.000396392
6.195 0.00039575
6.2 0.00039511
6.205 0.000394472
6.21 0.000393835
6.215 0.000393199
6.22 0.000392566
6.225 0.000391933
6.23 0.000391303
6.235 0.000390673
6.24 0.000390046
6.245 0.000389419
6.25 0.000388795
6.255 0.000388171
6.26 0.00038755
6.265 0.000386929
6.27 0.000386311
6.275 0.000385693
6.28 0.000385078
6.285 0.000384463
6.29 0.000383851
6.295 0.000383239
6.3 0.000382629
6.305 0.000382021
6.31 0.000381414
6.315 0.000380808
6.32 0.000380204
6.325 0.000379601
6.33 0.000379
6.335 0.0003784
6.34 0.000377802
6.345 0.000377205
6.35 0.000376609
6.355 0.000376015
6.36 0.000375422
6.365 0.000374831
6.37 0.000374241
6.375 0.000373653
6.38 0.000373065
6.385 0.00037248
6.39 0.000371895
6.395 0.000371312
6.4 0.00037073
6.405 0.00037015
6.41 0.000369571
6.415 0.000368994
6.42 0.000368417
6.425 0.000367842
6.43 0.000367269
6.435 0.000366697
6.44 0.000366126
6.445 0.000365556
6.45 0.000364988
6.455 0.000364421
6.46 0.000363856
6.465 0.000363291
6.47 0.000362728
6.475 0.000362167
6.48 0.000361606
6.485 0.000361047
6.49 0.00036049
6.495 0.000359933
6.5 0.000359378
6.505 0.000358824
6.51 0.000358272
6.515 0.00035772
6.52 0.00035717
6.525 0.000356621
6.53 0.000356074
6.535 0.000355528
6.54 0.000354983
6.545 0.000354439
6.55 0.000353896
6.555 0.000353355
6.56 0.000352815
6.565 0.000352276
6.57 0.000351739
6.575 0.000351202
6.58 0.000350667
6.585 0.000350133
6.59 0.000349601
6.595 0.000349069
6.6 0.000348539
6.605 0.00034801
6.61 0.000347482
6.615 0.000346956
6.62 0.00034643
6.625 0.000345906
6.63 0.000345383
6.635 0.000344861
6.64 0.000344341
6.645 0.000343821
6.65 0.000343303
6.655 0.000342786
6.66 0.00034227
6.665 0.000341755
6.67 0.000341241
6.675 0.000340729
6.68 0.000340217
6.685 0.000339707
6.69 0.000339198
6.695 0.00033869
6.7 0.000338183
6.705 0.000337678
6.71 0.000337173
6.715 0.00033667
6.72 0.000336168
6.725 0.000335667
6.73 0.000335167
6.735 0.000334668
6.74 0.00033417
6.745 0.000333673
6.75 0.000333178
6.755 0.000332683
6.76 0.00033219
6.765 0.000331698
6.77 0.000331206
6.775 0.000330716
6.78 0.000330227
6.785 0.00032974
6.79 0.000329253
6.795 0.000328767
6.8 0.000328282
6.805 0.000327799
6.81 0.000327316
6.815 0.000326835
6.82 0.000326354
6.825 0.000325875
6.83 0.000325397
6.835 0.000324919
6.84 0.000324443
6.845 0.000323968
6.85 0.000323494
6.855 0.000323021
6.86 0.000322549
6.865 0.000322078
6.87 0.000321608
6.875 0.000321139
6.88 0.000320671
6.885 0.000320204
6.89 0.000319738
6.895 0.000319274
6.9 0.00031881
6.905 0.000318347
6.91 0.000317885
6.915 0.000317424
6.92 0.000316964
6.925 0.000316506
6.93 0.000316048
6.935 0.000315591
6.94 0.000315135
6.945 0.00031468
6.95 0.000314226
6.955 0.000313774
6.96 0.000313322
6.965 0.000312871
6.97 0.000312421
6.975 0.000311972
6.98 0.000311524
6.985 0.000311077
6.99 0.000310631
6.995 0.000310185
7 0.000309741
7.005 0.000309298
7.01 0.000308856
7.015 0.000308414
7.02 0.000307974
7.025 0.000307535
7.03 0.000307096
7.035 0.000306659
7.04 0.000306222
7.045 0.000305786
7.05 0.000305351
7.055 0.000304918
7.06 0.000304485
7.065 0.000304053
7.07 0.000303622
7.075 0.000303191
7.08 0.000302762
7.085 0.000302334
7.09 0.000301906
7.095 0.00030148
7.1 0.000301054
7.105 0.00030063
7.11 0.000300206
7.115 0.000299783
7.12 0.000299361
7.125 0.00029894
7.13 0.000298519
7.135 0.0002981
7.14 0.000297682
7.145 0.000297264
7.15 0.000296847
7.155 0.000296431
7.16 0.000296016
7.165 0.000295602
7.17 0.000295189
7.175 0.000294777
7.18 0.000294365
7.185 0.000293955
7.19 0.000293545
7.195 0.000293136
7.2 0.000292728
7.205 0.000292321
7.21 0.000291914
7.215 0.000291509
7.22 0.000291104
7.225 0.0002907
7.23 0.000290297
7.235 0.000289895
7.24 0.000289494
7.245 0.000289093
7.25 0.000288693
7.255 0.000288295
7.26 0.000287897
7.265 0.000287499
7.27 0.000287103
7.275 0.000286707
7.28 0.000286313
7.285 0.000285919
7.29 0.000285526
7.295 0.000285133
7.3 0.000284742
7.305 0.000284351
7.31 0.000283961
7.315 0.000283572
7.32 0.000283184
7.325 0.000282796
7.33 0.00028241
7.335 0.000282024
7.34 0.000281639
7.345 0.000281254
7.35 0.000280871
7.355 0.000280488
7.36 0.000280106
7.365 0.000279725
7.37 0.000279345
7.375 0.000278965
7.38 0.000278586
7.385 0.000278208
7.39 0.000277831
7.395 0.000277454
7.4 0.000277078
7.405 0.000276703
7.41 0.000276329
7.415 0.000275956
7.42 0.000275583
7.425 0.000275211
7.43 0.00027484
7.435 0.000274469
7.44 0.000274099
7.445 0.00027373
7.45 0.000273362
7.455 0.000272995
7.46 0.000272628
7.465 0.000272262
7.47 0.000271896
7.475 0.000271532
7.48 0.000271168
7.485 0.000270805
7.49 0.000270443
7.495 0.000270081
7.5 0.00026972
7.505 0.00026936
7.51 0.000269
7.515 0.000268642
7.52 0.000268284
7.525 0.000267926
7.53 0.00026757
7.535 0.000267214
7.54 0.000266859
7.545 0.000266504
7.55 0.00026615
7.555 0.000265797
7.56 0.000265445
7.565 0.000265093
7.57 0.000264742
7.575 0.000264392
7.58 0.000264042
7.585 0.000263694
7.59 0.000263345
7.595 0.000262998
7.6 0.000262651
7.605 0.000262305
7.61 0.000261959
7.615 0.000261615
7.62 0.000261271
7.625 0.000260927
7.63 0.000260585
7.635 0.000260242
7.64 0.000259901
7.645 0.00025956
7.65 0.00025922
7.655 0.000258881
7.66 0.000258542
7.665 0.000258204
7.67 0.000257867
7.675 0.00025753
7.68 0.000257194
7.685 0.000256859
7.69 0.000256524
7.695 0.00025619
7.7 0.000255856
7.705 0.000255524
7.71 0.000255191
7.715 0.00025486
7.72 0.000254529
7.725 0.000254199
7.73 0.000253869
7.735 0.00025354
7.74 0.000253212
7.745 0.000252884
7.75 0.000252557
7.755 0.000252231
7.76 0.000251905
7.765 0.00025158
7.77 0.000251256
7.775 0.000250932
7.78 0.000250609
7.785 0.000250286
7.79 0.000249964
7.795 0.000249643
7.8 0.000249322
7.805 0.000249002
7.81 0.000248682
7.815 0.000248363
7.82 0.000248045
7.825 0.000247727
7.83 0.00024741
7.835 0.000247094
7.84 0.000246778
7.845 0.000246463
7.85 0.000246148
7.855 0.000245834
7.86 0.000245521
7.865 0.000245208
7.87 0.000244896
7.875 0.000244584
7.88 0.000244273
7.885 0.000243962
7.89 0.000243653
7.895 0.000243343
7.9 0.000243035
7.905 0.000242727
7.91 0.000242419
7.915 0.000242112
7.92 0.000241806
7.925 0.0002415
7.93 0.000241195
7.935 0.00024089
7.94 0.000240586
7.945 0.000240283
7.95 0.00023998
7.955 0.000239678
7.96 0.000239376
7.965 0.000239075
7.97 0.000238774
7.975 0.000238474
7.98 0.000238174
7.985 0.000237876
7.99 0.000237577
7.995 0.000237279
8 0.000236982
8.005 0.000236686
8.01 0.000236389
8.015 0.000236094
8.02 0.000235799
8.025 0.000235504
8.03 0.000235211
8.035 0.000234917
8.04 0.000234624
8.045 0.000234332
8.05 0.00023404
8.055 0.000233749
8.06 0.000233459
8.065 0.000233169
8.07 0.000232879
8.075 0.00023259
8.08 0.000232302
8.085 0.000232014
8.09 0.000231726
8.095 0.000231439
8.1 0.000231153
8.105 0.000230867
8.11 0.000230582
8.115 0.000230297
8.12 0.000230013
8.125 0.000229729
8.13 0.000229446
8.135 0.000229164
8.14 0.000228882
8.145 0.0002286
8.15 0.000228319
8.155 0.000228038
8.16 0.000227758
8.165 0.000227479
8.17 0.0002272
8.175 0.000226921
8.18 0.000226643
8.185 0.000226366
8.19 0.000226089
8.195 0.000225812
8.2 0.000225536
8.205 0.000225261
8.21 0.000224986
8.215 0.000224712
8.22 0.000224438
8.225 0.000224164
8.23 0.000223891
8.235 0.000223619
8.24 0.000223347
8.245 0.000223075
8.25 0.000222805
8.255 0.000222534
8.26 0.000222264
8.265 0.000221995
8.27 0.000221726
8.275 0.000221457
8.28 0.000221189
8.285 0.000220922
8.29 0.000220655
8.295 0.000220388
8.3 0.000220122
8.305 0.000219856
8.31 0.000219591
8.315 0.000219327
8.32 0.000219063
8.325 0.000218799
8.33 0.000218536
8.335 0.000218273
8.34 0.000218011
8.345 0.000217749
8.35 0.000217488
8.355 0.000217227
8.36 0.000216966
8.365 0.000216706
8.37 0.000216447
8.375 0.000216188
8.38 0.00021593
8.385 0.000215672
8.39 0.000215414
8.395 0.000215157
8.4 0.0002149
8.405 0.000214644
8.41 0.000214388
8.415 0.000214133
8.42 0.000213878
8.425 0.000213624
8.43 0.00021337
8.435 0.000213116
8.44 0.000212863
8.445 0.000212611
8.45 0.000212359
8.455 0.000212107
8.46 0.000211856
8.465 0.000211605
8.47 0.000211355
8.475 0.000211105
8.48 0.000210855
8.485 0.000210606
8.49 0.000210358
8.495 0.00021011
8.5 0.000209862
8.505 0.000209615
8.51 0.000209368
8.515 0.000209122
8.52 0.000208876
8.525 0.00020863
8.53 0.000208385
8.535 0.00020814
8.54 0.000207896
8.545 0.000207652
8.55 0.000207409
8.555 0.000207166
8.56 0.000206924
8.565 0.000206682
8.57 0.00020644
8.575 0.000206199
8.58 0.000205958
8.585 0.000205718
8.59 0.000205478
8.595 0.000205238
8.6 0.000204999
8.605 0.00020476
8.61 0.000204522
8.615 0.000204284
8.62 0.000204047
8.625 0.00020381
8.63 0.000203573
8.635 0.000203337
8.64 0.000203101
8.645 0.000202866
8.65 0.000202631
8.655 0.000202396
8.66 0.000202162
8.665 0.000201928
8.67 0.000201695
8.675 0.000201462
8.68 0.000201229
8.685 0.000200997
8.69 0.000200765
8.695 0.000200534
8.7 0.000200303
8.705 0.000200072
8.71 0.000199842
8.715 0.000199613
8.72 0.000199383
8.725 0.000199154
8.73 0.000198926
8.735 0.000198697
8.74 0.00019847
8.745 0.000198242
8.75 0.000198015
8.755 0.000197789
8.76 0.000197562
8.765 0.000197337
8.77 0.000197111
8.775 0.000196886
8.78 0.000196661
8.785 0.000196437
8.79 0.000196213
8.795 0.00019599
8.8 0.000195767
8.805 0.000195544
8.81 0.000195321
8.815 0.000195099
8.82 0.000194878
8.825 0.000194657
8.83 0.000194436
8.835 0.000194215
8.84 0.000193995
8.845 0.000193775
8.85 0.000193556
8.855 0.000193337
8.86 0.000193118
8.865 0.0001929
8.87 0.000192682
8.875 0.000192465
8.88 0.000192247
8.885 0.000192031
8.89 0.000191814
8.895 0.000191598
8.9 0.000191383
8.905 0.000191167
8.91 0.000190952
8.915 0.000190738
8.92 0.000190523
8.925 0.00019031
8.93 0.000190096
8.935 0.000189883
8.94 0.00018967
8.945 0.000189458
8.95 0.000189246
8.955 0.000189034
8.96 0.000188822
8.965 0.000188611
8.97 0.000188401
8.975 0.00018819
8.98 0.00018798
8.985 0.000187771
8.99 0.000187562
8.995 0.000187353
9 0.000187144
9.005 0.000186936
9.01 0.000186728
9.015 0.00018652
9.02 0.000186313
9.025 0.000186106
9.03 0.0001859
9.035 0.000185694
9.04 0.000185488
9.045 0.000185283
9.05 0.000185077
9.055 0.000184873
9.06 0.000184668
9.065 0.000184464
9.07 0.00018426
9.075 0.000184057
9.08 0.000183854
9.085 0.000183651
9.09 0.000183449
9.095 0.000183247
9.1 0.000183045
9.105 0.000182843
9.11 0.000182642
9.115 0.000182442
9.12 0.000182241
9.125 0.000182041
9.13 0.000181841
9.135 0.000181642
9.14 0.000181443
9.145 0.000181244
9.15 0.000181046
9.155 0.000180848
9.16 0.00018065
9.165 0.000180452
9.17 0.000180255
9.175 0.000180058
9.18 0.000179862
9.185 0.000179666
9.19 0.00017947
9.195 0.000179274
9.2 0.000179079
9.205 0.000178884
9.21 0.000178689
9.215 0.000178495
9.22 0.000178301
9.225 0.000178108
9.23 0.000177914
9.235 0.000177721
9.24 0.000177529
9.245 0.000177336
9.25 0.000177144
9.255 0.000176952
9.26 0.000176761
9.265 0.00017657
9.27 0.000176379
9.275 0.000176188
9.28 0.000175998
9.285 0.000175808
9.29 0.000175619
9.295 0.000175429
9.3 0.00017524
9.305 0.000175052
9.31 0.000174863
9.315 0.000174675
9.32 0.000174488
9.325 0.0001743
9.33 0.000174113
9.335 0.000173926
9.34 0.00017374
9.345 0.000173553
9.35 0.000173367
9.355 0.000173182
9.36 0.000172996
9.365 0.000172811
9.37 0.000172627
9.375 0.000172442
9.38 0.000172258
9.385 0.000172074
9.39 0.00017189
9.395 0.000171707
9.4 0.000171524
9.405 0.000171341
9.41 0.000171159
9.415 0.000170977
9.42 0.000170795
9.425 0.000170614
9.43 0.000170432
9.435 0.000170251
9.44 0.000170071
9.445 0.00016989
9.45 0.00016971
9.455 0.00016953
9.46 0.000169351
9.465 0.000169172
9.47 0.000168993
9.475 0.000168814
9.48 0.000168635
9.485 0.000168457
9.49 0.00016828
9.495 0.000168102
9.5 0.000167925
9.505 0.000167748
9.51 0.000167571
9.515 0.000167395
9.52 0.000167218
9.525 0.000167043
9.53 0.000166867
9.535 0.000166692
9.54 0.000166517
9.545 0.000166342
9.55 0.000166167
9.555 0.000165993
9.56 0.000165819
9.565 0.000165646
9.57 0.000165472
9.575 0.000165299
9.58 0.000165126
9.585 0.000164954
9.59 0.000164781
9.595 0.000164609
9.6 0.000164437
9.605 0.000164266
9.61 0.000164095
9.615 0.000163924
9.62 0.000163753
9.625 0.000163583
9.63 0.000163412
9.635 0.000163243
9.64 0.000163073
9.645 0.000162904
9.65 0.000162734
9.655 0.000162566
9.66 0.000162397
9.665 0.000162229
9.67 0.000162061
9.675 0.000161893
9.68 0.000161725
9.685 0.000161558
9.69 0.000161391
9.695 0.000161224
9.7 0.000161058
9.705 0.000160891
9.71 0.000160725
9.715 0.00016056
9.72 0.000160394
9.725 0.000160229
9.73 0.000160064
9.735 0.000159899
9.74 0.000159735
9.745 0.000159571
9.75 0.000159407
9.755 0.000159243
9.76 0.00015908
9.765 0.000158916
9.77 0.000158753
9.775 0.000158591
9.78 0.000158428
9.785 0.000158266
9.79 0.000158104
9.795 0.000157943
9.8 0.000157781
9.805 0.00015762
9.81 0.000157459
9.815 0.000157298
9.82 0.000157138
9.825 0.000156978
9.83 0.000156818
9.835 0.000156658
9.84 0.000156498
9.845 0.000156339
9.85 0.00015618
9.855 0.000156021
9.86 0.000155863
9.865 0.000155705
9.87 0.000155547
9.875 0.000155389
9.88 0.000155231
9.885 0.000155074
9.89 0.000154917
9.895 0.00015476
9.9 0.000154603
9.905 0.000154447
9.91 0.000154291
9.915 0.000154135
9.92 0.000153979
9.925 0.000153824
9.93 0.000153669
9.935 0.000153514
9.94 0.000153359
9.945 0.000153205
9.95 0.00015305
9.955 0.000152896
9.96 0.000152743
9.965 0.000152589
9.97 0.000152436
9.975 0.000152283
9.98 0.00015213
9.985 0.000151977
9.99 0.000151825
9.995 0.000151673
