0 -nan
0.005 0.225249
0.01 0.226996
0.015 0.485945
0.02 0.0842467
0.025 0.438658
0.03 0.34246
0.035 0.120713
0.04 0.572862
0.045 0.0369502
0.05 0.254778
0.055 0.0633964
0.06 0.18202
0.065 0.500837
0.07 0.224533
0.075 0.00479558
0.08 0.0459056
0.085 0.0172231
0.09 0.21675
0.095 0.832135
0.1 0.502002
0.105 0.186315
0.11 0.90073
0.115 0.09349
0.12 0.867428
0.125 0.331641
0.13 0.393122
0.135 0.944518
0.14 0.121716
0.145 0.444981
0.15 0.988488
0.155 0.391299
0.16 0.0706464
0.165 0.642164
0.17 0.977956
0.175 0.551692
0.18 0.0769536
0.185 0.191996
0.19 0.683917
0.195 0.961935
0.2 0.770649
0.205 0.340099
0.21 0.0569549
0.215 0.11764
0.22 0.436493
0.225 0.776496
0.23 0.933367
0.235 0.842306
0.24 0.576485
0.245 0.277497
0.25 0.0755295
0.255 0.0384508
0.26 0.160747
0.265 0.382815
0.27 0.623297
0.275 0.809184
0.28 0.894942
0.285 0.868623
0.29 0.747469
0.295 0.567505
0.3 0.371563
0.305 0.198967
0.31 0.0786107
0.315 0.0258184
0.32 0.0424573
0.325 0.119331
0.33 0.239774
0.335 0.383516
0.34 0.530141
0.345 0.661754
0.35 0.764688
0.355 0.830305
0.36 0.855026
0.365 0.839782
0.37 0.789125
0.375 0.710156
0.38 0.611452
0.385 0.502083
0.39 0.390794
0.395 0.285385
0.4 0.192298
0.405 0.116387
0.41 0.0608506
0.415 0.0272937
0.42 0.0158819
0.425 0.0255577
0.43 0.0542893
0.435 0.0993281
0.44 0.157459
0.445 0.225227
0.45 0.299138
0.455 0.37582
0.46 0.45215
0.465 0.525355
0.47 0.593066
0.475 0.653354
0.48 0.704744
0.485 0.746198
0.49 0.777099
0.495 0.797205
0.5 0.806616
0.505 0.805717
0.51 0.795135
0.515 0.775688
0.52 0.748336
0.525 0.714139
0.53 0.674218
0.535 0.629719
0.54 0.581779
0.545 0.531506
0.55 0.479955
0.555 0.428113
0.56 0.376882
0.565 0.327079
0.57 0.27942
0.575 0.234528
0.58 0.192924
0.585 0.155034
0.59 0.121192
0.595 0.0916442
0.6 0.0665531
0.605 0.0460068
0.61 0.0300248
0.615 0.018565
0.62 0.0115312
0.625 0.00878008
0.63 0.0101286
0.635 0.0153601
0.64 0.0242311
0.645 0.0364768
0.65 0.0518167
0.655 0.0699595
0.66 0.0906078
0.665 0.113462
0.67 0.138222
0.675 0.164596
0.68 0.192294
0.685 0.22104
0.69 0.250566
0.695 0.280617
0.7 0.310953
0.705 0.341348
0.71 0.371592
0.715 0.401488
0.72 0.430859
0.725 0.459541
0.73 0.487388
0.735 0.514267
0.74 0.540062
0.745 0.564671
0.75 0.588007
0.755 0.609996
0.76 0.630576
0.765 0.649698
0.77 0.667325
0.775 0.68343
0.78 0.697996
0.785 0.711015
0.79 0.722488
0.795 0.732424
0.8 0.740837
0.805 0.74775
0.81 0.75319
0.815 0.757192
0.82 0.75979
0.825 0.761028
0.83 0.76095
0.835 0.759603
0.84 0.757038
0.845 0.753306
0.85 0.748461
0.855 0.742559
0.86 0.735655
0.865 0.727804
0.87 0.719065
0.875 0.709493
0.88 0.699145
0.885 0.688076
0.89 0.676342
0.895 0.663997
0.9 0.651094
0.905 0.637685
0.91 0.623822
0.915 0.609554
0.92 0.594929
0.925 0.579993
0.93 0.564793
0.935 0.54937
0.94 0.533767
0.945 0.518023
0.95 0.502179
0.955 0.486269
0.96 0.470328
0.965 0.454391
0.97 0.438489
0.975 0.422651
0.98 0.406907
0.985 0.391281
0.99 0.3758
0.995 0.360487
1 0.345364
1.005 0.330452
1.01 0.315769
1.015 0.301333
1.02 0.28716
1.025 0.273266
1.03 0.259664
1.035 0.246366
1.04 0.233385
1.045 0.220729
1.05 0.208409
1.055 0.196432
1.06 0.184805
1.065 0.173534
1.07 0.162626
1.075 0.152083
1.08 0.141911
1.085 0.13211
1.09 0.122685
1.095 0.113635
1.1 0.104962
1.105 0.0966653
1.11 0.0887452
1.115 0.0812005
1.12 0.0740294
1.125 0.06723
1.13 0.0607999
1.135 0.0547362
1.14 0.0490356
1.145 0.0436944
1.15 0.0387088
1.155 0.0340744
1.16 0.0297867
1.165 0.0258409
1.17 0.022232
1.175 0.0189547
1.18 0.0160035
1.185 0.0133728
1.19 0.0110569
1.195 0.00904977
1.2 0.00734545
1.205 0.00593777
1.21 0.00482049
1.215 0.0039873
1.22 0.00343184
1.225 0.00314767
1.23 0.00312833
1.235 0.00336735
1.24 0.00385821
1.245 0.00459441
1.25 0.00556945
1.255 0.00677682
1.26 0.00821007
1.265 0.00986273
1.27 0.0117284
1.275 0.0138007
1.28 0.0160734
1.285 0.0185401
1.29 0.0211946
1.295 0.0240308
1.3 0.0270427
1.305 0.0302241
1.31 0.0335693
1.315 0.0370722
1.32 0.0407273
1.325 0.0445286
1.33 0.0484708
1.335 0.0525481
1.34 0.0567553
1.345 0.061087
1.35 0.065538
1.355 0.0701031
1.36 0.0747772
1.365 0.0795554
1.37 0.084433
1.375 0.089405
1.38 0.0944669
1.385 0.099614
1.39 0.104842
1.395 0.110146
1.4 0.115523
1.405 0.120968
1.41 0.126477
1.415 0.132045
1.42 0.13767
1.425 0.143347
1.43 0.149073
1.435 0.154844
1.44 0.160656
1.445 0.166506
1.45 0.172391
1.455 0.178308
1.46 0.184253
1.465 0.190224
1.47 0.196217
1.475 0.202229
1.48 0.208258
1.485 0.214301
1.49 0.220356
1.495 0.226419
1.5 0.232488
1.505 0.238561
1.51 0.244636
1.515 0.25071
1.52 0.256781
1.525 0.262847
1.53 0.268906
1.535 0.274956
1.54 0.280995
1.545 0.287021
1.55 0.293032
1.555 0.299027
1.56 0.305004
1.565 0.310962
1.57 0.316898
1.575 0.322812
1.58 0.328701
1.585 0.334566
1.59 0.340403
1.595 0.346212
1.6 0.351993
1.605 0.357742
1.61 0.363461
1.615 0.369146
1.62 0.374798
1.625 0.380416
1.63 0.385998
1.635 0.391544
1.64 0.397052
1.645 0.402522
1.65 0.407953
1.655 0.413345
1.66 0.418697
1.665 0.424007
1.67 0.429276
1.675 0.434503
1.68 0.439687
1.685 0.444828
1.69 0.449926
1.695 0.454979
1.7 0.459987
1.705 0.46495
1.71 0.469868
1.715 0.474741
1.72 0.479567
1.725 0.484347
1.73 0.48908
1.735 0.493766
1.74 0.498406
1.745 0.502998
1.75 0.507542
1.755 0.512039
1.76 0.516488
1.765 0.52089
1.77 0.525243
1.775 0.529548
1.78 0.533805
1.785 0.538014
1.79 0.542175
1.795 0.546287
1.8 0.550351
1.805 0.554367
1.81 0.558335
1.815 0.562255
1.82 0.566127
1.825 0.569951
1.83 0.573726
1.835 0.577454
1.84 0.581135
1.845 0.584768
1.85 0.588353
1.855 0.591891
1.86 0.595382
1.865 0.598826
1.87 0.602223
1.875 0.605574
1.88 0.608878
1.885 0.612136
1.89 0.615348
1.895 0.618514
1.9 0.621634
1.905 0.624709
1.91 0.627739
1.915 0.630724
1.92 0.633665
1.925 0.63656
1.93 0.639412
1.935 0.64222
1.94 0.644984
1.945 0.647705
1.95 0.650382
1.955 0.653017
1.96 0.655609
1.965 0.658159
1.97 0.660667
1.975 0.663133
1.98 0.665558
1.985 0.667942
1.99 0.670285
1.995 0.672587
2 0.67485
2.005 0.677072
2.01 0.679254
2.015 0.681398
2.02 0.683502
2.025 0.685568
2.03 0.687595
2.035 0.689585
2.04 0.691536
2.045 0.69345
2.05 0.695327
2.055 0.697168
2.06 0.698971
2.065 0.700739
2.07 0.702471
2.075 0.704167
2.08 0.705828
2.085 0.707454
2.09 0.709046
2.095 0.710603
2.1 0.712126
2.105 0.713616
2.11 0.715073
2.115 0.716496
2.12 0.717887
2.125 0.719245
2.13 0.720572
2.135 0.721866
2.14 0.723129
2.145 0.724362
2.15 0.725563
2.155 0.726734
2.16 0.727874
2.165 0.728985
2.17 0.730066
2.175 0.731118
2.18 0.732141
2.185 0.733135
2.19 0.734101
2.195 0.735038
2.2 0.735948
2.205 0.736831
2.21 0.737686
2.215 0.738514
2.22 0.739316
2.225 0.740091
2.23 0.740841
2.235 0.741564
2.24 0.742262
2.245 0.742935
2.25 0.743583
2.255 0.744206
2.26 0.744805
2.265 0.74538
2.27 0.745931
2.275 0.746459
2.28 0.746963
2.285 0.747444
2.29 0.747902
2.295 0.748338
2.3 0.748752
2.305 0.749144
2.31 0.749514
2.315 0.749862
2.32 0.75019
2.325 0.750496
2.33 0.750782
2.335 0.751047
2.34 0.751292
2.345 0.751517
2.35 0.751722
2.355 0.751908
2.36 0.752074
2.365 0.752222
2.37 0.752351
2.375 0.752461
2.38 0.752552
2.385 0.752626
2.39 0.752682
2.395 0.75272
2.4 0.752741
2.405 0.752744
2.41 0.752731
2.415 0.7527
2.42 0.752653
2.425 0.75259
2.43 0.752511
2.435 0.752415
2.44 0.752304
2.445 0.752177
2.45 0.752035
2.455 0.751878
2.46 0.751706
2.465 0.751519
2.47 0.751318
2.475 0.751102
2.48 0.750872
2.485 0.750628
2.49 0.75037
2.495 0.750099
2.5 0.749814
2.505 0.749516
2.51 0.749205
2.515 0.748881
2.52 0.748544
2.525 0.748195
2.53 0.747834
2.535 0.74746
2.54 0.747074
2.545 0.746676
2.55 0.746267
2.555 0.745846
2.56 0.745414
2.565 0.74497
2.57 0.744515
2.575 0.74405
2.58 0.743574
2.585 0.743087
2.59 0.74259
2.595 0.742082
2.6 0.741564
2.605 0.741037
2.61 0.740499
2.615 0.739952
2.62 0.739395
2.625 0.738829
2.63 0.738253
2.635 0.737669
2.64 0.737075
2.645 0.736473
2.65 0.735862
2.655 0.735242
2.66 0.734613
2.665 0.733977
2.67 0.733332
2.675 0.732679
2.68 0.732018
2.685 0.731349
2.69 0.730673
2.695 0.729989
2.7 0.729297
2.705 0.728598
2.71 0.727892
2.715 0.727179
2.72 0.726459
2.725 0.725731
2.73 0.724997
2.735 0.724257
2.74 0.72351
2.745 0.722756
2.75 0.721996
2.755 0.72123
2.76 0.720457
2.765 0.719679
2.77 0.718894
2.775 0.718104
2.78 0.717308
2.785 0.716507
2.79 0.715699
2.795 0.714887
2.8 0.714069
2.805 0.713246
2.81 0.712417
2.815 0.711584
2.82 0.710746
2.825 0.709902
2.83 0.709054
2.835 0.708202
2.84 0.707344
2.845 0.706482
2.85 0.705616
2.855 0.704745
2.86 0.70387
2.865 0.702991
2.87 0.702107
2.875 0.70122
2.88 0.700328
2.885 0.699433
2.89 0.698534
2.895 0.697631
2.9 0.696725
2.905 0.695815
2.91 0.694901
2.915 0.693984
2.92 0.693064
2.925 0.69214
2.93 0.691213
2.935 0.690283
2.94 0.68935
2.945 0.688414
2.95 0.687474
2.955 0.686532
2.96 0.685587
2.965 0.68464
2.97 0.683689
2.975 0.682736
2.98 0.681781
2.985 0.680823
2.99 0.679862
2.995 0.678899
3 0.677934
3.005 0.676967
3.01 0.675997
3.015 0.675025
3.02 0.674051
3.025 0.673075
3.03 0.672097
3.035 0.671117
3.04 0.670135
3.045 0.669151
3.05 0.668166
3.055 0.667178
3.06 0.666189
3.065 0.665199
3.07 0.664207
3.075 0.663213
3.08 0.662218
3.085 0.661221
3.09 0.660223
3.095 0.659224
3.1 0.658223
3.105 0.657221
3.11 0.656218
3.115 0.655214
3.12 0.654208
3.125 0.653202
3.13 0.652194
3.135 0.651186
3.14 0.650176
3.145 0.649166
3.15 0.648155
3.155 0.647142
3.16 0.64613
3.165 0.645116
3.17 0.644101
3.175 0.643086
3.18 0.642071
3.185 0.641054
3.19 0.640037
3.195 0.63902
3.2 0.638002
3.205 0.636984
3.21 0.635965
3.215 0.634945
3.22 0.633926
3.225 0.632906
3.23 0.631886
3.235 0.630865
3.24 0.629844
3.245 0.628823
3.25 0.627802
3.255 0.626781
3.26 0.625759
3.265 0.624738
3.27 0.623716
3.275 0.622695
3.28 0.621673
3.285 0.620652
3.29 0.61963
3.295 0.618609
3.3 0.617587
3.305 0.616566
3.31 0.615545
3.315 0.614524
3.32 0.613504
3.325 0.612483
3.33 0.611463
3.335 0.610443
3.34 0.609424
3.345 0.608405
3.35 0.607386
3.355 0.606367
3.36 0.605349
3.365 0.604332
3.37 0.603314
3.375 0.602298
3.38 0.601281
3.385 0.600266
3.39 0.59925
3.395 0.598236
3.4 0.597222
3.405 0.596208
3.41 0.595195
3.415 0.594183
3.42 0.593172
3.425 0.592161
3.43 0.59115
3.435 0.590141
3.44 0.589132
3.445 0.588124
3.45 0.587117
3.455 0.58611
3.46 0.585104
3.465 0.584099
3.47 0.583095
3.475 0.582092
3.48 0.581089
3.485 0.580088
3.49 0.579087
3.495 0.578087
3.5 0.577088
3.505 0.57609
3.51 0.575093
3.515 0.574097
3.52 0.573102
3.525 0.572108
3.53 0.571115
3.535 0.570123
3.54 0.569132
3.545 0.568142
3.55 0.567153
3.555 0.566165
3.56 0.565178
3.565 0.564192
3.57 0.563208
3.575 0.562224
3.58 0.561242
3.585 0.56026
3.59 0.55928
3.595 0.558301
3.6 0.557324
3.605 0.556347
3.61 0.555371
3.615 0.554397
3.62 0.553424
3.625 0.552452
3.63 0.551482
3.635 0.550512
3.64 0.549544
3.645 0.548577
3.65 0.547612
3.655 0.546647
3.66 0.545684
3.665 0.544722
3.67 0.543762
3.675 0.542803
3.68 0.541845
3.685 0.540888
3.69 0.539933
3.695 0.538979
3.7 0.538027
3.705 0.537075
3.71 0.536126
3.715 0.535177
3.72 0.53423
3.725 0.533284
3.73 0.53234
3.735 0.531397
3.74 0.530456
3.745 0.529515
3.75 0.528577
3.755 0.527639
3.76 0.526703
3.765 0.525769
3.77 0.524836
3.775 0.523904
3.78 0.522974
3.785 0.522045
3.79 0.521118
3.795 0.520192
3.8 0.519268
3.805 0.518345
3.81 0.517424
3.815 0.516504
3.82 0.515585
3.825 0.514669
3.83 0.513753
3.835 0.512839
3.84 0.511927
3.845 0.511016
3.85 0.510106
3.855 0.509198
3.86 0.508292
3.865 0.507387
3.87 0.506484
3.875 0.505582
3.88 0.504681
3.885 0.503783
3.89 0.502885
3.895 0.50199
3.9 0.501095
3.905 0.500203
3.91 0.499312
3.915 0.498422
3.92 0.497534
3.925 0.496648
3.93 0.495763
3.935 0.494879
3.94 0.493997
3.945 0.493117
3.95 0.492239
3.955 0.491361
3.96 0.490486
3.965 0.489612
3.97 0.48874
3.975 0.487869
3.98 0.487
3.985 0.486132
3.99 0.485266
3.995 0.484401
4 0.483538
4.005 0.482677
4.01 0.481817
4.015 0.480959
4.02 0.480102
4.025 0.479247
4.03 0.478394
4.035 0.477542
4.04 0.476692
4.045 0.475843
4.05 0.474996
4.055 0.474151
4.06 0.473307
4.065 0.472465
4.07 0.471624
4.075 0.470785
4.08 0.469947
4.085 0.469111
4.09 0.468277
4.095 0.467444
4.1 0.466613
4.105 0.465784
4.11 0.464956
4.115 0.464129
4.12 0.463305
4.125 0.462482
4.13 0.46166
4.135 0.46084
4.14 0.460022
4.145 0.459205
4.15 0.45839
4.155 0.457576
4.16 0.456764
4.165 0.455954
4.17 0.455145
4.175 0.454338
4.18 0.453532
4.185 0.452728
4.19 0.451926
4.195 0.451125
4.2 0.450326
4.205 0.449528
4.21 0.448732
4.215 0.447937
4.22 0.447145
4.225 0.446353
4.23 0.445563
4.235 0.444775
4.24 0.443989
4.245 0.443204
4.25 0.44242
4.255 0.441639
4.26 0.440858
4.265 0.44008
4.27 0.439303
4.275 0.438527
4.28 0.437753
4.285 0.436981
4.29 0.43621
4.295 0.435441
4.3 0.434673
4.305 0.433907
4.31 0.433142
4.315 0.43238
4.32 0.431618
4.325 0.430858
4.33 0.4301
4.335 0.429343
4.34 0.428588
4.345 0.427835
4.35 0.427083
4.355 0.426332
4.36 0.425583
4.365 0.424836
4.37 0.42409
4.375 0.423346
4.38 0.422603
4.385 0.421862
4.39 0.421122
4.395 0.420384
4.4 0.419647
4.405 0.418912
4.41 0.418179
4.415 0.417447
4.42 0.416716
4.425 0.415987
4.43 0.41526
4.435 0.414534
4.44 0.413809
4.445 0.413087
4.45 0.412365
4.455 0.411645
4.46 0.410927
4.465 0.41021
4.47 0.409495
4.475 0.408781
4.48 0.408069
4.485 0.407358
4.49 0.406649
4.495 0.405941
4.5 0.405235
4.505 0.40453
4.51 0.403827
4.515 0.403125
4.52 0.402425
4.525 0.401726
4.53 0.401028
4.535 0.400332
4.54 0.399638
4.545 0.398945
4.55 0.398254
4.555 0.397564
4.56 0.396875
4.565 0.396188
4.57 0.395503
4.575 0.394818
4.58 0.394136
4.585 0.393455
4.59 0.392775
4.595 0.392097
4.6 0.39142
4.605 0.390744
4.61 0.39007
4.615 0.389398
4.62 0.388727
4.625 0.388057
4.63 0.387389
4.635 0.386722
4.64 0.386057
4.645 0.385393
4.65 0.384731
4.655 0.384069
4.66 0.38341
4.665 0.382752
4.67 0.382095
4.675 0.381439
4.68 0.380785
4.685 0.380133
4.69 0.379482
4.695 0.378832
4.7 0.378184
4.705 0.377537
4.71 0.376891
4.715 0.376247
4.72 0.375604
4.725 0.374963
4.73 0.374323
4.735 0.373684
4.74 0.373047
4.745 0.372411
4.75 0.371776
4.755 0.371143
4.76 0.370511
4.765 0.369881
4.77 0.369252
4.775 0.368624
4.78 0.367998
4.785 0.367373
4.79 0.366749
4.795 0.366127
4.8 0.365506
4.805 0.364887
4.81 0.364269
4.815 0.363652
4.82 0.363036
4.825 0.362422
4.83 0.361809
4.835 0.361197
4.84 0.360587
4.845 0.359978
4.85 0.359371
4.855 0.358764
4.86 0.358159
4.865 0.357556
4.87 0.356953
4.875 0.356352
4.88 0.355753
4.885 0.355154
4.89 0.354557
4.895 0.353961
4.9 0.353367
4.905 0.352774
4.91 0.352182
4.915 0.351591
4.92 0.351002
4.925 0.350414
4.93 0.349827
4.935 0.349241
4.94 0.348657
4.945 0.348074
4.95 0.347492
4.955 0.346912
4.96 0.346332
4.965 0.345755
4.97 0.345178
4.975 0.344602
4.98 0.344028
4.985 0.343455
4.99 0.342884
4.995 0.342313
5 0.341744
5.005 0.341176
5.01 0.340609
5.015 0.340044
5.02 0.339479
5.025 0.338916
5.03 0.338354
5.035 0.337794
5.04 0.337234
5.045 0.336676
5.05 0.336119
5.055 0.335564
5.06 0.335009
5.065 0.334456
5.07 0.333904
5.075 0.333353
5.08 0.332803
5.085 0.332254
5.09 0.331707
5.095 0.331161
5.1 0.330616
5.105 0.330072
5.11 0.329529
5.115 0.328988
5.12 0.328448
5.125 0.327909
5.13 0.327371
5.135 0.326834
5.14 0.326298
5.145 0.325764
5.15 0.325231
5.155 0.324698
5.16 0.324168
5.165 0.323638
5.17 0.323109
5.175 0.322582
5.18 0.322055
5.185 0.32153
5.19 0.321006
5.195 0.320483
5.2 0.319961
5.205 0.31944
5.21 0.318921
5.215 0.318402
5.22 0.317885
5.225 0.317369
5.23 0.316854
5.235 0.31634
5.24 0.315827
5.245 0.315315
5.25 0.314805
5.255 0.314295
5.26 0.313787
5.265 0.313279
5.27 0.312773
5.275 0.312268
5.28 0.311764
5.285 0.311261
5.29 0.310759
5.295 0.310259
5.3 0.309759
5.305 0.30926
5.31 0.308763
5.315 0.308266
5.32 0.307771
5.325 0.307277
5.33 0.306783
5.335 0.306291
5.34 0.3058
5.345 0.30531
5.35 0.304821
5.355 0.304333
5.36 0.303846
5.365 0.30336
5.37 0.302875
5.375 0.302392
5.38 0.301909
5.385 0.301427
5.39 0.300947
5.395 0.300467
5.4 0.299988
5.405 0.299511
5.41 0.299034
5.415 0.298559
5.42 0.298084
5.425 0.297611
5.43 0.297138
5.435 0.296667
5.44 0.296197
5.445 0.295727
5.45 0.295259
5.455 0.294791
5.46 0.294325
5.465 0.29386
5.47 0.293395
5.475 0.292932
5.48 0.29247
5.485 0.292008
5.49 0.291548
5.495 0.291088
5.5 0.29063
5.505 0.290172
5.51 0.289716
5.515 0.28926
5.52 0.288806
5.525 0.288352
5.53 0.2879
5.535 0.287448
5.54 0.286997
5.545 0.286548
5.55 0.286099
5.555 0.285651
5.56 0.285204
5.565 0.284758
5.57 0.284313
5.575 0.283869
5.58 0.283426
5.585 0.282984
5.59 0.282543
5.595 0.282103
5.6 0.281664
5.605 0.281225
5.61 0.280788
5.615 0.280352
5.62 0.279916
5.625 0.279481
5.63 0.279048
5.635 0.278615
5.64 0.278183
5.645 0.277752
5.65 0.277322
5.655 0.276893
5.66 0.276465
5.665 0.276037
5.67 0.275611
5.675 0.275186
5.68 0.274761
5.685 0.274337
5.69 0.273915
5.695 0.273493
5.7 0.273072
5.705 0.272652
5.71 0.272232
5.715 0.271814
5.72 0.271397
5.725 0.27098
5.73 0.270564
5.735 0.270149
5.74 0.269736
5.745 0.269322
5.75 0.26891
5.755 0.268499
5.76 0.268089
5.765 0.267679
5.77 0.26727
5.775 0.266862
5.78 0.266455
5.785 0.266049
5.79 0.265644
5.795 0.265239
5.8 0.264836
5.805 0.264433
5.81 0.264031
5.815 0.26363
5.82 0.26323
5.825 0.26283
5.83 0.262432
5.835 0.262034
5.84 0.261637
5.845 0.261241
5.85 0.260846
5.855 0.260452
5.86 0.260058
5.865 0.259665
5.87 0.259273
5.875 0.258882
5.88 0.258492
5.885 0.258103
5.89 0.257714
5.895 0.257326
5.9 0.256939
5.905 0.256553
5.91 0.256167
5.915 0.255783
5.92 0.255399
5.925 0.255016
5.93 0.254634
5.935 0.254252
5.94 0.253872
5.945 0.253492
5.95 0.253113
5.955 0.252734
5.96 0.252357
5.965 0.25198
5.97 0.251604
5.975 0.251229
5.98 0.250855
5.985 0.250481
5.99 0.250108
5.995 0.249736
6 0.249365
6.005 0.248994
6.01 0.248625
6.015 0.248256
6.02 0.247888
6.025 0.24752
6.03 0.247153
6.035 0.246787
6.04 0.246422
6.045 0.246058
6.05 0.245694
6.055 0.245331
6.06 0.244969
6.065 0.244608
6.07 0.244247
6.075 0.243887
6.08 0.243528
6.085 0.243169
6.09 0.242812
6.095 0.242455
6.1 0.242098
6.105 0.241743
6.11 0.241388
6.115 0.241034
6.12 0.240681
6.125 0.240328
6.13 0.239976
6.135 0.239625
6.14 0.239274
6.145 0.238925
6.15 0.238576
6.155 0.238227
6.16 0.23788
6.165 0.237533
6.17 0.237187
6.175 0.236841
6.18 0.236496
6.185 0.236152
6.19 0.235809
6.195 0.235466
6.2 0.235124
6.205 0.234783
6.21 0.234442
6.215 0.234102
6.22 0.233763
6.225 0.233425
6.23 0.233087
6.235 0.23275
6.24 0.232413
6.245 0.232077
6.25 0.231742
6.255 0.231408
6.26 0.231074
6.265 0.230741
6.27 0.230409
6.275 0.230077
6.28 0.229746
6.285 0.229416
6.29 0.229086
6.295 0.228757
6.3 0.228428
6.305 0.228101
6.31 0.227774
6.315 0.227447
6.32 0.227122
6.325 0.226796
6.33 0.226472
6.335 0.226148
6.34 0.225825
6.345 0.225503
6.35 0.225181
6.355 0.22486
6.36 0.224539
6.365 0.224219
6.37 0.2239
6.375 0.223581
6.38 0.223263
6.385 0.222946
6.39 0.222629
6.395 0.222313
6.4 0.221998
6.405 0.221683
6.41 0.221369
6.415 0.221055
6.42 0.220742
6.425 0.22043
6.43 0.220118
6.435 0.219807
6.44 0.219497
6.445 0.219187
6.45 0.218878
6.455 0.218569
6.46 0.218261
6.465 0.217954
6.47 0.217647
6.475 0.217341
6.48 0.217036
6.485 0.216731
6.49 0.216426
6.495 0.216123
6.5 0.21582
6.505 0.215517
6.51 0.215215
6.515 0.214914
6.52 0.214613
6.525 0.214313
6.53 0.214014
6.535 0.213715
6.54 0.213416
6.545 0.213119
6.55 0.212821
6.555 0.212525
6.56 0.212229
6.565 0.211933
6.57 0.211639
6.575 0.211344
6.58 0.211051
6.585 0.210758
6.59 0.210465
6.595 0.210173
6.6 0.209882
6.605 0.209591
6.61 0.209301
6.615 0.209011
6.62 0.208722
6.625 0.208434
6.63 0.208146
6.635 0.207858
6.64 0.207571
6.645 0.207285
6.65 0.207
6.655 0.206714
6.66 0.20643
6.665 0.206146
6.67 0.205862
6.675 0.205579
6.68 0.205297
6.685 0.205015
6.69 0.204734
6.695 0.204453
6.7 0.204173
6.705 0.203893
6.71 0.203614
6.715 0.203336
6.72 0.203058
6.725 0.20278
6.73 0.202503
6.735 0.202227
6.74 0.201951
6.745 0.201676
6.75 0.201401
6.755 0.201127
6.76 0.200853
6.765 0.20058
6.77 0.200307
6.775 0.200035
6.78 0.199764
6.785 0.199492
6.79 0.199222
6.795 0.198952
6.8 0.198682
6.805 0.198413
6.81 0.198145
6.815 0.197877
6.82 0.19761
6.825 0.197343
6.83 0.197076
6.835 0.19681
6.84 0.196545
6.845 0.19628
6.85 0.196016
6.855 0.195752
6.86 0.195488
6.865 0.195226
6.87 0.194963
6.875 0.194701
6.88 0.19444
6.885 0.194179
6.89 0.193919
6.895 0.193659
6.9 0.1934
6.905 0.193141
6.91 0.192882
6.915 0.192625
6.92 0.192367
6.925 0.19211
6.93 0.191854
6.935 0.191598
6.94 0.191343
6.945 0.191088
6.95 0.190833
6.955 0.190579
6.96 0.190326
6.965 0.190073
6.97 0.18982
6.975 0.189568
6.98 0.189317
6.985 0.189066
6.99 0.188815
6.995 0.188565
7 0.188315
7.005 0.188066
7.01 0.187817
7.015 0.187569
7.02 0.187321
7.025 0.187074
7.03 0.186827
7.035 0.186581
7.04 0.186335
7.045 0.186089
7.05 0.185844
7.055 0.1856
7.06 0.185356
7.065 0.185112
7.07 0.184869
7.075 0.184626
7.08 0.184384
7.085 0.184142
7.09 0.183901
7.095 0.18366
7.1 0.18342
7.105 0.18318
7.11 0.18294
7.115 0.182701
7.12 0.182462
7.125 0.182224
7.13 0.181987
7.135 0.181749
7.14 0.181512
7.145 0.181276
7.15 0.18104
7.155 0.180804
7.16 0.180569
7.165 0.180335
7.17 0.180101
7.175 0.179867
7.18 0.179633
7.185 0.1794
7.19 0.179168
7.195 0.178936
7.2 0.178704
7.205 0.178473
7.21 0.178242
7.215 0.178012
7.22 0.177782
7.225 0.177553
7.23 0.177324
7.235 0.177095
7.24 0.176867
7.245 0.176639
7.25 0.176412
7.255 0.176185
7.26 0.175958
7.265 0.175732
7.27 0.175506
7.275 0.175281
7.28 0.175056
7.285 0.174832
7.29 0.174608
7.295 0.174384
7.3 0.174161
7.305 0.173938
7.31 0.173716
7.315 0.173494
7.32 0.173272
7.325 0.173051
7.33 0.17283
7.335 0.17261
7.34 0.17239
7.345 0.172171
7.35 0.171952
7.355 0.171733
7.36 0.171514
7.365 0.171296
7.37 0.171079
7.375 0.170862
7.38 0.170645
7.385 0.170429
7.39 0.170213
7.395 0.169997
7.4 0.169782
7.405 0.169567
7.41 0.169353
7.415 0.169139
7.42 0.168925
7.425 0.168712
7.43 0.168499
7.435 0.168287
7.44 0.168075
7.445 0.167863
7.45 0.167652
7.455 0.167441
7.46 0.16723
7.465 0.16702
7.47 0.16681
7.475 0.166601
7.48 0.166392
7.485 0.166183
7.49 0.165975
7.495 0.165767
7.5 0.16556
7.505 0.165353
7.51 0.165146
7.515 0.164939
7.52 0.164733
7.525 0.164528
7.53 0.164322
7.535 0.164118
7.54 0.163913
7.545 0.163709
7.55 0.163505
7.555 0.163302
7.56 0.163099
7.565 0.162896
7.57 0.162693
7.575 0.162492
7.58 0.16229
7.585 0.162089
7.59 0.161888
7.595 0.161687
7.6 0.161487
7.605 0.161287
7.61 0.161088
7.615 0.160889
7.62 0.16069
7.625 0.160491
7.63 0.160293
7.635 0.160096
7.64 0.159898
7.645 0.159701
7.65 0.159505
7.655 0.159308
7.66 0.159112
7.665 0.158917
7.67 0.158722
7.675 0.158527
7.68 0.158332
7.685 0.158138
7.69 0.157944
7.695 0.157751
7.7 0.157557
7.705 0.157365
7.71 0.157172
7.715 0.15698
7.72 0.156788
7.725 0.156597
7.73 0.156405
7.735 0.156215
7.74 0.156024
7.745 0.155834
7.75 0.155644
7.755 0.155455
7.76 0.155266
7.765 0.155077
7.77 0.154888
7.775 0.1547
7.78 0.154512
7.785 0.154325
7.79 0.154138
7.795 0.153951
7.8 0.153764
7.805 0.153578
7.81 0.153392
7.815 0.153207
7.82 0.153022
7.825 0.152837
7.83 0.152652
7.835 0.152468
7.84 0.152284
7.845 0.152101
7.85 0.151917
7.855 0.151734
7.86 0.151552
7.865 0.15137
7.87 0.151188
7.875 0.151006
7.88 0.150825
7.885 0.150643
7.89 0.150463
7.895 0.150282
7.9 0.150102
7.905 0.149922
7.91 0.149743
7.915 0.149564
7.92 0.149385
7.925 0.149206
7.93 0.149028
7.935 0.14885
7.94 0.148673
7.945 0.148495
7.95 0.148318
7.955 0.148142
7.96 0.147965
7.965 0.147789
7.97 0.147613
7.975 0.147438
7.98 0.147263
7.985 0.147088
7.99 0.146913
7.995 0.146739
8 0.146565
8.005 0.146391
8.01 0.146218
8.015 0.146045
8.02 0.145872
8.025 0.1457
8.03 0.145527
8.035 0.145356
8.04 0.145184
8.045 0.145013
8.05 0.144842
8.055 0.144671
8.06 0.1445
8.065 0.14433
8.07 0.14416
8.075 0.143991
8.08 0.143822
8.085 0.143653
8.09 0.143484
8.095 0.143316
8.1 0.143147
8.105 0.14298
8.11 0.142812
8.115 0.142645
8.12 0.142478
8.125 0.142311
8.13 0.142145
8.135 0.141979
8.14 0.141813
8.145 0.141647
8.15 0.141482
8.155 0.141317
8.16 0.141152
8.165 0.140988
8.17 0.140824
8.175 0.14066
8.18 0.140496
8.185 0.140333
8.19 0.14017
8.195 0.140007
8.2 0.139844
8.205 0.139682
8.21 0.13952
8.215 0.139358
8.22 0.139197
8.225 0.139036
8.23 0.138875
8.235 0.138714
8.24 0.138554
8.245 0.138394
8.25 0.138234
8.255 0.138075
8.26 0.137915
8.265 0.137756
8.27 0.137598
8.275 0.137439
8.28 0.137281
8.285 0.137123
8.29 0.136965
8.295 0.136808
8.3 0.136651
8.305 0.136494
8.31 0.136337
8.315 0.136181
8.32 0.136025
8.325 0.135869
8.33 0.135713
8.335 0.135558
8.34 0.135403
8.345 0.135248
8.35 0.135094
8.355 0.134939
8.36 0.134785
8.365 0.134632
8.37 0.134478
8.375 0.134325
8.38 0.134172
8.385 0.134019
8.39 0.133866
8.395 0.133714
8.4 0.133562
8.405 0.13341
8.41 0.133259
8.415 0.133108
8.42 0.132957
8.425 0.132806
8.43 0.132655
8.435 0.132505
8.44 0.132355
8.445 0.132205
8.45 0.132056
8.455 0.131907
8.46 0.131758
8.465 0.131609
8.47 0.13146
8.475 0.131312
8.48 0.131164
8.485 0.131016
8.49 0.130869
8.495 0.130721
8.5 0.130574
8.505 0.130427
8.51 0.130281
8.515 0.130134
8.52 0.129988
8.525 0.129842
8.53 0.129697
8.535 0.129551
8.54 0.129406
8.545 0.129261
8.55 0.129117
8.555 0.128972
8.56 0.128828
8.565 0.128684
8.57 0.12854
8.575 0.128397
8.58 0.128253
8.585 0.12811
8.59 0.127968
8.595 0.127825
8.6 0.127683
8.605 0.12754
8.61 0.127399
8.615 0.127257
8.62 0.127116
8.625 0.126974
8.63 0.126833
8.635 0.126693
8.64 0.126552
8.645 0.126412
8.65 0.126272
8.655 0.126132
8.66 0.125992
8.665 0.125853
8.67 0.125714
8.675 0.125575
8.68 0.125436
8.685 0.125298
8.69 0.125159
8.695 0.125021
8.7 0.124883
8.705 0.124746
8.71 0.124608
8.715 0.124471
8.72 0.124334
8.725 0.124198
8.73 0.124061
8.735 0.123925
8.74 0.123789
8.745 0.123653
8.75 0.123517
8.755 0.123382
8.76 0.123247
8.765 0.123112
8.77 0.122977
8.775 0.122842
8.78 0.122708
8.785 0.122574
8.79 0.12244
8.795 0.122306
8.8 0.122173
8.805 0.12204
8.81 0.121907
8.815 0.121774
8.82 0.121641
8.825 0.121509
8.83 0.121377
8.835 0.121245
8.84 0.121113
8.845 0.120981
8.85 0.12085
8.855 0.120719
8.86 0.120588
8.865 0.120457
8.87 0.120326
8.875 0.120196
8.88 0.120066
8.885 0.119936
8.89 0.119806
8.895 0.119677
8.9 0.119548
8.905 0.119418
8.91 0.11929
8.915 0.119161
8.92 0.119032
8.925 0.118904
8.93 0.118776
8.935 0.118648
8.94 0.11852
8.945 0.118393
8.95 0.118266
8.955 0.118139
8.96 0.118012
8.965 0.117885
8.97 0.117758
8.975 0.117632
8.98 0.117506
8.985 0.11738
8.99 0.117255
8.995 0.117129
9 0.117004
9.005 0.116879
9.01 0.116754
9.015 0.116629
9.02 0.116504
9.025 0.11638
9.03 0.116256
9.035 0.116132
9.04 0.116008
9.045 0.115885
9.05 0.115761
9.055 0.115638
9.06 0.115515
9.065 0.115392
9.07 0.11527
9.075 0.115147
9.08 0.115025
9.085 0.114903
9.09 0.114781
9.095 0.11466
9.1 0.114538
9.105 0.114417
9.11 0.114296
9.115 0.114175
9.12 0.114054
9.125 0.113934
9.13 0.113813
9.135 0.113693
9.14 0.113573
9.145 0.113454
9.15 0.113334
9.155 0.113215
9.16 0.113095
9.165 0.112976
9.17 0.112857
9.175 0.112739
9.18 0.11262
9.185 0.112502
9.19 0.112384
9.195 0.112266
9.2 0.112148
9.205 0.112031
9.21 0.111913
9.215 0.111796
9.22 0.111679
9.225 0.111562
9.23 0.111445
9.235 0.111329
9.24 0.111212
9.245 0.111096
9.25 0.11098
9.255 0.110865
9.26 0.110749
9.265 0.110634
9.27 0.110518
9.275 0.110403
9.28 0.110288
9.285 0.110174
9.29 0.110059
9.295 0.109945
9.3 0.10983
9.305 0.109716
9.31 0.109602
9.315 0.109489
9.32 0.109375
9.325 0.109262
9.33 0.109149
9.335 0.109036
9.34 0.108923
9.345 0.10881
9.35 0.108698
9.355 0.108585
9.36 0.108473
9.365 0.108361
9.37 0.108249
9.375 0.108138
9.38 0.108026
9.385 0.107915
9.39 0.107804
9.395 0.107693
9.4 0.107582
9.405 0.107471
9.41 0.107361
9.415 0.107251
9.42 0.10714
9.425 0.107031
9.43 0.106921
9.435 0.106811
9.44 0.106702
9.445 0.106592
9.45 0.106483
9.455 0.106374
9.46 0.106265
9.465 0.106157
9.47 0.106048
9.475 0.10594
9.48 0.105832
9.485 0.105724
9.49 0.105616
9.495 0.105508
9.5 0.105401
9.505 0.105293
9.51 0.105186
9.515 0.105079
9.52 0.104972
9.525 0.104865
9.53 0.104759
9.535 0.104652
9.54 0.104546
9.545 0.10444
9.55 0.104334
9.555 0.104228
9.56 0.104123
9.565 0.104017
9.57 0.103912
9.575 0.103807
9.58 0.103702
9.585 0.103597
9.59 0.103492
9.595 0.103388
9.6 0.103283
9.605 0.103179
9.61 0.103075
9.615 0.102971
9.62 0.102867
9.625 0.102764
9.63 0.10266
9.635 0.102557
9.64 0.102454
9.645 0.102351
9.65 0.102248
9.655 0.102145
9.66 0.102043
9.665 0.101941
9.67 0.101838
9.675 0.101736
9.68 0.101634
9.685 0.101532
9.69 0.101431
9.695 0.101329
9.7 0.101228
9.705 0.101127
9.71 0.101026
9.715 0.100925
9.72 0.100824
9.725 0.100724
9.73 0.100623
9.735 0.100523
9.74 0.100423
9.745 0.100323
9.75 0.100223
9.755 0.100123
9.76 0.100024
9.765 0.0999241
9.77 0.0998248
9.775 0.0997257
9.78 0.0996267
9.785 0.0995278
9.79 0.0994291
9.795 0.0993306
9.8 0.0992322
9.805 0.0991339
9.81 0.0990358
9.815 0.0989378
9.82 0.0988399
9.825 0.0987422
9.83 0.0986447
9.835 0.0985473
9.84 0.09845
9.845 0.0983529
9.85 0.0982559
9.855 0.098159
9.86 0.0980623
9.865 0.0979657
9.87 0.0978693
9.875 0.097773
9.88 0.0976768
9.885 0.0975808
9.89 0.0974849
9.895 0.0973892
9.9 0.0972936
9.905 0.0971981
9.91 0.0971028
9.915 0.0970076
9.92 0.0969126
9.925 0.0968177
9.93 0.0967229
9.935 0.0966282
9.94 0.0965337
9.945 0.0964394
9.95 0.0963451
9.955 0.096251
9.96 0.0961571
9.965 0.0960632
9.97 0.0959695
9.975 0.095876
9.98 0.0957826
9.985 0.0956893
9.99 0.0955961
9.995 0.0955031
