0 -nan
0.005 0.0489309
0.01 0.0811557
0.015 0.353681
0.02 0.418745
0.025 0.0800936
0.03 0.828336
0.035 0.818775
0.04 0.401123
0.045 0.131856
0.05 0.0893702
0.055 0.183169
0.06 0.32553
0.065 0.465625
0.07 0.581424
0.075 0.667119
0.08 0.72448
0.085 0.758084
0.09 0.773018
0.095 0.773901
0.1 0.76457
0.105 0.748064
0.11 0.726711
0.115 0.702263
0.12 0.676014
0.125 0.648908
0.13 0.621619
0.135 0.594625
0.14 0.568254
0.145 0.542724
0.15 0.518175
0.155 0.494685
0.16 0.472293
0.165 0.451006
0.17 0.430812
0.175 0.411682
0.18 0.393579
0.185 0.376461
0.19 0.360279
0.195 0.344987
0.2 0.330536
0.205 0.316877
0.21 0.303965
0.215 0.291754
0.22 0.280203
0.225 0.26927
0.23 0.258918
0.235 0.24911
0.24 0.239814
0.245 0.230996
0.25 0.222628
0.255 0.214681
0.26 0.207131
0.265 0.199952
0.27 0.193123
0.275 0.186622
0.28 0.18043
0.285 0.174529
0.29 0.168901
0.295 0.163531
0.3 0.158404
0.305 0.153506
0.31 0.148825
0.315 0.144347
0.32 0.140063
0.325 0.135961
0.33 0.132031
0.335 0.128265
0.34 0.124653
0.345 0.121188
0.35 0.117862
0.355 0.114667
0.36 0.111598
0.365 0.108648
0.37 0.10581
0.375 0.10308
0.38 0.100452
0.385 0.0979218
0.39 0.0954837
0.395 0.0931339
0.4 0.0908682
0.405 0.0886828
0.41 0.0865738
0.415 0.084538
0.42 0.082572
0.425 0.0806726
0.43 0.0788371
0.435 0.0770625
0.44 0.0753463
0.445 0.073686
0.45 0.0720792
0.455 0.0705237
0.46 0.0690173
0.465 0.067558
0.47 0.0661439
0.475 0.0647732
0.48 0.0634442
0.485 0.0621551
0.49 0.0609045
0.495 0.0596909
0.5 0.0585127
0.505 0.0573687
0.51 0.0562576
0.515 0.0551781
0.52 0.054129
0.525 0.0531093
0.53 0.0521178
0.535 0.0511536
0.54 0.0502156
0.545 0.049303
0.55 0.0484148
0.555 0.0475501
0.56 0.0467082
0.565 0.0458883
0.57 0.0450896
0.575 0.0443114
0.58 0.043553
0.585 0.0428138
0.59 0.042093
0.595 0.0413902
0.6 0.0407047
0.605 0.0400359
0.61 0.0393834
0.615 0.0387466
0.62 0.038125
0.625 0.0375181
0.63 0.0369255
0.635 0.0363467
0.64 0.0357814
0.645 0.035229
0.65 0.0346893
0.655 0.0341618
0.66 0.0336461
0.665 0.033142
0.67 0.032649
0.675 0.0321669
0.68 0.0316954
0.685 0.031234
0.69 0.0307826
0.695 0.0303409
0.7 0.0299086
0.705 0.0294853
0.71 0.029071
0.715 0.0286653
0.72 0.0282679
0.725 0.0278787
0.73 0.0274975
0.735 0.027124
0.74 0.026758
0.745 0.0263994
0.75 0.0260478
0.755 0.0257032
0.76 0.0253654
0.765 0.0250341
0.77 0.0247093
0.775 0.0243907
0.78 0.0240782
0.785 0.0237717
0.79 0.0234709
0.795 0.0231758
0.8 0.0228862
0.805 0.022602
0.81 0.022323
0.815 0.0220491
0.82 0.0217803
0.825 0.0215162
0.83 0.021257
0.835 0.0210023
0.84 0.0207523
0.845 0.0205066
0.85 0.0202652
0.855 0.0200281
0.86 0.0197951
0.865 0.0195661
0.87 0.0193411
0.875 0.0191199
0.88 0.0189024
0.885 0.0186887
0.89 0.0184785
0.895 0.0182718
0.9 0.0180686
0.905 0.0178687
0.91 0.0176722
0.915 0.0174788
0.92 0.0172886
0.925 0.0171015
0.93 0.0169173
0.935 0.0167362
0.94 0.0165579
0.945 0.0163824
0.95 0.0162097
0.955 0.0160397
0.96 0.0158724
0.965 0.0157077
0.97 0.0155455
0.975 0.0153858
0.98 0.0152285
0.985 0.0150736
0.99 0.0149211
0.995 0.0147709
1 0.0146229
1.005 0.0144771
1.01 0.0143335
1.015 0.014192
1.02 0.0140526
1.025 0.0139152
1.03 0.0137799
1.035 0.0136465
1.04 0.013515
1.045 0.0133854
1.05 0.0132576
1.055 0.0131317
1.06 0.0130075
1.065 0.0128851
1.07 0.0127644
1.075 0.0126454
1.08 0.0125281
1.085 0.0124124
1.09 0.0122982
1.095 0.0121856
1.1 0.0120746
1.105 0.0119651
1.11 0.011857
1.115 0.0117504
1.12 0.0116453
1.125 0.0115415
1.13 0.0114391
1.135 0.0113381
1.14 0.0112384
1.145 0.01114
1.15 0.0110428
1.155 0.010947
1.16 0.0108524
1.165 0.010759
1.17 0.0106668
1.175 0.0105758
1.18 0.0104859
1.185 0.0103972
1.19 0.0103096
1.195 0.0102231
1.2 0.0101377
1.205 0.0100533
1.21 0.00996999
1.215 0.00988771
1.22 0.00980644
1.225 0.00972617
1.23 0.00964687
1.235 0.00956855
1.24 0.00949116
1.245 0.00941472
1.25 0.00933919
1.255 0.00926456
1.26 0.00919083
1.265 0.00911797
1.27 0.00904597
1.275 0.00897482
1.28 0.0089045
1.285 0.00883501
1.29 0.00876632
1.295 0.00869843
1.3 0.00863133
1.305 0.008565
1.31 0.00849942
1.315 0.0084346
1.32 0.00837052
1.325 0.00830716
1.33 0.00824451
1.335 0.00818258
1.34 0.00812133
1.345 0.00806077
1.35 0.00800089
1.355 0.00794166
1.36 0.0078831
1.365 0.00782517
1.37 0.00776788
1.375 0.00771122
1.38 0.00765517
1.385 0.00759974
1.39 0.0075449
1.395 0.00749065
1.4 0.00743698
1.405 0.00738389
1.41 0.00733137
1.415 0.0072794
1.42 0.00722798
1.425 0.0071771
1.43 0.00712676
1.435 0.00707694
1.44 0.00702765
1.445 0.00697887
1.45 0.00693059
1.455 0.00688281
1.46 0.00683552
1.465 0.00678872
1.47 0.0067424
1.475 0.00669655
1.48 0.00665116
1.485 0.00660624
1.49 0.00656176
1.495 0.00651774
1.5 0.00647415
1.505 0.006431
1.51 0.00638828
1.515 0.00634598
1.52 0.0063041
1.525 0.00626264
1.53 0.00622158
1.535 0.00618092
1.54 0.00614066
1.545 0.00610079
1.55 0.00606131
1.555 0.00602221
1.56 0.00598349
1.565 0.00594514
1.57 0.00590715
1.575 0.00586953
1.58 0.00583226
1.585 0.00579535
1.59 0.00575879
1.595 0.00572257
1.6 0.0056867
1.605 0.00565116
1.61 0.00561595
1.615 0.00558106
1.62 0.00554651
1.625 0.00551227
1.63 0.00547835
1.635 0.00544473
1.64 0.00541143
1.645 0.00537843
1.65 0.00534574
1.655 0.00531333
1.66 0.00528123
1.665 0.00524941
1.67 0.00521788
1.675 0.00518663
1.68 0.00515566
1.685 0.00512497
1.69 0.00509455
1.695 0.0050644
1.7 0.00503452
1.705 0.0050049
1.71 0.00497554
1.715 0.00494644
1.72 0.00491759
1.725 0.00488899
1.73 0.00486064
1.735 0.00483254
1.74 0.00480468
1.745 0.00477706
1.75 0.00474968
1.755 0.00472253
1.76 0.00469562
1.765 0.00466893
1.77 0.00464247
1.775 0.00461624
1.78 0.00459022
1.785 0.00456443
1.79 0.00453885
1.795 0.00451348
1.8 0.00448833
1.805 0.00446339
1.81 0.00443865
1.815 0.00441412
1.82 0.0043898
1.825 0.00436567
1.83 0.00434174
1.835 0.004318
1.84 0.00429446
1.845 0.00427112
1.85 0.00424796
1.855 0.00422499
1.86 0.0042022
1.865 0.0041796
1.87 0.00415718
1.875 0.00413494
1.88 0.00411288
1.885 0.004091
1.89 0.00406929
1.895 0.00404775
1.9 0.00402638
1.905 0.00400518
1.91 0.00398414
1.915 0.00396327
1.92 0.00394257
1.925 0.00392203
1.93 0.00390164
1.935 0.00388142
1.94 0.00386135
1.945 0.00384144
1.95 0.00382168
1.955 0.00380207
1.96 0.00378261
1.965 0.00376331
1.97 0.00374414
1.975 0.00372513
1.98 0.00370626
1.985 0.00368753
1.99 0.00366895
1.995 0.0036505
2 0.00363219
2.005 0.00361402
2.01 0.00359599
2.015 0.00357809
2.02 0.00356032
2.025 0.00354269
2.03 0.00352518
2.035 0.00350781
2.04 0.00349056
2.045 0.00347344
2.05 0.00345645
2.055 0.00343958
2.06 0.00342283
2.065 0.00340621
2.07 0.0033897
2.075 0.00337332
2.08 0.00335705
2.085 0.0033409
2.09 0.00332487
2.095 0.00330895
2.1 0.00329315
2.105 0.00327746
2.11 0.00326188
2.115 0.00324641
2.12 0.00323105
2.125 0.0032158
2.13 0.00320066
2.135 0.00318563
2.14 0.0031707
2.145 0.00315587
2.15 0.00314115
2.155 0.00312653
2.16 0.00311201
2.165 0.0030976
2.17 0.00308328
2.175 0.00306906
2.18 0.00305494
2.185 0.00304092
2.19 0.00302699
2.195 0.00301316
2.2 0.00299943
2.205 0.00298579
2.21 0.00297224
2.215 0.00295878
2.22 0.00294541
2.225 0.00293214
2.23 0.00291895
2.235 0.00290585
2.24 0.00289284
2.245 0.00287992
2.25 0.00286708
2.255 0.00285433
2.26 0.00284166
2.265 0.00282908
2.27 0.00281658
2.275 0.00280417
2.28 0.00279183
2.285 0.00277958
2.29 0.00276741
2.295 0.00275531
2.3 0.0027433
2.305 0.00273137
2.31 0.00271951
2.315 0.00270773
2.32 0.00269602
2.325 0.00268439
2.33 0.00267284
2.335 0.00266136
2.34 0.00264996
2.345 0.00263862
2.35 0.00262736
2.355 0.00261617
2.36 0.00260506
2.365 0.00259401
2.37 0.00258304
2.375 0.00257213
2.38 0.00256129
2.385 0.00255052
2.39 0.00253982
2.395 0.00252919
2.4 0.00251862
2.405 0.00250812
2.41 0.00249768
2.415 0.00248731
2.42 0.002477
2.425 0.00246676
2.43 0.00245658
2.435 0.00244646
2.44 0.00243641
2.445 0.00242642
2.45 0.00241649
2.455 0.00240661
2.46 0.0023968
2.465 0.00238705
2.47 0.00237736
2.475 0.00236773
2.48 0.00235816
2.485 0.00234864
2.49 0.00233918
2.495 0.00232978
2.5 0.00232044
2.505 0.00231115
2.51 0.00230192
2.515 0.00229274
2.52 0.00228362
2.525 0.00227455
2.53 0.00226553
2.535 0.00225657
2.54 0.00224766
2.545 0.00223881
2.55 0.00223
2.555 0.00222125
2.56 0.00221255
2.565 0.0022039
2.57 0.0021953
2.575 0.00218675
2.58 0.00217826
2.585 0.00216981
2.59 0.00216141
2.595 0.00215306
2.6 0.00214475
2.605 0.0021365
2.61 0.00212829
2.615 0.00212013
2.62 0.00211201
2.625 0.00210395
2.63 0.00209593
2.635 0.00208795
2.64 0.00208002
2.645 0.00207214
2.65 0.0020643
2.655 0.0020565
2.66 0.00204875
2.665 0.00204104
2.67 0.00203338
2.675 0.00202575
2.68 0.00201818
2.685 0.00201064
2.69 0.00200314
2.695 0.00199569
2.7 0.00198828
2.705 0.00198091
2.71 0.00197358
2.715 0.00196629
2.72 0.00195905
2.725 0.00195184
2.73 0.00194467
2.735 0.00193754
2.74 0.00193045
2.745 0.0019234
2.75 0.00191639
2.755 0.00190941
2.76 0.00190248
2.765 0.00189558
2.77 0.00188872
2.775 0.00188189
2.78 0.00187511
2.785 0.00186836
2.79 0.00186164
2.795 0.00185497
2.8 0.00184832
2.805 0.00184172
2.81 0.00183515
2.815 0.00182861
2.82 0.00182211
2.825 0.00181564
2.83 0.00180921
2.835 0.00180281
2.84 0.00179645
2.845 0.00179012
2.85 0.00178382
2.855 0.00177756
2.86 0.00177133
2.865 0.00176513
2.87 0.00175896
2.875 0.00175283
2.88 0.00174673
2.885 0.00174066
2.89 0.00173462
2.895 0.00172861
2.9 0.00172264
2.905 0.00171669
2.91 0.00171078
2.915 0.00170489
2.92 0.00169904
2.925 0.00169322
2.93 0.00168742
2.935 0.00168166
2.94 0.00167592
2.945 0.00167022
2.95 0.00166454
2.955 0.0016589
2.96 0.00165328
2.965 0.00164769
2.97 0.00164213
2.975 0.00163659
2.98 0.00163109
2.985 0.00162561
2.99 0.00162016
2.995 0.00161474
3 0.00160934
3.005 0.00160397
3.01 0.00159863
3.015 0.00159331
3.02 0.00158803
3.025 0.00158276
3.03 0.00157753
3.035 0.00157232
3.04 0.00156713
3.045 0.00156197
3.05 0.00155684
3.055 0.00155173
3.06 0.00154665
3.065 0.00154159
3.07 0.00153655
3.075 0.00153155
3.08 0.00152656
3.085 0.0015216
3.09 0.00151666
3.095 0.00151175
3.1 0.00150686
3.105 0.001502
3.11 0.00149716
3.115 0.00149234
3.12 0.00148754
3.125 0.00148277
3.13 0.00147802
3.135 0.0014733
3.14 0.0014686
3.145 0.00146391
3.15 0.00145926
3.155 0.00145462
3.16 0.00145001
3.165 0.00144541
3.17 0.00144084
3.175 0.00143629
3.18 0.00143177
3.185 0.00142726
3.19 0.00142278
3.195 0.00141831
3.2 0.00141387
3.205 0.00140945
3.21 0.00140505
3.215 0.00140066
3.22 0.0013963
3.225 0.00139196
3.23 0.00138765
3.235 0.00138335
3.24 0.00137907
3.245 0.00137481
3.25 0.00137057
3.255 0.00136635
3.26 0.00136214
3.265 0.00135796
3.27 0.0013538
3.275 0.00134966
3.28 0.00134553
3.285 0.00134143
3.29 0.00133734
3.295 0.00133327
3.3 0.00132922
3.305 0.00132519
3.31 0.00132118
3.315 0.00131718
3.32 0.00131321
3.325 0.00130925
3.33 0.00130531
3.335 0.00130138
3.34 0.00129748
3.345 0.00129359
3.35 0.00128972
3.355 0.00128587
3.36 0.00128203
3.365 0.00127821
3.37 0.00127441
3.375 0.00127063
3.38 0.00126686
3.385 0.00126311
3.39 0.00125937
3.395 0.00125566
3.4 0.00125195
3.405 0.00124827
3.41 0.0012446
3.415 0.00124095
3.42 0.00123731
3.425 0.00123369
3.43 0.00123008
3.435 0.0012265
3.44 0.00122292
3.445 0.00121936
3.45 0.00121582
3.455 0.0012123
3.46 0.00120878
3.465 0.00120529
3.47 0.00120181
3.475 0.00119834
3.48 0.00119489
3.485 0.00119145
3.49 0.00118803
3.495 0.00118462
3.5 0.00118123
3.505 0.00117785
3.51 0.00117449
3.515 0.00117114
3.52 0.00116781
3.525 0.00116449
3.53 0.00116118
3.535 0.00115789
3.54 0.00115461
3.545 0.00115135
3.55 0.0011481
3.555 0.00114486
3.56 0.00114164
3.565 0.00113843
3.57 0.00113523
3.575 0.00113205
3.58 0.00112888
3.585 0.00112572
3.59 0.00112258
3.595 0.00111945
3.6 0.00111634
3.605 0.00111323
3.61 0.00111014
3.615 0.00110706
3.62 0.001104
3.625 0.00110095
3.63 0.00109791
3.635 0.00109488
3.64 0.00109187
3.645 0.00108886
3.65 0.00108587
3.655 0.0010829
3.66 0.00107993
3.665 0.00107698
3.67 0.00107404
3.675 0.00107111
3.68 0.00106819
3.685 0.00106529
3.69 0.00106239
3.695 0.00105951
3.7 0.00105664
3.705 0.00105378
3.71 0.00105094
3.715 0.0010481
3.72 0.00104528
3.725 0.00104247
3.73 0.00103967
3.735 0.00103688
3.74 0.0010341
3.745 0.00103133
3.75 0.00102858
3.755 0.00102583
3.76 0.0010231
3.765 0.00102037
3.77 0.00101766
3.775 0.00101496
3.78 0.00101227
3.785 0.00100959
3.79 0.00100692
3.795 0.00100426
3.8 0.00100161
3.805 0.000998974
3.81 0.000996346
3.815 0.000993729
3.82 0.000991122
3.825 0.000988526
3.83 0.000985939
3.835 0.000983363
3.84 0.000980797
3.845 0.000978241
3.85 0.000975695
3.855 0.000973158
3.86 0.000970632
3.865 0.000968115
3.87 0.000965609
3.875 0.000963111
3.88 0.000960624
3.885 0.000958146
3.89 0.000955678
3.895 0.000953219
3.9 0.00095077
3.905 0.00094833
3.91 0.0009459
3.915 0.000943479
3.92 0.000941067
3.925 0.000938665
3.93 0.000936271
3.935 0.000933887
3.94 0.000931512
3.945 0.000929146
3.95 0.000926789
3.955 0.00092444
3.96 0.000922101
3.965 0.000919771
3.97 0.000917449
3.975 0.000915137
3.98 0.000912833
3.985 0.000910537
3.99 0.000908251
3.995 0.000905972
4 0.000903703
4.005 0.000901442
4.01 0.000899189
4.015 0.000896945
4.02 0.00089471
4.025 0.000892482
4.03 0.000890263
4.035 0.000888052
4.04 0.00088585
4.045 0.000883655
4.05 0.000881469
4.055 0.000879291
4.06 0.000877121
4.065 0.000874959
4.07 0.000872805
4.075 0.000870659
4.08 0.00086852
4.085 0.00086639
4.09 0.000864267
4.095 0.000862153
4.1 0.000860046
4.105 0.000857946
4.11 0.000855855
4.115 0.000853771
4.12 0.000851694
4.125 0.000849626
4.13 0.000847564
4.135 0.00084551
4.14 0.000843464
4.145 0.000841425
4.15 0.000839394
4.155 0.000837369
4.16 0.000835353
4.165 0.000833343
4.17 0.000831341
4.175 0.000829345
4.18 0.000827358
4.185 0.000825377
4.19 0.000823403
4.195 0.000821436
4.2 0.000819477
4.205 0.000817524
4.21 0.000815578
4.215 0.00081364
4.22 0.000811708
4.225 0.000809783
4.23 0.000807865
4.235 0.000805953
4.24 0.000804049
4.245 0.000802151
4.25 0.00080026
4.255 0.000798376
4.26 0.000796498
4.265 0.000794627
4.27 0.000792762
4.275 0.000790904
4.28 0.000789053
4.285 0.000787208
4.29 0.000785369
4.295 0.000783537
4.3 0.000781711
4.305 0.000779892
4.31 0.000778079
4.315 0.000776273
4.32 0.000774472
4.325 0.000772678
4.33 0.00077089
4.335 0.000769108
4.34 0.000767333
4.345 0.000765564
4.35 0.0007638
4.355 0.000762043
4.36 0.000760292
4.365 0.000758547
4.37 0.000756808
4.375 0.000755075
4.38 0.000753347
4.385 0.000751626
4.39 0.000749911
4.395 0.000748201
4.4 0.000746498
4.405 0.0007448
4.41 0.000743108
4.415 0.000741421
4.42 0.000739741
4.425 0.000738066
4.43 0.000736397
4.435 0.000734733
4.44 0.000733075
4.445 0.000731423
4.45 0.000729776
4.455 0.000728135
4.46 0.000726499
4.465 0.000724869
4.47 0.000723245
4.475 0.000721625
4.48 0.000720012
4.485 0.000718403
4.49 0.0007168
4.495 0.000715203
4.5 0.00071361
4.505 0.000712023
4.51 0.000710442
4.515 0.000708865
4.52 0.000707294
4.525 0.000705728
4.53 0.000704167
4.535 0.000702612
4.54 0.000701061
4.545 0.000699516
4.55 0.000697976
4.555 0.000696441
4.56 0.00069491
4.565 0.000693385
4.57 0.000691865
4.575 0.00069035
4.58 0.00068884
4.585 0.000687335
4.59 0.000685835
4.595 0.00068434
4.6 0.000682849
4.605 0.000681364
4.61 0.000679883
4.615 0.000678407
4.62 0.000676936
4.625 0.00067547
4.63 0.000674008
4.635 0.000672551
4.64 0.000671099
4.645 0.000669652
4.65 0.000668209
4.655 0.000666771
4.66 0.000665338
4.665 0.000663909
4.67 0.000662485
4.675 0.000661065
4.68 0.00065965
4.685 0.000658239
4.69 0.000656833
4.695 0.000655432
4.7 0.000654035
4.705 0.000652642
4.71 0.000651254
4.715 0.00064987
4.72 0.000648491
4.725 0.000647116
4.73 0.000645746
4.735 0.000644379
4.74 0.000643017
4.745 0.00064166
4.75 0.000640307
4.755 0.000638958
4.76 0.000637613
4.765 0.000636272
4.77 0.000634936
4.775 0.000633604
4.78 0.000632276
4.785 0.000630953
4.79 0.000629633
4.795 0.000628318
4.8 0.000627006
4.805 0.000625699
4.81 0.000624396
4.815 0.000623097
4.82 0.000621802
4.825 0.000620511
4.83 0.000619224
4.835 0.000617941
4.84 0.000616662
4.845 0.000615387
4.85 0.000614116
4.855 0.000612849
4.86 0.000611586
4.865 0.000610326
4.87 0.000609071
4.875 0.000607819
4.88 0.000606572
4.885 0.000605328
4.89 0.000604088
4.895 0.000602851
4.9 0.000601619
4.905 0.00060039
4.91 0.000599165
4.915 0.000597944
4.92 0.000596727
4.925 0.000595513
4.93 0.000594303
4.935 0.000593097
4.94 0.000591894
4.945 0.000590695
4.95 0.0005895
4.955 0.000588308
4.96 0.00058712
4.965 0.000585935
4.97 0.000584754
4.975 0.000583577
4.98 0.000582403
4.985 0.000581233
4.99 0.000580066
4.995 0.000578903
5 0.000577743
5.005 0.000576586
5.01 0.000575434
5.015 0.000574284
5.02 0.000573138
5.025 0.000571996
5.03 0.000570857
5.035 0.000569721
5.04 0.000568589
5.045 0.00056746
5.05 0.000566334
5.055 0.000565212
5.06 0.000564093
5.065 0.000562977
5.07 0.000561865
5.075 0.000560756
5.08 0.00055965
5.085 0.000558548
5.09 0.000557449
5.095 0.000556353
5.1 0.00055526
5.105 0.000554171
5.11 0.000553084
5.115 0.000552001
5.12 0.000550921
5.125 0.000549844
5.13 0.000548771
5.135 0.0005477
5.14 0.000546633
5.145 0.000545569
5.15 0.000544508
5.155 0.00054345
5.16 0.000542395
5.165 0.000541343
5.17 0.000540294
5.175 0.000539248
5.18 0.000538205
5.185 0.000537166
5.19 0.000536129
5.195 0.000535095
5.2 0.000534065
5.205 0.000533037
5.21 0.000532012
5.215 0.00053099
5.22 0.000529971
5.225 0.000528955
5.23 0.000527942
5.235 0.000526932
5.24 0.000525925
5.245 0.00052492
5.25 0.000523919
5.255 0.00052292
5.26 0.000521925
5.265 0.000520932
5.27 0.000519942
5.275 0.000518954
5.28 0.00051797
5.285 0.000516988
5.29 0.000516009
5.295 0.000515033
5.3 0.00051406
5.305 0.000513089
5.31 0.000512121
5.315 0.000511156
5.32 0.000510194
5.325 0.000509234
5.33 0.000508277
5.335 0.000507323
5.34 0.000506371
5.345 0.000505422
5.35 0.000504476
5.355 0.000503533
5.36 0.000502592
5.365 0.000501653
5.37 0.000500718
5.375 0.000499785
5.38 0.000498854
5.385 0.000497926
5.39 0.000497001
5.395 0.000496078
5.4 0.000495158
5.405 0.000494241
5.41 0.000493326
5.415 0.000492413
5.42 0.000491503
5.425 0.000490596
5.43 0.000489691
5.435 0.000488788
5.44 0.000487888
5.445 0.000486991
5.45 0.000486096
5.455 0.000485203
5.46 0.000484313
5.465 0.000483426
5.47 0.00048254
5.475 0.000481658
5.48 0.000480777
5.485 0.000479899
5.49 0.000479024
5.495 0.000478151
5.5 0.00047728
5.505 0.000476412
5.51 0.000475546
5.515 0.000474682
5.52 0.000473821
5.525 0.000472962
5.53 0.000472105
5.535 0.000471251
5.54 0.000470399
5.545 0.000469549
5.55 0.000468702
5.555 0.000467857
5.56 0.000467014
5.565 0.000466174
5.57 0.000465335
5.575 0.000464499
5.58 0.000463666
5.585 0.000462834
5.59 0.000462005
5.595 0.000461178
5.6 0.000460353
5.605 0.00045953
5.61 0.00045871
5.615 0.000457892
5.62 0.000457076
5.625 0.000456262
5.63 0.00045545
5.635 0.000454641
5.64 0.000453833
5.645 0.000453028
5.65 0.000452225
5.655 0.000451424
5.66 0.000450625
5.665 0.000449829
5.67 0.000449034
5.675 0.000448242
5.68 0.000447451
5.685 0.000446663
5.69 0.000445877
5.695 0.000445093
5.7 0.000444311
5.705 0.000443531
5.71 0.000442753
5.715 0.000441977
5.72 0.000441203
5.725 0.000440431
5.73 0.000439661
5.735 0.000438893
5.74 0.000438128
5.745 0.000437364
5.75 0.000436602
5.755 0.000435842
5.76 0.000435084
5.765 0.000434329
5.77 0.000433575
5.775 0.000432823
5.78 0.000432073
5.785 0.000431325
5.79 0.000430579
5.795 0.000429835
5.8 0.000429092
5.805 0.000428352
5.81 0.000427614
5.815 0.000426877
5.82 0.000426143
5.825 0.00042541
5.83 0.000424679
5.835 0.00042395
5.84 0.000423223
5.845 0.000422498
5.85 0.000421775
5.855 0.000421053
5.86 0.000420334
5.865 0.000419616
5.87 0.0004189
5.875 0.000418186
5.88 0.000417474
5.885 0.000416763
5.89 0.000416055
5.895 0.000415348
5.9 0.000414643
5.905 0.00041394
5.91 0.000413238
5.915 0.000412538
5.92 0.000411841
5.925 0.000411144
5.93 0.00041045
5.935 0.000409757
5.94 0.000409067
5.945 0.000408377
5.95 0.00040769
5.955 0.000407005
5.96 0.000406321
5.965 0.000405638
5.97 0.000404958
5.975 0.000404279
5.98 0.000403602
5.985 0.000402927
5.99 0.000402253
5.995 0.000401581
6 0.000400911
6.005 0.000400242
6.01 0.000399575
6.015 0.00039891
6.02 0.000398246
6.025 0.000397584
6.03 0.000396924
6.035 0.000396266
6.04 0.000395608
6.045 0.000394953
6.05 0.000394299
6.055 0.000393647
6.06 0.000392997
6.065 0.000392348
6.07 0.0003917
6.075 0.000391055
6.08 0.000390411
6.085 0.000389768
6.09 0.000389127
6.095 0.000388488
6.1 0.00038785
6.105 0.000387214
6.11 0.000386579
6.115 0.000385946
6.12 0.000385314
6.125 0.000384684
6.13 0.000384056
6.135 0.000383429
6.14 0.000382804
6.145 0.00038218
6.15 0.000381558
6.155 0.000380937
6.16 0.000380317
6.165 0.0003797
6.17 0.000379083
6.175 0.000378469
6.18 0.000377855
6.185 0.000377243
6.19 0.000376633
6.195 0.000376024
6.2 0.000375417
6.205 0.000374811
6.21 0.000374207
6.215 0.000373604
6.22 0.000373002
6.225 0.000372402
6.23 0.000371804
6.235 0.000371206
6.24 0.000370611
6.245 0.000370016
6.25 0.000369423
6.255 0.000368832
6.26 0.000368242
6.265 0.000367653
6.27 0.000367066
6.275 0.00036648
6.28 0.000365896
6.285 0.000365313
6.29 0.000364731
6.295 0.000364151
6.3 0.000363572
6.305 0.000362995
6.31 0.000362419
6.315 0.000361844
6.32 0.000361271
6.325 0.000360699
6.33 0.000360128
6.335 0.000359559
6.34 0.000358991
6.345 0.000358424
6.35 0.000357859
6.355 0.000357295
6.36 0.000356733
6.365 0.000356171
6.37 0.000355612
6.375 0.000355053
6.38 0.000354496
6.385 0.00035394
6.39 0.000353385
6.395 0.000352832
6.4 0.00035228
6.405 0.000351729
6.41 0.000351179
6.415 0.000350631
6.42 0.000350084
6.425 0.000349539
6.43 0.000348994
6.435 0.000348451
6.44 0.000347909
6.445 0.000347369
6.45 0.000346829
6.455 0.000346291
6.46 0.000345755
6.465 0.000345219
6.47 0.000344685
6.475 0.000344152
6.48 0.00034362
6.485 0.000343089
6.49 0.00034256
6.495 0.000342032
6.5 0.000341505
6.505 0.000340979
6.51 0.000340455
6.515 0.000339931
6.52 0.000339409
6.525 0.000338888
6.53 0.000338369
6.535 0.00033785
6.54 0.000337333
6.545 0.000336817
6.55 0.000336302
6.555 0.000335788
6.56 0.000335276
6.565 0.000334764
6.57 0.000334254
6.575 0.000333745
6.58 0.000333237
6.585 0.00033273
6.59 0.000332225
6.595 0.00033172
6.6 0.000331217
6.605 0.000330715
6.61 0.000330214
6.615 0.000329714
6.62 0.000329215
6.625 0.000328718
6.63 0.000328221
6.635 0.000327726
6.64 0.000327231
6.645 0.000326738
6.65 0.000326246
6.655 0.000325755
6.66 0.000325266
6.665 0.000324777
6.67 0.000324289
6.675 0.000323803
6.68 0.000323318
6.685 0.000322833
6.69 0.00032235
6.695 0.000321868
6.7 0.000321387
6.705 0.000320907
6.71 0.000320428
6.715 0.00031995
6.72 0.000319473
6.725 0.000318998
6.73 0.000318523
6.735 0.00031805
6.74 0.000317577
6.745 0.000317106
6.75 0.000316635
6.755 0.000316166
6.76 0.000315698
6.765 0.00031523
6.77 0.000314764
6.775 0.000314299
6.78 0.000313835
6.785 0.000313371
6.79 0.000312909
6.795 0.000312448
6.8 0.000311988
6.805 0.000311529
6.81 0.000311071
6.815 0.000310614
6.82 0.000310158
6.825 0.000309703
6.83 0.000309249
6.835 0.000308796
6.84 0.000308344
6.845 0.000307893
6.85 0.000307443
6.855 0.000306993
6.86 0.000306545
6.865 0.000306098
6.87 0.000305652
6.875 0.000305207
6.88 0.000304763
6.885 0.00030432
6.89 0.000303877
6.895 0.000303436
6.9 0.000302996
6.905 0.000302556
6.91 0.000302118
6.915 0.00030168
6.92 0.000301244
6.925 0.000300808
6.93 0.000300374
6.935 0.00029994
6.94 0.000299507
6.945 0.000299075
6.95 0.000298644
6.955 0.000298215
6.96 0.000297786
6.965 0.000297357
6.97 0.00029693
6.975 0.000296504
6.98 0.000296079
6.985 0.000295654
6.99 0.000295231
6.995 0.000294808
7 0.000294386
7.005 0.000293966
7.01 0.000293546
7.015 0.000293127
7.02 0.000292709
7.025 0.000292291
7.03 0.000291875
7.035 0.00029146
7.04 0.000291045
7.045 0.000290632
7.05 0.000290219
7.055 0.000289807
7.06 0.000289396
7.065 0.000288986
7.07 0.000288576
7.075 0.000288168
7.08 0.00028776
7.085 0.000287354
7.09 0.000286948
7.095 0.000286543
7.1 0.000286139
7.105 0.000285736
7.11 0.000285333
7.115 0.000284932
7.12 0.000284531
7.125 0.000284131
7.13 0.000283732
7.135 0.000283334
7.14 0.000282937
7.145 0.00028254
7.15 0.000282145
7.155 0.00028175
7.16 0.000281356
7.165 0.000280963
7.17 0.00028057
7.175 0.000280179
7.18 0.000279788
7.185 0.000279398
7.19 0.000279009
7.195 0.000278621
7.2 0.000278233
7.205 0.000277847
7.21 0.000277461
7.215 0.000277076
7.22 0.000276691
7.225 0.000276308
7.23 0.000275925
7.235 0.000275544
7.24 0.000275162
7.245 0.000274782
7.25 0.000274403
7.255 0.000274024
7.26 0.000273646
7.265 0.000273269
7.27 0.000272893
7.275 0.000272517
7.28 0.000272142
7.285 0.000271768
7.29 0.000271395
7.295 0.000271022
7.3 0.000270651
7.305 0.00027028
7.31 0.00026991
7.315 0.00026954
7.32 0.000269171
7.325 0.000268803
7.33 0.000268436
7.335 0.00026807
7.34 0.000267704
7.345 0.000267339
7.35 0.000266975
7.355 0.000266612
7.36 0.000266249
7.365 0.000265887
7.37 0.000265526
7.375 0.000265165
7.38 0.000264806
7.385 0.000264447
7.39 0.000264088
7.395 0.000263731
7.4 0.000263374
7.405 0.000263018
7.41 0.000262662
7.415 0.000262308
7.42 0.000261954
7.425 0.000261601
7.43 0.000261248
7.435 0.000260896
7.44 0.000260545
7.445 0.000260195
7.45 0.000259845
7.455 0.000259496
7.46 0.000259148
7.465 0.0002588
7.47 0.000258453
7.475 0.000258107
7.48 0.000257762
7.485 0.000257417
7.49 0.000257073
7.495 0.000256729
7.5 0.000256387
7.505 0.000256045
7.51 0.000255703
7.515 0.000255363
7.52 0.000255023
7.525 0.000254683
7.53 0.000254345
7.535 0.000254007
7.54 0.000253669
7.545 0.000253333
7.55 0.000252997
7.555 0.000252662
7.56 0.000252327
7.565 0.000251993
7.57 0.00025166
7.575 0.000251327
7.58 0.000250995
7.585 0.000250664
7.59 0.000250333
7.595 0.000250003
7.6 0.000249674
7.605 0.000249345
7.61 0.000249017
7.615 0.00024869
7.62 0.000248363
7.625 0.000248037
7.63 0.000247711
7.635 0.000247387
7.64 0.000247062
7.645 0.000246739
7.65 0.000246416
7.655 0.000246094
7.66 0.000245772
7.665 0.000245451
7.67 0.000245131
7.675 0.000244811
7.68 0.000244492
7.685 0.000244173
7.69 0.000243855
7.695 0.000243538
7.7 0.000243221
7.705 0.000242905
7.71 0.00024259
7.715 0.000242275
7.72 0.000241961
7.725 0.000241647
7.73 0.000241334
7.735 0.000241022
7.74 0.00024071
7.745 0.000240399
7.75 0.000240088
7.755 0.000239778
7.76 0.000239469
7.765 0.00023916
7.77 0.000238852
7.775 0.000238545
7.78 0.000238238
7.785 0.000237931
7.79 0.000237625
7.795 0.00023732
7.8 0.000237016
7.805 0.000236712
7.81 0.000236408
7.815 0.000236105
7.82 0.000235803
7.825 0.000235501
7.83 0.0002352
7.835 0.0002349
7.84 0.0002346
7.845 0.0002343
7.85 0.000234002
7.855 0.000233703
7.86 0.000233406
7.865 0.000233108
7.87 0.000232812
7.875 0.000232516
7.88 0.000232221
7.885 0.000231926
7.89 0.000231631
7.895 0.000231338
7.9 0.000231044
7.905 0.000230752
7.91 0.00023046
7.915 0.000230168
7.92 0.000229877
7.925 0.000229587
7.93 0.000229297
7.935 0.000229008
7.94 0.000228719
7.945 0.000228431
7.95 0.000228143
7.955 0.000227856
7.96 0.000227569
7.965 0.000227283
7.97 0.000226998
7.975 0.000226713
7.98 0.000226429
7.985 0.000226145
7.99 0.000225861
7.995 0.000225578
8 0.000225296
8.005 0.000225014
8.01 0.000224733
8.015 0.000224452
8.02 0.000224172
8.025 0.000223893
8.03 0.000223613
8.035 0.000223335
8.04 0.000223057
8.045 0.000222779
8.05 0.000222502
8.055 0.000222226
8.06 0.00022195
8.065 0.000221674
8.07 0.000221399
8.075 0.000221125
8.08 0.000220851
8.085 0.000220577
8.09 0.000220304
8.095 0.000220032
8.1 0.00021976
8.105 0.000219488
8.11 0.000219217
8.115 0.000218947
8.12 0.000218677
8.125 0.000218407
8.13 0.000218139
8.135 0.00021787
8.14 0.000217602
8.145 0.000217335
8.15 0.000217068
8.155 0.000216801
8.16 0.000216535
8.165 0.00021627
8.17 0.000216005
8.175 0.00021574
8.18 0.000215476
8.185 0.000215213
8.19 0.00021495
8.195 0.000214687
8.2 0.000214425
8.205 0.000214163
8.21 0.000213902
8.215 0.000213641
8.22 0.000213381
8.225 0.000213121
8.23 0.000212862
8.235 0.000212603
8.24 0.000212345
8.245 0.000212087
8.25 0.00021183
8.255 0.000211573
8.26 0.000211317
8.265 0.000211061
8.27 0.000210805
8.275 0.00021055
8.28 0.000210296
8.285 0.000210041
8.29 0.000209788
8.295 0.000209535
8.3 0.000209282
8.305 0.00020903
8.31 0.000208778
8.315 0.000208526
8.32 0.000208276
8.325 0.000208025
8.33 0.000207775
8.335 0.000207525
8.34 0.000207276
8.345 0.000207028
8.35 0.00020678
8.355 0.000206532
8.36 0.000206284
8.365 0.000206038
8.37 0.000205791
8.375 0.000205545
8.38 0.0002053
8.385 0.000205054
8.39 0.00020481
8.395 0.000204566
8.4 0.000204322
8.405 0.000204078
8.41 0.000203835
8.415 0.000203593
8.42 0.000203351
8.425 0.000203109
8.43 0.000202868
8.435 0.000202627
8.44 0.000202387
8.445 0.000202147
8.45 0.000201908
8.455 0.000201669
8.46 0.00020143
8.465 0.000201192
8.47 0.000200954
8.475 0.000200716
8.48 0.00020048
8.485 0.000200243
8.49 0.000200007
8.495 0.000199771
8.5 0.000199536
8.505 0.000199301
8.51 0.000199067
8.515 0.000198833
8.52 0.000198599
8.525 0.000198366
8.53 0.000198133
8.535 0.000197901
8.54 0.000197669
8.545 0.000197437
8.55 0.000197206
8.555 0.000196975
8.56 0.000196745
8.565 0.000196515
8.57 0.000196285
8.575 0.000196056
8.58 0.000195827
8.585 0.000195599
8.59 0.000195371
8.595 0.000195143
8.6 0.000194916
8.605 0.000194689
8.61 0.000194463
8.615 0.000194237
8.62 0.000194012
8.625 0.000193786
8.63 0.000193562
8.635 0.000193337
8.64 0.000193113
8.645 0.00019289
8.65 0.000192666
8.655 0.000192444
8.66 0.000192221
8.665 0.000191999
8.67 0.000191777
8.675 0.000191556
8.68 0.000191335
8.685 0.000191115
8.69 0.000190894
8.695 0.000190675
8.7 0.000190455
8.705 0.000190236
8.71 0.000190018
8.715 0.000189799
8.72 0.000189581
8.725 0.000189364
8.73 0.000189147
8.735 0.00018893
8.74 0.000188714
8.745 0.000188498
8.75 0.000188282
8.755 0.000188067
8.76 0.000187852
8.765 0.000187637
8.77 0.000187423
8.775 0.000187209
8.78 0.000186996
8.785 0.000186783
8.79 0.00018657
8.795 0.000186358
8.8 0.000186146
8.805 0.000185934
8.81 0.000185723
8.815 0.000185512
8.82 0.000185301
8.825 0.000185091
8.83 0.000184881
8.835 0.000184672
8.84 0.000184463
8.845 0.000184254
8.85 0.000184045
8.855 0.000183837
8.86 0.00018363
8.865 0.000183422
8.87 0.000183215
8.875 0.000183009
8.88 0.000182802
8.885 0.000182596
8.89 0.000182391
8.895 0.000182185
8.9 0.00018198
8.905 0.000181776
8.91 0.000181572
8.915 0.000181368
8.92 0.000181164
8.925 0.000180961
8.93 0.000180758
8.935 0.000180556
8.94 0.000180354
8.945 0.000180152
8.95 0.00017995
8.955 0.000179749
8.96 0.000179548
8.965 0.000179348
8.97 0.000179148
8.975 0.000178948
8.98 0.000178748
8.985 0.000178549
8.99 0.00017835
8.995 0.000178152
9 0.000177954
9.005 0.000177756
9.01 0.000177558
9.015 0.000177361
9.02 0.000177164
9.025 0.000176968
9.03 0.000176772
9.035 0.000176576
9.04 0.00017638
9.045 0.000176185
9.05 0.00017599
9.055 0.000175796
9.06 0.000175601
9.065 0.000175408
9.07 0.000175214
9.075 0.000175021
9.08 0.000174828
9.085 0.000174635
9.09 0.000174443
9.095 0.000174251
9.1 0.000174059
9.105 0.000173868
9.11 0.000173677
9.115 0.000173486
9.12 0.000173296
9.125 0.000173105
9.13 0.000172916
9.135 0.000172726
9.14 0.000172537
9.145 0.000172348
9.15 0.00017216
9.155 0.000171971
9.16 0.000171783
9.165 0.000171596
9.17 0.000171408
9.175 0.000171221
9.18 0.000171035
9.185 0.000170848
9.19 0.000170662
9.195 0.000170476
9.2 0.000170291
9.205 0.000170106
9.21 0.000169921
9.215 0.000169736
9.22 0.000169552
9.225 0.000169368
9.23 0.000169184
9.235 0.000169001
9.24 0.000168818
9.245 0.000168635
9.25 0.000168453
9.255 0.00016827
9.26 0.000168089
9.265 0.000167907
9.27 0.000167726
9.275 0.000167545
9.28 0.000167364
9.285 0.000167183
9.29 0.000167003
9.295 0.000166823
9.3 0.000166644
9.305 0.000166465
9.31 0.000166286
9.315 0.000166107
9.32 0.000165929
9.325 0.00016575
9.33 0.000165573
9.335 0.000165395
9.34 0.000165218
9.345 0.000165041
9.35 0.000164864
9.355 0.000164688
9.36 0.000164512
9.365 0.000164336
9.37 0.00016416
9.375 0.000163985
9.38 0.00016381
9.385 0.000163635
9.39 0.000163461
9.395 0.000163287
9.4 0.000163113
9.405 0.000162939
9.41 0.000162766
9.415 0.000162593
9.42 0.00016242
9.425 0.000162247
9.43 0.000162075
9.435 0.000161903
9.44 0.000161732
9.445 0.00016156
9.45 0.000161389
9.455 0.000161218
9.46 0.000161048
9.465 0.000160877
9.47 0.000160707
9.475 0.000160537
9.48 0.000160368
9.485 0.000160199
9.49 0.00016003
9.495 0.000159861
9.5 0.000159693
9.505 0.000159524
9.51 0.000159357
9.515 0.000159189
9.52 0.000159021
9.525 0.000158854
9.53 0.000158688
9.535 0.000158521
9.54 0.000158355
9.545 0.000158189
9.55 0.000158023
9.555 0.000157857
9.56 0.000157692
9.565 0.000157527
9.57 0.000157362
9.575 0.000157198
9.58 0.000157033
9.585 0.000156869
9.59 0.000156706
9.595 0.000156542
9.6 0.000156379
9.605 0.000156216
9.61 0.000156053
9.615 0.000155891
9.62 0.000155729
9.625 0.000155567
9.63 0.000155405
9.635 0.000155243
9.64 0.000155082
9.645 0.000154921
9.65 0.000154761
9.655 0.0001546
9.66 0.00015444
9.665 0.00015428
9.67 0.00015412
9.675 0.000153961
9.68 0.000153802
9.685 0.000153643
9.69 0.000153484
9.695 0.000153326
9.7 0.000153167
9.705 0.000153009
9.71 0.000152852
9.715 0.000152694
9.72 0.000152537
9.725 0.00015238
9.73 0.000152223
9.735 0.000152067
9.74 0.00015191
9.745 0.000151754
9.75 0.000151599
9.755 0.000151443
9.76 0.000151288
9.765 0.000151133
9.77 0.000150978
9.775 0.000150823
9.78 0.000150669
9.785 0.000150515
9.79 0.000150361
9.795 0.000150207
9.8 0.000150054
9.805 0.0001499
9.81 0.000149748
9.815 0.000149595
9.82 0.000149442
9.825 0.00014929
9.83 0.000149138
9.835 0.000148986
9.84 0.000148835
9.845 0.000148683
9.85 0.000148532
9.855 0.000148381
9.86 0.000148231
9.865 0.00014808
9.87 0.00014793
9.875 0.00014778
9.88 0.000147631
9.885 0.000147481
9.89 0.000147332
9.895 0.000147183
9.9 0.000147034
9.905 0.000146885
9.91 0.000146737
9.915 0.000146589
9.92 0.000146441
9.925 0.000146293
9.93 0.000146146
9.935 0.000145999
9.94 0.000145852
9.945 0.000145705
9.95 0.000145558
9.955 0.000145412
9.96 0.000145266
9.965 0.00014512
9.97 0.000144974
9.975 0.000144829
9.98 0.000144683
9.985 0.000144538
9.99 0.000144394
9.995 0.000144249
