0 -nan
0.005 0.247088
0.01 0.226523
0.015 0.585668
0.02 0.0784992
0.025 0.524825
0.03 0.304139
0.035 0.0703834
0.04 0.443932
0.045 0.0814098
0.05 0.27402
0.055 0.136672
0.06 0.293602
0.065 0.50597
0.07 0.341658
0.075 0.0183088
0.08 0.0297853
0.085 0.0340965
0.09 0.323143
0.095 0.922046
0.1 0.43152
0.105 0.282269
0.11 0.871454
0.115 0.159955
0.12 0.807103
0.125 0.445861
0.13 0.295395
0.135 0.987664
0.14 0.198487
0.145 0.33205
0.15 0.98253
0.155 0.509391
0.16 0.0473797
0.165 0.510282
0.17 0.96228
0.175 0.665988
0.18 0.139347
0.185 0.105329
0.19 0.540183
0.195 0.906121
0.2 0.844235
0.205 0.46128
0.21 0.111749
0.215 0.0536333
0.22 0.289064
0.225 0.63052
0.23 0.864064
0.235 0.875667
0.24 0.684535
0.245 0.400443
0.25 0.15286
0.255 0.0332178
0.26 0.0694194
0.265 0.231134
0.27 0.453425
0.275 0.664615
0.28 0.808266
0.285 0.854778
0.29 0.802803
0.295 0.673371
0.3 0.500453
0.305 0.321238
0.31 0.168289
0.315 0.0646024
0.32 0.0216424
0.325 0.0398275
0.33 0.110667
0.335 0.219725
0.34 0.349726
0.345 0.483305
0.35 0.605122
0.355 0.703243
0.36 0.769808
0.365 0.801093
0.37 0.79714
0.375 0.761075
0.38 0.698296
0.385 0.615625
0.39 0.520516
0.395 0.420383
0.4 0.322065
0.405 0.231447
0.41 0.153229
0.415 0.0908169
0.42 0.0463251
0.425 0.0206581
0.43 0.0136492
0.435 0.0242351
0.44 0.0506465
0.445 0.0906014
0.45 0.141488
0.455 0.200529
0.46 0.264927
0.465 0.331984
0.47 0.39919
0.475 0.464294
0.48 0.525351
0.485 0.580748
0.49 0.629211
0.495 0.669803
0.5 0.701904
0.505 0.725194
0.51 0.739616
0.515 0.745345
0.52 0.742757
0.525 0.732387
0.53 0.7149
0.535 0.691055
0.54 0.661678
0.545 0.627631
0.55 0.589793
0.555 0.549036
0.56 0.506206
0.565 0.462115
0.57 0.417524
0.575 0.373135
0.58 0.329589
0.585 0.287456
0.59 0.247237
0.595 0.209365
0.6 0.1742
0.605 0.142038
0.61 0.113107
0.615 0.0875767
0.62 0.0655603
0.625 0.0471182
0.63 0.0322638
0.635 0.0209682
0.64 0.013165
0.645 0.0087548
0.65 0.00761039
0.655 0.00958067
0.66 0.014495
0.665 0.0221672
0.67 0.0323988
0.675 0.0449831
0.68 0.0597073
0.685 0.0763558
0.69 0.0947124
0.695 0.114563
0.7 0.135695
0.705 0.157904
0.71 0.18099
0.715 0.20476
0.72 0.229032
0.725 0.25363
0.73 0.27839
0.735 0.303158
0.74 0.327789
0.745 0.352151
0.75 0.37612
0.755 0.399584
0.76 0.422442
0.765 0.444603
0.77 0.465983
0.775 0.486512
0.78 0.506127
0.785 0.524773
0.79 0.542405
0.795 0.558986
0.8 0.574486
0.805 0.588882
0.81 0.602156
0.815 0.614301
0.82 0.62531
0.825 0.635185
0.83 0.643931
0.835 0.651559
0.84 0.658083
0.845 0.66352
0.85 0.667891
0.855 0.671221
0.86 0.673535
0.865 0.674863
0.87 0.675235
0.875 0.674684
0.88 0.673242
0.885 0.670945
0.89 0.667828
0.895 0.663929
0.9 0.659283
0.905 0.653929
0.91 0.647902
0.915 0.641242
0.92 0.633985
0.925 0.626167
0.93 0.617826
0.935 0.608998
0.94 0.599718
0.945 0.590021
0.95 0.579941
0.955 0.569512
0.96 0.558765
0.965 0.547733
0.97 0.536447
0.975 0.524936
0.98 0.513228
0.985 0.501352
0.99 0.489335
0.995 0.477201
1 0.464976
1.005 0.452684
1.01 0.440347
1.015 0.427987
1.02 0.415624
1.025 0.403277
1.03 0.390967
1.035 0.37871
1.04 0.366522
1.045 0.354421
1.05 0.34242
1.055 0.330534
1.06 0.318776
1.065 0.307157
1.07 0.29569
1.075 0.284386
1.08 0.273253
1.085 0.262301
1.09 0.251539
1.095 0.240975
1.1 0.230615
1.105 0.220466
1.11 0.210533
1.115 0.200823
1.12 0.191339
1.125 0.182086
1.13 0.173067
1.135 0.164285
1.14 0.155744
1.145 0.147445
1.15 0.13939
1.155 0.131581
1.16 0.124018
1.165 0.116701
1.17 0.109632
1.175 0.102811
1.18 0.0962355
1.185 0.0899066
1.19 0.0838229
1.195 0.0779831
1.2 0.0723858
1.205 0.0670294
1.21 0.061912
1.215 0.0570315
1.22 0.0523857
1.225 0.0479722
1.23 0.0437883
1.235 0.0398313
1.24 0.0360984
1.245 0.0325866
1.25 0.0292928
1.255 0.0262138
1.26 0.0233464
1.265 0.0206871
1.27 0.0182325
1.275 0.0159791
1.28 0.0139234
1.285 0.0120617
1.29 0.0103904
1.295 0.00890579
1.3 0.00760413
1.305 0.00648168
1.31 0.00553468
1.315 0.00475935
1.32 0.00415191
1.325 0.00370858
1.33 0.00342556
1.335 0.00329909
1.34 0.00332539
1.345 0.0035007
1.35 0.0038213
1.355 0.00428347
1.36 0.0048835
1.365 0.00561775
1.37 0.00648256
1.375 0.00747434
1.38 0.00858951
1.385 0.00982454
1.39 0.0111759
1.395 0.0126402
1.4 0.014214
1.405 0.0158939
1.41 0.0176765
1.415 0.0195587
1.42 0.0215371
1.425 0.0236086
1.43 0.02577
1.435 0.0280182
1.44 0.0303502
1.445 0.0327629
1.45 0.0352535
1.455 0.0378191
1.46 0.0404567
1.465 0.0431636
1.47 0.0459371
1.475 0.0487745
1.48 0.0516731
1.485 0.0546303
1.49 0.0576436
1.495 0.0607105
1.5 0.0638286
1.505 0.0669955
1.51 0.0702089
1.515 0.0734665
1.52 0.076766
1.525 0.0801052
1.53 0.0834821
1.535 0.0868945
1.54 0.0903404
1.545 0.0938178
1.55 0.0973248
1.555 0.100859
1.56 0.10442
1.565 0.108004
1.57 0.111611
1.575 0.115238
1.58 0.118884
1.585 0.122547
1.59 0.126226
1.595 0.129919
1.6 0.133625
1.605 0.137341
1.61 0.141068
1.615 0.144802
1.62 0.148544
1.625 0.152291
1.63 0.156042
1.635 0.159797
1.64 0.163553
1.645 0.167311
1.65 0.171068
1.655 0.174823
1.66 0.178576
1.665 0.182325
1.67 0.18607
1.675 0.189809
1.68 0.193541
1.685 0.197266
1.69 0.200983
1.695 0.204691
1.7 0.208389
1.705 0.212076
1.71 0.215751
1.715 0.219415
1.72 0.223065
1.725 0.226701
1.73 0.230324
1.735 0.233931
1.74 0.237523
1.745 0.241098
1.75 0.244657
1.755 0.248198
1.76 0.251722
1.765 0.255227
1.77 0.258713
1.775 0.26218
1.78 0.265628
1.785 0.269055
1.79 0.272461
1.795 0.275847
1.8 0.279211
1.805 0.282553
1.81 0.285874
1.815 0.289171
1.82 0.292447
1.825 0.295699
1.83 0.298928
1.835 0.302133
1.84 0.305315
1.845 0.308473
1.85 0.311606
1.855 0.314715
1.86 0.317799
1.865 0.320859
1.87 0.323893
1.875 0.326902
1.88 0.329886
1.885 0.332845
1.89 0.335778
1.895 0.338685
1.9 0.341566
1.905 0.344422
1.91 0.347251
1.915 0.350055
1.92 0.352832
1.925 0.355583
1.93 0.358308
1.935 0.361007
1.94 0.36368
1.945 0.366326
1.95 0.368945
1.955 0.371539
1.96 0.374106
1.965 0.376646
1.97 0.379161
1.975 0.381649
1.98 0.38411
1.985 0.386545
1.99 0.388954
1.995 0.391337
2 0.393694
2.005 0.396025
2.01 0.398329
2.015 0.400607
2.02 0.40286
2.025 0.405087
2.03 0.407287
2.035 0.409463
2.04 0.411612
2.045 0.413736
2.05 0.415834
2.055 0.417907
2.06 0.419955
2.065 0.421978
2.07 0.423975
2.075 0.425948
2.08 0.427895
2.085 0.429818
2.09 0.431717
2.095 0.43359
2.1 0.43544
2.105 0.437265
2.11 0.439066
2.115 0.440843
2.12 0.442596
2.125 0.444325
2.13 0.44603
2.135 0.447712
2.14 0.449371
2.145 0.451007
2.15 0.452619
2.155 0.454208
2.16 0.455775
2.165 0.457319
2.17 0.45884
2.175 0.460339
2.18 0.461816
2.185 0.46327
2.19 0.464703
2.195 0.466114
2.2 0.467503
2.205 0.468871
2.21 0.470217
2.215 0.471542
2.22 0.472847
2.225 0.47413
2.23 0.475392
2.235 0.476634
2.24 0.477856
2.245 0.479057
2.25 0.480238
2.255 0.481399
2.26 0.48254
2.265 0.483662
2.27 0.484764
2.275 0.485846
2.28 0.48691
2.285 0.487954
2.29 0.48898
2.295 0.489987
2.3 0.490975
2.305 0.491945
2.31 0.492896
2.315 0.493829
2.32 0.494745
2.325 0.495642
2.33 0.496522
2.335 0.497384
2.34 0.498229
2.345 0.499057
2.35 0.499868
2.355 0.500661
2.36 0.501438
2.365 0.502199
2.37 0.502942
2.375 0.50367
2.38 0.504381
2.385 0.505077
2.39 0.505756
2.395 0.50642
2.4 0.507068
2.405 0.5077
2.41 0.508318
2.415 0.50892
2.42 0.509507
2.425 0.510079
2.43 0.510636
2.435 0.511179
2.44 0.511708
2.445 0.512222
2.45 0.512721
2.455 0.513207
2.46 0.513679
2.465 0.514137
2.47 0.514582
2.475 0.515013
2.48 0.51543
2.485 0.515834
2.49 0.516226
2.495 0.516604
2.5 0.516969
2.505 0.517322
2.51 0.517662
2.515 0.517989
2.52 0.518304
2.525 0.518607
2.53 0.518898
2.535 0.519177
2.54 0.519444
2.545 0.5197
2.55 0.519943
2.555 0.520176
2.56 0.520396
2.565 0.520606
2.57 0.520805
2.575 0.520992
2.58 0.521169
2.585 0.521334
2.59 0.52149
2.595 0.521634
2.6 0.521768
2.605 0.521892
2.61 0.522006
2.615 0.522109
2.62 0.522203
2.625 0.522286
2.63 0.52236
2.635 0.522424
2.64 0.522479
2.645 0.522524
2.65 0.52256
2.655 0.522586
2.66 0.522604
2.665 0.522612
2.67 0.522612
2.675 0.522602
2.68 0.522584
2.685 0.522557
2.69 0.522522
2.695 0.522478
2.7 0.522425
2.705 0.522365
2.71 0.522296
2.715 0.52222
2.72 0.522135
2.725 0.522042
2.73 0.521942
2.735 0.521834
2.74 0.521718
2.745 0.521595
2.75 0.521464
2.755 0.521326
2.76 0.52118
2.765 0.521028
2.77 0.520868
2.775 0.520702
2.78 0.520528
2.785 0.520348
2.79 0.52016
2.795 0.519966
2.8 0.519766
2.805 0.519559
2.81 0.519345
2.815 0.519126
2.82 0.518899
2.825 0.518667
2.83 0.518429
2.835 0.518184
2.84 0.517934
2.845 0.517677
2.85 0.517415
2.855 0.517147
2.86 0.516873
2.865 0.516594
2.87 0.516309
2.875 0.516019
2.88 0.515723
2.885 0.515422
2.89 0.515115
2.895 0.514804
2.9 0.514487
2.905 0.514165
2.91 0.513838
2.915 0.513506
2.92 0.51317
2.925 0.512828
2.93 0.512482
2.935 0.512131
2.94 0.511776
2.945 0.511415
2.95 0.511051
2.955 0.510682
2.96 0.510308
2.965 0.509931
2.97 0.509548
2.975 0.509162
2.98 0.508772
2.985 0.508377
2.99 0.507979
2.995 0.507576
3 0.50717
3.005 0.506759
3.01 0.506345
3.015 0.505927
3.02 0.505505
3.025 0.50508
3.03 0.504651
3.035 0.504219
3.04 0.503783
3.045 0.503343
3.05 0.5029
3.055 0.502454
3.06 0.502004
3.065 0.501552
3.07 0.501096
3.075 0.500636
3.08 0.500174
3.085 0.499709
3.09 0.49924
3.095 0.498769
3.1 0.498294
3.105 0.497817
3.11 0.497337
3.115 0.496854
3.12 0.496368
3.125 0.49588
3.13 0.495389
3.135 0.494895
3.14 0.494399
3.145 0.4939
3.15 0.493398
3.155 0.492894
3.16 0.492388
3.165 0.491879
3.17 0.491368
3.175 0.490855
3.18 0.490339
3.185 0.489821
3.19 0.489301
3.195 0.488779
3.2 0.488254
3.205 0.487728
3.21 0.487199
3.215 0.486669
3.22 0.486136
3.225 0.485601
3.23 0.485065
3.235 0.484527
3.24 0.483986
3.245 0.483444
3.25 0.4829
3.255 0.482355
3.26 0.481807
3.265 0.481258
3.27 0.480708
3.275 0.480155
3.28 0.479601
3.285 0.479046
3.29 0.478489
3.295 0.47793
3.3 0.47737
3.305 0.476809
3.31 0.476246
3.315 0.475682
3.32 0.475116
3.325 0.474549
3.33 0.473981
3.335 0.473411
3.34 0.47284
3.345 0.472268
3.35 0.471695
3.355 0.471121
3.36 0.470545
3.365 0.469968
3.37 0.46939
3.375 0.468811
3.38 0.468231
3.385 0.467651
3.39 0.467069
3.395 0.466486
3.4 0.465902
3.405 0.465317
3.41 0.464731
3.415 0.464144
3.42 0.463557
3.425 0.462969
3.43 0.462379
3.435 0.461789
3.44 0.461199
3.445 0.460607
3.45 0.460015
3.455 0.459422
3.46 0.458828
3.465 0.458234
3.47 0.457639
3.475 0.457044
3.48 0.456447
3.485 0.455851
3.49 0.455253
3.495 0.454655
3.5 0.454057
3.505 0.453458
3.51 0.452859
3.515 0.452259
3.52 0.451658
3.525 0.451057
3.53 0.450456
3.535 0.449855
3.54 0.449253
3.545 0.44865
3.55 0.448047
3.555 0.447444
3.56 0.446841
3.565 0.446237
3.57 0.445633
3.575 0.445029
3.58 0.444424
3.585 0.443819
3.59 0.443214
3.595 0.442609
3.6 0.442004
3.605 0.441398
3.61 0.440792
3.615 0.440186
3.62 0.43958
3.625 0.438974
3.63 0.438367
3.635 0.437761
3.64 0.437154
3.645 0.436548
3.65 0.435941
3.655 0.435335
3.66 0.434728
3.665 0.434121
3.67 0.433514
3.675 0.432908
3.68 0.432301
3.685 0.431694
3.69 0.431087
3.695 0.430481
3.7 0.429874
3.705 0.429268
3.71 0.428661
3.715 0.428055
3.72 0.427449
3.725 0.426843
3.73 0.426237
3.735 0.425631
3.74 0.425026
3.745 0.42442
3.75 0.423815
3.755 0.42321
3.76 0.422605
3.765 0.422
3.77 0.421396
3.775 0.420791
3.78 0.420187
3.785 0.419584
3.79 0.41898
3.795 0.418377
3.8 0.417774
3.805 0.417171
3.81 0.416569
3.815 0.415967
3.82 0.415365
3.825 0.414763
3.83 0.414162
3.835 0.413561
3.84 0.412961
3.845 0.412361
3.85 0.411761
3.855 0.411162
3.86 0.410563
3.865 0.409964
3.87 0.409366
3.875 0.408768
3.88 0.40817
3.885 0.407573
3.89 0.406977
3.895 0.40638
3.9 0.405785
3.905 0.405189
3.91 0.404594
3.915 0.404
3.92 0.403406
3.925 0.402812
3.93 0.402219
3.935 0.401627
3.94 0.401035
3.945 0.400443
3.95 0.399852
3.955 0.399261
3.96 0.398671
3.965 0.398082
3.97 0.397493
3.975 0.396904
3.98 0.396316
3.985 0.395729
3.99 0.395142
3.995 0.394556
4 0.39397
4.005 0.393385
4.01 0.3928
4.015 0.392216
4.02 0.391632
4.025 0.391049
4.03 0.390467
4.035 0.389885
4.04 0.389304
4.045 0.388723
4.05 0.388143
4.055 0.387564
4.06 0.386985
4.065 0.386407
4.07 0.38583
4.075 0.385253
4.08 0.384676
4.085 0.384101
4.09 0.383526
4.095 0.382951
4.1 0.382378
4.105 0.381805
4.11 0.381232
4.115 0.380661
4.12 0.380089
4.125 0.379519
4.13 0.378949
4.135 0.37838
4.14 0.377812
4.145 0.377244
4.15 0.376677
4.155 0.376111
4.16 0.375545
4.165 0.37498
4.17 0.374416
4.175 0.373852
4.18 0.373289
4.185 0.372727
4.19 0.372166
4.195 0.371605
4.2 0.371045
4.205 0.370485
4.21 0.369927
4.215 0.369369
4.22 0.368812
4.225 0.368255
4.23 0.367699
4.235 0.367144
4.24 0.36659
4.245 0.366037
4.25 0.365484
4.255 0.364932
4.26 0.36438
4.265 0.36383
4.27 0.36328
4.275 0.362731
4.28 0.362183
4.285 0.361635
4.29 0.361088
4.295 0.360542
4.3 0.359997
4.305 0.359452
4.31 0.358908
4.315 0.358365
4.32 0.357823
4.325 0.357282
4.33 0.356741
4.335 0.356201
4.34 0.355662
4.345 0.355123
4.35 0.354586
4.355 0.354049
4.36 0.353513
4.365 0.352978
4.37 0.352443
4.375 0.351909
4.38 0.351376
4.385 0.350844
4.39 0.350313
4.395 0.349782
4.4 0.349252
4.405 0.348723
4.41 0.348195
4.415 0.347668
4.42 0.347141
4.425 0.346615
4.43 0.34609
4.435 0.345566
4.44 0.345043
4.445 0.34452
4.45 0.343998
4.455 0.343477
4.46 0.342957
4.465 0.342437
4.47 0.341919
4.475 0.341401
4.48 0.340884
4.485 0.340368
4.49 0.339852
4.495 0.339337
4.5 0.338824
4.505 0.338311
4.51 0.337798
4.515 0.337287
4.52 0.336776
4.525 0.336267
4.53 0.335758
4.535 0.335249
4.54 0.334742
4.545 0.334236
4.55 0.33373
4.555 0.333225
4.56 0.332721
4.565 0.332217
4.57 0.331715
4.575 0.331213
4.58 0.330712
4.585 0.330212
4.59 0.329713
4.595 0.329215
4.6 0.328717
4.605 0.32822
4.61 0.327724
4.615 0.327229
4.62 0.326735
4.625 0.326241
4.63 0.325748
4.635 0.325257
4.64 0.324765
4.645 0.324275
4.65 0.323786
4.655 0.323297
4.66 0.322809
4.665 0.322322
4.67 0.321836
4.675 0.32135
4.68 0.320866
4.685 0.320382
4.69 0.319899
4.695 0.319417
4.7 0.318936
4.705 0.318455
4.71 0.317975
4.715 0.317496
4.72 0.317018
4.725 0.316541
4.73 0.316065
4.735 0.315589
4.74 0.315114
4.745 0.31464
4.75 0.314167
4.755 0.313694
4.76 0.313223
4.765 0.312752
4.77 0.312282
4.775 0.311813
4.78 0.311344
4.785 0.310877
4.79 0.31041
4.795 0.309944
4.8 0.309479
4.805 0.309015
4.81 0.308551
4.815 0.308088
4.82 0.307626
4.825 0.307165
4.83 0.306705
4.835 0.306245
4.84 0.305787
4.845 0.305329
4.85 0.304871
4.855 0.304415
4.86 0.30396
4.865 0.303505
4.87 0.303051
4.875 0.302598
4.88 0.302145
4.885 0.301694
4.89 0.301243
4.895 0.300793
4.9 0.300344
4.905 0.299896
4.91 0.299448
4.915 0.299001
4.92 0.298555
4.925 0.29811
4.93 0.297666
4.935 0.297222
4.94 0.296779
4.945 0.296337
4.95 0.295896
4.955 0.295455
4.96 0.295015
4.965 0.294577
4.97 0.294138
4.975 0.293701
4.98 0.293264
4.985 0.292829
4.99 0.292394
4.995 0.291959
5 0.291526
5.005 0.291093
5.01 0.290661
5.015 0.29023
5.02 0.2898
5.025 0.28937
5.03 0.288941
5.035 0.288513
5.04 0.288086
5.045 0.28766
5.05 0.287234
5.055 0.286809
5.06 0.286385
5.065 0.285961
5.07 0.285539
5.075 0.285117
5.08 0.284696
5.085 0.284275
5.09 0.283856
5.095 0.283437
5.1 0.283019
5.105 0.282601
5.11 0.282185
5.115 0.281769
5.12 0.281354
5.125 0.28094
5.13 0.280526
5.135 0.280113
5.14 0.279701
5.145 0.27929
5.15 0.278879
5.155 0.278469
5.16 0.27806
5.165 0.277652
5.17 0.277244
5.175 0.276838
5.18 0.276432
5.185 0.276026
5.19 0.275622
5.195 0.275218
5.2 0.274815
5.205 0.274412
5.21 0.274011
5.215 0.27361
5.22 0.273209
5.225 0.27281
5.23 0.272411
5.235 0.272013
5.24 0.271616
5.245 0.271219
5.25 0.270824
5.255 0.270429
5.26 0.270034
5.265 0.269641
5.27 0.269248
5.275 0.268856
5.28 0.268464
5.285 0.268073
5.29 0.267683
5.295 0.267294
5.3 0.266905
5.305 0.266518
5.31 0.26613
5.315 0.265744
5.32 0.265358
5.325 0.264973
5.33 0.264589
5.335 0.264205
5.34 0.263823
5.345 0.26344
5.35 0.263059
5.355 0.262678
5.36 0.262298
5.365 0.261919
5.37 0.26154
5.375 0.261162
5.38 0.260785
5.385 0.260408
5.39 0.260032
5.395 0.259657
5.4 0.259283
5.405 0.258909
5.41 0.258536
5.415 0.258163
5.42 0.257792
5.425 0.257421
5.43 0.25705
5.435 0.256681
5.44 0.256312
5.445 0.255943
5.45 0.255576
5.455 0.255209
5.46 0.254843
5.465 0.254477
5.47 0.254112
5.475 0.253748
5.48 0.253384
5.485 0.253021
5.49 0.252659
5.495 0.252298
5.5 0.251937
5.505 0.251577
5.51 0.251217
5.515 0.250858
5.52 0.2505
5.525 0.250143
5.53 0.249786
5.535 0.24943
5.54 0.249074
5.545 0.248719
5.55 0.248365
5.555 0.248011
5.56 0.247658
5.565 0.247306
5.57 0.246955
5.575 0.246604
5.58 0.246253
5.585 0.245904
5.59 0.245555
5.595 0.245206
5.6 0.244859
5.605 0.244512
5.61 0.244165
5.615 0.24382
5.62 0.243474
5.625 0.24313
5.63 0.242786
5.635 0.242443
5.64 0.2421
5.645 0.241758
5.65 0.241417
5.655 0.241076
5.66 0.240736
5.665 0.240397
5.67 0.240058
5.675 0.23972
5.68 0.239383
5.685 0.239046
5.69 0.238709
5.695 0.238374
5.7 0.238039
5.705 0.237704
5.71 0.237371
5.715 0.237038
5.72 0.236705
5.725 0.236373
5.73 0.236042
5.735 0.235711
5.74 0.235381
5.745 0.235052
5.75 0.234723
5.755 0.234395
5.76 0.234067
5.765 0.23374
5.77 0.233413
5.775 0.233088
5.78 0.232762
5.785 0.232438
5.79 0.232114
5.795 0.231791
5.8 0.231468
5.805 0.231146
5.81 0.230824
5.815 0.230503
5.82 0.230183
5.825 0.229863
5.83 0.229543
5.835 0.229225
5.84 0.228907
5.845 0.228589
5.85 0.228273
5.855 0.227956
5.86 0.227641
5.865 0.227325
5.87 0.227011
5.875 0.226697
5.88 0.226384
5.885 0.226071
5.89 0.225759
5.895 0.225447
5.9 0.225136
5.905 0.224826
5.91 0.224516
5.915 0.224206
5.92 0.223898
5.925 0.223589
5.93 0.223282
5.935 0.222975
5.94 0.222668
5.945 0.222362
5.95 0.222057
5.955 0.221752
5.96 0.221448
5.965 0.221144
5.97 0.220841
5.975 0.220539
5.98 0.220237
5.985 0.219935
5.99 0.219635
5.995 0.219334
6 0.219035
6.005 0.218735
6.01 0.218437
6.015 0.218139
6.02 0.217841
6.025 0.217544
6.03 0.217248
6.035 0.216952
6.04 0.216656
6.045 0.216362
6.05 0.216067
6.055 0.215774
6.06 0.21548
6.065 0.215188
6.07 0.214896
6.075 0.214604
6.08 0.214313
6.085 0.214022
6.09 0.213733
6.095 0.213443
6.1 0.213154
6.105 0.212866
6.11 0.212578
6.115 0.212291
6.12 0.212004
6.125 0.211718
6.13 0.211432
6.135 0.211147
6.14 0.210862
6.145 0.210578
6.15 0.210294
6.155 0.210011
6.16 0.209728
6.165 0.209446
6.17 0.209165
6.175 0.208884
6.18 0.208603
6.185 0.208323
6.19 0.208044
6.195 0.207765
6.2 0.207486
6.205 0.207208
6.21 0.206931
6.215 0.206654
6.22 0.206377
6.225 0.206101
6.23 0.205826
6.235 0.205551
6.24 0.205277
6.245 0.205003
6.25 0.204729
6.255 0.204456
6.26 0.204184
6.265 0.203912
6.27 0.20364
6.275 0.203369
6.28 0.203099
6.285 0.202829
6.29 0.20256
6.295 0.202291
6.3 0.202022
6.305 0.201754
6.31 0.201487
6.315 0.20122
6.32 0.200953
6.325 0.200687
6.33 0.200421
6.335 0.200156
6.34 0.199892
6.345 0.199628
6.35 0.199364
6.355 0.199101
6.36 0.198838
6.365 0.198576
6.37 0.198314
6.375 0.198053
6.38 0.197792
6.385 0.197532
6.39 0.197272
6.395 0.197012
6.4 0.196754
6.405 0.196495
6.41 0.196237
6.415 0.19598
6.42 0.195723
6.425 0.195466
6.43 0.19521
6.435 0.194954
6.44 0.194699
6.445 0.194444
6.45 0.19419
6.455 0.193936
6.46 0.193683
6.465 0.19343
6.47 0.193178
6.475 0.192926
6.48 0.192674
6.485 0.192423
6.49 0.192172
6.495 0.191922
6.5 0.191673
6.505 0.191423
6.51 0.191174
6.515 0.190926
6.52 0.190678
6.525 0.190431
6.53 0.190184
6.535 0.189937
6.54 0.189691
6.545 0.189445
6.55 0.1892
6.555 0.188955
6.56 0.188711
6.565 0.188467
6.57 0.188223
6.575 0.18798
6.58 0.187738
6.585 0.187495
6.59 0.187254
6.595 0.187012
6.6 0.186771
6.605 0.186531
6.61 0.186291
6.615 0.186051
6.62 0.185812
6.625 0.185573
6.63 0.185335
6.635 0.185097
6.64 0.18486
6.645 0.184623
6.65 0.184386
6.655 0.18415
6.66 0.183914
6.665 0.183679
6.67 0.183444
6.675 0.183209
6.68 0.182975
6.685 0.182741
6.69 0.182508
6.695 0.182275
6.7 0.182043
6.705 0.181811
6.71 0.181579
6.715 0.181348
6.72 0.181117
6.725 0.180887
6.73 0.180657
6.735 0.180427
6.74 0.180198
6.745 0.179969
6.75 0.179741
6.755 0.179513
6.76 0.179285
6.765 0.179058
6.77 0.178832
6.775 0.178605
6.78 0.178379
6.785 0.178154
6.79 0.177929
6.795 0.177704
6.8 0.177479
6.805 0.177256
6.81 0.177032
6.815 0.176809
6.82 0.176586
6.825 0.176364
6.83 0.176142
6.835 0.17592
6.84 0.175699
6.845 0.175478
6.85 0.175258
6.855 0.175038
6.86 0.174818
6.865 0.174599
6.87 0.17438
6.875 0.174161
6.88 0.173943
6.885 0.173726
6.89 0.173508
6.895 0.173291
6.9 0.173075
6.905 0.172858
6.91 0.172643
6.915 0.172427
6.92 0.172212
6.925 0.171997
6.93 0.171783
6.935 0.171569
6.94 0.171356
6.945 0.171142
6.95 0.17093
6.955 0.170717
6.96 0.170505
6.965 0.170293
6.97 0.170082
6.975 0.169871
6.98 0.169661
6.985 0.16945
6.99 0.16924
6.995 0.169031
7 0.168822
7.005 0.168613
7.01 0.168405
7.015 0.168197
7.02 0.167989
7.025 0.167782
7.03 0.167575
7.035 0.167368
7.04 0.167162
7.045 0.166956
7.05 0.16675
7.055 0.166545
7.06 0.16634
7.065 0.166136
7.07 0.165932
7.075 0.165728
7.08 0.165525
7.085 0.165322
7.09 0.165119
7.095 0.164917
7.1 0.164715
7.105 0.164513
7.11 0.164312
7.115 0.164111
7.12 0.16391
7.125 0.16371
7.13 0.16351
7.135 0.16331
7.14 0.163111
7.145 0.162912
7.15 0.162714
7.155 0.162516
7.16 0.162318
7.165 0.16212
7.17 0.161923
7.175 0.161726
7.18 0.16153
7.185 0.161333
7.19 0.161138
7.195 0.160942
7.2 0.160747
7.205 0.160552
7.21 0.160358
7.215 0.160164
7.22 0.15997
7.225 0.159776
7.23 0.159583
7.235 0.15939
7.24 0.159198
7.245 0.159006
7.25 0.158814
7.255 0.158622
7.26 0.158431
7.265 0.15824
7.27 0.15805
7.275 0.15786
7.28 0.15767
7.285 0.15748
7.29 0.157291
7.295 0.157102
7.3 0.156913
7.305 0.156725
7.31 0.156537
7.315 0.15635
7.32 0.156162
7.325 0.155975
7.33 0.155789
7.335 0.155602
7.34 0.155416
7.345 0.15523
7.35 0.155045
7.355 0.15486
7.36 0.154675
7.365 0.154491
7.37 0.154307
7.375 0.154123
7.38 0.153939
7.385 0.153756
7.39 0.153573
7.395 0.15339
7.4 0.153208
7.405 0.153026
7.41 0.152844
7.415 0.152663
7.42 0.152482
7.425 0.152301
7.43 0.152121
7.435 0.151941
7.44 0.151761
7.445 0.151581
7.45 0.151402
7.455 0.151223
7.46 0.151044
7.465 0.150866
7.47 0.150688
7.475 0.15051
7.48 0.150333
7.485 0.150156
7.49 0.149979
7.495 0.149802
7.5 0.149626
7.505 0.14945
7.51 0.149274
7.515 0.149099
7.52 0.148924
7.525 0.148749
7.53 0.148575
7.535 0.1484
7.54 0.148227
7.545 0.148053
7.55 0.14788
7.555 0.147707
7.56 0.147534
7.565 0.147361
7.57 0.147189
7.575 0.147017
7.58 0.146846
7.585 0.146674
7.59 0.146503
7.595 0.146333
7.6 0.146162
7.605 0.145992
7.61 0.145822
7.615 0.145652
7.62 0.145483
7.625 0.145314
7.63 0.145145
7.635 0.144977
7.64 0.144809
7.645 0.144641
7.65 0.144473
7.655 0.144306
7.66 0.144138
7.665 0.143972
7.67 0.143805
7.675 0.143639
7.68 0.143473
7.685 0.143307
7.69 0.143142
7.695 0.142976
7.7 0.142811
7.705 0.142647
7.71 0.142482
7.715 0.142318
7.72 0.142155
7.725 0.141991
7.73 0.141828
7.735 0.141665
7.74 0.141502
7.745 0.141339
7.75 0.141177
7.755 0.141015
7.76 0.140854
7.765 0.140692
7.77 0.140531
7.775 0.14037
7.78 0.14021
7.785 0.140049
7.79 0.139889
7.795 0.139729
7.8 0.13957
7.805 0.13941
7.81 0.139251
7.815 0.139092
7.82 0.138934
7.825 0.138776
7.83 0.138618
7.835 0.13846
7.84 0.138302
7.845 0.138145
7.85 0.137988
7.855 0.137831
7.86 0.137675
7.865 0.137519
7.87 0.137363
7.875 0.137207
7.88 0.137052
7.885 0.136896
7.89 0.136741
7.895 0.136587
7.9 0.136432
7.905 0.136278
7.91 0.136124
7.915 0.13597
7.92 0.135817
7.925 0.135664
7.93 0.135511
7.935 0.135358
7.94 0.135205
7.945 0.135053
7.95 0.134901
7.955 0.13475
7.96 0.134598
7.965 0.134447
7.97 0.134296
7.975 0.134145
7.98 0.133995
7.985 0.133844
7.99 0.133694
7.995 0.133544
8 0.133395
8.005 0.133246
8.01 0.133097
8.015 0.132948
8.02 0.132799
8.025 0.132651
8.03 0.132503
8.035 0.132355
8.04 0.132207
8.045 0.13206
8.05 0.131913
8.055 0.131766
8.06 0.131619
8.065 0.131473
8.07 0.131326
8.075 0.13118
8.08 0.131035
8.085 0.130889
8.09 0.130744
8.095 0.130599
8.1 0.130454
8.105 0.130309
8.11 0.130165
8.115 0.130021
8.12 0.129877
8.125 0.129733
8.13 0.12959
8.135 0.129447
8.14 0.129304
8.145 0.129161
8.15 0.129018
8.155 0.128876
8.16 0.128734
8.165 0.128592
8.17 0.12845
8.175 0.128309
8.18 0.128168
8.185 0.128027
8.19 0.127886
8.195 0.127746
8.2 0.127605
8.205 0.127465
8.21 0.127325
8.215 0.127186
8.22 0.127046
8.225 0.126907
8.23 0.126768
8.235 0.12663
8.24 0.126491
8.245 0.126353
8.25 0.126215
8.255 0.126077
8.26 0.125939
8.265 0.125802
8.27 0.125664
8.275 0.125527
8.28 0.125391
8.285 0.125254
8.29 0.125118
8.295 0.124981
8.3 0.124846
8.305 0.12471
8.31 0.124574
8.315 0.124439
8.32 0.124304
8.325 0.124169
8.33 0.124034
8.335 0.1239
8.34 0.123766
8.345 0.123632
8.35 0.123498
8.355 0.123364
8.36 0.123231
8.365 0.123098
8.37 0.122965
8.375 0.122832
8.38 0.122699
8.385 0.122567
8.39 0.122435
8.395 0.122303
8.4 0.122171
8.405 0.12204
8.41 0.121908
8.415 0.121777
8.42 0.121646
8.425 0.121515
8.43 0.121385
8.435 0.121255
8.44 0.121124
8.445 0.120994
8.45 0.120865
8.455 0.120735
8.46 0.120606
8.465 0.120477
8.47 0.120348
8.475 0.120219
8.48 0.120091
8.485 0.119962
8.49 0.119834
8.495 0.119706
8.5 0.119579
8.505 0.119451
8.51 0.119324
8.515 0.119197
8.52 0.11907
8.525 0.118943
8.53 0.118816
8.535 0.11869
8.54 0.118564
8.545 0.118438
8.55 0.118312
8.555 0.118186
8.56 0.118061
8.565 0.117936
8.57 0.117811
8.575 0.117686
8.58 0.117561
8.585 0.117437
8.59 0.117313
8.595 0.117189
8.6 0.117065
8.605 0.116941
8.61 0.116818
8.615 0.116694
8.62 0.116571
8.625 0.116448
8.63 0.116326
8.635 0.116203
8.64 0.116081
8.645 0.115959
8.65 0.115837
8.655 0.115715
8.66 0.115593
8.665 0.115472
8.67 0.115351
8.675 0.11523
8.68 0.115109
8.685 0.114988
8.69 0.114868
8.695 0.114747
8.7 0.114627
8.705 0.114507
8.71 0.114387
8.715 0.114268
8.72 0.114148
8.725 0.114029
8.73 0.11391
8.735 0.113791
8.74 0.113672
8.745 0.113554
8.75 0.113436
8.755 0.113317
8.76 0.1132
8.765 0.113082
8.77 0.112964
8.775 0.112847
8.78 0.112729
8.785 0.112612
8.79 0.112495
8.795 0.112379
8.8 0.112262
8.805 0.112146
8.81 0.11203
8.815 0.111913
8.82 0.111798
8.825 0.111682
8.83 0.111566
8.835 0.111451
8.84 0.111336
8.845 0.111221
8.85 0.111106
8.855 0.110991
8.86 0.110877
8.865 0.110763
8.87 0.110649
8.875 0.110535
8.88 0.110421
8.885 0.110307
8.89 0.110194
8.895 0.11008
8.9 0.109967
8.905 0.109854
8.91 0.109742
8.915 0.109629
8.92 0.109517
8.925 0.109404
8.93 0.109292
8.935 0.10918
8.94 0.109068
8.945 0.108957
8.95 0.108845
8.955 0.108734
8.96 0.108623
8.965 0.108512
8.97 0.108401
8.975 0.108291
8.98 0.10818
8.985 0.10807
8.99 0.10796
8.995 0.10785
9 0.10774
9.005 0.10763
9.01 0.107521
9.015 0.107412
9.02 0.107302
9.025 0.107193
9.03 0.107085
9.035 0.106976
9.04 0.106867
9.045 0.106759
9.05 0.106651
9.055 0.106543
9.06 0.106435
9.065 0.106327
9.07 0.10622
9.075 0.106112
9.08 0.106005
9.085 0.105898
9.09 0.105791
9.095 0.105684
9.1 0.105578
9.105 0.105471
9.11 0.105365
9.115 0.105259
9.12 0.105153
9.125 0.105047
9.13 0.104941
9.135 0.104836
9.14 0.104731
9.145 0.104625
9.15 0.10452
9.155 0.104415
9.16 0.104311
9.165 0.104206
9.17 0.104102
9.175 0.103997
9.18 0.103893
9.185 0.103789
9.19 0.103685
9.195 0.103582
9.2 0.103478
9.205 0.103375
9.21 0.103271
9.215 0.103168
9.22 0.103065
9.225 0.102963
9.23 0.10286
9.235 0.102758
9.24 0.102655
9.245 0.102553
9.25 0.102451
9.255 0.102349
9.26 0.102247
9.265 0.102146
9.27 0.102044
9.275 0.101943
9.28 0.101842
9.285 0.101741
9.29 0.10164
9.295 0.101539
9.3 0.101439
9.305 0.101338
9.31 0.101238
9.315 0.101138
9.32 0.101038
9.325 0.100938
9.33 0.100838
9.335 0.100739
9.34 0.100639
9.345 0.10054
9.35 0.100441
9.355 0.100342
9.36 0.100243
9.365 0.100144
9.37 0.100046
9.375 0.0999473
9.38 0.099849
9.385 0.0997509
9.39 0.0996529
9.395 0.099555
9.4 0.0994573
9.405 0.0993597
9.41 0.0992623
9.415 0.099165
9.42 0.0990678
9.425 0.0989708
9.43 0.0988739
9.435 0.0987771
9.44 0.0986805
9.445 0.0985841
9.45 0.0984877
9.455 0.0983915
9.46 0.0982955
9.465 0.0981995
9.47 0.0981037
9.475 0.0980081
9.48 0.0979126
9.485 0.0978172
9.49 0.097722
9.495 0.0976269
9.5 0.0975319
9.505 0.097437
9.51 0.0973423
9.515 0.0972478
9.52 0.0971533
9.525 0.097059
9.53 0.0969649
9.535 0.0968708
9.54 0.0967769
9.545 0.0966832
9.55 0.0965895
9.555 0.096496
9.56 0.0964027
9.565 0.0963094
9.57 0.0962163
9.575 0.0961233
9.58 0.0960305
9.585 0.0959378
9.59 0.0958452
9.595 0.0957527
9.6 0.0956604
9.605 0.0955682
9.61 0.0954762
9.615 0.0953842
9.62 0.0952924
9.625 0.0952007
9.63 0.0951092
9.635 0.0950178
9.64 0.0949265
9.645 0.0948353
9.65 0.0947443
9.655 0.0946534
9.66 0.0945626
9.665 0.094472
9.67 0.0943814
9.675 0.094291
9.68 0.0942008
9.685 0.0941106
9.69 0.0940206
9.695 0.0939307
9.7 0.093841
9.705 0.0937513
9.71 0.0936618
9.715 0.0935724
9.72 0.0934831
9.725 0.093394
9.73 0.093305
9.735 0.0932161
9.74 0.0931273
9.745 0.0930387
9.75 0.0929501
9.755 0.0928617
9.76 0.0927735
9.765 0.0926853
9.77 0.0925973
9.775 0.0925094
9.78 0.0924216
9.785 0.0923339
9.79 0.0922464
9.795 0.0921589
9.8 0.0920716
9.805 0.0919845
9.81 0.0918974
9.815 0.0918105
9.82 0.0917236
9.825 0.0916369
9.83 0.0915504
9.835 0.0914639
9.84 0.0913776
9.845 0.0912913
9.85 0.0912052
9.855 0.0911193
9.86 0.0910334
9.865 0.0909476
9.87 0.090862
9.875 0.0907765
9.88 0.0906911
9.885 0.0906058
9.89 0.0905207
9.895 0.0904356
9.9 0.0903507
9.905 0.0902659
9.91 0.0901812
9.915 0.0900966
9.92 0.0900122
9.925 0.0899278
9.93 0.0898436
9.935 0.0897595
9.94 0.0896755
9.945 0.0895916
9.95 0.0895079
9.955 0.0894242
9.96 0.0893407
9.965 0.0892572
9.97 0.0891739
9.975 0.0890907
9.98 0.0890077
9.985 0.0889247
9.99 0.0888418
9.995 0.0887591
