0 -nan
0.005 0.877064
0.01 0.298301
0.015 0.0197159
0.02 0.0599961
0.025 0.50267
0.03 0.0857034
0.035 0.025853
0.04 0.748244
0.045 0.0452956
0.05 0.184805
0.055 0.377105
0.06 0.204397
0.065 0.352097
0.07 0.26185
0.075 0.659123
0.08 0.639395
0.085 0.54514
0.09 0.28017
0.095 0.00796565
0.1 0.298165
0.105 0.259396
0.11 0.0924148
0.115 0.272513
0.12 0.112285
0.125 0.176008
0.13 0.202335
0.135 0.0894535
0.14 0.197329
0.145 0.157137
0.15 0.118924
0.155 0.168058
0.16 0.154243
0.165 0.125376
0.17 0.159504
0.175 0.184357
0.18 0.144267
0.185 0.101935
0.19 0.12644
0.195 0.193697
0.2 0.227117
0.205 0.190106
0.21 0.117208
0.215 0.0723383
0.22 0.0921119
0.225 0.16332
0.23 0.240283
0.235 0.278515
0.24 0.259472
0.245 0.195431
0.25 0.118065
0.255 0.0610614
0.26 0.0461488
0.265 0.0771793
0.27 0.142073
0.275 0.21962
0.28 0.287496
0.285 0.328684
0.29 0.334939
0.295 0.307214
0.3 0.253799
0.305 0.187258
0.31 0.121166
0.315 0.0673927
0.32 0.0343093
0.325 0.0260027
0.33 0.0423686
0.335 0.0798347
0.34 0.132437
0.345 0.192998
0.35 0.254214
0.355 0.309533
0.36 0.35376
0.365 0.383388
0.37 0.396679
0.375 0.393551
0.38 0.375331
0.385 0.344423
0.39 0.303947
0.395 0.257393
0.4 0.208303
0.405 0.160018
0.41 0.115479
0.415 0.077102
0.42 0.0466998
0.425 0.0254653
0.43 0.0139913
0.435 0.0123225
0.44 0.0200294
0.445 0.0362947
0.45 0.0600044
0.455 0.0898383
0.46 0.124355
0.465 0.162067
0.47 0.201509
0.475 0.241288
0.48 0.280126
0.485 0.316896
0.49 0.350632
0.495 0.380549
0.5 0.406042
0.505 0.426682
0.51 0.442208
0.515 0.452514
0.52 0.457632
0.525 0.457717
0.53 0.453027
0.535 0.443904
0.54 0.430758
0.545 0.414048
0.55 0.394266
0.555 0.371926
0.56 0.347544
0.565 0.321636
0.57 0.2947
0.575 0.267213
0.58 0.239625
0.585 0.21235
0.59 0.185767
0.595 0.160214
0.6 0.13599
0.605 0.113351
0.61 0.0925128
0.615 0.0736522
0.62 0.056907
0.625 0.0423787
0.63 0.0301349
0.635 0.0202116
0.64 0.0126161
0.645 0.00732954
0.65 0.00430978
0.655 0.00349418
0.66 0.00480229
0.665 0.00813844
0.67 0.0133943
0.675 0.0204512
0.68 0.0291824
0.685 0.0394549
0.69 0.0511316
0.695 0.0640731
0.7 0.0781386
0.705 0.093188
0.71 0.109083
0.715 0.125687
0.72 0.142869
0.725 0.160501
0.73 0.178459
0.735 0.196627
0.74 0.214893
0.745 0.233153
0.75 0.251307
0.755 0.269265
0.76 0.286942
0.765 0.304259
0.77 0.321145
0.775 0.337536
0.78 0.353373
0.785 0.368606
0.79 0.383187
0.795 0.397078
0.8 0.410244
0.805 0.422658
0.81 0.434296
0.815 0.445139
0.82 0.455174
0.825 0.464392
0.83 0.472786
0.835 0.480356
0.84 0.487103
0.845 0.493032
0.85 0.498151
0.855 0.502471
0.86 0.506004
0.865 0.508767
0.87 0.510776
0.875 0.512051
0.88 0.512611
0.885 0.512478
0.89 0.511677
0.895 0.510229
0.9 0.508161
0.905 0.505498
0.91 0.502265
0.915 0.49849
0.92 0.494197
0.925 0.489415
0.93 0.48417
0.935 0.478488
0.94 0.472396
0.945 0.465921
0.95 0.459088
0.955 0.451923
0.96 0.444451
0.965 0.436697
0.97 0.428685
0.975 0.420438
0.98 0.411981
0.985 0.403334
0.99 0.394521
0.995 0.385561
1 0.376476
1.005 0.367286
1.01 0.358008
1.015 0.348662
1.02 0.339266
1.025 0.329835
1.03 0.320386
1.035 0.310936
1.04 0.301497
1.045 0.292085
1.05 0.282713
1.055 0.273394
1.06 0.264138
1.065 0.254959
1.07 0.245866
1.075 0.23687
1.08 0.227981
1.085 0.219206
1.09 0.210554
1.095 0.202034
1.1 0.193652
1.105 0.185414
1.11 0.177328
1.115 0.169399
1.12 0.161631
1.125 0.15403
1.13 0.146601
1.135 0.139345
1.14 0.132268
1.145 0.125373
1.15 0.118661
1.155 0.112135
1.16 0.105798
1.165 0.0996504
1.17 0.093694
1.175 0.0879298
1.18 0.0823586
1.185 0.0769808
1.19 0.0717965
1.195 0.0668059
1.2 0.0620086
1.205 0.0574042
1.21 0.052992
1.215 0.048771
1.22 0.0447403
1.225 0.0408987
1.23 0.0372447
1.235 0.0337767
1.24 0.0304933
1.245 0.0273924
1.25 0.0244723
1.255 0.0217308
1.26 0.0191659
1.265 0.0167752
1.27 0.0145565
1.275 0.0125074
1.28 0.0106253
1.285 0.00890772
1.29 0.00735209
1.295 0.00595571
1.3 0.00471589
1.305 0.00362987
1.31 0.00269487
1.315 0.00190806
1.32 0.00126659
1.325 0.000767614
1.33 0.000408229
1.335 0.000185539
1.34 9.66345e-05
1.345 0.000138599
1.35 0.000308514
1.355 0.000603461
1.36 0.00102053
1.365 0.0015568
1.37 0.00220939
1.375 0.00297541
1.38 0.00385197
1.385 0.00483624
1.39 0.00592537
1.395 0.00711655
1.4 0.00840698
1.405 0.0097939
1.41 0.0112746
1.415 0.0128463
1.42 0.0145063
1.425 0.016252
1.43 0.0180808
1.435 0.01999
1.44 0.0219772
1.445 0.0240397
1.45 0.0261751
1.455 0.028381
1.46 0.0306548
1.465 0.0329943
1.47 0.035397
1.475 0.0378608
1.48 0.0403832
1.485 0.0429621
1.49 0.0455952
1.495 0.0482805
1.5 0.0510157
1.505 0.0537988
1.51 0.0566279
1.515 0.0595007
1.52 0.0624155
1.525 0.0653702
1.53 0.0683631
1.535 0.0713921
1.54 0.0744556
1.545 0.0775517
1.55 0.0806787
1.555 0.0838349
1.56 0.0870186
1.565 0.0902283
1.57 0.0934623
1.575 0.0967191
1.58 0.0999971
1.585 0.103295
1.59 0.106611
1.595 0.109944
1.6 0.113292
1.605 0.116655
1.61 0.120031
1.615 0.123418
1.62 0.126815
1.625 0.130222
1.63 0.133636
1.635 0.137058
1.64 0.140485
1.645 0.143916
1.65 0.147351
1.655 0.150789
1.66 0.154227
1.665 0.157667
1.67 0.161106
1.675 0.164543
1.68 0.167978
1.685 0.17141
1.69 0.174838
1.695 0.178261
1.7 0.181679
1.705 0.18509
1.71 0.188494
1.715 0.19189
1.72 0.195277
1.725 0.198655
1.73 0.202023
1.735 0.205381
1.74 0.208727
1.745 0.212062
1.75 0.215384
1.755 0.218694
1.76 0.22199
1.765 0.225272
1.77 0.228539
1.775 0.231792
1.78 0.235029
1.785 0.23825
1.79 0.241455
1.795 0.244644
1.8 0.247815
1.805 0.250969
1.81 0.254105
1.815 0.257223
1.82 0.260323
1.825 0.263403
1.83 0.266465
1.835 0.269507
1.84 0.272529
1.845 0.275531
1.85 0.278513
1.855 0.281475
1.86 0.284416
1.865 0.287336
1.87 0.290235
1.875 0.293113
1.88 0.295969
1.885 0.298804
1.89 0.301617
1.895 0.304407
1.9 0.307176
1.905 0.309923
1.91 0.312647
1.915 0.315348
1.92 0.318027
1.925 0.320684
1.93 0.323317
1.935 0.325928
1.94 0.328516
1.945 0.331081
1.95 0.333622
1.955 0.336141
1.96 0.338637
1.965 0.341109
1.97 0.343558
1.975 0.345984
1.98 0.348387
1.985 0.350766
1.99 0.353122
1.995 0.355455
2 0.357765
2.005 0.360051
2.01 0.362314
2.015 0.364554
2.02 0.366771
2.025 0.368965
2.03 0.371135
2.035 0.373283
2.04 0.375407
2.045 0.377508
2.05 0.379587
2.055 0.381642
2.06 0.383675
2.065 0.385685
2.07 0.387672
2.075 0.389637
2.08 0.391579
2.085 0.393499
2.09 0.395396
2.095 0.397271
2.1 0.399124
2.105 0.400955
2.11 0.402763
2.115 0.40455
2.12 0.406314
2.125 0.408057
2.13 0.409779
2.135 0.411478
2.14 0.413157
2.145 0.414813
2.15 0.416449
2.155 0.418064
2.16 0.419657
2.165 0.42123
2.17 0.422781
2.175 0.424312
2.18 0.425823
2.185 0.427313
2.19 0.428782
2.195 0.430232
2.2 0.431661
2.205 0.43307
2.21 0.43446
2.215 0.435829
2.22 0.437179
2.225 0.43851
2.23 0.439821
2.235 0.441113
2.24 0.442386
2.245 0.44364
2.25 0.444875
2.255 0.446091
2.26 0.447289
2.265 0.448468
2.27 0.449629
2.275 0.450771
2.28 0.451896
2.285 0.453003
2.29 0.454091
2.295 0.455162
2.3 0.456216
2.305 0.457252
2.31 0.458271
2.315 0.459273
2.32 0.460257
2.325 0.461225
2.33 0.462176
2.335 0.46311
2.34 0.464028
2.345 0.464929
2.35 0.465814
2.355 0.466683
2.36 0.467536
2.365 0.468374
2.37 0.469195
2.375 0.470001
2.38 0.470791
2.385 0.471566
2.39 0.472326
2.395 0.473071
2.4 0.4738
2.405 0.474515
2.41 0.475216
2.415 0.475901
2.42 0.476572
2.425 0.477229
2.43 0.477872
2.435 0.478501
2.44 0.479115
2.445 0.479716
2.45 0.480303
2.455 0.480877
2.46 0.481437
2.465 0.481983
2.47 0.482517
2.475 0.483037
2.48 0.483545
2.485 0.484039
2.49 0.484521
2.495 0.48499
2.5 0.485447
2.505 0.485891
2.51 0.486323
2.515 0.486743
2.52 0.487151
2.525 0.487547
2.53 0.487931
2.535 0.488303
2.54 0.488664
2.545 0.489013
2.55 0.489351
2.555 0.489678
2.56 0.489993
2.565 0.490298
2.57 0.490591
2.575 0.490874
2.58 0.491146
2.585 0.491407
2.59 0.491658
2.595 0.491898
2.6 0.492128
2.605 0.492348
2.61 0.492558
2.615 0.492758
2.62 0.492948
2.625 0.493128
2.63 0.493299
2.635 0.493459
2.64 0.493611
2.645 0.493753
2.65 0.493885
2.655 0.494009
2.66 0.494123
2.665 0.494229
2.67 0.494325
2.675 0.494413
2.68 0.494491
2.685 0.494562
2.69 0.494623
2.695 0.494677
2.7 0.494721
2.705 0.494758
2.71 0.494786
2.715 0.494806
2.72 0.494819
2.725 0.494823
2.73 0.494819
2.735 0.494808
2.74 0.494789
2.745 0.494762
2.75 0.494728
2.755 0.494687
2.76 0.494638
2.765 0.494581
2.77 0.494518
2.775 0.494448
2.78 0.49437
2.785 0.494286
2.79 0.494194
2.795 0.494096
2.8 0.493991
2.805 0.49388
2.81 0.493762
2.815 0.493637
2.82 0.493506
2.825 0.493369
2.83 0.493225
2.835 0.493075
2.84 0.492919
2.845 0.492757
2.85 0.492589
2.855 0.492416
2.86 0.492236
2.865 0.49205
2.87 0.491859
2.875 0.491662
2.88 0.491459
2.885 0.491251
2.89 0.491038
2.895 0.490819
2.9 0.490595
2.905 0.490365
2.91 0.490131
2.915 0.489891
2.92 0.489646
2.925 0.489396
2.93 0.489141
2.935 0.488882
2.94 0.488617
2.945 0.488348
2.95 0.488074
2.955 0.487795
2.96 0.487512
2.965 0.487224
2.97 0.486931
2.975 0.486635
2.98 0.486334
2.985 0.486028
2.99 0.485718
2.995 0.485404
3 0.485086
3.005 0.484764
3.01 0.484438
3.015 0.484108
3.02 0.483773
3.025 0.483435
3.03 0.483093
3.035 0.482748
3.04 0.482398
3.045 0.482045
3.05 0.481688
3.055 0.481328
3.06 0.480964
3.065 0.480596
3.07 0.480225
3.075 0.479851
3.08 0.479473
3.085 0.479092
3.09 0.478708
3.095 0.47832
3.1 0.477929
3.105 0.477535
3.11 0.477138
3.115 0.476738
3.12 0.476335
3.125 0.475929
3.13 0.47552
3.135 0.475108
3.14 0.474693
3.145 0.474276
3.15 0.473856
3.155 0.473433
3.16 0.473007
3.165 0.472578
3.17 0.472147
3.175 0.471714
3.18 0.471278
3.185 0.470839
3.19 0.470398
3.195 0.469954
3.2 0.469508
3.205 0.46906
3.21 0.468609
3.215 0.468156
3.22 0.467701
3.225 0.467244
3.23 0.466784
3.235 0.466323
3.24 0.465859
3.245 0.465393
3.25 0.464925
3.255 0.464455
3.26 0.463983
3.265 0.463509
3.27 0.463033
3.275 0.462555
3.28 0.462076
3.285 0.461594
3.29 0.461111
3.295 0.460626
3.3 0.46014
3.305 0.459651
3.31 0.459161
3.315 0.458669
3.32 0.458176
3.325 0.457681
3.33 0.457184
3.335 0.456686
3.34 0.456186
3.345 0.455685
3.35 0.455183
3.355 0.454679
3.36 0.454173
3.365 0.453666
3.37 0.453158
3.375 0.452649
3.38 0.452138
3.385 0.451626
3.39 0.451113
3.395 0.450598
3.4 0.450082
3.405 0.449565
3.41 0.449047
3.415 0.448528
3.42 0.448008
3.425 0.447486
3.43 0.446963
3.435 0.44644
3.44 0.445915
3.445 0.44539
3.45 0.444863
3.455 0.444335
3.46 0.443807
3.465 0.443278
3.47 0.442747
3.475 0.442216
3.48 0.441684
3.485 0.441151
3.49 0.440617
3.495 0.440083
3.5 0.439548
3.505 0.439011
3.51 0.438475
3.515 0.437937
3.52 0.437399
3.525 0.43686
3.53 0.43632
3.535 0.43578
3.54 0.435239
3.545 0.434698
3.55 0.434156
3.555 0.433613
3.56 0.43307
3.565 0.432526
3.57 0.431982
3.575 0.431437
3.58 0.430892
3.585 0.430346
3.59 0.4298
3.595 0.429253
3.6 0.428706
3.605 0.428159
3.61 0.427611
3.615 0.427063
3.62 0.426514
3.625 0.425965
3.63 0.425416
3.635 0.424866
3.64 0.424316
3.645 0.423766
3.65 0.423215
3.655 0.422664
3.66 0.422113
3.665 0.421562
3.67 0.42101
3.675 0.420458
3.68 0.419906
3.685 0.419354
3.69 0.418802
3.695 0.418249
3.7 0.417696
3.705 0.417143
3.71 0.41659
3.715 0.416037
3.72 0.415484
3.725 0.414931
3.73 0.414378
3.735 0.413824
3.74 0.413271
3.745 0.412717
3.75 0.412163
3.755 0.41161
3.76 0.411056
3.765 0.410503
3.77 0.409949
3.775 0.409395
3.78 0.408842
3.785 0.408288
3.79 0.407735
3.795 0.407181
3.8 0.406628
3.805 0.406075
3.81 0.405521
3.815 0.404968
3.82 0.404415
3.825 0.403862
3.83 0.40331
3.835 0.402757
3.84 0.402204
3.845 0.401652
3.85 0.4011
3.855 0.400548
3.86 0.399996
3.865 0.399444
3.87 0.398893
3.875 0.398342
3.88 0.397791
3.885 0.39724
3.89 0.396689
3.895 0.396139
3.9 0.395589
3.905 0.395039
3.91 0.394489
3.915 0.39394
3.92 0.393391
3.925 0.392842
3.93 0.392293
3.935 0.391745
3.94 0.391197
3.945 0.39065
3.95 0.390102
3.955 0.389555
3.96 0.389009
3.965 0.388462
3.97 0.387916
3.975 0.387371
3.98 0.386825
3.985 0.38628
3.99 0.385736
3.995 0.385192
4 0.384648
4.005 0.384104
4.01 0.383561
4.015 0.383019
4.02 0.382477
4.025 0.381935
4.03 0.381393
4.035 0.380852
4.04 0.380312
4.045 0.379772
4.05 0.379232
4.055 0.378692
4.06 0.378154
4.065 0.377615
4.07 0.377077
4.075 0.37654
4.08 0.376003
4.085 0.375466
4.09 0.37493
4.095 0.374395
4.1 0.373859
4.105 0.373325
4.11 0.372791
4.115 0.372257
4.12 0.371724
4.125 0.371191
4.13 0.370659
4.135 0.370128
4.14 0.369596
4.145 0.369066
4.15 0.368536
4.155 0.368006
4.16 0.367477
4.165 0.366949
4.17 0.366421
4.175 0.365894
4.18 0.365367
4.185 0.36484
4.19 0.364315
4.195 0.36379
4.2 0.363265
4.205 0.362741
4.21 0.362217
4.215 0.361695
4.22 0.361172
4.225 0.36065
4.23 0.360129
4.235 0.359609
4.24 0.359089
4.245 0.358569
4.25 0.35805
4.255 0.357532
4.26 0.357015
4.265 0.356498
4.27 0.355981
4.275 0.355465
4.28 0.35495
4.285 0.354436
4.29 0.353922
4.295 0.353408
4.3 0.352896
4.305 0.352384
4.31 0.351872
4.315 0.351361
4.32 0.350851
4.325 0.350341
4.33 0.349832
4.335 0.349324
4.34 0.348816
4.345 0.348309
4.35 0.347803
4.355 0.347297
4.36 0.346792
4.365 0.346288
4.37 0.345784
4.375 0.345281
4.38 0.344778
4.385 0.344276
4.39 0.343775
4.395 0.343275
4.4 0.342775
4.405 0.342275
4.41 0.341777
4.415 0.341279
4.42 0.340782
4.425 0.340285
4.43 0.339789
4.435 0.339294
4.44 0.3388
4.445 0.338306
4.45 0.337813
4.455 0.33732
4.46 0.336828
4.465 0.336337
4.47 0.335847
4.475 0.335357
4.48 0.334868
4.485 0.33438
4.49 0.333892
4.495 0.333405
4.5 0.332919
4.505 0.332433
4.51 0.331948
4.515 0.331464
4.52 0.33098
4.525 0.330497
4.53 0.330015
4.535 0.329534
4.54 0.329053
4.545 0.328573
4.55 0.328093
4.555 0.327615
4.56 0.327137
4.565 0.32666
4.57 0.326183
4.575 0.325707
4.58 0.325232
4.585 0.324757
4.59 0.324284
4.595 0.323811
4.6 0.323338
4.605 0.322867
4.61 0.322396
4.615 0.321926
4.62 0.321456
4.625 0.320987
4.63 0.320519
4.635 0.320052
4.64 0.319585
4.645 0.319119
4.65 0.318654
4.655 0.318189
4.66 0.317726
4.665 0.317262
4.67 0.3168
4.675 0.316338
4.68 0.315877
4.685 0.315417
4.69 0.314958
4.695 0.314499
4.7 0.314041
4.705 0.313583
4.71 0.313126
4.715 0.312671
4.72 0.312215
4.725 0.311761
4.73 0.311307
4.735 0.310854
4.74 0.310401
4.745 0.30995
4.75 0.309499
4.755 0.309048
4.76 0.308599
4.765 0.30815
4.77 0.307702
4.775 0.307255
4.78 0.306808
4.785 0.306362
4.79 0.305917
4.795 0.305472
4.8 0.305028
4.805 0.304585
4.81 0.304143
4.815 0.303701
4.82 0.30326
4.825 0.30282
4.83 0.302381
4.835 0.301942
4.84 0.301504
4.845 0.301066
4.85 0.30063
4.855 0.300194
4.86 0.299759
4.865 0.299324
4.87 0.29889
4.875 0.298457
4.88 0.298025
4.885 0.297593
4.89 0.297162
4.895 0.296732
4.9 0.296302
4.905 0.295874
4.91 0.295445
4.915 0.295018
4.92 0.294591
4.925 0.294165
4.93 0.29374
4.935 0.293316
4.94 0.292892
4.945 0.292469
4.95 0.292046
4.955 0.291624
4.96 0.291203
4.965 0.290783
4.97 0.290363
4.975 0.289944
4.98 0.289526
4.985 0.289109
4.99 0.288692
4.995 0.288276
5 0.28786
5.005 0.287446
5.01 0.287032
5.015 0.286618
5.02 0.286206
5.025 0.285794
5.03 0.285383
5.035 0.284972
5.04 0.284563
5.045 0.284153
5.05 0.283745
5.055 0.283337
5.06 0.28293
5.065 0.282524
5.07 0.282118
5.075 0.281713
5.08 0.281309
5.085 0.280906
5.09 0.280503
5.095 0.280101
5.1 0.279699
5.105 0.279298
5.11 0.278898
5.115 0.278499
5.12 0.2781
5.125 0.277702
5.13 0.277305
5.135 0.276908
5.14 0.276512
5.145 0.276117
5.15 0.275722
5.155 0.275328
5.16 0.274935
5.165 0.274543
5.17 0.274151
5.175 0.273759
5.18 0.273369
5.185 0.272979
5.19 0.27259
5.195 0.272201
5.2 0.271814
5.205 0.271426
5.21 0.27104
5.215 0.270654
5.22 0.270269
5.225 0.269885
5.23 0.269501
5.235 0.269118
5.24 0.268735
5.245 0.268353
5.25 0.267972
5.255 0.267592
5.26 0.267212
5.265 0.266833
5.27 0.266455
5.275 0.266077
5.28 0.2657
5.285 0.265323
5.29 0.264947
5.295 0.264572
5.3 0.264198
5.305 0.263824
5.31 0.263451
5.315 0.263078
5.32 0.262706
5.325 0.262335
5.33 0.261965
5.335 0.261595
5.34 0.261225
5.345 0.260857
5.35 0.260489
5.355 0.260122
5.36 0.259755
5.365 0.259389
5.37 0.259024
5.375 0.258659
5.38 0.258295
5.385 0.257931
5.39 0.257569
5.395 0.257206
5.4 0.256845
5.405 0.256484
5.41 0.256124
5.415 0.255764
5.42 0.255405
5.425 0.255047
5.43 0.254689
5.435 0.254332
5.44 0.253976
5.445 0.25362
5.45 0.253265
5.455 0.25291
5.46 0.252557
5.465 0.252203
5.47 0.251851
5.475 0.251499
5.48 0.251147
5.485 0.250797
5.49 0.250446
5.495 0.250097
5.5 0.249748
5.505 0.2494
5.51 0.249052
5.515 0.248705
5.52 0.248359
5.525 0.248013
5.53 0.247668
5.535 0.247323
5.54 0.246979
5.545 0.246636
5.55 0.246293
5.555 0.245951
5.56 0.24561
5.565 0.245269
5.57 0.244928
5.575 0.244589
5.58 0.24425
5.585 0.243911
5.59 0.243573
5.595 0.243236
5.6 0.242899
5.605 0.242563
5.61 0.242228
5.615 0.241893
5.62 0.241559
5.625 0.241225
5.63 0.240892
5.635 0.24056
5.64 0.240228
5.645 0.239896
5.65 0.239566
5.655 0.239236
5.66 0.238906
5.665 0.238577
5.67 0.238249
5.675 0.237921
5.68 0.237594
5.685 0.237267
5.69 0.236941
5.695 0.236616
5.7 0.236291
5.705 0.235967
5.71 0.235643
5.715 0.23532
5.72 0.234997
5.725 0.234676
5.73 0.234354
5.735 0.234033
5.74 0.233713
5.745 0.233394
5.75 0.233074
5.755 0.232756
5.76 0.232438
5.765 0.232121
5.77 0.231804
5.775 0.231488
5.78 0.231172
5.785 0.230857
5.79 0.230542
5.795 0.230228
5.8 0.229915
5.805 0.229602
5.81 0.22929
5.815 0.228978
5.82 0.228667
5.825 0.228356
5.83 0.228046
5.835 0.227737
5.84 0.227428
5.845 0.227119
5.85 0.226812
5.855 0.226504
5.86 0.226198
5.865 0.225891
5.87 0.225586
5.875 0.225281
5.88 0.224976
5.885 0.224672
5.89 0.224369
5.895 0.224066
5.9 0.223763
5.905 0.223461
5.91 0.22316
5.915 0.222859
5.92 0.222559
5.925 0.222259
5.93 0.22196
5.935 0.221662
5.94 0.221364
5.945 0.221066
5.95 0.220769
5.955 0.220473
5.96 0.220177
5.965 0.219881
5.97 0.219586
5.975 0.219292
5.98 0.218998
5.985 0.218705
5.99 0.218412
5.995 0.21812
6 0.217828
6.005 0.217537
6.01 0.217246
6.015 0.216956
6.02 0.216666
6.025 0.216377
6.03 0.216088
6.035 0.2158
6.04 0.215513
6.045 0.215225
6.05 0.214939
6.055 0.214653
6.06 0.214367
6.065 0.214082
6.07 0.213798
6.075 0.213514
6.08 0.21323
6.085 0.212947
6.09 0.212665
6.095 0.212383
6.1 0.212101
6.105 0.21182
6.11 0.211539
6.115 0.211259
6.12 0.21098
6.125 0.210701
6.13 0.210422
6.135 0.210144
6.14 0.209867
6.145 0.20959
6.15 0.209313
6.155 0.209037
6.16 0.208762
6.165 0.208487
6.17 0.208212
6.175 0.207938
6.18 0.207664
6.185 0.207391
6.19 0.207118
6.195 0.206846
6.2 0.206575
6.205 0.206303
6.21 0.206033
6.215 0.205763
6.22 0.205493
6.225 0.205224
6.23 0.204955
6.235 0.204686
6.24 0.204419
6.245 0.204151
6.25 0.203884
6.255 0.203618
6.26 0.203352
6.265 0.203087
6.27 0.202822
6.275 0.202557
6.28 0.202293
6.285 0.202029
6.29 0.201766
6.295 0.201504
6.3 0.201241
6.305 0.20098
6.31 0.200718
6.315 0.200458
6.32 0.200197
6.325 0.199937
6.33 0.199678
6.335 0.199419
6.34 0.19916
6.345 0.198902
6.35 0.198645
6.355 0.198388
6.36 0.198131
6.365 0.197875
6.37 0.197619
6.375 0.197364
6.38 0.197109
6.385 0.196854
6.39 0.1966
6.395 0.196347
6.4 0.196094
6.405 0.195841
6.41 0.195589
6.415 0.195337
6.42 0.195086
6.425 0.194835
6.43 0.194584
6.435 0.194334
6.44 0.194085
6.445 0.193836
6.45 0.193587
6.455 0.193339
6.46 0.193091
6.465 0.192844
6.47 0.192597
6.475 0.19235
6.48 0.192104
6.485 0.191859
6.49 0.191613
6.495 0.191369
6.5 0.191124
6.505 0.19088
6.51 0.190637
6.515 0.190394
6.52 0.190151
6.525 0.189909
6.53 0.189667
6.535 0.189426
6.54 0.189185
6.545 0.188944
6.55 0.188704
6.555 0.188465
6.56 0.188225
6.565 0.187987
6.57 0.187748
6.575 0.18751
6.58 0.187273
6.585 0.187035
6.59 0.186799
6.595 0.186562
6.6 0.186326
6.605 0.186091
6.61 0.185856
6.615 0.185621
6.62 0.185387
6.625 0.185153
6.63 0.184919
6.635 0.184686
6.64 0.184454
6.645 0.184221
6.65 0.18399
6.655 0.183758
6.66 0.183527
6.665 0.183296
6.67 0.183066
6.675 0.182836
6.68 0.182607
6.685 0.182378
6.69 0.182149
6.695 0.181921
6.7 0.181693
6.705 0.181466
6.71 0.181239
6.715 0.181012
6.72 0.180786
6.725 0.18056
6.73 0.180334
6.735 0.180109
6.74 0.179884
6.745 0.17966
6.75 0.179436
6.755 0.179213
6.76 0.178989
6.765 0.178767
6.77 0.178544
6.775 0.178322
6.78 0.178101
6.785 0.177879
6.79 0.177658
6.795 0.177438
6.8 0.177218
6.805 0.176998
6.81 0.176779
6.815 0.17656
6.82 0.176341
6.825 0.176123
6.83 0.175905
6.835 0.175688
6.84 0.175471
6.845 0.175254
6.85 0.175038
6.855 0.174822
6.86 0.174606
6.865 0.174391
6.87 0.174176
6.875 0.173961
6.88 0.173747
6.885 0.173534
6.89 0.17332
6.895 0.173107
6.9 0.172895
6.905 0.172682
6.91 0.17247
6.915 0.172259
6.92 0.172048
6.925 0.171837
6.93 0.171626
6.935 0.171416
6.94 0.171206
6.945 0.170997
6.95 0.170788
6.955 0.170579
6.96 0.170371
6.965 0.170163
6.97 0.169955
6.975 0.169748
6.98 0.169541
6.985 0.169335
6.99 0.169128
6.995 0.168922
7 0.168717
7.005 0.168512
7.01 0.168307
7.015 0.168103
7.02 0.167898
7.025 0.167695
7.03 0.167491
7.035 0.167288
7.04 0.167085
7.045 0.166883
7.05 0.166681
7.055 0.166479
7.06 0.166278
7.065 0.166077
7.07 0.165876
7.075 0.165676
7.08 0.165476
7.085 0.165276
7.09 0.165077
7.095 0.164878
7.1 0.164679
7.105 0.164481
7.11 0.164283
7.115 0.164085
7.12 0.163888
7.125 0.163691
7.13 0.163494
7.135 0.163298
7.14 0.163102
7.145 0.162907
7.15 0.162711
7.155 0.162516
7.16 0.162322
7.165 0.162127
7.17 0.161933
7.175 0.16174
7.18 0.161546
7.185 0.161353
7.19 0.16116
7.195 0.160968
7.2 0.160776
7.205 0.160584
7.21 0.160393
7.215 0.160202
7.22 0.160011
7.225 0.159821
7.23 0.15963
7.235 0.159441
7.24 0.159251
7.245 0.159062
7.25 0.158873
7.255 0.158685
7.26 0.158496
7.265 0.158308
7.27 0.158121
7.275 0.157934
7.28 0.157747
7.285 0.15756
7.29 0.157374
7.295 0.157188
7.3 0.157002
7.305 0.156816
7.31 0.156631
7.315 0.156446
7.32 0.156262
7.325 0.156078
7.33 0.155894
7.335 0.15571
7.34 0.155527
7.345 0.155344
7.35 0.155161
7.355 0.154979
7.36 0.154797
7.365 0.154615
7.37 0.154434
7.375 0.154253
7.38 0.154072
7.385 0.153891
7.39 0.153711
7.395 0.153531
7.4 0.153351
7.405 0.153172
7.41 0.152993
7.415 0.152814
7.42 0.152636
7.425 0.152458
7.43 0.15228
7.435 0.152102
7.44 0.151925
7.445 0.151748
7.45 0.151571
7.455 0.151395
7.46 0.151219
7.465 0.151043
7.47 0.150867
7.475 0.150692
7.48 0.150517
7.485 0.150342
7.49 0.150168
7.495 0.149994
7.5 0.14982
7.505 0.149647
7.51 0.149473
7.515 0.1493
7.52 0.149128
7.525 0.148955
7.53 0.148783
7.535 0.148611
7.54 0.14844
7.545 0.148268
7.55 0.148097
7.555 0.147927
7.56 0.147756
7.565 0.147586
7.57 0.147416
7.575 0.147247
7.58 0.147077
7.585 0.146908
7.59 0.14674
7.595 0.146571
7.6 0.146403
7.605 0.146235
7.61 0.146067
7.615 0.1459
7.62 0.145733
7.625 0.145566
7.63 0.145399
7.635 0.145233
7.64 0.145067
7.645 0.144901
7.65 0.144736
7.655 0.144571
7.66 0.144406
7.665 0.144241
7.67 0.144076
7.675 0.143912
7.68 0.143748
7.685 0.143585
7.69 0.143421
7.695 0.143258
7.7 0.143095
7.705 0.142933
7.71 0.142771
7.715 0.142609
7.72 0.142447
7.725 0.142285
7.73 0.142124
7.735 0.141963
7.74 0.141802
7.745 0.141642
7.75 0.141482
7.755 0.141322
7.76 0.141162
7.765 0.141002
7.77 0.140843
7.775 0.140684
7.78 0.140526
7.785 0.140367
7.79 0.140209
7.795 0.140051
7.8 0.139893
7.805 0.139736
7.81 0.139579
7.815 0.139422
7.82 0.139265
7.825 0.139109
7.83 0.138953
7.835 0.138797
7.84 0.138641
7.845 0.138486
7.85 0.138331
7.855 0.138176
7.86 0.138021
7.865 0.137867
7.87 0.137713
7.875 0.137559
7.88 0.137405
7.885 0.137252
7.89 0.137098
7.895 0.136945
7.9 0.136793
7.905 0.13664
7.91 0.136488
7.915 0.136336
7.92 0.136184
7.925 0.136033
7.93 0.135882
7.935 0.135731
7.94 0.13558
7.945 0.135429
7.95 0.135279
7.955 0.135129
7.96 0.134979
7.965 0.13483
7.97 0.13468
7.975 0.134531
7.98 0.134382
7.985 0.134234
7.99 0.134085
7.995 0.133937
8 0.133789
8.005 0.133642
8.01 0.133494
8.015 0.133347
8.02 0.1332
8.025 0.133053
8.03 0.132907
8.035 0.13276
8.04 0.132614
8.045 0.132469
8.05 0.132323
8.055 0.132178
8.06 0.132033
8.065 0.131888
8.07 0.131743
8.075 0.131598
8.08 0.131454
8.085 0.13131
8.09 0.131166
8.095 0.131023
8.1 0.13088
8.105 0.130736
8.11 0.130594
8.115 0.130451
8.12 0.130308
8.125 0.130166
8.13 0.130024
8.135 0.129883
8.14 0.129741
8.145 0.1296
8.15 0.129459
8.155 0.129318
8.16 0.129177
8.165 0.129037
8.17 0.128896
8.175 0.128756
8.18 0.128617
8.185 0.128477
8.19 0.128338
8.195 0.128199
8.2 0.12806
8.205 0.127921
8.21 0.127782
8.215 0.127644
8.22 0.127506
8.225 0.127368
8.23 0.127231
8.235 0.127093
8.24 0.126956
8.245 0.126819
8.25 0.126682
8.255 0.126546
8.26 0.126409
8.265 0.126273
8.27 0.126137
8.275 0.126002
8.28 0.125866
8.285 0.125731
8.29 0.125596
8.295 0.125461
8.3 0.125326
8.305 0.125192
8.31 0.125058
8.315 0.124923
8.32 0.12479
8.325 0.124656
8.33 0.124523
8.335 0.124389
8.34 0.124256
8.345 0.124124
8.35 0.123991
8.355 0.123858
8.36 0.123726
8.365 0.123594
8.37 0.123462
8.375 0.123331
8.38 0.1232
8.385 0.123068
8.39 0.122937
8.395 0.122807
8.4 0.122676
8.405 0.122546
8.41 0.122415
8.415 0.122285
8.42 0.122156
8.425 0.122026
8.43 0.121897
8.435 0.121767
8.44 0.121638
8.445 0.12151
8.45 0.121381
8.455 0.121253
8.46 0.121124
8.465 0.120996
8.47 0.120869
8.475 0.120741
8.48 0.120613
8.485 0.120486
8.49 0.120359
8.495 0.120232
8.5 0.120106
8.505 0.119979
8.51 0.119853
8.515 0.119727
8.52 0.119601
8.525 0.119475
8.53 0.11935
8.535 0.119224
8.54 0.119099
8.545 0.118974
8.55 0.11885
8.555 0.118725
8.56 0.118601
8.565 0.118476
8.57 0.118352
8.575 0.118229
8.58 0.118105
8.585 0.117982
8.59 0.117858
8.595 0.117735
8.6 0.117612
8.605 0.11749
8.61 0.117367
8.615 0.117245
8.62 0.117123
8.625 0.117001
8.63 0.116879
8.635 0.116757
8.64 0.116636
8.645 0.116515
8.65 0.116394
8.655 0.116273
8.66 0.116152
8.665 0.116032
8.67 0.115911
8.675 0.115791
8.68 0.115671
8.685 0.115551
8.69 0.115432
8.695 0.115312
8.7 0.115193
8.705 0.115074
8.71 0.114955
8.715 0.114836
8.72 0.114718
8.725 0.1146
8.73 0.114481
8.735 0.114363
8.74 0.114246
8.745 0.114128
8.75 0.11401
8.755 0.113893
8.76 0.113776
8.765 0.113659
8.77 0.113542
8.775 0.113426
8.78 0.113309
8.785 0.113193
8.79 0.113077
8.795 0.112961
8.8 0.112845
8.805 0.11273
8.81 0.112614
8.815 0.112499
8.82 0.112384
8.825 0.112269
8.83 0.112154
8.835 0.11204
8.84 0.111925
8.845 0.111811
8.85 0.111697
8.855 0.111583
8.86 0.11147
8.865 0.111356
8.87 0.111243
8.875 0.111129
8.88 0.111016
8.885 0.110904
8.89 0.110791
8.895 0.110678
8.9 0.110566
8.905 0.110454
8.91 0.110342
8.915 0.11023
8.92 0.110118
8.925 0.110007
8.93 0.109895
8.935 0.109784
8.94 0.109673
8.945 0.109562
8.95 0.109451
8.955 0.109341
8.96 0.10923
8.965 0.10912
8.97 0.10901
8.975 0.1089
8.98 0.10879
8.985 0.108681
8.99 0.108571
8.995 0.108462
9 0.108353
9.005 0.108244
9.01 0.108135
9.015 0.108026
9.02 0.107918
9.025 0.10781
9.03 0.107701
9.035 0.107593
9.04 0.107485
9.045 0.107378
9.05 0.10727
9.055 0.107163
9.06 0.107056
9.065 0.106949
9.07 0.106842
9.075 0.106735
9.08 0.106628
9.085 0.106522
9.09 0.106415
9.095 0.106309
9.1 0.106203
9.105 0.106097
9.11 0.105992
9.115 0.105886
9.12 0.105781
9.125 0.105676
9.13 0.105571
9.135 0.105466
9.14 0.105361
9.145 0.105256
9.15 0.105152
9.155 0.105047
9.16 0.104943
9.165 0.104839
9.17 0.104735
9.175 0.104632
9.18 0.104528
9.185 0.104425
9.19 0.104321
9.195 0.104218
9.2 0.104115
9.205 0.104012
9.21 0.10391
9.215 0.103807
9.22 0.103705
9.225 0.103603
9.23 0.1035
9.235 0.103398
9.24 0.103297
9.245 0.103195
9.25 0.103093
9.255 0.102992
9.26 0.102891
9.265 0.10279
9.27 0.102689
9.275 0.102588
9.28 0.102487
9.285 0.102387
9.29 0.102287
9.295 0.102186
9.3 0.102086
9.305 0.101986
9.31 0.101887
9.315 0.101787
9.32 0.101687
9.325 0.101588
9.33 0.101489
9.335 0.10139
9.34 0.101291
9.345 0.101192
9.35 0.101093
9.355 0.100995
9.36 0.100896
9.365 0.100798
9.37 0.1007
9.375 0.100602
9.38 0.100504
9.385 0.100407
9.39 0.100309
9.395 0.100212
9.4 0.100114
9.405 0.100017
9.41 0.0999202
9.415 0.0998233
9.42 0.0997266
9.425 0.09963
9.43 0.0995335
9.435 0.0994372
9.44 0.099341
9.445 0.099245
9.45 0.0991491
9.455 0.0990533
9.46 0.0989577
9.465 0.0988622
9.47 0.0987668
9.475 0.0986715
9.48 0.0985764
9.485 0.0984815
9.49 0.0983866
9.495 0.0982919
9.5 0.0981973
9.505 0.0981029
9.51 0.0980086
9.515 0.0979144
9.52 0.0978204
9.525 0.0977265
9.53 0.0976327
9.535 0.097539
9.54 0.0974455
9.545 0.0973521
9.55 0.0972589
9.555 0.0971657
9.56 0.0970727
9.565 0.0969799
9.57 0.0968871
9.575 0.0967945
9.58 0.096702
9.585 0.0966097
9.59 0.0965175
9.595 0.0964254
9.6 0.0963334
9.605 0.0962415
9.61 0.0961498
9.615 0.0960583
9.62 0.0959668
9.625 0.0958755
9.63 0.0957843
9.635 0.0956932
9.64 0.0956022
9.645 0.0955114
9.65 0.0954207
9.655 0.0953301
9.66 0.0952397
9.665 0.0951494
9.67 0.0950592
9.675 0.0949691
9.68 0.0948791
9.685 0.0947893
9.69 0.0946996
9.695 0.09461
9.7 0.0945206
9.705 0.0944313
9.71 0.094342
9.715 0.094253
9.72 0.094164
9.725 0.0940752
9.73 0.0939864
9.735 0.0938979
9.74 0.0938094
9.745 0.093721
9.75 0.0936328
9.755 0.0935447
9.76 0.0934567
9.765 0.0933688
9.77 0.0932811
9.775 0.0931935
9.78 0.093106
9.785 0.0930186
9.79 0.0929313
9.795 0.0928442
9.8 0.0927571
9.805 0.0926702
9.81 0.0925834
9.815 0.0924968
9.82 0.0924102
9.825 0.0923238
9.83 0.0922375
9.835 0.0921513
9.84 0.0920652
9.845 0.0919792
9.85 0.0918934
9.855 0.0918077
9.86 0.091722
9.865 0.0916366
9.87 0.0915512
9.875 0.0914659
9.88 0.0913808
9.885 0.0912957
9.89 0.0912108
9.895 0.091126
9.9 0.0910413
9.905 0.0909568
9.91 0.0908723
9.915 0.090788
9.92 0.0907037
9.925 0.0906196
9.93 0.0905356
9.935 0.0904517
9.94 0.090368
9.945 0.0902843
9.95 0.0902008
9.955 0.0901173
9.96 0.090034
9.965 0.0899508
9.97 0.0898677
9.975 0.0897847
9.98 0.0897019
9.985 0.0896191
9.99 0.0895365
9.995 0.0894539
