0 -nan
0.005 0.0536809
0.01 0.0834767
0.015 0.374735
0.02 0.394957
0.025 0.070647
0.03 0.800939
0.035 0.804882
0.04 0.398987
0.045 0.133701
0.05 0.0922415
0.055 0.187119
0.06 0.331314
0.065 0.473766
0.07 0.59205
0.075 0.680062
0.08 0.739408
0.085 0.774607
0.09 0.790746
0.095 0.792479
0.1 0.783693
0.105 0.767476
0.11 0.746206
0.115 0.721678
0.12 0.695221
0.125 0.66781
0.13 0.640145
0.135 0.612722
0.14 0.585886
0.145 0.559869
0.15 0.534818
0.155 0.510821
0.16 0.487922
0.165 0.466133
0.17 0.445445
0.175 0.425832
0.18 0.407259
0.185 0.389683
0.19 0.37306
0.195 0.357341
0.2 0.342477
0.205 0.328422
0.21 0.315128
0.215 0.302551
0.22 0.290648
0.225 0.279377
0.23 0.268701
0.235 0.258582
0.24 0.248987
0.245 0.239883
0.25 0.23124
0.255 0.223031
0.26 0.215228
0.265 0.207807
0.27 0.200745
0.275 0.194021
0.28 0.187615
0.285 0.181508
0.29 0.175683
0.295 0.170123
0.3 0.164813
0.305 0.15974
0.31 0.15489
0.315 0.15025
0.32 0.145809
0.325 0.141557
0.33 0.137482
0.335 0.133576
0.34 0.12983
0.345 0.126235
0.35 0.122784
0.355 0.119469
0.36 0.116284
0.365 0.113221
0.37 0.110275
0.375 0.10744
0.38 0.104711
0.385 0.102082
0.39 0.0995497
0.395 0.0971084
0.4 0.0947541
0.405 0.0924829
0.41 0.090291
0.415 0.0881747
0.42 0.0861308
0.425 0.0841561
0.43 0.0822474
0.435 0.0804019
0.44 0.0786169
0.445 0.0768899
0.45 0.0752184
0.455 0.0736
0.46 0.0720326
0.465 0.0705141
0.47 0.0690425
0.475 0.0676159
0.48 0.0662326
0.485 0.0648907
0.49 0.0635888
0.495 0.0623252
0.5 0.0610984
0.505 0.0599072
0.51 0.05875
0.515 0.0576257
0.52 0.0565331
0.525 0.0554709
0.53 0.0544381
0.535 0.0534335
0.54 0.0524563
0.545 0.0515054
0.55 0.0505798
0.555 0.0496788
0.56 0.0488014
0.565 0.0479469
0.57 0.0471144
0.575 0.0463032
0.58 0.0455126
0.585 0.044742
0.59 0.0439905
0.595 0.0432578
0.6 0.042543
0.605 0.0418457
0.61 0.0411652
0.615 0.0405011
0.62 0.0398528
0.625 0.0392199
0.63 0.0386018
0.635 0.0379981
0.64 0.0374083
0.645 0.0368321
0.65 0.0362691
0.655 0.0357187
0.66 0.0351807
0.665 0.0346547
0.67 0.0341403
0.675 0.0336373
0.68 0.0331452
0.685 0.0326637
0.69 0.0321926
0.695 0.0317316
0.7 0.0312804
0.705 0.0308386
0.71 0.0304061
0.715 0.0299826
0.72 0.0295678
0.725 0.0291615
0.73 0.0287635
0.735 0.0283736
0.74 0.0279915
0.745 0.027617
0.75 0.0272499
0.755 0.0268901
0.76 0.0265374
0.765 0.0261914
0.77 0.0258522
0.775 0.0255195
0.78 0.0251932
0.785 0.024873
0.79 0.0245589
0.795 0.0242507
0.8 0.0239482
0.805 0.0236513
0.81 0.0233599
0.815 0.0230738
0.82 0.0227929
0.825 0.0225171
0.83 0.0222462
0.835 0.0219802
0.84 0.0217189
0.845 0.0214622
0.85 0.02121
0.855 0.0209623
0.86 0.0207188
0.865 0.0204795
0.87 0.0202444
0.875 0.0200132
0.88 0.019786
0.885 0.0195626
0.89 0.0193429
0.895 0.019127
0.9 0.0189146
0.905 0.0187057
0.91 0.0185002
0.915 0.0182981
0.92 0.0180993
0.925 0.0179037
0.93 0.0177112
0.935 0.0175219
0.94 0.0173355
0.945 0.0171521
0.95 0.0169715
0.955 0.0167938
0.96 0.0166189
0.965 0.0164466
0.97 0.0162771
0.975 0.0161101
0.98 0.0159457
0.985 0.0157837
0.99 0.0156243
0.995 0.0154672
1 0.0153125
1.005 0.01516
1.01 0.0150099
1.015 0.0148619
1.02 0.0147161
1.025 0.0145725
1.03 0.0144309
1.035 0.0142914
1.04 0.0141539
1.045 0.0140183
1.05 0.0138847
1.055 0.013753
1.06 0.0136232
1.065 0.0134951
1.07 0.0133689
1.075 0.0132444
1.08 0.0131217
1.085 0.0130006
1.09 0.0128813
1.095 0.0127635
1.1 0.0126474
1.105 0.0125328
1.11 0.0124197
1.115 0.0123082
1.12 0.0121982
1.125 0.0120897
1.13 0.0119825
1.135 0.0118768
1.14 0.0117725
1.145 0.0116696
1.15 0.011568
1.155 0.0114677
1.16 0.0113687
1.165 0.011271
1.17 0.0111745
1.175 0.0110793
1.18 0.0109853
1.185 0.0108924
1.19 0.0108008
1.195 0.0107103
1.2 0.0106209
1.205 0.0105326
1.21 0.0104454
1.215 0.0103593
1.22 0.0102743
1.225 0.0101903
1.23 0.0101073
1.235 0.0100253
1.24 0.00994436
1.245 0.00986435
1.25 0.00978531
1.255 0.00970721
1.26 0.00963004
1.265 0.00955379
1.27 0.00947843
1.275 0.00940397
1.28 0.00933037
1.285 0.00925764
1.29 0.00918575
1.295 0.00911469
1.3 0.00904445
1.305 0.00897502
1.31 0.00890639
1.315 0.00883854
1.32 0.00877146
1.325 0.00870514
1.33 0.00863957
1.335 0.00857473
1.34 0.00851062
1.345 0.00844723
1.35 0.00838454
1.355 0.00832254
1.36 0.00826123
1.365 0.0082006
1.37 0.00814062
1.375 0.0080813
1.38 0.00802263
1.385 0.00796459
1.39 0.00790718
1.395 0.00785039
1.4 0.0077942
1.405 0.00773862
1.41 0.00768363
1.415 0.00762922
1.42 0.00757538
1.425 0.00752212
1.43 0.00746941
1.435 0.00741725
1.44 0.00736564
1.445 0.00731456
1.45 0.00726401
1.455 0.00721399
1.46 0.00716448
1.465 0.00711547
1.47 0.00706697
1.475 0.00701896
1.48 0.00697143
1.485 0.00692439
1.49 0.00687782
1.495 0.00683172
1.5 0.00678608
1.505 0.00674089
1.51 0.00669616
1.515 0.00665186
1.52 0.00660801
1.525 0.00656458
1.53 0.00652159
1.535 0.00647901
1.54 0.00643685
1.545 0.0063951
1.55 0.00635375
1.555 0.0063128
1.56 0.00627225
1.565 0.00623208
1.57 0.0061923
1.575 0.0061529
1.58 0.00611388
1.585 0.00607522
1.59 0.00603693
1.595 0.00599899
1.6 0.00596142
1.605 0.00592419
1.61 0.00588732
1.615 0.00585078
1.62 0.00581459
1.625 0.00577873
1.63 0.0057432
1.635 0.00570799
1.64 0.00567311
1.645 0.00563855
1.65 0.0056043
1.655 0.00557036
1.66 0.00553673
1.665 0.0055034
1.67 0.00547038
1.675 0.00543764
1.68 0.00540521
1.685 0.00537306
1.69 0.00534119
1.695 0.00530961
1.7 0.00527831
1.705 0.00524728
1.71 0.00521652
1.715 0.00518604
1.72 0.00515582
1.725 0.00512586
1.73 0.00509617
1.735 0.00506673
1.74 0.00503755
1.745 0.00500861
1.75 0.00497993
1.755 0.00495149
1.76 0.00492329
1.765 0.00489533
1.77 0.00486761
1.775 0.00484013
1.78 0.00481288
1.785 0.00478585
1.79 0.00475906
1.795 0.00473248
1.8 0.00470613
1.805 0.00468
1.81 0.00465408
1.815 0.00462838
1.82 0.0046029
1.825 0.00457762
1.83 0.00455255
1.835 0.00452768
1.84 0.00450302
1.845 0.00447856
1.85 0.00445429
1.855 0.00443023
1.86 0.00440635
1.865 0.00438267
1.87 0.00435918
1.875 0.00433588
1.88 0.00431277
1.885 0.00428983
1.89 0.00426709
1.895 0.00424452
1.9 0.00422213
1.905 0.00419991
1.91 0.00417787
1.915 0.00415601
1.92 0.00413431
1.925 0.00411279
1.93 0.00409143
1.935 0.00407024
1.94 0.00404921
1.945 0.00402834
1.95 0.00400764
1.955 0.00398709
1.96 0.0039667
1.965 0.00394647
1.97 0.00392639
1.975 0.00390647
1.98 0.00388669
1.985 0.00386707
1.99 0.00384759
1.995 0.00382826
2 0.00380908
2.005 0.00379003
2.01 0.00377114
2.015 0.00375238
2.02 0.00373376
2.025 0.00371528
2.03 0.00369694
2.035 0.00367873
2.04 0.00366066
2.045 0.00364271
2.05 0.0036249
2.055 0.00360723
2.06 0.00358968
2.065 0.00357225
2.07 0.00355496
2.075 0.00353779
2.08 0.00352074
2.085 0.00350381
2.09 0.00348701
2.095 0.00347033
2.1 0.00345377
2.105 0.00343732
2.11 0.003421
2.115 0.00340478
2.12 0.00338869
2.125 0.0033727
2.13 0.00335684
2.135 0.00334108
2.14 0.00332543
2.145 0.00330989
2.15 0.00329446
2.155 0.00327914
2.16 0.00326392
2.165 0.00324882
2.17 0.00323381
2.175 0.00321891
2.18 0.00320411
2.185 0.00318941
2.19 0.00317482
2.195 0.00316032
2.2 0.00314592
2.205 0.00313162
2.21 0.00311742
2.215 0.00310332
2.22 0.00308931
2.225 0.00307539
2.23 0.00306157
2.235 0.00304784
2.24 0.0030342
2.245 0.00302066
2.25 0.0030072
2.255 0.00299384
2.26 0.00298056
2.265 0.00296737
2.27 0.00295427
2.275 0.00294126
2.28 0.00292833
2.285 0.00291549
2.29 0.00290273
2.295 0.00289005
2.3 0.00287746
2.305 0.00286495
2.31 0.00285252
2.315 0.00284017
2.32 0.0028279
2.325 0.00281571
2.33 0.0028036
2.335 0.00279156
2.34 0.00277961
2.345 0.00276773
2.35 0.00275593
2.355 0.0027442
2.36 0.00273254
2.365 0.00272096
2.37 0.00270946
2.375 0.00269803
2.38 0.00268666
2.385 0.00267537
2.39 0.00266416
2.395 0.00265301
2.4 0.00264193
2.405 0.00263092
2.41 0.00261998
2.415 0.00260911
2.42 0.0025983
2.425 0.00258757
2.43 0.00257689
2.435 0.00256629
2.44 0.00255575
2.445 0.00254527
2.45 0.00253486
2.455 0.00252451
2.46 0.00251423
2.465 0.00250401
2.47 0.00249385
2.475 0.00248375
2.48 0.00247371
2.485 0.00246374
2.49 0.00245382
2.495 0.00244397
2.5 0.00243417
2.505 0.00242443
2.51 0.00241475
2.515 0.00240513
2.52 0.00239556
2.525 0.00238606
2.53 0.00237661
2.535 0.00236721
2.54 0.00235787
2.545 0.00234859
2.55 0.00233936
2.555 0.00233018
2.56 0.00232106
2.565 0.00231199
2.57 0.00230298
2.575 0.00229401
2.58 0.0022851
2.585 0.00227624
2.59 0.00226744
2.595 0.00225868
2.6 0.00224998
2.605 0.00224132
2.61 0.00223271
2.615 0.00222416
2.62 0.00221565
2.625 0.00220719
2.63 0.00219878
2.635 0.00219042
2.64 0.00218211
2.645 0.00217384
2.65 0.00216562
2.655 0.00215744
2.66 0.00214932
2.665 0.00214124
2.67 0.0021332
2.675 0.00212521
2.68 0.00211726
2.685 0.00210936
2.69 0.0021015
2.695 0.00209369
2.7 0.00208592
2.705 0.00207819
2.71 0.00207051
2.715 0.00206286
2.72 0.00205526
2.725 0.00204771
2.73 0.00204019
2.735 0.00203271
2.74 0.00202528
2.745 0.00201789
2.75 0.00201053
2.755 0.00200322
2.76 0.00199595
2.765 0.00198871
2.77 0.00198152
2.775 0.00197437
2.78 0.00196725
2.785 0.00196017
2.79 0.00195313
2.795 0.00194613
2.8 0.00193916
2.805 0.00193224
2.81 0.00192535
2.815 0.00191849
2.82 0.00191168
2.825 0.00190489
2.83 0.00189815
2.835 0.00189144
2.84 0.00188477
2.845 0.00187813
2.85 0.00187153
2.855 0.00186496
2.86 0.00185842
2.865 0.00185192
2.87 0.00184546
2.875 0.00183903
2.88 0.00183263
2.885 0.00182626
2.89 0.00181993
2.895 0.00181363
2.9 0.00180736
2.905 0.00180113
2.91 0.00179493
2.915 0.00178876
2.92 0.00178262
2.925 0.00177651
2.93 0.00177044
2.935 0.00176439
2.94 0.00175838
2.945 0.0017524
2.95 0.00174645
2.955 0.00174052
2.96 0.00173463
2.965 0.00172877
2.97 0.00172294
2.975 0.00171714
2.98 0.00171136
2.985 0.00170562
2.99 0.0016999
2.995 0.00169421
3 0.00168856
3.005 0.00168293
3.01 0.00167732
3.015 0.00167175
3.02 0.0016662
3.025 0.00166068
3.03 0.00165519
3.035 0.00164973
3.04 0.00164429
3.045 0.00163888
3.05 0.0016335
3.055 0.00162814
3.06 0.00162281
3.065 0.0016175
3.07 0.00161222
3.075 0.00160697
3.08 0.00160174
3.085 0.00159654
3.09 0.00159136
3.095 0.00158621
3.1 0.00158109
3.105 0.00157598
3.11 0.00157091
3.115 0.00156585
3.12 0.00156083
3.125 0.00155582
3.13 0.00155084
3.135 0.00154588
3.14 0.00154095
3.145 0.00153604
3.15 0.00153116
3.155 0.00152629
3.16 0.00152146
3.165 0.00151664
3.17 0.00151185
3.175 0.00150707
3.18 0.00150233
3.185 0.0014976
3.19 0.0014929
3.195 0.00148822
3.2 0.00148356
3.205 0.00147892
3.21 0.0014743
3.215 0.00146971
3.22 0.00146513
3.225 0.00146058
3.23 0.00145605
3.235 0.00145154
3.24 0.00144705
3.245 0.00144259
3.25 0.00143814
3.255 0.00143371
3.26 0.00142931
3.265 0.00142492
3.27 0.00142055
3.275 0.00141621
3.28 0.00141188
3.285 0.00140758
3.29 0.00140329
3.295 0.00139902
3.3 0.00139478
3.305 0.00139055
3.31 0.00138634
3.315 0.00138215
3.32 0.00137798
3.325 0.00137383
3.33 0.00136969
3.335 0.00136558
3.34 0.00136148
3.345 0.00135741
3.35 0.00135335
3.355 0.0013493
3.36 0.00134528
3.365 0.00134128
3.37 0.00133729
3.375 0.00133332
3.38 0.00132937
3.385 0.00132543
3.39 0.00132152
3.395 0.00131762
3.4 0.00131373
3.405 0.00130987
3.41 0.00130602
3.415 0.00130219
3.42 0.00129837
3.425 0.00129458
3.43 0.00129079
3.435 0.00128703
3.44 0.00128328
3.445 0.00127955
3.45 0.00127583
3.455 0.00127214
3.46 0.00126845
3.465 0.00126478
3.47 0.00126113
3.475 0.0012575
3.48 0.00125388
3.485 0.00125027
3.49 0.00124668
3.495 0.00124311
3.5 0.00123955
3.505 0.00123601
3.51 0.00123248
3.515 0.00122897
3.52 0.00122547
3.525 0.00122199
3.53 0.00121852
3.535 0.00121507
3.54 0.00121163
3.545 0.0012082
3.55 0.0012048
3.555 0.0012014
3.56 0.00119802
3.565 0.00119465
3.57 0.0011913
3.575 0.00118796
3.58 0.00118464
3.585 0.00118133
3.59 0.00117803
3.595 0.00117475
3.6 0.00117148
3.605 0.00116822
3.61 0.00116498
3.615 0.00116175
3.62 0.00115854
3.625 0.00115534
3.63 0.00115215
3.635 0.00114897
3.64 0.00114581
3.645 0.00114266
3.65 0.00113953
3.655 0.0011364
3.66 0.00113329
3.665 0.0011302
3.67 0.00112711
3.675 0.00112404
3.68 0.00112098
3.685 0.00111793
3.69 0.0011149
3.695 0.00111187
3.7 0.00110886
3.705 0.00110587
3.71 0.00110288
3.715 0.00109991
3.72 0.00109694
3.725 0.00109399
3.73 0.00109106
3.735 0.00108813
3.74 0.00108521
3.745 0.00108231
3.75 0.00107942
3.755 0.00107654
3.76 0.00107367
3.765 0.00107082
3.77 0.00106797
3.775 0.00106514
3.78 0.00106231
3.785 0.0010595
3.79 0.0010567
3.795 0.00105391
3.8 0.00105114
3.805 0.00104837
3.81 0.00104561
3.815 0.00104287
3.82 0.00104013
3.825 0.00103741
3.83 0.00103469
3.835 0.00103199
3.84 0.0010293
3.845 0.00102662
3.85 0.00102395
3.855 0.00102129
3.86 0.00101864
3.865 0.001016
3.87 0.00101337
3.875 0.00101075
3.88 0.00100814
3.885 0.00100554
3.89 0.00100295
3.895 0.00100037
3.9 0.0009978
3.905 0.000995241
3.91 0.000992691
3.915 0.000990151
3.92 0.000987621
3.925 0.000985101
3.93 0.00098259
3.935 0.000980089
3.94 0.000977597
3.945 0.000975115
3.95 0.000972642
3.955 0.000970179
3.96 0.000967725
3.965 0.00096528
3.97 0.000962845
3.975 0.000960418
3.98 0.000958001
3.985 0.000955593
3.99 0.000953194
3.995 0.000950804
4 0.000948423
4.005 0.000946051
4.01 0.000943688
4.015 0.000941334
4.02 0.000938988
4.025 0.000936652
4.03 0.000934324
4.035 0.000932004
4.04 0.000929694
4.045 0.000927391
4.05 0.000925098
4.055 0.000922813
4.06 0.000920536
4.065 0.000918268
4.07 0.000916008
4.075 0.000913756
4.08 0.000911513
4.085 0.000909278
4.09 0.000907051
4.095 0.000904833
4.1 0.000902622
4.105 0.00090042
4.11 0.000898225
4.115 0.000896039
4.12 0.000893861
4.125 0.00089169
4.13 0.000889528
4.135 0.000887373
4.14 0.000885226
4.145 0.000883087
4.15 0.000880956
4.155 0.000878832
4.16 0.000876716
4.165 0.000874608
4.17 0.000872507
4.175 0.000870414
4.18 0.000868328
4.185 0.00086625
4.19 0.000864179
4.195 0.000862116
4.2 0.00086006
4.205 0.000858011
4.21 0.00085597
4.215 0.000853936
4.22 0.000851909
4.225 0.00084989
4.23 0.000847877
4.235 0.000845872
4.24 0.000843874
4.245 0.000841883
4.25 0.000839899
4.255 0.000837922
4.26 0.000835952
4.265 0.000833989
4.27 0.000832032
4.275 0.000830083
4.28 0.00082814
4.285 0.000826205
4.29 0.000824276
4.295 0.000822354
4.3 0.000820438
4.305 0.000818529
4.31 0.000816627
4.315 0.000814732
4.32 0.000812843
4.325 0.000810961
4.33 0.000809085
4.335 0.000807215
4.34 0.000805353
4.345 0.000803496
4.35 0.000801646
4.355 0.000799803
4.36 0.000797965
4.365 0.000796134
4.37 0.00079431
4.375 0.000792491
4.38 0.000790679
4.385 0.000788873
4.39 0.000787073
4.395 0.00078528
4.4 0.000783492
4.405 0.000781711
4.41 0.000779936
4.415 0.000778166
4.42 0.000776403
4.425 0.000774646
4.43 0.000772894
4.435 0.000771149
4.44 0.00076941
4.445 0.000767676
4.45 0.000765948
4.455 0.000764226
4.46 0.00076251
4.465 0.0007608
4.47 0.000759095
4.475 0.000757396
4.48 0.000755703
4.485 0.000754016
4.49 0.000752334
4.495 0.000750657
4.5 0.000748987
4.505 0.000747322
4.51 0.000745662
4.515 0.000744008
4.52 0.00074236
4.525 0.000740716
4.53 0.000739079
4.535 0.000737447
4.54 0.00073582
4.545 0.000734198
4.55 0.000732582
4.555 0.000730972
4.56 0.000729366
4.565 0.000727766
4.57 0.000726171
4.575 0.000724582
4.58 0.000722997
4.585 0.000721418
4.59 0.000719844
4.595 0.000718275
4.6 0.000716711
4.605 0.000715152
4.61 0.000713599
4.615 0.00071205
4.62 0.000710507
4.625 0.000708968
4.63 0.000707435
4.635 0.000705906
4.64 0.000704382
4.645 0.000702864
4.65 0.00070135
4.655 0.000699841
4.66 0.000698337
4.665 0.000696838
4.67 0.000695343
4.675 0.000693854
4.68 0.000692369
4.685 0.000690889
4.69 0.000689414
4.695 0.000687943
4.7 0.000686477
4.705 0.000685016
4.71 0.00068356
4.715 0.000682108
4.72 0.000680661
4.725 0.000679218
4.73 0.00067778
4.735 0.000676346
4.74 0.000674917
4.745 0.000673493
4.75 0.000672073
4.755 0.000670657
4.76 0.000669246
4.765 0.00066784
4.77 0.000666438
4.775 0.00066504
4.78 0.000663647
4.785 0.000662258
4.79 0.000660873
4.795 0.000659493
4.8 0.000658117
4.805 0.000656745
4.81 0.000655378
4.815 0.000654015
4.82 0.000652656
4.825 0.000651301
4.83 0.000649951
4.835 0.000648605
4.84 0.000647263
4.845 0.000645925
4.85 0.000644591
4.855 0.000643262
4.86 0.000641936
4.865 0.000640615
4.87 0.000639297
4.875 0.000637984
4.88 0.000636675
4.885 0.00063537
4.89 0.000634069
4.895 0.000632771
4.9 0.000631478
4.905 0.000630189
4.91 0.000628904
4.915 0.000627622
4.92 0.000626345
4.925 0.000625071
4.93 0.000623801
4.935 0.000622536
4.94 0.000621274
4.945 0.000620015
4.95 0.000618761
4.955 0.000617511
4.96 0.000616264
4.965 0.000615021
4.97 0.000613782
4.975 0.000612546
4.98 0.000611314
4.985 0.000610086
4.99 0.000608862
4.995 0.000607641
5 0.000606424
5.005 0.000605211
5.01 0.000604001
5.015 0.000602795
5.02 0.000601593
5.025 0.000600394
5.03 0.000599199
5.035 0.000598007
5.04 0.000596819
5.045 0.000595634
5.05 0.000594453
5.055 0.000593275
5.06 0.000592101
5.065 0.000590931
5.07 0.000589763
5.075 0.0005886
5.08 0.000587439
5.085 0.000586283
5.09 0.000585129
5.095 0.000583979
5.1 0.000582833
5.105 0.000581689
5.11 0.000580549
5.115 0.000579413
5.12 0.00057828
5.125 0.00057715
5.13 0.000576023
5.135 0.0005749
5.14 0.00057378
5.145 0.000572663
5.15 0.000571549
5.155 0.000570439
5.16 0.000569332
5.165 0.000568228
5.17 0.000567128
5.175 0.00056603
5.18 0.000564936
5.185 0.000563845
5.19 0.000562757
5.195 0.000561673
5.2 0.000560591
5.205 0.000559512
5.21 0.000558437
5.215 0.000557365
5.22 0.000556296
5.225 0.000555229
5.23 0.000554166
5.235 0.000553106
5.24 0.000552049
5.245 0.000550995
5.25 0.000549944
5.255 0.000548897
5.26 0.000547852
5.265 0.00054681
5.27 0.000545771
5.275 0.000544735
5.28 0.000543701
5.285 0.000542671
5.29 0.000541644
5.295 0.00054062
5.3 0.000539598
5.305 0.00053858
5.31 0.000537564
5.315 0.000536551
5.32 0.000535542
5.325 0.000534535
5.33 0.00053353
5.335 0.000532529
5.34 0.00053153
5.345 0.000530535
5.35 0.000529542
5.355 0.000528551
5.36 0.000527564
5.365 0.000526579
5.37 0.000525597
5.375 0.000524618
5.38 0.000523642
5.385 0.000522668
5.39 0.000521697
5.395 0.000520729
5.4 0.000519763
5.405 0.0005188
5.41 0.00051784
5.415 0.000516883
5.42 0.000515928
5.425 0.000514975
5.43 0.000514026
5.435 0.000513079
5.44 0.000512134
5.445 0.000511192
5.45 0.000510253
5.455 0.000509317
5.46 0.000508383
5.465 0.000507451
5.47 0.000506522
5.475 0.000505596
5.48 0.000504672
5.485 0.000503751
5.49 0.000502832
5.495 0.000501916
5.5 0.000501002
5.505 0.000500091
5.51 0.000499182
5.515 0.000498276
5.52 0.000497372
5.525 0.00049647
5.53 0.000495571
5.535 0.000494675
5.54 0.000493781
5.545 0.000492889
5.55 0.000492
5.555 0.000491113
5.56 0.000490229
5.565 0.000489347
5.57 0.000488467
5.575 0.00048759
5.58 0.000486715
5.585 0.000485842
5.59 0.000484972
5.595 0.000484104
5.6 0.000483238
5.605 0.000482375
5.61 0.000481514
5.615 0.000480655
5.62 0.000479799
5.625 0.000478945
5.63 0.000478093
5.635 0.000477244
5.64 0.000476396
5.645 0.000475551
5.65 0.000474709
5.655 0.000473868
5.66 0.00047303
5.665 0.000472194
5.67 0.00047136
5.675 0.000470528
5.68 0.000469699
5.685 0.000468872
5.69 0.000468046
5.695 0.000467224
5.7 0.000466403
5.705 0.000465584
5.71 0.000464768
5.715 0.000463954
5.72 0.000463141
5.725 0.000462331
5.73 0.000461524
5.735 0.000460718
5.74 0.000459914
5.745 0.000459113
5.75 0.000458313
5.755 0.000457516
5.76 0.00045672
5.765 0.000455927
5.77 0.000455136
5.775 0.000454347
5.78 0.00045356
5.785 0.000452775
5.79 0.000451992
5.795 0.000451211
5.8 0.000450432
5.805 0.000449655
5.81 0.00044888
5.815 0.000448107
5.82 0.000447336
5.825 0.000446568
5.83 0.000445801
5.835 0.000445036
5.84 0.000444273
5.845 0.000443512
5.85 0.000442752
5.855 0.000441995
5.86 0.00044124
5.865 0.000440487
5.87 0.000439736
5.875 0.000438986
5.88 0.000438239
5.885 0.000437493
5.89 0.000436749
5.895 0.000436008
5.9 0.000435268
5.905 0.00043453
5.91 0.000433793
5.915 0.000433059
5.92 0.000432327
5.925 0.000431596
5.93 0.000430868
5.935 0.000430141
5.94 0.000429416
5.945 0.000428692
5.95 0.000427971
5.955 0.000427251
5.96 0.000426534
5.965 0.000425818
5.97 0.000425104
5.975 0.000424391
5.98 0.000423681
5.985 0.000422972
5.99 0.000422265
5.995 0.00042156
6 0.000420856
6.005 0.000420155
6.01 0.000419455
6.015 0.000418756
6.02 0.00041806
6.025 0.000417365
6.03 0.000416672
6.035 0.000415981
6.04 0.000415292
6.045 0.000414604
6.05 0.000413918
6.055 0.000413233
6.06 0.00041255
6.065 0.000411869
6.07 0.00041119
6.075 0.000410512
6.08 0.000409836
6.085 0.000409162
6.09 0.000408489
6.095 0.000407818
6.1 0.000407149
6.105 0.000406481
6.11 0.000405815
6.115 0.000405151
6.12 0.000404488
6.125 0.000403827
6.13 0.000403167
6.135 0.000402509
6.14 0.000401853
6.145 0.000401198
6.15 0.000400545
6.155 0.000399894
6.16 0.000399244
6.165 0.000398595
6.17 0.000397948
6.175 0.000397303
6.18 0.00039666
6.185 0.000396017
6.19 0.000395377
6.195 0.000394738
6.2 0.000394101
6.205 0.000393465
6.21 0.00039283
6.215 0.000392197
6.22 0.000391566
6.225 0.000390936
6.23 0.000390308
6.235 0.000389681
6.24 0.000389056
6.245 0.000388432
6.25 0.00038781
6.255 0.00038719
6.26 0.00038657
6.265 0.000385953
6.27 0.000385336
6.275 0.000384721
6.28 0.000384108
6.285 0.000383496
6.29 0.000382886
6.295 0.000382277
6.3 0.000381669
6.305 0.000381063
6.31 0.000380459
6.315 0.000379856
6.32 0.000379254
6.325 0.000378654
6.33 0.000378055
6.335 0.000377457
6.34 0.000376861
6.345 0.000376266
6.35 0.000375673
6.355 0.000375081
6.36 0.000374491
6.365 0.000373902
6.37 0.000373314
6.375 0.000372728
6.38 0.000372143
6.385 0.00037156
6.39 0.000370977
6.395 0.000370397
6.4 0.000369817
6.405 0.000369239
6.41 0.000368662
6.415 0.000368087
6.42 0.000367513
6.425 0.00036694
6.43 0.000366369
6.435 0.000365799
6.44 0.00036523
6.445 0.000364663
6.45 0.000364097
6.455 0.000363532
6.46 0.000362969
6.465 0.000362407
6.47 0.000361846
6.475 0.000361287
6.48 0.000360729
6.485 0.000360172
6.49 0.000359616
6.495 0.000359062
6.5 0.000358509
6.505 0.000357957
6.51 0.000357406
6.515 0.000356857
6.52 0.000356309
6.525 0.000355763
6.53 0.000355217
6.535 0.000354673
6.54 0.00035413
6.545 0.000353588
6.55 0.000353048
6.555 0.000352509
6.56 0.000351971
6.565 0.000351434
6.57 0.000350899
6.575 0.000350364
6.58 0.000349831
6.585 0.000349299
6.59 0.000348769
6.595 0.000348239
6.6 0.000347711
6.605 0.000347184
6.61 0.000346658
6.615 0.000346133
6.62 0.00034561
6.625 0.000345088
6.63 0.000344567
6.635 0.000344047
6.64 0.000343528
6.645 0.000343011
6.65 0.000342494
6.655 0.000341979
6.66 0.000341465
6.665 0.000340952
6.67 0.00034044
6.675 0.00033993
6.68 0.00033942
6.685 0.000338912
6.69 0.000338405
6.695 0.000337899
6.7 0.000337394
6.705 0.00033689
6.71 0.000336387
6.715 0.000335886
6.72 0.000335386
6.725 0.000334886
6.73 0.000334388
6.735 0.000333891
6.74 0.000333395
6.745 0.0003329
6.75 0.000332407
6.755 0.000331914
6.76 0.000331422
6.765 0.000330932
6.77 0.000330443
6.775 0.000329954
6.78 0.000329467
6.785 0.000328981
6.79 0.000328496
6.795 0.000328012
6.8 0.000327529
6.805 0.000327047
6.81 0.000326566
6.815 0.000326087
6.82 0.000325608
6.825 0.000325131
6.83 0.000324654
6.835 0.000324178
6.84 0.000323704
6.845 0.000323231
6.85 0.000322758
6.855 0.000322287
6.86 0.000321817
6.865 0.000321347
6.87 0.000320879
6.875 0.000320412
6.88 0.000319945
6.885 0.00031948
6.89 0.000319016
6.895 0.000318553
6.9 0.000318091
6.905 0.00031763
6.91 0.000317169
6.915 0.00031671
6.92 0.000316252
6.925 0.000315795
6.93 0.000315339
6.935 0.000314884
6.94 0.000314429
6.945 0.000313976
6.95 0.000313524
6.955 0.000313073
6.96 0.000312622
6.965 0.000312173
6.97 0.000311725
6.975 0.000311277
6.98 0.000310831
6.985 0.000310385
6.99 0.000309941
6.995 0.000309497
7 0.000309055
7.005 0.000308613
7.01 0.000308172
7.015 0.000307732
7.02 0.000307294
7.025 0.000306856
7.03 0.000306419
7.035 0.000305983
7.04 0.000305548
7.045 0.000305113
7.05 0.00030468
7.055 0.000304248
7.06 0.000303816
7.065 0.000303386
7.07 0.000302956
7.075 0.000302528
7.08 0.0003021
7.085 0.000301673
7.09 0.000301247
7.095 0.000300822
7.1 0.000300398
7.105 0.000299975
7.11 0.000299552
7.115 0.000299131
7.12 0.00029871
7.125 0.000298291
7.13 0.000297872
7.135 0.000297454
7.14 0.000297037
7.145 0.000296621
7.15 0.000296205
7.155 0.000295791
7.16 0.000295377
7.165 0.000294965
7.17 0.000294553
7.175 0.000294142
7.18 0.000293732
7.185 0.000293323
7.19 0.000292914
7.195 0.000292507
7.2 0.0002921
7.205 0.000291694
7.21 0.000291289
7.215 0.000290885
7.22 0.000290482
7.225 0.000290079
7.23 0.000289678
7.235 0.000289277
7.24 0.000288877
7.245 0.000288478
7.25 0.000288079
7.255 0.000287682
7.26 0.000287285
7.265 0.000286889
7.27 0.000286494
7.275 0.0002861
7.28 0.000285707
7.285 0.000285314
7.29 0.000284922
7.295 0.000284531
7.3 0.000284141
7.305 0.000283752
7.31 0.000283363
7.315 0.000282976
7.32 0.000282589
7.325 0.000282202
7.33 0.000281817
7.335 0.000281432
7.34 0.000281049
7.345 0.000280666
7.35 0.000280283
7.355 0.000279902
7.36 0.000279521
7.365 0.000279141
7.37 0.000278762
7.375 0.000278384
7.38 0.000278006
7.385 0.000277629
7.39 0.000277253
7.395 0.000276878
7.4 0.000276503
7.405 0.00027613
7.41 0.000275757
7.415 0.000275384
7.42 0.000275013
7.425 0.000274642
7.43 0.000274272
7.435 0.000273903
7.44 0.000273534
7.445 0.000273166
7.45 0.000272799
7.455 0.000272433
7.46 0.000272067
7.465 0.000271703
7.47 0.000271339
7.475 0.000270975
7.48 0.000270613
7.485 0.000270251
7.49 0.000269889
7.495 0.000269529
7.5 0.000269169
7.505 0.00026881
7.51 0.000268452
7.515 0.000268094
7.52 0.000267738
7.525 0.000267381
7.53 0.000267026
7.535 0.000266671
7.54 0.000266317
7.545 0.000265964
7.55 0.000265611
7.555 0.000265259
7.56 0.000264908
7.565 0.000264558
7.57 0.000264208
7.575 0.000263859
7.58 0.00026351
7.585 0.000263162
7.59 0.000262815
7.595 0.000262469
7.6 0.000262123
7.605 0.000261778
7.61 0.000261434
7.615 0.00026109
7.62 0.000260747
7.625 0.000260405
7.63 0.000260063
7.635 0.000259722
7.64 0.000259382
7.645 0.000259042
7.65 0.000258703
7.655 0.000258365
7.66 0.000258028
7.665 0.000257691
7.67 0.000257354
7.675 0.000257019
7.68 0.000256684
7.685 0.000256349
7.69 0.000256016
7.695 0.000255683
7.7 0.00025535
7.705 0.000255018
7.71 0.000254687
7.715 0.000254357
7.72 0.000254027
7.725 0.000253698
7.73 0.000253369
7.735 0.000253042
7.74 0.000252714
7.745 0.000252388
7.75 0.000252062
7.755 0.000251736
7.76 0.000251412
7.765 0.000251088
7.77 0.000250764
7.775 0.000250441
7.78 0.000250119
7.785 0.000249797
7.79 0.000249476
7.795 0.000249156
7.8 0.000248836
7.805 0.000248517
7.81 0.000248199
7.815 0.000247881
7.82 0.000247563
7.825 0.000247247
7.83 0.000246931
7.835 0.000246615
7.84 0.0002463
7.845 0.000245986
7.85 0.000245672
7.855 0.000245359
7.86 0.000245047
7.865 0.000244735
7.87 0.000244424
7.875 0.000244113
7.88 0.000243803
7.885 0.000243493
7.89 0.000243185
7.895 0.000242876
7.9 0.000242569
7.905 0.000242261
7.91 0.000241955
7.915 0.000241649
7.92 0.000241343
7.925 0.000241039
7.93 0.000240734
7.935 0.000240431
7.94 0.000240128
7.945 0.000239825
7.95 0.000239523
7.955 0.000239222
7.96 0.000238921
7.965 0.000238621
7.97 0.000238321
7.975 0.000238022
7.98 0.000237723
7.985 0.000237425
7.99 0.000237128
7.995 0.000236831
8 0.000236535
8.005 0.000236239
8.01 0.000235944
8.015 0.000235649
8.02 0.000235355
8.025 0.000235061
8.03 0.000234768
8.035 0.000234476
8.04 0.000234184
8.045 0.000233893
8.05 0.000233602
8.055 0.000233311
8.06 0.000233022
8.065 0.000232733
8.07 0.000232444
8.075 0.000232156
8.08 0.000231868
8.085 0.000231581
8.09 0.000231295
8.095 0.000231009
8.1 0.000230723
8.105 0.000230438
8.11 0.000230154
8.115 0.00022987
8.12 0.000229586
8.125 0.000229304
8.13 0.000229021
8.135 0.00022874
8.14 0.000228458
8.145 0.000228178
8.15 0.000227897
8.155 0.000227618
8.16 0.000227338
8.165 0.00022706
8.17 0.000226781
8.175 0.000226504
8.18 0.000226227
8.185 0.00022595
8.19 0.000225674
8.195 0.000225398
8.2 0.000225123
8.205 0.000224848
8.21 0.000224574
8.215 0.000224301
8.22 0.000224028
8.225 0.000223755
8.23 0.000223483
8.235 0.000223211
8.24 0.00022294
8.245 0.000222669
8.25 0.000222399
8.255 0.00022213
8.26 0.00022186
8.265 0.000221592
8.27 0.000221324
8.275 0.000221056
8.28 0.000220789
8.285 0.000220522
8.29 0.000220256
8.295 0.00021999
8.3 0.000219725
8.305 0.00021946
8.31 0.000219195
8.315 0.000218932
8.32 0.000218668
8.325 0.000218405
8.33 0.000218143
8.335 0.000217881
8.34 0.000217619
8.345 0.000217358
8.35 0.000217098
8.355 0.000216838
8.36 0.000216578
8.365 0.000216319
8.37 0.00021606
8.375 0.000215802
8.38 0.000215544
8.385 0.000215287
8.39 0.00021503
8.395 0.000214774
8.4 0.000214518
8.405 0.000214262
8.41 0.000214007
8.415 0.000213753
8.42 0.000213499
8.425 0.000213245
8.43 0.000212992
8.435 0.000212739
8.44 0.000212487
8.445 0.000212235
8.45 0.000211984
8.455 0.000211733
8.46 0.000211482
8.465 0.000211232
8.47 0.000210982
8.475 0.000210733
8.48 0.000210485
8.485 0.000210236
8.49 0.000209988
8.495 0.000209741
8.5 0.000209494
8.505 0.000209248
8.51 0.000209001
8.515 0.000208756
8.52 0.00020851
8.525 0.000208266
8.53 0.000208021
8.535 0.000207777
8.54 0.000207534
8.545 0.000207291
8.55 0.000207048
8.555 0.000206806
8.56 0.000206564
8.565 0.000206323
8.57 0.000206082
8.575 0.000205841
8.58 0.000205601
8.585 0.000205361
8.59 0.000205122
8.595 0.000204883
8.6 0.000204645
8.605 0.000204407
8.61 0.000204169
8.615 0.000203932
8.62 0.000203695
8.625 0.000203459
8.63 0.000203223
8.635 0.000202987
8.64 0.000202752
8.645 0.000202517
8.65 0.000202283
8.655 0.000202049
8.66 0.000201815
8.665 0.000201582
8.67 0.00020135
8.675 0.000201117
8.68 0.000200885
8.685 0.000200654
8.69 0.000200423
8.695 0.000200192
8.7 0.000199962
8.705 0.000199732
8.71 0.000199502
8.715 0.000199273
8.72 0.000199045
8.725 0.000198816
8.73 0.000198588
8.735 0.000198361
8.74 0.000198134
8.745 0.000197907
8.75 0.00019768
8.755 0.000197454
8.76 0.000197229
8.765 0.000197004
8.77 0.000196779
8.775 0.000196554
8.78 0.00019633
8.785 0.000196107
8.79 0.000195883
8.795 0.00019566
8.8 0.000195438
8.805 0.000195216
8.81 0.000194994
8.815 0.000194772
8.82 0.000194551
8.825 0.000194331
8.83 0.00019411
8.835 0.000193891
8.84 0.000193671
8.845 0.000193452
8.85 0.000193233
8.855 0.000193015
8.86 0.000192797
8.865 0.000192579
8.87 0.000192362
8.875 0.000192145
8.88 0.000191928
8.885 0.000191712
8.89 0.000191496
8.895 0.000191281
8.9 0.000191066
8.905 0.000190851
8.91 0.000190636
8.915 0.000190422
8.92 0.000190209
8.925 0.000189995
8.93 0.000189783
8.935 0.00018957
8.94 0.000189358
8.945 0.000189146
8.95 0.000188934
8.955 0.000188723
8.96 0.000188512
8.965 0.000188302
8.97 0.000188092
8.975 0.000187882
8.98 0.000187673
8.985 0.000187464
8.99 0.000187255
8.995 0.000187046
9 0.000186838
9.005 0.000186631
9.01 0.000186423
9.015 0.000186217
9.02 0.00018601
9.025 0.000185804
9.03 0.000185598
9.035 0.000185392
9.04 0.000185187
9.045 0.000184982
9.05 0.000184777
9.055 0.000184573
9.06 0.000184369
9.065 0.000184166
9.07 0.000183962
9.075 0.00018376
9.08 0.000183557
9.085 0.000183355
9.09 0.000183153
9.095 0.000182951
9.1 0.00018275
9.105 0.000182549
9.11 0.000182349
9.115 0.000182148
9.12 0.000181949
9.125 0.000181749
9.13 0.00018155
9.135 0.000181351
9.14 0.000181152
9.145 0.000180954
9.15 0.000180756
9.155 0.000180558
9.16 0.000180361
9.165 0.000180164
9.17 0.000179968
9.175 0.000179771
9.18 0.000179575
9.185 0.00017938
9.19 0.000179184
9.195 0.000178989
9.2 0.000178794
9.205 0.0001786
9.21 0.000178406
9.215 0.000178212
9.22 0.000178019
9.225 0.000177826
9.23 0.000177633
9.235 0.00017744
9.24 0.000177248
9.245 0.000177056
9.25 0.000176865
9.255 0.000176673
9.26 0.000176482
9.265 0.000176292
9.27 0.000176101
9.275 0.000175911
9.28 0.000175722
9.285 0.000175532
9.29 0.000175343
9.295 0.000175154
9.3 0.000174966
9.305 0.000174778
9.31 0.00017459
9.315 0.000174402
9.32 0.000174215
9.325 0.000174028
9.33 0.000173841
9.335 0.000173655
9.34 0.000173469
9.345 0.000173283
9.35 0.000173098
9.355 0.000172912
9.36 0.000172727
9.365 0.000172543
9.37 0.000172359
9.375 0.000172175
9.38 0.000171991
9.385 0.000171807
9.39 0.000171624
9.395 0.000171442
9.4 0.000171259
9.405 0.000171077
9.41 0.000170895
9.415 0.000170713
9.42 0.000170532
9.425 0.000170351
9.43 0.00017017
9.435 0.000169989
9.44 0.000169809
9.445 0.000169629
9.45 0.00016945
9.455 0.00016927
9.46 0.000169091
9.465 0.000168912
9.47 0.000168734
9.475 0.000168556
9.48 0.000168378
9.485 0.0001682
9.49 0.000168023
9.495 0.000167845
9.5 0.000167669
9.505 0.000167492
9.51 0.000167316
9.515 0.00016714
9.52 0.000166964
9.525 0.000166789
9.53 0.000166614
9.535 0.000166439
9.54 0.000166264
9.545 0.00016609
9.55 0.000165916
9.555 0.000165742
9.56 0.000165568
9.565 0.000165395
9.57 0.000165222
9.575 0.000165049
9.58 0.000164877
9.585 0.000164705
9.59 0.000164533
9.595 0.000164361
9.6 0.00016419
9.605 0.000164019
9.61 0.000163848
9.615 0.000163678
9.62 0.000163507
9.625 0.000163337
9.63 0.000163167
9.635 0.000162998
9.64 0.000162829
9.645 0.00016266
9.65 0.000162491
9.655 0.000162323
9.66 0.000162155
9.665 0.000161987
9.67 0.000161819
9.675 0.000161652
9.68 0.000161484
9.685 0.000161318
9.69 0.000161151
9.695 0.000160985
9.7 0.000160819
9.705 0.000160653
9.71 0.000160487
9.715 0.000160322
9.72 0.000160157
9.725 0.000159992
9.73 0.000159827
9.735 0.000159663
9.74 0.000159499
9.745 0.000159335
9.75 0.000159172
9.755 0.000159008
9.76 0.000158845
9.765 0.000158682
9.77 0.00015852
9.775 0.000158358
9.78 0.000158196
9.785 0.000158034
9.79 0.000157872
9.795 0.000157711
9.8 0.00015755
9.805 0.000157389
9.81 0.000157228
9.815 0.000157068
9.82 0.000156908
9.825 0.000156748
9.83 0.000156589
9.835 0.000156429
9.84 0.00015627
9.845 0.000156111
9.85 0.000155953
9.855 0.000155794
9.86 0.000155636
9.865 0.000155478
9.87 0.000155321
9.875 0.000155163
9.88 0.000155006
9.885 0.000154849
9.89 0.000154692
9.895 0.000154536
9.9 0.00015438
9.905 0.000154224
9.91 0.000154068
9.915 0.000153913
9.92 0.000153757
9.925 0.000153602
9.93 0.000153447
9.935 0.000153293
9.94 0.000153138
9.945 0.000152984
9.95 0.00015283
9.955 0.000152677
9.96 0.000152523
9.965 0.00015237
9.97 0.000152217
9.975 0.000152065
9.98 0.000151912
9.985 0.00015176
9.99 0.000151608
9.995 0.000151456
