0, -nan 
0.001, 0.506829 
0.002, 0.23651 
0.003, 0.142619 
0.004, 0.432152 
0.005, 0.302717 
0.006, 0.47686 
0.007, 0.482424 
0.008, 0.237188 
0.009, 0.32324 
0.01, 0.0606568 
0.011, 0.504517 
0.012, 0.222231 
0.013, 0.00239397 
0.014, 0.175656 
0.015, 0.407345 
0.016, 0.537765 
0.017, 0.233187 
0.018, 0.126875 
0.019, 0.00792876 
0.02, 0.00523503 
0.021, 0.0656363 
0.022, 0.196055 
0.023, 0.411146 
0.024, 0.468877 
0.025, 0.400736 
0.026, 0.427623 
0.027, 0.526343 
0.028, 0.405039 
0.029, 0.251846 
0.03, 0.315457 
0.031, 0.232516 
0.032, 0.0813499 
0.033, 0.0965707 
0.034, 0.105897 
0.035, 0.0821966 
0.036, 0.0526648 
0.037, 0.0282201 
0.038, 0.012882 
0.039, 0.0154584 
0.04, 0.033202 
0.041, 0.0284137 
0.042, 0.0057118 
0.043, 0.065806 
0.044, 0.112938 
0.045, 0.0376421 
0.046, 0.148843 
0.047, 0.132524 
0.048, 0.124242 
0.049, 0.224717 
0.05, 0.131455 
0.051, 0.278591 
0.052, 0.169139 
0.053, 0.294073 
0.054, 0.247654 
0.055, 0.251974 
0.056, 0.369084 
0.057, 0.199931 
0.058, 0.411425 
0.059, 0.305764 
0.06, 0.270235 
0.061, 0.463598 
0.062, 0.298467 
0.063, 0.301364 
0.064, 0.487781 
0.065, 0.34921 
0.066, 0.276554 
0.067, 0.46922 
0.068, 0.456992 
0.069, 0.281578 
0.07, 0.349096 
0.071, 0.510967 
0.072, 0.434274 
0.073, 0.281516 
0.074, 0.344023 
0.075, 0.500209 
0.076, 0.47741 
0.077, 0.3211 
0.078, 0.281925 
0.079, 0.410568 
0.08, 0.511104 
0.081, 0.444689 
0.082, 0.30557 
0.083, 0.270263 
0.084, 0.372282 
0.085, 0.482657 
0.086, 0.475755 
0.087, 0.363005 
0.088, 0.2625 
0.089, 0.268449 
0.09, 0.365632 
0.091, 0.458096 
0.092, 0.463497 
0.093, 0.379983 
0.094, 0.276786 
0.095, 0.23129 
0.096, 0.270615 
0.097, 0.359041 
0.098, 0.430889 
0.099, 0.43783 
0.1, 0.377269 
0.101, 0.287899 
0.102, 0.221494 
0.103, 0.211832 
0.104, 0.258574 
0.105, 0.331866 
0.106, 0.391316 
0.107, 0.407156 
0.108, 0.372967 
0.109, 0.305647 
0.11, 0.235019 
0.111, 0.189511 
0.112, 0.184642 
0.113, 0.21846 
0.114, 0.27445 
0.115, 0.329457 
0.116, 0.36281 
0.117, 0.3632 
0.118, 0.331351 
0.119, 0.278338 
0.12, 0.220864 
0.121, 0.175502 
0.122, 0.153816 
0.123, 0.159646 
0.124, 0.188938 
0.125, 0.231758 
0.126, 0.275549 
0.127, 0.308607 
0.128, 0.322847 
0.129, 0.315317 
0.13, 0.288296 
0.131, 0.248198 
0.132, 0.203723 
0.133, 0.163765 
0.134, 0.135568 
0.135, 0.123471 
0.136, 0.128382 
0.137, 0.147978 
0.138, 0.177479 
0.139, 0.210758 
0.14, 0.241543 
0.141, 0.264482 
0.142, 0.275922 
0.143, 0.274311 
0.144, 0.26022 
0.145, 0.236036 
0.146, 0.205427 
0.147, 0.172685 
0.148, 0.142072 
0.149, 0.117242 
0.15, 0.100822 
0.151, 0.0941785 
0.152, 0.0973703 
0.153, 0.109272 
0.154, 0.127824 
0.155, 0.150361 
0.156, 0.173974 
0.157, 0.195854 
0.158, 0.213584 
0.159, 0.225354 
0.16, 0.23009 
0.161, 0.227489 
0.162, 0.217981 
0.163, 0.202613 
0.164, 0.182897 
0.165, 0.160631 
0.166, 0.137711 
0.167, 0.115959 
0.168, 0.0969759 
0.169, 0.082028 
0.17, 0.0719762 
0.171, 0.067244 
0.172, 0.0678241 
0.173, 0.0733174 
0.174, 0.0829967 
0.175, 0.0958883 
0.176, 0.110862 
0.177, 0.126724 
0.178, 0.142299 
0.179, 0.156513 
0.18, 0.168445 
0.181, 0.177382 
0.182, 0.182837 
0.183, 0.184563 
0.184, 0.182548 
0.185, 0.176995 
0.186, 0.168291 
0.187, 0.156973 
0.188, 0.143685 
0.189, 0.129134 
0.19, 0.114049 
0.191, 0.0991412 
0.192, 0.0850705 
0.193, 0.072416 
0.194, 0.0616553 
0.195, 0.0531499 
0.196, 0.0471378 
0.197, 0.0437321 
0.198, 0.0429263 
0.199, 0.0446035 
0.2, 0.0485504 
0.201, 0.0544736 
0.202, 0.0620177 
0.203, 0.070785 
0.204, 0.0803539 
0.205, 0.0902975 
0.206, 0.1002 
0.207, 0.109672 
0.208, 0.118363 
0.209, 0.125968 
0.21, 0.132241 
0.211, 0.136994 
0.212, 0.1401 
0.213, 0.141494 
0.214, 0.141172 
0.215, 0.139181 
0.216, 0.135622 
0.217, 0.130634 
0.218, 0.124395 
0.219, 0.117109 
0.22, 0.108998 
0.221, 0.100297 
0.222, 0.0912451 
0.223, 0.082078 
0.224, 0.0730219 
0.225, 0.0642884 
0.226, 0.0560693 
0.227, 0.0485338 
0.228, 0.0418249 
0.229, 0.0360578 
0.23, 0.0313192 
0.231, 0.0276669 
0.232, 0.0251304 
0.233, 0.0237119 
0.234, 0.0233887 
0.235, 0.0241149 
0.236, 0.0258239 
0.237, 0.0284317 
0.238, 0.0318396 
0.239, 0.0359373 
0.24, 0.0406063 
0.241, 0.0457224 
0.242, 0.0511591 
0.243, 0.0567899 
0.244, 0.0624913 
0.245, 0.0681444 
0.246, 0.0736374 
0.247, 0.0788671 
0.248, 0.0837403 
0.249, 0.0881746 
0.25, 0.0920996 
0.251, 0.0954573 
0.252, 0.0982022 
0.253, 0.100301 
0.254, 0.101734 
0.255, 0.102491 
0.256, 0.102576 
0.257, 0.102001 
0.258, 0.10079 
0.259, 0.0989732 
0.26, 0.096591 
0.261, 0.0936891 
0.262, 0.0903188 
0.263, 0.0865361 
0.264, 0.0824001 
0.265, 0.0779724 
0.266, 0.0733157 
0.267, 0.0684931 
0.268, 0.063567 
0.269, 0.0585985 
0.27, 0.0536464 
0.271, 0.0487669 
0.272, 0.0440126 
0.273, 0.0394322 
0.274, 0.0350704 
0.275, 0.0309671 
0.276, 0.0271574 
0.277, 0.0236714 
0.278, 0.0205343 
0.279, 0.0177662 
0.28, 0.0153821 
0.281, 0.0133921 
0.282, 0.0118017 
0.283, 0.0106118 
0.284, 0.00981897 
0.285, 0.00941581 
0.286, 0.00939125 
0.287, 0.00973079 
0.288, 0.0104169 
0.289, 0.0114295 
0.29, 0.012746 
0.291, 0.0143418 
0.292, 0.016191 
0.293, 0.018266 
0.294, 0.0205386 
0.295, 0.0229799 
0.296, 0.0255606 
0.297, 0.0282515 
0.298, 0.0310236 
0.299, 0.0338485 
0.3, 0.0366984 
0.301, 0.0395465 
0.302, 0.0423673 
0.303, 0.0451364 
0.304, 0.047831 
0.305, 0.0504297 
0.306, 0.0529128 
0.307, 0.0552624 
0.308, 0.0574625 
0.309, 0.0594985 
0.31, 0.0613583 
0.311, 0.063031 
0.312, 0.064508 
0.313, 0.0657822 
0.314, 0.0668486 
0.315, 0.0677036 
0.316, 0.0683454 
0.317, 0.0687738 
0.318, 0.0689902 
0.319, 0.0689971 
0.32, 0.0687987 
0.321, 0.0684003 
0.322, 0.0678082 
0.323, 0.06703 
0.324, 0.0660739 
0.325, 0.0649493 
0.326, 0.063666 
0.327, 0.0622347 
0.328, 0.0606664 
0.329, 0.0589727 
0.33, 0.0571655 
0.331, 0.0552568 
0.332, 0.0532589 
0.333, 0.0511842 
0.334, 0.0490449 
0.335, 0.0468535 
0.336, 0.0446219 
0.337, 0.042362 
0.338, 0.0400855 
0.339, 0.0378037 
0.34, 0.0355275 
0.341, 0.0332674 
0.342, 0.0310334 
0.343, 0.0288352 
0.344, 0.0266816 
0.345, 0.0245813 
0.346, 0.0225421 
0.347, 0.0205714 
0.348, 0.0186759 
0.349, 0.0168617 
0.35, 0.0151345 
0.351, 0.0134991 
0.352, 0.0119599 
0.353, 0.0105206 
0.354, 0.00918441 
0.355, 0.00795384 
0.356, 0.00683093 
0.357, 0.00581714 
0.358, 0.00491342 
0.359, 0.0041202 
0.36, 0.00343741 
0.361, 0.00286453 
0.362, 0.00240058 
0.363, 0.00204419 
0.364, 0.00179355 
0.365, 0.00164652 
0.366, 0.0016006 
0.367, 0.00165297 
0.368, 0.00180052 
0.369, 0.00203988 
0.37, 0.00236742 
0.371, 0.00277931 
0.372, 0.00327153 
0.373, 0.0038399 
0.374, 0.00448007 
0.375, 0.00518761 
0.376, 0.00595795 
0.377, 0.00678649 
0.378, 0.00766855 
0.379, 0.00859941 
0.38, 0.00957436 
0.381, 0.0105887 
0.382, 0.0116377 
0.383, 0.0127167 
0.384, 0.0138211 
0.385, 0.0149464 
0.386, 0.0160881 
0.387, 0.0172419 
0.388, 0.0184035 
0.389, 0.0195687 
0.39, 0.0207336 
0.391, 0.0218942 
0.392, 0.0230468 
0.393, 0.0241878 
0.394, 0.0253139 
0.395, 0.0264216 
0.396, 0.0275078 
0.397, 0.0285697 
0.398, 0.0296044 
0.399, 0.0306094 
0.4, 0.0315821 
0.401, 0.0325203 
0.402, 0.0334219 
0.403, 0.034285 
0.404, 0.0351079 
0.405, 0.0358889 
0.406, 0.0366266 
0.407, 0.0373198 
0.408, 0.0379675 
0.409, 0.0385686 
0.41, 0.0391224 
0.411, 0.0396283 
0.412, 0.0400859 
0.413, 0.0404947 
0.414, 0.0408547 
0.415, 0.0411656 
0.416, 0.0414277 
0.417, 0.0416411 
0.418, 0.0418061 
0.419, 0.0419232 
0.42, 0.0419928 
0.421, 0.0420157 
0.422, 0.0419925 
0.423, 0.0419241 
0.424, 0.0418113 
0.425, 0.0416552 
0.426, 0.0414568 
0.427, 0.0412173 
0.428, 0.0409378 
0.429, 0.0406195 
0.43, 0.0402639 
0.431, 0.0398721 
0.432, 0.0394457 
0.433, 0.0389861 
0.434, 0.0384946 
0.435, 0.0379729 
0.436, 0.0374223 
0.437, 0.0368445 
0.438, 0.036241 
0.439, 0.0356134 
0.44, 0.0349631 
0.441, 0.0342918 
0.442, 0.0336011 
0.443, 0.0328925 
0.444, 0.0321676 
0.445, 0.0314278 
0.446, 0.0306748 
0.447, 0.0299101 
0.448, 0.0291352 
0.449, 0.0283515 
0.45, 0.0275605 
0.451, 0.0267637 
0.452, 0.0259623 
0.453, 0.0251579 
0.454, 0.0243517 
0.455, 0.0235451 
0.456, 0.0227393 
0.457, 0.0219356 
0.458, 0.0211351 
0.459, 0.0203391 
0.46, 0.0195487 
0.461, 0.0187649 
0.462, 0.0179888 
0.463, 0.0172214 
0.464, 0.0164637 
0.465, 0.0157165 
0.466, 0.0149808 
0.467, 0.0142575 
0.468, 0.0135472 
0.469, 0.0128508 
0.47, 0.012169 
0.471, 0.0115024 
0.472, 0.0108517 
0.473, 0.0102175 
0.474, 0.00960023 
0.475, 0.00900051 
0.476, 0.00841878 
0.477, 0.00785545 
0.478, 0.00731092 
0.479, 0.00678553 
0.48, 0.00627961 
0.481, 0.00579341 
0.482, 0.00532719 
0.483, 0.00488115 
0.484, 0.00445546 
0.485, 0.00405024 
0.486, 0.00366562 
0.487, 0.00330165 
0.488, 0.00295838 
0.489, 0.00263583 
0.49, 0.00233396 
0.491, 0.00205274 
0.492, 0.00179209 
0.493, 0.00155192 
0.494, 0.00133209 
0.495, 0.00113246 
0.496, 0.000952869 
0.497, 0.000793108 
0.498, 0.000652969 
0.499, 0.000532215 
0.5, 0.000430594 
0.501, 0.000347832 
0.502, 0.000283642 
0.503, 0.000237716 
0.504, 0.000209734 
0.505, 0.000199361 
0.506, 0.000206247 
0.507, 0.000230031 
0.508, 0.00027034 
0.509, 0.000326789 
0.51, 0.000398984 
0.511, 0.000486522 
0.512, 0.000588991 
0.513, 0.000705972 
0.514, 0.000837038 
0.515, 0.000981758 
0.516, 0.00113969 
0.517, 0.0013104 
0.518, 0.00149344 
0.519, 0.00168836 
0.52, 0.0018947 
0.521, 0.00211202 
0.522, 0.00233986 
0.523, 0.00257776 
0.524, 0.00282527 
0.525, 0.00308194 
0.526, 0.0033473 
0.527, 0.0036209 
0.528, 0.00390231 
0.529, 0.00419106 
0.53, 0.00448671 
0.531, 0.00478882 
0.532, 0.00509695 
0.533, 0.00541067 
0.534, 0.00572954 
0.535, 0.00605315 
0.536, 0.00638107 
0.537, 0.00671289 
0.538, 0.00704821 
0.539, 0.0073866 
0.54, 0.00772769 
0.541, 0.00807109 
0.542, 0.0084164 
0.543, 0.00876326 
0.544, 0.0091113 
0.545, 0.00946015 
0.546, 0.00980947 
0.547, 0.0101589 
0.548, 0.0105081 
0.549, 0.0108568 
0.55, 0.0112046 
0.551, 0.0115512 
0.552, 0.0118963 
0.553, 0.0122396 
0.554, 0.0125809 
0.555, 0.0129198 
0.556, 0.0132561 
0.557, 0.0135895 
0.558, 0.0139197 
0.559, 0.0142466 
0.56, 0.0145698 
0.561, 0.0148892 
0.562, 0.0152045 
0.563, 0.0155156 
0.564, 0.0158221 
0.565, 0.016124 
0.566, 0.016421 
0.567, 0.0167129 
0.568, 0.0169997 
0.569, 0.017281 
0.57, 0.0175568 
0.571, 0.017827 
0.572, 0.0180913 
0.573, 0.0183497 
0.574, 0.0186021 
0.575, 0.0188482 
0.576, 0.0190881 
0.577, 0.0193216 
0.578, 0.0195486 
0.579, 0.019769 
0.58, 0.0199828 
0.581, 0.0201899 
0.582, 0.0203902 
0.583, 0.0205837 
0.584, 0.0207703 
0.585, 0.02095 
0.586, 0.0211227 
0.587, 0.0212884 
0.588, 0.0214471 
0.589, 0.0215987 
0.59, 0.0217433 
0.591, 0.0218808 
0.592, 0.0220113 
0.593, 0.0221346 
0.594, 0.0222509 
0.595, 0.0223602 
0.596, 0.0224624 
0.597, 0.0225576 
0.598, 0.0226459 
0.599, 0.0227271 
0.6, 0.0228015 
0.601, 0.0228689 
0.602, 0.0229295 
0.603, 0.0229834 
0.604, 0.0230305 
0.605, 0.0230709 
0.606, 0.0231046 
0.607, 0.0231318 
0.608, 0.0231525 
0.609, 0.0231668 
0.61, 0.0231747 
0.611, 0.0231763 
0.612, 0.0231717 
0.613, 0.023161 
0.614, 0.0231442 
0.615, 0.0231214 
0.616, 0.0230927 
0.617, 0.0230583 
0.618, 0.0230181 
0.619, 0.0229724 
0.62, 0.0229211 
0.621, 0.0228643 
0.622, 0.0228023 
0.623, 0.022735 
0.624, 0.0226625 
0.625, 0.0225851 
0.626, 0.0225027 
0.627, 0.0224155 
0.628, 0.0223236 
0.629, 0.022227 
0.63, 0.0221259 
0.631, 0.0220205 
0.632, 0.0219107 
0.633, 0.0217967 
0.634, 0.0216787 
0.635, 0.0215567 
0.636, 0.0214308 
0.637, 0.0213011 
0.638, 0.0211678 
0.639, 0.021031 
0.64, 0.0208908 
0.641, 0.0207472 
0.642, 0.0206004 
0.643, 0.0204505 
0.644, 0.0202976 
0.645, 0.0201418 
0.646, 0.0199832 
0.647, 0.019822 
0.648, 0.0196582 
0.649, 0.0194919 
0.65, 0.0193233 
0.651, 0.0191525 
0.652, 0.0189795 
0.653, 0.0188044 
0.654, 0.0186274 
0.655, 0.0184486 
0.656, 0.018268 
0.657, 0.0180858 
0.658, 0.0179021 
0.659, 0.0177169 
0.66, 0.0175304 
0.661, 0.0173427 
0.662, 0.0171538 
0.663, 0.0169638 
0.664, 0.0167729 
0.665, 0.0165811 
0.666, 0.0163885 
0.667, 0.0161953 
0.668, 0.0160014 
0.669, 0.0158071 
0.67, 0.0156123 
0.671, 0.0154171 
0.672, 0.0152217 
0.673, 0.0150261 
0.674, 0.0148304 
0.675, 0.0146347 
0.676, 0.0144391 
0.677, 0.0142436 
0.678, 0.0140483 
0.679, 0.0138533 
0.68, 0.0136587 
0.681, 0.0134644 
0.682, 0.0132707 
0.683, 0.0130776 
0.684, 0.0128851 
0.685, 0.0126933 
0.686, 0.0125022 
0.687, 0.012312 
0.688, 0.0121227 
0.689, 0.0119343 
0.69, 0.0117469 
0.691, 0.0115606 
0.692, 0.0113755 
0.693, 0.0111915 
0.694, 0.0110087 
0.695, 0.0108272 
0.696, 0.0106471 
0.697, 0.0104683 
0.698, 0.010291 
0.699, 0.0101151 
0.7, 0.00994076 
0.701, 0.00976799 
0.702, 0.00959682 
0.703, 0.0094273 
0.704, 0.00925947 
0.705, 0.00909337 
0.706, 0.00892903 
0.707, 0.00876649 
0.708, 0.00860579 
0.709, 0.00844696 
0.71, 0.00829003 
0.711, 0.00813503 
0.712, 0.00798199 
0.713, 0.00783094 
0.714, 0.00768191 
0.715, 0.00753493 
0.716, 0.00739001 
0.717, 0.00724719 
0.718, 0.00710648 
0.719, 0.00696791 
0.72, 0.0068315 
0.721, 0.00669726 
0.722, 0.00656522 
0.723, 0.00643539 
0.724, 0.00630779 
0.725, 0.00618244 
0.726, 0.00605934 
0.727, 0.00593852 
0.728, 0.00581998 
0.729, 0.00570373 
0.73, 0.00558979 
0.731, 0.00547816 
0.732, 0.00536885 
0.733, 0.00526188 
0.734, 0.00515724 
0.735, 0.00505495 
0.736, 0.004955 
0.737, 0.0048574 
0.738, 0.00476215 
0.739, 0.00466927 
0.74, 0.00457874 
0.741, 0.00449056 
0.742, 0.00440475 
0.743, 0.00432129 
0.744, 0.00424019 
0.745, 0.00416145 
0.746, 0.00408505 
0.747, 0.004011 
0.748, 0.00393929 
0.749, 0.00386992 
0.75, 0.00380288 
0.751, 0.00373817 
0.752, 0.00367577 
0.753, 0.00361568 
0.754, 0.0035579 
0.755, 0.00350241 
0.756, 0.0034492 
0.757, 0.00339827 
0.758, 0.0033496 
0.759, 0.00330318 
0.76, 0.003259 
0.761, 0.00321706 
0.762, 0.00317732 
0.763, 0.0031398 
0.764, 0.00310446 
0.765, 0.0030713 
0.766, 0.0030403 
0.767, 0.00301144 
0.768, 0.00298472 
0.769, 0.00296012 
0.77, 0.00293762 
0.771, 0.0029172 
0.772, 0.00289885 
0.773, 0.00288255 
0.774, 0.00286828 
0.775, 0.00285603 
0.776, 0.00284578 
0.777, 0.00283751 
0.778, 0.0028312 
0.779, 0.00282683 
0.78, 0.00282439 
0.781, 0.00282385 
0.782, 0.0028252 
0.783, 0.00282841 
0.784, 0.00283346 
0.785, 0.00284034 
0.786, 0.00284903 
0.787, 0.0028595 
0.788, 0.00287173 
0.789, 0.00288571 
0.79, 0.00290141 
0.791, 0.00291881 
0.792, 0.00293788 
0.793, 0.00295862 
0.794, 0.00298099 
0.795, 0.00300497 
0.796, 0.00303055 
0.797, 0.0030577 
0.798, 0.00308639 
0.799, 0.00311661 
0.8, 0.00314834 
0.801, 0.00318155 
0.802, 0.00321621 
0.803, 0.00325231 
0.804, 0.00328983 
0.805, 0.00332874 
0.806, 0.00336902 
0.807, 0.00341065 
0.808, 0.0034536 
0.809, 0.00349785 
0.81, 0.00354338 
0.811, 0.00359017 
0.812, 0.00363819 
0.813, 0.00368743 
0.814, 0.00373785 
0.815, 0.00378944 
0.816, 0.00384218 
0.817, 0.00389604 
0.818, 0.00395099 
0.819, 0.00400703 
0.82, 0.00406412 
0.821, 0.00412224 
0.822, 0.00418137 
0.823, 0.0042415 
0.824, 0.00430258 
0.825, 0.00436462 
0.826, 0.00442757 
0.827, 0.00449143 
0.828, 0.00455616 
0.829, 0.00462176 
0.83, 0.00468818 
0.831, 0.00475543 
0.832, 0.00482347 
0.833, 0.00489228 
0.834, 0.00496184 
0.835, 0.00503213 
0.836, 0.00510313 
0.837, 0.00517482 
0.838, 0.00524718 
0.839, 0.00532018 
0.84, 0.00539381 
0.841, 0.00546805 
0.842, 0.00554288 
0.843, 0.00561827 
0.844, 0.00569422 
0.845, 0.00577068 
0.846, 0.00584766 
0.847, 0.00592513 
0.848, 0.00600306 
0.849, 0.00608145 
0.85, 0.00616026 
0.851, 0.00623949 
0.852, 0.00631912 
0.853, 0.00639912 
0.854, 0.00647947 
0.855, 0.00656017 
0.856, 0.00664119 
0.857, 0.00672251 
0.858, 0.00680412 
0.859, 0.00688599 
0.86, 0.00696812 
0.861, 0.00705048 
0.862, 0.00713306 
0.863, 0.00721584 
0.864, 0.0072988 
0.865, 0.00738193 
0.866, 0.00746521 
0.867, 0.00754863 
0.868, 0.00763216 
0.869, 0.0077158 
0.87, 0.00779952 
0.871, 0.00788332 
0.872, 0.00796718 
0.873, 0.00805107 
0.874, 0.008135 
0.875, 0.00821894 
0.876, 0.00830287 
0.877, 0.00838679 
0.878, 0.00847068 
0.879, 0.00855452 
0.88, 0.00863831 
0.881, 0.00872202 
0.882, 0.00880565 
0.883, 0.00888918 
0.884, 0.0089726 
0.885, 0.0090559 
0.886, 0.00913905 
0.887, 0.00922206 
0.888, 0.00930491 
0.889, 0.00938758 
0.89, 0.00947006 
0.891, 0.00955235 
0.892, 0.00963443 
0.893, 0.00971629 
0.894, 0.00979791 
0.895, 0.00987929 
0.896, 0.00996042 
0.897, 0.0100413 
0.898, 0.0101219 
0.899, 0.0102022 
0.9, 0.0102822 
0.901, 0.0103619 
0.902, 0.0104412 
0.903, 0.0105203 
0.904, 0.010599 
0.905, 0.0106774 
0.906, 0.0107554 
0.907, 0.0108331 
0.908, 0.0109103 
0.909, 0.0109872 
0.91, 0.0110638 
0.911, 0.0111399 
0.912, 0.0112156 
0.913, 0.0112909 
0.914, 0.0113657 
0.915, 0.0114402 
0.916, 0.0115142 
0.917, 0.0115877 
0.918, 0.0116608 
0.919, 0.0117335 
0.92, 0.0118056 
0.921, 0.0118773 
0.922, 0.0119486 
0.923, 0.0120193 
0.924, 0.0120895 
0.925, 0.0121593 
0.926, 0.0122285 
0.927, 0.0122972 
0.928, 0.0123654 
0.929, 0.0124331 
0.93, 0.0125003 
0.931, 0.0125669 
0.932, 0.012633 
0.933, 0.0126985 
0.934, 0.0127635 
0.935, 0.0128279 
0.936, 0.0128918 
0.937, 0.0129551 
0.938, 0.0130178 
0.939, 0.01308 
0.94, 0.0131416 
0.941, 0.0132026 
0.942, 0.013263 
0.943, 0.0133229 
0.944, 0.0133821 
0.945, 0.0134407 
0.946, 0.0134988 
0.947, 0.0135562 
0.948, 0.0136131 
0.949, 0.0136693 
0.95, 0.0137249 
0.951, 0.0137799 
0.952, 0.0138343 
0.953, 0.0138881 
0.954, 0.0139413 
0.955, 0.0139938 
0.956, 0.0140457 
0.957, 0.0140969 
0.958, 0.0141476 
0.959, 0.0141976 
0.96, 0.014247 
0.961, 0.0142957 
0.962, 0.0143438 
0.963, 0.0143912 
0.964, 0.014438 
0.965, 0.0144842 
0.966, 0.0145297 
0.967, 0.0145746 
0.968, 0.0146189 
0.969, 0.0146624 
0.97, 0.0147054 
0.971, 0.0147477 
0.972, 0.0147893 
0.973, 0.0148303 
0.974, 0.0148707 
0.975, 0.0149104 
0.976, 0.0149494 
0.977, 0.0149878 
0.978, 0.0150255 
0.979, 0.0150626 
0.98, 0.015099 
0.981, 0.0151348 
0.982, 0.01517 
0.983, 0.0152045 
0.984, 0.0152383 
0.985, 0.0152715 
0.986, 0.015304 
0.987, 0.0153359 
0.988, 0.0153671 
0.989, 0.0153977 
0.99, 0.0154276 
0.991, 0.0154569 
0.992, 0.0154856 
0.993, 0.0155136 
0.994, 0.0155409 
0.995, 0.0155677 
0.996, 0.0155937 
0.997, 0.0156192 
0.998, 0.015644 
0.999, 0.0156681 
1, 0.0156917 
1.001, 0.0157145 
1.002, 0.0157368 
1.003, 0.0157584 
1.004, 0.0157794 
1.005, 0.0157998 
1.006, 0.0158195 
1.007, 0.0158386 
1.008, 0.0158571 
1.009, 0.015875 
1.01, 0.0158923 
1.011, 0.0159089 
1.012, 0.0159249 
1.013, 0.0159403 
1.014, 0.0159551 
1.015, 0.0159693 
1.016, 0.0159829 
1.017, 0.0159959 
1.018, 0.0160083 
1.019, 0.01602 
1.02, 0.0160312 
1.021, 0.0160418 
1.022, 0.0160518 
1.023, 0.0160612 
1.024, 0.01607 
1.025, 0.0160782 
1.026, 0.0160859 
1.027, 0.016093 
1.028, 0.0160995 
1.029, 0.0161054 
1.03, 0.0161107 
1.031, 0.0161155 
1.032, 0.0161197 
1.033, 0.0161234 
1.034, 0.0161265 
1.035, 0.016129 
1.036, 0.016131 
1.037, 0.0161324 
1.038, 0.0161333 
1.039, 0.0161337 
1.04, 0.0161335 
1.041, 0.0161327 
1.042, 0.0161314 
1.043, 0.0161296 
1.044, 0.0161273 
1.045, 0.0161244 
1.046, 0.016121 
1.047, 0.0161171 
1.048, 0.0161127 
1.049, 0.0161077 
1.05, 0.0161023 
1.051, 0.0160963 
1.052, 0.0160899 
1.053, 0.0160829 
1.054, 0.0160754 
1.055, 0.0160675 
1.056, 0.016059 
1.057, 0.0160501 
1.058, 0.0160407 
1.059, 0.0160308 
1.06, 0.0160204 
1.061, 0.0160096 
1.062, 0.0159982 
1.063, 0.0159865 
1.064, 0.0159742 
1.065, 0.0159615 
1.066, 0.0159483 
1.067, 0.0159347 
1.068, 0.0159207 
1.069, 0.0159061 
1.07, 0.0158912 
1.071, 0.0158758 
1.072, 0.01586 
1.073, 0.0158437 
1.074, 0.015827 
1.075, 0.0158099 
1.076, 0.0157923 
1.077, 0.0157744 
1.078, 0.015756 
1.079, 0.0157372 
1.08, 0.015718 
1.081, 0.0156985 
1.082, 0.0156785 
1.083, 0.0156581 
1.084, 0.0156373 
1.085, 0.0156161 
1.086, 0.0155946 
1.087, 0.0155726 
1.088, 0.0155503 
1.089, 0.0155276 
1.09, 0.0155045 
1.091, 0.0154811 
1.092, 0.0154573 
1.093, 0.0154331 
1.094, 0.0154086 
1.095, 0.0153838 
1.096, 0.0153585 
1.097, 0.015333 
1.098, 0.0153071 
1.099, 0.0152808 
1.1, 0.0152542 
1.101, 0.0152273 
1.102, 0.0152 
1.103, 0.0151725 
1.104, 0.0151446 
1.105, 0.0151164 
1.106, 0.0150878 
1.107, 0.015059 
1.108, 0.0150298 
1.109, 0.0150004 
1.11, 0.0149706 
1.111, 0.0149406 
1.112, 0.0149102 
1.113, 0.0148796 
1.114, 0.0148486 
1.115, 0.0148174 
1.116, 0.0147859 
1.117, 0.0147542 
1.118, 0.0147221 
1.119, 0.0146898 
1.12, 0.0146572 
1.121, 0.0146244 
1.122, 0.0145913 
1.123, 0.0145579 
1.124, 0.0145243 
1.125, 0.0144904 
1.126, 0.0144563 
1.127, 0.014422 
1.128, 0.0143874 
1.129, 0.0143525 
1.13, 0.0143175 
1.131, 0.0142822 
1.132, 0.0142467 
1.133, 0.0142109 
1.134, 0.0141749 
1.135, 0.0141388 
1.136, 0.0141024 
1.137, 0.0140658 
1.138, 0.0140289 
1.139, 0.0139919 
1.14, 0.0139547 
1.141, 0.0139173 
1.142, 0.0138797 
1.143, 0.0138418 
1.144, 0.0138039 
1.145, 0.0137657 
1.146, 0.0137273 
1.147, 0.0136888 
1.148, 0.01365 
1.149, 0.0136111 
1.15, 0.0135721 
1.151, 0.0135328 
1.152, 0.0134935 
1.153, 0.0134539 
1.154, 0.0134142 
1.155, 0.0133743 
1.156, 0.0133343 
1.157, 0.0132941 
1.158, 0.0132538 
1.159, 0.0132133 
1.16, 0.0131727 
1.161, 0.013132 
1.162, 0.0130911 
1.163, 0.0130501 
1.164, 0.013009 
1.165, 0.0129677 
1.166, 0.0129263 
1.167, 0.0128848 
1.168, 0.0128432 
1.169, 0.0128014 
1.17, 0.0127596 
1.171, 0.0127176 
1.172, 0.0126755 
1.173, 0.0126333 
1.174, 0.0125911 
1.175, 0.0125487 
1.176, 0.0125062 
1.177, 0.0124636 
1.178, 0.012421 
1.179, 0.0123782 
1.18, 0.0123354 
1.181, 0.0122925 
1.182, 0.0122495 
1.183, 0.0122064 
1.184, 0.0121632 
1.185, 0.01212 
1.186, 0.0120767 
1.187, 0.0120333 
1.188, 0.0119899 
1.189, 0.0119464 
1.19, 0.0119029 
1.191, 0.0118592 
1.192, 0.0118156 
1.193, 0.0117718 
1.194, 0.0117281 
1.195, 0.0116842 
1.196, 0.0116404 
1.197, 0.0115964 
1.198, 0.0115525 
1.199, 0.0115085 
1.2, 0.0114645 
1.201, 0.0114204 
1.202, 0.0113763 
1.203, 0.0113321 
1.204, 0.011288 
1.205, 0.0112438 
1.206, 0.0111996 
1.207, 0.0111553 
1.208, 0.0111111 
1.209, 0.0110668 
1.21, 0.0110225 
1.211, 0.0109782 
1.212, 0.0109339 
1.213, 0.0108895 
1.214, 0.0108452 
1.215, 0.0108009 
1.216, 0.0107565 
1.217, 0.0107122 
1.218, 0.0106678 
1.219, 0.0106235 
1.22, 0.0105791 
1.221, 0.0105348 
1.222, 0.0104905 
1.223, 0.0104462 
1.224, 0.0104019 
1.225, 0.0103576 
1.226, 0.0103133 
1.227, 0.010269 
1.228, 0.0102248 
1.229, 0.0101806 
1.23, 0.0101364 
1.231, 0.0100922 
1.232, 0.0100481 
1.233, 0.010004 
1.234, 0.0099599 
1.235, 0.00991585 
1.236, 0.00987183 
1.237, 0.00982785 
1.238, 0.00978391 
1.239, 0.00974001 
1.24, 0.00969614 
1.241, 0.00965232 
1.242, 0.00960854 
1.243, 0.0095648 
1.244, 0.00952112 
1.245, 0.00947748 
1.246, 0.00943389 
1.247, 0.00939035 
1.248, 0.00934687 
1.249, 0.00930344 
1.25, 0.00926006 
1.251, 0.00921675 
1.252, 0.00917349 
1.253, 0.00913029 
1.254, 0.00908715 
1.255, 0.00904408 
1.256, 0.00900107 
1.257, 0.00895813 
1.258, 0.00891526 
1.259, 0.00887245 
1.26, 0.00882972 
1.261, 0.00878705 
1.262, 0.00874446 
1.263, 0.00870195 
1.264, 0.00865951 
1.265, 0.00861714 
1.266, 0.00857486 
1.267, 0.00853265 
1.268, 0.00849052 
1.269, 0.00844848 
1.27, 0.00840652 
1.271, 0.00836464 
1.272, 0.00832285 
1.273, 0.00828115 
1.274, 0.00823953 
1.275, 0.00819801 
1.276, 0.00815657 
1.277, 0.00811522 
1.278, 0.00807397 
1.279, 0.00803281 
1.28, 0.00799175 
1.281, 0.00795078 
1.282, 0.00790991 
1.283, 0.00786913 
1.284, 0.00782846 
1.285, 0.00778788 
1.286, 0.00774741 
1.287, 0.00770704 
1.288, 0.00766677 
1.289, 0.0076266 
1.29, 0.00758654 
1.291, 0.00754659 
1.292, 0.00750674 
1.293, 0.00746701 
1.294, 0.00742738 
1.295, 0.00738786 
1.296, 0.00734845 
1.297, 0.00730915 
1.298, 0.00726996 
1.299, 0.00723089 
1.3, 0.00719193 
1.301, 0.00715309 
1.302, 0.00711436 
1.303, 0.00707575 
1.304, 0.00703726 
1.305, 0.00699889 
1.306, 0.00696063 
1.307, 0.0069225 
1.308, 0.00688448 
1.309, 0.00684659 
1.31, 0.00680882 
1.311, 0.00677117 
1.312, 0.00673364 
1.313, 0.00669624 
1.314, 0.00665897 
1.315, 0.00662182 
1.316, 0.0065848 
1.317, 0.0065479 
1.318, 0.00651113 
1.319, 0.00647449 
1.32, 0.00643798 
1.321, 0.0064016 
1.322, 0.00636535 
1.323, 0.00632923 
1.324, 0.00629325 
1.325, 0.00625739 
1.326, 0.00622167 
1.327, 0.00618608 
1.328, 0.00615063 
1.329, 0.00611531 
1.33, 0.00608012 
1.331, 0.00604507 
1.332, 0.00601016 
1.333, 0.00597538 
1.334, 0.00594074 
1.335, 0.00590624 
1.336, 0.00587187 
1.337, 0.00583765 
1.338, 0.00580356 
1.339, 0.00576962 
1.34, 0.00573581 
1.341, 0.00570215 
1.342, 0.00566862 
1.343, 0.00563524 
1.344, 0.005602 
1.345, 0.0055689 
1.346, 0.00553594 
1.347, 0.00550313 
1.348, 0.00547046 
1.349, 0.00543793 
1.35, 0.00540555 
1.351, 0.00537331 
1.352, 0.00534122 
1.353, 0.00530927 
1.354, 0.00527747 
1.355, 0.00524581 
1.356, 0.00521431 
1.357, 0.00518294 
1.358, 0.00515173 
1.359, 0.00512066 
1.36, 0.00508974 
1.361, 0.00505896 
1.362, 0.00502834 
1.363, 0.00499786 
1.364, 0.00496754 
1.365, 0.00493736 
1.366, 0.00490733 
1.367, 0.00487745 
1.368, 0.00484771 
1.369, 0.00481813 
1.37, 0.0047887 
1.371, 0.00475942 
1.372, 0.00473029 
1.373, 0.00470131 
1.374, 0.00467248 
1.375, 0.00464381 
1.376, 0.00461528 
1.377, 0.00458691 
1.378, 0.00455868 
1.379, 0.00453061 
1.38, 0.00450269 
1.381, 0.00447492 
1.382, 0.00444731 
1.383, 0.00441985 
1.384, 0.00439254 
1.385, 0.00436538 
1.386, 0.00433837 
1.387, 0.00431152 
1.388, 0.00428482 
1.389, 0.00425828 
1.39, 0.00423188 
1.391, 0.00420564 
1.392, 0.00417956 
1.393, 0.00415362 
1.394, 0.00412784 
1.395, 0.00410222 
1.396, 0.00407675 
1.397, 0.00405143 
1.398, 0.00402626 
1.399, 0.00400125 
1.4, 0.00397639 
1.401, 0.00395169 
1.402, 0.00392714 
1.403, 0.00390274 
1.404, 0.0038785 
1.405, 0.00385441 
1.406, 0.00383048 
1.407, 0.0038067 
1.408, 0.00378307 
1.409, 0.0037596 
1.41, 0.00373628 
1.411, 0.00371311 
1.412, 0.0036901 
1.413, 0.00366724 
1.414, 0.00364454 
1.415, 0.00362199 
1.416, 0.00359959 
1.417, 0.00357735 
1.418, 0.00355526 
1.419, 0.00353332 
1.42, 0.00351154 
1.421, 0.00348991 
1.422, 0.00346843 
1.423, 0.00344711 
1.424, 0.00342594 
1.425, 0.00340492 
1.426, 0.00338406 
1.427, 0.00336335 
1.428, 0.00334279 
1.429, 0.00332238 
1.43, 0.00330213 
1.431, 0.00328203 
1.432, 0.00326208 
1.433, 0.00324228 
1.434, 0.00322264 
1.435, 0.00320314 
1.436, 0.0031838 
1.437, 0.00316461 
1.438, 0.00314558 
1.439, 0.00312669 
1.44, 0.00310795 
1.441, 0.00308937 
1.442, 0.00307094 
1.443, 0.00305265 
1.444, 0.00303452 
1.445, 0.00301654 
1.446, 0.00299871 
1.447, 0.00298103 
1.448, 0.0029635 
1.449, 0.00294612 
1.45, 0.00292888 
1.451, 0.0029118 
1.452, 0.00289487 
1.453, 0.00287808 
1.454, 0.00286145 
1.455, 0.00284496 
1.456, 0.00282862 
1.457, 0.00281243 
1.458, 0.00279639 
1.459, 0.0027805 
1.46, 0.00276475 
1.461, 0.00274915 
1.462, 0.0027337 
1.463, 0.00271839 
1.464, 0.00270323 
1.465, 0.00268822 
1.466, 0.00267335 
1.467, 0.00265863 
1.468, 0.00264406 
1.469, 0.00262963 
1.47, 0.00261535 
1.471, 0.00260121 
1.472, 0.00258721 
1.473, 0.00257336 
1.474, 0.00255966 
1.475, 0.0025461 
1.476, 0.00253268 
1.477, 0.00251941 
1.478, 0.00250627 
1.479, 0.00249329 
1.48, 0.00248044 
1.481, 0.00246774 
1.482, 0.00245518 
1.483, 0.00244276 
1.484, 0.00243048 
1.485, 0.00241835 
1.486, 0.00240635 
1.487, 0.0023945 
1.488, 0.00238279 
1.489, 0.00237121 
1.49, 0.00235978 
1.491, 0.00234849 
1.492, 0.00233733 
1.493, 0.00232632 
1.494, 0.00231544 
1.495, 0.00230471 
1.496, 0.00229411 
1.497, 0.00228364 
1.498, 0.00227332 
1.499, 0.00226313 
1.5, 0.00225308 
1.501, 0.00224317 
1.502, 0.00223339 
1.503, 0.00222375 
1.504, 0.00221425 
1.505, 0.00220488 
1.506, 0.00219564 
1.507, 0.00218654 
1.508, 0.00217758 
1.509, 0.00216874 
1.51, 0.00216005 
1.511, 0.00215148 
1.512, 0.00214305 
1.513, 0.00213475 
1.514, 0.00212659 
1.515, 0.00211855 
1.516, 0.00211065 
1.517, 0.00210288 
1.518, 0.00209524 
1.519, 0.00208773 
1.52, 0.00208035 
1.521, 0.00207311 
1.522, 0.00206599 
1.523, 0.002059 
1.524, 0.00205214 
1.525, 0.00204541 
1.526, 0.00203881 
1.527, 0.00203233 
1.528, 0.00202598 
1.529, 0.00201976 
1.53, 0.00201367 
1.531, 0.00200771 
1.532, 0.00200187 
1.533, 0.00199615 
1.534, 0.00199057 
1.535, 0.0019851 
1.536, 0.00197977 
1.537, 0.00197455 
1.538, 0.00196946 
1.539, 0.0019645 
1.54, 0.00195966 
1.541, 0.00195494 
1.542, 0.00195034 
1.543, 0.00194587 
1.544, 0.00194152 
1.545, 0.00193729 
1.546, 0.00193318 
1.547, 0.00192919 
1.548, 0.00192533 
1.549, 0.00192158 
1.55, 0.00191795 
1.551, 0.00191444 
1.552, 0.00191106 
1.553, 0.00190779 
1.554, 0.00190464 
1.555, 0.0019016 
1.556, 0.00189869 
1.557, 0.00189589 
1.558, 0.00189321 
1.559, 0.00189064 
1.56, 0.00188819 
1.561, 0.00188586 
1.562, 0.00188364 
1.563, 0.00188154 
1.564, 0.00187955 
1.565, 0.00187768 
1.566, 0.00187592 
1.567, 0.00187427 
1.568, 0.00187274 
1.569, 0.00187132 
1.57, 0.00187001 
1.571, 0.00186882 
1.572, 0.00186773 
1.573, 0.00186676 
1.574, 0.0018659 
1.575, 0.00186515 
1.576, 0.0018645 
1.577, 0.00186397 
1.578, 0.00186355 
1.579, 0.00186324 
1.58, 0.00186303 
1.581, 0.00186293 
1.582, 0.00186295 
1.583, 0.00186306 
1.584, 0.00186329 
1.585, 0.00186362 
1.586, 0.00186406 
1.587, 0.00186461 
1.588, 0.00186526 
1.589, 0.00186601 
1.59, 0.00186687 
1.591, 0.00186784 
1.592, 0.00186891 
1.593, 0.00187008 
1.594, 0.00187135 
1.595, 0.00187273 
1.596, 0.00187421 
1.597, 0.0018758 
1.598, 0.00187748 
1.599, 0.00187927 
1.6, 0.00188116 
1.601, 0.00188314 
1.602, 0.00188523 
1.603, 0.00188742 
1.604, 0.00188971 
1.605, 0.00189209 
1.606, 0.00189458 
1.607, 0.00189716 
1.608, 0.00189984 
1.609, 0.00190262 
1.61, 0.0019055 
1.611, 0.00190847 
1.612, 0.00191154 
1.613, 0.00191471 
1.614, 0.00191797 
1.615, 0.00192132 
1.616, 0.00192477 
1.617, 0.00192832 
1.618, 0.00193196 
1.619, 0.00193569 
1.62, 0.00193952 
1.621, 0.00194344 
1.622, 0.00194745 
1.623, 0.00195156 
1.624, 0.00195575 
1.625, 0.00196004 
1.626, 0.00196442 
1.627, 0.00196889 
1.628, 0.00197345 
1.629, 0.0019781 
1.63, 0.00198284 
1.631, 0.00198767 
1.632, 0.00199259 
1.633, 0.0019976 
1.634, 0.00200269 
1.635, 0.00200787 
1.636, 0.00201314 
1.637, 0.0020185 
1.638, 0.00202394 
1.639, 0.00202947 
1.64, 0.00203509 
1.641, 0.00204079 
1.642, 0.00204657 
1.643, 0.00205245 
1.644, 0.0020584 
1.645, 0.00206444 
1.646, 0.00207056 
1.647, 0.00207677 
1.648, 0.00208306 
1.649, 0.00208943 
1.65, 0.00209588 
1.651, 0.00210242 
1.652, 0.00210903 
1.653, 0.00211573 
1.654, 0.00212251 
1.655, 0.00212937 
1.656, 0.00213631 
1.657, 0.00214333 
1.658, 0.00215042 
1.659, 0.0021576 
1.66, 0.00216486 
1.661, 0.00217219 
1.662, 0.0021796 
1.663, 0.00218709 
1.664, 0.00219465 
1.665, 0.0022023 
1.666, 0.00221001 
1.667, 0.00221781 
1.668, 0.00222568 
1.669, 0.00223362 
1.67, 0.00224164 
1.671, 0.00224974 
1.672, 0.00225791 
1.673, 0.00226615 
1.674, 0.00227447 
1.675, 0.00228286 
1.676, 0.00229132 
1.677, 0.00229985 
1.678, 0.00230846 
1.679, 0.00231714 
1.68, 0.00232589 
1.681, 0.00233471 
1.682, 0.0023436 
1.683, 0.00235256 
1.684, 0.00236159 
1.685, 0.00237069 
1.686, 0.00237986 
1.687, 0.0023891 
1.688, 0.00239841 
1.689, 0.00240779 
1.69, 0.00241723 
1.691, 0.00242674 
1.692, 0.00243632 
1.693, 0.00244597 
1.694, 0.00245568 
1.695, 0.00246546 
1.696, 0.0024753 
1.697, 0.00248521 
1.698, 0.00249518 
1.699, 0.00250522 
1.7, 0.00251533 
1.701, 0.0025255 
1.702, 0.00253573 
1.703, 0.00254602 
1.704, 0.00255638 
1.705, 0.0025668 
1.706, 0.00257729 
1.707, 0.00258783 
1.708, 0.00259844 
1.709, 0.00260911 
1.71, 0.00261984 
1.711, 0.00263063 
1.712, 0.00264148 
1.713, 0.00265239 
1.714, 0.00266336 
1.715, 0.00267439 
1.716, 0.00268548 
1.717, 0.00269663 
1.718, 0.00270784 
1.719, 0.0027191 
1.72, 0.00273043 
1.721, 0.00274181 
1.722, 0.00275325 
1.723, 0.00276474 
1.724, 0.00277629 
1.725, 0.0027879 
1.726, 0.00279956 
1.727, 0.00281128 
1.728, 0.00282306 
1.729, 0.00283489 
1.73, 0.00284677 
1.731, 0.00285871 
1.732, 0.0028707 
1.733, 0.00288275 
1.734, 0.00289485 
1.735, 0.002907 
1.736, 0.0029192 
1.737, 0.00293146 
1.738, 0.00294377 
1.739, 0.00295613 
1.74, 0.00296855 
1.741, 0.00298101 
1.742, 0.00299352 
1.743, 0.00300609 
1.744, 0.00301871 
1.745, 0.00303137 
1.746, 0.00304409 
1.747, 0.00305685 
1.748, 0.00306967 
1.749, 0.00308253 
1.75, 0.00309544 
1.751, 0.0031084 
1.752, 0.00312141 
1.753, 0.00313447 
1.754, 0.00314757 
1.755, 0.00316072 
1.756, 0.00317392 
1.757, 0.00318716 
1.758, 0.00320045 
1.759, 0.00321378 
1.76, 0.00322716 
1.761, 0.00324059 
1.762, 0.00325406 
1.763, 0.00326757 
1.764, 0.00328113 
1.765, 0.00329474 
1.766, 0.00330838 
1.767, 0.00332207 
1.768, 0.00333581 
1.769, 0.00334958 
1.77, 0.0033634 
1.771, 0.00337727 
1.772, 0.00339117 
1.773, 0.00340512 
1.774, 0.0034191 
1.775, 0.00343313 
1.776, 0.0034472 
1.777, 0.00346131 
1.778, 0.00347546 
1.779, 0.00348965 
1.78, 0.00350388 
1.781, 0.00351815 
1.782, 0.00353246 
1.783, 0.00354681 
1.784, 0.0035612 
1.785, 0.00357563 
1.786, 0.00359009 
1.787, 0.00360459 
1.788, 0.00361913 
1.789, 0.00363371 
1.79, 0.00364832 
1.791, 0.00366297 
1.792, 0.00367766 
1.793, 0.00369239 
1.794, 0.00370715 
1.795, 0.00372194 
1.796, 0.00373677 
1.797, 0.00375164 
1.798, 0.00376654 
1.799, 0.00378148 
1.8, 0.00379645 
1.801, 0.00381145 
1.802, 0.00382649 
1.803, 0.00384157 
1.804, 0.00385667 
1.805, 0.00387181 
1.806, 0.00388699 
1.807, 0.00390219 
1.808, 0.00391743 
1.809, 0.0039327 
1.81, 0.003948 
1.811, 0.00396333 
1.812, 0.0039787 
1.813, 0.0039941 
1.814, 0.00400952 
1.815, 0.00402498 
1.816, 0.00404047 
1.817, 0.00405599 
1.818, 0.00407154 
1.819, 0.00408712 
1.82, 0.00410272 
1.821, 0.00411836 
1.822, 0.00413403 
1.823, 0.00414972 
1.824, 0.00416545 
1.825, 0.0041812 
1.826, 0.00419698 
1.827, 0.00421279 
1.828, 0.00422862 
1.829, 0.00424448 
1.83, 0.00426037 
1.831, 0.00427629 
1.832, 0.00429223 
1.833, 0.0043082 
1.834, 0.0043242 
1.835, 0.00434022 
1.836, 0.00435627 
1.837, 0.00437234 
1.838, 0.00438844 
1.839, 0.00440456 
1.84, 0.00442071 
1.841, 0.00443688 
1.842, 0.00445308 
1.843, 0.0044693 
1.844, 0.00448555 
1.845, 0.00450181 
1.846, 0.00451811 
1.847, 0.00453442 
1.848, 0.00455076 
1.849, 0.00456712 
1.85, 0.0045835 
1.851, 0.00459991 
1.852, 0.00461634 
1.853, 0.00463279 
1.854, 0.00464926 
1.855, 0.00466575 
1.856, 0.00468227 
1.857, 0.0046988 
1.858, 0.00471536 
1.859, 0.00473194 
1.86, 0.00474853 
1.861, 0.00476515 
1.862, 0.00478179 
1.863, 0.00479845 
1.864, 0.00481512 
1.865, 0.00483182 
1.866, 0.00484854 
1.867, 0.00486527 
1.868, 0.00488202 
1.869, 0.0048988 
1.87, 0.00491559 
1.871, 0.0049324 
1.872, 0.00494922 
1.873, 0.00496607 
1.874, 0.00498293 
1.875, 0.00499981 
1.876, 0.0050167 
1.877, 0.00503362 
1.878, 0.00505055 
1.879, 0.00506749 
1.88, 0.00508445 
1.881, 0.00510143 
1.882, 0.00511843 
1.883, 0.00513544 
1.884, 0.00515247 
1.885, 0.00516951 
1.886, 0.00518656 
1.887, 0.00520364 
1.888, 0.00522072 
1.889, 0.00523782 
1.89, 0.00525494 
1.891, 0.00527207 
1.892, 0.00528921 
1.893, 0.00530637 
1.894, 0.00532354 
1.895, 0.00534073 
1.896, 0.00535793 
1.897, 0.00537514 
1.898, 0.00539236 
1.899, 0.0054096 
1.9, 0.00542685 
1.901, 0.00544411 
1.902, 0.00546139 
1.903, 0.00547867 
1.904, 0.00549597 
1.905, 0.00551328 
1.906, 0.0055306 
1.907, 0.00554793 
1.908, 0.00556528 
1.909, 0.00558263 
1.91, 0.0056 
1.911, 0.00561738 
1.912, 0.00563476 
1.913, 0.00565216 
1.914, 0.00566957 
1.915, 0.00568699 
1.916, 0.00570441 
1.917, 0.00572185 
1.918, 0.0057393 
1.919, 0.00575675 
1.92, 0.00577422 
1.921, 0.00579169 
1.922, 0.00580917 
1.923, 0.00582666 
1.924, 0.00584416 
1.925, 0.00586167 
1.926, 0.00587919 
1.927, 0.00589671 
1.928, 0.00591424 
1.929, 0.00593178 
1.93, 0.00594933 
1.931, 0.00596688 
1.932, 0.00598444 
1.933, 0.00600201 
1.934, 0.00601958 
1.935, 0.00603717 
1.936, 0.00605475 
1.937, 0.00607235 
1.938, 0.00608995 
1.939, 0.00610756 
1.94, 0.00612517 
1.941, 0.00614279 
1.942, 0.00616041 
1.943, 0.00617804 
1.944, 0.00619568 
1.945, 0.00621332 
1.946, 0.00623096 
1.947, 0.00624861 
1.948, 0.00626627 
1.949, 0.00628392 
1.95, 0.00630159 
1.951, 0.00631926 
1.952, 0.00633693 
1.953, 0.0063546 
1.954, 0.00637228 
1.955, 0.00638997 
1.956, 0.00640765 
1.957, 0.00642534 
1.958, 0.00644304 
1.959, 0.00646073 
1.96, 0.00647843 
1.961, 0.00649614 
1.962, 0.00651384 
1.963, 0.00653155 
1.964, 0.00654926 
1.965, 0.00656697 
1.966, 0.00658469 
1.967, 0.0066024 
1.968, 0.00662012 
1.969, 0.00663784 
1.97, 0.00665556 
1.971, 0.00667329 
1.972, 0.00669101 
1.973, 0.00670874 
1.974, 0.00672646 
1.975, 0.00674419 
1.976, 0.00676192 
1.977, 0.00677965 
1.978, 0.00679738 
1.979, 0.00681511 
1.98, 0.00683284 
1.981, 0.00685057 
1.982, 0.0068683 
1.983, 0.00688603 
1.984, 0.00690376 
1.985, 0.00692149 
1.986, 0.00693922 
1.987, 0.00695695 
1.988, 0.00697468 
1.989, 0.0069924 
1.99, 0.00701013 
1.991, 0.00702785 
1.992, 0.00704558 
1.993, 0.0070633 
1.994, 0.00708102 
1.995, 0.00709874 
1.996, 0.00711646 
1.997, 0.00713418 
1.998, 0.00715189 
1.999, 0.0071696 
2, 0.00718731 
2.001, 0.00720502 
2.002, 0.00722272 
2.003, 0.00724043 
2.004, 0.00725813 
2.005, 0.00727582 
2.006, 0.00729352 
2.007, 0.00731121 
2.008, 0.0073289 
2.009, 0.00734658 
2.01, 0.00736426 
2.011, 0.00738194 
2.012, 0.00739962 
2.013, 0.00741729 
2.014, 0.00743496 
2.015, 0.00745262 
2.016, 0.00747028 
2.017, 0.00748794 
2.018, 0.00750559 
2.019, 0.00752323 
2.02, 0.00754088 
2.021, 0.00755851 
2.022, 0.00757615 
2.023, 0.00759378 
2.024, 0.0076114 
2.025, 0.00762902 
2.026, 0.00764663 
2.027, 0.00766424 
2.028, 0.00768185 
2.029, 0.00769944 
2.03, 0.00771704 
2.031, 0.00773462 
2.032, 0.00775221 
2.033, 0.00776978 
2.034, 0.00778735 
2.035, 0.00780492 
2.036, 0.00782247 
2.037, 0.00784003 
2.038, 0.00785757 
2.039, 0.00787511 
2.04, 0.00789264 
2.041, 0.00791017 
2.042, 0.00792769 
2.043, 0.0079452 
2.044, 0.00796271 
2.045, 0.00798021 
2.046, 0.0079977 
2.047, 0.00801519 
2.048, 0.00803267 
2.049, 0.00805014 
2.05, 0.0080676 
2.051, 0.00808506 
2.052, 0.00810251 
2.053, 0.00811995 
2.054, 0.00813738 
2.055, 0.00815481 
2.056, 0.00817222 
2.057, 0.00818963 
2.058, 0.00820703 
2.059, 0.00822443 
2.06, 0.00824181 
2.061, 0.00825919 
2.062, 0.00827656 
2.063, 0.00829392 
2.064, 0.00831127 
2.065, 0.00832861 
2.066, 0.00834595 
2.067, 0.00836327 
2.068, 0.00838059 
2.069, 0.00839789 
2.07, 0.00841519 
2.071, 0.00843248 
2.072, 0.00844976 
2.073, 0.00846703 
2.074, 0.00848429 
2.075, 0.00850154 
2.076, 0.00851879 
2.077, 0.00853602 
2.078, 0.00855324 
2.079, 0.00857045 
2.08, 0.00858766 
2.081, 0.00860485 
2.082, 0.00862203 
2.083, 0.0086392 
2.084, 0.00865637 
2.085, 0.00867352 
2.086, 0.00869066 
2.087, 0.00870779 
2.088, 0.00872491 
2.089, 0.00874203 
2.09, 0.00875912 
2.091, 0.00877621 
2.092, 0.00879329 
2.093, 0.00881036 
2.094, 0.00882742 
2.095, 0.00884446 
2.096, 0.0088615 
2.097, 0.00887852 
2.098, 0.00889553 
2.099, 0.00891253 
2.1, 0.00892952 
2.101, 0.0089465 
2.102, 0.00896347 
2.103, 0.00898042 
2.104, 0.00899737 
2.105, 0.0090143 
2.106, 0.00903122 
2.107, 0.00904813 
2.108, 0.00906502 
2.109, 0.00908191 
2.11, 0.00909878 
2.111, 0.00911564 
2.112, 0.00913249 
2.113, 0.00914933 
2.114, 0.00916615 
2.115, 0.00918296 
2.116, 0.00919976 
2.117, 0.00921655 
2.118, 0.00923332 
2.119, 0.00925008 
2.12, 0.00926683 
2.121, 0.00928357 
2.122, 0.00930029 
2.123, 0.009317 
2.124, 0.0093337 
2.125, 0.00935039 
2.126, 0.00936706 
2.127, 0.00938372 
2.128, 0.00940036 
2.129, 0.00941699 
2.13, 0.00943361 
2.131, 0.00945022 
2.132, 0.00946681 
2.133, 0.00948339 
2.134, 0.00949996 
2.135, 0.00951651 
2.136, 0.00953305 
2.137, 0.00954957 
2.138, 0.00956608 
2.139, 0.00958258 
2.14, 0.00959906 
2.141, 0.00961553 
2.142, 0.00963199 
2.143, 0.00964843 
2.144, 0.00966486 
2.145, 0.00968127 
2.146, 0.00969767 
2.147, 0.00971406 
2.148, 0.00973043 
2.149, 0.00974679 
2.15, 0.00976313 
2.151, 0.00977946 
2.152, 0.00979577 
2.153, 0.00981207 
2.154, 0.00982836 
2.155, 0.00984463 
2.156, 0.00986089 
2.157, 0.00987713 
2.158, 0.00989335 
2.159, 0.00990956 
2.16, 0.00992576 
2.161, 0.00994194 
2.162, 0.00995811 
2.163, 0.00997426 
2.164, 0.0099904 
2.165, 0.0100065 
2.166, 0.0100226 
2.167, 0.0100387 
2.168, 0.0100548 
2.169, 0.0100709 
2.17, 0.0100869 
2.171, 0.0101029 
2.172, 0.010119 
2.173, 0.010135 
2.174, 0.0101509 
2.175, 0.0101669 
2.176, 0.0101829 
2.177, 0.0101988 
2.178, 0.0102147 
2.179, 0.0102306 
2.18, 0.0102465 
2.181, 0.0102624 
2.182, 0.0102783 
2.183, 0.0102941 
2.184, 0.0103099 
2.185, 0.0103257 
2.186, 0.0103415 
2.187, 0.0103573 
2.188, 0.0103731 
2.189, 0.0103888 
2.19, 0.0104046 
2.191, 0.0104203 
2.192, 0.010436 
2.193, 0.0104517 
2.194, 0.0104673 
2.195, 0.010483 
2.196, 0.0104986 
2.197, 0.0105142 
2.198, 0.0105298 
2.199, 0.0105454 
2.2, 0.010561 
2.201, 0.0105765 
2.202, 0.0105921 
2.203, 0.0106076 
2.204, 0.0106231 
2.205, 0.0106386 
2.206, 0.0106541 
2.207, 0.0106695 
2.208, 0.010685 
2.209, 0.0107004 
2.21, 0.0107158 
2.211, 0.0107312 
2.212, 0.0107465 
2.213, 0.0107619 
2.214, 0.0107772 
2.215, 0.0107925 
2.216, 0.0108078 
2.217, 0.0108231 
2.218, 0.0108384 
2.219, 0.0108536 
2.22, 0.0108689 
2.221, 0.0108841 
2.222, 0.0108993 
2.223, 0.0109145 
2.224, 0.0109296 
2.225, 0.0109448 
2.226, 0.0109599 
2.227, 0.010975 
2.228, 0.0109901 
2.229, 0.0110052 
2.23, 0.0110203 
2.231, 0.0110353 
2.232, 0.0110503 
2.233, 0.0110653 
2.234, 0.0110803 
2.235, 0.0110953 
2.236, 0.0111103 
2.237, 0.0111252 
2.238, 0.0111401 
2.239, 0.011155 
2.24, 0.0111699 
2.241, 0.0111848 
2.242, 0.0111996 
2.243, 0.0112144 
2.244, 0.0112293 
2.245, 0.0112441 
2.246, 0.0112588 
2.247, 0.0112736 
2.248, 0.0112883 
2.249, 0.0113031 
2.25, 0.0113178 
2.251, 0.0113325 
2.252, 0.0113471 
2.253, 0.0113618 
2.254, 0.0113764 
2.255, 0.011391 
2.256, 0.0114056 
2.257, 0.0114202 
2.258, 0.0114348 
2.259, 0.0114493 
2.26, 0.0114639 
2.261, 0.0114784 
2.262, 0.0114929 
2.263, 0.0115073 
2.264, 0.0115218 
2.265, 0.0115362 
2.266, 0.0115506 
2.267, 0.011565 
2.268, 0.0115794 
2.269, 0.0115938 
2.27, 0.0116081 
2.271, 0.0116225 
2.272, 0.0116368 
2.273, 0.011651 
2.274, 0.0116653 
2.275, 0.0116796 
2.276, 0.0116938 
2.277, 0.011708 
2.278, 0.0117222 
2.279, 0.0117364 
2.28, 0.0117506 
2.281, 0.0117647 
2.282, 0.0117788 
2.283, 0.0117929 
2.284, 0.011807 
2.285, 0.0118211 
2.286, 0.0118351 
2.287, 0.0118492 
2.288, 0.0118632 
2.289, 0.0118772 
2.29, 0.0118911 
2.291, 0.0119051 
2.292, 0.011919 
2.293, 0.011933 
2.294, 0.0119469 
2.295, 0.0119607 
2.296, 0.0119746 
2.297, 0.0119884 
2.298, 0.0120023 
2.299, 0.0120161 
2.3, 0.0120299 
2.301, 0.0120436 
2.302, 0.0120574 
2.303, 0.0120711 
2.304, 0.0120848 
2.305, 0.0120985 
2.306, 0.0121122 
2.307, 0.0121258 
2.308, 0.0121395 
2.309, 0.0121531 
2.31, 0.0121667 
2.311, 0.0121803 
2.312, 0.0121938 
2.313, 0.0122074 
2.314, 0.0122209 
2.315, 0.0122344 
2.316, 0.0122479 
2.317, 0.0122614 
2.318, 0.0122748 
2.319, 0.0122882 
2.32, 0.0123017 
2.321, 0.012315 
2.322, 0.0123284 
2.323, 0.0123418 
2.324, 0.0123551 
2.325, 0.0123684 
2.326, 0.0123817 
2.327, 0.012395 
2.328, 0.0124082 
2.329, 0.0124215 
2.33, 0.0124347 
2.331, 0.0124479 
2.332, 0.0124611 
2.333, 0.0124742 
2.334, 0.0124874 
2.335, 0.0125005 
2.336, 0.0125136 
2.337, 0.0125267 
2.338, 0.0125398 
2.339, 0.0125528 
2.34, 0.0125658 
2.341, 0.0125788 
2.342, 0.0125918 
2.343, 0.0126048 
2.344, 0.0126178 
2.345, 0.0126307 
2.346, 0.0126436 
2.347, 0.0126565 
2.348, 0.0126694 
2.349, 0.0126822 
2.35, 0.0126951 
2.351, 0.0127079 
2.352, 0.0127207 
2.353, 0.0127334 
2.354, 0.0127462 
2.355, 0.0127589 
2.356, 0.0127717 
2.357, 0.0127844 
2.358, 0.012797 
2.359, 0.0128097 
2.36, 0.0128223 
2.361, 0.012835 
2.362, 0.0128476 
2.363, 0.0128602 
2.364, 0.0128727 
2.365, 0.0128853 
2.366, 0.0128978 
2.367, 0.0129103 
2.368, 0.0129228 
2.369, 0.0129353 
2.37, 0.0129477 
2.371, 0.0129602 
2.372, 0.0129726 
2.373, 0.012985 
2.374, 0.0129973 
2.375, 0.0130097 
2.376, 0.013022 
2.377, 0.0130343 
2.378, 0.0130466 
2.379, 0.0130589 
2.38, 0.0130712 
2.381, 0.0130834 
2.382, 0.0130956 
2.383, 0.0131078 
2.384, 0.01312 
2.385, 0.0131322 
2.386, 0.0131443 
2.387, 0.0131564 
2.388, 0.0131685 
2.389, 0.0131806 
2.39, 0.0131927 
2.391, 0.0132047 
2.392, 0.0132167 
2.393, 0.0132288 
2.394, 0.0132407 
2.395, 0.0132527 
2.396, 0.0132647 
2.397, 0.0132766 
2.398, 0.0132885 
2.399, 0.0133004 
2.4, 0.0133123 
2.401, 0.0133241 
2.402, 0.0133359 
2.403, 0.0133478 
2.404, 0.0133595 
2.405, 0.0133713 
2.406, 0.0133831 
2.407, 0.0133948 
2.408, 0.0134065 
2.409, 0.0134182 
2.41, 0.0134299 
2.411, 0.0134416 
2.412, 0.0134532 
2.413, 0.0134648 
2.414, 0.0134764 
2.415, 0.013488 
2.416, 0.0134996 
2.417, 0.0135111 
2.418, 0.0135226 
2.419, 0.0135341 
2.42, 0.0135456 
2.421, 0.0135571 
2.422, 0.0135685 
2.423, 0.01358 
2.424, 0.0135914 
2.425, 0.0136028 
2.426, 0.0136141 
2.427, 0.0136255 
2.428, 0.0136368 
2.429, 0.0136481 
2.43, 0.0136594 
2.431, 0.0136707 
2.432, 0.013682 
2.433, 0.0136932 
2.434, 0.0137044 
2.435, 0.0137156 
2.436, 0.0137268 
2.437, 0.0137379 
2.438, 0.0137491 
2.439, 0.0137602 
2.44, 0.0137713 
2.441, 0.0137824 
2.442, 0.0137935 
2.443, 0.0138045 
2.444, 0.0138155 
2.445, 0.0138265 
2.446, 0.0138375 
2.447, 0.0138485 
2.448, 0.0138594 
2.449, 0.0138704 
2.45, 0.0138813 
2.451, 0.0138922 
2.452, 0.013903 
2.453, 0.0139139 
2.454, 0.0139247 
2.455, 0.0139355 
2.456, 0.0139463 
2.457, 0.0139571 
2.458, 0.0139679 
2.459, 0.0139786 
2.46, 0.0139893 
2.461, 0.014 
2.462, 0.0140107 
2.463, 0.0140214 
2.464, 0.014032 
2.465, 0.0140426 
2.466, 0.0140533 
2.467, 0.0140638 
2.468, 0.0140744 
2.469, 0.014085 
2.47, 0.0140955 
2.471, 0.014106 
2.472, 0.0141165 
2.473, 0.014127 
2.474, 0.0141374 
2.475, 0.0141479 
2.476, 0.0141583 
2.477, 0.0141687 
2.478, 0.014179 
2.479, 0.0141894 
2.48, 0.0141998 
2.481, 0.0142101 
2.482, 0.0142204 
2.483, 0.0142307 
2.484, 0.0142409 
2.485, 0.0142512 
2.486, 0.0142614 
2.487, 0.0142716 
2.488, 0.0142818 
2.489, 0.014292 
2.49, 0.0143021 
2.491, 0.0143123 
2.492, 0.0143224 
2.493, 0.0143325 
2.494, 0.0143425 
2.495, 0.0143526 
2.496, 0.0143626 
2.497, 0.0143727 
2.498, 0.0143827 
2.499, 0.0143927 
2.5, 0.0144026 
2.501, 0.0144126 
2.502, 0.0144225 
2.503, 0.0144324 
2.504, 0.0144423 
2.505, 0.0144522 
2.506, 0.014462 
2.507, 0.0144719 
2.508, 0.0144817 
2.509, 0.0144915 
2.51, 0.0145013 
2.511, 0.014511 
2.512, 0.0145208 
2.513, 0.0145305 
2.514, 0.0145402 
2.515, 0.0145499 
2.516, 0.0145595 
2.517, 0.0145692 
2.518, 0.0145788 
2.519, 0.0145884 
2.52, 0.014598 
2.521, 0.0146076 
2.522, 0.0146172 
2.523, 0.0146267 
2.524, 0.0146362 
2.525, 0.0146457 
2.526, 0.0146552 
2.527, 0.0146647 
2.528, 0.0146741 
2.529, 0.0146835 
2.53, 0.014693 
2.531, 0.0147024 
2.532, 0.0147117 
2.533, 0.0147211 
2.534, 0.0147304 
2.535, 0.0147397 
2.536, 0.014749 
2.537, 0.0147583 
2.538, 0.0147676 
2.539, 0.0147768 
2.54, 0.0147861 
2.541, 0.0147953 
2.542, 0.0148045 
2.543, 0.0148136 
2.544, 0.0148228 
2.545, 0.0148319 
2.546, 0.014841 
2.547, 0.0148501 
2.548, 0.0148592 
2.549, 0.0148683 
2.55, 0.0148773 
2.551, 0.0148864 
2.552, 0.0148954 
2.553, 0.0149044 
2.554, 0.0149133 
2.555, 0.0149223 
2.556, 0.0149312 
2.557, 0.0149401 
2.558, 0.014949 
2.559, 0.0149579 
2.56, 0.0149668 
2.561, 0.0149756 
2.562, 0.0149845 
2.563, 0.0149933 
2.564, 0.0150021 
2.565, 0.0150109 
2.566, 0.0150196 
2.567, 0.0150283 
2.568, 0.0150371 
2.569, 0.0150458 
2.57, 0.0150545 
2.571, 0.0150631 
2.572, 0.0150718 
2.573, 0.0150804 
2.574, 0.015089 
2.575, 0.0150976 
2.576, 0.0151062 
2.577, 0.0151148 
2.578, 0.0151233 
2.579, 0.0151318 
2.58, 0.0151403 
2.581, 0.0151488 
2.582, 0.0151573 
2.583, 0.0151658 
2.584, 0.0151742 
2.585, 0.0151826 
2.586, 0.015191 
2.587, 0.0151994 
2.588, 0.0152078 
2.589, 0.0152161 
2.59, 0.0152245 
2.591, 0.0152328 
2.592, 0.0152411 
2.593, 0.0152494 
2.594, 0.0152576 
2.595, 0.0152659 
2.596, 0.0152741 
2.597, 0.0152823 
2.598, 0.0152905 
2.599, 0.0152987 
2.6, 0.0153068 
2.601, 0.015315 
2.602, 0.0153231 
2.603, 0.0153312 
2.604, 0.0153393 
2.605, 0.0153474 
2.606, 0.0153554 
2.607, 0.0153634 
2.608, 0.0153715 
2.609, 0.0153795 
2.61, 0.0153875 
2.611, 0.0153954 
2.612, 0.0154034 
2.613, 0.0154113 
2.614, 0.0154192 
2.615, 0.0154271 
2.616, 0.015435 
2.617, 0.0154429 
2.618, 0.0154507 
2.619, 0.0154585 
2.62, 0.0154664 
2.621, 0.0154741 
2.622, 0.0154819 
2.623, 0.0154897 
2.624, 0.0154974 
2.625, 0.0155052 
2.626, 0.0155129 
2.627, 0.0155206 
2.628, 0.0155282 
2.629, 0.0155359 
2.63, 0.0155435 
2.631, 0.0155512 
2.632, 0.0155588 
2.633, 0.0155664 
2.634, 0.0155739 
2.635, 0.0155815 
2.636, 0.015589 
2.637, 0.0155966 
2.638, 0.0156041 
2.639, 0.0156116 
2.64, 0.015619 
2.641, 0.0156265 
2.642, 0.0156339 
2.643, 0.0156414 
2.644, 0.0156488 
2.645, 0.0156562 
2.646, 0.0156635 
2.647, 0.0156709 
2.648, 0.0156782 
2.649, 0.0156855 
2.65, 0.0156928 
2.651, 0.0157001 
2.652, 0.0157074 
2.653, 0.0157147 
2.654, 0.0157219 
2.655, 0.0157291 
2.656, 0.0157363 
2.657, 0.0157435 
2.658, 0.0157507 
2.659, 0.0157579 
2.66, 0.015765 
2.661, 0.0157721 
2.662, 0.0157792 
2.663, 0.0157863 
2.664, 0.0157934 
2.665, 0.0158005 
2.666, 0.0158075 
2.667, 0.0158145 
2.668, 0.0158215 
2.669, 0.0158285 
2.67, 0.0158355 
2.671, 0.0158425 
2.672, 0.0158494 
2.673, 0.0158563 
2.674, 0.0158633 
2.675, 0.0158702 
2.676, 0.015877 
2.677, 0.0158839 
2.678, 0.0158907 
2.679, 0.0158976 
2.68, 0.0159044 
2.681, 0.0159112 
2.682, 0.015918 
2.683, 0.0159247 
2.684, 0.0159315 
2.685, 0.0159382 
2.686, 0.0159449 
2.687, 0.0159516 
2.688, 0.0159583 
2.689, 0.015965 
2.69, 0.0159717 
2.691, 0.0159783 
2.692, 0.0159849 
2.693, 0.0159915 
2.694, 0.0159981 
2.695, 0.0160047 
2.696, 0.0160112 
2.697, 0.0160178 
2.698, 0.0160243 
2.699, 0.0160308 
2.7, 0.0160373 
2.701, 0.0160438 
2.702, 0.0160503 
2.703, 0.0160567 
2.704, 0.0160631 
2.705, 0.0160696 
2.706, 0.016076 
2.707, 0.0160823 
2.708, 0.0160887 
2.709, 0.0160951 
2.71, 0.0161014 
2.711, 0.0161077 
2.712, 0.016114 
2.713, 0.0161203 
2.714, 0.0161266 
2.715, 0.0161329 
2.716, 0.0161391 
2.717, 0.0161453 
2.718, 0.0161515 
2.719, 0.0161577 
2.72, 0.0161639 
2.721, 0.0161701 
2.722, 0.0161762 
2.723, 0.0161824 
2.724, 0.0161885 
2.725, 0.0161946 
2.726, 0.0162007 
2.727, 0.0162068 
2.728, 0.0162128 
2.729, 0.0162189 
2.73, 0.0162249 
2.731, 0.0162309 
2.732, 0.0162369 
2.733, 0.0162429 
2.734, 0.0162489 
2.735, 0.0162548 
2.736, 0.0162608 
2.737, 0.0162667 
2.738, 0.0162726 
2.739, 0.0162785 
2.74, 0.0162844 
2.741, 0.0162902 
2.742, 0.0162961 
2.743, 0.0163019 
2.744, 0.0163077 
2.745, 0.0163135 
2.746, 0.0163193 
2.747, 0.0163251 
2.748, 0.0163308 
2.749, 0.0163366 
2.75, 0.0163423 
2.751, 0.016348 
2.752, 0.0163537 
2.753, 0.0163594 
2.754, 0.0163651 
2.755, 0.0163707 
2.756, 0.0163763 
2.757, 0.016382 
2.758, 0.0163876 
2.759, 0.0163932 
2.76, 0.0163987 
2.761, 0.0164043 
2.762, 0.0164098 
2.763, 0.0164154 
2.764, 0.0164209 
2.765, 0.0164264 
2.766, 0.0164319 
2.767, 0.0164374 
2.768, 0.0164428 
2.769, 0.0164483 
2.77, 0.0164537 
2.771, 0.0164591 
2.772, 0.0164645 
2.773, 0.0164699 
2.774, 0.0164753 
2.775, 0.0164806 
2.776, 0.016486 
2.777, 0.0164913 
2.778, 0.0164966 
2.779, 0.0165019 
2.78, 0.0165072 
2.781, 0.0165125 
2.782, 0.0165177 
2.783, 0.016523 
2.784, 0.0165282 
2.785, 0.0165334 
2.786, 0.0165386 
2.787, 0.0165438 
2.788, 0.016549 
2.789, 0.0165541 
2.79, 0.0165593 
2.791, 0.0165644 
2.792, 0.0165695 
2.793, 0.0165746 
2.794, 0.0165797 
2.795, 0.0165848 
2.796, 0.0165898 
2.797, 0.0165949 
2.798, 0.0165999 
2.799, 0.0166049 
2.8, 0.0166099 
2.801, 0.0166149 
2.802, 0.0166199 
2.803, 0.0166248 
2.804, 0.0166298 
2.805, 0.0166347 
2.806, 0.0166396 
2.807, 0.0166445 
2.808, 0.0166494 
2.809, 0.0166543 
2.81, 0.0166591 
2.811, 0.016664 
2.812, 0.0166688 
2.813, 0.0166736 
2.814, 0.0166784 
2.815, 0.0166832 
2.816, 0.016688 
2.817, 0.0166928 
2.818, 0.0166975 
2.819, 0.0167023 
2.82, 0.016707 
2.821, 0.0167117 
2.822, 0.0167164 
2.823, 0.0167211 
2.824, 0.0167257 
2.825, 0.0167304 
2.826, 0.016735 
2.827, 0.0167396 
2.828, 0.0167443 
2.829, 0.0167489 
2.83, 0.0167534 
2.831, 0.016758 
2.832, 0.0167626 
2.833, 0.0167671 
2.834, 0.0167716 
2.835, 0.0167762 
2.836, 0.0167807 
2.837, 0.0167852 
2.838, 0.0167896 
2.839, 0.0167941 
2.84, 0.0167986 
2.841, 0.016803 
2.842, 0.0168074 
2.843, 0.0168118 
2.844, 0.0168162 
2.845, 0.0168206 
2.846, 0.016825 
2.847, 0.0168293 
2.848, 0.0168337 
2.849, 0.016838 
2.85, 0.0168423 
2.851, 0.0168466 
2.852, 0.0168509 
2.853, 0.0168552 
2.854, 0.0168595 
2.855, 0.0168637 
2.856, 0.016868 
2.857, 0.0168722 
2.858, 0.0168764 
2.859, 0.0168806 
2.86, 0.0168848 
2.861, 0.0168889 
2.862, 0.0168931 
2.863, 0.0168973 
2.864, 0.0169014 
2.865, 0.0169055 
2.866, 0.0169096 
2.867, 0.0169137 
2.868, 0.0169178 
2.869, 0.0169219 
2.87, 0.0169259 
2.871, 0.01693 
2.872, 0.016934 
2.873, 0.016938 
2.874, 0.016942 
2.875, 0.016946 
2.876, 0.01695 
2.877, 0.016954 
2.878, 0.0169579 
2.879, 0.0169618 
2.88, 0.0169658 
2.881, 0.0169697 
2.882, 0.0169736 
2.883, 0.0169775 
2.884, 0.0169814 
2.885, 0.0169852 
2.886, 0.0169891 
2.887, 0.0169929 
2.888, 0.0169967 
2.889, 0.0170006 
2.89, 0.0170044 
2.891, 0.0170081 
2.892, 0.0170119 
2.893, 0.0170157 
2.894, 0.0170194 
2.895, 0.0170232 
2.896, 0.0170269 
2.897, 0.0170306 
2.898, 0.0170343 
2.899, 0.017038 
2.9, 0.0170417 
2.901, 0.0170454 
2.902, 0.017049 
2.903, 0.0170527 
2.904, 0.0170563 
2.905, 0.0170599 
2.906, 0.0170635 
2.907, 0.0170671 
2.908, 0.0170707 
2.909, 0.0170742 
2.91, 0.0170778 
2.911, 0.0170813 
2.912, 0.0170849 
2.913, 0.0170884 
2.914, 0.0170919 
2.915, 0.0170954 
2.916, 0.0170989 
2.917, 0.0171023 
2.918, 0.0171058 
2.919, 0.0171092 
2.92, 0.0171127 
2.921, 0.0171161 
2.922, 0.0171195 
2.923, 0.0171229 
2.924, 0.0171263 
2.925, 0.0171297 
2.926, 0.017133 
2.927, 0.0171364 
2.928, 0.0171397 
2.929, 0.017143 
2.93, 0.0171463 
2.931, 0.0171496 
2.932, 0.0171529 
2.933, 0.0171562 
2.934, 0.0171595 
2.935, 0.0171627 
2.936, 0.017166 
2.937, 0.0171692 
2.938, 0.0171724 
2.939, 0.0171756 
2.94, 0.0171788 
2.941, 0.017182 
2.942, 0.0171852 
2.943, 0.0171883 
2.944, 0.0171915 
2.945, 0.0171946 
2.946, 0.0171978 
2.947, 0.0172009 
2.948, 0.017204 
2.949, 0.0172071 
2.95, 0.0172101 
2.951, 0.0172132 
2.952, 0.0172163 
2.953, 0.0172193 
2.954, 0.0172223 
2.955, 0.0172254 
2.956, 0.0172284 
2.957, 0.0172314 
2.958, 0.0172344 
2.959, 0.0172373 
2.96, 0.0172403 
2.961, 0.0172433 
2.962, 0.0172462 
2.963, 0.0172491 
2.964, 0.017252 
2.965, 0.017255 
2.966, 0.0172578 
2.967, 0.0172607 
2.968, 0.0172636 
2.969, 0.0172665 
2.97, 0.0172693 
2.971, 0.0172722 
2.972, 0.017275 
2.973, 0.0172778 
2.974, 0.0172806 
2.975, 0.0172834 
2.976, 0.0172862 
2.977, 0.017289 
2.978, 0.0172917 
2.979, 0.0172945 
2.98, 0.0172972 
2.981, 0.0173 
2.982, 0.0173027 
2.983, 0.0173054 
2.984, 0.0173081 
2.985, 0.0173108 
2.986, 0.0173134 
2.987, 0.0173161 
2.988, 0.0173188 
2.989, 0.0173214 
2.99, 0.017324 
2.991, 0.0173266 
2.992, 0.0173292 
2.993, 0.0173318 
2.994, 0.0173344 
2.995, 0.017337 
2.996, 0.0173396 
2.997, 0.0173421 
2.998, 0.0173447 
2.999, 0.0173472 
3, 0.0173497 
3.001, 0.0173522 
3.002, 0.0173547 
3.003, 0.0173572 
3.004, 0.0173597 
3.005, 0.0173622 
3.006, 0.0173646 
3.007, 0.0173671 
3.008, 0.0173695 
3.009, 0.0173719 
3.01, 0.0173744 
3.011, 0.0173768 
3.012, 0.0173792 
3.013, 0.0173815 
3.014, 0.0173839 
3.015, 0.0173863 
3.016, 0.0173886 
3.017, 0.017391 
3.018, 0.0173933 
3.019, 0.0173956 
3.02, 0.0173979 
3.021, 0.0174002 
3.022, 0.0174025 
3.023, 0.0174048 
3.024, 0.0174071 
3.025, 0.0174093 
3.026, 0.0174116 
3.027, 0.0174138 
3.028, 0.017416 
3.029, 0.0174183 
3.03, 0.0174205 
3.031, 0.0174227 
3.032, 0.0174249 
3.033, 0.017427 
3.034, 0.0174292 
3.035, 0.0174313 
3.036, 0.0174335 
3.037, 0.0174356 
3.038, 0.0174378 
3.039, 0.0174399 
3.04, 0.017442 
3.041, 0.0174441 
3.042, 0.0174462 
3.043, 0.0174482 
3.044, 0.0174503 
3.045, 0.0174523 
3.046, 0.0174544 
3.047, 0.0174564 
3.048, 0.0174584 
3.049, 0.0174605 
3.05, 0.0174625 
3.051, 0.0174645 
3.052, 0.0174664 
3.053, 0.0174684 
3.054, 0.0174704 
3.055, 0.0174723 
3.056, 0.0174743 
3.057, 0.0174762 
3.058, 0.0174781 
3.059, 0.0174801 
3.06, 0.017482 
3.061, 0.0174839 
3.062, 0.0174857 
3.063, 0.0174876 
3.064, 0.0174895 
3.065, 0.0174913 
3.066, 0.0174932 
3.067, 0.017495 
3.068, 0.0174968 
3.069, 0.0174987 
3.07, 0.0175005 
3.071, 0.0175023 
3.072, 0.0175041 
3.073, 0.0175058 
3.074, 0.0175076 
3.075, 0.0175094 
3.076, 0.0175111 
3.077, 0.0175129 
3.078, 0.0175146 
3.079, 0.0175163 
3.08, 0.017518 
3.081, 0.0175197 
3.082, 0.0175214 
3.083, 0.0175231 
3.084, 0.0175248 
3.085, 0.0175264 
3.086, 0.0175281 
3.087, 0.0175297 
3.088, 0.0175314 
3.089, 0.017533 
3.09, 0.0175346 
3.091, 0.0175362 
3.092, 0.0175378 
3.093, 0.0175394 
3.094, 0.017541 
3.095, 0.0175426 
3.096, 0.0175441 
3.097, 0.0175457 
3.098, 0.0175472 
3.099, 0.0175487 
3.1, 0.0175503 
3.101, 0.0175518 
3.102, 0.0175533 
3.103, 0.0175548 
3.104, 0.0175563 
3.105, 0.0175578 
3.106, 0.0175592 
3.107, 0.0175607 
3.108, 0.0175621 
3.109, 0.0175636 
3.11, 0.017565 
3.111, 0.0175664 
3.112, 0.0175678 
3.113, 0.0175692 
3.114, 0.0175706 
3.115, 0.017572 
3.116, 0.0175734 
3.117, 0.0175748 
3.118, 0.0175761 
3.119, 0.0175775 
3.12, 0.0175788 
3.121, 0.0175802 
3.122, 0.0175815 
3.123, 0.0175828 
3.124, 0.0175841 
3.125, 0.0175854 
3.126, 0.0175867 
3.127, 0.017588 
3.128, 0.0175892 
3.129, 0.0175905 
3.13, 0.0175918 
3.131, 0.017593 
3.132, 0.0175942 
3.133, 0.0175955 
3.134, 0.0175967 
3.135, 0.0175979 
3.136, 0.0175991 
3.137, 0.0176003 
3.138, 0.0176015 
3.139, 0.0176026 
3.14, 0.0176038 
3.141, 0.017605 
3.142, 0.0176061 
3.143, 0.0176072 
3.144, 0.0176084 
3.145, 0.0176095 
3.146, 0.0176106 
3.147, 0.0176117 
3.148, 0.0176128 
3.149, 0.0176139 
3.15, 0.017615 
3.151, 0.0176161 
3.152, 0.0176171 
3.153, 0.0176182 
3.154, 0.0176192 
3.155, 0.0176203 
3.156, 0.0176213 
3.157, 0.0176223 
3.158, 0.0176233 
3.159, 0.0176243 
3.16, 0.0176253 
3.161, 0.0176263 
3.162, 0.0176273 
3.163, 0.0176282 
3.164, 0.0176292 
3.165, 0.0176302 
3.166, 0.0176311 
3.167, 0.017632 
3.168, 0.017633 
3.169, 0.0176339 
3.17, 0.0176348 
3.171, 0.0176357 
3.172, 0.0176366 
3.173, 0.0176375 
3.174, 0.0176384 
3.175, 0.0176392 
3.176, 0.0176401 
3.177, 0.0176409 
3.178, 0.0176418 
3.179, 0.0176426 
3.18, 0.0176435 
3.181, 0.0176443 
3.182, 0.0176451 
3.183, 0.0176459 
3.184, 0.0176467 
3.185, 0.0176475 
3.186, 0.0176483 
3.187, 0.017649 
3.188, 0.0176498 
3.189, 0.0176506 
3.19, 0.0176513 
3.191, 0.017652 
3.192, 0.0176528 
3.193, 0.0176535 
3.194, 0.0176542 
3.195, 0.0176549 
3.196, 0.0176556 
3.197, 0.0176563 
3.198, 0.017657 
3.199, 0.0176577 
3.2, 0.0176583 
3.201, 0.017659 
3.202, 0.0176597 
3.203, 0.0176603 
3.204, 0.0176609 
3.205, 0.0176616 
3.206, 0.0176622 
3.207, 0.0176628 
3.208, 0.0176634 
3.209, 0.017664 
3.21, 0.0176646 
3.211, 0.0176652 
3.212, 0.0176658 
3.213, 0.0176663 
3.214, 0.0176669 
3.215, 0.0176674 
3.216, 0.017668 
3.217, 0.0176685 
3.218, 0.0176691 
3.219, 0.0176696 
3.22, 0.0176701 
3.221, 0.0176706 
3.222, 0.0176711 
3.223, 0.0176716 
3.224, 0.0176721 
3.225, 0.0176725 
3.226, 0.017673 
3.227, 0.0176735 
3.228, 0.0176739 
3.229, 0.0176744 
3.23, 0.0176748 
3.231, 0.0176752 
3.232, 0.0176757 
3.233, 0.0176761 
3.234, 0.0176765 
3.235, 0.0176769 
3.236, 0.0176773 
3.237, 0.0176777 
3.238, 0.017678 
3.239, 0.0176784 
3.24, 0.0176788 
3.241, 0.0176791 
3.242, 0.0176795 
3.243, 0.0176798 
3.244, 0.0176802 
3.245, 0.0176805 
3.246, 0.0176808 
3.247, 0.0176811 
3.248, 0.0176814 
3.249, 0.0176817 
3.25, 0.017682 
3.251, 0.0176823 
3.252, 0.0176826 
3.253, 0.0176828 
3.254, 0.0176831 
3.255, 0.0176834 
3.256, 0.0176836 
3.257, 0.0176839 
3.258, 0.0176841 
3.259, 0.0176843 
3.26, 0.0176845 
3.261, 0.0176847 
3.262, 0.0176849 
3.263, 0.0176851 
3.264, 0.0176853 
3.265, 0.0176855 
3.266, 0.0176857 
3.267, 0.0176859 
3.268, 0.017686 
3.269, 0.0176862 
3.27, 0.0176863 
3.271, 0.0176865 
3.272, 0.0176866 
3.273, 0.0176867 
3.274, 0.0176868 
3.275, 0.017687 
3.276, 0.0176871 
3.277, 0.0176872 
3.278, 0.0176873 
3.279, 0.0176873 
3.28, 0.0176874 
3.281, 0.0176875 
3.282, 0.0176876 
3.283, 0.0176876 
3.284, 0.0176877 
3.285, 0.0176877 
3.286, 0.0176877 
3.287, 0.0176878 
3.288, 0.0176878 
3.289, 0.0176878 
3.29, 0.0176878 
3.291, 0.0176878 
3.292, 0.0176878 
3.293, 0.0176878 
3.294, 0.0176878 
3.295, 0.0176878 
3.296, 0.0176877 
3.297, 0.0176877 
3.298, 0.0176877 
3.299, 0.0176876 
3.3, 0.0176876 
3.301, 0.0176875 
3.302, 0.0176874 
3.303, 0.0176873 
3.304, 0.0176873 
3.305, 0.0176872 
3.306, 0.0176871 
3.307, 0.017687 
3.308, 0.0176869 
3.309, 0.0176867 
3.31, 0.0176866 
3.311, 0.0176865 
3.312, 0.0176864 
3.313, 0.0176862 
3.314, 0.0176861 
3.315, 0.0176859 
3.316, 0.0176857 
3.317, 0.0176856 
3.318, 0.0176854 
3.319, 0.0176852 
3.32, 0.017685 
3.321, 0.0176848 
3.322, 0.0176846 
3.323, 0.0176844 
3.324, 0.0176842 
3.325, 0.017684 
3.326, 0.0176838 
3.327, 0.0176835 
3.328, 0.0176833 
3.329, 0.0176831 
3.33, 0.0176828 
3.331, 0.0176825 
3.332, 0.0176823 
3.333, 0.017682 
3.334, 0.0176817 
3.335, 0.0176814 
3.336, 0.0176812 
3.337, 0.0176809 
3.338, 0.0176806 
3.339, 0.0176802 
3.34, 0.0176799 
3.341, 0.0176796 
3.342, 0.0176793 
3.343, 0.017679 
3.344, 0.0176786 
3.345, 0.0176783 
3.346, 0.0176779 
3.347, 0.0176776 
3.348, 0.0176772 
3.349, 0.0176768 
3.35, 0.0176764 
3.351, 0.0176761 
3.352, 0.0176757 
3.353, 0.0176753 
3.354, 0.0176749 
3.355, 0.0176745 
3.356, 0.0176741 
3.357, 0.0176736 
3.358, 0.0176732 
3.359, 0.0176728 
3.36, 0.0176723 
3.361, 0.0176719 
3.362, 0.0176715 
3.363, 0.017671 
3.364, 0.0176705 
3.365, 0.0176701 
3.366, 0.0176696 
3.367, 0.0176691 
3.368, 0.0176686 
3.369, 0.0176681 
3.37, 0.0176676 
3.371, 0.0176671 
3.372, 0.0176666 
3.373, 0.0176661 
3.374, 0.0176656 
3.375, 0.0176651 
3.376, 0.0176645 
3.377, 0.017664 
3.378, 0.0176635 
3.379, 0.0176629 
3.38, 0.0176624 
3.381, 0.0176618 
3.382, 0.0176612 
3.383, 0.0176607 
3.384, 0.0176601 
3.385, 0.0176595 
3.386, 0.0176589 
3.387, 0.0176583 
3.388, 0.0176577 
3.389, 0.0176571 
3.39, 0.0176565 
3.391, 0.0176559 
3.392, 0.0176552 
3.393, 0.0176546 
3.394, 0.017654 
3.395, 0.0176533 
3.396, 0.0176527 
3.397, 0.017652 
3.398, 0.0176514 
3.399, 0.0176507 
3.4, 0.0176501 
3.401, 0.0176494 
3.402, 0.0176487 
3.403, 0.017648 
3.404, 0.0176473 
3.405, 0.0176466 
3.406, 0.0176459 
3.407, 0.0176452 
3.408, 0.0176445 
3.409, 0.0176438 
3.41, 0.0176431 
3.411, 0.0176423 
3.412, 0.0176416 
3.413, 0.0176408 
3.414, 0.0176401 
3.415, 0.0176394 
3.416, 0.0176386 
3.417, 0.0176378 
3.418, 0.0176371 
3.419, 0.0176363 
3.42, 0.0176355 
3.421, 0.0176347 
3.422, 0.0176339 
3.423, 0.0176331 
3.424, 0.0176323 
3.425, 0.0176315 
3.426, 0.0176307 
3.427, 0.0176299 
3.428, 0.0176291 
3.429, 0.0176283 
3.43, 0.0176274 
3.431, 0.0176266 
3.432, 0.0176257 
3.433, 0.0176249 
3.434, 0.017624 
3.435, 0.0176232 
3.436, 0.0176223 
3.437, 0.0176215 
3.438, 0.0176206 
3.439, 0.0176197 
3.44, 0.0176188 
3.441, 0.0176179 
3.442, 0.017617 
3.443, 0.0176161 
3.444, 0.0176152 
3.445, 0.0176143 
3.446, 0.0176134 
3.447, 0.0176125 
3.448, 0.0176115 
3.449, 0.0176106 
3.45, 0.0176097 
3.451, 0.0176087 
3.452, 0.0176078 
3.453, 0.0176068 
3.454, 0.0176059 
3.455, 0.0176049 
3.456, 0.017604 
3.457, 0.017603 
3.458, 0.017602 
3.459, 0.017601 
3.46, 0.0176 
3.461, 0.017599 
3.462, 0.017598 
3.463, 0.017597 
3.464, 0.017596 
3.465, 0.017595 
3.466, 0.017594 
3.467, 0.017593 
3.468, 0.017592 
3.469, 0.0175909 
3.47, 0.0175899 
3.471, 0.0175888 
3.472, 0.0175878 
3.473, 0.0175867 
3.474, 0.0175857 
3.475, 0.0175846 
3.476, 0.0175836 
3.477, 0.0175825 
3.478, 0.0175814 
3.479, 0.0175803 
3.48, 0.0175792 
3.481, 0.0175782 
3.482, 0.0175771 
3.483, 0.017576 
3.484, 0.0175749 
3.485, 0.0175737 
3.486, 0.0175726 
3.487, 0.0175715 
3.488, 0.0175704 
3.489, 0.0175693 
3.49, 0.0175681 
3.491, 0.017567 
3.492, 0.0175658 
3.493, 0.0175647 
3.494, 0.0175635 
3.495, 0.0175624 
3.496, 0.0175612 
3.497, 0.0175601 
3.498, 0.0175589 
3.499, 0.0175577 
3.5, 0.0175565 
3.501, 0.0175553 
3.502, 0.0175542 
3.503, 0.017553 
3.504, 0.0175518 
3.505, 0.0175506 
3.506, 0.0175493 
3.507, 0.0175481 
3.508, 0.0175469 
3.509, 0.0175457 
3.51, 0.0175445 
3.511, 0.0175432 
3.512, 0.017542 
3.513, 0.0175408 
3.514, 0.0175395 
3.515, 0.0175383 
3.516, 0.017537 
3.517, 0.0175358 
3.518, 0.0175345 
3.519, 0.0175332 
3.52, 0.017532 
3.521, 0.0175307 
3.522, 0.0175294 
3.523, 0.0175281 
3.524, 0.0175268 
3.525, 0.0175255 
3.526, 0.0175242 
3.527, 0.0175229 
3.528, 0.0175216 
3.529, 0.0175203 
3.53, 0.017519 
3.531, 0.0175177 
3.532, 0.0175163 
3.533, 0.017515 
3.534, 0.0175137 
3.535, 0.0175123 
3.536, 0.017511 
3.537, 0.0175096 
3.538, 0.0175083 
3.539, 0.0175069 
3.54, 0.0175056 
3.541, 0.0175042 
3.542, 0.0175028 
3.543, 0.0175015 
3.544, 0.0175001 
3.545, 0.0174987 
3.546, 0.0174973 
3.547, 0.0174959 
3.548, 0.0174945 
3.549, 0.0174931 
3.55, 0.0174917 
3.551, 0.0174903 
3.552, 0.0174889 
3.553, 0.0174875 
3.554, 0.0174861 
3.555, 0.0174847 
3.556, 0.0174832 
3.557, 0.0174818 
3.558, 0.0174804 
3.559, 0.0174789 
3.56, 0.0174775 
3.561, 0.017476 
3.562, 0.0174746 
3.563, 0.0174731 
3.564, 0.0174717 
3.565, 0.0174702 
3.566, 0.0174687 
3.567, 0.0174672 
3.568, 0.0174658 
3.569, 0.0174643 
3.57, 0.0174628 
3.571, 0.0174613 
3.572, 0.0174598 
3.573, 0.0174583 
3.574, 0.0174568 
3.575, 0.0174553 
3.576, 0.0174538 
3.577, 0.0174523 
3.578, 0.0174508 
3.579, 0.0174492 
3.58, 0.0174477 
3.581, 0.0174462 
3.582, 0.0174447 
3.583, 0.0174431 
3.584, 0.0174416 
3.585, 0.01744 
3.586, 0.0174385 
3.587, 0.0174369 
3.588, 0.0174354 
3.589, 0.0174338 
3.59, 0.0174322 
3.591, 0.0174307 
3.592, 0.0174291 
3.593, 0.0174275 
3.594, 0.0174259 
3.595, 0.0174243 
3.596, 0.0174228 
3.597, 0.0174212 
3.598, 0.0174196 
3.599, 0.017418 
3.6, 0.0174164 
3.601, 0.0174148 
3.602, 0.0174131 
3.603, 0.0174115 
3.604, 0.0174099 
3.605, 0.0174083 
3.606, 0.0174067 
3.607, 0.017405 
3.608, 0.0174034 
3.609, 0.0174017 
3.61, 0.0174001 
3.611, 0.0173985 
3.612, 0.0173968 
3.613, 0.0173952 
3.614, 0.0173935 
3.615, 0.0173918 
3.616, 0.0173902 
3.617, 0.0173885 
3.618, 0.0173868 
3.619, 0.0173851 
3.62, 0.0173835 
3.621, 0.0173818 
3.622, 0.0173801 
3.623, 0.0173784 
3.624, 0.0173767 
3.625, 0.017375 
3.626, 0.0173733 
3.627, 0.0173716 
3.628, 0.0173699 
3.629, 0.0173682 
3.63, 0.0173665 
3.631, 0.0173647 
3.632, 0.017363 
3.633, 0.0173613 
3.634, 0.0173596 
3.635, 0.0173578 
3.636, 0.0173561 
3.637, 0.0173543 
3.638, 0.0173526 
3.639, 0.0173508 
3.64, 0.0173491 
3.641, 0.0173473 
3.642, 0.0173456 
3.643, 0.0173438 
3.644, 0.0173421 
3.645, 0.0173403 
3.646, 0.0173385 
3.647, 0.0173367 
3.648, 0.0173349 
3.649, 0.0173332 
3.65, 0.0173314 
3.651, 0.0173296 
3.652, 0.0173278 
3.653, 0.017326 
3.654, 0.0173242 
3.655, 0.0173224 
3.656, 0.0173206 
3.657, 0.0173188 
3.658, 0.0173169 
3.659, 0.0173151 
3.66, 0.0173133 
3.661, 0.0173115 
3.662, 0.0173097 
3.663, 0.0173078 
3.664, 0.017306 
3.665, 0.0173041 
3.666, 0.0173023 
3.667, 0.0173005 
3.668, 0.0172986 
3.669, 0.0172968 
3.67, 0.0172949 
3.671, 0.017293 
3.672, 0.0172912 
3.673, 0.0172893 
3.674, 0.0172874 
3.675, 0.0172856 
3.676, 0.0172837 
3.677, 0.0172818 
3.678, 0.0172799 
3.679, 0.017278 
3.68, 0.0172762 
3.681, 0.0172743 
3.682, 0.0172724 
3.683, 0.0172705 
3.684, 0.0172686 
3.685, 0.0172667 
3.686, 0.0172647 
3.687, 0.0172628 
3.688, 0.0172609 
3.689, 0.017259 
3.69, 0.0172571 
3.691, 0.0172552 
3.692, 0.0172532 
3.693, 0.0172513 
3.694, 0.0172494 
3.695, 0.0172474 
3.696, 0.0172455 
3.697, 0.0172435 
3.698, 0.0172416 
3.699, 0.0172396 
3.7, 0.0172377 
3.701, 0.0172357 
3.702, 0.0172338 
3.703, 0.0172318 
3.704, 0.0172298 
3.705, 0.0172279 
3.706, 0.0172259 
3.707, 0.0172239 
3.708, 0.017222 
3.709, 0.01722 
3.71, 0.017218 
3.711, 0.017216 
3.712, 0.017214 
3.713, 0.017212 
3.714, 0.01721 
3.715, 0.017208 
3.716, 0.017206 
3.717, 0.017204 
3.718, 0.017202 
3.719, 0.0172 
3.72, 0.017198 
3.721, 0.017196 
3.722, 0.0171939 
3.723, 0.0171919 
3.724, 0.0171899 
3.725, 0.0171879 
3.726, 0.0171858 
3.727, 0.0171838 
3.728, 0.0171817 
3.729, 0.0171797 
3.73, 0.0171777 
3.731, 0.0171756 
3.732, 0.0171736 
3.733, 0.0171715 
3.734, 0.0171695 
3.735, 0.0171674 
3.736, 0.0171653 
3.737, 0.0171633 
3.738, 0.0171612 
3.739, 0.0171591 
3.74, 0.0171571 
3.741, 0.017155 
3.742, 0.0171529 
3.743, 0.0171508 
3.744, 0.0171487 
3.745, 0.0171466 
3.746, 0.0171445 
3.747, 0.0171425 
3.748, 0.0171404 
3.749, 0.0171383 
3.75, 0.0171362 
3.751, 0.017134 
3.752, 0.0171319 
3.753, 0.0171298 
3.754, 0.0171277 
3.755, 0.0171256 
3.756, 0.0171235 
3.757, 0.0171214 
3.758, 0.0171192 
3.759, 0.0171171 
3.76, 0.017115 
3.761, 0.0171128 
3.762, 0.0171107 
3.763, 0.0171086 
3.764, 0.0171064 
3.765, 0.0171043 
3.766, 0.0171021 
3.767, 0.0171 
3.768, 0.0170978 
3.769, 0.0170957 
3.77, 0.0170935 
3.771, 0.0170914 
3.772, 0.0170892 
3.773, 0.017087 
3.774, 0.0170849 
3.775, 0.0170827 
3.776, 0.0170805 
3.777, 0.0170783 
3.778, 0.0170762 
3.779, 0.017074 
3.78, 0.0170718 
3.781, 0.0170696 
3.782, 0.0170674 
3.783, 0.0170652 
3.784, 0.017063 
3.785, 0.0170608 
3.786, 0.0170586 
3.787, 0.0170564 
3.788, 0.0170542 
3.789, 0.017052 
3.79, 0.0170498 
3.791, 0.0170476 
3.792, 0.0170454 
3.793, 0.0170432 
3.794, 0.0170409 
3.795, 0.0170387 
3.796, 0.0170365 
3.797, 0.0170343 
3.798, 0.017032 
3.799, 0.0170298 
3.8, 0.0170275 
3.801, 0.0170253 
3.802, 0.0170231 
3.803, 0.0170208 
3.804, 0.0170186 
3.805, 0.0170163 
3.806, 0.0170141 
3.807, 0.0170118 
3.808, 0.0170096 
3.809, 0.0170073 
3.81, 0.017005 
3.811, 0.0170028 
3.812, 0.0170005 
3.813, 0.0169982 
3.814, 0.016996 
3.815, 0.0169937 
3.816, 0.0169914 
3.817, 0.0169891 
3.818, 0.0169869 
3.819, 0.0169846 
3.82, 0.0169823 
3.821, 0.01698 
3.822, 0.0169777 
3.823, 0.0169754 
3.824, 0.0169731 
3.825, 0.0169708 
3.826, 0.0169685 
3.827, 0.0169662 
3.828, 0.0169639 
3.829, 0.0169616 
3.83, 0.0169593 
3.831, 0.016957 
3.832, 0.0169547 
3.833, 0.0169524 
3.834, 0.01695 
3.835, 0.0169477 
3.836, 0.0169454 
3.837, 0.0169431 
3.838, 0.0169407 
3.839, 0.0169384 
3.84, 0.0169361 
3.841, 0.0169337 
3.842, 0.0169314 
3.843, 0.0169291 
3.844, 0.0169267 
3.845, 0.0169244 
3.846, 0.016922 
3.847, 0.0169197 
3.848, 0.0169173 
3.849, 0.016915 
3.85, 0.0169126 
3.851, 0.0169102 
3.852, 0.0169079 
3.853, 0.0169055 
3.854, 0.0169032 
3.855, 0.0169008 
3.856, 0.0168984 
3.857, 0.016896 
3.858, 0.0168937 
3.859, 0.0168913 
3.86, 0.0168889 
3.861, 0.0168865 
3.862, 0.0168841 
3.863, 0.0168818 
3.864, 0.0168794 
3.865, 0.016877 
3.866, 0.0168746 
3.867, 0.0168722 
3.868, 0.0168698 
3.869, 0.0168674 
3.87, 0.016865 
3.871, 0.0168626 
3.872, 0.0168602 
3.873, 0.0168578 
3.874, 0.0168554 
3.875, 0.016853 
3.876, 0.0168506 
3.877, 0.0168481 
3.878, 0.0168457 
3.879, 0.0168433 
3.88, 0.0168409 
3.881, 0.0168384 
3.882, 0.016836 
3.883, 0.0168336 
3.884, 0.0168312 
3.885, 0.0168287 
3.886, 0.0168263 
3.887, 0.0168239 
3.888, 0.0168214 
3.889, 0.016819 
3.89, 0.0168165 
3.891, 0.0168141 
3.892, 0.0168116 
3.893, 0.0168092 
3.894, 0.0168067 
3.895, 0.0168043 
3.896, 0.0168018 
3.897, 0.0167994 
3.898, 0.0167969 
3.899, 0.0167945 
3.9, 0.016792 
3.901, 0.0167895 
3.902, 0.0167871 
3.903, 0.0167846 
3.904, 0.0167821 
3.905, 0.0167796 
3.906, 0.0167772 
3.907, 0.0167747 
3.908, 0.0167722 
3.909, 0.0167697 
3.91, 0.0167672 
3.911, 0.0167648 
3.912, 0.0167623 
3.913, 0.0167598 
3.914, 0.0167573 
3.915, 0.0167548 
3.916, 0.0167523 
3.917, 0.0167498 
3.918, 0.0167473 
3.919, 0.0167448 
3.92, 0.0167423 
3.921, 0.0167398 
3.922, 0.0167373 
3.923, 0.0167348 
3.924, 0.0167323 
3.925, 0.0167298 
3.926, 0.0167272 
3.927, 0.0167247 
3.928, 0.0167222 
3.929, 0.0167197 
3.93, 0.0167172 
3.931, 0.0167146 
3.932, 0.0167121 
3.933, 0.0167096 
3.934, 0.0167071 
3.935, 0.0167045 
3.936, 0.016702 
3.937, 0.0166995 
3.938, 0.0166969 
3.939, 0.0166944 
3.94, 0.0166918 
3.941, 0.0166893 
3.942, 0.0166868 
3.943, 0.0166842 
3.944, 0.0166817 
3.945, 0.0166791 
3.946, 0.0166766 
3.947, 0.016674 
3.948, 0.0166714 
3.949, 0.0166689 
3.95, 0.0166663 
3.951, 0.0166638 
3.952, 0.0166612 
3.953, 0.0166586 
3.954, 0.0166561 
3.955, 0.0166535 
3.956, 0.0166509 
3.957, 0.0166484 
3.958, 0.0166458 
3.959, 0.0166432 
3.96, 0.0166406 
3.961, 0.0166381 
3.962, 0.0166355 
3.963, 0.0166329 
3.964, 0.0166303 
3.965, 0.0166277 
3.966, 0.0166251 
3.967, 0.0166226 
3.968, 0.01662 
3.969, 0.0166174 
3.97, 0.0166148 
3.971, 0.0166122 
3.972, 0.0166096 
3.973, 0.016607 
3.974, 0.0166044 
3.975, 0.0166018 
3.976, 0.0165992 
3.977, 0.0165966 
3.978, 0.016594 
3.979, 0.0165914 
3.98, 0.0165888 
3.981, 0.0165861 
3.982, 0.0165835 
3.983, 0.0165809 
3.984, 0.0165783 
3.985, 0.0165757 
3.986, 0.0165731 
3.987, 0.0165704 
3.988, 0.0165678 
3.989, 0.0165652 
3.99, 0.0165626 
3.991, 0.0165599 
3.992, 0.0165573 
3.993, 0.0165547 
3.994, 0.016552 
3.995, 0.0165494 
3.996, 0.0165468 
3.997, 0.0165441 
3.998, 0.0165415 
3.999, 0.0165388 
4, 0.0165362 
4.001, 0.0165336 
4.002, 0.0165309 
4.003, 0.0165283 
4.004, 0.0165256 
4.005, 0.016523 
4.006, 0.0165203 
4.007, 0.0165177 
4.008, 0.016515 
4.009, 0.0165123 
4.01, 0.0165097 
4.011, 0.016507 
4.012, 0.0165044 
4.013, 0.0165017 
4.014, 0.016499 
4.015, 0.0164964 
4.016, 0.0164937 
4.017, 0.016491 
4.018, 0.0164884 
4.019, 0.0164857 
4.02, 0.016483 
4.021, 0.0164803 
4.022, 0.0164777 
4.023, 0.016475 
4.024, 0.0164723 
4.025, 0.0164696 
4.026, 0.0164669 
4.027, 0.0164643 
4.028, 0.0164616 
4.029, 0.0164589 
4.03, 0.0164562 
4.031, 0.0164535 
4.032, 0.0164508 
4.033, 0.0164481 
4.034, 0.0164454 
4.035, 0.0164427 
4.036, 0.01644 
4.037, 0.0164373 
4.038, 0.0164346 
4.039, 0.0164319 
4.04, 0.0164292 
4.041, 0.0164265 
4.042, 0.0164238 
4.043, 0.0164211 
4.044, 0.0164184 
4.045, 0.0164157 
4.046, 0.016413 
4.047, 0.0164103 
4.048, 0.0164076 
4.049, 0.0164048 
4.05, 0.0164021 
4.051, 0.0163994 
4.052, 0.0163967 
4.053, 0.016394 
4.054, 0.0163913 
4.055, 0.0163885 
4.056, 0.0163858 
4.057, 0.0163831 
4.058, 0.0163803 
4.059, 0.0163776 
4.06, 0.0163749 
4.061, 0.0163722 
4.062, 0.0163694 
4.063, 0.0163667 
4.064, 0.016364 
4.065, 0.0163612 
4.066, 0.0163585 
4.067, 0.0163557 
4.068, 0.016353 
4.069, 0.0163503 
4.07, 0.0163475 
4.071, 0.0163448 
4.072, 0.016342 
4.073, 0.0163393 
4.074, 0.0163365 
4.075, 0.0163338 
4.076, 0.016331 
4.077, 0.0163283 
4.078, 0.0163255 
4.079, 0.0163228 
4.08, 0.01632 
4.081, 0.0163172 
4.082, 0.0163145 
4.083, 0.0163117 
4.084, 0.016309 
4.085, 0.0163062 
4.086, 0.0163034 
4.087, 0.0163007 
4.088, 0.0162979 
4.089, 0.0162951 
4.09, 0.0162924 
4.091, 0.0162896 
4.092, 0.0162868 
4.093, 0.0162841 
4.094, 0.0162813 
4.095, 0.0162785 
4.096, 0.0162757 
4.097, 0.016273 
4.098, 0.0162702 
4.099, 0.0162674 
4.1, 0.0162646 
4.101, 0.0162618 
4.102, 0.016259 
4.103, 0.0162563 
4.104, 0.0162535 
4.105, 0.0162507 
4.106, 0.0162479 
4.107, 0.0162451 
4.108, 0.0162423 
4.109, 0.0162395 
4.11, 0.0162367 
4.111, 0.0162339 
4.112, 0.0162311 
4.113, 0.0162284 
4.114, 0.0162256 
4.115, 0.0162228 
4.116, 0.01622 
4.117, 0.0162172 
4.118, 0.0162144 
4.119, 0.0162115 
4.12, 0.0162087 
4.121, 0.0162059 
4.122, 0.0162031 
4.123, 0.0162003 
4.124, 0.0161975 
4.125, 0.0161947 
4.126, 0.0161919 
4.127, 0.0161891 
4.128, 0.0161863 
4.129, 0.0161835 
4.13, 0.0161806 
4.131, 0.0161778 
4.132, 0.016175 
4.133, 0.0161722 
4.134, 0.0161694 
4.135, 0.0161665 
4.136, 0.0161637 
4.137, 0.0161609 
4.138, 0.0161581 
4.139, 0.0161552 
4.14, 0.0161524 
4.141, 0.0161496 
4.142, 0.0161468 
4.143, 0.0161439 
4.144, 0.0161411 
4.145, 0.0161383 
4.146, 0.0161354 
4.147, 0.0161326 
4.148, 0.0161298 
4.149, 0.0161269 
4.15, 0.0161241 
4.151, 0.0161213 
4.152, 0.0161184 
4.153, 0.0161156 
4.154, 0.0161127 
4.155, 0.0161099 
4.156, 0.0161071 
4.157, 0.0161042 
4.158, 0.0161014 
4.159, 0.0160985 
4.16, 0.0160957 
4.161, 0.0160928 
4.162, 0.01609 
4.163, 0.0160871 
4.164, 0.0160843 
4.165, 0.0160814 
4.166, 0.0160786 
4.167, 0.0160757 
4.168, 0.0160729 
4.169, 0.01607 
4.17, 0.0160671 
4.171, 0.0160643 
4.172, 0.0160614 
4.173, 0.0160586 
4.174, 0.0160557 
4.175, 0.0160528 
4.176, 0.01605 
4.177, 0.0160471 
4.178, 0.0160443 
4.179, 0.0160414 
4.18, 0.0160385 
4.181, 0.0160357 
4.182, 0.0160328 
4.183, 0.0160299 
4.184, 0.0160271 
4.185, 0.0160242 
4.186, 0.0160213 
4.187, 0.0160184 
4.188, 0.0160156 
4.189, 0.0160127 
4.19, 0.0160098 
4.191, 0.0160069 
4.192, 0.0160041 
4.193, 0.0160012 
4.194, 0.0159983 
4.195, 0.0159954 
4.196, 0.0159925 
4.197, 0.0159897 
4.198, 0.0159868 
4.199, 0.0159839 
4.2, 0.015981 
4.201, 0.0159781 
4.202, 0.0159752 
4.203, 0.0159723 
4.204, 0.0159695 
4.205, 0.0159666 
4.206, 0.0159637 
4.207, 0.0159608 
4.208, 0.0159579 
4.209, 0.015955 
4.21, 0.0159521 
4.211, 0.0159492 
4.212, 0.0159463 
4.213, 0.0159434 
4.214, 0.0159405 
4.215, 0.0159376 
4.216, 0.0159347 
4.217, 0.0159318 
4.218, 0.0159289 
4.219, 0.015926 
4.22, 0.0159231 
4.221, 0.0159202 
4.222, 0.0159173 
4.223, 0.0159144 
4.224, 0.0159115 
4.225, 0.0159086 
4.226, 0.0159057 
4.227, 0.0159028 
4.228, 0.0158999 
4.229, 0.015897 
4.23, 0.0158941 
4.231, 0.0158912 
4.232, 0.0158882 
4.233, 0.0158853 
4.234, 0.0158824 
4.235, 0.0158795 
4.236, 0.0158766 
4.237, 0.0158737 
4.238, 0.0158708 
4.239, 0.0158678 
4.24, 0.0158649 
4.241, 0.015862 
4.242, 0.0158591 
4.243, 0.0158562 
4.244, 0.0158532 
4.245, 0.0158503 
4.246, 0.0158474 
4.247, 0.0158445 
4.248, 0.0158416 
4.249, 0.0158386 
4.25, 0.0158357 
4.251, 0.0158328 
4.252, 0.0158299 
4.253, 0.0158269 
4.254, 0.015824 
4.255, 0.0158211 
4.256, 0.0158181 
4.257, 0.0158152 
4.258, 0.0158123 
4.259, 0.0158093 
4.26, 0.0158064 
4.261, 0.0158035 
4.262, 0.0158005 
4.263, 0.0157976 
4.264, 0.0157947 
4.265, 0.0157917 
4.266, 0.0157888 
4.267, 0.0157859 
4.268, 0.0157829 
4.269, 0.01578 
4.27, 0.0157771 
4.271, 0.0157741 
4.272, 0.0157712 
4.273, 0.0157682 
4.274, 0.0157653 
4.275, 0.0157623 
4.276, 0.0157594 
4.277, 0.0157565 
4.278, 0.0157535 
4.279, 0.0157506 
4.28, 0.0157476 
4.281, 0.0157447 
4.282, 0.0157417 
4.283, 0.0157388 
4.284, 0.0157358 
4.285, 0.0157329 
4.286, 0.0157299 
4.287, 0.015727 
4.288, 0.015724 
4.289, 0.0157211 
4.29, 0.0157181 
4.291, 0.0157152 
4.292, 0.0157122 
4.293, 0.0157093 
4.294, 0.0157063 
4.295, 0.0157034 
4.296, 0.0157004 
4.297, 0.0156974 
4.298, 0.0156945 
4.299, 0.0156915 
4.3, 0.0156886 
4.301, 0.0156856 
4.302, 0.0156826 
4.303, 0.0156797 
4.304, 0.0156767 
4.305, 0.0156738 
4.306, 0.0156708 
4.307, 0.0156678 
4.308, 0.0156649 
4.309, 0.0156619 
4.31, 0.0156589 
4.311, 0.015656 
4.312, 0.015653 
4.313, 0.01565 
4.314, 0.0156471 
4.315, 0.0156441 
4.316, 0.0156411 
4.317, 0.0156382 
4.318, 0.0156352 
4.319, 0.0156322 
4.32, 0.0156293 
4.321, 0.0156263 
4.322, 0.0156233 
4.323, 0.0156204 
4.324, 0.0156174 
4.325, 0.0156144 
4.326, 0.0156114 
4.327, 0.0156085 
4.328, 0.0156055 
4.329, 0.0156025 
4.33, 0.0155995 
4.331, 0.0155966 
4.332, 0.0155936 
4.333, 0.0155906 
4.334, 0.0155876 
4.335, 0.0155846 
4.336, 0.0155817 
4.337, 0.0155787 
4.338, 0.0155757 
4.339, 0.0155727 
4.34, 0.0155697 
4.341, 0.0155668 
4.342, 0.0155638 
4.343, 0.0155608 
4.344, 0.0155578 
4.345, 0.0155548 
4.346, 0.0155518 
4.347, 0.0155489 
4.348, 0.0155459 
4.349, 0.0155429 
4.35, 0.0155399 
4.351, 0.0155369 
4.352, 0.0155339 
4.353, 0.0155309 
4.354, 0.015528 
4.355, 0.015525 
4.356, 0.015522 
4.357, 0.015519 
4.358, 0.015516 
4.359, 0.015513 
4.36, 0.01551 
4.361, 0.015507 
4.362, 0.015504 
4.363, 0.015501 
4.364, 0.015498 
4.365, 0.0154951 
4.366, 0.0154921 
4.367, 0.0154891 
4.368, 0.0154861 
4.369, 0.0154831 
4.37, 0.0154801 
4.371, 0.0154771 
4.372, 0.0154741 
4.373, 0.0154711 
4.374, 0.0154681 
4.375, 0.0154651 
4.376, 0.0154621 
4.377, 0.0154591 
4.378, 0.0154561 
4.379, 0.0154531 
4.38, 0.0154501 
4.381, 0.0154471 
4.382, 0.0154441 
4.383, 0.0154411 
4.384, 0.0154381 
4.385, 0.0154351 
4.386, 0.0154321 
4.387, 0.0154291 
4.388, 0.0154261 
4.389, 0.0154231 
4.39, 0.0154201 
4.391, 0.0154171 
4.392, 0.0154141 
4.393, 0.0154111 
4.394, 0.0154081 
4.395, 0.0154051 
4.396, 0.015402 
4.397, 0.015399 
4.398, 0.015396 
4.399, 0.015393 
4.4, 0.01539 
4.401, 0.015387 
4.402, 0.015384 
4.403, 0.015381 
4.404, 0.015378 
4.405, 0.015375 
4.406, 0.015372 
4.407, 0.015369 
4.408, 0.0153659 
4.409, 0.0153629 
4.41, 0.0153599 
4.411, 0.0153569 
4.412, 0.0153539 
4.413, 0.0153509 
4.414, 0.0153479 
4.415, 0.0153449 
4.416, 0.0153418 
4.417, 0.0153388 
4.418, 0.0153358 
4.419, 0.0153328 
4.42, 0.0153298 
4.421, 0.0153268 
4.422, 0.0153237 
4.423, 0.0153207 
4.424, 0.0153177 
4.425, 0.0153147 
4.426, 0.0153117 
4.427, 0.0153087 
4.428, 0.0153056 
4.429, 0.0153026 
4.43, 0.0152996 
4.431, 0.0152966 
4.432, 0.0152936 
4.433, 0.0152906 
4.434, 0.0152875 
4.435, 0.0152845 
4.436, 0.0152815 
4.437, 0.0152785 
4.438, 0.0152755 
4.439, 0.0152724 
4.44, 0.0152694 
4.441, 0.0152664 
4.442, 0.0152634 
4.443, 0.0152603 
4.444, 0.0152573 
4.445, 0.0152543 
4.446, 0.0152513 
4.447, 0.0152482 
4.448, 0.0152452 
4.449, 0.0152422 
4.45, 0.0152392 
4.451, 0.0152362 
4.452, 0.0152331 
4.453, 0.0152301 
4.454, 0.0152271 
4.455, 0.0152241 
4.456, 0.015221 
4.457, 0.015218 
4.458, 0.015215 
4.459, 0.0152119 
4.46, 0.0152089 
4.461, 0.0152059 
4.462, 0.0152029 
4.463, 0.0151998 
4.464, 0.0151968 
4.465, 0.0151938 
4.466, 0.0151907 
4.467, 0.0151877 
4.468, 0.0151847 
4.469, 0.0151817 
4.47, 0.0151786 
4.471, 0.0151756 
4.472, 0.0151726 
4.473, 0.0151695 
4.474, 0.0151665 
4.475, 0.0151635 
4.476, 0.0151604 
4.477, 0.0151574 
4.478, 0.0151544 
4.479, 0.0151514 
4.48, 0.0151483 
4.481, 0.0151453 
4.482, 0.0151423 
4.483, 0.0151392 
4.484, 0.0151362 
4.485, 0.0151332 
4.486, 0.0151301 
4.487, 0.0151271 
4.488, 0.0151241 
4.489, 0.015121 
4.49, 0.015118 
4.491, 0.015115 
4.492, 0.0151119 
4.493, 0.0151089 
4.494, 0.0151058 
4.495, 0.0151028 
4.496, 0.0150998 
4.497, 0.0150967 
4.498, 0.0150937 
4.499, 0.0150907 
4.5, 0.0150876 
4.501, 0.0150846 
4.502, 0.0150816 
4.503, 0.0150785 
4.504, 0.0150755 
4.505, 0.0150725 
4.506, 0.0150694 
4.507, 0.0150664 
4.508, 0.0150633 
4.509, 0.0150603 
4.51, 0.0150573 
4.511, 0.0150542 
4.512, 0.0150512 
4.513, 0.0150481 
4.514, 0.0150451 
4.515, 0.0150421 
4.516, 0.015039 
4.517, 0.015036 
4.518, 0.015033 
4.519, 0.0150299 
4.52, 0.0150269 
4.521, 0.0150238 
4.522, 0.0150208 
4.523, 0.0150178 
4.524, 0.0150147 
4.525, 0.0150117 
4.526, 0.0150086 
4.527, 0.0150056 
4.528, 0.0150026 
4.529, 0.0149995 
4.53, 0.0149965 
4.531, 0.0149934 
4.532, 0.0149904 
4.533, 0.0149873 
4.534, 0.0149843 
4.535, 0.0149813 
4.536, 0.0149782 
4.537, 0.0149752 
4.538, 0.0149721 
4.539, 0.0149691 
4.54, 0.0149661 
4.541, 0.014963 
4.542, 0.01496 
4.543, 0.0149569 
4.544, 0.0149539 
4.545, 0.0149508 
4.546, 0.0149478 
4.547, 0.0149448 
4.548, 0.0149417 
4.549, 0.0149387 
4.55, 0.0149356 
4.551, 0.0149326 
4.552, 0.0149295 
4.553, 0.0149265 
4.554, 0.0149234 
4.555, 0.0149204 
4.556, 0.0149174 
4.557, 0.0149143 
4.558, 0.0149113 
4.559, 0.0149082 
4.56, 0.0149052 
4.561, 0.0149021 
4.562, 0.0148991 
4.563, 0.014896 
4.564, 0.014893 
4.565, 0.01489 
4.566, 0.0148869 
4.567, 0.0148839 
4.568, 0.0148808 
4.569, 0.0148778 
4.57, 0.0148747 
4.571, 0.0148717 
4.572, 0.0148686 
4.573, 0.0148656 
4.574, 0.0148625 
4.575, 0.0148595 
4.576, 0.0148565 
4.577, 0.0148534 
4.578, 0.0148504 
4.579, 0.0148473 
4.58, 0.0148443 
4.581, 0.0148412 
4.582, 0.0148382 
4.583, 0.0148351 
4.584, 0.0148321 
4.585, 0.014829 
4.586, 0.014826 
4.587, 0.0148229 
4.588, 0.0148199 
4.589, 0.0148169 
4.59, 0.0148138 
4.591, 0.0148108 
4.592, 0.0148077 
4.593, 0.0148047 
4.594, 0.0148016 
4.595, 0.0147986 
4.596, 0.0147955 
4.597, 0.0147925 
4.598, 0.0147894 
4.599, 0.0147864 
4.6, 0.0147833 
4.601, 0.0147803 
4.602, 0.0147772 
4.603, 0.0147742 
4.604, 0.0147712 
4.605, 0.0147681 
4.606, 0.0147651 
4.607, 0.014762 
4.608, 0.014759 
4.609, 0.0147559 
4.61, 0.0147529 
4.611, 0.0147498 
4.612, 0.0147468 
4.613, 0.0147437 
4.614, 0.0147407 
4.615, 0.0147376 
4.616, 0.0147346 
4.617, 0.0147315 
4.618, 0.0147285 
4.619, 0.0147254 
4.62, 0.0147224 
4.621, 0.0147194 
4.622, 0.0147163 
4.623, 0.0147133 
4.624, 0.0147102 
4.625, 0.0147072 
4.626, 0.0147041 
4.627, 0.0147011 
4.628, 0.014698 
4.629, 0.014695 
4.63, 0.0146919 
4.631, 0.0146889 
4.632, 0.0146858 
4.633, 0.0146828 
4.634, 0.0146797 
4.635, 0.0146767 
4.636, 0.0146736 
4.637, 0.0146706 
4.638, 0.0146676 
4.639, 0.0146645 
4.64, 0.0146615 
4.641, 0.0146584 
4.642, 0.0146554 
4.643, 0.0146523 
4.644, 0.0146493 
4.645, 0.0146462 
4.646, 0.0146432 
4.647, 0.0146401 
4.648, 0.0146371 
4.649, 0.014634 
4.65, 0.014631 
4.651, 0.0146279 
4.652, 0.0146249 
4.653, 0.0146219 
4.654, 0.0146188 
4.655, 0.0146158 
4.656, 0.0146127 
4.657, 0.0146097 
4.658, 0.0146066 
4.659, 0.0146036 
4.66, 0.0146005 
4.661, 0.0145975 
4.662, 0.0145944 
4.663, 0.0145914 
4.664, 0.0145883 
4.665, 0.0145853 
4.666, 0.0145823 
4.667, 0.0145792 
4.668, 0.0145762 
4.669, 0.0145731 
4.67, 0.0145701 
4.671, 0.014567 
4.672, 0.014564 
4.673, 0.0145609 
4.674, 0.0145579 
4.675, 0.0145548 
4.676, 0.0145518 
4.677, 0.0145488 
4.678, 0.0145457 
4.679, 0.0145427 
4.68, 0.0145396 
4.681, 0.0145366 
4.682, 0.0145335 
4.683, 0.0145305 
4.684, 0.0145274 
4.685, 0.0145244 
4.686, 0.0145214 
4.687, 0.0145183 
4.688, 0.0145153 
4.689, 0.0145122 
4.69, 0.0145092 
4.691, 0.0145061 
4.692, 0.0145031 
4.693, 0.0145 
4.694, 0.014497 
4.695, 0.014494 
4.696, 0.0144909 
4.697, 0.0144879 
4.698, 0.0144848 
4.699, 0.0144818 
4.7, 0.0144787 
4.701, 0.0144757 
4.702, 0.0144727 
4.703, 0.0144696 
4.704, 0.0144666 
4.705, 0.0144635 
4.706, 0.0144605 
4.707, 0.0144574 
4.708, 0.0144544 
4.709, 0.0144514 
4.71, 0.0144483 
4.711, 0.0144453 
4.712, 0.0144422 
4.713, 0.0144392 
4.714, 0.0144362 
4.715, 0.0144331 
4.716, 0.0144301 
4.717, 0.014427 
4.718, 0.014424 
4.719, 0.014421 
4.72, 0.0144179 
4.721, 0.0144149 
4.722, 0.0144118 
4.723, 0.0144088 
4.724, 0.0144058 
4.725, 0.0144027 
4.726, 0.0143997 
4.727, 0.0143966 
4.728, 0.0143936 
4.729, 0.0143906 
4.73, 0.0143875 
4.731, 0.0143845 
4.732, 0.0143814 
4.733, 0.0143784 
4.734, 0.0143754 
4.735, 0.0143723 
4.736, 0.0143693 
4.737, 0.0143662 
4.738, 0.0143632 
4.739, 0.0143602 
4.74, 0.0143571 
4.741, 0.0143541 
4.742, 0.0143511 
4.743, 0.014348 
4.744, 0.014345 
4.745, 0.0143419 
4.746, 0.0143389 
4.747, 0.0143359 
4.748, 0.0143328 
4.749, 0.0143298 
4.75, 0.0143268 
4.751, 0.0143237 
4.752, 0.0143207 
4.753, 0.0143177 
4.754, 0.0143146 
4.755, 0.0143116 
4.756, 0.0143085 
4.757, 0.0143055 
4.758, 0.0143025 
4.759, 0.0142994 
4.76, 0.0142964 
4.761, 0.0142934 
4.762, 0.0142903 
4.763, 0.0142873 
4.764, 0.0142843 
4.765, 0.0142812 
4.766, 0.0142782 
4.767, 0.0142752 
4.768, 0.0142721 
4.769, 0.0142691 
4.77, 0.0142661 
4.771, 0.014263 
4.772, 0.01426 
4.773, 0.014257 
4.774, 0.0142539 
4.775, 0.0142509 
4.776, 0.0142479 
4.777, 0.0142448 
4.778, 0.0142418 
4.779, 0.0142388 
4.78, 0.0142358 
4.781, 0.0142327 
4.782, 0.0142297 
4.783, 0.0142267 
4.784, 0.0142236 
4.785, 0.0142206 
4.786, 0.0142176 
4.787, 0.0142145 
4.788, 0.0142115 
4.789, 0.0142085 
4.79, 0.0142055 
4.791, 0.0142024 
4.792, 0.0141994 
4.793, 0.0141964 
4.794, 0.0141933 
4.795, 0.0141903 
4.796, 0.0141873 
4.797, 0.0141843 
4.798, 0.0141812 
4.799, 0.0141782 
4.8, 0.0141752 
4.801, 0.0141722 
4.802, 0.0141691 
4.803, 0.0141661 
4.804, 0.0141631 
4.805, 0.01416 
4.806, 0.014157 
4.807, 0.014154 
4.808, 0.014151 
4.809, 0.0141479 
4.81, 0.0141449 
4.811, 0.0141419 
4.812, 0.0141389 
4.813, 0.0141359 
4.814, 0.0141328 
4.815, 0.0141298 
4.816, 0.0141268 
4.817, 0.0141238 
4.818, 0.0141207 
4.819, 0.0141177 
4.82, 0.0141147 
4.821, 0.0141117 
4.822, 0.0141086 
4.823, 0.0141056 
4.824, 0.0141026 
4.825, 0.0140996 
4.826, 0.0140966 
4.827, 0.0140935 
4.828, 0.0140905 
4.829, 0.0140875 
4.83, 0.0140845 
4.831, 0.0140815 
4.832, 0.0140784 
4.833, 0.0140754 
4.834, 0.0140724 
4.835, 0.0140694 
4.836, 0.0140664 
4.837, 0.0140634 
4.838, 0.0140603 
4.839, 0.0140573 
4.84, 0.0140543 
4.841, 0.0140513 
4.842, 0.0140483 
4.843, 0.0140452 
4.844, 0.0140422 
4.845, 0.0140392 
4.846, 0.0140362 
4.847, 0.0140332 
4.848, 0.0140302 
4.849, 0.0140272 
4.85, 0.0140241 
4.851, 0.0140211 
4.852, 0.0140181 
4.853, 0.0140151 
4.854, 0.0140121 
4.855, 0.0140091 
4.856, 0.0140061 
4.857, 0.014003 
4.858, 0.014 
4.859, 0.013997 
4.86, 0.013994 
4.861, 0.013991 
4.862, 0.013988 
4.863, 0.013985 
4.864, 0.013982 
4.865, 0.0139789 
4.866, 0.0139759 
4.867, 0.0139729 
4.868, 0.0139699 
4.869, 0.0139669 
4.87, 0.0139639 
4.871, 0.0139609 
4.872, 0.0139579 
4.873, 0.0139549 
4.874, 0.0139519 
4.875, 0.0139489 
4.876, 0.0139458 
4.877, 0.0139428 
4.878, 0.0139398 
4.879, 0.0139368 
4.88, 0.0139338 
4.881, 0.0139308 
4.882, 0.0139278 
4.883, 0.0139248 
4.884, 0.0139218 
4.885, 0.0139188 
4.886, 0.0139158 
4.887, 0.0139128 
4.888, 0.0139098 
4.889, 0.0139068 
4.89, 0.0139038 
4.891, 0.0139008 
4.892, 0.0138978 
4.893, 0.0138948 
4.894, 0.0138918 
4.895, 0.0138888 
4.896, 0.0138858 
4.897, 0.0138828 
4.898, 0.0138798 
4.899, 0.0138768 
4.9, 0.0138738 
4.901, 0.0138708 
4.902, 0.0138678 
4.903, 0.0138648 
4.904, 0.0138618 
4.905, 0.0138588 
4.906, 0.0138558 
4.907, 0.0138528 
4.908, 0.0138498 
4.909, 0.0138468 
4.91, 0.0138438 
4.911, 0.0138408 
4.912, 0.0138378 
4.913, 0.0138348 
4.914, 0.0138318 
4.915, 0.0138288 
4.916, 0.0138258 
4.917, 0.0138228 
4.918, 0.0138198 
4.919, 0.0138168 
4.92, 0.0138138 
4.921, 0.0138108 
4.922, 0.0138078 
4.923, 0.0138048 
4.924, 0.0138018 
4.925, 0.0137988 
4.926, 0.0137959 
4.927, 0.0137929 
4.928, 0.0137899 
4.929, 0.0137869 
4.93, 0.0137839 
4.931, 0.0137809 
4.932, 0.0137779 
4.933, 0.0137749 
4.934, 0.0137719 
4.935, 0.0137689 
4.936, 0.0137659 
4.937, 0.013763 
4.938, 0.01376 
4.939, 0.013757 
4.94, 0.013754 
4.941, 0.013751 
4.942, 0.013748 
4.943, 0.013745 
4.944, 0.013742 
4.945, 0.0137391 
4.946, 0.0137361 
4.947, 0.0137331 
4.948, 0.0137301 
4.949, 0.0137271 
4.95, 0.0137241 
4.951, 0.0137212 
4.952, 0.0137182 
4.953, 0.0137152 
4.954, 0.0137122 
4.955, 0.0137092 
4.956, 0.0137062 
4.957, 0.0137033 
4.958, 0.0137003 
4.959, 0.0136973 
4.96, 0.0136943 
4.961, 0.0136913 
4.962, 0.0136884 
4.963, 0.0136854 
4.964, 0.0136824 
4.965, 0.0136794 
4.966, 0.0136764 
4.967, 0.0136735 
4.968, 0.0136705 
4.969, 0.0136675 
4.97, 0.0136645 
4.971, 0.0136615 
4.972, 0.0136586 
4.973, 0.0136556 
4.974, 0.0136526 
4.975, 0.0136496 
4.976, 0.0136467 
4.977, 0.0136437 
4.978, 0.0136407 
4.979, 0.0136377 
4.98, 0.0136348 
4.981, 0.0136318 
4.982, 0.0136288 
4.983, 0.0136259 
4.984, 0.0136229 
4.985, 0.0136199 
4.986, 0.0136169 
4.987, 0.013614 
4.988, 0.013611 
4.989, 0.013608 
4.99, 0.0136051 
4.991, 0.0136021 
4.992, 0.0135991 
4.993, 0.0135962 
4.994, 0.0135932 
4.995, 0.0135902 
4.996, 0.0135872 
4.997, 0.0135843 
4.998, 0.0135813 
4.999, 0.0135783 
