0 -nan
0.005 0.0605335
0.01 0.0700224
0.015 0.231831
0.02 0.439711
0.025 0.146393
0.03 0.91305
0.035 0.739793
0.04 0.267641
0.045 0.0470042
0.05 0.0838558
0.055 0.247113
0.06 0.43721
0.065 0.60452
0.07 0.732035
0.075 0.819005
0.08 0.871178
0.085 0.895941
0.09 0.900248
0.095 0.8899
0.1 0.869451
0.105 0.84235
0.11 0.81114
0.115 0.777661
0.12 0.743226
0.125 0.70875
0.13 0.674859
0.135 0.641968
0.14 0.610339
0.145 0.580128
0.15 0.551412
0.155 0.524214
0.16 0.498521
0.165 0.474294
0.17 0.45148
0.175 0.430012
0.18 0.409823
0.185 0.390839
0.19 0.37299
0.195 0.356204
0.2 0.340414
0.205 0.325554
0.21 0.311564
0.215 0.298384
0.22 0.285961
0.225 0.274244
0.23 0.263185
0.235 0.252741
0.24 0.242869
0.245 0.233533
0.25 0.224696
0.255 0.216327
0.26 0.208394
0.265 0.20087
0.27 0.193729
0.275 0.186946
0.28 0.180498
0.285 0.174366
0.29 0.16853
0.295 0.162971
0.3 0.157674
0.305 0.152622
0.31 0.147802
0.315 0.1432
0.32 0.138803
0.325 0.134599
0.33 0.130579
0.335 0.126731
0.34 0.123046
0.345 0.119516
0.35 0.116132
0.355 0.112886
0.36 0.109772
0.365 0.106781
0.37 0.103909
0.375 0.101149
0.38 0.0984944
0.385 0.0959413
0.39 0.0934843
0.395 0.0911188
0.4 0.0888402
0.405 0.0866446
0.41 0.0845279
0.415 0.0824866
0.42 0.0805171
0.425 0.0786161
0.43 0.0767807
0.435 0.0750077
0.44 0.0732946
0.445 0.0716386
0.45 0.0700374
0.455 0.0684884
0.46 0.0669896
0.465 0.0655388
0.47 0.064134
0.475 0.0627733
0.48 0.0614549
0.485 0.060177
0.49 0.0589382
0.495 0.0577367
0.5 0.0565712
0.505 0.0554403
0.51 0.0543425
0.515 0.0532767
0.52 0.0522415
0.525 0.051236
0.53 0.0502589
0.535 0.0493091
0.54 0.0483858
0.545 0.0474879
0.55 0.0466146
0.555 0.0457649
0.56 0.044938
0.565 0.0441331
0.57 0.0433494
0.575 0.0425863
0.58 0.0418429
0.585 0.0411187
0.59 0.0404129
0.595 0.0397251
0.6 0.0390545
0.605 0.0384005
0.61 0.0377628
0.615 0.0371407
0.62 0.0365337
0.625 0.0359414
0.63 0.0353632
0.635 0.0347988
0.64 0.0342477
0.645 0.0337095
0.65 0.0331837
0.655 0.0326702
0.66 0.0321683
0.665 0.0316779
0.67 0.0311985
0.675 0.0307298
0.68 0.0302716
0.685 0.0298234
0.69 0.0293851
0.695 0.0289563
0.7 0.0285368
0.705 0.0281263
0.71 0.0277245
0.715 0.0273312
0.72 0.0269462
0.725 0.0265692
0.73 0.0262
0.735 0.0258384
0.74 0.0254842
0.745 0.0251372
0.75 0.0247972
0.755 0.0244641
0.76 0.0241375
0.765 0.0238174
0.77 0.0235037
0.775 0.023196
0.78 0.0228943
0.785 0.0225984
0.79 0.0223082
0.795 0.0220236
0.8 0.0217443
0.805 0.0214703
0.81 0.0212014
0.815 0.0209375
0.82 0.0206784
0.825 0.0204242
0.83 0.0201745
0.835 0.0199294
0.84 0.0196887
0.845 0.0194524
0.85 0.0192202
0.855 0.0189922
0.86 0.0187682
0.865 0.0185481
0.87 0.0183318
0.875 0.0181193
0.88 0.0179104
0.885 0.0177051
0.89 0.0175034
0.895 0.017305
0.9 0.01711
0.905 0.0169182
0.91 0.0167296
0.915 0.0165442
0.92 0.0163618
0.925 0.0161824
0.93 0.0160059
0.935 0.0158323
0.94 0.0156615
0.945 0.0154934
0.95 0.015328
0.955 0.0151653
0.96 0.0150051
0.965 0.0148474
0.97 0.0146922
0.975 0.0145394
0.98 0.0143889
0.985 0.0142408
0.99 0.014095
0.995 0.0139513
1 0.0138099
1.005 0.0136705
1.01 0.0135333
1.015 0.0133981
1.02 0.013265
1.025 0.0131338
1.03 0.0130045
1.035 0.0128771
1.04 0.0127516
1.045 0.0126279
1.05 0.012506
1.055 0.0123858
1.06 0.0122674
1.065 0.0121506
1.07 0.0120355
1.075 0.0119221
1.08 0.0118102
1.085 0.0116999
1.09 0.0115911
1.095 0.0114838
1.1 0.011378
1.105 0.0112737
1.11 0.0111707
1.115 0.0110692
1.12 0.0109691
1.125 0.0108703
1.13 0.0107728
1.135 0.0106766
1.14 0.0105817
1.145 0.0104881
1.15 0.0103957
1.155 0.0103045
1.16 0.0102145
1.165 0.0101257
1.17 0.010038
1.175 0.00995146
1.18 0.00986603
1.185 0.00978169
1.19 0.00969843
1.195 0.00961622
1.2 0.00953505
1.205 0.00945491
1.21 0.00937576
1.215 0.00929761
1.22 0.00922042
1.225 0.00914419
1.23 0.0090689
1.235 0.00899454
1.24 0.00892108
1.245 0.00884852
1.25 0.00877684
1.255 0.00870602
1.26 0.00863605
1.265 0.00856693
1.27 0.00849863
1.275 0.00843114
1.28 0.00836445
1.285 0.00829854
1.29 0.00823342
1.295 0.00816905
1.3 0.00810543
1.305 0.00804256
1.31 0.00798041
1.315 0.00791897
1.32 0.00785824
1.325 0.00779821
1.33 0.00773886
1.335 0.00768019
1.34 0.00762217
1.345 0.00756482
1.35 0.0075081
1.355 0.00745202
1.36 0.00739657
1.365 0.00734173
1.37 0.00728749
1.375 0.00723386
1.38 0.00718081
1.385 0.00712835
1.39 0.00707645
1.395 0.00702512
1.4 0.00697435
1.405 0.00692412
1.41 0.00687444
1.415 0.00682528
1.42 0.00677665
1.425 0.00672854
1.43 0.00668093
1.435 0.00663383
1.44 0.00658723
1.445 0.00654111
1.45 0.00649548
1.455 0.00645032
1.46 0.00640562
1.465 0.0063614
1.47 0.00631762
1.475 0.0062743
1.48 0.00623142
1.485 0.00618898
1.49 0.00614697
1.495 0.00610538
1.5 0.00606422
1.505 0.00602347
1.51 0.00598312
1.515 0.00594318
1.52 0.00590364
1.525 0.0058645
1.53 0.00582574
1.535 0.00578736
1.54 0.00574936
1.545 0.00571173
1.55 0.00567447
1.555 0.00563757
1.56 0.00560103
1.565 0.00556485
1.57 0.00552901
1.575 0.00549352
1.58 0.00545837
1.585 0.00542355
1.59 0.00538907
1.595 0.00535491
1.6 0.00532108
1.605 0.00528757
1.61 0.00525437
1.615 0.00522148
1.62 0.0051889
1.625 0.00515663
1.63 0.00512465
1.635 0.00509297
1.64 0.00506158
1.645 0.00503048
1.65 0.00499967
1.655 0.00496914
1.66 0.00493888
1.665 0.00490891
1.67 0.0048792
1.675 0.00484976
1.68 0.00482059
1.685 0.00479168
1.69 0.00476303
1.695 0.00473463
1.7 0.00470649
1.705 0.0046786
1.71 0.00465095
1.715 0.00462355
1.72 0.00459639
1.725 0.00456947
1.73 0.00454278
1.735 0.00451633
1.74 0.00449011
1.745 0.00446411
1.75 0.00443834
1.755 0.00441279
1.76 0.00438746
1.765 0.00436235
1.77 0.00433746
1.775 0.00431277
1.78 0.0042883
1.785 0.00426403
1.79 0.00423997
1.795 0.00421611
1.8 0.00419245
1.805 0.00416899
1.81 0.00414573
1.815 0.00412266
1.82 0.00409978
1.825 0.00407709
1.83 0.00405459
1.835 0.00403227
1.84 0.00401014
1.845 0.00398819
1.85 0.00396642
1.855 0.00394483
1.86 0.00392341
1.865 0.00390217
1.87 0.0038811
1.875 0.0038602
1.88 0.00383946
1.885 0.0038189
1.89 0.00379849
1.895 0.00377826
1.9 0.00375818
1.905 0.00373826
1.91 0.0037185
1.915 0.00369889
1.92 0.00367944
1.925 0.00366015
1.93 0.003641
1.935 0.003622
1.94 0.00360316
1.945 0.00358446
1.95 0.0035659
1.955 0.00354749
1.96 0.00352922
1.965 0.00351109
1.97 0.0034931
1.975 0.00347524
1.98 0.00345753
1.985 0.00343994
1.99 0.0034225
1.995 0.00340518
2 0.003388
2.005 0.00337094
2.01 0.00335402
2.015 0.00333722
2.02 0.00332054
2.025 0.00330399
2.03 0.00328757
2.035 0.00327126
2.04 0.00325508
2.045 0.00323902
2.05 0.00322307
2.055 0.00320725
2.06 0.00319154
2.065 0.00317594
2.07 0.00316046
2.075 0.00314509
2.08 0.00312983
2.085 0.00311468
2.09 0.00309965
2.095 0.00308472
2.1 0.0030699
2.105 0.00305518
2.11 0.00304057
2.115 0.00302607
2.12 0.00301167
2.125 0.00299737
2.13 0.00298317
2.135 0.00296908
2.14 0.00295508
2.145 0.00294118
2.15 0.00292738
2.155 0.00291368
2.16 0.00290007
2.165 0.00288656
2.17 0.00287314
2.175 0.00285981
2.18 0.00284658
2.185 0.00283344
2.19 0.00282039
2.195 0.00280743
2.2 0.00279455
2.205 0.00278177
2.21 0.00276908
2.215 0.00275647
2.22 0.00274394
2.225 0.0027315
2.23 0.00271915
2.235 0.00270688
2.24 0.00269469
2.245 0.00268259
2.25 0.00267056
2.255 0.00265862
2.26 0.00264676
2.265 0.00263497
2.27 0.00262327
2.275 0.00261164
2.28 0.00260009
2.285 0.00258861
2.29 0.00257721
2.295 0.00256589
2.3 0.00255464
2.305 0.00254346
2.31 0.00253236
2.315 0.00252133
2.32 0.00251037
2.325 0.00249949
2.33 0.00248867
2.335 0.00247792
2.34 0.00246725
2.345 0.00245664
2.35 0.0024461
2.355 0.00243563
2.36 0.00242522
2.365 0.00241488
2.37 0.00240461
2.375 0.0023944
2.38 0.00238426
2.385 0.00237418
2.39 0.00236417
2.395 0.00235422
2.4 0.00234433
2.405 0.0023345
2.41 0.00232474
2.415 0.00231503
2.42 0.00230539
2.425 0.00229581
2.43 0.00228628
2.435 0.00227682
2.44 0.00226741
2.445 0.00225807
2.45 0.00224878
2.455 0.00223954
2.46 0.00223037
2.465 0.00222125
2.47 0.00221218
2.475 0.00220317
2.48 0.00219422
2.485 0.00218532
2.49 0.00217648
2.495 0.00216768
2.5 0.00215895
2.505 0.00215026
2.51 0.00214163
2.515 0.00213304
2.52 0.00212451
2.525 0.00211603
2.53 0.00210761
2.535 0.00209923
2.54 0.0020909
2.545 0.00208262
2.55 0.00207439
2.555 0.00206621
2.56 0.00205807
2.565 0.00204999
2.57 0.00204195
2.575 0.00203396
2.58 0.00202602
2.585 0.00201812
2.59 0.00201027
2.595 0.00200246
2.6 0.0019947
2.605 0.00198699
2.61 0.00197932
2.615 0.00197169
2.62 0.00196411
2.625 0.00195657
2.63 0.00194907
2.635 0.00194162
2.64 0.00193421
2.645 0.00192684
2.65 0.00191952
2.655 0.00191224
2.66 0.00190499
2.665 0.00189779
2.67 0.00189063
2.675 0.00188351
2.68 0.00187643
2.685 0.00186939
2.69 0.00186239
2.695 0.00185543
2.7 0.00184851
2.705 0.00184162
2.71 0.00183478
2.715 0.00182797
2.72 0.0018212
2.725 0.00181447
2.73 0.00180777
2.735 0.00180112
2.74 0.00179449
2.745 0.00178791
2.75 0.00178136
2.755 0.00177485
2.76 0.00176837
2.765 0.00176193
2.77 0.00175552
2.775 0.00174915
2.78 0.00174281
2.785 0.00173651
2.79 0.00173024
2.795 0.00172401
2.8 0.00171781
2.805 0.00171164
2.81 0.0017055
2.815 0.0016994
2.82 0.00169333
2.825 0.0016873
2.83 0.00168129
2.835 0.00167532
2.84 0.00166938
2.845 0.00166347
2.85 0.00165759
2.855 0.00165175
2.86 0.00164593
2.865 0.00164014
2.87 0.00163439
2.875 0.00162867
2.88 0.00162297
2.885 0.00161731
2.89 0.00161167
2.895 0.00160607
2.9 0.00160049
2.905 0.00159494
2.91 0.00158942
2.915 0.00158393
2.92 0.00157847
2.925 0.00157304
2.93 0.00156763
2.935 0.00156225
2.94 0.0015569
2.945 0.00155158
2.95 0.00154628
2.955 0.00154102
2.96 0.00153577
2.965 0.00153056
2.97 0.00152537
2.975 0.00152021
2.98 0.00151507
2.985 0.00150996
2.99 0.00150488
2.995 0.00149982
3 0.00149479
3.005 0.00148978
3.01 0.0014848
3.015 0.00147984
3.02 0.00147491
3.025 0.00147
3.03 0.00146511
3.035 0.00146025
3.04 0.00145542
3.045 0.00145061
3.05 0.00144582
3.055 0.00144106
3.06 0.00143631
3.065 0.0014316
3.07 0.0014269
3.075 0.00142223
3.08 0.00141758
3.085 0.00141296
3.09 0.00140836
3.095 0.00140378
3.1 0.00139922
3.105 0.00139468
3.11 0.00139017
3.115 0.00138568
3.12 0.00138121
3.125 0.00137676
3.13 0.00137233
3.135 0.00136792
3.14 0.00136354
3.145 0.00135918
3.15 0.00135483
3.155 0.00135051
3.16 0.00134621
3.165 0.00134193
3.17 0.00133767
3.175 0.00133343
3.18 0.00132921
3.185 0.00132501
3.19 0.00132083
3.195 0.00131667
3.2 0.00131253
3.205 0.00130841
3.21 0.0013043
3.215 0.00130022
3.22 0.00129616
3.225 0.00129211
3.23 0.00128809
3.235 0.00128408
3.24 0.00128009
3.245 0.00127612
3.25 0.00127217
3.255 0.00126824
3.26 0.00126432
3.265 0.00126043
3.27 0.00125655
3.275 0.00125269
3.28 0.00124884
3.285 0.00124502
3.29 0.00124121
3.295 0.00123742
3.3 0.00123365
3.305 0.00122989
3.31 0.00122615
3.315 0.00122243
3.32 0.00121873
3.325 0.00121504
3.33 0.00121137
3.335 0.00120771
3.34 0.00120407
3.345 0.00120045
3.35 0.00119685
3.355 0.00119326
3.36 0.00118969
3.365 0.00118613
3.37 0.00118259
3.375 0.00117906
3.38 0.00117555
3.385 0.00117206
3.39 0.00116858
3.395 0.00116512
3.4 0.00116167
3.405 0.00115824
3.41 0.00115482
3.415 0.00115142
3.42 0.00114803
3.425 0.00114466
3.43 0.0011413
3.435 0.00113796
3.44 0.00113463
3.445 0.00113132
3.45 0.00112802
3.455 0.00112473
3.46 0.00112146
3.465 0.00111821
3.47 0.00111497
3.475 0.00111174
3.48 0.00110853
3.485 0.00110533
3.49 0.00110214
3.495 0.00109897
3.5 0.00109581
3.505 0.00109266
3.51 0.00108953
3.515 0.00108642
3.52 0.00108331
3.525 0.00108022
3.53 0.00107714
3.535 0.00107408
3.54 0.00107102
3.545 0.00106799
3.55 0.00106496
3.555 0.00106195
3.56 0.00105895
3.565 0.00105596
3.57 0.00105298
3.575 0.00105002
3.58 0.00104707
3.585 0.00104413
3.59 0.00104121
3.595 0.0010383
3.6 0.00103539
3.605 0.00103251
3.61 0.00102963
3.615 0.00102676
3.62 0.00102391
3.625 0.00102107
3.63 0.00101824
3.635 0.00101543
3.64 0.00101262
3.645 0.00100983
3.65 0.00100704
3.655 0.00100427
3.66 0.00100151
3.665 0.000998765
3.67 0.000996028
3.675 0.000993302
3.68 0.000990588
3.685 0.000987885
3.69 0.000985192
3.695 0.000982511
3.7 0.000979841
3.705 0.000977181
3.71 0.000974532
3.715 0.000971894
3.72 0.000969267
3.725 0.000966651
3.73 0.000964045
3.735 0.000961449
3.74 0.000958864
3.745 0.000956289
3.75 0.000953725
3.755 0.000951171
3.76 0.000948627
3.765 0.000946094
3.77 0.00094357
3.775 0.000941057
3.78 0.000938554
3.785 0.00093606
3.79 0.000933577
3.795 0.000931103
3.8 0.00092864
3.805 0.000926186
3.81 0.000923741
3.815 0.000921307
3.82 0.000918882
3.825 0.000916466
3.83 0.00091406
3.835 0.000911664
3.84 0.000909277
3.845 0.000906899
3.85 0.000904531
3.855 0.000902172
3.86 0.000899822
3.865 0.000897481
3.87 0.000895149
3.875 0.000892827
3.88 0.000890513
3.885 0.000888209
3.89 0.000885913
3.895 0.000883626
3.9 0.000881349
3.905 0.000879079
3.91 0.000876819
3.915 0.000874568
3.92 0.000872325
3.925 0.00087009
3.93 0.000867864
3.935 0.000865647
3.94 0.000863438
3.945 0.000861238
3.95 0.000859046
3.955 0.000856863
3.96 0.000854687
3.965 0.00085252
3.97 0.000850361
3.975 0.000848211
3.98 0.000846068
3.985 0.000843934
3.99 0.000841808
3.995 0.00083969
4 0.000837579
4.005 0.000835477
4.01 0.000833383
4.015 0.000831296
4.02 0.000829217
4.025 0.000827146
4.03 0.000825083
4.035 0.000823028
4.04 0.00082098
4.045 0.00081894
4.05 0.000816907
4.055 0.000814882
4.06 0.000812865
4.065 0.000810855
4.07 0.000808852
4.075 0.000806857
4.08 0.000804869
4.085 0.000802889
4.09 0.000800916
4.095 0.00079895
4.1 0.000796991
4.105 0.000795039
4.11 0.000793095
4.115 0.000791158
4.12 0.000789228
4.125 0.000787305
4.13 0.000785389
4.135 0.00078348
4.14 0.000781578
4.145 0.000779682
4.15 0.000777794
4.155 0.000775913
4.16 0.000774038
4.165 0.00077217
4.17 0.000770309
4.175 0.000768455
4.18 0.000766607
4.185 0.000764766
4.19 0.000762931
4.195 0.000761104
4.2 0.000759282
4.205 0.000757468
4.21 0.000755659
4.215 0.000753858
4.22 0.000752062
4.225 0.000750273
4.23 0.000748491
4.235 0.000746715
4.24 0.000744945
4.245 0.000743181
4.25 0.000741424
4.255 0.000739673
4.26 0.000737928
4.265 0.000736189
4.27 0.000734456
4.275 0.00073273
4.28 0.000731009
4.285 0.000729295
4.29 0.000727586
4.295 0.000725884
4.3 0.000724188
4.305 0.000722497
4.31 0.000720813
4.315 0.000719134
4.32 0.000717461
4.325 0.000715794
4.33 0.000714133
4.335 0.000712477
4.34 0.000710828
4.345 0.000709184
4.35 0.000707545
4.355 0.000705913
4.36 0.000704286
4.365 0.000702665
4.37 0.000701049
4.375 0.000699439
4.38 0.000697834
4.385 0.000696235
4.39 0.000694641
4.395 0.000693053
4.4 0.00069147
4.405 0.000689893
4.41 0.000688321
4.415 0.000686755
4.42 0.000685193
4.425 0.000683638
4.43 0.000682087
4.435 0.000680542
4.44 0.000679002
4.445 0.000677467
4.45 0.000675937
4.455 0.000674413
4.46 0.000672893
4.465 0.000671379
4.47 0.00066987
4.475 0.000668366
4.48 0.000666867
4.485 0.000665373
4.49 0.000663884
4.495 0.0006624
4.5 0.000660921
4.505 0.000659447
4.51 0.000657978
4.515 0.000656514
4.52 0.000655054
4.525 0.0006536
4.53 0.00065215
4.535 0.000650706
4.54 0.000649266
4.545 0.00064783
4.55 0.0006464
4.555 0.000644974
4.56 0.000643553
4.565 0.000642137
4.57 0.000640725
4.575 0.000639318
4.58 0.000637916
4.585 0.000636518
4.59 0.000635125
4.595 0.000633736
4.6 0.000632352
4.605 0.000630973
4.61 0.000629598
4.615 0.000628227
4.62 0.000626861
4.625 0.000625499
4.63 0.000624142
4.635 0.000622789
4.64 0.000621441
4.645 0.000620097
4.65 0.000618757
4.655 0.000617422
4.66 0.000616091
4.665 0.000614764
4.67 0.000613442
4.675 0.000612124
4.68 0.00061081
4.685 0.0006095
4.69 0.000608194
4.695 0.000606893
4.7 0.000605596
4.705 0.000604303
4.71 0.000603014
4.715 0.000601729
4.72 0.000600449
4.725 0.000599172
4.73 0.0005979
4.735 0.000596631
4.74 0.000595367
4.745 0.000594107
4.75 0.00059285
4.755 0.000591598
4.76 0.000590349
4.765 0.000589105
4.77 0.000587864
4.775 0.000586628
4.78 0.000585395
4.785 0.000584166
4.79 0.000582941
4.795 0.00058172
4.8 0.000580503
4.805 0.000579289
4.81 0.000578079
4.815 0.000576873
4.82 0.000575671
4.825 0.000574473
4.83 0.000573278
4.835 0.000572087
4.84 0.0005709
4.845 0.000569716
4.85 0.000568537
4.855 0.00056736
4.86 0.000566188
4.865 0.000565019
4.87 0.000563854
4.875 0.000562692
4.88 0.000561534
4.885 0.000560379
4.89 0.000559228
4.895 0.000558081
4.9 0.000556937
4.905 0.000555796
4.91 0.000554659
4.915 0.000553526
4.92 0.000552396
4.925 0.00055127
4.93 0.000550147
4.935 0.000549027
4.94 0.000547911
4.945 0.000546798
4.95 0.000545688
4.955 0.000544582
4.96 0.00054348
4.965 0.00054238
4.97 0.000541284
4.975 0.000540192
4.98 0.000539102
4.985 0.000538016
4.99 0.000536933
4.995 0.000535854
5 0.000534777
5.005 0.000533704
5.01 0.000532634
5.015 0.000531568
5.02 0.000530504
5.025 0.000529444
5.03 0.000528387
5.035 0.000527333
5.04 0.000526282
5.045 0.000525235
5.05 0.00052419
5.055 0.000523149
5.06 0.000522111
5.065 0.000521075
5.07 0.000520043
5.075 0.000519014
5.08 0.000517988
5.085 0.000516965
5.09 0.000515945
5.095 0.000514928
5.1 0.000513914
5.105 0.000512903
5.11 0.000511895
5.115 0.00051089
5.12 0.000509888
5.125 0.000508889
5.13 0.000507893
5.135 0.0005069
5.14 0.00050591
5.145 0.000504922
5.15 0.000503938
5.155 0.000502956
5.16 0.000501977
5.165 0.000501001
5.17 0.000500028
5.175 0.000499058
5.18 0.000498091
5.185 0.000497126
5.19 0.000496164
5.195 0.000495205
5.2 0.000494249
5.205 0.000493295
5.21 0.000492344
5.215 0.000491396
5.22 0.000490451
5.225 0.000489509
5.23 0.000488569
5.235 0.000487632
5.24 0.000486697
5.245 0.000485766
5.25 0.000484836
5.255 0.00048391
5.26 0.000482986
5.265 0.000482065
5.27 0.000481147
5.275 0.000480231
5.28 0.000479318
5.285 0.000478407
5.29 0.000477499
5.295 0.000476593
5.3 0.000475691
5.305 0.00047479
5.31 0.000473892
5.315 0.000472997
5.32 0.000472104
5.325 0.000471214
5.33 0.000470327
5.335 0.000469441
5.34 0.000468559
5.345 0.000467679
5.35 0.000466801
5.355 0.000465926
5.36 0.000465053
5.365 0.000464183
5.37 0.000463315
5.375 0.000462449
5.38 0.000461586
5.385 0.000460726
5.39 0.000459867
5.395 0.000459012
5.4 0.000458158
5.405 0.000457307
5.41 0.000456458
5.415 0.000455612
5.42 0.000454768
5.425 0.000453927
5.43 0.000453087
5.435 0.00045225
5.44 0.000451416
5.445 0.000450583
5.45 0.000449753
5.455 0.000448925
5.46 0.0004481
5.465 0.000447277
5.47 0.000446456
5.475 0.000445637
5.48 0.000444821
5.485 0.000444007
5.49 0.000443195
5.495 0.000442385
5.5 0.000441577
5.505 0.000440772
5.51 0.000439969
5.515 0.000439168
5.52 0.000438369
5.525 0.000437573
5.53 0.000436779
5.535 0.000435986
5.54 0.000435196
5.545 0.000434408
5.55 0.000433623
5.555 0.000432839
5.56 0.000432057
5.565 0.000431278
5.57 0.000430501
5.575 0.000429725
5.58 0.000428952
5.585 0.000428181
5.59 0.000427412
5.595 0.000426646
5.6 0.000425881
5.605 0.000425118
5.61 0.000424357
5.615 0.000423599
5.62 0.000422842
5.625 0.000422087
5.63 0.000421335
5.635 0.000420584
5.64 0.000419835
5.645 0.000419089
5.65 0.000418344
5.655 0.000417602
5.66 0.000416861
5.665 0.000416122
5.67 0.000415386
5.675 0.000414651
5.68 0.000413918
5.685 0.000413187
5.69 0.000412458
5.695 0.000411731
5.7 0.000411006
5.705 0.000410283
5.71 0.000409562
5.715 0.000408842
5.72 0.000408125
5.725 0.000407409
5.73 0.000406696
5.735 0.000405984
5.74 0.000405274
5.745 0.000404566
5.75 0.000403859
5.755 0.000403155
5.76 0.000402452
5.765 0.000401752
5.77 0.000401053
5.775 0.000400356
5.78 0.00039966
5.785 0.000398967
5.79 0.000398275
5.795 0.000397585
5.8 0.000396897
5.805 0.000396211
5.81 0.000395527
5.815 0.000394844
5.82 0.000394163
5.825 0.000393484
5.83 0.000392806
5.835 0.000392131
5.84 0.000391457
5.845 0.000390784
5.85 0.000390114
5.855 0.000389445
5.86 0.000388778
5.865 0.000388113
5.87 0.000387449
5.875 0.000386787
5.88 0.000386127
5.885 0.000385468
5.89 0.000384812
5.895 0.000384156
5.9 0.000383503
5.905 0.000382851
5.91 0.000382201
5.915 0.000381552
5.92 0.000380905
5.925 0.00038026
5.93 0.000379617
5.935 0.000378975
5.94 0.000378334
5.945 0.000377695
5.95 0.000377058
5.955 0.000376423
5.96 0.000375789
5.965 0.000375157
5.97 0.000374526
5.975 0.000373897
5.98 0.000373269
5.985 0.000372643
5.99 0.000372019
5.995 0.000371396
6 0.000370775
6.005 0.000370155
6.01 0.000369537
6.015 0.000368921
6.02 0.000368306
6.025 0.000367692
6.03 0.00036708
6.035 0.00036647
6.04 0.000365861
6.045 0.000365253
6.05 0.000364647
6.055 0.000364043
6.06 0.00036344
6.065 0.000362839
6.07 0.000362239
6.075 0.00036164
6.08 0.000361043
6.085 0.000360448
6.09 0.000359854
6.095 0.000359261
6.1 0.00035867
6.105 0.000358081
6.11 0.000357493
6.115 0.000356906
6.12 0.000356321
6.125 0.000355737
6.13 0.000355154
6.135 0.000354573
6.14 0.000353994
6.145 0.000353416
6.15 0.000352839
6.155 0.000352264
6.16 0.00035169
6.165 0.000351117
6.17 0.000350546
6.175 0.000349977
6.18 0.000349408
6.185 0.000348841
6.19 0.000348276
6.195 0.000347712
6.2 0.000347149
6.205 0.000346587
6.21 0.000346027
6.215 0.000345469
6.22 0.000344911
6.225 0.000344355
6.23 0.000343801
6.235 0.000343247
6.24 0.000342695
6.245 0.000342145
6.25 0.000341595
6.255 0.000341047
6.26 0.0003405
6.265 0.000339955
6.27 0.000339411
6.275 0.000338868
6.28 0.000338327
6.285 0.000337787
6.29 0.000337248
6.295 0.00033671
6.3 0.000336174
6.305 0.000335639
6.31 0.000335105
6.315 0.000334572
6.32 0.000334041
6.325 0.000333511
6.33 0.000332983
6.335 0.000332455
6.34 0.000331929
6.345 0.000331404
6.35 0.00033088
6.355 0.000330358
6.36 0.000329837
6.365 0.000329317
6.37 0.000328798
6.375 0.00032828
6.38 0.000327764
6.385 0.000327249
6.39 0.000326735
6.395 0.000326222
6.4 0.000325711
6.405 0.000325201
6.41 0.000324692
6.415 0.000324184
6.42 0.000323677
6.425 0.000323172
6.43 0.000322667
6.435 0.000322164
6.44 0.000321662
6.445 0.000321161
6.45 0.000320662
6.455 0.000320163
6.46 0.000319666
6.465 0.00031917
6.47 0.000318675
6.475 0.000318181
6.48 0.000317688
6.485 0.000317197
6.49 0.000316706
6.495 0.000316217
6.5 0.000315729
6.505 0.000315242
6.51 0.000314756
6.515 0.000314271
6.52 0.000313788
6.525 0.000313305
6.53 0.000312824
6.535 0.000312344
6.54 0.000311864
6.545 0.000311386
6.55 0.000310909
6.555 0.000310433
6.56 0.000309959
6.565 0.000309485
6.57 0.000309012
6.575 0.000308541
6.58 0.00030807
6.585 0.000307601
6.59 0.000307132
6.595 0.000306665
6.6 0.000306199
6.605 0.000305734
6.61 0.00030527
6.615 0.000304807
6.62 0.000304345
6.625 0.000303884
6.63 0.000303424
6.635 0.000302965
6.64 0.000302507
6.645 0.000302051
6.65 0.000301595
6.655 0.00030114
6.66 0.000300687
6.665 0.000300234
6.67 0.000299782
6.675 0.000299332
6.68 0.000298882
6.685 0.000298434
6.69 0.000297986
6.695 0.00029754
6.7 0.000297094
6.705 0.000296649
6.71 0.000296206
6.715 0.000295763
6.72 0.000295322
6.725 0.000294881
6.73 0.000294442
6.735 0.000294003
6.74 0.000293565
6.745 0.000293129
6.75 0.000292693
6.755 0.000292258
6.76 0.000291825
6.765 0.000291392
6.77 0.00029096
6.775 0.000290529
6.78 0.000290099
6.785 0.00028967
6.79 0.000289242
6.795 0.000288815
6.8 0.000288389
6.805 0.000287964
6.81 0.00028754
6.815 0.000287117
6.82 0.000286694
6.825 0.000286273
6.83 0.000285852
6.835 0.000285433
6.84 0.000285014
6.845 0.000284596
6.85 0.00028418
6.855 0.000283764
6.86 0.000283349
6.865 0.000282935
6.87 0.000282521
6.875 0.000282109
6.88 0.000281698
6.885 0.000281287
6.89 0.000280878
6.895 0.000280469
6.9 0.000280061
6.905 0.000279654
6.91 0.000279248
6.915 0.000278843
6.92 0.000278439
6.925 0.000278036
6.93 0.000277633
6.935 0.000277232
6.94 0.000276831
6.945 0.000276431
6.95 0.000276032
6.955 0.000275634
6.96 0.000275237
6.965 0.00027484
6.97 0.000274445
6.975 0.00027405
6.98 0.000273656
6.985 0.000273263
6.99 0.000272871
6.995 0.00027248
7 0.000272089
7.005 0.000271699
7.01 0.000271311
7.015 0.000270923
7.02 0.000270536
7.025 0.000270149
7.03 0.000269764
7.035 0.000269379
7.04 0.000268995
7.045 0.000268612
7.05 0.00026823
7.055 0.000267849
7.06 0.000267468
7.065 0.000267088
7.07 0.000266709
7.075 0.000266331
7.08 0.000265954
7.085 0.000265577
7.09 0.000265202
7.095 0.000264827
7.1 0.000264452
7.105 0.000264079
7.11 0.000263707
7.115 0.000263335
7.12 0.000262964
7.125 0.000262594
7.13 0.000262224
7.135 0.000261855
7.14 0.000261488
7.145 0.00026112
7.15 0.000260754
7.155 0.000260389
7.16 0.000260024
7.165 0.00025966
7.17 0.000259296
7.175 0.000258934
7.18 0.000258572
7.185 0.000258211
7.19 0.000257851
7.195 0.000257492
7.2 0.000257133
7.205 0.000256775
7.21 0.000256418
7.215 0.000256061
7.22 0.000255705
7.225 0.00025535
7.23 0.000254996
7.235 0.000254643
7.24 0.00025429
7.245 0.000253938
7.25 0.000253586
7.255 0.000253236
7.26 0.000252886
7.265 0.000252537
7.27 0.000252188
7.275 0.000251841
7.28 0.000251494
7.285 0.000251147
7.29 0.000250802
7.295 0.000250457
7.3 0.000250113
7.305 0.000249769
7.31 0.000249427
7.315 0.000249085
7.32 0.000248743
7.325 0.000248403
7.33 0.000248063
7.335 0.000247724
7.34 0.000247385
7.345 0.000247047
7.35 0.00024671
7.355 0.000246374
7.36 0.000246038
7.365 0.000245703
7.37 0.000245369
7.375 0.000245035
7.38 0.000244702
7.385 0.00024437
7.39 0.000244038
7.395 0.000243707
7.4 0.000243377
7.405 0.000243047
7.41 0.000242718
7.415 0.00024239
7.42 0.000242062
7.425 0.000241735
7.43 0.000241409
7.435 0.000241083
7.44 0.000240758
7.445 0.000240434
7.45 0.00024011
7.455 0.000239787
7.46 0.000239465
7.465 0.000239143
7.47 0.000238822
7.475 0.000238501
7.48 0.000238182
7.485 0.000237862
7.49 0.000237544
7.495 0.000237226
7.5 0.000236909
7.505 0.000236592
7.51 0.000236276
7.515 0.000235961
7.52 0.000235646
7.525 0.000235332
7.53 0.000235019
7.535 0.000234706
7.54 0.000234394
7.545 0.000234082
7.55 0.000233771
7.555 0.000233461
7.56 0.000233151
7.565 0.000232842
7.57 0.000232533
7.575 0.000232226
7.58 0.000231918
7.585 0.000231612
7.59 0.000231306
7.595 0.000231
7.6 0.000230695
7.605 0.000230391
7.61 0.000230088
7.615 0.000229784
7.62 0.000229482
7.625 0.00022918
7.63 0.000228879
7.635 0.000228578
7.64 0.000228278
7.645 0.000227979
7.65 0.00022768
7.655 0.000227382
7.66 0.000227084
7.665 0.000226787
7.67 0.00022649
7.675 0.000226194
7.68 0.000225899
7.685 0.000225604
7.69 0.00022531
7.695 0.000225016
7.7 0.000224723
7.705 0.000224431
7.71 0.000224139
7.715 0.000223847
7.72 0.000223557
7.725 0.000223266
7.73 0.000222977
7.735 0.000222688
7.74 0.000222399
7.745 0.000222111
7.75 0.000221824
7.755 0.000221537
7.76 0.000221251
7.765 0.000220965
7.77 0.00022068
7.775 0.000220395
7.78 0.000220111
7.785 0.000219827
7.79 0.000219544
7.795 0.000219262
7.8 0.00021898
7.805 0.000218699
7.81 0.000218418
7.815 0.000218138
7.82 0.000217858
7.825 0.000217579
7.83 0.0002173
7.835 0.000217022
7.84 0.000216744
7.845 0.000216467
7.85 0.000216191
7.855 0.000215915
7.86 0.000215639
7.865 0.000215364
7.87 0.00021509
7.875 0.000214816
7.88 0.000214543
7.885 0.00021427
7.89 0.000213997
7.895 0.000213726
7.9 0.000213454
7.905 0.000213183
7.91 0.000212913
7.915 0.000212643
7.92 0.000212374
7.925 0.000212105
7.93 0.000211837
7.935 0.000211569
7.94 0.000211302
7.945 0.000211036
7.95 0.000210769
7.955 0.000210504
7.96 0.000210239
7.965 0.000209974
7.97 0.00020971
7.975 0.000209446
7.98 0.000209183
7.985 0.00020892
7.99 0.000208658
7.995 0.000208396
8 0.000208135
8.005 0.000207874
8.01 0.000207614
8.015 0.000207354
8.02 0.000207095
8.025 0.000206836
8.03 0.000206578
8.035 0.00020632
8.04 0.000206063
8.045 0.000205806
8.05 0.00020555
8.055 0.000205294
8.06 0.000205038
8.065 0.000204783
8.07 0.000204529
8.075 0.000204275
8.08 0.000204021
8.085 0.000203768
8.09 0.000203516
8.095 0.000203264
8.1 0.000203012
8.105 0.000202761
8.11 0.00020251
8.115 0.00020226
8.12 0.00020201
8.125 0.000201761
8.13 0.000201512
8.135 0.000201264
8.14 0.000201016
8.145 0.000200768
8.15 0.000200521
8.155 0.000200275
8.16 0.000200029
8.165 0.000199783
8.17 0.000199538
8.175 0.000199293
8.18 0.000199049
8.185 0.000198805
8.19 0.000198561
8.195 0.000198318
8.2 0.000198076
8.205 0.000197834
8.21 0.000197592
8.215 0.000197351
8.22 0.00019711
8.225 0.00019687
8.23 0.00019663
8.235 0.000196391
8.24 0.000196152
8.245 0.000195913
8.25 0.000195675
8.255 0.000195437
8.26 0.0001952
8.265 0.000194963
8.27 0.000194727
8.275 0.000194491
8.28 0.000194256
8.285 0.00019402
8.29 0.000193786
8.295 0.000193551
8.3 0.000193318
8.305 0.000193084
8.31 0.000192851
8.315 0.000192619
8.32 0.000192387
8.325 0.000192155
8.33 0.000191924
8.335 0.000191693
8.34 0.000191462
8.345 0.000191232
8.35 0.000191003
8.355 0.000190773
8.36 0.000190545
8.365 0.000190316
8.37 0.000190088
8.375 0.000189861
8.38 0.000189633
8.385 0.000189407
8.39 0.00018918
8.395 0.000188954
8.4 0.000188729
8.405 0.000188504
8.41 0.000188279
8.415 0.000188055
8.42 0.000187831
8.425 0.000187607
8.43 0.000187384
8.435 0.000187161
8.44 0.000186939
8.445 0.000186717
8.45 0.000186495
8.455 0.000186274
8.46 0.000186054
8.465 0.000185833
8.47 0.000185613
8.475 0.000185394
8.48 0.000185174
8.485 0.000184956
8.49 0.000184737
8.495 0.000184519
8.5 0.000184301
8.505 0.000184084
8.51 0.000183867
8.515 0.000183651
8.52 0.000183435
8.525 0.000183219
8.53 0.000183004
8.535 0.000182789
8.54 0.000182574
8.545 0.00018236
8.55 0.000182146
8.555 0.000181933
8.56 0.000181719
8.565 0.000181507
8.57 0.000181294
8.575 0.000181082
8.58 0.000180871
8.585 0.00018066
8.59 0.000180449
8.595 0.000180238
8.6 0.000180028
8.605 0.000179818
8.61 0.000179609
8.615 0.0001794
8.62 0.000179191
8.625 0.000178983
8.63 0.000178775
8.635 0.000178567
8.64 0.00017836
8.645 0.000178153
8.65 0.000177947
8.655 0.000177741
8.66 0.000177535
8.665 0.00017733
8.67 0.000177125
8.675 0.00017692
8.68 0.000176716
8.685 0.000176512
8.69 0.000176308
8.695 0.000176105
8.7 0.000175902
8.705 0.000175699
8.71 0.000175497
8.715 0.000175295
8.72 0.000175093
8.725 0.000174892
8.73 0.000174691
8.735 0.000174491
8.74 0.000174291
8.745 0.000174091
8.75 0.000173891
8.755 0.000173692
8.76 0.000173494
8.765 0.000173295
8.77 0.000173097
8.775 0.000172899
8.78 0.000172702
8.785 0.000172505
8.79 0.000172308
8.795 0.000172112
8.8 0.000171915
8.805 0.00017172
8.81 0.000171524
8.815 0.000171329
8.82 0.000171134
8.825 0.00017094
8.83 0.000170746
8.835 0.000170552
8.84 0.000170359
8.845 0.000170166
8.85 0.000169973
8.855 0.000169781
8.86 0.000169588
8.865 0.000169397
8.87 0.000169205
8.875 0.000169014
8.88 0.000168823
8.885 0.000168633
8.89 0.000168443
8.895 0.000168253
8.9 0.000168063
8.905 0.000167874
8.91 0.000167685
8.915 0.000167497
8.92 0.000167308
8.925 0.00016712
8.93 0.000166933
8.935 0.000166745
8.94 0.000166558
8.945 0.000166372
8.95 0.000166185
8.955 0.000165999
8.96 0.000165814
8.965 0.000165628
8.97 0.000165443
8.975 0.000165258
8.98 0.000165074
8.985 0.00016489
8.99 0.000164706
8.995 0.000164522
9 0.000164339
9.005 0.000164156
9.01 0.000163973
9.015 0.000163791
9.02 0.000163609
9.025 0.000163427
9.03 0.000163246
9.035 0.000163065
9.04 0.000162884
9.045 0.000162703
9.05 0.000162523
9.055 0.000162343
9.06 0.000162164
9.065 0.000161984
9.07 0.000161805
9.075 0.000161627
9.08 0.000161448
9.085 0.00016127
9.09 0.000161092
9.095 0.000160915
9.1 0.000160737
9.105 0.00016056
9.11 0.000160384
9.115 0.000160207
9.12 0.000160031
9.125 0.000159855
9.13 0.00015968
9.135 0.000159505
9.14 0.00015933
9.145 0.000159155
9.15 0.000158981
9.155 0.000158807
9.16 0.000158633
9.165 0.000158459
9.17 0.000158286
9.175 0.000158113
9.18 0.00015794
9.185 0.000157768
9.19 0.000157596
9.195 0.000157424
9.2 0.000157253
9.205 0.000157081
9.21 0.00015691
9.215 0.00015674
9.22 0.000156569
9.225 0.000156399
9.23 0.000156229
9.235 0.00015606
9.24 0.00015589
9.245 0.000155721
9.25 0.000155553
9.255 0.000155384
9.26 0.000155216
9.265 0.000155048
9.27 0.00015488
9.275 0.000154713
9.28 0.000154546
9.285 0.000154379
9.29 0.000154212
9.295 0.000154046
9.3 0.00015388
9.305 0.000153714
9.31 0.000153549
9.315 0.000153384
9.32 0.000153219
9.325 0.000153054
9.33 0.000152889
9.335 0.000152725
9.34 0.000152561
9.345 0.000152398
9.35 0.000152234
9.355 0.000152071
9.36 0.000151908
9.365 0.000151746
9.37 0.000151583
9.375 0.000151421
9.38 0.00015126
9.385 0.000151098
9.39 0.000150937
9.395 0.000150776
9.4 0.000150615
9.405 0.000150454
9.41 0.000150294
9.415 0.000150134
9.42 0.000149974
9.425 0.000149815
9.43 0.000149656
9.435 0.000149497
9.44 0.000149338
9.445 0.000149179
9.45 0.000149021
9.455 0.000148863
9.46 0.000148705
9.465 0.000148548
9.47 0.000148391
9.475 0.000148234
9.48 0.000148077
9.485 0.00014792
9.49 0.000147764
9.495 0.000147608
9.5 0.000147452
9.505 0.000147297
9.51 0.000147142
9.515 0.000146987
9.52 0.000146832
9.525 0.000146677
9.53 0.000146523
9.535 0.000146369
9.54 0.000146215
9.545 0.000146062
9.55 0.000145909
9.555 0.000145755
9.56 0.000145603
9.565 0.00014545
9.57 0.000145298
9.575 0.000145146
9.58 0.000144994
9.585 0.000144842
9.59 0.000144691
9.595 0.00014454
9.6 0.000144389
9.605 0.000144238
9.61 0.000144088
9.615 0.000143937
9.62 0.000143787
9.625 0.000143638
9.63 0.000143488
9.635 0.000143339
9.64 0.00014319
9.645 0.000143041
9.65 0.000142892
9.655 0.000142744
9.66 0.000142596
9.665 0.000142448
9.67 0.0001423
9.675 0.000142153
9.68 0.000142006
9.685 0.000141859
9.69 0.000141712
9.695 0.000141566
9.7 0.000141419
9.705 0.000141273
9.71 0.000141127
9.715 0.000140982
9.72 0.000140836
9.725 0.000140691
9.73 0.000140546
9.735 0.000140402
9.74 0.000140257
9.745 0.000140113
9.75 0.000139969
9.755 0.000139825
9.76 0.000139682
9.765 0.000139538
9.77 0.000139395
9.775 0.000139252
9.78 0.000139109
9.785 0.000138967
9.79 0.000138825
9.795 0.000138683
9.8 0.000138541
9.805 0.000138399
9.81 0.000138258
9.815 0.000138116
9.82 0.000137976
9.825 0.000137835
9.83 0.000137694
9.835 0.000137554
9.84 0.000137414
9.845 0.000137274
9.85 0.000137134
9.855 0.000136995
9.86 0.000136855
9.865 0.000136716
9.87 0.000136578
9.875 0.000136439
9.88 0.000136301
9.885 0.000136162
9.89 0.000136024
9.895 0.000135887
9.9 0.000135749
9.905 0.000135612
9.91 0.000135475
9.915 0.000135338
9.92 0.000135201
9.925 0.000135064
9.93 0.000134928
9.935 0.000134792
9.94 0.000134656
9.945 0.00013452
9.95 0.000134385
9.955 0.000134249
9.96 0.000134114
9.965 0.000133979
9.97 0.000133845
9.975 0.00013371
9.98 0.000133576
9.985 0.000133442
9.99 0.000133308
9.995 0.000133174
