0 -nan
0.005 0.83564
0.01 0.230243
0.015 0.912416
0.02 0.577243
0.025 0.384395
0.03 0.0155406
0.035 0.23271
0.04 0.285281
0.045 0.212423
0.05 0.14813
0.055 0.13368
0.06 0.160045
0.065 0.207659
0.07 0.260977
0.075 0.310742
0.08 0.35256
0.085 0.385057
0.09 0.408493
0.095 0.423884
0.1 0.432506
0.105 0.435636
0.11 0.434432
0.115 0.429888
0.12 0.422828
0.125 0.413924
0.13 0.40371
0.135 0.392611
0.14 0.380957
0.145 0.369002
0.15 0.356943
0.155 0.344928
0.16 0.333067
0.165 0.321443
0.17 0.310113
0.175 0.299117
0.18 0.288483
0.185 0.278225
0.19 0.268352
0.195 0.258866
0.2 0.249762
0.205 0.241035
0.21 0.232674
0.215 0.224671
0.22 0.217011
0.225 0.209682
0.23 0.202672
0.235 0.195966
0.24 0.189551
0.245 0.183415
0.25 0.177543
0.255 0.171924
0.26 0.166546
0.265 0.161396
0.27 0.156464
0.275 0.151739
0.28 0.147211
0.285 0.14287
0.29 0.138707
0.295 0.134713
0.3 0.13088
0.305 0.127199
0.31 0.123665
0.315 0.120269
0.32 0.117004
0.325 0.113865
0.33 0.110846
0.335 0.107941
0.34 0.105144
0.345 0.10245
0.35 0.099855
0.355 0.097354
0.36 0.0949429
0.365 0.0926174
0.37 0.0903738
0.375 0.0882084
0.38 0.0861178
0.385 0.0840985
0.39 0.0821477
0.395 0.0802622
0.4 0.0784393
0.405 0.0766763
0.41 0.0749707
0.415 0.0733202
0.42 0.0717224
0.425 0.0701751
0.43 0.0686764
0.435 0.0672242
0.44 0.0658167
0.445 0.0644521
0.45 0.0631288
0.455 0.061845
0.46 0.0605994
0.465 0.0593904
0.47 0.0582166
0.475 0.0570767
0.48 0.0559694
0.485 0.0548935
0.49 0.0538479
0.495 0.0528315
0.5 0.0518432
0.505 0.0508819
0.51 0.0499468
0.515 0.0490369
0.52 0.0481513
0.525 0.0472892
0.53 0.0464497
0.535 0.0456321
0.54 0.0448357
0.545 0.0440597
0.55 0.0433034
0.555 0.0425662
0.56 0.0418475
0.565 0.0411467
0.57 0.0404631
0.575 0.0397962
0.58 0.0391455
0.585 0.0385105
0.59 0.0378907
0.595 0.0372855
0.6 0.0366947
0.605 0.0361176
0.61 0.0355539
0.615 0.0350032
0.62 0.034465
0.625 0.0339391
0.63 0.033425
0.635 0.0329224
0.64 0.032431
0.645 0.0319504
0.65 0.0314804
0.655 0.0310205
0.66 0.0305706
0.665 0.0301303
0.67 0.0296994
0.675 0.0292776
0.68 0.0288647
0.685 0.0284604
0.69 0.0280644
0.695 0.0276766
0.7 0.0272968
0.705 0.0269246
0.71 0.02656
0.715 0.0262027
0.72 0.0258525
0.725 0.0255092
0.73 0.0251726
0.735 0.0248427
0.74 0.0245192
0.745 0.0242019
0.75 0.0238906
0.755 0.0235854
0.76 0.0232858
0.765 0.022992
0.77 0.0227036
0.775 0.0224206
0.78 0.0221428
0.785 0.0218702
0.79 0.0216025
0.795 0.0213396
0.8 0.0210816
0.805 0.0208281
0.81 0.0205792
0.815 0.0203346
0.82 0.0200944
0.825 0.0198584
0.83 0.0196266
0.835 0.0193987
0.84 0.0191748
0.845 0.0189547
0.85 0.0187383
0.855 0.0185256
0.86 0.0183166
0.865 0.018111
0.87 0.0179088
0.875 0.01771
0.88 0.0175145
0.885 0.0173221
0.89 0.017133
0.895 0.0169468
0.9 0.0167637
0.905 0.0165836
0.91 0.0164063
0.915 0.0162318
0.92 0.0160601
0.925 0.0158911
0.93 0.0157247
0.935 0.0155609
0.94 0.0153997
0.945 0.0152409
0.95 0.0150846
0.955 0.0149307
0.96 0.014779
0.965 0.0146297
0.97 0.0144827
0.975 0.0143378
0.98 0.0141951
0.985 0.0140545
0.99 0.0139159
0.995 0.0137795
1 0.0136449
1.005 0.0135124
1.01 0.0133818
1.015 0.013253
1.02 0.0131261
1.025 0.013001
1.03 0.0128777
1.035 0.0127561
1.04 0.0126362
1.045 0.012518
1.05 0.0124014
1.055 0.0122865
1.06 0.0121732
1.065 0.0120614
1.07 0.0119511
1.075 0.0118423
1.08 0.011735
1.085 0.0116292
1.09 0.0115248
1.095 0.0114217
1.1 0.0113201
1.105 0.0112198
1.11 0.0111208
1.115 0.0110231
1.12 0.0109267
1.125 0.0108316
1.13 0.0107377
1.135 0.010645
1.14 0.0105535
1.145 0.0104631
1.15 0.0103739
1.155 0.0102859
1.16 0.010199
1.165 0.0101131
1.17 0.0100284
1.175 0.00994465
1.18 0.00986199
1.185 0.00978035
1.19 0.00969972
1.195 0.00962008
1.2 0.00954141
1.205 0.00946371
1.21 0.00938694
1.215 0.00931111
1.22 0.00923619
1.225 0.00916216
1.23 0.00908903
1.235 0.00901676
1.24 0.00894535
1.245 0.00887478
1.25 0.00880504
1.255 0.00873612
1.26 0.008668
1.265 0.00860068
1.27 0.00853414
1.275 0.00846836
1.28 0.00840334
1.285 0.00833907
1.29 0.00827552
1.295 0.0082127
1.3 0.00815059
1.305 0.00808919
1.31 0.00802847
1.315 0.00796843
1.32 0.00790906
1.325 0.00785035
1.33 0.0077923
1.335 0.00773488
1.34 0.00767809
1.345 0.00762193
1.35 0.00756638
1.355 0.00751143
1.36 0.00745708
1.365 0.00740331
1.37 0.00735013
1.375 0.00729751
1.38 0.00724546
1.385 0.00719396
1.39 0.007143
1.395 0.00709259
1.4 0.0070427
1.405 0.00699334
1.41 0.0069445
1.415 0.00689616
1.42 0.00684833
1.425 0.00680099
1.43 0.00675414
1.435 0.00670778
1.44 0.00666188
1.445 0.00661646
1.45 0.0065715
1.455 0.00652699
1.46 0.00648294
1.465 0.00643933
1.47 0.00639615
1.475 0.00635341
1.48 0.0063111
1.485 0.0062692
1.49 0.00622773
1.495 0.00618666
1.5 0.00614599
1.505 0.00610573
1.51 0.00606585
1.515 0.00602637
1.52 0.00598727
1.525 0.00594855
1.53 0.0059102
1.535 0.00587223
1.54 0.00583461
1.545 0.00579736
1.55 0.00576046
1.555 0.00572392
1.56 0.00568772
1.565 0.00565186
1.57 0.00561633
1.575 0.00558115
1.58 0.00554629
1.585 0.00551175
1.59 0.00547754
1.595 0.00544365
1.6 0.00541006
1.605 0.00537679
1.61 0.00534383
1.615 0.00531116
1.62 0.00527879
1.625 0.00524672
1.63 0.00521494
1.635 0.00518345
1.64 0.00515224
1.645 0.00512131
1.65 0.00509066
1.655 0.00506028
1.66 0.00503017
1.665 0.00500034
1.67 0.00497076
1.675 0.00494145
1.68 0.00491239
1.685 0.00488359
1.69 0.00485505
1.695 0.00482675
1.7 0.0047987
1.705 0.00477089
1.71 0.00474332
1.715 0.00471599
1.72 0.0046889
1.725 0.00466204
1.73 0.00463541
1.735 0.004609
1.74 0.00458282
1.745 0.00455687
1.75 0.00453113
1.755 0.00450561
1.76 0.0044803
1.765 0.00445521
1.77 0.00443033
1.775 0.00440565
1.78 0.00438118
1.785 0.00435692
1.79 0.00433285
1.795 0.00430898
1.8 0.00428531
1.805 0.00426184
1.81 0.00423855
1.815 0.00421546
1.82 0.00419255
1.825 0.00416983
1.83 0.00414729
1.835 0.00412494
1.84 0.00410277
1.845 0.00408077
1.85 0.00405895
1.855 0.00403731
1.86 0.00401583
1.865 0.00399453
1.87 0.0039734
1.875 0.00395243
1.88 0.00393163
1.885 0.003911
1.89 0.00389052
1.895 0.00387021
1.9 0.00385005
1.905 0.00383005
1.91 0.00381021
1.915 0.00379052
1.92 0.00377098
1.925 0.00375159
1.93 0.00373235
1.935 0.00371326
1.94 0.00369432
1.945 0.00367552
1.95 0.00365686
1.955 0.00363834
1.96 0.00361997
1.965 0.00360173
1.97 0.00358363
1.975 0.00356567
1.98 0.00354784
1.985 0.00353014
1.99 0.00351258
1.995 0.00349515
2 0.00347784
2.005 0.00346067
2.01 0.00344362
2.015 0.0034267
2.02 0.0034099
2.025 0.00339322
2.03 0.00337667
2.035 0.00336023
2.04 0.00334392
2.045 0.00332773
2.05 0.00331165
2.055 0.00329569
2.06 0.00327984
2.065 0.00326411
2.07 0.00324849
2.075 0.00323298
2.08 0.00321758
2.085 0.00320229
2.09 0.00318712
2.095 0.00317204
2.1 0.00315708
2.105 0.00314222
2.11 0.00312747
2.115 0.00311281
2.12 0.00309827
2.125 0.00308382
2.13 0.00306947
2.135 0.00305523
2.14 0.00304108
2.145 0.00302703
2.15 0.00301308
2.155 0.00299922
2.16 0.00298546
2.165 0.0029718
2.17 0.00295822
2.175 0.00294474
2.18 0.00293136
2.185 0.00291806
2.19 0.00290485
2.195 0.00289173
2.2 0.0028787
2.205 0.00286576
2.21 0.00285291
2.215 0.00284014
2.22 0.00282746
2.225 0.00281486
2.23 0.00280235
2.235 0.00278992
2.24 0.00277757
2.245 0.0027653
2.25 0.00275312
2.255 0.00274101
2.26 0.00272899
2.265 0.00271704
2.27 0.00270517
2.275 0.00269338
2.28 0.00268167
2.285 0.00267003
2.29 0.00265847
2.295 0.00264698
2.3 0.00263557
2.305 0.00262423
2.31 0.00261296
2.315 0.00260177
2.32 0.00259065
2.325 0.0025796
2.33 0.00256862
2.335 0.00255771
2.34 0.00254687
2.345 0.00253609
2.35 0.00252539
2.355 0.00251475
2.36 0.00250418
2.365 0.00249368
2.37 0.00248324
2.375 0.00247287
2.38 0.00246256
2.385 0.00245232
2.39 0.00244214
2.395 0.00243202
2.4 0.00242197
2.405 0.00241198
2.41 0.00240205
2.415 0.00239218
2.42 0.00238237
2.425 0.00237263
2.43 0.00236294
2.435 0.00235331
2.44 0.00234374
2.445 0.00233423
2.45 0.00232478
2.455 0.00231538
2.46 0.00230604
2.465 0.00229676
2.47 0.00228753
2.475 0.00227836
2.48 0.00226924
2.485 0.00226018
2.49 0.00225117
2.495 0.00224221
2.5 0.00223331
2.505 0.00222446
2.51 0.00221567
2.515 0.00220692
2.52 0.00219823
2.525 0.00218959
2.53 0.002181
2.535 0.00217246
2.54 0.00216397
2.545 0.00215553
2.55 0.00214714
2.555 0.0021388
2.56 0.00213051
2.565 0.00212226
2.57 0.00211406
2.575 0.00210591
2.58 0.00209781
2.585 0.00208975
2.59 0.00208174
2.595 0.00207378
2.6 0.00206586
2.605 0.00205799
2.61 0.00205016
2.615 0.00204237
2.62 0.00203463
2.625 0.00202694
2.63 0.00201929
2.635 0.00201168
2.64 0.00200411
2.645 0.00199659
2.65 0.00198911
2.655 0.00198167
2.66 0.00197427
2.665 0.00196691
2.67 0.0019596
2.675 0.00195232
2.68 0.00194509
2.685 0.0019379
2.69 0.00193074
2.695 0.00192363
2.7 0.00191655
2.705 0.00190952
2.71 0.00190252
2.715 0.00189556
2.72 0.00188864
2.725 0.00188175
2.73 0.00187491
2.735 0.0018681
2.74 0.00186133
2.745 0.00185459
2.75 0.00184789
2.755 0.00184123
2.76 0.0018346
2.765 0.00182801
2.77 0.00182146
2.775 0.00181494
2.78 0.00180845
2.785 0.001802
2.79 0.00179559
2.795 0.00178921
2.8 0.00178286
2.805 0.00177654
2.81 0.00177026
2.815 0.00176402
2.82 0.0017578
2.825 0.00175162
2.83 0.00174547
2.835 0.00173935
2.84 0.00173327
2.845 0.00172722
2.85 0.0017212
2.855 0.00171521
2.86 0.00170925
2.865 0.00170332
2.87 0.00169742
2.875 0.00169156
2.88 0.00168572
2.885 0.00167991
2.89 0.00167414
2.895 0.00166839
2.9 0.00166268
2.905 0.00165699
2.91 0.00165133
2.915 0.0016457
2.92 0.0016401
2.925 0.00163453
2.93 0.00162899
2.935 0.00162347
2.94 0.00161798
2.945 0.00161252
2.95 0.00160709
2.955 0.00160169
2.96 0.00159631
2.965 0.00159096
2.97 0.00158563
2.975 0.00158034
2.98 0.00157507
2.985 0.00156982
2.99 0.0015646
2.995 0.00155941
3 0.00155425
3.005 0.0015491
3.01 0.00154399
3.015 0.0015389
3.02 0.00153383
3.025 0.00152879
3.03 0.00152378
3.035 0.00151879
3.04 0.00151382
3.045 0.00150888
3.05 0.00150396
3.055 0.00149907
3.06 0.0014942
3.065 0.00148935
3.07 0.00148453
3.075 0.00147973
3.08 0.00147496
3.085 0.0014702
3.09 0.00146547
3.095 0.00146077
3.1 0.00145608
3.105 0.00145142
3.11 0.00144678
3.115 0.00144216
3.12 0.00143757
3.125 0.00143299
3.13 0.00142844
3.135 0.00142391
3.14 0.0014194
3.145 0.00141492
3.15 0.00141045
3.155 0.00140601
3.16 0.00140158
3.165 0.00139718
3.17 0.0013928
3.175 0.00138844
3.18 0.00138409
3.185 0.00137977
3.19 0.00137547
3.195 0.00137119
3.2 0.00136693
3.205 0.00136269
3.21 0.00135847
3.215 0.00135427
3.22 0.00135009
3.225 0.00134592
3.23 0.00134178
3.235 0.00133766
3.24 0.00133355
3.245 0.00132946
3.25 0.0013254
3.255 0.00132135
3.26 0.00131732
3.265 0.0013133
3.27 0.00130931
3.275 0.00130533
3.28 0.00130138
3.285 0.00129744
3.29 0.00129351
3.295 0.00128961
3.3 0.00128572
3.305 0.00128185
3.31 0.001278
3.315 0.00127417
3.32 0.00127035
3.325 0.00126655
3.33 0.00126277
3.335 0.001259
3.34 0.00125525
3.345 0.00125152
3.35 0.0012478
3.355 0.00124411
3.36 0.00124042
3.365 0.00123676
3.37 0.00123311
3.375 0.00122947
3.38 0.00122585
3.385 0.00122225
3.39 0.00121866
3.395 0.00121509
3.4 0.00121154
3.405 0.001208
3.41 0.00120448
3.415 0.00120097
3.42 0.00119747
3.425 0.001194
3.43 0.00119053
3.435 0.00118709
3.44 0.00118365
3.445 0.00118024
3.45 0.00117683
3.455 0.00117344
3.46 0.00117007
3.465 0.00116671
3.47 0.00116337
3.475 0.00116003
3.48 0.00115672
3.485 0.00115342
3.49 0.00115013
3.495 0.00114685
3.5 0.00114359
3.505 0.00114035
3.51 0.00113712
3.515 0.0011339
3.52 0.00113069
3.525 0.0011275
3.53 0.00112432
3.535 0.00112116
3.54 0.00111801
3.545 0.00111487
3.55 0.00111175
3.555 0.00110863
3.56 0.00110554
3.565 0.00110245
3.57 0.00109938
3.575 0.00109632
3.58 0.00109327
3.585 0.00109024
3.59 0.00108721
3.595 0.0010842
3.6 0.00108121
3.605 0.00107822
3.61 0.00107525
3.615 0.00107229
3.62 0.00106934
3.625 0.00106641
3.63 0.00106349
3.635 0.00106057
3.64 0.00105767
3.645 0.00105479
3.65 0.00105191
3.655 0.00104905
3.66 0.0010462
3.665 0.00104335
3.67 0.00104053
3.675 0.00103771
3.68 0.0010349
3.685 0.00103211
3.69 0.00102932
3.695 0.00102655
3.7 0.00102379
3.705 0.00102104
3.71 0.0010183
3.715 0.00101557
3.72 0.00101286
3.725 0.00101015
3.73 0.00100745
3.735 0.00100477
3.74 0.0010021
3.745 0.000999433
3.75 0.00099678
3.755 0.000994138
3.76 0.000991507
3.765 0.000988886
3.77 0.000986275
3.775 0.000983675
3.78 0.000981085
3.785 0.000978505
3.79 0.000975935
3.795 0.000973375
3.8 0.000970826
3.805 0.000968286
3.81 0.000965757
3.815 0.000963237
3.82 0.000960727
3.825 0.000958227
3.83 0.000955737
3.835 0.000953256
3.84 0.000950785
3.845 0.000948324
3.85 0.000945872
3.855 0.000943429
3.86 0.000940996
3.865 0.000938573
3.87 0.000936159
3.875 0.000933754
3.88 0.000931358
3.885 0.000928972
3.89 0.000926595
3.895 0.000924226
3.9 0.000921867
3.905 0.000919517
3.91 0.000917176
3.915 0.000914844
3.92 0.000912521
3.925 0.000910206
3.93 0.000907901
3.935 0.000905604
3.94 0.000903316
3.945 0.000901036
3.95 0.000898765
3.955 0.000896503
3.96 0.000894249
3.965 0.000892004
3.97 0.000889767
3.975 0.000887538
3.98 0.000885318
3.985 0.000883106
3.99 0.000880903
3.995 0.000878707
4 0.00087652
4.005 0.000874341
4.01 0.000872171
4.015 0.000870008
4.02 0.000867853
4.025 0.000865706
4.03 0.000863568
4.035 0.000861437
4.04 0.000859314
4.045 0.000857199
4.05 0.000855091
4.055 0.000852992
4.06 0.0008509
4.065 0.000848816
4.07 0.000846739
4.075 0.00084467
4.08 0.000842609
4.085 0.000840555
4.09 0.000838509
4.095 0.00083647
4.1 0.000834438
4.105 0.000832414
4.11 0.000830398
4.115 0.000828388
4.12 0.000826386
4.125 0.000824391
4.13 0.000822404
4.135 0.000820423
4.14 0.00081845
4.145 0.000816484
4.15 0.000814525
4.155 0.000812572
4.16 0.000810627
4.165 0.000808689
4.17 0.000806758
4.175 0.000804834
4.18 0.000802917
4.185 0.000801006
4.19 0.000799102
4.195 0.000797205
4.2 0.000795315
4.205 0.000793432
4.21 0.000791555
4.215 0.000789685
4.22 0.000787821
4.225 0.000785964
4.23 0.000784114
4.235 0.00078227
4.24 0.000780433
4.245 0.000778602
4.25 0.000776777
4.255 0.000774959
4.26 0.000773147
4.265 0.000771342
4.27 0.000769543
4.275 0.00076775
4.28 0.000765964
4.285 0.000764184
4.29 0.00076241
4.295 0.000760642
4.3 0.00075888
4.305 0.000757124
4.31 0.000755375
4.315 0.000753631
4.32 0.000751894
4.325 0.000750162
4.33 0.000748437
4.335 0.000746717
4.34 0.000745004
4.345 0.000743296
4.35 0.000741594
4.355 0.000739898
4.36 0.000738208
4.365 0.000736523
4.37 0.000734845
4.375 0.000733172
4.38 0.000731504
4.385 0.000729843
4.39 0.000728187
4.395 0.000726537
4.4 0.000724892
4.405 0.000723253
4.41 0.000721619
4.415 0.000719991
4.42 0.000718369
4.425 0.000716752
4.43 0.00071514
4.435 0.000713534
4.44 0.000711933
4.445 0.000710338
4.45 0.000708748
4.455 0.000707163
4.46 0.000705584
4.465 0.00070401
4.47 0.000702441
4.475 0.000700877
4.48 0.000699319
4.485 0.000697766
4.49 0.000696217
4.495 0.000694675
4.5 0.000693137
4.505 0.000691604
4.51 0.000690077
4.515 0.000688554
4.52 0.000687037
4.525 0.000685524
4.53 0.000684017
4.535 0.000682514
4.54 0.000681016
4.545 0.000679524
4.55 0.000678036
4.555 0.000676553
4.56 0.000675075
4.565 0.000673602
4.57 0.000672134
4.575 0.00067067
4.58 0.000669211
4.585 0.000667757
4.59 0.000666308
4.595 0.000664863
4.6 0.000663423
4.605 0.000661988
4.61 0.000660557
4.615 0.000659132
4.62 0.00065771
4.625 0.000656293
4.63 0.000654881
4.635 0.000653474
4.64 0.000652071
4.645 0.000650672
4.65 0.000649278
4.655 0.000647888
4.66 0.000646503
4.665 0.000645122
4.67 0.000643746
4.675 0.000642374
4.68 0.000641007
4.685 0.000639644
4.69 0.000638285
4.695 0.00063693
4.7 0.00063558
4.705 0.000634234
4.71 0.000632893
4.715 0.000631555
4.72 0.000630222
4.725 0.000628893
4.73 0.000627568
4.735 0.000626248
4.74 0.000624931
4.745 0.000623619
4.75 0.000622311
4.755 0.000621007
4.76 0.000619707
4.765 0.000618411
4.77 0.00061712
4.775 0.000615832
4.78 0.000614548
4.785 0.000613268
4.79 0.000611993
4.795 0.000610721
4.8 0.000609453
4.805 0.000608189
4.81 0.00060693
4.815 0.000605674
4.82 0.000604422
4.825 0.000603173
4.83 0.000601929
4.835 0.000600688
4.84 0.000599452
4.845 0.000598219
4.85 0.00059699
4.855 0.000595765
4.86 0.000594543
4.865 0.000593325
4.87 0.000592111
4.875 0.000590901
4.88 0.000589694
4.885 0.000588492
4.89 0.000587292
4.895 0.000586097
4.9 0.000584905
4.905 0.000583717
4.91 0.000582532
4.915 0.000581351
4.92 0.000580173
4.925 0.000578999
4.93 0.000577829
4.935 0.000576662
4.94 0.000575499
4.945 0.000574339
4.95 0.000573183
4.955 0.00057203
4.96 0.000570881
4.965 0.000569735
4.97 0.000568593
4.975 0.000567454
4.98 0.000566318
4.985 0.000565186
4.99 0.000564057
4.995 0.000562932
5 0.00056181
5.005 0.000560691
5.01 0.000559576
5.015 0.000558464
5.02 0.000557356
5.025 0.00055625
5.03 0.000555148
5.035 0.000554049
5.04 0.000552954
5.045 0.000551861
5.05 0.000550772
5.055 0.000549686
5.06 0.000548604
5.065 0.000547524
5.07 0.000546448
5.075 0.000545375
5.08 0.000544305
5.085 0.000543238
5.09 0.000542175
5.095 0.000541114
5.1 0.000540057
5.105 0.000539002
5.11 0.000537951
5.115 0.000536903
5.12 0.000535858
5.125 0.000534816
5.13 0.000533777
5.135 0.000532741
5.14 0.000531708
5.145 0.000530677
5.15 0.00052965
5.155 0.000528626
5.16 0.000527605
5.165 0.000526587
5.17 0.000525572
5.175 0.00052456
5.18 0.000523551
5.185 0.000522544
5.19 0.000521541
5.195 0.00052054
5.2 0.000519542
5.205 0.000518547
5.21 0.000517555
5.215 0.000516566
5.22 0.00051558
5.225 0.000514596
5.23 0.000513616
5.235 0.000512638
5.24 0.000511663
5.245 0.00051069
5.25 0.000509721
5.255 0.000508754
5.26 0.00050779
5.265 0.000506828
5.27 0.00050587
5.275 0.000504914
5.28 0.000503961
5.285 0.00050301
5.29 0.000502063
5.295 0.000501117
5.3 0.000500175
5.305 0.000499235
5.31 0.000498298
5.315 0.000497363
5.32 0.000496432
5.325 0.000495502
5.33 0.000494576
5.335 0.000493652
5.34 0.00049273
5.345 0.000491811
5.35 0.000490895
5.355 0.000489981
5.36 0.00048907
5.365 0.000488161
5.37 0.000487255
5.375 0.000486351
5.38 0.00048545
5.385 0.000484552
5.39 0.000483655
5.395 0.000482762
5.4 0.000481871
5.405 0.000480982
5.41 0.000480096
5.415 0.000479212
5.42 0.00047833
5.425 0.000477452
5.43 0.000476575
5.435 0.000475701
5.44 0.000474829
5.445 0.00047396
5.45 0.000473093
5.455 0.000472228
5.46 0.000471366
5.465 0.000470506
5.47 0.000469649
5.475 0.000468794
5.48 0.000467941
5.485 0.00046709
5.49 0.000466242
5.495 0.000465396
5.5 0.000464553
5.505 0.000463712
5.51 0.000462873
5.515 0.000462036
5.52 0.000461201
5.525 0.000460369
5.53 0.000459539
5.535 0.000458712
5.54 0.000457886
5.545 0.000457063
5.55 0.000456242
5.555 0.000455423
5.56 0.000454607
5.565 0.000453792
5.57 0.00045298
5.575 0.00045217
5.58 0.000451362
5.585 0.000450556
5.59 0.000449753
5.595 0.000448951
5.6 0.000448152
5.605 0.000447355
5.61 0.00044656
5.615 0.000445767
5.62 0.000444976
5.625 0.000444188
5.63 0.000443401
5.635 0.000442617
5.64 0.000441834
5.645 0.000441054
5.65 0.000440276
5.655 0.000439499
5.66 0.000438725
5.665 0.000437953
5.67 0.000437183
5.675 0.000436415
5.68 0.000435649
5.685 0.000434885
5.69 0.000434123
5.695 0.000433363
5.7 0.000432605
5.705 0.000431849
5.71 0.000431095
5.715 0.000430343
5.72 0.000429592
5.725 0.000428844
5.73 0.000428098
5.735 0.000427354
5.74 0.000426612
5.745 0.000425871
5.75 0.000425133
5.755 0.000424396
5.76 0.000423662
5.765 0.000422929
5.77 0.000422198
5.775 0.000421469
5.78 0.000420742
5.785 0.000420017
5.79 0.000419294
5.795 0.000418572
5.8 0.000417853
5.805 0.000417135
5.81 0.000416419
5.815 0.000415705
5.82 0.000414993
5.825 0.000414282
5.83 0.000413574
5.835 0.000412867
5.84 0.000412162
5.845 0.000411459
5.85 0.000410758
5.855 0.000410058
5.86 0.000409361
5.865 0.000408665
5.87 0.00040797
5.875 0.000407278
5.88 0.000406587
5.885 0.000405898
5.89 0.000405211
5.895 0.000404526
5.9 0.000403842
5.905 0.00040316
5.91 0.00040248
5.915 0.000401802
5.92 0.000401125
5.925 0.00040045
5.93 0.000399776
5.935 0.000399105
5.94 0.000398435
5.945 0.000397766
5.95 0.0003971
5.955 0.000396435
5.96 0.000395772
5.965 0.00039511
5.97 0.00039445
5.975 0.000393792
5.98 0.000393135
5.985 0.00039248
5.99 0.000391827
5.995 0.000391175
6 0.000390525
6.005 0.000389876
6.01 0.000389229
6.015 0.000388584
6.02 0.00038794
6.025 0.000387298
6.03 0.000386658
6.035 0.000386019
6.04 0.000385382
6.045 0.000384746
6.05 0.000384112
6.055 0.000383479
6.06 0.000382848
6.065 0.000382219
6.07 0.000381591
6.075 0.000380964
6.08 0.00038034
6.085 0.000379716
6.09 0.000379094
6.095 0.000378474
6.1 0.000377855
6.105 0.000377238
6.11 0.000376623
6.115 0.000376008
6.12 0.000375396
6.125 0.000374784
6.13 0.000374175
6.135 0.000373567
6.14 0.00037296
6.145 0.000372354
6.15 0.000371751
6.155 0.000371148
6.16 0.000370548
6.165 0.000369948
6.17 0.00036935
6.175 0.000368754
6.18 0.000368159
6.185 0.000367565
6.19 0.000366973
6.195 0.000366382
6.2 0.000365793
6.205 0.000365205
6.21 0.000364618
6.215 0.000364033
6.22 0.00036345
6.225 0.000362867
6.23 0.000362286
6.235 0.000361707
6.24 0.000361129
6.245 0.000360552
6.25 0.000359977
6.255 0.000359403
6.26 0.00035883
6.265 0.000358259
6.27 0.000357689
6.275 0.000357121
6.28 0.000356554
6.285 0.000355988
6.29 0.000355423
6.295 0.00035486
6.3 0.000354298
6.305 0.000353738
6.31 0.000353179
6.315 0.000352621
6.32 0.000352065
6.325 0.00035151
6.33 0.000350956
6.335 0.000350403
6.34 0.000349852
6.345 0.000349302
6.35 0.000348753
6.355 0.000348206
6.36 0.00034766
6.365 0.000347115
6.37 0.000346572
6.375 0.00034603
6.38 0.000345489
6.385 0.000344949
6.39 0.000344411
6.395 0.000343873
6.4 0.000343338
6.405 0.000342803
6.41 0.00034227
6.415 0.000341737
6.42 0.000341206
6.425 0.000340677
6.43 0.000340148
6.435 0.000339621
6.44 0.000339095
6.445 0.00033857
6.45 0.000338047
6.455 0.000337525
6.46 0.000337003
6.465 0.000336483
6.47 0.000335965
6.475 0.000335447
6.48 0.000334931
6.485 0.000334416
6.49 0.000333902
6.495 0.000333389
6.5 0.000332878
6.505 0.000332367
6.51 0.000331858
6.515 0.00033135
6.52 0.000330843
6.525 0.000330337
6.53 0.000329833
6.535 0.000329329
6.54 0.000328827
6.545 0.000328326
6.55 0.000327826
6.555 0.000327327
6.56 0.000326829
6.565 0.000326333
6.57 0.000325837
6.575 0.000325343
6.58 0.00032485
6.585 0.000324358
6.59 0.000323867
6.595 0.000323377
6.6 0.000322888
6.605 0.000322401
6.61 0.000321914
6.615 0.000321429
6.62 0.000320944
6.625 0.000320461
6.63 0.000319979
6.635 0.000319498
6.64 0.000319018
6.645 0.000318539
6.65 0.000318061
6.655 0.000317585
6.66 0.000317109
6.665 0.000316634
6.67 0.000316161
6.675 0.000315688
6.68 0.000315217
6.685 0.000314747
6.69 0.000314277
6.695 0.000313809
6.7 0.000313342
6.705 0.000312876
6.71 0.000312411
6.715 0.000311947
6.72 0.000311484
6.725 0.000311022
6.73 0.000310561
6.735 0.000310101
6.74 0.000309642
6.745 0.000309184
6.75 0.000308727
6.755 0.000308271
6.76 0.000307816
6.765 0.000307362
6.77 0.000306909
6.775 0.000306457
6.78 0.000306006
6.785 0.000305557
6.79 0.000305108
6.795 0.00030466
6.8 0.000304213
6.805 0.000303767
6.81 0.000303322
6.815 0.000302878
6.82 0.000302435
6.825 0.000301993
6.83 0.000301552
6.835 0.000301112
6.84 0.000300673
6.845 0.000300234
6.85 0.000299797
6.855 0.000299361
6.86 0.000298926
6.865 0.000298491
6.87 0.000298058
6.875 0.000297625
6.88 0.000297194
6.885 0.000296763
6.89 0.000296333
6.895 0.000295905
6.9 0.000295477
6.905 0.00029505
6.91 0.000294624
6.915 0.000294199
6.92 0.000293775
6.925 0.000293352
6.93 0.000292929
6.935 0.000292508
6.94 0.000292088
6.945 0.000291668
6.95 0.000291249
6.955 0.000290832
6.96 0.000290415
6.965 0.000289999
6.97 0.000289584
6.975 0.00028917
6.98 0.000288756
6.985 0.000288344
6.99 0.000287932
6.995 0.000287522
7 0.000287112
7.005 0.000286703
7.01 0.000286295
7.015 0.000285888
7.02 0.000285482
7.025 0.000285076
7.03 0.000284672
7.035 0.000284268
7.04 0.000283865
7.045 0.000283463
7.05 0.000283062
7.055 0.000282662
7.06 0.000282262
7.065 0.000281864
7.07 0.000281466
7.075 0.000281069
7.08 0.000280673
7.085 0.000280278
7.09 0.000279883
7.095 0.00027949
7.1 0.000279097
7.105 0.000278705
7.11 0.000278314
7.115 0.000277924
7.12 0.000277535
7.125 0.000277146
7.13 0.000276758
7.135 0.000276371
7.14 0.000275985
7.145 0.0002756
7.15 0.000275215
7.155 0.000274831
7.16 0.000274448
7.165 0.000274066
7.17 0.000273685
7.175 0.000273304
7.18 0.000272925
7.185 0.000272546
7.19 0.000272167
7.195 0.00027179
7.2 0.000271413
7.205 0.000271038
7.21 0.000270663
7.215 0.000270288
7.22 0.000269915
7.225 0.000269542
7.23 0.00026917
7.235 0.000268799
7.24 0.000268429
7.245 0.000268059
7.25 0.00026769
7.255 0.000267322
7.26 0.000266954
7.265 0.000266588
7.27 0.000266222
7.275 0.000265857
7.28 0.000265493
7.285 0.000265129
7.29 0.000264766
7.295 0.000264404
7.3 0.000264043
7.305 0.000263682
7.31 0.000263322
7.315 0.000262963
7.32 0.000262605
7.325 0.000262247
7.33 0.00026189
7.335 0.000261534
7.34 0.000261178
7.345 0.000260823
7.35 0.000260469
7.355 0.000260116
7.36 0.000259763
7.365 0.000259411
7.37 0.00025906
7.375 0.00025871
7.38 0.00025836
7.385 0.000258011
7.39 0.000257663
7.395 0.000257315
7.4 0.000256968
7.405 0.000256622
7.41 0.000256276
7.415 0.000255931
7.42 0.000255587
7.425 0.000255244
7.43 0.000254901
7.435 0.000254559
7.44 0.000254218
7.445 0.000253877
7.45 0.000253537
7.455 0.000253198
7.46 0.000252859
7.465 0.000252521
7.47 0.000252184
7.475 0.000251847
7.48 0.000251511
7.485 0.000251176
7.49 0.000250841
7.495 0.000250507
7.5 0.000250174
7.505 0.000249841
7.51 0.000249509
7.515 0.000249178
7.52 0.000248848
7.525 0.000248518
7.53 0.000248188
7.535 0.00024786
7.54 0.000247532
7.545 0.000247204
7.55 0.000246878
7.555 0.000246551
7.56 0.000246226
7.565 0.000245901
7.57 0.000245577
7.575 0.000245254
7.58 0.000244931
7.585 0.000244609
7.59 0.000244287
7.595 0.000243966
7.6 0.000243646
7.605 0.000243326
7.61 0.000243007
7.615 0.000242689
7.62 0.000242371
7.625 0.000242054
7.63 0.000241737
7.635 0.000241421
7.64 0.000241106
7.645 0.000240791
7.65 0.000240477
7.655 0.000240164
7.66 0.000239851
7.665 0.000239539
7.67 0.000239227
7.675 0.000238916
7.68 0.000238606
7.685 0.000238296
7.69 0.000237987
7.695 0.000237678
7.7 0.00023737
7.705 0.000237063
7.71 0.000236756
7.715 0.000236449
7.72 0.000236144
7.725 0.000235839
7.73 0.000235534
7.735 0.000235231
7.74 0.000234927
7.745 0.000234625
7.75 0.000234323
7.755 0.000234021
7.76 0.00023372
7.765 0.00023342
7.77 0.00023312
7.775 0.000232821
7.78 0.000232522
7.785 0.000232224
7.79 0.000231927
7.795 0.00023163
7.8 0.000231333
7.805 0.000231038
7.81 0.000230742
7.815 0.000230448
7.82 0.000230154
7.825 0.00022986
7.83 0.000229567
7.835 0.000229275
7.84 0.000228983
7.845 0.000228692
7.85 0.000228401
7.855 0.000228111
7.86 0.000227821
7.865 0.000227532
7.87 0.000227244
7.875 0.000226956
7.88 0.000226668
7.885 0.000226382
7.89 0.000226095
7.895 0.000225809
7.9 0.000225524
7.905 0.00022524
7.91 0.000224955
7.915 0.000224672
7.92 0.000224389
7.925 0.000224106
7.93 0.000223824
7.935 0.000223543
7.94 0.000223262
7.945 0.000222981
7.95 0.000222701
7.955 0.000222422
7.96 0.000222143
7.965 0.000221865
7.97 0.000221587
7.975 0.00022131
7.98 0.000221033
7.985 0.000220757
7.99 0.000220481
7.995 0.000220206
8 0.000219931
8.005 0.000219657
8.01 0.000219383
8.015 0.00021911
8.02 0.000218838
8.025 0.000218565
8.03 0.000218294
8.035 0.000218023
8.04 0.000217752
8.045 0.000217482
8.05 0.000217212
8.055 0.000216943
8.06 0.000216675
8.065 0.000216407
8.07 0.000216139
8.075 0.000215872
8.08 0.000215605
8.085 0.000215339
8.09 0.000215073
8.095 0.000214808
8.1 0.000214544
8.105 0.000214279
8.11 0.000214016
8.115 0.000213753
8.12 0.00021349
8.125 0.000213228
8.13 0.000212966
8.135 0.000212705
8.14 0.000212444
8.145 0.000212184
8.15 0.000211924
8.155 0.000211664
8.16 0.000211406
8.165 0.000211147
8.17 0.000210889
8.175 0.000210632
8.18 0.000210375
8.185 0.000210118
8.19 0.000209862
8.195 0.000209607
8.2 0.000209352
8.205 0.000209097
8.21 0.000208843
8.215 0.000208589
8.22 0.000208336
8.225 0.000208083
8.23 0.000207831
8.235 0.000207579
8.24 0.000207327
8.245 0.000207076
8.25 0.000206826
8.255 0.000206576
8.26 0.000206326
8.265 0.000206077
8.27 0.000205829
8.275 0.00020558
8.28 0.000205332
8.285 0.000205085
8.29 0.000204838
8.295 0.000204592
8.3 0.000204346
8.305 0.0002041
8.31 0.000203855
8.315 0.00020361
8.32 0.000203366
8.325 0.000203122
8.33 0.000202879
8.335 0.000202636
8.34 0.000202394
8.345 0.000202152
8.35 0.00020191
8.355 0.000201669
8.36 0.000201428
8.365 0.000201188
8.37 0.000200948
8.375 0.000200708
8.38 0.000200469
8.385 0.000200231
8.39 0.000199993
8.395 0.000199755
8.4 0.000199517
8.405 0.000199281
8.41 0.000199044
8.415 0.000198808
8.42 0.000198572
8.425 0.000198337
8.43 0.000198102
8.435 0.000197868
8.44 0.000197634
8.445 0.0001974
8.45 0.000197167
8.455 0.000196934
8.46 0.000196702
8.465 0.00019647
8.47 0.000196239
8.475 0.000196008
8.48 0.000195777
8.485 0.000195547
8.49 0.000195317
8.495 0.000195087
8.5 0.000194858
8.505 0.000194629
8.51 0.000194401
8.515 0.000194173
8.52 0.000193946
8.525 0.000193719
8.53 0.000193492
8.535 0.000193266
8.54 0.00019304
8.545 0.000192815
8.55 0.000192589
8.555 0.000192365
8.56 0.000192141
8.565 0.000191917
8.57 0.000191693
8.575 0.00019147
8.58 0.000191247
8.585 0.000191025
8.59 0.000190803
8.595 0.000190581
8.6 0.00019036
8.605 0.000190139
8.61 0.000189919
8.615 0.000189699
8.62 0.000189479
8.625 0.00018926
8.63 0.000189041
8.635 0.000188823
8.64 0.000188605
8.645 0.000188387
8.65 0.000188169
8.655 0.000187952
8.66 0.000187736
8.665 0.00018752
8.67 0.000187304
8.675 0.000187088
8.68 0.000186873
8.685 0.000186658
8.69 0.000186444
8.695 0.00018623
8.7 0.000186016
8.705 0.000185803
8.71 0.00018559
8.715 0.000185377
8.72 0.000185165
8.725 0.000184953
8.73 0.000184742
8.735 0.000184531
8.74 0.00018432
8.745 0.00018411
8.75 0.0001839
8.755 0.00018369
8.76 0.000183481
8.765 0.000183272
8.77 0.000183063
8.775 0.000182855
8.78 0.000182647
8.785 0.00018244
8.79 0.000182233
8.795 0.000182026
8.8 0.000181819
8.805 0.000181613
8.81 0.000181407
8.815 0.000181202
8.82 0.000180997
8.825 0.000180792
8.83 0.000180588
8.835 0.000180384
8.84 0.00018018
8.845 0.000179977
8.85 0.000179774
8.855 0.000179571
8.86 0.000179369
8.865 0.000179167
8.87 0.000178965
8.875 0.000178764
8.88 0.000178563
8.885 0.000178362
8.89 0.000178162
8.895 0.000177962
8.9 0.000177763
8.905 0.000177563
8.91 0.000177365
8.915 0.000177166
8.92 0.000176968
8.925 0.00017677
8.93 0.000176572
8.935 0.000176375
8.94 0.000176178
8.945 0.000175981
8.95 0.000175785
8.955 0.000175589
8.96 0.000175394
8.965 0.000175198
8.97 0.000175003
8.975 0.000174809
8.98 0.000174614
8.985 0.00017442
8.99 0.000174227
8.995 0.000174033
9 0.00017384
9.005 0.000173648
9.01 0.000173455
9.015 0.000173263
9.02 0.000173072
9.025 0.00017288
9.03 0.000172689
9.035 0.000172498
9.04 0.000172308
9.045 0.000172118
9.05 0.000171928
9.055 0.000171738
9.06 0.000171549
9.065 0.00017136
9.07 0.000171172
9.075 0.000170983
9.08 0.000170795
9.085 0.000170608
9.09 0.00017042
9.095 0.000170233
9.1 0.000170047
9.105 0.00016986
9.11 0.000169674
9.115 0.000169488
9.12 0.000169303
9.125 0.000169117
9.13 0.000168933
9.135 0.000168748
9.14 0.000168564
9.145 0.00016838
9.15 0.000168196
9.155 0.000168013
9.16 0.00016783
9.165 0.000167647
9.17 0.000167464
9.175 0.000167282
9.18 0.0001671
9.185 0.000166919
9.19 0.000166737
9.195 0.000166556
9.2 0.000166376
9.205 0.000166195
9.21 0.000166015
9.215 0.000165835
9.22 0.000165656
9.225 0.000165476
9.23 0.000165297
9.235 0.000165119
9.24 0.00016494
9.245 0.000164762
9.25 0.000164584
9.255 0.000164407
9.26 0.00016423
9.265 0.000164053
9.27 0.000163876
9.275 0.0001637
9.28 0.000163524
9.285 0.000163348
9.29 0.000163172
9.295 0.000162997
9.3 0.000162822
9.305 0.000162647
9.31 0.000162473
9.315 0.000162299
9.32 0.000162125
9.325 0.000161952
9.33 0.000161778
9.335 0.000161605
9.34 0.000161433
9.345 0.00016126
9.35 0.000161088
9.355 0.000160916
9.36 0.000160744
9.365 0.000160573
9.37 0.000160402
9.375 0.000160231
9.38 0.000160061
9.385 0.00015989
9.39 0.00015972
9.395 0.000159551
9.4 0.000159381
9.405 0.000159212
9.41 0.000159043
9.415 0.000158875
9.42 0.000158706
9.425 0.000158538
9.43 0.00015837
9.435 0.000158203
9.44 0.000158035
9.445 0.000157868
9.45 0.000157702
9.455 0.000157535
9.46 0.000157369
9.465 0.000157203
9.47 0.000157037
9.475 0.000156872
9.48 0.000156707
9.485 0.000156542
9.49 0.000156377
9.495 0.000156213
9.5 0.000156048
9.505 0.000155885
9.51 0.000155721
9.515 0.000155558
9.52 0.000155394
9.525 0.000155232
9.53 0.000155069
9.535 0.000154907
9.54 0.000154744
9.545 0.000154583
9.55 0.000154421
9.555 0.00015426
9.56 0.000154099
9.565 0.000153938
9.57 0.000153777
9.575 0.000153617
9.58 0.000153457
9.585 0.000153297
9.59 0.000153137
9.595 0.000152978
9.6 0.000152819
9.605 0.00015266
9.61 0.000152502
9.615 0.000152343
9.62 0.000152185
9.625 0.000152027
9.63 0.00015187
9.635 0.000151712
9.64 0.000151555
9.645 0.000151398
9.65 0.000151242
9.655 0.000151085
9.66 0.000150929
9.665 0.000150773
9.67 0.000150618
9.675 0.000150462
9.68 0.000150307
9.685 0.000150152
9.69 0.000149997
9.695 0.000149843
9.7 0.000149689
9.705 0.000149535
9.71 0.000149381
9.715 0.000149228
9.72 0.000149074
9.725 0.000148921
9.73 0.000148768
9.735 0.000148616
9.74 0.000148464
9.745 0.000148311
9.75 0.00014816
9.755 0.000148008
9.76 0.000147857
9.765 0.000147705
9.77 0.000147555
9.775 0.000147404
9.78 0.000147253
9.785 0.000147103
9.79 0.000146953
9.795 0.000146803
9.8 0.000146654
9.805 0.000146504
9.81 0.000146355
9.815 0.000146207
9.82 0.000146058
9.825 0.000145909
9.83 0.000145761
9.835 0.000145613
9.84 0.000145466
9.845 0.000145318
9.85 0.000145171
9.855 0.000145024
9.86 0.000144877
9.865 0.00014473
9.87 0.000144584
9.875 0.000144438
9.88 0.000144292
9.885 0.000144146
9.89 0.000144001
9.895 0.000143855
9.9 0.00014371
9.905 0.000143565
9.91 0.000143421
9.915 0.000143276
9.92 0.000143132
9.925 0.000142988
9.93 0.000142844
9.935 0.000142701
9.94 0.000142557
9.945 0.000142414
9.95 0.000142271
9.955 0.000142129
9.96 0.000141986
9.965 0.000141844
9.97 0.000141702
9.975 0.00014156
9.98 0.000141419
9.985 0.000141277
9.99 0.000141136
9.995 0.000140995
