0, -nan 
0.001, 0.151498 
0.002, 0.0280918 
0.003, 0.0581527 
0.004, 0.0634933 
0.005, 0.0801049 
0.006, 0.0348081 
0.007, 0.565301 
0.008, 0.0182981 
0.009, 0.408897 
0.01, 0.581742 
0.011, 0.211486 
0.012, 0.00670535 
0.013, 0.121617 
0.014, 0.159298 
0.015, 0.385846 
0.016, 0.397322 
0.017, 0.368836 
0.018, 0.420678 
0.019, 0.227742 
0.02, 0.205129 
0.021, 0.093963 
0.022, 0.038677 
0.023, 0.0669657 
0.024, 0.00191364 
0.025, 0.0105452 
0.026, 8.74687e-05 
0.027, 0.0235187 
0.028, 0.0647095 
0.029, 0.0942429 
0.03, 0.0984574 
0.031, 0.096303 
0.032, 0.169819 
0.033, 0.330404 
0.034, 0.324737 
0.035, 0.205462 
0.036, 0.422662 
0.037, 0.361682 
0.038, 0.34921 
0.039, 0.494492 
0.04, 0.34552 
0.041, 0.538783 
0.042, 0.400274 
0.043, 0.502659 
0.044, 0.527994 
0.045, 0.391079 
0.046, 0.644693 
0.047, 0.410711 
0.048, 0.497688 
0.049, 0.643849 
0.05, 0.401902 
0.051, 0.492944 
0.052, 0.660825 
0.053, 0.461455 
0.054, 0.401828 
0.055, 0.612897 
0.056, 0.609323 
0.057, 0.40494 
0.058, 0.409482 
0.059, 0.595289 
0.06, 0.616507 
0.061, 0.44225 
0.062, 0.353789 
0.063, 0.469969 
0.064, 0.605627 
0.065, 0.572104 
0.066, 0.418183 
0.067, 0.330868 
0.068, 0.39803 
0.069, 0.530017 
0.07, 0.582077 
0.071, 0.505052 
0.072, 0.37479 
0.073, 0.304267 
0.074, 0.342765 
0.075, 0.447283 
0.076, 0.530474 
0.077, 0.531 
0.078, 0.451393 
0.079, 0.345963 
0.08, 0.278479 
0.081, 0.282682 
0.082, 0.347927 
0.083, 0.432031 
0.084, 0.488121 
0.085, 0.488588 
0.086, 0.435154 
0.087, 0.353559 
0.088, 0.278712 
0.089, 0.23881 
0.09, 0.245144 
0.091, 0.290338 
0.092, 0.353822 
0.093, 0.410983 
0.094, 0.442028 
0.095, 0.437663 
0.096, 0.400456 
0.097, 0.342374 
0.098, 0.280026 
0.099, 0.229449 
0.1, 0.201948 
0.101, 0.201879 
0.102, 0.226546 
0.103, 0.267789 
0.104, 0.314584 
0.105, 0.355832 
0.106, 0.382705 
0.107, 0.390138 
0.108, 0.377328 
0.109, 0.347324 
0.11, 0.30598 
0.111, 0.26056 
0.112, 0.218326 
0.113, 0.185349 
0.114, 0.165693 
0.115, 0.161045 
0.116, 0.170757 
0.117, 0.192224 
0.118, 0.221488 
0.119, 0.253926 
0.12, 0.284931 
0.121, 0.31049 
0.122, 0.327601 
0.123, 0.334507 
0.124, 0.330751 
0.125, 0.317078 
0.126, 0.295214 
0.127, 0.26758 
0.128, 0.236963 
0.129, 0.206205 
0.13, 0.177929 
0.131, 0.154319 
0.132, 0.136975 
0.133, 0.126836 
0.134, 0.124173 
0.135, 0.128641 
0.136, 0.139369 
0.137, 0.155085 
0.138, 0.174255 
0.139, 0.195219 
0.14, 0.216326 
0.141, 0.236044 
0.142, 0.253053 
0.143, 0.266308 
0.144, 0.275079 
0.145, 0.278962 
0.146, 0.277873 
0.147, 0.272022 
0.148, 0.261868 
0.149, 0.248072 
0.15, 0.231441 
0.151, 0.21287 
0.152, 0.193288 
0.153, 0.173609 
0.154, 0.154686 
0.155, 0.137279 
0.156, 0.122026 
0.157, 0.109426 
0.158, 0.0998319 
0.159, 0.0934441 
0.16, 0.0903206 
0.161, 0.0903849 
0.162, 0.0934423 
0.163, 0.099198 
0.164, 0.107277 
0.165, 0.117246 
0.166, 0.128634 
0.167, 0.140953 
0.168, 0.153714 
0.169, 0.166447 
0.17, 0.178716 
0.171, 0.190125 
0.172, 0.200332 
0.173, 0.209054 
0.174, 0.216067 
0.175, 0.221215 
0.176, 0.224403 
0.177, 0.225594 
0.178, 0.224812 
0.179, 0.222128 
0.18, 0.21766 
0.181, 0.211564 
0.182, 0.204026 
0.183, 0.195258 
0.184, 0.185487 
0.185, 0.17495 
0.186, 0.163889 
0.187, 0.152543 
0.188, 0.141143 
0.189, 0.129907 
0.19, 0.11904 
0.191, 0.108726 
0.192, 0.0991277 
0.193, 0.0903845 
0.194, 0.0826122 
0.195, 0.0759017 
0.196, 0.0703195 
0.197, 0.0659081 
0.198, 0.0626869 
0.199, 0.0606537 
0.2, 0.0597866 
0.201, 0.0600452 
0.202, 0.0613731 
0.203, 0.0636999 
0.204, 0.0669435 
0.205, 0.0710118 
0.206, 0.0758057 
0.207, 0.0812203 
0.208, 0.0871474 
0.209, 0.0934773 
0.21, 0.100101 
0.211, 0.106909 
0.212, 0.113799 
0.213, 0.12067 
0.214, 0.127426 
0.215, 0.133981 
0.216, 0.140253 
0.217, 0.146168 
0.218, 0.151662 
0.219, 0.156677 
0.22, 0.161166 
0.221, 0.165088 
0.222, 0.168412 
0.223, 0.171116 
0.224, 0.173185 
0.225, 0.174611 
0.226, 0.175395 
0.227, 0.175542 
0.228, 0.175067 
0.229, 0.173987 
0.23, 0.172326 
0.231, 0.170114 
0.232, 0.167382 
0.233, 0.164166 
0.234, 0.160504 
0.235, 0.156438 
0.236, 0.152011 
0.237, 0.147266 
0.238, 0.142248 
0.239, 0.137001 
0.24, 0.131572 
0.241, 0.126005 
0.242, 0.120342 
0.243, 0.114626 
0.244, 0.108899 
0.245, 0.103199 
0.246, 0.0975639 
0.247, 0.0920289 
0.248, 0.0866268 
0.249, 0.0813881 
0.25, 0.0763409 
0.251, 0.0715108 
0.252, 0.0669206 
0.253, 0.0625906 
0.254, 0.0585387 
0.255, 0.0547798 
0.256, 0.0513266 
0.257, 0.0481893 
0.258, 0.0453755 
0.259, 0.0428906 
0.26, 0.0407378 
0.261, 0.0389181 
0.262, 0.0374305 
0.263, 0.0362723 
0.264, 0.0354386 
0.265, 0.0349234 
0.266, 0.0347187 
0.267, 0.0348155 
0.268, 0.0352032 
0.269, 0.0358703 
0.27, 0.0368043 
0.271, 0.0379917 
0.272, 0.0394184 
0.273, 0.0410695 
0.274, 0.0429297 
0.275, 0.0449832 
0.276, 0.047214 
0.277, 0.0496059 
0.278, 0.0521425 
0.279, 0.0548074 
0.28, 0.0575843 
0.281, 0.0604569 
0.282, 0.0634094 
0.283, 0.066426 
0.284, 0.0694913 
0.285, 0.0725904 
0.286, 0.0757088 
0.287, 0.0788324 
0.288, 0.0819477 
0.289, 0.0850417 
0.29, 0.0881021 
0.291, 0.091117 
0.292, 0.0940754 
0.293, 0.0969667 
0.294, 0.099781 
0.295, 0.102509 
0.296, 0.105143 
0.297, 0.107674 
0.298, 0.110096 
0.299, 0.112402 
0.3, 0.114586 
0.301, 0.116642 
0.302, 0.118567 
0.303, 0.120356 
0.304, 0.122007 
0.305, 0.123515 
0.306, 0.12488 
0.307, 0.1261 
0.308, 0.127172 
0.309, 0.128098 
0.31, 0.128876 
0.311, 0.129508 
0.312, 0.129993 
0.313, 0.130333 
0.314, 0.130531 
0.315, 0.130587 
0.316, 0.130504 
0.317, 0.130285 
0.318, 0.129933 
0.319, 0.12945 
0.32, 0.128842 
0.321, 0.12811 
0.322, 0.12726 
0.323, 0.126295 
0.324, 0.12522 
0.325, 0.124039 
0.326, 0.122756 
0.327, 0.121377 
0.328, 0.119906 
0.329, 0.118348 
0.33, 0.116708 
0.331, 0.114991 
0.332, 0.113202 
0.333, 0.111345 
0.334, 0.109427 
0.335, 0.107451 
0.336, 0.105423 
0.337, 0.103348 
0.338, 0.101231 
0.339, 0.0990761 
0.34, 0.0968883 
0.341, 0.0946724 
0.342, 0.0924329 
0.343, 0.0901744 
0.344, 0.0879012 
0.345, 0.0856177 
0.346, 0.0833279 
0.347, 0.081036 
0.348, 0.0787459 
0.349, 0.0764614 
0.35, 0.0741863 
0.351, 0.071924 
0.352, 0.0696781 
0.353, 0.0674518 
0.354, 0.0652482 
0.355, 0.0630704 
0.356, 0.0609214 
0.357, 0.0588037 
0.358, 0.0567201 
0.359, 0.054673 
0.36, 0.0526648 
0.361, 0.0506976 
0.362, 0.0487735 
0.363, 0.0468945 
0.364, 0.0450623 
0.365, 0.0432786 
0.366, 0.0415449 
0.367, 0.0398627 
0.368, 0.0382333 
0.369, 0.0366577 
0.37, 0.0351372 
0.371, 0.0336725 
0.372, 0.0322645 
0.373, 0.0309139 
0.374, 0.0296214 
0.375, 0.0283873 
0.376, 0.0272122 
0.377, 0.0260963 
0.378, 0.0250398 
0.379, 0.0240429 
0.38, 0.0231055 
0.381, 0.0222275 
0.382, 0.0214089 
0.383, 0.0206495 
0.384, 0.0199489 
0.385, 0.0193067 
0.386, 0.0187226 
0.387, 0.018196 
0.388, 0.0177263 
0.389, 0.017313 
0.39, 0.0169554 
0.391, 0.0166527 
0.392, 0.0164041 
0.393, 0.0162089 
0.394, 0.0160662 
0.395, 0.0159749 
0.396, 0.0159343 
0.397, 0.0159433 
0.398, 0.0160009 
0.399, 0.0161061 
0.4, 0.0162577 
0.401, 0.0164547 
0.402, 0.0166959 
0.403, 0.0169802 
0.404, 0.0173065 
0.405, 0.0176735 
0.406, 0.0180801 
0.407, 0.0185251 
0.408, 0.0190072 
0.409, 0.0195252 
0.41, 0.0200779 
0.411, 0.0206641 
0.412, 0.0212825 
0.413, 0.0219319 
0.414, 0.022611 
0.415, 0.0233187 
0.416, 0.0240536 
0.417, 0.0248146 
0.418, 0.0256004 
0.419, 0.0264098 
0.42, 0.0272416 
0.421, 0.0280947 
0.422, 0.0289677 
0.423, 0.0298596 
0.424, 0.0307692 
0.425, 0.0316953 
0.426, 0.0326367 
0.427, 0.0335925 
0.428, 0.0345614 
0.429, 0.0355424 
0.43, 0.0365344 
0.431, 0.0375363 
0.432, 0.0385471 
0.433, 0.0395658 
0.434, 0.0405913 
0.435, 0.0416228 
0.436, 0.0426592 
0.437, 0.0436996 
0.438, 0.044743 
0.439, 0.0457886 
0.44, 0.0468355 
0.441, 0.0478828 
0.442, 0.0489297 
0.443, 0.0499753 
0.444, 0.0510189 
0.445, 0.0520597 
0.446, 0.0530969 
0.447, 0.0541298 
0.448, 0.0551577 
0.449, 0.0561799 
0.45, 0.0571957 
0.451, 0.0582045 
0.452, 0.0592056 
0.453, 0.0601985 
0.454, 0.0611825 
0.455, 0.0621571 
0.456, 0.0631217 
0.457, 0.0640758 
0.458, 0.065019 
0.459, 0.0659507 
0.46, 0.0668704 
0.461, 0.0677778 
0.462, 0.0686723 
0.463, 0.0695536 
0.464, 0.0704214 
0.465, 0.0712751 
0.466, 0.0721146 
0.467, 0.0729393 
0.468, 0.0737492 
0.469, 0.0745437 
0.47, 0.0753227 
0.471, 0.0760859 
0.472, 0.076833 
0.473, 0.0775638 
0.474, 0.0782781 
0.475, 0.0789757 
0.476, 0.0796564 
0.477, 0.08032 
0.478, 0.0809665 
0.479, 0.0815955 
0.48, 0.0822071 
0.481, 0.0828011 
0.482, 0.0833774 
0.483, 0.0839359 
0.484, 0.0844765 
0.485, 0.0849992 
0.486, 0.085504 
0.487, 0.0859907 
0.488, 0.0864594 
0.489, 0.0869101 
0.49, 0.0873427 
0.491, 0.0877572 
0.492, 0.0881537 
0.493, 0.0885322 
0.494, 0.0888927 
0.495, 0.0892353 
0.496, 0.0895601 
0.497, 0.089867 
0.498, 0.0901561 
0.499, 0.0904276 
0.5, 0.0906815 
0.501, 0.090918 
0.502, 0.091137 
0.503, 0.0913388 
0.504, 0.0915234 
0.505, 0.091691 
0.506, 0.0918416 
0.507, 0.0919755 
0.508, 0.0920927 
0.509, 0.0921935 
0.51, 0.0922779 
0.511, 0.0923461 
0.512, 0.0923982 
0.513, 0.0924345 
0.514, 0.0924551 
0.515, 0.0924602 
0.516, 0.09245 
0.517, 0.0924245 
0.518, 0.0923841 
0.519, 0.0923289 
0.52, 0.092259 
0.521, 0.0921748 
0.522, 0.0920763 
0.523, 0.0919638 
0.524, 0.0918375 
0.525, 0.0916975 
0.526, 0.0915442 
0.527, 0.0913776 
0.528, 0.0911981 
0.529, 0.0910057 
0.53, 0.0908008 
0.531, 0.0905835 
0.532, 0.090354 
0.533, 0.0901126 
0.534, 0.0898595 
0.535, 0.0895948 
0.536, 0.0893189 
0.537, 0.0890319 
0.538, 0.088734 
0.539, 0.0884255 
0.54, 0.0881066 
0.541, 0.0877774 
0.542, 0.0874383 
0.543, 0.0870894 
0.544, 0.0867309 
0.545, 0.0863631 
0.546, 0.0859862 
0.547, 0.0856003 
0.548, 0.0852058 
0.549, 0.0848028 
0.55, 0.0843915 
0.551, 0.0839722 
0.552, 0.083545 
0.553, 0.0831102 
0.554, 0.0826679 
0.555, 0.0822185 
0.556, 0.081762 
0.557, 0.0812987 
0.558, 0.0808288 
0.559, 0.0803525 
0.56, 0.07987 
0.561, 0.0793815 
0.562, 0.0788872 
0.563, 0.0783873 
0.564, 0.077882 
0.565, 0.0773714 
0.566, 0.0768558 
0.567, 0.0763354 
0.568, 0.0758103 
0.569, 0.0752808 
0.57, 0.0747469 
0.571, 0.074209 
0.572, 0.0736671 
0.573, 0.0731215 
0.574, 0.0725723 
0.575, 0.0720197 
0.576, 0.0714639 
0.577, 0.070905 
0.578, 0.0703432 
0.579, 0.0697788 
0.58, 0.0692117 
0.581, 0.0686422 
0.582, 0.0680705 
0.583, 0.0674967 
0.584, 0.066921 
0.585, 0.0663435 
0.586, 0.0657644 
0.587, 0.0651838 
0.588, 0.0646018 
0.589, 0.0640187 
0.59, 0.0634345 
0.591, 0.0628494 
0.592, 0.0622636 
0.593, 0.0616771 
0.594, 0.0610901 
0.595, 0.0605027 
0.596, 0.0599151 
0.597, 0.0593274 
0.598, 0.0587396 
0.599, 0.058152 
0.6, 0.0575647 
0.601, 0.0569777 
0.602, 0.0563912 
0.603, 0.0558054 
0.604, 0.0552202 
0.605, 0.0546358 
0.606, 0.0540524 
0.607, 0.05347 
0.608, 0.0528887 
0.609, 0.0523087 
0.61, 0.05173 
0.611, 0.0511528 
0.612, 0.0505771 
0.613, 0.050003 
0.614, 0.0494306 
0.615, 0.0488601 
0.616, 0.0482914 
0.617, 0.0477247 
0.618, 0.04716 
0.619, 0.0465976 
0.62, 0.0460373 
0.621, 0.0454793 
0.622, 0.0449238 
0.623, 0.0443706 
0.624, 0.04382 
0.625, 0.043272 
0.626, 0.0427267 
0.627, 0.0421841 
0.628, 0.0416443 
0.629, 0.0411073 
0.63, 0.0405733 
0.631, 0.0400423 
0.632, 0.0395143 
0.633, 0.0389895 
0.634, 0.0384677 
0.635, 0.0379492 
0.636, 0.037434 
0.637, 0.0369221 
0.638, 0.0364135 
0.639, 0.0359084 
0.64, 0.0354067 
0.641, 0.0349085 
0.642, 0.0344139 
0.643, 0.0339229 
0.644, 0.0334355 
0.645, 0.0329517 
0.646, 0.0324717 
0.647, 0.0319954 
0.648, 0.0315229 
0.649, 0.0310543 
0.65, 0.0305894 
0.651, 0.0301285 
0.652, 0.0296714 
0.653, 0.0292183 
0.654, 0.0287692 
0.655, 0.028324 
0.656, 0.0278829 
0.657, 0.0274458 
0.658, 0.0270127 
0.659, 0.0265838 
0.66, 0.0261589 
0.661, 0.0257382 
0.662, 0.0253216 
0.663, 0.0249092 
0.664, 0.024501 
0.665, 0.0240969 
0.666, 0.0236971 
0.667, 0.0233014 
0.668, 0.02291 
0.669, 0.0225229 
0.67, 0.0221399 
0.671, 0.0217613 
0.672, 0.0213869 
0.673, 0.0210168 
0.674, 0.020651 
0.675, 0.0202895 
0.676, 0.0199322 
0.677, 0.0195793 
0.678, 0.0192307 
0.679, 0.0188863 
0.68, 0.0185463 
0.681, 0.0182106 
0.682, 0.0178792 
0.683, 0.0175521 
0.684, 0.0172293 
0.685, 0.0169108 
0.686, 0.0165966 
0.687, 0.0162867 
0.688, 0.0159811 
0.689, 0.0156798 
0.69, 0.0153827 
0.691, 0.01509 
0.692, 0.0148015 
0.693, 0.0145173 
0.694, 0.0142373 
0.695, 0.0139616 
0.696, 0.0136902 
0.697, 0.0134229 
0.698, 0.0131599 
0.699, 0.0129011 
0.7, 0.0126465 
0.701, 0.012396 
0.702, 0.0121498 
0.703, 0.0119077 
0.704, 0.0116698 
0.705, 0.011436 
0.706, 0.0112063 
0.707, 0.0109807 
0.708, 0.0107593 
0.709, 0.0105419 
0.71, 0.0103286 
0.711, 0.0101193 
0.712, 0.00991404 
0.713, 0.00971281 
0.714, 0.00951559 
0.715, 0.00932234 
0.716, 0.00913306 
0.717, 0.00894773 
0.718, 0.00876633 
0.719, 0.00858884 
0.72, 0.00841524 
0.721, 0.00824552 
0.722, 0.00807965 
0.723, 0.00791761 
0.724, 0.00775939 
0.725, 0.00760496 
0.726, 0.00745431 
0.727, 0.00730741 
0.728, 0.00716425 
0.729, 0.00702479 
0.73, 0.00688903 
0.731, 0.00675694 
0.732, 0.0066285 
0.733, 0.00650368 
0.734, 0.00638247 
0.735, 0.00626485 
0.736, 0.00615078 
0.737, 0.00604025 
0.738, 0.00593324 
0.739, 0.00582972 
0.74, 0.00572967 
0.741, 0.00563306 
0.742, 0.00553989 
0.743, 0.00545011 
0.744, 0.00536371 
0.745, 0.00528066 
0.746, 0.00520095 
0.747, 0.00512454 
0.748, 0.00505142 
0.749, 0.00498156 
0.75, 0.00491493 
0.751, 0.00485151 
0.752, 0.00479129 
0.753, 0.00473422 
0.754, 0.0046803 
0.755, 0.00462949 
0.756, 0.00458178 
0.757, 0.00453713 
0.758, 0.00449552 
0.759, 0.00445694 
0.76, 0.00442135 
0.761, 0.00438873 
0.762, 0.00435905 
0.763, 0.0043323 
0.764, 0.00430844 
0.765, 0.00428746 
0.766, 0.00426932 
0.767, 0.00425401 
0.768, 0.00424149 
0.769, 0.00423176 
0.77, 0.00422477 
0.771, 0.00422051 
0.772, 0.00421895 
0.773, 0.00422007 
0.774, 0.00422384 
0.775, 0.00423024 
0.776, 0.00423924 
0.777, 0.00425083 
0.778, 0.00426497 
0.779, 0.00428165 
0.78, 0.00430083 
0.781, 0.00432249 
0.782, 0.00434662 
0.783, 0.00437318 
0.784, 0.00440216 
0.785, 0.00443352 
0.786, 0.00446725 
0.787, 0.00450332 
0.788, 0.00454171 
0.789, 0.00458239 
0.79, 0.00462534 
0.791, 0.00467054 
0.792, 0.00471796 
0.793, 0.00476758 
0.794, 0.00481938 
0.795, 0.00487333 
0.796, 0.00492941 
0.797, 0.0049876 
0.798, 0.00504788 
0.799, 0.00511022 
0.8, 0.00517459 
0.801, 0.00524099 
0.802, 0.00530938 
0.803, 0.00537974 
0.804, 0.00545205 
0.805, 0.00552628 
0.806, 0.00560243 
0.807, 0.00568045 
0.808, 0.00576034 
0.809, 0.00584206 
0.81, 0.00592561 
0.811, 0.00601094 
0.812, 0.00609806 
0.813, 0.00618692 
0.814, 0.00627752 
0.815, 0.00636983 
0.816, 0.00646383 
0.817, 0.00655949 
0.818, 0.0066568 
0.819, 0.00675574 
0.82, 0.00685629 
0.821, 0.00695842 
0.822, 0.00706211 
0.823, 0.00716735 
0.824, 0.00727411 
0.825, 0.00738238 
0.826, 0.00749213 
0.827, 0.00760335 
0.828, 0.00771601 
0.829, 0.00783009 
0.83, 0.00794559 
0.831, 0.00806246 
0.832, 0.0081807 
0.833, 0.00830029 
0.834, 0.00842121 
0.835, 0.00854344 
0.836, 0.00866696 
0.837, 0.00879175 
0.838, 0.00891779 
0.839, 0.00904507 
0.84, 0.00917357 
0.841, 0.00930326 
0.842, 0.00943414 
0.843, 0.00956617 
0.844, 0.00969935 
0.845, 0.00983366 
0.846, 0.00996908 
0.847, 0.0101056 
0.848, 0.0102432 
0.849, 0.0103818 
0.85, 0.0105215 
0.851, 0.0106622 
0.852, 0.0108039 
0.853, 0.0109466 
0.854, 0.0110903 
0.855, 0.0112349 
0.856, 0.0113805 
0.857, 0.011527 
0.858, 0.0116744 
0.859, 0.0118226 
0.86, 0.0119718 
0.861, 0.0121218 
0.862, 0.0122727 
0.863, 0.0124244 
0.864, 0.0125769 
0.865, 0.0127302 
0.866, 0.0128843 
0.867, 0.0130392 
0.868, 0.0131948 
0.869, 0.0133511 
0.87, 0.0135082 
0.871, 0.013666 
0.872, 0.0138245 
0.873, 0.0139836 
0.874, 0.0141434 
0.875, 0.0143039 
0.876, 0.014465 
0.877, 0.0146268 
0.878, 0.0147891 
0.879, 0.0149521 
0.88, 0.0151156 
0.881, 0.0152797 
0.882, 0.0154443 
0.883, 0.0156095 
0.884, 0.0157753 
0.885, 0.0159415 
0.886, 0.0161082 
0.887, 0.0162755 
0.888, 0.0164432 
0.889, 0.0166114 
0.89, 0.01678 
0.891, 0.0169491 
0.892, 0.0171186 
0.893, 0.0172885 
0.894, 0.0174589 
0.895, 0.0176296 
0.896, 0.0178007 
0.897, 0.0179722 
0.898, 0.018144 
0.899, 0.0183162 
0.9, 0.0184887 
0.901, 0.0186616 
0.902, 0.0188347 
0.903, 0.0190082 
0.904, 0.019182 
0.905, 0.019356 
0.906, 0.0195303 
0.907, 0.0197049 
0.908, 0.0198797 
0.909, 0.0200547 
0.91, 0.02023 
0.911, 0.0204055 
0.912, 0.0205813 
0.913, 0.0207572 
0.914, 0.0209333 
0.915, 0.0211096 
0.916, 0.021286 
0.917, 0.0214626 
0.918, 0.0216394 
0.919, 0.0218163 
0.92, 0.0219934 
0.921, 0.0221705 
0.922, 0.0223478 
0.923, 0.0225252 
0.924, 0.0227027 
0.925, 0.0228802 
0.926, 0.0230579 
0.927, 0.0232356 
0.928, 0.0234134 
0.929, 0.0235912 
0.93, 0.0237691 
0.931, 0.023947 
0.932, 0.0241249 
0.933, 0.0243029 
0.934, 0.0244808 
0.935, 0.0246588 
0.936, 0.0248368 
0.937, 0.0250147 
0.938, 0.0251927 
0.939, 0.0253706 
0.94, 0.0255485 
0.941, 0.0257263 
0.942, 0.0259041 
0.943, 0.0260819 
0.944, 0.0262595 
0.945, 0.0264371 
0.946, 0.0266147 
0.947, 0.0267921 
0.948, 0.0269695 
0.949, 0.0271467 
0.95, 0.0273239 
0.951, 0.0275009 
0.952, 0.0276778 
0.953, 0.0278546 
0.954, 0.0280313 
0.955, 0.0282079 
0.956, 0.0283843 
0.957, 0.0285605 
0.958, 0.0287366 
0.959, 0.0289125 
0.96, 0.0290883 
0.961, 0.0292639 
0.962, 0.0294393 
0.963, 0.0296145 
0.964, 0.0297896 
0.965, 0.0299644 
0.966, 0.0301391 
0.967, 0.0303135 
0.968, 0.0304877 
0.969, 0.0306618 
0.97, 0.0308355 
0.971, 0.0310091 
0.972, 0.0311825 
0.973, 0.0313556 
0.974, 0.0315284 
0.975, 0.031701 
0.976, 0.0318734 
0.977, 0.0320455 
0.978, 0.0322173 
0.979, 0.0323889 
0.98, 0.0325602 
0.981, 0.0327313 
0.982, 0.032902 
0.983, 0.0330725 
0.984, 0.0332427 
0.985, 0.0334126 
0.986, 0.0335822 
0.987, 0.0337515 
0.988, 0.0339205 
0.989, 0.0340892 
0.99, 0.0342575 
0.991, 0.0344256 
0.992, 0.0345933 
0.993, 0.0347608 
0.994, 0.0349279 
0.995, 0.0350946 
0.996, 0.035261 
0.997, 0.0354271 
0.998, 0.0355929 
0.999, 0.0357583 
1, 0.0359233 
1.001, 0.036088 
1.002, 0.0362524 
1.003, 0.0364164 
1.004, 0.03658 
1.005, 0.0367433 
1.006, 0.0369062 
1.007, 0.0370687 
1.008, 0.0372308 
1.009, 0.0373926 
1.01, 0.037554 
1.011, 0.037715 
1.012, 0.0378756 
1.013, 0.0380359 
1.014, 0.0381957 
1.015, 0.0383552 
1.016, 0.0385143 
1.017, 0.0386729 
1.018, 0.0388312 
1.019, 0.038989 
1.02, 0.0391465 
1.021, 0.0393035 
1.022, 0.0394602 
1.023, 0.0396164 
1.024, 0.0397722 
1.025, 0.0399276 
1.026, 0.0400825 
1.027, 0.0402371 
1.028, 0.0403912 
1.029, 0.0405449 
1.03, 0.0406982 
1.031, 0.040851 
1.032, 0.0410034 
1.033, 0.0411554 
1.034, 0.0413069 
1.035, 0.041458 
1.036, 0.0416087 
1.037, 0.0417589 
1.038, 0.0419086 
1.039, 0.042058 
1.04, 0.0422069 
1.041, 0.0423553 
1.042, 0.0425033 
1.043, 0.0426508 
1.044, 0.0427979 
1.045, 0.0429445 
1.046, 0.0430907 
1.047, 0.0432364 
1.048, 0.0433817 
1.049, 0.0435265 
1.05, 0.0436708 
1.051, 0.0438147 
1.052, 0.0439581 
1.053, 0.044101 
1.054, 0.0442435 
1.055, 0.0443855 
1.056, 0.0445271 
1.057, 0.0446682 
1.058, 0.0448088 
1.059, 0.0449489 
1.06, 0.0450886 
1.061, 0.0452278 
1.062, 0.0453665 
1.063, 0.0455047 
1.064, 0.0456425 
1.065, 0.0457798 
1.066, 0.0459166 
1.067, 0.0460529 
1.068, 0.0461888 
1.069, 0.0463242 
1.07, 0.0464591 
1.071, 0.0465935 
1.072, 0.0467274 
1.073, 0.0468609 
1.074, 0.0469938 
1.075, 0.0471263 
1.076, 0.0472583 
1.077, 0.0473898 
1.078, 0.0475208 
1.079, 0.0476514 
1.08, 0.0477814 
1.081, 0.047911 
1.082, 0.0480401 
1.083, 0.0481687 
1.084, 0.0482968 
1.085, 0.0484244 
1.086, 0.0485516 
1.087, 0.0486782 
1.088, 0.0488043 
1.089, 0.04893 
1.09, 0.0490552 
1.091, 0.0491799 
1.092, 0.0493041 
1.093, 0.0494278 
1.094, 0.049551 
1.095, 0.0496737 
1.096, 0.0497959 
1.097, 0.0499177 
1.098, 0.0500389 
1.099, 0.0501597 
1.1, 0.05028 
1.101, 0.0503997 
1.102, 0.050519 
1.103, 0.0506378 
1.104, 0.0507561 
1.105, 0.0508739 
1.106, 0.0509913 
1.107, 0.0511081 
1.108, 0.0512244 
1.109, 0.0513403 
1.11, 0.0514557 
1.111, 0.0515705 
1.112, 0.0516849 
1.113, 0.0517988 
1.114, 0.0519122 
1.115, 0.0520251 
1.116, 0.0521375 
1.117, 0.0522495 
1.118, 0.0523609 
1.119, 0.0524719 
1.12, 0.0525823 
1.121, 0.0526923 
1.122, 0.0528018 
1.123, 0.0529108 
1.124, 0.0530193 
1.125, 0.0531274 
1.126, 0.0532349 
1.127, 0.053342 
1.128, 0.0534485 
1.129, 0.0535546 
1.13, 0.0536602 
1.131, 0.0537654 
1.132, 0.05387 
1.133, 0.0539742 
1.134, 0.0540778 
1.135, 0.054181 
1.136, 0.0542837 
1.137, 0.054386 
1.138, 0.0544877 
1.139, 0.054589 
1.14, 0.0546898 
1.141, 0.0547901 
1.142, 0.0548899 
1.143, 0.0549892 
1.144, 0.0550881 
1.145, 0.0551865 
1.146, 0.0552844 
1.147, 0.0553819 
1.148, 0.0554789 
1.149, 0.0555753 
1.15, 0.0556714 
1.151, 0.0557669 
1.152, 0.055862 
1.153, 0.0559566 
1.154, 0.0560507 
1.155, 0.0561444 
1.156, 0.0562376 
1.157, 0.0563303 
1.158, 0.0564226 
1.159, 0.0565144 
1.16, 0.0566057 
1.161, 0.0566966 
1.162, 0.056787 
1.163, 0.0568769 
1.164, 0.0569664 
1.165, 0.0570554 
1.166, 0.0571439 
1.167, 0.057232 
1.168, 0.0573196 
1.169, 0.0574068 
1.17, 0.0574935 
1.171, 0.0575798 
1.172, 0.0576655 
1.173, 0.0577509 
1.174, 0.0578358 
1.175, 0.0579202 
1.176, 0.0580042 
1.177, 0.0580877 
1.178, 0.0581707 
1.179, 0.0582534 
1.18, 0.0583355 
1.181, 0.0584172 
1.182, 0.0584985 
1.183, 0.0585793 
1.184, 0.0586597 
1.185, 0.0587396 
1.186, 0.0588191 
1.187, 0.0588982 
1.188, 0.0589768 
1.189, 0.0590549 
1.19, 0.0591326 
1.191, 0.0592099 
1.192, 0.0592868 
1.193, 0.0593632 
1.194, 0.0594391 
1.195, 0.0595147 
1.196, 0.0595897 
1.197, 0.0596644 
1.198, 0.0597386 
1.199, 0.0598124 
1.2, 0.0598858 
1.201, 0.0599587 
1.202, 0.0600312 
1.203, 0.0601033 
1.204, 0.0601749 
1.205, 0.0602462 
1.206, 0.060317 
1.207, 0.0603873 
1.208, 0.0604573 
1.209, 0.0605268 
1.21, 0.0605959 
1.211, 0.0606646 
1.212, 0.0607329 
1.213, 0.0608007 
1.214, 0.0608681 
1.215, 0.0609352 
1.216, 0.0610018 
1.217, 0.0610679 
1.218, 0.0611337 
1.219, 0.0611991 
1.22, 0.061264 
1.221, 0.0613286 
1.222, 0.0613927 
1.223, 0.0614564 
1.224, 0.0615198 
1.225, 0.0615827 
1.226, 0.0616452 
1.227, 0.0617073 
1.228, 0.061769 
1.229, 0.0618303 
1.23, 0.0618912 
1.231, 0.0619517 
1.232, 0.0620118 
1.233, 0.0620715 
1.234, 0.0621308 
1.235, 0.0621898 
1.236, 0.0622483 
1.237, 0.0623064 
1.238, 0.0623642 
1.239, 0.0624215 
1.24, 0.0624785 
1.241, 0.062535 
1.242, 0.0625912 
1.243, 0.062647 
1.244, 0.0627025 
1.245, 0.0627575 
1.246, 0.0628121 
1.247, 0.0628664 
1.248, 0.0629203 
1.249, 0.0629738 
1.25, 0.063027 
1.251, 0.0630797 
1.252, 0.0631321 
1.253, 0.0631841 
1.254, 0.0632357 
1.255, 0.063287 
1.256, 0.0633379 
1.257, 0.0633884 
1.258, 0.0634385 
1.259, 0.0634883 
1.26, 0.0635377 
1.261, 0.0635868 
1.262, 0.0636354 
1.263, 0.0636838 
1.264, 0.0637317 
1.265, 0.0637793 
1.266, 0.0638265 
1.267, 0.0638734 
1.268, 0.0639199 
1.269, 0.0639661 
1.27, 0.0640119 
1.271, 0.0640573 
1.272, 0.0641024 
1.273, 0.0641472 
1.274, 0.0641916 
1.275, 0.0642356 
1.276, 0.0642793 
1.277, 0.0643226 
1.278, 0.0643656 
1.279, 0.0644083 
1.28, 0.0644506 
1.281, 0.0644925 
1.282, 0.0645342 
1.283, 0.0645754 
1.284, 0.0646164 
1.285, 0.064657 
1.286, 0.0646972 
1.287, 0.0647371 
1.288, 0.0647767 
1.289, 0.064816 
1.29, 0.0648549 
1.291, 0.0648935 
1.292, 0.0649317 
1.293, 0.0649696 
1.294, 0.0650072 
1.295, 0.0650445 
1.296, 0.0650814 
1.297, 0.065118 
1.298, 0.0651543 
1.299, 0.0651903 
1.3, 0.0652259 
1.301, 0.0652612 
1.302, 0.0652962 
1.303, 0.0653309 
1.304, 0.0653652 
1.305, 0.0653993 
1.306, 0.065433 
1.307, 0.0654664 
1.308, 0.0654995 
1.309, 0.0655323 
1.31, 0.0655647 
1.311, 0.0655969 
1.312, 0.0656287 
1.313, 0.0656603 
1.314, 0.0656915 
1.315, 0.0657224 
1.316, 0.065753 
1.317, 0.0657833 
1.318, 0.0658133 
1.319, 0.065843 
1.32, 0.0658724 
1.321, 0.0659015 
1.322, 0.0659304 
1.323, 0.0659589 
1.324, 0.0659871 
1.325, 0.066015 
1.326, 0.0660426 
1.327, 0.0660699 
1.328, 0.0660969 
1.329, 0.0661237 
1.33, 0.0661501 
1.331, 0.0661763 
1.332, 0.0662022 
1.333, 0.0662277 
1.334, 0.066253 
1.335, 0.066278 
1.336, 0.0663028 
1.337, 0.0663272 
1.338, 0.0663514 
1.339, 0.0663752 
1.34, 0.0663988 
1.341, 0.0664222 
1.342, 0.0664452 
1.343, 0.066468 
1.344, 0.0664904 
1.345, 0.0665126 
1.346, 0.0665346 
1.347, 0.0665562 
1.348, 0.0665776 
1.349, 0.0665987 
1.35, 0.0666196 
1.351, 0.0666402 
1.352, 0.0666605 
1.353, 0.0666805 
1.354, 0.0667003 
1.355, 0.0667198 
1.356, 0.0667391 
1.357, 0.066758 
1.358, 0.0667768 
1.359, 0.0667952 
1.36, 0.0668134 
1.361, 0.0668314 
1.362, 0.0668491 
1.363, 0.0668665 
1.364, 0.0668837 
1.365, 0.0669006 
1.366, 0.0669172 
1.367, 0.0669336 
1.368, 0.0669498 
1.369, 0.0669657 
1.37, 0.0669813 
1.371, 0.0669967 
1.372, 0.0670119 
1.373, 0.0670268 
1.374, 0.0670415 
1.375, 0.0670559 
1.376, 0.0670701 
1.377, 0.067084 
1.378, 0.0670977 
1.379, 0.0671111 
1.38, 0.0671243 
1.381, 0.0671373 
1.382, 0.06715 
1.383, 0.0671625 
1.384, 0.0671747 
1.385, 0.0671867 
1.386, 0.0671985 
1.387, 0.06721 
1.388, 0.0672214 
1.389, 0.0672324 
1.39, 0.0672433 
1.391, 0.0672539 
1.392, 0.0672643 
1.393, 0.0672744 
1.394, 0.0672844 
1.395, 0.0672941 
1.396, 0.0673035 
1.397, 0.0673128 
1.398, 0.0673218 
1.399, 0.0673306 
1.4, 0.0673392 
1.401, 0.0673475 
1.402, 0.0673557 
1.403, 0.0673636 
1.404, 0.0673713 
1.405, 0.0673788 
1.406, 0.067386 
1.407, 0.0673931 
1.408, 0.0673999 
1.409, 0.0674065 
1.41, 0.067413 
1.411, 0.0674191 
1.412, 0.0674251 
1.413, 0.0674309 
1.414, 0.0674365 
1.415, 0.0674418 
1.416, 0.0674469 
1.417, 0.0674519 
1.418, 0.0674566 
1.419, 0.0674611 
1.42, 0.0674655 
1.421, 0.0674696 
1.422, 0.0674735 
1.423, 0.0674772 
1.424, 0.0674807 
1.425, 0.067484 
1.426, 0.0674871 
1.427, 0.06749 
1.428, 0.0674927 
1.429, 0.0674953 
1.43, 0.0674976 
1.431, 0.0674997 
1.432, 0.0675016 
1.433, 0.0675034 
1.434, 0.0675049 
1.435, 0.0675062 
1.436, 0.0675074 
1.437, 0.0675084 
1.438, 0.0675091 
1.439, 0.0675097 
1.44, 0.0675101 
1.441, 0.0675103 
1.442, 0.0675104 
1.443, 0.0675102 
1.444, 0.0675099 
1.445, 0.0675093 
1.446, 0.0675086 
1.447, 0.0675077 
1.448, 0.0675067 
1.449, 0.0675054 
1.45, 0.067504 
1.451, 0.0675023 
1.452, 0.0675005 
1.453, 0.0674986 
1.454, 0.0674964 
1.455, 0.0674941 
1.456, 0.0674916 
1.457, 0.0674889 
1.458, 0.0674861 
1.459, 0.067483 
1.46, 0.0674798 
1.461, 0.0674765 
1.462, 0.0674729 
1.463, 0.0674692 
1.464, 0.0674653 
1.465, 0.0674613 
1.466, 0.0674571 
1.467, 0.0674527 
1.468, 0.0674481 
1.469, 0.0674434 
1.47, 0.0674386 
1.471, 0.0674335 
1.472, 0.0674283 
1.473, 0.0674229 
1.474, 0.0674174 
1.475, 0.0674117 
1.476, 0.0674059 
1.477, 0.0673998 
1.478, 0.0673937 
1.479, 0.0673873 
1.48, 0.0673808 
1.481, 0.0673742 
1.482, 0.0673674 
1.483, 0.0673604 
1.484, 0.0673533 
1.485, 0.0673461 
1.486, 0.0673386 
1.487, 0.0673311 
1.488, 0.0673233 
1.489, 0.0673155 
1.49, 0.0673074 
1.491, 0.0672992 
1.492, 0.0672909 
1.493, 0.0672824 
1.494, 0.0672738 
1.495, 0.0672651 
1.496, 0.0672561 
1.497, 0.0672471 
1.498, 0.0672379 
1.499, 0.0672285 
1.5, 0.067219 
1.501, 0.0672094 
1.502, 0.0671996 
1.503, 0.0671897 
1.504, 0.0671796 
1.505, 0.0671694 
1.506, 0.067159 
1.507, 0.0671486 
1.508, 0.0671379 
1.509, 0.0671272 
1.51, 0.0671163 
1.511, 0.0671052 
1.512, 0.0670941 
1.513, 0.0670828 
1.514, 0.0670713 
1.515, 0.0670597 
1.516, 0.067048 
1.517, 0.0670362 
1.518, 0.0670242 
1.519, 0.0670121 
1.52, 0.0669999 
1.521, 0.0669875 
1.522, 0.066975 
1.523, 0.0669624 
1.524, 0.0669496 
1.525, 0.0669367 
1.526, 0.0669237 
1.527, 0.0669106 
1.528, 0.0668973 
1.529, 0.0668839 
1.53, 0.0668704 
1.531, 0.0668568 
1.532, 0.066843 
1.533, 0.0668292 
1.534, 0.0668151 
1.535, 0.066801 
1.536, 0.0667868 
1.537, 0.0667724 
1.538, 0.0667579 
1.539, 0.0667433 
1.54, 0.0667286 
1.541, 0.0667137 
1.542, 0.0666988 
1.543, 0.0666837 
1.544, 0.0666685 
1.545, 0.0666532 
1.546, 0.0666377 
1.547, 0.0666222 
1.548, 0.0666065 
1.549, 0.0665908 
1.55, 0.0665749 
1.551, 0.0665589 
1.552, 0.0665428 
1.553, 0.0665266 
1.554, 0.0665102 
1.555, 0.0664938 
1.556, 0.0664772 
1.557, 0.0664606 
1.558, 0.0664438 
1.559, 0.0664269 
1.56, 0.06641 
1.561, 0.0663929 
1.562, 0.0663757 
1.563, 0.0663584 
1.564, 0.0663409 
1.565, 0.0663234 
1.566, 0.0663058 
1.567, 0.0662881 
1.568, 0.0662703 
1.569, 0.0662523 
1.57, 0.0662343 
1.571, 0.0662162 
1.572, 0.0661979 
1.573, 0.0661796 
1.574, 0.0661612 
1.575, 0.0661426 
1.576, 0.066124 
1.577, 0.0661053 
1.578, 0.0660864 
1.579, 0.0660675 
1.58, 0.0660485 
1.581, 0.0660294 
1.582, 0.0660101 
1.583, 0.0659908 
1.584, 0.0659714 
1.585, 0.0659519 
1.586, 0.0659323 
1.587, 0.0659126 
1.588, 0.0658929 
1.589, 0.065873 
1.59, 0.065853 
1.591, 0.0658329 
1.592, 0.0658128 
1.593, 0.0657926 
1.594, 0.0657722 
1.595, 0.0657518 
1.596, 0.0657313 
1.597, 0.0657107 
1.598, 0.06569 
1.599, 0.0656692 
1.6, 0.0656484 
1.601, 0.0656274 
1.602, 0.0656064 
1.603, 0.0655853 
1.604, 0.065564 
1.605, 0.0655428 
1.606, 0.0655214 
1.607, 0.0654999 
1.608, 0.0654784 
1.609, 0.0654567 
1.61, 0.065435 
1.611, 0.0654132 
1.612, 0.0653914 
1.613, 0.0653694 
1.614, 0.0653474 
1.615, 0.0653252 
1.616, 0.0653031 
1.617, 0.0652808 
1.618, 0.0652584 
1.619, 0.065236 
1.62, 0.0652135 
1.621, 0.0651909 
1.622, 0.0651682 
1.623, 0.0651455 
1.624, 0.0651226 
1.625, 0.0650997 
1.626, 0.0650768 
1.627, 0.0650537 
1.628, 0.0650306 
1.629, 0.0650074 
1.63, 0.0649841 
1.631, 0.0649608 
1.632, 0.0649373 
1.633, 0.0649139 
1.634, 0.0648903 
1.635, 0.0648667 
1.636, 0.0648429 
1.637, 0.0648192 
1.638, 0.0647953 
1.639, 0.0647714 
1.64, 0.0647474 
1.641, 0.0647233 
1.642, 0.0646992 
1.643, 0.064675 
1.644, 0.0646507 
1.645, 0.0646264 
1.646, 0.064602 
1.647, 0.0645775 
1.648, 0.064553 
1.649, 0.0645284 
1.65, 0.0645037 
1.651, 0.064479 
1.652, 0.0644542 
1.653, 0.0644293 
1.654, 0.0644044 
1.655, 0.0643794 
1.656, 0.0643544 
1.657, 0.0643292 
1.658, 0.0643041 
1.659, 0.0642788 
1.66, 0.0642535 
1.661, 0.0642281 
1.662, 0.0642027 
1.663, 0.0641772 
1.664, 0.0641517 
1.665, 0.064126 
1.666, 0.0641004 
1.667, 0.0640746 
1.668, 0.0640488 
1.669, 0.064023 
1.67, 0.0639971 
1.671, 0.0639711 
1.672, 0.0639451 
1.673, 0.063919 
1.674, 0.0638929 
1.675, 0.0638667 
1.676, 0.0638404 
1.677, 0.0638141 
1.678, 0.0637878 
1.679, 0.0637613 
1.68, 0.0637349 
1.681, 0.0637083 
1.682, 0.0636817 
1.683, 0.0636551 
1.684, 0.0636284 
1.685, 0.0636017 
1.686, 0.0635749 
1.687, 0.063548 
1.688, 0.0635211 
1.689, 0.0634942 
1.69, 0.0634672 
1.691, 0.0634401 
1.692, 0.063413 
1.693, 0.0633858 
1.694, 0.0633586 
1.695, 0.0633314 
1.696, 0.0633041 
1.697, 0.0632767 
1.698, 0.0632493 
1.699, 0.0632218 
1.7, 0.0631943 
1.701, 0.0631668 
1.702, 0.0631392 
1.703, 0.0631115 
1.704, 0.0630838 
1.705, 0.0630561 
1.706, 0.0630283 
1.707, 0.0630005 
1.708, 0.0629726 
1.709, 0.0629447 
1.71, 0.0629167 
1.711, 0.0628887 
1.712, 0.0628606 
1.713, 0.0628325 
1.714, 0.0628044 
1.715, 0.0627762 
1.716, 0.0627479 
1.717, 0.0627197 
1.718, 0.0626913 
1.719, 0.062663 
1.72, 0.0626346 
1.721, 0.0626061 
1.722, 0.0625776 
1.723, 0.0625491 
1.724, 0.0625205 
1.725, 0.0624919 
1.726, 0.0624632 
1.727, 0.0624345 
1.728, 0.0624058 
1.729, 0.062377 
1.73, 0.0623482 
1.731, 0.0623194 
1.732, 0.0622905 
1.733, 0.0622615 
1.734, 0.0622326 
1.735, 0.0622036 
1.736, 0.0621745 
1.737, 0.0621454 
1.738, 0.0621163 
1.739, 0.0620872 
1.74, 0.062058 
1.741, 0.0620287 
1.742, 0.0619995 
1.743, 0.0619702 
1.744, 0.0619408 
1.745, 0.0619115 
1.746, 0.061882 
1.747, 0.0618526 
1.748, 0.0618231 
1.749, 0.0617936 
1.75, 0.0617641 
1.751, 0.0617345 
1.752, 0.0617049 
1.753, 0.0616752 
1.754, 0.0616455 
1.755, 0.0616158 
1.756, 0.0615861 
1.757, 0.0615563 
1.758, 0.0615265 
1.759, 0.0614967 
1.76, 0.0614668 
1.761, 0.0614369 
1.762, 0.061407 
1.763, 0.061377 
1.764, 0.061347 
1.765, 0.061317 
1.766, 0.0612869 
1.767, 0.0612568 
1.768, 0.0612267 
1.769, 0.0611966 
1.77, 0.0611664 
1.771, 0.0611362 
1.772, 0.061106 
1.773, 0.0610757 
1.774, 0.0610454 
1.775, 0.0610151 
1.776, 0.0609848 
1.777, 0.0609544 
1.778, 0.060924 
1.779, 0.0608936 
1.78, 0.0608631 
1.781, 0.0608326 
1.782, 0.0608021 
1.783, 0.0607716 
1.784, 0.060741 
1.785, 0.0607105 
1.786, 0.0606799 
1.787, 0.0606492 
1.788, 0.0606186 
1.789, 0.0605879 
1.79, 0.0605572 
1.791, 0.0605264 
1.792, 0.0604957 
1.793, 0.0604649 
1.794, 0.0604341 
1.795, 0.0604033 
1.796, 0.0603724 
1.797, 0.0603416 
1.798, 0.0603107 
1.799, 0.0602797 
1.8, 0.0602488 
1.801, 0.0602178 
1.802, 0.0601869 
1.803, 0.0601559 
1.804, 0.0601248 
1.805, 0.0600938 
1.806, 0.0600627 
1.807, 0.0600316 
1.808, 0.0600005 
1.809, 0.0599694 
1.81, 0.0599382 
1.811, 0.059907 
1.812, 0.0598759 
1.813, 0.0598446 
1.814, 0.0598134 
1.815, 0.0597822 
1.816, 0.0597509 
1.817, 0.0597196 
1.818, 0.0596883 
1.819, 0.059657 
1.82, 0.0596256 
1.821, 0.0595943 
1.822, 0.0595629 
1.823, 0.0595315 
1.824, 0.0595001 
1.825, 0.0594686 
1.826, 0.0594372 
1.827, 0.0594057 
1.828, 0.0593742 
1.829, 0.0593427 
1.83, 0.0593112 
1.831, 0.0592797 
1.832, 0.0592481 
1.833, 0.0592165 
1.834, 0.059185 
1.835, 0.0591534 
1.836, 0.0591218 
1.837, 0.0590901 
1.838, 0.0590585 
1.839, 0.0590268 
1.84, 0.0589952 
1.841, 0.0589635 
1.842, 0.0589318 
1.843, 0.0589 
1.844, 0.0588683 
1.845, 0.0588366 
1.846, 0.0588048 
1.847, 0.058773 
1.848, 0.0587413 
1.849, 0.0587095 
1.85, 0.0586776 
1.851, 0.0586458 
1.852, 0.058614 
1.853, 0.0585821 
1.854, 0.0585503 
1.855, 0.0585184 
1.856, 0.0584865 
1.857, 0.0584546 
1.858, 0.0584227 
1.859, 0.0583908 
1.86, 0.0583589 
1.861, 0.0583269 
1.862, 0.058295 
1.863, 0.058263 
1.864, 0.058231 
1.865, 0.058199 
1.866, 0.058167 
1.867, 0.058135 
1.868, 0.058103 
1.869, 0.058071 
1.87, 0.058039 
1.871, 0.0580069 
1.872, 0.0579749 
1.873, 0.0579428 
1.874, 0.0579107 
1.875, 0.0578786 
1.876, 0.0578465 
1.877, 0.0578144 
1.878, 0.0577823 
1.879, 0.0577502 
1.88, 0.0577181 
1.881, 0.057686 
1.882, 0.0576538 
1.883, 0.0576217 
1.884, 0.0575895 
1.885, 0.0575573 
1.886, 0.0575252 
1.887, 0.057493 
1.888, 0.0574608 
1.889, 0.0574286 
1.89, 0.0573964 
1.891, 0.0573642 
1.892, 0.057332 
1.893, 0.0572998 
1.894, 0.0572676 
1.895, 0.0572353 
1.896, 0.0572031 
1.897, 0.0571708 
1.898, 0.0571386 
1.899, 0.0571063 
1.9, 0.0570741 
1.901, 0.0570418 
1.902, 0.0570095 
1.903, 0.0569773 
1.904, 0.056945 
1.905, 0.0569127 
1.906, 0.0568804 
1.907, 0.0568481 
1.908, 0.0568158 
1.909, 0.0567835 
1.91, 0.0567512 
1.911, 0.0567189 
1.912, 0.0566866 
1.913, 0.0566542 
1.914, 0.0566219 
1.915, 0.0565896 
1.916, 0.0565573 
1.917, 0.0565249 
1.918, 0.0564926 
1.919, 0.0564603 
1.92, 0.0564279 
1.921, 0.0563956 
1.922, 0.0563632 
1.923, 0.0563309 
1.924, 0.0562985 
1.925, 0.0562662 
1.926, 0.0562338 
1.927, 0.0562014 
1.928, 0.0561691 
1.929, 0.0561367 
1.93, 0.0561043 
1.931, 0.056072 
1.932, 0.0560396 
1.933, 0.0560072 
1.934, 0.0559749 
1.935, 0.0559425 
1.936, 0.0559101 
1.937, 0.0558778 
1.938, 0.0558454 
1.939, 0.055813 
1.94, 0.0557806 
1.941, 0.0557483 
1.942, 0.0557159 
1.943, 0.0556835 
1.944, 0.0556511 
1.945, 0.0556187 
1.946, 0.0555864 
1.947, 0.055554 
1.948, 0.0555216 
1.949, 0.0554892 
1.95, 0.0554569 
1.951, 0.0554245 
1.952, 0.0553921 
1.953, 0.0553597 
1.954, 0.0553274 
1.955, 0.055295 
1.956, 0.0552626 
1.957, 0.0552303 
1.958, 0.0551979 
1.959, 0.0551655 
1.96, 0.0551332 
1.961, 0.0551008 
1.962, 0.0550684 
1.963, 0.0550361 
1.964, 0.0550037 
1.965, 0.0549714 
1.966, 0.054939 
1.967, 0.0549067 
1.968, 0.0548743 
1.969, 0.054842 
1.97, 0.0548096 
1.971, 0.0547773 
1.972, 0.0547449 
1.973, 0.0547126 
1.974, 0.0546803 
1.975, 0.0546479 
1.976, 0.0546156 
1.977, 0.0545833 
1.978, 0.054551 
1.979, 0.0545187 
1.98, 0.0544863 
1.981, 0.054454 
1.982, 0.0544217 
1.983, 0.0543894 
1.984, 0.0543571 
1.985, 0.0543248 
1.986, 0.0542925 
1.987, 0.0542602 
1.988, 0.054228 
1.989, 0.0541957 
1.99, 0.0541634 
1.991, 0.0541311 
1.992, 0.0540989 
1.993, 0.0540666 
1.994, 0.0540344 
1.995, 0.0540021 
1.996, 0.0539699 
1.997, 0.0539376 
1.998, 0.0539054 
1.999, 0.0538732 
2, 0.0538409 
2.001, 0.0538087 
2.002, 0.0537765 
2.003, 0.0537443 
2.004, 0.0537121 
2.005, 0.0536799 
2.006, 0.0536477 
2.007, 0.0536155 
2.008, 0.0535833 
2.009, 0.0535512 
2.01, 0.053519 
2.011, 0.0534868 
2.012, 0.0534547 
2.013, 0.0534225 
2.014, 0.0533904 
2.015, 0.0533582 
2.016, 0.0533261 
2.017, 0.053294 
2.018, 0.0532619 
2.019, 0.0532298 
2.02, 0.0531977 
2.021, 0.0531656 
2.022, 0.0531335 
2.023, 0.0531014 
2.024, 0.0530693 
2.025, 0.0530372 
2.026, 0.0530052 
2.027, 0.0529731 
2.028, 0.0529411 
2.029, 0.052909 
2.03, 0.052877 
2.031, 0.052845 
2.032, 0.052813 
2.033, 0.052781 
2.034, 0.052749 
2.035, 0.052717 
2.036, 0.052685 
2.037, 0.052653 
2.038, 0.052621 
2.039, 0.0525891 
2.04, 0.0525571 
2.041, 0.0525252 
2.042, 0.0524932 
2.043, 0.0524613 
2.044, 0.0524294 
2.045, 0.0523975 
2.046, 0.0523656 
2.047, 0.0523337 
2.048, 0.0523018 
2.049, 0.0522699 
2.05, 0.0522381 
2.051, 0.0522062 
2.052, 0.0521743 
2.053, 0.0521425 
2.054, 0.0521107 
2.055, 0.0520788 
2.056, 0.052047 
2.057, 0.0520152 
2.058, 0.0519834 
2.059, 0.0519517 
2.06, 0.0519199 
2.061, 0.0518881 
2.062, 0.0518564 
2.063, 0.0518246 
2.064, 0.0517929 
2.065, 0.0517611 
2.066, 0.0517294 
2.067, 0.0516977 
2.068, 0.051666 
2.069, 0.0516343 
2.07, 0.0516027 
2.071, 0.051571 
2.072, 0.0515393 
2.073, 0.0515077 
2.074, 0.0514761 
2.075, 0.0514444 
2.076, 0.0514128 
2.077, 0.0513812 
2.078, 0.0513496 
2.079, 0.051318 
2.08, 0.0512865 
2.081, 0.0512549 
2.082, 0.0512234 
2.083, 0.0511918 
2.084, 0.0511603 
2.085, 0.0511288 
2.086, 0.0510973 
2.087, 0.0510658 
2.088, 0.0510343 
2.089, 0.0510028 
2.09, 0.0509713 
2.091, 0.0509399 
2.092, 0.0509084 
2.093, 0.050877 
2.094, 0.0508456 
2.095, 0.0508142 
2.096, 0.0507828 
2.097, 0.0507514 
2.098, 0.05072 
2.099, 0.0506887 
2.1, 0.0506573 
2.101, 0.050626 
2.102, 0.0505947 
2.103, 0.0505634 
2.104, 0.0505321 
2.105, 0.0505008 
2.106, 0.0504695 
2.107, 0.0504382 
2.108, 0.050407 
2.109, 0.0503757 
2.11, 0.0503445 
2.111, 0.0503133 
2.112, 0.0502821 
2.113, 0.0502509 
2.114, 0.0502197 
2.115, 0.0501885 
2.116, 0.0501574 
2.117, 0.0501262 
2.118, 0.0500951 
2.119, 0.050064 
2.12, 0.0500329 
2.121, 0.0500018 
2.122, 0.0499707 
2.123, 0.0499396 
2.124, 0.0499086 
2.125, 0.0498775 
2.126, 0.0498465 
2.127, 0.0498155 
2.128, 0.0497845 
2.129, 0.0497535 
2.13, 0.0497225 
2.131, 0.0496916 
2.132, 0.0496606 
2.133, 0.0496297 
2.134, 0.0495987 
2.135, 0.0495678 
2.136, 0.0495369 
2.137, 0.0495061 
2.138, 0.0494752 
2.139, 0.0494443 
2.14, 0.0494135 
2.141, 0.0493826 
2.142, 0.0493518 
2.143, 0.049321 
2.144, 0.0492902 
2.145, 0.0492595 
2.146, 0.0492287 
2.147, 0.0491979 
2.148, 0.0491672 
2.149, 0.0491365 
2.15, 0.0491058 
2.151, 0.0490751 
2.152, 0.0490444 
2.153, 0.0490137 
2.154, 0.0489831 
2.155, 0.0489524 
2.156, 0.0489218 
2.157, 0.0488912 
2.158, 0.0488606 
2.159, 0.04883 
2.16, 0.0487995 
2.161, 0.0487689 
2.162, 0.0487384 
2.163, 0.0487078 
2.164, 0.0486773 
2.165, 0.0486468 
2.166, 0.0486163 
2.167, 0.0485859 
2.168, 0.0485554 
2.169, 0.048525 
2.17, 0.0484946 
2.171, 0.0484641 
2.172, 0.0484337 
2.173, 0.0484034 
2.174, 0.048373 
2.175, 0.0483426 
2.176, 0.0483123 
2.177, 0.048282 
2.178, 0.0482517 
2.179, 0.0482214 
2.18, 0.0481911 
2.181, 0.0481608 
2.182, 0.0481306 
2.183, 0.0481004 
2.184, 0.0480701 
2.185, 0.0480399 
2.186, 0.0480097 
2.187, 0.0479796 
2.188, 0.0479494 
2.189, 0.0479193 
2.19, 0.0478891 
2.191, 0.047859 
2.192, 0.0478289 
2.193, 0.0477988 
2.194, 0.0477688 
2.195, 0.0477387 
2.196, 0.0477087 
2.197, 0.0476786 
2.198, 0.0476486 
2.199, 0.0476186 
2.2, 0.0475887 
2.201, 0.0475587 
2.202, 0.0475288 
2.203, 0.0474988 
2.204, 0.0474689 
2.205, 0.047439 
2.206, 0.0474091 
2.207, 0.0473793 
2.208, 0.0473494 
2.209, 0.0473196 
2.21, 0.0472897 
2.211, 0.0472599 
2.212, 0.0472301 
2.213, 0.0472004 
2.214, 0.0471706 
2.215, 0.0471409 
2.216, 0.0471111 
2.217, 0.0470814 
2.218, 0.0470517 
2.219, 0.047022 
2.22, 0.0469924 
2.221, 0.0469627 
2.222, 0.0469331 
2.223, 0.0469035 
2.224, 0.0468739 
2.225, 0.0468443 
2.226, 0.0468147 
2.227, 0.0467852 
2.228, 0.0467556 
2.229, 0.0467261 
2.23, 0.0466966 
2.231, 0.0466671 
2.232, 0.0466376 
2.233, 0.0466082 
2.234, 0.0465787 
2.235, 0.0465493 
2.236, 0.0465199 
2.237, 0.0464905 
2.238, 0.0464611 
2.239, 0.0464318 
2.24, 0.0464024 
2.241, 0.0463731 
2.242, 0.0463438 
2.243, 0.0463145 
2.244, 0.0462852 
2.245, 0.0462559 
2.246, 0.0462267 
2.247, 0.0461975 
2.248, 0.0461682 
2.249, 0.0461391 
2.25, 0.0461099 
2.251, 0.0460807 
2.252, 0.0460516 
2.253, 0.0460224 
2.254, 0.0459933 
2.255, 0.0459642 
2.256, 0.0459351 
2.257, 0.0459061 
2.258, 0.045877 
2.259, 0.045848 
2.26, 0.045819 
2.261, 0.04579 
2.262, 0.045761 
2.263, 0.045732 
2.264, 0.0457031 
2.265, 0.0456741 
2.266, 0.0456452 
2.267, 0.0456163 
2.268, 0.0455874 
2.269, 0.0455586 
2.27, 0.0455297 
2.271, 0.0455009 
2.272, 0.0454721 
2.273, 0.0454433 
2.274, 0.0454145 
2.275, 0.0453857 
2.276, 0.045357 
2.277, 0.0453282 
2.278, 0.0452995 
2.279, 0.0452708 
2.28, 0.0452422 
2.281, 0.0452135 
2.282, 0.0451848 
2.283, 0.0451562 
2.284, 0.0451276 
2.285, 0.045099 
2.286, 0.0450704 
2.287, 0.0450419 
2.288, 0.0450133 
2.289, 0.0449848 
2.29, 0.0449563 
2.291, 0.0449278 
2.292, 0.0448993 
2.293, 0.0448708 
2.294, 0.0448424 
2.295, 0.044814 
2.296, 0.0447856 
2.297, 0.0447572 
2.298, 0.0447288 
2.299, 0.0447004 
2.3, 0.0446721 
2.301, 0.0446438 
2.302, 0.0446155 
2.303, 0.0445872 
2.304, 0.0445589 
2.305, 0.0445307 
2.306, 0.0445024 
2.307, 0.0444742 
2.308, 0.044446 
2.309, 0.0444178 
2.31, 0.0443896 
2.311, 0.0443615 
2.312, 0.0443334 
2.313, 0.0443052 
2.314, 0.0442771 
2.315, 0.0442491 
2.316, 0.044221 
2.317, 0.0441929 
2.318, 0.0441649 
2.319, 0.0441369 
2.32, 0.0441089 
2.321, 0.0440809 
2.322, 0.044053 
2.323, 0.044025 
2.324, 0.0439971 
2.325, 0.0439692 
2.326, 0.0439413 
2.327, 0.0439134 
2.328, 0.0438856 
2.329, 0.0438577 
2.33, 0.0438299 
2.331, 0.0438021 
2.332, 0.0437743 
2.333, 0.0437466 
2.334, 0.0437188 
2.335, 0.0436911 
2.336, 0.0436634 
2.337, 0.0436357 
2.338, 0.043608 
2.339, 0.0435803 
2.34, 0.0435527 
2.341, 0.043525 
2.342, 0.0434974 
2.343, 0.0434698 
2.344, 0.0434423 
2.345, 0.0434147 
2.346, 0.0433872 
2.347, 0.0433596 
2.348, 0.0433321 
2.349, 0.0433046 
2.35, 0.0432772 
2.351, 0.0432497 
2.352, 0.0432223 
2.353, 0.0431949 
2.354, 0.0431675 
2.355, 0.0431401 
2.356, 0.0431127 
2.357, 0.0430854 
2.358, 0.043058 
2.359, 0.0430307 
2.36, 0.0430034 
2.361, 0.0429762 
2.362, 0.0429489 
2.363, 0.0429216 
2.364, 0.0428944 
2.365, 0.0428672 
2.366, 0.04284 
2.367, 0.0428129 
2.368, 0.0427857 
2.369, 0.0427586 
2.37, 0.0427315 
2.371, 0.0427043 
2.372, 0.0426773 
2.373, 0.0426502 
2.374, 0.0426232 
2.375, 0.0425961 
2.376, 0.0425691 
2.377, 0.0425421 
2.378, 0.0425151 
2.379, 0.0424882 
2.38, 0.0424612 
2.381, 0.0424343 
2.382, 0.0424074 
2.383, 0.0423805 
2.384, 0.0423537 
2.385, 0.0423268 
2.386, 0.0423 
2.387, 0.0422731 
2.388, 0.0422464 
2.389, 0.0422196 
2.39, 0.0421928 
2.391, 0.0421661 
2.392, 0.0421393 
2.393, 0.0421126 
2.394, 0.0420859 
2.395, 0.0420593 
2.396, 0.0420326 
2.397, 0.042006 
2.398, 0.0419793 
2.399, 0.0419527 
2.4, 0.0419261 
2.401, 0.0418996 
2.402, 0.041873 
2.403, 0.0418465 
2.404, 0.04182 
2.405, 0.0417935 
2.406, 0.041767 
2.407, 0.0417405 
2.408, 0.0417141 
2.409, 0.0416877 
2.41, 0.0416613 
2.411, 0.0416349 
2.412, 0.0416085 
2.413, 0.0415821 
2.414, 0.0415558 
2.415, 0.0415295 
2.416, 0.0415032 
2.417, 0.0414769 
2.418, 0.0414506 
2.419, 0.0414244 
2.42, 0.0413982 
2.421, 0.0413719 
2.422, 0.0413457 
2.423, 0.0413196 
2.424, 0.0412934 
2.425, 0.0412673 
2.426, 0.0412411 
2.427, 0.041215 
2.428, 0.0411889 
2.429, 0.0411629 
2.43, 0.0411368 
2.431, 0.0411108 
2.432, 0.0410848 
2.433, 0.0410588 
2.434, 0.0410328 
2.435, 0.0410068 
2.436, 0.0409809 
2.437, 0.040955 
2.438, 0.040929 
2.439, 0.0409032 
2.44, 0.0408773 
2.441, 0.0408514 
2.442, 0.0408256 
2.443, 0.0407998 
2.444, 0.040774 
2.445, 0.0407482 
2.446, 0.0407224 
2.447, 0.0406967 
2.448, 0.0406709 
2.449, 0.0406452 
2.45, 0.0406195 
2.451, 0.0405938 
2.452, 0.0405682 
2.453, 0.0405425 
2.454, 0.0405169 
2.455, 0.0404913 
2.456, 0.0404657 
2.457, 0.0404401 
2.458, 0.0404146 
2.459, 0.040389 
2.46, 0.0403635 
2.461, 0.040338 
2.462, 0.0403125 
2.463, 0.0402871 
2.464, 0.0402616 
2.465, 0.0402362 
2.466, 0.0402108 
2.467, 0.0401854 
2.468, 0.04016 
2.469, 0.0401346 
2.47, 0.0401093 
2.471, 0.040084 
2.472, 0.0400587 
2.473, 0.0400334 
2.474, 0.0400081 
2.475, 0.0399829 
2.476, 0.0399576 
2.477, 0.0399324 
2.478, 0.0399072 
2.479, 0.039882 
2.48, 0.0398569 
2.481, 0.0398317 
2.482, 0.0398066 
2.483, 0.0397815 
2.484, 0.0397564 
2.485, 0.0397313 
2.486, 0.0397062 
2.487, 0.0396812 
2.488, 0.0396562 
2.489, 0.0396312 
2.49, 0.0396062 
2.491, 0.0395812 
2.492, 0.0395563 
2.493, 0.0395313 
2.494, 0.0395064 
2.495, 0.0394815 
2.496, 0.0394566 
2.497, 0.0394318 
2.498, 0.0394069 
2.499, 0.0393821 
2.5, 0.0393573 
2.501, 0.0393325 
2.502, 0.0393077 
2.503, 0.039283 
2.504, 0.0392582 
2.505, 0.0392335 
2.506, 0.0392088 
2.507, 0.0391841 
2.508, 0.0391594 
2.509, 0.0391348 
2.51, 0.0391101 
2.511, 0.0390855 
2.512, 0.0390609 
2.513, 0.0390364 
2.514, 0.0390118 
2.515, 0.0389872 
2.516, 0.0389627 
2.517, 0.0389382 
2.518, 0.0389137 
2.519, 0.0388892 
2.52, 0.0388648 
2.521, 0.0388403 
2.522, 0.0388159 
2.523, 0.0387915 
2.524, 0.0387671 
2.525, 0.0387427 
2.526, 0.0387184 
2.527, 0.038694 
2.528, 0.0386697 
2.529, 0.0386454 
2.53, 0.0386211 
2.531, 0.0385969 
2.532, 0.0385726 
2.533, 0.0385484 
2.534, 0.0385242 
2.535, 0.0385 
2.536, 0.0384758 
2.537, 0.0384516 
2.538, 0.0384275 
2.539, 0.0384034 
2.54, 0.0383793 
2.541, 0.0383552 
2.542, 0.0383311 
2.543, 0.038307 
2.544, 0.038283 
2.545, 0.038259 
2.546, 0.038235 
2.547, 0.038211 
2.548, 0.038187 
2.549, 0.0381631 
2.55, 0.0381391 
2.551, 0.0381152 
2.552, 0.0380913 
2.553, 0.0380674 
2.554, 0.0380436 
2.555, 0.0380197 
2.556, 0.0379959 
2.557, 0.0379721 
2.558, 0.0379483 
2.559, 0.0379245 
2.56, 0.0379007 
2.561, 0.037877 
2.562, 0.0378533 
2.563, 0.0378296 
2.564, 0.0378059 
2.565, 0.0377822 
2.566, 0.0377585 
2.567, 0.0377349 
2.568, 0.0377113 
2.569, 0.0376877 
2.57, 0.0376641 
2.571, 0.0376405 
2.572, 0.0376169 
2.573, 0.0375934 
2.574, 0.0375699 
2.575, 0.0375464 
2.576, 0.0375229 
2.577, 0.0374994 
2.578, 0.037476 
2.579, 0.0374526 
2.58, 0.0374291 
2.581, 0.0374057 
2.582, 0.0373824 
2.583, 0.037359 
2.584, 0.0373356 
2.585, 0.0373123 
2.586, 0.037289 
2.587, 0.0372657 
2.588, 0.0372424 
2.589, 0.0372192 
2.59, 0.0371959 
2.591, 0.0371727 
2.592, 0.0371495 
2.593, 0.0371263 
2.594, 0.0371031 
2.595, 0.03708 
2.596, 0.0370568 
2.597, 0.0370337 
2.598, 0.0370106 
2.599, 0.0369875 
2.6, 0.0369644 
2.601, 0.0369414 
2.602, 0.0369183 
2.603, 0.0368953 
2.604, 0.0368723 
2.605, 0.0368493 
2.606, 0.0368263 
2.607, 0.0368034 
2.608, 0.0367804 
2.609, 0.0367575 
2.61, 0.0367346 
2.611, 0.0367117 
2.612, 0.0366888 
2.613, 0.036666 
2.614, 0.0366432 
2.615, 0.0366203 
2.616, 0.0365975 
2.617, 0.0365748 
2.618, 0.036552 
2.619, 0.0365292 
2.62, 0.0365065 
2.621, 0.0364838 
2.622, 0.0364611 
2.623, 0.0364384 
2.624, 0.0364157 
2.625, 0.0363931 
2.626, 0.0363704 
2.627, 0.0363478 
2.628, 0.0363252 
2.629, 0.0363026 
2.63, 0.0362801 
2.631, 0.0362575 
2.632, 0.036235 
2.633, 0.0362125 
2.634, 0.03619 
2.635, 0.0361675 
2.636, 0.036145 
2.637, 0.0361226 
2.638, 0.0361002 
2.639, 0.0360777 
2.64, 0.0360553 
2.641, 0.036033 
2.642, 0.0360106 
2.643, 0.0359882 
2.644, 0.0359659 
2.645, 0.0359436 
2.646, 0.0359213 
2.647, 0.035899 
2.648, 0.0358768 
2.649, 0.0358545 
2.65, 0.0358323 
2.651, 0.0358101 
2.652, 0.0357879 
2.653, 0.0357657 
2.654, 0.0357435 
2.655, 0.0357214 
2.656, 0.0356992 
2.657, 0.0356771 
2.658, 0.035655 
2.659, 0.0356329 
2.66, 0.0356109 
2.661, 0.0355888 
2.662, 0.0355668 
2.663, 0.0355448 
2.664, 0.0355228 
2.665, 0.0355008 
2.666, 0.0354788 
2.667, 0.0354569 
2.668, 0.0354349 
2.669, 0.035413 
2.67, 0.0353911 
2.671, 0.0353692 
2.672, 0.0353474 
2.673, 0.0353255 
2.674, 0.0353037 
2.675, 0.0352819 
2.676, 0.0352601 
2.677, 0.0352383 
2.678, 0.0352165 
2.679, 0.0351948 
2.68, 0.035173 
2.681, 0.0351513 
2.682, 0.0351296 
2.683, 0.0351079 
2.684, 0.0350862 
2.685, 0.0350646 
2.686, 0.0350429 
2.687, 0.0350213 
2.688, 0.0349997 
2.689, 0.0349781 
2.69, 0.0349566 
2.691, 0.034935 
2.692, 0.0349135 
2.693, 0.0348919 
2.694, 0.0348704 
2.695, 0.0348489 
2.696, 0.0348275 
2.697, 0.034806 
2.698, 0.0347846 
2.699, 0.0347631 
2.7, 0.0347417 
2.701, 0.0347203 
2.702, 0.0346989 
2.703, 0.0346776 
2.704, 0.0346562 
2.705, 0.0346349 
2.706, 0.0346136 
2.707, 0.0345923 
2.708, 0.034571 
2.709, 0.0345497 
2.71, 0.0345285 
2.711, 0.0345073 
2.712, 0.034486 
2.713, 0.0344648 
2.714, 0.0344437 
2.715, 0.0344225 
2.716, 0.0344013 
2.717, 0.0343802 
2.718, 0.0343591 
2.719, 0.034338 
2.72, 0.0343169 
2.721, 0.0342958 
2.722, 0.0342748 
2.723, 0.0342537 
2.724, 0.0342327 
2.725, 0.0342117 
2.726, 0.0341907 
2.727, 0.0341697 
2.728, 0.0341488 
2.729, 0.0341278 
2.73, 0.0341069 
2.731, 0.034086 
2.732, 0.0340651 
2.733, 0.0340442 
2.734, 0.0340233 
2.735, 0.0340025 
2.736, 0.0339816 
2.737, 0.0339608 
2.738, 0.03394 
2.739, 0.0339192 
2.74, 0.0338985 
2.741, 0.0338777 
2.742, 0.033857 
2.743, 0.0338362 
2.744, 0.0338155 
2.745, 0.0337948 
2.746, 0.0337742 
2.747, 0.0337535 
2.748, 0.0337329 
2.749, 0.0337122 
2.75, 0.0336916 
2.751, 0.033671 
2.752, 0.0336504 
2.753, 0.0336299 
2.754, 0.0336093 
2.755, 0.0335888 
2.756, 0.0335683 
2.757, 0.0335478 
2.758, 0.0335273 
2.759, 0.0335068 
2.76, 0.0334863 
2.761, 0.0334659 
2.762, 0.0334455 
2.763, 0.0334251 
2.764, 0.0334047 
2.765, 0.0333843 
2.766, 0.0333639 
2.767, 0.0333436 
2.768, 0.0333232 
2.769, 0.0333029 
2.77, 0.0332826 
2.771, 0.0332623 
2.772, 0.0332421 
2.773, 0.0332218 
2.774, 0.0332016 
2.775, 0.0331813 
2.776, 0.0331611 
2.777, 0.0331409 
2.778, 0.0331208 
2.779, 0.0331006 
2.78, 0.0330805 
2.781, 0.0330603 
2.782, 0.0330402 
2.783, 0.0330201 
2.784, 0.033 
2.785, 0.03298 
2.786, 0.0329599 
2.787, 0.0329399 
2.788, 0.0329198 
2.789, 0.0328998 
2.79, 0.0328798 
2.791, 0.0328599 
2.792, 0.0328399 
2.793, 0.0328199 
2.794, 0.0328 
2.795, 0.0327801 
2.796, 0.0327602 
2.797, 0.0327403 
2.798, 0.0327204 
2.799, 0.0327006 
2.8, 0.0326807 
2.801, 0.0326609 
2.802, 0.0326411 
2.803, 0.0326213 
2.804, 0.0326015 
2.805, 0.0325818 
2.806, 0.032562 
2.807, 0.0325423 
2.808, 0.0325225 
2.809, 0.0325028 
2.81, 0.0324832 
2.811, 0.0324635 
2.812, 0.0324438 
2.813, 0.0324242 
2.814, 0.0324045 
2.815, 0.0323849 
2.816, 0.0323653 
2.817, 0.0323457 
2.818, 0.0323262 
2.819, 0.0323066 
2.82, 0.0322871 
2.821, 0.0322676 
2.822, 0.0322481 
2.823, 0.0322286 
2.824, 0.0322091 
2.825, 0.0321896 
2.826, 0.0321702 
2.827, 0.0321507 
2.828, 0.0321313 
2.829, 0.0321119 
2.83, 0.0320925 
2.831, 0.0320731 
2.832, 0.0320538 
2.833, 0.0320344 
2.834, 0.0320151 
2.835, 0.0319958 
2.836, 0.0319765 
2.837, 0.0319572 
2.838, 0.0319379 
2.839, 0.0319187 
2.84, 0.0318994 
2.841, 0.0318802 
2.842, 0.031861 
2.843, 0.0318418 
2.844, 0.0318226 
2.845, 0.0318034 
2.846, 0.0317843 
2.847, 0.0317651 
2.848, 0.031746 
2.849, 0.0317269 
2.85, 0.0317078 
2.851, 0.0316887 
2.852, 0.0316697 
2.853, 0.0316506 
2.854, 0.0316316 
2.855, 0.0316126 
2.856, 0.0315936 
2.857, 0.0315746 
2.858, 0.0315556 
2.859, 0.0315366 
2.86, 0.0315177 
2.861, 0.0314987 
2.862, 0.0314798 
2.863, 0.0314609 
2.864, 0.031442 
2.865, 0.0314232 
2.866, 0.0314043 
2.867, 0.0313854 
2.868, 0.0313666 
2.869, 0.0313478 
2.87, 0.031329 
2.871, 0.0313102 
2.872, 0.0312914 
2.873, 0.0312727 
2.874, 0.0312539 
2.875, 0.0312352 
2.876, 0.0312165 
2.877, 0.0311978 
2.878, 0.0311791 
2.879, 0.0311604 
2.88, 0.0311418 
2.881, 0.0311231 
2.882, 0.0311045 
2.883, 0.0310859 
2.884, 0.0310673 
2.885, 0.0310487 
2.886, 0.0310301 
2.887, 0.0310115 
2.888, 0.030993 
2.889, 0.0309745 
2.89, 0.0309559 
2.891, 0.0309374 
2.892, 0.030919 
2.893, 0.0309005 
2.894, 0.030882 
2.895, 0.0308636 
2.896, 0.0308451 
2.897, 0.0308267 
2.898, 0.0308083 
2.899, 0.0307899 
2.9, 0.0307716 
2.901, 0.0307532 
2.902, 0.0307349 
2.903, 0.0307165 
2.904, 0.0306982 
2.905, 0.0306799 
2.906, 0.0306616 
2.907, 0.0306433 
2.908, 0.0306251 
2.909, 0.0306068 
2.91, 0.0305886 
2.911, 0.0305704 
2.912, 0.0305522 
2.913, 0.030534 
2.914, 0.0305158 
2.915, 0.0304976 
2.916, 0.0304795 
2.917, 0.0304614 
2.918, 0.0304432 
2.919, 0.0304251 
2.92, 0.030407 
2.921, 0.030389 
2.922, 0.0303709 
2.923, 0.0303528 
2.924, 0.0303348 
2.925, 0.0303168 
2.926, 0.0302988 
2.927, 0.0302808 
2.928, 0.0302628 
2.929, 0.0302448 
2.93, 0.0302269 
2.931, 0.0302089 
2.932, 0.030191 
2.933, 0.0301731 
2.934, 0.0301552 
2.935, 0.0301373 
2.936, 0.0301194 
2.937, 0.0301016 
2.938, 0.0300837 
2.939, 0.0300659 
2.94, 0.0300481 
2.941, 0.0300303 
2.942, 0.0300125 
2.943, 0.0299947 
2.944, 0.0299769 
2.945, 0.0299592 
2.946, 0.0299415 
2.947, 0.0299237 
2.948, 0.029906 
2.949, 0.0298883 
2.95, 0.0298706 
2.951, 0.029853 
2.952, 0.0298353 
2.953, 0.0298177 
2.954, 0.0298001 
2.955, 0.0297824 
2.956, 0.0297649 
2.957, 0.0297473 
2.958, 0.0297297 
2.959, 0.0297121 
2.96, 0.0296946 
2.961, 0.0296771 
2.962, 0.0296595 
2.963, 0.029642 
2.964, 0.0296245 
2.965, 0.0296071 
2.966, 0.0295896 
2.967, 0.0295722 
2.968, 0.0295547 
2.969, 0.0295373 
2.97, 0.0295199 
2.971, 0.0295025 
2.972, 0.0294851 
2.973, 0.0294677 
2.974, 0.0294504 
2.975, 0.029433 
2.976, 0.0294157 
2.977, 0.0293984 
2.978, 0.0293811 
2.979, 0.0293638 
2.98, 0.0293465 
2.981, 0.0293292 
2.982, 0.029312 
2.983, 0.0292948 
2.984, 0.0292775 
2.985, 0.0292603 
2.986, 0.0292431 
2.987, 0.0292259 
2.988, 0.0292088 
2.989, 0.0291916 
2.99, 0.0291745 
2.991, 0.0291573 
2.992, 0.0291402 
2.993, 0.0291231 
2.994, 0.029106 
2.995, 0.029089 
2.996, 0.0290719 
2.997, 0.0290548 
2.998, 0.0290378 
2.999, 0.0290208 
3, 0.0290038 
3.001, 0.0289868 
3.002, 0.0289698 
3.003, 0.0289528 
3.004, 0.0289358 
3.005, 0.0289189 
3.006, 0.028902 
3.007, 0.028885 
3.008, 0.0288681 
3.009, 0.0288512 
3.01, 0.0288343 
3.011, 0.0288175 
3.012, 0.0288006 
3.013, 0.0287838 
3.014, 0.0287669 
3.015, 0.0287501 
3.016, 0.0287333 
3.017, 0.0287165 
3.018, 0.0286998 
3.019, 0.028683 
3.02, 0.0286662 
3.021, 0.0286495 
3.022, 0.0286328 
3.023, 0.028616 
3.024, 0.0285993 
3.025, 0.0285827 
3.026, 0.028566 
3.027, 0.0285493 
3.028, 0.0285327 
3.029, 0.028516 
3.03, 0.0284994 
3.031, 0.0284828 
3.032, 0.0284662 
3.033, 0.0284496 
3.034, 0.028433 
3.035, 0.0284165 
3.036, 0.0283999 
3.037, 0.0283834 
3.038, 0.0283669 
3.039, 0.0283504 
3.04, 0.0283339 
3.041, 0.0283174 
3.042, 0.0283009 
3.043, 0.0282844 
3.044, 0.028268 
3.045, 0.0282516 
3.046, 0.0282351 
3.047, 0.0282187 
3.048, 0.0282023 
3.049, 0.0281859 
3.05, 0.0281696 
3.051, 0.0281532 
3.052, 0.0281369 
3.053, 0.0281205 
3.054, 0.0281042 
3.055, 0.0280879 
3.056, 0.0280716 
3.057, 0.0280553 
3.058, 0.0280391 
3.059, 0.0280228 
3.06, 0.0280066 
3.061, 0.0279903 
3.062, 0.0279741 
3.063, 0.0279579 
3.064, 0.0279417 
3.065, 0.0279255 
3.066, 0.0279093 
3.067, 0.0278932 
3.068, 0.027877 
3.069, 0.0278609 
3.07, 0.0278448 
3.071, 0.0278287 
3.072, 0.0278126 
3.073, 0.0277965 
3.074, 0.0277804 
3.075, 0.0277644 
3.076, 0.0277483 
3.077, 0.0277323 
3.078, 0.0277162 
3.079, 0.0277002 
3.08, 0.0276842 
3.081, 0.0276683 
3.082, 0.0276523 
3.083, 0.0276363 
3.084, 0.0276204 
3.085, 0.0276044 
3.086, 0.0275885 
3.087, 0.0275726 
3.088, 0.0275567 
3.089, 0.0275408 
3.09, 0.0275249 
3.091, 0.0275091 
3.092, 0.0274932 
3.093, 0.0274774 
3.094, 0.0274615 
3.095, 0.0274457 
3.096, 0.0274299 
3.097, 0.0274141 
3.098, 0.0273984 
3.099, 0.0273826 
3.1, 0.0273668 
3.101, 0.0273511 
3.102, 0.0273354 
3.103, 0.0273196 
3.104, 0.0273039 
3.105, 0.0272882 
3.106, 0.0272725 
3.107, 0.0272569 
3.108, 0.0272412 
3.109, 0.0272256 
3.11, 0.0272099 
3.111, 0.0271943 
3.112, 0.0271787 
3.113, 0.0271631 
3.114, 0.0271475 
3.115, 0.0271319 
3.116, 0.0271164 
3.117, 0.0271008 
3.118, 0.0270853 
3.119, 0.0270698 
3.12, 0.0270542 
3.121, 0.0270387 
3.122, 0.0270232 
3.123, 0.0270078 
3.124, 0.0269923 
3.125, 0.0269768 
3.126, 0.0269614 
3.127, 0.026946 
3.128, 0.0269305 
3.129, 0.0269151 
3.13, 0.0268997 
3.131, 0.0268844 
3.132, 0.026869 
3.133, 0.0268536 
3.134, 0.0268383 
3.135, 0.0268229 
3.136, 0.0268076 
3.137, 0.0267923 
3.138, 0.026777 
3.139, 0.0267617 
3.14, 0.0267464 
3.141, 0.0267311 
3.142, 0.0267159 
3.143, 0.0267006 
3.144, 0.0266854 
3.145, 0.0266702 
3.146, 0.026655 
3.147, 0.0266398 
3.148, 0.0266246 
3.149, 0.0266094 
3.15, 0.0265942 
3.151, 0.0265791 
3.152, 0.026564 
3.153, 0.0265488 
3.154, 0.0265337 
3.155, 0.0265186 
3.156, 0.0265035 
3.157, 0.0264884 
3.158, 0.0264733 
3.159, 0.0264583 
3.16, 0.0264432 
3.161, 0.0264282 
3.162, 0.0264132 
3.163, 0.0263982 
3.164, 0.0263832 
3.165, 0.0263682 
3.166, 0.0263532 
3.167, 0.0263382 
3.168, 0.0263233 
3.169, 0.0263083 
3.17, 0.0262934 
3.171, 0.0262785 
3.172, 0.0262635 
3.173, 0.0262486 
3.174, 0.0262338 
3.175, 0.0262189 
3.176, 0.026204 
3.177, 0.0261892 
3.178, 0.0261743 
3.179, 0.0261595 
3.18, 0.0261447 
3.181, 0.0261299 
3.182, 0.0261151 
3.183, 0.0261003 
3.184, 0.0260855 
3.185, 0.0260707 
3.186, 0.026056 
3.187, 0.0260412 
3.188, 0.0260265 
3.189, 0.0260118 
3.19, 0.0259971 
3.191, 0.0259824 
3.192, 0.0259677 
3.193, 0.025953 
3.194, 0.0259383 
3.195, 0.0259237 
3.196, 0.0259091 
3.197, 0.0258944 
3.198, 0.0258798 
3.199, 0.0258652 
3.2, 0.0258506 
3.201, 0.025836 
3.202, 0.0258214 
3.203, 0.0258069 
3.204, 0.0257923 
3.205, 0.0257778 
3.206, 0.0257633 
3.207, 0.0257487 
3.208, 0.0257342 
3.209, 0.0257197 
3.21, 0.0257052 
3.211, 0.0256908 
3.212, 0.0256763 
3.213, 0.0256618 
3.214, 0.0256474 
3.215, 0.025633 
3.216, 0.0256186 
3.217, 0.0256041 
3.218, 0.0255897 
3.219, 0.0255754 
3.22, 0.025561 
3.221, 0.0255466 
3.222, 0.0255323 
3.223, 0.0255179 
3.224, 0.0255036 
3.225, 0.0254893 
3.226, 0.0254749 
3.227, 0.0254606 
3.228, 0.0254464 
3.229, 0.0254321 
3.23, 0.0254178 
3.231, 0.0254035 
3.232, 0.0253893 
3.233, 0.0253751 
3.234, 0.0253608 
3.235, 0.0253466 
3.236, 0.0253324 
3.237, 0.0253182 
3.238, 0.025304 
3.239, 0.0252899 
3.24, 0.0252757 
3.241, 0.0252616 
3.242, 0.0252474 
3.243, 0.0252333 
3.244, 0.0252192 
3.245, 0.0252051 
3.246, 0.025191 
3.247, 0.0251769 
3.248, 0.0251628 
3.249, 0.0251488 
3.25, 0.0251347 
3.251, 0.0251207 
3.252, 0.0251066 
3.253, 0.0250926 
3.254, 0.0250786 
3.255, 0.0250646 
3.256, 0.0250506 
3.257, 0.0250366 
3.258, 0.0250227 
3.259, 0.0250087 
3.26, 0.0249947 
3.261, 0.0249808 
3.262, 0.0249669 
3.263, 0.024953 
3.264, 0.0249391 
3.265, 0.0249252 
3.266, 0.0249113 
3.267, 0.0248974 
3.268, 0.0248835 
3.269, 0.0248697 
3.27, 0.0248558 
3.271, 0.024842 
3.272, 0.0248282 
3.273, 0.0248144 
3.274, 0.0248006 
3.275, 0.0247868 
3.276, 0.024773 
3.277, 0.0247592 
3.278, 0.0247455 
3.279, 0.0247317 
3.28, 0.024718 
3.281, 0.0247043 
3.282, 0.0246906 
3.283, 0.0246768 
3.284, 0.0246631 
3.285, 0.0246495 
3.286, 0.0246358 
3.287, 0.0246221 
3.288, 0.0246085 
3.289, 0.0245948 
3.29, 0.0245812 
3.291, 0.0245676 
3.292, 0.0245539 
3.293, 0.0245403 
3.294, 0.0245267 
3.295, 0.0245132 
3.296, 0.0244996 
3.297, 0.024486 
3.298, 0.0244725 
3.299, 0.0244589 
3.3, 0.0244454 
3.301, 0.0244319 
3.302, 0.0244184 
3.303, 0.0244049 
3.304, 0.0243914 
3.305, 0.0243779 
3.306, 0.0243644 
3.307, 0.0243509 
3.308, 0.0243375 
3.309, 0.0243241 
3.31, 0.0243106 
3.311, 0.0242972 
3.312, 0.0242838 
3.313, 0.0242704 
3.314, 0.024257 
3.315, 0.0242436 
3.316, 0.0242302 
3.317, 0.0242169 
3.318, 0.0242035 
3.319, 0.0241902 
3.32, 0.0241769 
3.321, 0.0241635 
3.322, 0.0241502 
3.323, 0.0241369 
3.324, 0.0241236 
3.325, 0.0241104 
3.326, 0.0240971 
3.327, 0.0240838 
3.328, 0.0240706 
3.329, 0.0240573 
3.33, 0.0240441 
3.331, 0.0240309 
3.332, 0.0240177 
3.333, 0.0240045 
3.334, 0.0239913 
3.335, 0.0239781 
3.336, 0.0239649 
3.337, 0.0239518 
3.338, 0.0239386 
3.339, 0.0239255 
3.34, 0.0239123 
3.341, 0.0238992 
3.342, 0.0238861 
3.343, 0.023873 
3.344, 0.0238599 
3.345, 0.0238468 
3.346, 0.0238338 
3.347, 0.0238207 
3.348, 0.0238076 
3.349, 0.0237946 
3.35, 0.0237816 
3.351, 0.0237685 
3.352, 0.0237555 
3.353, 0.0237425 
3.354, 0.0237295 
3.355, 0.0237165 
3.356, 0.0237036 
3.357, 0.0236906 
3.358, 0.0236776 
3.359, 0.0236647 
3.36, 0.0236517 
3.361, 0.0236388 
3.362, 0.0236259 
3.363, 0.023613 
3.364, 0.0236001 
3.365, 0.0235872 
3.366, 0.0235743 
3.367, 0.0235615 
3.368, 0.0235486 
3.369, 0.0235358 
3.37, 0.0235229 
3.371, 0.0235101 
3.372, 0.0234973 
3.373, 0.0234844 
3.374, 0.0234716 
3.375, 0.0234589 
3.376, 0.0234461 
3.377, 0.0234333 
3.378, 0.0234205 
3.379, 0.0234078 
3.38, 0.023395 
3.381, 0.0233823 
3.382, 0.0233696 
3.383, 0.0233569 
3.384, 0.0233441 
3.385, 0.0233314 
3.386, 0.0233188 
3.387, 0.0233061 
3.388, 0.0232934 
3.389, 0.0232808 
3.39, 0.0232681 
3.391, 0.0232555 
3.392, 0.0232428 
3.393, 0.0232302 
3.394, 0.0232176 
3.395, 0.023205 
3.396, 0.0231924 
3.397, 0.0231798 
3.398, 0.0231672 
3.399, 0.0231547 
3.4, 0.0231421 
3.401, 0.0231296 
3.402, 0.023117 
3.403, 0.0231045 
3.404, 0.023092 
3.405, 0.0230795 
3.406, 0.023067 
3.407, 0.0230545 
3.408, 0.023042 
3.409, 0.0230295 
3.41, 0.0230171 
3.411, 0.0230046 
3.412, 0.0229922 
3.413, 0.0229797 
3.414, 0.0229673 
3.415, 0.0229549 
3.416, 0.0229425 
3.417, 0.0229301 
3.418, 0.0229177 
3.419, 0.0229053 
3.42, 0.0228929 
3.421, 0.0228806 
3.422, 0.0228682 
3.423, 0.0228559 
3.424, 0.0228436 
3.425, 0.0228312 
3.426, 0.0228189 
3.427, 0.0228066 
3.428, 0.0227943 
3.429, 0.022782 
3.43, 0.0227697 
3.431, 0.0227575 
3.432, 0.0227452 
3.433, 0.022733 
3.434, 0.0227207 
3.435, 0.0227085 
3.436, 0.0226963 
3.437, 0.022684 
3.438, 0.0226718 
3.439, 0.0226596 
3.44, 0.0226474 
3.441, 0.0226353 
3.442, 0.0226231 
3.443, 0.0226109 
3.444, 0.0225988 
3.445, 0.0225866 
3.446, 0.0225745 
3.447, 0.0225624 
3.448, 0.0225503 
3.449, 0.0225381 
3.45, 0.022526 
3.451, 0.022514 
3.452, 0.0225019 
3.453, 0.0224898 
3.454, 0.0224777 
3.455, 0.0224657 
3.456, 0.0224536 
3.457, 0.0224416 
3.458, 0.0224296 
3.459, 0.0224176 
3.46, 0.0224055 
3.461, 0.0223935 
3.462, 0.0223816 
3.463, 0.0223696 
3.464, 0.0223576 
3.465, 0.0223456 
3.466, 0.0223337 
3.467, 0.0223217 
3.468, 0.0223098 
3.469, 0.0222979 
3.47, 0.0222859 
3.471, 0.022274 
3.472, 0.0222621 
3.473, 0.0222502 
3.474, 0.0222383 
3.475, 0.0222265 
3.476, 0.0222146 
3.477, 0.0222027 
3.478, 0.0221909 
3.479, 0.022179 
3.48, 0.0221672 
3.481, 0.0221554 
3.482, 0.0221436 
3.483, 0.0221318 
3.484, 0.02212 
3.485, 0.0221082 
3.486, 0.0220964 
3.487, 0.0220846 
3.488, 0.0220728 
3.489, 0.0220611 
3.49, 0.0220493 
3.491, 0.0220376 
3.492, 0.0220259 
3.493, 0.0220142 
3.494, 0.0220024 
3.495, 0.0219907 
3.496, 0.021979 
3.497, 0.0219674 
3.498, 0.0219557 
3.499, 0.021944 
3.5, 0.0219323 
3.501, 0.0219207 
3.502, 0.0219091 
3.503, 0.0218974 
3.504, 0.0218858 
3.505, 0.0218742 
3.506, 0.0218626 
3.507, 0.021851 
3.508, 0.0218394 
3.509, 0.0218278 
3.51, 0.0218162 
3.511, 0.0218046 
3.512, 0.0217931 
3.513, 0.0217815 
3.514, 0.02177 
3.515, 0.0217585 
3.516, 0.0217469 
3.517, 0.0217354 
3.518, 0.0217239 
3.519, 0.0217124 
3.52, 0.0217009 
3.521, 0.0216894 
3.522, 0.021678 
3.523, 0.0216665 
3.524, 0.021655 
3.525, 0.0216436 
3.526, 0.0216322 
3.527, 0.0216207 
3.528, 0.0216093 
3.529, 0.0215979 
3.53, 0.0215865 
3.531, 0.0215751 
3.532, 0.0215637 
3.533, 0.0215523 
3.534, 0.0215409 
3.535, 0.0215296 
3.536, 0.0215182 
3.537, 0.0215069 
3.538, 0.0214955 
3.539, 0.0214842 
3.54, 0.0214729 
3.541, 0.0214615 
3.542, 0.0214502 
3.543, 0.0214389 
3.544, 0.0214276 
3.545, 0.0214164 
3.546, 0.0214051 
3.547, 0.0213938 
3.548, 0.0213826 
3.549, 0.0213713 
3.55, 0.0213601 
3.551, 0.0213488 
3.552, 0.0213376 
3.553, 0.0213264 
3.554, 0.0213152 
3.555, 0.021304 
3.556, 0.0212928 
3.557, 0.0212816 
3.558, 0.0212704 
3.559, 0.0212593 
3.56, 0.0212481 
3.561, 0.021237 
3.562, 0.0212258 
3.563, 0.0212147 
3.564, 0.0212035 
3.565, 0.0211924 
3.566, 0.0211813 
3.567, 0.0211702 
3.568, 0.0211591 
3.569, 0.021148 
3.57, 0.021137 
3.571, 0.0211259 
3.572, 0.0211148 
3.573, 0.0211038 
3.574, 0.0210927 
3.575, 0.0210817 
3.576, 0.0210707 
3.577, 0.0210596 
3.578, 0.0210486 
3.579, 0.0210376 
3.58, 0.0210266 
3.581, 0.0210156 
3.582, 0.0210046 
3.583, 0.0209937 
3.584, 0.0209827 
3.585, 0.0209717 
3.586, 0.0209608 
3.587, 0.0209498 
3.588, 0.0209389 
3.589, 0.020928 
3.59, 0.0209171 
3.591, 0.0209062 
3.592, 0.0208952 
3.593, 0.0208844 
3.594, 0.0208735 
3.595, 0.0208626 
3.596, 0.0208517 
3.597, 0.0208408 
3.598, 0.02083 
3.599, 0.0208191 
3.6, 0.0208083 
3.601, 0.0207975 
3.602, 0.0207866 
3.603, 0.0207758 
3.604, 0.020765 
3.605, 0.0207542 
3.606, 0.0207434 
3.607, 0.0207326 
3.608, 0.0207219 
3.609, 0.0207111 
3.61, 0.0207003 
3.611, 0.0206896 
3.612, 0.0206788 
3.613, 0.0206681 
3.614, 0.0206574 
3.615, 0.0206466 
3.616, 0.0206359 
3.617, 0.0206252 
3.618, 0.0206145 
3.619, 0.0206038 
3.62, 0.0205931 
3.621, 0.0205825 
3.622, 0.0205718 
3.623, 0.0205611 
3.624, 0.0205505 
3.625, 0.0205398 
3.626, 0.0205292 
3.627, 0.0205186 
3.628, 0.0205079 
3.629, 0.0204973 
3.63, 0.0204867 
3.631, 0.0204761 
3.632, 0.0204655 
3.633, 0.020455 
3.634, 0.0204444 
3.635, 0.0204338 
3.636, 0.0204232 
3.637, 0.0204127 
3.638, 0.0204021 
3.639, 0.0203916 
3.64, 0.0203811 
3.641, 0.0203705 
3.642, 0.02036 
3.643, 0.0203495 
3.644, 0.020339 
3.645, 0.0203285 
3.646, 0.020318 
3.647, 0.0203076 
3.648, 0.0202971 
3.649, 0.0202866 
3.65, 0.0202762 
3.651, 0.0202657 
3.652, 0.0202553 
3.653, 0.0202449 
3.654, 0.0202344 
3.655, 0.020224 
3.656, 0.0202136 
3.657, 0.0202032 
3.658, 0.0201928 
3.659, 0.0201824 
3.66, 0.020172 
3.661, 0.0201617 
3.662, 0.0201513 
3.663, 0.0201409 
3.664, 0.0201306 
3.665, 0.0201202 
3.666, 0.0201099 
3.667, 0.0200996 
3.668, 0.0200893 
3.669, 0.0200789 
3.67, 0.0200686 
3.671, 0.0200583 
3.672, 0.020048 
3.673, 0.0200378 
3.674, 0.0200275 
3.675, 0.0200172 
3.676, 0.020007 
3.677, 0.0199967 
3.678, 0.0199865 
3.679, 0.0199762 
3.68, 0.019966 
3.681, 0.0199558 
3.682, 0.0199455 
3.683, 0.0199353 
3.684, 0.0199251 
3.685, 0.0199149 
3.686, 0.0199047 
3.687, 0.0198946 
3.688, 0.0198844 
3.689, 0.0198742 
3.69, 0.0198641 
3.691, 0.0198539 
3.692, 0.0198438 
3.693, 0.0198336 
3.694, 0.0198235 
3.695, 0.0198134 
3.696, 0.0198032 
3.697, 0.0197931 
3.698, 0.019783 
3.699, 0.0197729 
3.7, 0.0197629 
3.701, 0.0197528 
3.702, 0.0197427 
3.703, 0.0197326 
3.704, 0.0197226 
3.705, 0.0197125 
3.706, 0.0197025 
3.707, 0.0196924 
3.708, 0.0196824 
3.709, 0.0196724 
3.71, 0.0196624 
3.711, 0.0196524 
3.712, 0.0196424 
3.713, 0.0196324 
3.714, 0.0196224 
3.715, 0.0196124 
3.716, 0.0196024 
3.717, 0.0195925 
3.718, 0.0195825 
3.719, 0.0195726 
3.72, 0.0195626 
3.721, 0.0195527 
3.722, 0.0195427 
3.723, 0.0195328 
3.724, 0.0195229 
3.725, 0.019513 
3.726, 0.0195031 
3.727, 0.0194932 
3.728, 0.0194833 
3.729, 0.0194734 
3.73, 0.0194635 
3.731, 0.0194537 
3.732, 0.0194438 
3.733, 0.019434 
3.734, 0.0194241 
3.735, 0.0194143 
3.736, 0.0194045 
3.737, 0.0193946 
3.738, 0.0193848 
3.739, 0.019375 
3.74, 0.0193652 
3.741, 0.0193554 
3.742, 0.0193456 
3.743, 0.0193358 
3.744, 0.019326 
3.745, 0.0193163 
3.746, 0.0193065 
3.747, 0.0192968 
3.748, 0.019287 
3.749, 0.0192773 
3.75, 0.0192675 
3.751, 0.0192578 
3.752, 0.0192481 
3.753, 0.0192384 
3.754, 0.0192287 
3.755, 0.019219 
3.756, 0.0192093 
3.757, 0.0191996 
3.758, 0.0191899 
3.759, 0.0191802 
3.76, 0.0191706 
3.761, 0.0191609 
3.762, 0.0191512 
3.763, 0.0191416 
3.764, 0.019132 
3.765, 0.0191223 
3.766, 0.0191127 
3.767, 0.0191031 
3.768, 0.0190935 
3.769, 0.0190839 
3.77, 0.0190743 
3.771, 0.0190647 
3.772, 0.0190551 
3.773, 0.0190455 
3.774, 0.0190359 
3.775, 0.0190264 
3.776, 0.0190168 
3.777, 0.0190073 
3.778, 0.0189977 
3.779, 0.0189882 
3.78, 0.0189787 
3.781, 0.0189691 
3.782, 0.0189596 
3.783, 0.0189501 
3.784, 0.0189406 
3.785, 0.0189311 
3.786, 0.0189216 
3.787, 0.0189121 
3.788, 0.0189027 
3.789, 0.0188932 
3.79, 0.0188837 
3.791, 0.0188743 
3.792, 0.0188648 
3.793, 0.0188554 
3.794, 0.0188459 
3.795, 0.0188365 
3.796, 0.0188271 
3.797, 0.0188177 
3.798, 0.0188083 
3.799, 0.0187989 
3.8, 0.0187895 
3.801, 0.0187801 
3.802, 0.0187707 
3.803, 0.0187613 
3.804, 0.0187519 
3.805, 0.0187426 
3.806, 0.0187332 
3.807, 0.0187239 
3.808, 0.0187145 
3.809, 0.0187052 
3.81, 0.0186958 
3.811, 0.0186865 
3.812, 0.0186772 
3.813, 0.0186679 
3.814, 0.0186586 
3.815, 0.0186493 
3.816, 0.01864 
3.817, 0.0186307 
3.818, 0.0186214 
3.819, 0.0186122 
3.82, 0.0186029 
3.821, 0.0185936 
3.822, 0.0185844 
3.823, 0.0185751 
3.824, 0.0185659 
3.825, 0.0185567 
3.826, 0.0185474 
3.827, 0.0185382 
3.828, 0.018529 
3.829, 0.0185198 
3.83, 0.0185106 
3.831, 0.0185014 
3.832, 0.0184922 
3.833, 0.018483 
3.834, 0.0184738 
3.835, 0.0184647 
3.836, 0.0184555 
3.837, 0.0184464 
3.838, 0.0184372 
3.839, 0.0184281 
3.84, 0.0184189 
3.841, 0.0184098 
3.842, 0.0184007 
3.843, 0.0183915 
3.844, 0.0183824 
3.845, 0.0183733 
3.846, 0.0183642 
3.847, 0.0183551 
3.848, 0.0183461 
3.849, 0.018337 
3.85, 0.0183279 
3.851, 0.0183188 
3.852, 0.0183098 
3.853, 0.0183007 
3.854, 0.0182917 
3.855, 0.0182826 
3.856, 0.0182736 
3.857, 0.0182646 
3.858, 0.0182555 
3.859, 0.0182465 
3.86, 0.0182375 
3.861, 0.0182285 
3.862, 0.0182195 
3.863, 0.0182105 
3.864, 0.0182015 
3.865, 0.0181925 
3.866, 0.0181836 
3.867, 0.0181746 
3.868, 0.0181656 
3.869, 0.0181567 
3.87, 0.0181477 
3.871, 0.0181388 
3.872, 0.0181299 
3.873, 0.0181209 
3.874, 0.018112 
3.875, 0.0181031 
3.876, 0.0180942 
3.877, 0.0180853 
3.878, 0.0180764 
3.879, 0.0180675 
3.88, 0.0180586 
3.881, 0.0180497 
3.882, 0.0180408 
3.883, 0.018032 
3.884, 0.0180231 
3.885, 0.0180143 
3.886, 0.0180054 
3.887, 0.0179966 
3.888, 0.0179877 
3.889, 0.0179789 
3.89, 0.0179701 
3.891, 0.0179613 
3.892, 0.0179524 
3.893, 0.0179436 
3.894, 0.0179348 
3.895, 0.017926 
3.896, 0.0179173 
3.897, 0.0179085 
3.898, 0.0178997 
3.899, 0.0178909 
3.9, 0.0178822 
3.901, 0.0178734 
3.902, 0.0178647 
3.903, 0.0178559 
3.904, 0.0178472 
3.905, 0.0178384 
3.906, 0.0178297 
3.907, 0.017821 
3.908, 0.0178123 
3.909, 0.0178036 
3.91, 0.0177949 
3.911, 0.0177862 
3.912, 0.0177775 
3.913, 0.0177688 
3.914, 0.0177601 
3.915, 0.0177514 
3.916, 0.0177428 
3.917, 0.0177341 
3.918, 0.0177254 
3.919, 0.0177168 
3.92, 0.0177082 
3.921, 0.0176995 
3.922, 0.0176909 
3.923, 0.0176823 
3.924, 0.0176736 
3.925, 0.017665 
3.926, 0.0176564 
3.927, 0.0176478 
3.928, 0.0176392 
3.929, 0.0176306 
3.93, 0.017622 
3.931, 0.0176135 
3.932, 0.0176049 
3.933, 0.0175963 
3.934, 0.0175878 
3.935, 0.0175792 
3.936, 0.0175707 
3.937, 0.0175621 
3.938, 0.0175536 
3.939, 0.017545 
3.94, 0.0175365 
3.941, 0.017528 
3.942, 0.0175195 
3.943, 0.017511 
3.944, 0.0175025 
3.945, 0.017494 
3.946, 0.0174855 
3.947, 0.017477 
3.948, 0.0174685 
3.949, 0.0174601 
3.95, 0.0174516 
3.951, 0.0174431 
3.952, 0.0174347 
3.953, 0.0174262 
3.954, 0.0174178 
3.955, 0.0174093 
3.956, 0.0174009 
3.957, 0.0173925 
3.958, 0.0173841 
3.959, 0.0173756 
3.96, 0.0173672 
3.961, 0.0173588 
3.962, 0.0173504 
3.963, 0.017342 
3.964, 0.0173337 
3.965, 0.0173253 
3.966, 0.0173169 
3.967, 0.0173085 
3.968, 0.0173002 
3.969, 0.0172918 
3.97, 0.0172835 
3.971, 0.0172751 
3.972, 0.0172668 
3.973, 0.0172584 
3.974, 0.0172501 
3.975, 0.0172418 
3.976, 0.0172335 
3.977, 0.0172252 
3.978, 0.0172169 
3.979, 0.0172086 
3.98, 0.0172003 
3.981, 0.017192 
3.982, 0.0171837 
3.983, 0.0171754 
3.984, 0.0171671 
3.985, 0.0171589 
3.986, 0.0171506 
3.987, 0.0171424 
3.988, 0.0171341 
3.989, 0.0171259 
3.99, 0.0171176 
3.991, 0.0171094 
3.992, 0.0171012 
3.993, 0.0170929 
3.994, 0.0170847 
3.995, 0.0170765 
3.996, 0.0170683 
3.997, 0.0170601 
3.998, 0.0170519 
3.999, 0.0170437 
4, 0.0170355 
4.001, 0.0170274 
4.002, 0.0170192 
4.003, 0.017011 
4.004, 0.0170029 
4.005, 0.0169947 
4.006, 0.0169866 
4.007, 0.0169784 
4.008, 0.0169703 
4.009, 0.0169622 
4.01, 0.016954 
4.011, 0.0169459 
4.012, 0.0169378 
4.013, 0.0169297 
4.014, 0.0169216 
4.015, 0.0169135 
4.016, 0.0169054 
4.017, 0.0168973 
4.018, 0.0168892 
4.019, 0.0168811 
4.02, 0.0168731 
4.021, 0.016865 
4.022, 0.0168569 
4.023, 0.0168489 
4.024, 0.0168408 
4.025, 0.0168328 
4.026, 0.0168247 
4.027, 0.0168167 
4.028, 0.0168087 
4.029, 0.0168007 
4.03, 0.0167926 
4.031, 0.0167846 
4.032, 0.0167766 
4.033, 0.0167686 
4.034, 0.0167606 
4.035, 0.0167526 
4.036, 0.0167447 
4.037, 0.0167367 
4.038, 0.0167287 
4.039, 0.0167207 
4.04, 0.0167128 
4.041, 0.0167048 
4.042, 0.0166969 
4.043, 0.0166889 
4.044, 0.016681 
4.045, 0.016673 
4.046, 0.0166651 
4.047, 0.0166572 
4.048, 0.0166493 
4.049, 0.0166413 
4.05, 0.0166334 
4.051, 0.0166255 
4.052, 0.0166176 
4.053, 0.0166097 
4.054, 0.0166018 
4.055, 0.016594 
4.056, 0.0165861 
4.057, 0.0165782 
4.058, 0.0165703 
4.059, 0.0165625 
4.06, 0.0165546 
4.061, 0.0165468 
4.062, 0.0165389 
4.063, 0.0165311 
4.064, 0.0165233 
4.065, 0.0165154 
4.066, 0.0165076 
4.067, 0.0164998 
4.068, 0.016492 
4.069, 0.0164842 
4.07, 0.0164764 
4.071, 0.0164686 
4.072, 0.0164608 
4.073, 0.016453 
4.074, 0.0164452 
4.075, 0.0164374 
4.076, 0.0164296 
4.077, 0.0164219 
4.078, 0.0164141 
4.079, 0.0164064 
4.08, 0.0163986 
4.081, 0.0163909 
4.082, 0.0163831 
4.083, 0.0163754 
4.084, 0.0163677 
4.085, 0.0163599 
4.086, 0.0163522 
4.087, 0.0163445 
4.088, 0.0163368 
4.089, 0.0163291 
4.09, 0.0163214 
4.091, 0.0163137 
4.092, 0.016306 
4.093, 0.0162983 
4.094, 0.0162906 
4.095, 0.016283 
4.096, 0.0162753 
4.097, 0.0162676 
4.098, 0.01626 
4.099, 0.0162523 
4.1, 0.0162447 
4.101, 0.016237 
4.102, 0.0162294 
4.103, 0.0162218 
4.104, 0.0162141 
4.105, 0.0162065 
4.106, 0.0161989 
4.107, 0.0161913 
4.108, 0.0161837 
4.109, 0.0161761 
4.11, 0.0161685 
4.111, 0.0161609 
4.112, 0.0161533 
4.113, 0.0161457 
4.114, 0.0161381 
4.115, 0.0161306 
4.116, 0.016123 
4.117, 0.0161154 
4.118, 0.0161079 
4.119, 0.0161003 
4.12, 0.0160928 
4.121, 0.0160852 
4.122, 0.0160777 
4.123, 0.0160702 
4.124, 0.0160626 
4.125, 0.0160551 
4.126, 0.0160476 
4.127, 0.0160401 
4.128, 0.0160326 
4.129, 0.0160251 
4.13, 0.0160176 
4.131, 0.0160101 
4.132, 0.0160026 
4.133, 0.0159951 
4.134, 0.0159877 
4.135, 0.0159802 
4.136, 0.0159727 
4.137, 0.0159653 
4.138, 0.0159578 
4.139, 0.0159503 
4.14, 0.0159429 
4.141, 0.0159355 
4.142, 0.015928 
4.143, 0.0159206 
4.144, 0.0159132 
4.145, 0.0159057 
4.146, 0.0158983 
4.147, 0.0158909 
4.148, 0.0158835 
4.149, 0.0158761 
4.15, 0.0158687 
4.151, 0.0158613 
4.152, 0.0158539 
4.153, 0.0158465 
4.154, 0.0158392 
4.155, 0.0158318 
4.156, 0.0158244 
4.157, 0.0158171 
4.158, 0.0158097 
4.159, 0.0158024 
4.16, 0.015795 
4.161, 0.0157877 
4.162, 0.0157803 
4.163, 0.015773 
4.164, 0.0157657 
4.165, 0.0157583 
4.166, 0.015751 
4.167, 0.0157437 
4.168, 0.0157364 
4.169, 0.0157291 
4.17, 0.0157218 
4.171, 0.0157145 
4.172, 0.0157072 
4.173, 0.0156999 
4.174, 0.0156926 
4.175, 0.0156854 
4.176, 0.0156781 
4.177, 0.0156708 
4.178, 0.0156636 
4.179, 0.0156563 
4.18, 0.0156491 
4.181, 0.0156418 
4.182, 0.0156346 
4.183, 0.0156273 
4.184, 0.0156201 
4.185, 0.0156129 
4.186, 0.0156057 
4.187, 0.0155984 
4.188, 0.0155912 
4.189, 0.015584 
4.19, 0.0155768 
4.191, 0.0155696 
4.192, 0.0155624 
4.193, 0.0155552 
4.194, 0.015548 
4.195, 0.0155409 
4.196, 0.0155337 
4.197, 0.0155265 
4.198, 0.0155194 
4.199, 0.0155122 
4.2, 0.015505 
4.201, 0.0154979 
4.202, 0.0154907 
4.203, 0.0154836 
4.204, 0.0154765 
4.205, 0.0154693 
4.206, 0.0154622 
4.207, 0.0154551 
4.208, 0.015448 
4.209, 0.0154408 
4.21, 0.0154337 
4.211, 0.0154266 
4.212, 0.0154195 
4.213, 0.0154124 
4.214, 0.0154053 
4.215, 0.0153982 
4.216, 0.0153912 
4.217, 0.0153841 
4.218, 0.015377 
4.219, 0.01537 
4.22, 0.0153629 
4.221, 0.0153558 
4.222, 0.0153488 
4.223, 0.0153417 
4.224, 0.0153347 
4.225, 0.0153276 
4.226, 0.0153206 
4.227, 0.0153136 
4.228, 0.0153066 
4.229, 0.0152995 
4.23, 0.0152925 
4.231, 0.0152855 
4.232, 0.0152785 
4.233, 0.0152715 
4.234, 0.0152645 
4.235, 0.0152575 
4.236, 0.0152505 
4.237, 0.0152435 
4.238, 0.0152365 
4.239, 0.0152296 
4.24, 0.0152226 
4.241, 0.0152156 
4.242, 0.0152087 
4.243, 0.0152017 
4.244, 0.0151948 
4.245, 0.0151878 
4.246, 0.0151809 
4.247, 0.0151739 
4.248, 0.015167 
4.249, 0.0151601 
4.25, 0.0151531 
4.251, 0.0151462 
4.252, 0.0151393 
4.253, 0.0151324 
4.254, 0.0151255 
4.255, 0.0151186 
4.256, 0.0151117 
4.257, 0.0151048 
4.258, 0.0150979 
4.259, 0.015091 
4.26, 0.0150841 
4.261, 0.0150773 
4.262, 0.0150704 
4.263, 0.0150635 
4.264, 0.0150567 
4.265, 0.0150498 
4.266, 0.0150429 
4.267, 0.0150361 
4.268, 0.0150293 
4.269, 0.0150224 
4.27, 0.0150156 
4.271, 0.0150087 
4.272, 0.0150019 
4.273, 0.0149951 
4.274, 0.0149883 
4.275, 0.0149815 
4.276, 0.0149747 
4.277, 0.0149678 
4.278, 0.014961 
4.279, 0.0149543 
4.28, 0.0149475 
4.281, 0.0149407 
4.282, 0.0149339 
4.283, 0.0149271 
4.284, 0.0149203 
4.285, 0.0149136 
4.286, 0.0149068 
4.287, 0.0149 
4.288, 0.0148933 
4.289, 0.0148865 
4.29, 0.0148798 
4.291, 0.014873 
4.292, 0.0148663 
4.293, 0.0148596 
4.294, 0.0148528 
4.295, 0.0148461 
4.296, 0.0148394 
4.297, 0.0148327 
4.298, 0.014826 
4.299, 0.0148193 
4.3, 0.0148126 
4.301, 0.0148059 
4.302, 0.0147992 
4.303, 0.0147925 
4.304, 0.0147858 
4.305, 0.0147791 
4.306, 0.0147724 
4.307, 0.0147657 
4.308, 0.0147591 
4.309, 0.0147524 
4.31, 0.0147458 
4.311, 0.0147391 
4.312, 0.0147324 
4.313, 0.0147258 
4.314, 0.0147192 
4.315, 0.0147125 
4.316, 0.0147059 
4.317, 0.0146993 
4.318, 0.0146926 
4.319, 0.014686 
4.32, 0.0146794 
4.321, 0.0146728 
4.322, 0.0146662 
4.323, 0.0146596 
4.324, 0.014653 
4.325, 0.0146464 
4.326, 0.0146398 
4.327, 0.0146332 
4.328, 0.0146266 
4.329, 0.01462 
4.33, 0.0146134 
4.331, 0.0146069 
4.332, 0.0146003 
4.333, 0.0145937 
4.334, 0.0145872 
4.335, 0.0145806 
4.336, 0.0145741 
4.337, 0.0145675 
4.338, 0.014561 
4.339, 0.0145545 
4.34, 0.0145479 
4.341, 0.0145414 
4.342, 0.0145349 
4.343, 0.0145283 
4.344, 0.0145218 
4.345, 0.0145153 
4.346, 0.0145088 
4.347, 0.0145023 
4.348, 0.0144958 
4.349, 0.0144893 
4.35, 0.0144828 
4.351, 0.0144763 
4.352, 0.0144699 
4.353, 0.0144634 
4.354, 0.0144569 
4.355, 0.0144504 
4.356, 0.014444 
4.357, 0.0144375 
4.358, 0.014431 
4.359, 0.0144246 
4.36, 0.0144181 
4.361, 0.0144117 
4.362, 0.0144053 
4.363, 0.0143988 
4.364, 0.0143924 
4.365, 0.014386 
4.366, 0.0143795 
4.367, 0.0143731 
4.368, 0.0143667 
4.369, 0.0143603 
4.37, 0.0143539 
4.371, 0.0143475 
4.372, 0.0143411 
4.373, 0.0143347 
4.374, 0.0143283 
4.375, 0.0143219 
4.376, 0.0143155 
4.377, 0.0143091 
4.378, 0.0143028 
4.379, 0.0142964 
4.38, 0.01429 
4.381, 0.0142837 
4.382, 0.0142773 
4.383, 0.0142709 
4.384, 0.0142646 
4.385, 0.0142582 
4.386, 0.0142519 
4.387, 0.0142456 
4.388, 0.0142392 
4.389, 0.0142329 
4.39, 0.0142266 
4.391, 0.0142202 
4.392, 0.0142139 
4.393, 0.0142076 
4.394, 0.0142013 
4.395, 0.014195 
4.396, 0.0141887 
4.397, 0.0141824 
4.398, 0.0141761 
4.399, 0.0141698 
4.4, 0.0141635 
4.401, 0.0141572 
4.402, 0.014151 
4.403, 0.0141447 
4.404, 0.0141384 
4.405, 0.0141321 
4.406, 0.0141259 
4.407, 0.0141196 
4.408, 0.0141134 
4.409, 0.0141071 
4.41, 0.0141009 
4.411, 0.0140946 
4.412, 0.0140884 
4.413, 0.0140822 
4.414, 0.0140759 
4.415, 0.0140697 
4.416, 0.0140635 
4.417, 0.0140573 
4.418, 0.014051 
4.419, 0.0140448 
4.42, 0.0140386 
4.421, 0.0140324 
4.422, 0.0140262 
4.423, 0.01402 
4.424, 0.0140138 
4.425, 0.0140076 
4.426, 0.0140015 
4.427, 0.0139953 
4.428, 0.0139891 
4.429, 0.0139829 
4.43, 0.0139768 
4.431, 0.0139706 
4.432, 0.0139644 
4.433, 0.0139583 
4.434, 0.0139521 
4.435, 0.013946 
4.436, 0.0139398 
4.437, 0.0139337 
4.438, 0.0139276 
4.439, 0.0139214 
4.44, 0.0139153 
4.441, 0.0139092 
4.442, 0.013903 
4.443, 0.0138969 
4.444, 0.0138908 
4.445, 0.0138847 
4.446, 0.0138786 
4.447, 0.0138725 
4.448, 0.0138664 
4.449, 0.0138603 
4.45, 0.0138542 
4.451, 0.0138481 
4.452, 0.013842 
4.453, 0.013836 
4.454, 0.0138299 
4.455, 0.0138238 
4.456, 0.0138178 
4.457, 0.0138117 
4.458, 0.0138056 
4.459, 0.0137996 
4.46, 0.0137935 
4.461, 0.0137875 
4.462, 0.0137814 
4.463, 0.0137754 
4.464, 0.0137694 
4.465, 0.0137633 
4.466, 0.0137573 
4.467, 0.0137513 
4.468, 0.0137452 
4.469, 0.0137392 
4.47, 0.0137332 
4.471, 0.0137272 
4.472, 0.0137212 
4.473, 0.0137152 
4.474, 0.0137092 
4.475, 0.0137032 
4.476, 0.0136972 
4.477, 0.0136912 
4.478, 0.0136852 
4.479, 0.0136793 
4.48, 0.0136733 
4.481, 0.0136673 
4.482, 0.0136613 
4.483, 0.0136554 
4.484, 0.0136494 
4.485, 0.0136434 
4.486, 0.0136375 
4.487, 0.0136315 
4.488, 0.0136256 
4.489, 0.0136197 
4.49, 0.0136137 
4.491, 0.0136078 
4.492, 0.0136019 
4.493, 0.0135959 
4.494, 0.01359 
4.495, 0.0135841 
4.496, 0.0135782 
4.497, 0.0135722 
4.498, 0.0135663 
4.499, 0.0135604 
4.5, 0.0135545 
4.501, 0.0135486 
4.502, 0.0135427 
4.503, 0.0135368 
4.504, 0.013531 
4.505, 0.0135251 
4.506, 0.0135192 
4.507, 0.0135133 
4.508, 0.0135074 
4.509, 0.0135016 
4.51, 0.0134957 
4.511, 0.0134899 
4.512, 0.013484 
4.513, 0.0134781 
4.514, 0.0134723 
4.515, 0.0134664 
4.516, 0.0134606 
4.517, 0.0134548 
4.518, 0.0134489 
4.519, 0.0134431 
4.52, 0.0134373 
4.521, 0.0134314 
4.522, 0.0134256 
4.523, 0.0134198 
4.524, 0.013414 
4.525, 0.0134082 
4.526, 0.0134024 
4.527, 0.0133966 
4.528, 0.0133908 
4.529, 0.013385 
4.53, 0.0133792 
4.531, 0.0133734 
4.532, 0.0133676 
4.533, 0.0133618 
4.534, 0.013356 
4.535, 0.0133503 
4.536, 0.0133445 
4.537, 0.0133387 
4.538, 0.013333 
4.539, 0.0133272 
4.54, 0.0133215 
4.541, 0.0133157 
4.542, 0.01331 
4.543, 0.0133042 
4.544, 0.0132985 
4.545, 0.0132927 
4.546, 0.013287 
4.547, 0.0132813 
4.548, 0.0132755 
4.549, 0.0132698 
4.55, 0.0132641 
4.551, 0.0132584 
4.552, 0.0132527 
4.553, 0.0132469 
4.554, 0.0132412 
4.555, 0.0132355 
4.556, 0.0132298 
4.557, 0.0132241 
4.558, 0.0132184 
4.559, 0.0132128 
4.56, 0.0132071 
4.561, 0.0132014 
4.562, 0.0131957 
4.563, 0.01319 
4.564, 0.0131844 
4.565, 0.0131787 
4.566, 0.013173 
4.567, 0.0131674 
4.568, 0.0131617 
4.569, 0.0131561 
4.57, 0.0131504 
4.571, 0.0131448 
4.572, 0.0131391 
4.573, 0.0131335 
4.574, 0.0131278 
4.575, 0.0131222 
4.576, 0.0131166 
4.577, 0.013111 
4.578, 0.0131053 
4.579, 0.0130997 
4.58, 0.0130941 
4.581, 0.0130885 
4.582, 0.0130829 
4.583, 0.0130773 
4.584, 0.0130717 
4.585, 0.0130661 
4.586, 0.0130605 
4.587, 0.0130549 
4.588, 0.0130493 
4.589, 0.0130437 
4.59, 0.0130381 
4.591, 0.0130326 
4.592, 0.013027 
4.593, 0.0130214 
4.594, 0.0130159 
4.595, 0.0130103 
4.596, 0.0130047 
4.597, 0.0129992 
4.598, 0.0129936 
4.599, 0.0129881 
4.6, 0.0129825 
4.601, 0.012977 
4.602, 0.0129714 
4.603, 0.0129659 
4.604, 0.0129604 
4.605, 0.0129548 
4.606, 0.0129493 
4.607, 0.0129438 
4.608, 0.0129383 
4.609, 0.0129328 
4.61, 0.0129272 
4.611, 0.0129217 
4.612, 0.0129162 
4.613, 0.0129107 
4.614, 0.0129052 
4.615, 0.0128997 
4.616, 0.0128942 
4.617, 0.0128888 
4.618, 0.0128833 
4.619, 0.0128778 
4.62, 0.0128723 
4.621, 0.0128668 
4.622, 0.0128614 
4.623, 0.0128559 
4.624, 0.0128504 
4.625, 0.012845 
4.626, 0.0128395 
4.627, 0.012834 
4.628, 0.0128286 
4.629, 0.0128231 
4.63, 0.0128177 
4.631, 0.0128123 
4.632, 0.0128068 
4.633, 0.0128014 
4.634, 0.012796 
4.635, 0.0127905 
4.636, 0.0127851 
4.637, 0.0127797 
4.638, 0.0127743 
4.639, 0.0127688 
4.64, 0.0127634 
4.641, 0.012758 
4.642, 0.0127526 
4.643, 0.0127472 
4.644, 0.0127418 
4.645, 0.0127364 
4.646, 0.012731 
4.647, 0.0127256 
4.648, 0.0127203 
4.649, 0.0127149 
4.65, 0.0127095 
4.651, 0.0127041 
4.652, 0.0126987 
4.653, 0.0126934 
4.654, 0.012688 
4.655, 0.0126827 
4.656, 0.0126773 
4.657, 0.0126719 
4.658, 0.0126666 
4.659, 0.0126612 
4.66, 0.0126559 
4.661, 0.0126505 
4.662, 0.0126452 
4.663, 0.0126399 
4.664, 0.0126345 
4.665, 0.0126292 
4.666, 0.0126239 
4.667, 0.0126186 
4.668, 0.0126132 
4.669, 0.0126079 
4.67, 0.0126026 
4.671, 0.0125973 
4.672, 0.012592 
4.673, 0.0125867 
4.674, 0.0125814 
4.675, 0.0125761 
4.676, 0.0125708 
4.677, 0.0125655 
4.678, 0.0125602 
4.679, 0.0125549 
4.68, 0.0125496 
4.681, 0.0125444 
4.682, 0.0125391 
4.683, 0.0125338 
4.684, 0.0125285 
4.685, 0.0125233 
4.686, 0.012518 
4.687, 0.0125128 
4.688, 0.0125075 
4.689, 0.0125023 
4.69, 0.012497 
4.691, 0.0124918 
4.692, 0.0124865 
4.693, 0.0124813 
4.694, 0.012476 
4.695, 0.0124708 
4.696, 0.0124656 
4.697, 0.0124603 
4.698, 0.0124551 
4.699, 0.0124499 
4.7, 0.0124447 
4.701, 0.0124395 
4.702, 0.0124343 
4.703, 0.012429 
4.704, 0.0124238 
4.705, 0.0124186 
4.706, 0.0124134 
4.707, 0.0124082 
4.708, 0.0124031 
4.709, 0.0123979 
4.71, 0.0123927 
4.711, 0.0123875 
4.712, 0.0123823 
4.713, 0.0123771 
4.714, 0.012372 
4.715, 0.0123668 
4.716, 0.0123616 
4.717, 0.0123565 
4.718, 0.0123513 
4.719, 0.0123461 
4.72, 0.012341 
4.721, 0.0123358 
4.722, 0.0123307 
4.723, 0.0123255 
4.724, 0.0123204 
4.725, 0.0123153 
4.726, 0.0123101 
4.727, 0.012305 
4.728, 0.0122999 
4.729, 0.0122947 
4.73, 0.0122896 
4.731, 0.0122845 
4.732, 0.0122794 
4.733, 0.0122743 
4.734, 0.0122691 
4.735, 0.012264 
4.736, 0.0122589 
4.737, 0.0122538 
4.738, 0.0122487 
4.739, 0.0122436 
4.74, 0.0122385 
4.741, 0.0122334 
4.742, 0.0122284 
4.743, 0.0122233 
4.744, 0.0122182 
4.745, 0.0122131 
4.746, 0.012208 
4.747, 0.012203 
4.748, 0.0121979 
4.749, 0.0121928 
4.75, 0.0121878 
4.751, 0.0121827 
4.752, 0.0121776 
4.753, 0.0121726 
4.754, 0.0121675 
4.755, 0.0121625 
4.756, 0.0121575 
4.757, 0.0121524 
4.758, 0.0121474 
4.759, 0.0121423 
4.76, 0.0121373 
4.761, 0.0121323 
4.762, 0.0121272 
4.763, 0.0121222 
4.764, 0.0121172 
4.765, 0.0121122 
4.766, 0.0121072 
4.767, 0.0121022 
4.768, 0.0120972 
4.769, 0.0120921 
4.77, 0.0120871 
4.771, 0.0120821 
4.772, 0.0120771 
4.773, 0.0120722 
4.774, 0.0120672 
4.775, 0.0120622 
4.776, 0.0120572 
4.777, 0.0120522 
4.778, 0.0120472 
4.779, 0.0120423 
4.78, 0.0120373 
4.781, 0.0120323 
4.782, 0.0120273 
4.783, 0.0120224 
4.784, 0.0120174 
4.785, 0.0120125 
4.786, 0.0120075 
4.787, 0.0120026 
4.788, 0.0119976 
4.789, 0.0119927 
4.79, 0.0119877 
4.791, 0.0119828 
4.792, 0.0119778 
4.793, 0.0119729 
4.794, 0.011968 
4.795, 0.011963 
4.796, 0.0119581 
4.797, 0.0119532 
4.798, 0.0119483 
4.799, 0.0119434 
4.8, 0.0119384 
4.801, 0.0119335 
4.802, 0.0119286 
4.803, 0.0119237 
4.804, 0.0119188 
4.805, 0.0119139 
4.806, 0.011909 
4.807, 0.0119041 
4.808, 0.0118992 
4.809, 0.0118944 
4.81, 0.0118895 
4.811, 0.0118846 
4.812, 0.0118797 
4.813, 0.0118748 
4.814, 0.01187 
4.815, 0.0118651 
4.816, 0.0118602 
4.817, 0.0118554 
4.818, 0.0118505 
4.819, 0.0118456 
4.82, 0.0118408 
4.821, 0.0118359 
4.822, 0.0118311 
4.823, 0.0118262 
4.824, 0.0118214 
4.825, 0.0118166 
4.826, 0.0118117 
4.827, 0.0118069 
4.828, 0.011802 
4.829, 0.0117972 
4.83, 0.0117924 
4.831, 0.0117876 
4.832, 0.0117827 
4.833, 0.0117779 
4.834, 0.0117731 
4.835, 0.0117683 
4.836, 0.0117635 
4.837, 0.0117587 
4.838, 0.0117539 
4.839, 0.0117491 
4.84, 0.0117443 
4.841, 0.0117395 
4.842, 0.0117347 
4.843, 0.0117299 
4.844, 0.0117251 
4.845, 0.0117203 
4.846, 0.0117155 
4.847, 0.0117108 
4.848, 0.011706 
4.849, 0.0117012 
4.85, 0.0116964 
4.851, 0.0116917 
4.852, 0.0116869 
4.853, 0.0116822 
4.854, 0.0116774 
4.855, 0.0116726 
4.856, 0.0116679 
4.857, 0.0116631 
4.858, 0.0116584 
4.859, 0.0116536 
4.86, 0.0116489 
4.861, 0.0116442 
4.862, 0.0116394 
4.863, 0.0116347 
4.864, 0.01163 
4.865, 0.0116252 
4.866, 0.0116205 
4.867, 0.0116158 
4.868, 0.0116111 
4.869, 0.0116063 
4.87, 0.0116016 
4.871, 0.0115969 
4.872, 0.0115922 
4.873, 0.0115875 
4.874, 0.0115828 
4.875, 0.0115781 
4.876, 0.0115734 
4.877, 0.0115687 
4.878, 0.011564 
4.879, 0.0115593 
4.88, 0.0115546 
4.881, 0.01155 
4.882, 0.0115453 
4.883, 0.0115406 
4.884, 0.0115359 
4.885, 0.0115313 
4.886, 0.0115266 
4.887, 0.0115219 
4.888, 0.0115173 
4.889, 0.0115126 
4.89, 0.0115079 
4.891, 0.0115033 
4.892, 0.0114986 
4.893, 0.011494 
4.894, 0.0114893 
4.895, 0.0114847 
4.896, 0.01148 
4.897, 0.0114754 
4.898, 0.0114708 
4.899, 0.0114661 
4.9, 0.0114615 
4.901, 0.0114569 
4.902, 0.0114522 
4.903, 0.0114476 
4.904, 0.011443 
4.905, 0.0114384 
4.906, 0.0114338 
4.907, 0.0114291 
4.908, 0.0114245 
4.909, 0.0114199 
4.91, 0.0114153 
4.911, 0.0114107 
4.912, 0.0114061 
4.913, 0.0114015 
4.914, 0.0113969 
4.915, 0.0113923 
4.916, 0.0113877 
4.917, 0.0113832 
4.918, 0.0113786 
4.919, 0.011374 
4.92, 0.0113694 
4.921, 0.0113648 
4.922, 0.0113603 
4.923, 0.0113557 
4.924, 0.0113511 
4.925, 0.0113466 
4.926, 0.011342 
4.927, 0.0113374 
4.928, 0.0113329 
4.929, 0.0113283 
4.93, 0.0113238 
4.931, 0.0113192 
4.932, 0.0113147 
4.933, 0.0113101 
4.934, 0.0113056 
4.935, 0.0113011 
4.936, 0.0112965 
4.937, 0.011292 
4.938, 0.0112875 
4.939, 0.0112829 
4.94, 0.0112784 
4.941, 0.0112739 
4.942, 0.0112694 
4.943, 0.0112649 
4.944, 0.0112603 
4.945, 0.0112558 
4.946, 0.0112513 
4.947, 0.0112468 
4.948, 0.0112423 
4.949, 0.0112378 
4.95, 0.0112333 
4.951, 0.0112288 
4.952, 0.0112243 
4.953, 0.0112198 
4.954, 0.0112153 
4.955, 0.0112109 
4.956, 0.0112064 
4.957, 0.0112019 
4.958, 0.0111974 
4.959, 0.0111929 
4.96, 0.0111885 
4.961, 0.011184 
4.962, 0.0111795 
4.963, 0.0111751 
4.964, 0.0111706 
4.965, 0.0111661 
4.966, 0.0111617 
4.967, 0.0111572 
4.968, 0.0111528 
4.969, 0.0111483 
4.97, 0.0111439 
4.971, 0.0111394 
4.972, 0.011135 
4.973, 0.0111306 
4.974, 0.0111261 
4.975, 0.0111217 
4.976, 0.0111173 
4.977, 0.0111128 
4.978, 0.0111084 
4.979, 0.011104 
4.98, 0.0110996 
4.981, 0.0110951 
4.982, 0.0110907 
4.983, 0.0110863 
4.984, 0.0110819 
4.985, 0.0110775 
4.986, 0.0110731 
4.987, 0.0110687 
4.988, 0.0110643 
4.989, 0.0110599 
4.99, 0.0110555 
4.991, 0.0110511 
4.992, 0.0110467 
4.993, 0.0110423 
4.994, 0.0110379 
4.995, 0.0110335 
4.996, 0.0110292 
4.997, 0.0110248 
4.998, 0.0110204 
4.999, 0.011016 
