0, -nan 
0.001, 0.0150579 
0.002, 0.0100654 
0.003, 0.00980936 
0.004, 0.00788456 
0.005, 0.279833 
0.006, 0.041339 
0.007, 0.275584 
0.008, 0.04515 
0.009, 0.277336 
0.01, 0.18301 
0.011, 0.111764 
0.012, 0.0298607 
0.013, 0.254166 
0.014, 0.20778 
0.015, 0.256494 
0.016, 0.500189 
0.017, 0.427613 
0.018, 0.162386 
0.019, 0.210091 
0.02, 0.079445 
0.021, 0.0429497 
0.022, 0.0217444 
0.023, 0.0241684 
0.024, 0.00830137 
0.025, 0.107194 
0.026, 0.0927678 
0.027, 0.0622153 
0.028, 0.0804545 
0.029, 0.108699 
0.03, 0.13432 
0.031, 0.196731 
0.032, 0.339294 
0.033, 0.445891 
0.034, 0.313415 
0.035, 0.255726 
0.036, 0.503654 
0.037, 0.329261 
0.038, 0.38863 
0.039, 0.464738 
0.04, 0.330751 
0.041, 0.496593 
0.042, 0.348161 
0.043, 0.445924 
0.044, 0.438277 
0.045, 0.320018 
0.046, 0.542417 
0.047, 0.282414 
0.048, 0.425829 
0.049, 0.482942 
0.05, 0.252972 
0.051, 0.415735 
0.052, 0.477975 
0.053, 0.257643 
0.054, 0.312295 
0.055, 0.478114 
0.056, 0.354527 
0.057, 0.211075 
0.058, 0.325944 
0.059, 0.445225 
0.06, 0.33883 
0.061, 0.195166 
0.062, 0.238991 
0.063, 0.376395 
0.064, 0.389512 
0.065, 0.261642 
0.066, 0.163063 
0.067, 0.2048 
0.068, 0.317931 
0.069, 0.363418 
0.07, 0.292872 
0.071, 0.181208 
0.072, 0.132554 
0.073, 0.179935 
0.074, 0.269245 
0.075, 0.319381 
0.076, 0.290778 
0.077, 0.207747 
0.078, 0.12999 
0.079, 0.105864 
0.08, 0.142977 
0.081, 0.210454 
0.082, 0.263725 
0.083, 0.271975 
0.084, 0.23244 
0.085, 0.167154 
0.086, 0.107982 
0.087, 0.0799873 
0.088, 0.0912288 
0.089, 0.132036 
0.09, 0.181863 
0.091, 0.219173 
0.092, 0.22979 
0.093, 0.210908 
0.094, 0.170298 
0.095, 0.122055 
0.096, 0.0810743 
0.097, 0.058308 
0.098, 0.058097 
0.099, 0.0779216 
0.1, 0.11012 
0.101, 0.144683 
0.102, 0.172155 
0.103, 0.185875 
0.104, 0.183155 
0.105, 0.165313 
0.106, 0.136816 
0.107, 0.103884 
0.108, 0.0729691 
0.109, 0.0494484 
0.11, 0.0367501 
0.111, 0.0359894 
0.112, 0.0460869 
0.113, 0.0642515 
0.114, 0.0866745 
0.115, 0.109276 
0.116, 0.128374 
0.117, 0.141184 
0.118, 0.146105 
0.119, 0.14279 
0.12, 0.132031 
0.121, 0.115508 
0.122, 0.0954644 
0.123, 0.0743517 
0.124, 0.0545154 
0.125, 0.0379333 
0.126, 0.0260387 
0.127, 0.0196311 
0.128, 0.0188691 
0.129, 0.0233318 
0.13, 0.032131 
0.131, 0.0440531 
0.132, 0.0577123 
0.133, 0.0716972 
0.134, 0.0846993 
0.135, 0.0956135 
0.136, 0.103607 
0.137, 0.108156 
0.138, 0.10905 
0.139, 0.106376 
0.14, 0.100473 
0.141, 0.0918835 
0.142, 0.0812883 
0.143, 0.0694468 
0.144, 0.0571359 
0.145, 0.0450973 
0.146, 0.0339942 
0.147, 0.0243785 
0.148, 0.0166691 
0.149, 0.0111422 
0.15, 0.00792979 
0.151, 0.00702821 
0.152, 0.00831233 
0.153, 0.0115551 
0.154, 0.01645 
0.155, 0.0226347 
0.156, 0.0297149 
0.157, 0.0372866 
0.158, 0.0449561 
0.159, 0.0523571 
0.16, 0.0591644 
0.161, 0.0651039 
0.162, 0.0699595 
0.163, 0.0735759 
0.164, 0.0758595 
0.165, 0.0767756 
0.166, 0.0763443 
0.167, 0.0746342 
0.168, 0.0717551 
0.169, 0.06785 
0.17, 0.0630872 
0.171, 0.0576514 
0.172, 0.0517362 
0.173, 0.0455365 
0.174, 0.0392425 
0.175, 0.0330333 
0.176, 0.0270732 
0.177, 0.021507 
0.178, 0.0164583 
0.179, 0.0120275 
0.18, 0.00829087 
0.181, 0.0053007 
0.182, 0.00308605 
0.183, 0.00165404 
0.184, 0.000991532 
0.185, 0.00106737 
0.186, 0.00183472 
0.187, 0.0032336 
0.188, 0.00519353 
0.189, 0.00763614 
0.19, 0.0104777 
0.191, 0.0136314 
0.192, 0.0170099 
0.193, 0.0205269 
0.194, 0.0240991 
0.195, 0.027648 
0.196, 0.0311006 
0.197, 0.0343908 
0.198, 0.0374603 
0.199, 0.0402587 
0.2, 0.042744 
0.201, 0.0448827 
0.202, 0.0466499 
0.203, 0.0480289 
0.204, 0.0490105 
0.205, 0.0495934 
0.206, 0.0497827 
0.207, 0.0495898 
0.208, 0.0490315 
0.209, 0.0481294 
0.21, 0.0469092 
0.211, 0.0453997 
0.212, 0.0436324 
0.213, 0.0416408 
0.214, 0.0394593 
0.215, 0.0371232 
0.216, 0.0346677 
0.217, 0.0321276 
0.218, 0.0295368 
0.219, 0.0269277 
0.22, 0.0243312 
0.221, 0.0217762 
0.222, 0.0192893 
0.223, 0.0168947 
0.224, 0.0146141 
0.225, 0.0124668 
0.226, 0.010469 
0.227, 0.00863464 
0.228, 0.00697479 
0.229, 0.00549801 
0.23, 0.00421036 
0.231, 0.00311554 
0.232, 0.00221495 
0.233, 0.00150794 
0.234, 0.000991868 
0.235, 0.000662349 
0.236, 0.000513373 
0.237, 0.00053751 
0.238, 0.000726078 
0.239, 0.00106932 
0.24, 0.0015566 
0.241, 0.00217651 
0.242, 0.00291713 
0.243, 0.00376608 
0.244, 0.00471074 
0.245, 0.00573837 
0.246, 0.00683619 
0.247, 0.00799157 
0.248, 0.00919208 
0.249, 0.0104256 
0.25, 0.0116805 
0.251, 0.0129455 
0.252, 0.0142099 
0.253, 0.0154636 
0.254, 0.0166971 
0.255, 0.0179018 
0.256, 0.0190694 
0.257, 0.0201925 
0.258, 0.0212647 
0.259, 0.0222799 
0.26, 0.0232329 
0.261, 0.0241194 
0.262, 0.0249354 
0.263, 0.0256781 
0.264, 0.0263449 
0.265, 0.0269341 
0.266, 0.0274445 
0.267, 0.0278757 
0.268, 0.0282275 
0.269, 0.0285005 
0.27, 0.0286957 
0.271, 0.0288144 
0.272, 0.0288586 
0.273, 0.0288303 
0.274, 0.0287321 
0.275, 0.0285669 
0.276, 0.0283377 
0.277, 0.0280478 
0.278, 0.0277006 
0.279, 0.0272999 
0.28, 0.0268494 
0.281, 0.026353 
0.282, 0.0258145 
0.283, 0.025238 
0.284, 0.0246275 
0.285, 0.0239869 
0.286, 0.0233202 
0.287, 0.0226312 
0.288, 0.0219239 
0.289, 0.0212018 
0.29, 0.0204688 
0.291, 0.0197282 
0.292, 0.0189836 
0.293, 0.0182381 
0.294, 0.017495 
0.295, 0.0167571 
0.296, 0.0160272 
0.297, 0.0153081 
0.298, 0.0146022 
0.299, 0.0139117 
0.3, 0.0132389 
0.301, 0.0125858 
0.302, 0.0119539 
0.303, 0.0113452 
0.304, 0.0107608 
0.305, 0.0102023 
0.306, 0.00967062 
0.307, 0.00916681 
0.308, 0.00869165 
0.309, 0.00824583 
0.31, 0.00782986 
0.311, 0.00744412 
0.312, 0.00708886 
0.313, 0.00676419 
0.314, 0.00647013 
0.315, 0.00620655 
0.316, 0.00597324 
0.317, 0.00576987 
0.318, 0.00559602 
0.319, 0.00545119 
0.32, 0.00533479 
0.321, 0.00524616 
0.322, 0.00518457 
0.323, 0.00514922 
0.324, 0.00513927 
0.325, 0.00515381 
0.326, 0.00519189 
0.327, 0.00525254 
0.328, 0.00533474 
0.329, 0.00543743 
0.33, 0.00555955 
0.331, 0.00570002 
0.332, 0.00585773 
0.333, 0.00603157 
0.334, 0.00622042 
0.335, 0.00642317 
0.336, 0.00663871 
0.337, 0.00686592 
0.338, 0.00710372 
0.339, 0.007351 
0.34, 0.00760671 
0.341, 0.00786978 
0.342, 0.00813919 
0.343, 0.00841392 
0.344, 0.00869299 
0.345, 0.00897544 
0.346, 0.00926035 
0.347, 0.00954679 
0.348, 0.00983392 
0.349, 0.0101209 
0.35, 0.0104069 
0.351, 0.0106911 
0.352, 0.0109729 
0.353, 0.0112515 
0.354, 0.0115262 
0.355, 0.0117965 
0.356, 0.0120617 
0.357, 0.0123212 
0.358, 0.0125745 
0.359, 0.0128212 
0.36, 0.0130608 
0.361, 0.0132928 
0.362, 0.0135169 
0.363, 0.0137328 
0.364, 0.01394 
0.365, 0.0141383 
0.366, 0.0143275 
0.367, 0.0145073 
0.368, 0.0146775 
0.369, 0.014838 
0.37, 0.0149887 
0.371, 0.0151293 
0.372, 0.0152599 
0.373, 0.0153804 
0.374, 0.0154907 
0.375, 0.0155908 
0.376, 0.0156809 
0.377, 0.0157608 
0.378, 0.0158306 
0.379, 0.0158905 
0.38, 0.0159405 
0.381, 0.0159808 
0.382, 0.0160114 
0.383, 0.0160325 
0.384, 0.0160444 
0.385, 0.0160471 
0.386, 0.0160408 
0.387, 0.0160258 
0.388, 0.0160023 
0.389, 0.0159704 
0.39, 0.0159305 
0.391, 0.0158827 
0.392, 0.0158274 
0.393, 0.0157647 
0.394, 0.015695 
0.395, 0.0156185 
0.396, 0.0155355 
0.397, 0.0154463 
0.398, 0.0153511 
0.399, 0.0152502 
0.4, 0.015144 
0.401, 0.0150327 
0.402, 0.0149165 
0.403, 0.0147959 
0.404, 0.014671 
0.405, 0.0145423 
0.406, 0.0144098 
0.407, 0.0142741 
0.408, 0.0141352 
0.409, 0.0139936 
0.41, 0.0138494 
0.411, 0.0137031 
0.412, 0.0135547 
0.413, 0.0134047 
0.414, 0.0132533 
0.415, 0.0131007 
0.416, 0.0129472 
0.417, 0.012793 
0.418, 0.0126384 
0.419, 0.0124837 
0.42, 0.012329 
0.421, 0.0121746 
0.422, 0.0120207 
0.423, 0.0118675 
0.424, 0.0117153 
0.425, 0.0115642 
0.426, 0.0114145 
0.427, 0.0112663 
0.428, 0.0111198 
0.429, 0.0109752 
0.43, 0.0108327 
0.431, 0.0106924 
0.432, 0.0105545 
0.433, 0.0104191 
0.434, 0.0102865 
0.435, 0.0101566 
0.436, 0.0100297 
0.437, 0.00990586 
0.438, 0.00978522 
0.439, 0.0096679 
0.44, 0.00955399 
0.441, 0.00944358 
0.442, 0.00933679 
0.443, 0.00923368 
0.444, 0.00913434 
0.445, 0.00903885 
0.446, 0.00894727 
0.447, 0.00885966 
0.448, 0.00877609 
0.449, 0.00869659 
0.45, 0.00862123 
0.451, 0.00855003 
0.452, 0.00848303 
0.453, 0.00842026 
0.454, 0.00836175 
0.455, 0.0083075 
0.456, 0.00825755 
0.457, 0.0082119 
0.458, 0.00817054 
0.459, 0.00813349 
0.46, 0.00810074 
0.461, 0.00807228 
0.462, 0.0080481 
0.463, 0.00802818 
0.464, 0.00801251 
0.465, 0.00800106 
0.466, 0.00799379 
0.467, 0.0079907 
0.468, 0.00799173 
0.469, 0.00799685 
0.47, 0.00800603 
0.471, 0.00801921 
0.472, 0.00803636 
0.473, 0.00805742 
0.474, 0.00808235 
0.475, 0.00811109 
0.476, 0.00814358 
0.477, 0.00817977 
0.478, 0.0082196 
0.479, 0.008263 
0.48, 0.00830992 
0.481, 0.00836029 
0.482, 0.00841403 
0.483, 0.00847108 
0.484, 0.00853138 
0.485, 0.00859484 
0.486, 0.00866141 
0.487, 0.00873099 
0.488, 0.00880352 
0.489, 0.00887893 
0.49, 0.00895713 
0.491, 0.00903805 
0.492, 0.00912162 
0.493, 0.00920774 
0.494, 0.00929634 
0.495, 0.00938735 
0.496, 0.00948068 
0.497, 0.00957626 
0.498, 0.009674 
0.499, 0.00977382 
0.5, 0.00987563 
0.501, 0.00997937 
0.502, 0.010085 
0.503, 0.0101923 
0.504, 0.0103013 
0.505, 0.0104119 
0.506, 0.0105241 
0.507, 0.0106376 
0.508, 0.0107526 
0.509, 0.0108688 
0.51, 0.0109862 
0.511, 0.0111047 
0.512, 0.0112243 
0.513, 0.0113449 
0.514, 0.0114663 
0.515, 0.0115886 
0.516, 0.0117116 
0.517, 0.0118353 
0.518, 0.0119596 
0.519, 0.0120844 
0.52, 0.0122097 
0.521, 0.0123353 
0.522, 0.0124613 
0.523, 0.0125875 
0.524, 0.0127139 
0.525, 0.0128404 
0.526, 0.012967 
0.527, 0.0130935 
0.528, 0.01322 
0.529, 0.0133463 
0.53, 0.0134724 
0.531, 0.0135982 
0.532, 0.0137237 
0.533, 0.0138489 
0.534, 0.0139735 
0.535, 0.0140977 
0.536, 0.0142214 
0.537, 0.0143444 
0.538, 0.0144668 
0.539, 0.0145885 
0.54, 0.0147094 
0.541, 0.0148295 
0.542, 0.0149488 
0.543, 0.0150671 
0.544, 0.0151845 
0.545, 0.0153009 
0.546, 0.0154163 
0.547, 0.0155306 
0.548, 0.0156437 
0.549, 0.0157557 
0.55, 0.0158665 
0.551, 0.0159761 
0.552, 0.0160844 
0.553, 0.0161914 
0.554, 0.0162971 
0.555, 0.0164013 
0.556, 0.0165042 
0.557, 0.0166056 
0.558, 0.0167056 
0.559, 0.0168041 
0.56, 0.016901 
0.561, 0.0169964 
0.562, 0.0170902 
0.563, 0.0171824 
0.564, 0.017273 
0.565, 0.0173619 
0.566, 0.0174492 
0.567, 0.0175348 
0.568, 0.0176187 
0.569, 0.0177008 
0.57, 0.0177812 
0.571, 0.0178599 
0.572, 0.0179367 
0.573, 0.0180118 
0.574, 0.0180851 
0.575, 0.0181565 
0.576, 0.0182261 
0.577, 0.0182939 
0.578, 0.0183598 
0.579, 0.0184239 
0.58, 0.0184861 
0.581, 0.0185464 
0.582, 0.0186049 
0.583, 0.0186614 
0.584, 0.0187161 
0.585, 0.0187688 
0.586, 0.0188197 
0.587, 0.0188686 
0.588, 0.0189157 
0.589, 0.0189608 
0.59, 0.019004 
0.591, 0.0190453 
0.592, 0.0190847 
0.593, 0.0191221 
0.594, 0.0191577 
0.595, 0.0191914 
0.596, 0.0192231 
0.597, 0.019253 
0.598, 0.0192809 
0.599, 0.019307 
0.6, 0.0193312 
0.601, 0.0193534 
0.602, 0.0193739 
0.603, 0.0193924 
0.604, 0.0194091 
0.605, 0.0194239 
0.606, 0.0194369 
0.607, 0.0194481 
0.608, 0.0194574 
0.609, 0.0194649 
0.61, 0.0194706 
0.611, 0.0194745 
0.612, 0.0194767 
0.613, 0.019477 
0.614, 0.0194756 
0.615, 0.0194724 
0.616, 0.0194675 
0.617, 0.0194609 
0.618, 0.0194525 
0.619, 0.0194425 
0.62, 0.0194307 
0.621, 0.0194173 
0.622, 0.0194022 
0.623, 0.0193855 
0.624, 0.0193672 
0.625, 0.0193472 
0.626, 0.0193257 
0.627, 0.0193026 
0.628, 0.0192779 
0.629, 0.0192516 
0.63, 0.0192238 
0.631, 0.0191945 
0.632, 0.0191637 
0.633, 0.0191314 
0.634, 0.0190976 
0.635, 0.0190624 
0.636, 0.0190258 
0.637, 0.0189877 
0.638, 0.0189483 
0.639, 0.0189074 
0.64, 0.0188652 
0.641, 0.0188217 
0.642, 0.0187768 
0.643, 0.0187306 
0.644, 0.0186831 
0.645, 0.0186343 
0.646, 0.0185843 
0.647, 0.0185331 
0.648, 0.0184806 
0.649, 0.018427 
0.65, 0.0183721 
0.651, 0.0183161 
0.652, 0.018259 
0.653, 0.0182007 
0.654, 0.0181413 
0.655, 0.0180808 
0.656, 0.0180193 
0.657, 0.0179567 
0.658, 0.0178931 
0.659, 0.0178285 
0.66, 0.0177629 
0.661, 0.0176963 
0.662, 0.0176287 
0.663, 0.0175602 
0.664, 0.0174908 
0.665, 0.0174205 
0.666, 0.0173493 
0.667, 0.0172773 
0.668, 0.0172044 
0.669, 0.0171307 
0.67, 0.0170562 
0.671, 0.0169809 
0.672, 0.0169048 
0.673, 0.0168279 
0.674, 0.0167504 
0.675, 0.0166721 
0.676, 0.0165931 
0.677, 0.0165135 
0.678, 0.0164331 
0.679, 0.0163522 
0.68, 0.0162706 
0.681, 0.0161884 
0.682, 0.0161056 
0.683, 0.0160222 
0.684, 0.0159383 
0.685, 0.0158538 
0.686, 0.0157689 
0.687, 0.0156834 
0.688, 0.0155974 
0.689, 0.0155109 
0.69, 0.015424 
0.691, 0.0153367 
0.692, 0.0152489 
0.693, 0.0151608 
0.694, 0.0150722 
0.695, 0.0149833 
0.696, 0.014894 
0.697, 0.0148044 
0.698, 0.0147144 
0.699, 0.0146242 
0.7, 0.0145336 
0.701, 0.0144428 
0.702, 0.0143517 
0.703, 0.0142603 
0.704, 0.0141687 
0.705, 0.0140769 
0.706, 0.0139849 
0.707, 0.0138927 
0.708, 0.0138003 
0.709, 0.0137078 
0.71, 0.0136151 
0.711, 0.0135223 
0.712, 0.0134294 
0.713, 0.0133363 
0.714, 0.0132432 
0.715, 0.01315 
0.716, 0.0130567 
0.717, 0.0129633 
0.718, 0.01287 
0.719, 0.0127766 
0.72, 0.0126831 
0.721, 0.0125897 
0.722, 0.0124963 
0.723, 0.0124029 
0.724, 0.0123096 
0.725, 0.0122163 
0.726, 0.012123 
0.727, 0.0120298 
0.728, 0.0119367 
0.729, 0.0118437 
0.73, 0.0117508 
0.731, 0.0116581 
0.732, 0.0115654 
0.733, 0.0114729 
0.734, 0.0113805 
0.735, 0.0112883 
0.736, 0.0111962 
0.737, 0.0111044 
0.738, 0.0110127 
0.739, 0.0109212 
0.74, 0.0108299 
0.741, 0.0107389 
0.742, 0.010648 
0.743, 0.0105574 
0.744, 0.0104671 
0.745, 0.010377 
0.746, 0.0102872 
0.747, 0.0101976 
0.748, 0.0101083 
0.749, 0.0100193 
0.75, 0.00993066 
0.751, 0.00984228 
0.752, 0.00975421 
0.753, 0.00966646 
0.754, 0.00957905 
0.755, 0.00949197 
0.756, 0.00940524 
0.757, 0.00931886 
0.758, 0.00923284 
0.759, 0.00914719 
0.76, 0.00906191 
0.761, 0.00897702 
0.762, 0.00889251 
0.763, 0.0088084 
0.764, 0.00872469 
0.765, 0.00864139 
0.766, 0.0085585 
0.767, 0.00847604 
0.768, 0.008394 
0.769, 0.00831239 
0.77, 0.00823122 
0.771, 0.00815049 
0.772, 0.00807022 
0.773, 0.0079904 
0.774, 0.00791104 
0.775, 0.00783214 
0.776, 0.00775372 
0.777, 0.00767577 
0.778, 0.0075983 
0.779, 0.00752132 
0.78, 0.00744483 
0.781, 0.00736883 
0.782, 0.00729333 
0.783, 0.00721834 
0.784, 0.00714385 
0.785, 0.00706988 
0.786, 0.00699642 
0.787, 0.00692348 
0.788, 0.00685107 
0.789, 0.00677918 
0.79, 0.00670783 
0.791, 0.006637 
0.792, 0.00656672 
0.793, 0.00649698 
0.794, 0.00642778 
0.795, 0.00635913 
0.796, 0.00629103 
0.797, 0.00622349 
0.798, 0.0061565 
0.799, 0.00609007 
0.8, 0.0060242 
0.801, 0.0059589 
0.802, 0.00589416 
0.803, 0.00583 
0.804, 0.0057664 
0.805, 0.00570338 
0.806, 0.00564094 
0.807, 0.00557907 
0.808, 0.00551779 
0.809, 0.00545708 
0.81, 0.00539696 
0.811, 0.00533743 
0.812, 0.00527848 
0.813, 0.00522012 
0.814, 0.00516236 
0.815, 0.00510518 
0.816, 0.0050486 
0.817, 0.00499261 
0.818, 0.00493722 
0.819, 0.00488242 
0.82, 0.00482822 
0.821, 0.00477462 
0.822, 0.00472162 
0.823, 0.00466922 
0.824, 0.00461742 
0.825, 0.00456623 
0.826, 0.00451563 
0.827, 0.00446564 
0.828, 0.00441626 
0.829, 0.00436748 
0.83, 0.0043193 
0.831, 0.00427172 
0.832, 0.00422476 
0.833, 0.00417839 
0.834, 0.00413264 
0.835, 0.00408749 
0.836, 0.00404294 
0.837, 0.003999 
0.838, 0.00395566 
0.839, 0.00391294 
0.84, 0.00387081 
0.841, 0.00382929 
0.842, 0.00378838 
0.843, 0.00374807 
0.844, 0.00370836 
0.845, 0.00366925 
0.846, 0.00363075 
0.847, 0.00359285 
0.848, 0.00355556 
0.849, 0.00351886 
0.85, 0.00348277 
0.851, 0.00344727 
0.852, 0.00341237 
0.853, 0.00337807 
0.854, 0.00334437 
0.855, 0.00331126 
0.856, 0.00327875 
0.857, 0.00324683 
0.858, 0.00321551 
0.859, 0.00318478 
0.86, 0.00315463 
0.861, 0.00312508 
0.862, 0.00309612 
0.863, 0.00306774 
0.864, 0.00303995 
0.865, 0.00301275 
0.866, 0.00298612 
0.867, 0.00296008 
0.868, 0.00293462 
0.869, 0.00290974 
0.87, 0.00288544 
0.871, 0.00286171 
0.872, 0.00283855 
0.873, 0.00281597 
0.874, 0.00279396 
0.875, 0.00277252 
0.876, 0.00275165 
0.877, 0.00273134 
0.878, 0.0027116 
0.879, 0.00269242 
0.88, 0.0026738 
0.881, 0.00265574 
0.882, 0.00263824 
0.883, 0.00262129 
0.884, 0.0026049 
0.885, 0.00258906 
0.886, 0.00257376 
0.887, 0.00255902 
0.888, 0.00254482 
0.889, 0.00253116 
0.89, 0.00251805 
0.891, 0.00250548 
0.892, 0.00249344 
0.893, 0.00248194 
0.894, 0.00247097 
0.895, 0.00246053 
0.896, 0.00245062 
0.897, 0.00244124 
0.898, 0.00243238 
0.899, 0.00242405 
0.9, 0.00241623 
0.901, 0.00240893 
0.902, 0.00240215 
0.903, 0.00239588 
0.904, 0.00239013 
0.905, 0.00238488 
0.906, 0.00238014 
0.907, 0.0023759 
0.908, 0.00237216 
0.909, 0.00236893 
0.91, 0.00236619 
0.911, 0.00236394 
0.912, 0.00236219 
0.913, 0.00236093 
0.914, 0.00236015 
0.915, 0.00235986 
0.916, 0.00236005 
0.917, 0.00236073 
0.918, 0.00236188 
0.919, 0.0023635 
0.92, 0.0023656 
0.921, 0.00236817 
0.922, 0.0023712 
0.923, 0.00237471 
0.924, 0.00237867 
0.925, 0.00238309 
0.926, 0.00238798 
0.927, 0.00239331 
0.928, 0.0023991 
0.929, 0.00240534 
0.93, 0.00241203 
0.931, 0.00241916 
0.932, 0.00242674 
0.933, 0.00243475 
0.934, 0.0024432 
0.935, 0.00245209 
0.936, 0.00246141 
0.937, 0.00247116 
0.938, 0.00248133 
0.939, 0.00249193 
0.94, 0.00250295 
0.941, 0.00251439 
0.942, 0.00252625 
0.943, 0.00253852 
0.944, 0.0025512 
0.945, 0.00256429 
0.946, 0.00257779 
0.947, 0.00259169 
0.948, 0.00260599 
0.949, 0.00262069 
0.95, 0.00263579 
0.951, 0.00265127 
0.952, 0.00266715 
0.953, 0.00268342 
0.954, 0.00270007 
0.955, 0.00271711 
0.956, 0.00273452 
0.957, 0.00275232 
0.958, 0.00277048 
0.959, 0.00278902 
0.96, 0.00280793 
0.961, 0.00282721 
0.962, 0.00284685 
0.963, 0.00286685 
0.964, 0.00288721 
0.965, 0.00290793 
0.966, 0.00292901 
0.967, 0.00295043 
0.968, 0.0029722 
0.969, 0.00299432 
0.97, 0.00301679 
0.971, 0.00303959 
0.972, 0.00306274 
0.973, 0.00308621 
0.974, 0.00311003 
0.975, 0.00313417 
0.976, 0.00315864 
0.977, 0.00318344 
0.978, 0.00320856 
0.979, 0.00323401 
0.98, 0.00325977 
0.981, 0.00328584 
0.982, 0.00331223 
0.983, 0.00333893 
0.984, 0.00336594 
0.985, 0.00339325 
0.986, 0.00342087 
0.987, 0.00344879 
0.988, 0.003477 
0.989, 0.00350552 
0.99, 0.00353432 
0.991, 0.00356342 
0.992, 0.0035928 
0.993, 0.00362247 
0.994, 0.00365242 
0.995, 0.00368266 
0.996, 0.00371317 
0.997, 0.00374396 
0.998, 0.00377502 
0.999, 0.00380635 
1, 0.00383796 
1.001, 0.00386982 
1.002, 0.00390196 
1.003, 0.00393435 
1.004, 0.003967 
1.005, 0.00399991 
1.006, 0.00403308 
1.007, 0.00406649 
1.008, 0.00410016 
1.009, 0.00413408 
1.01, 0.00416823 
1.011, 0.00420264 
1.012, 0.00423728 
1.013, 0.00427216 
1.014, 0.00430727 
1.015, 0.00434262 
1.016, 0.0043782 
1.017, 0.00441401 
1.018, 0.00445005 
1.019, 0.00448631 
1.02, 0.00452279 
1.021, 0.0045595 
1.022, 0.00459642 
1.023, 0.00463355 
1.024, 0.0046709 
1.025, 0.00470846 
1.026, 0.00474623 
1.027, 0.00478421 
1.028, 0.00482239 
1.029, 0.00486077 
1.03, 0.00489935 
1.031, 0.00493814 
1.032, 0.00497711 
1.033, 0.00501628 
1.034, 0.00505564 
1.035, 0.00509519 
1.036, 0.00513493 
1.037, 0.00517486 
1.038, 0.00521496 
1.039, 0.00525525 
1.04, 0.00529572 
1.041, 0.00533636 
1.042, 0.00537718 
1.043, 0.00541817 
1.044, 0.00545933 
1.045, 0.00550066 
1.046, 0.00554216 
1.047, 0.00558382 
1.048, 0.00562565 
1.049, 0.00566763 
1.05, 0.00570977 
1.051, 0.00575207 
1.052, 0.00579453 
1.053, 0.00583714 
1.054, 0.0058799 
1.055, 0.00592281 
1.056, 0.00596586 
1.057, 0.00600906 
1.058, 0.0060524 
1.059, 0.00609589 
1.06, 0.00613951 
1.061, 0.00618327 
1.062, 0.00622717 
1.063, 0.0062712 
1.064, 0.00631537 
1.065, 0.00635966 
1.066, 0.00640408 
1.067, 0.00644863 
1.068, 0.0064933 
1.069, 0.0065381 
1.07, 0.00658301 
1.071, 0.00662805 
1.072, 0.0066732 
1.073, 0.00671847 
1.074, 0.00676385 
1.075, 0.00680935 
1.076, 0.00685495 
1.077, 0.00690067 
1.078, 0.00694649 
1.079, 0.00699242 
1.08, 0.00703845 
1.081, 0.00708458 
1.082, 0.00713082 
1.083, 0.00717715 
1.084, 0.00722358 
1.085, 0.0072701 
1.086, 0.00731672 
1.087, 0.00736343 
1.088, 0.00741023 
1.089, 0.00745712 
1.09, 0.0075041 
1.091, 0.00755116 
1.092, 0.00759831 
1.093, 0.00764553 
1.094, 0.00769284 
1.095, 0.00774023 
1.096, 0.0077877 
1.097, 0.00783525 
1.098, 0.00788286 
1.099, 0.00793056 
1.1, 0.00797832 
1.101, 0.00802615 
1.102, 0.00807406 
1.103, 0.00812203 
1.104, 0.00817006 
1.105, 0.00821816 
1.106, 0.00826633 
1.107, 0.00831455 
1.108, 0.00836284 
1.109, 0.00841118 
1.11, 0.00845958 
1.111, 0.00850804 
1.112, 0.00855655 
1.113, 0.00860511 
1.114, 0.00865373 
1.115, 0.00870239 
1.116, 0.00875111 
1.117, 0.00879987 
1.118, 0.00884868 
1.119, 0.00889753 
1.12, 0.00894643 
1.121, 0.00899537 
1.122, 0.00904435 
1.123, 0.00909337 
1.124, 0.00914243 
1.125, 0.00919152 
1.126, 0.00924066 
1.127, 0.00928982 
1.128, 0.00933902 
1.129, 0.00938825 
1.13, 0.00943751 
1.131, 0.0094868 
1.132, 0.00953612 
1.133, 0.00958547 
1.134, 0.00963484 
1.135, 0.00968424 
1.136, 0.00973366 
1.137, 0.00978311 
1.138, 0.00983257 
1.139, 0.00988205 
1.14, 0.00993156 
1.141, 0.00998108 
1.142, 0.0100306 
1.143, 0.0100802 
1.144, 0.0101297 
1.145, 0.0101793 
1.146, 0.0102289 
1.147, 0.0102785 
1.148, 0.0103281 
1.149, 0.0103777 
1.15, 0.0104274 
1.151, 0.010477 
1.152, 0.0105267 
1.153, 0.0105763 
1.154, 0.010626 
1.155, 0.0106756 
1.156, 0.0107253 
1.157, 0.0107749 
1.158, 0.0108246 
1.159, 0.0108742 
1.16, 0.0109239 
1.161, 0.0109735 
1.162, 0.0110232 
1.163, 0.0110728 
1.164, 0.0111224 
1.165, 0.011172 
1.166, 0.0112217 
1.167, 0.0112713 
1.168, 0.0113209 
1.169, 0.0113704 
1.17, 0.01142 
1.171, 0.0114696 
1.172, 0.0115191 
1.173, 0.0115686 
1.174, 0.0116182 
1.175, 0.0116677 
1.176, 0.0117171 
1.177, 0.0117666 
1.178, 0.011816 
1.179, 0.0118655 
1.18, 0.0119149 
1.181, 0.0119642 
1.182, 0.0120136 
1.183, 0.0120629 
1.184, 0.0121122 
1.185, 0.0121615 
1.186, 0.0122108 
1.187, 0.01226 
1.188, 0.0123092 
1.189, 0.0123584 
1.19, 0.0124075 
1.191, 0.0124566 
1.192, 0.0125057 
1.193, 0.0125548 
1.194, 0.0126038 
1.195, 0.0126528 
1.196, 0.0127017 
1.197, 0.0127506 
1.198, 0.0127995 
1.199, 0.0128484 
1.2, 0.0128972 
1.201, 0.012946 
1.202, 0.0129947 
1.203, 0.0130434 
1.204, 0.013092 
1.205, 0.0131407 
1.206, 0.0131892 
1.207, 0.0132378 
1.208, 0.0132863 
1.209, 0.0133347 
1.21, 0.0133831 
1.211, 0.0134315 
1.212, 0.0134798 
1.213, 0.0135281 
1.214, 0.0135763 
1.215, 0.0136245 
1.216, 0.0136726 
1.217, 0.0137207 
1.218, 0.0137687 
1.219, 0.0138167 
1.22, 0.0138647 
1.221, 0.0139125 
1.222, 0.0139604 
1.223, 0.0140082 
1.224, 0.0140559 
1.225, 0.0141036 
1.226, 0.0141512 
1.227, 0.0141988 
1.228, 0.0142463 
1.229, 0.0142937 
1.23, 0.0143411 
1.231, 0.0143885 
1.232, 0.0144358 
1.233, 0.014483 
1.234, 0.0145302 
1.235, 0.0145773 
1.236, 0.0146244 
1.237, 0.0146714 
1.238, 0.0147183 
1.239, 0.0147652 
1.24, 0.014812 
1.241, 0.0148588 
1.242, 0.0149055 
1.243, 0.0149521 
1.244, 0.0149987 
1.245, 0.0150452 
1.246, 0.0150917 
1.247, 0.0151381 
1.248, 0.0151844 
1.249, 0.0152306 
1.25, 0.0152768 
1.251, 0.0153229 
1.252, 0.015369 
1.253, 0.015415 
1.254, 0.0154609 
1.255, 0.0155068 
1.256, 0.0155526 
1.257, 0.0155983 
1.258, 0.0156439 
1.259, 0.0156895 
1.26, 0.015735 
1.261, 0.0157805 
1.262, 0.0158258 
1.263, 0.0158711 
1.264, 0.0159164 
1.265, 0.0159615 
1.266, 0.0160066 
1.267, 0.0160516 
1.268, 0.0160966 
1.269, 0.0161414 
1.27, 0.0161862 
1.271, 0.016231 
1.272, 0.0162756 
1.273, 0.0163202 
1.274, 0.0163647 
1.275, 0.0164091 
1.276, 0.0164535 
1.277, 0.0164977 
1.278, 0.0165419 
1.279, 0.016586 
1.28, 0.0166301 
1.281, 0.0166741 
1.282, 0.0167179 
1.283, 0.0167618 
1.284, 0.0168055 
1.285, 0.0168491 
1.286, 0.0168927 
1.287, 0.0169362 
1.288, 0.0169796 
1.289, 0.017023 
1.29, 0.0170662 
1.291, 0.0171094 
1.292, 0.0171525 
1.293, 0.0171956 
1.294, 0.0172385 
1.295, 0.0172814 
1.296, 0.0173241 
1.297, 0.0173668 
1.298, 0.0174094 
1.299, 0.017452 
1.3, 0.0174944 
1.301, 0.0175368 
1.302, 0.0175791 
1.303, 0.0176213 
1.304, 0.0176634 
1.305, 0.0177054 
1.306, 0.0177474 
1.307, 0.0177893 
1.308, 0.0178311 
1.309, 0.0178728 
1.31, 0.0179144 
1.311, 0.0179559 
1.312, 0.0179974 
1.313, 0.0180387 
1.314, 0.01808 
1.315, 0.0181212 
1.316, 0.0181623 
1.317, 0.0182033 
1.318, 0.0182442 
1.319, 0.0182851 
1.32, 0.0183259 
1.321, 0.0183665 
1.322, 0.0184071 
1.323, 0.0184476 
1.324, 0.018488 
1.325, 0.0185284 
1.326, 0.0185686 
1.327, 0.0186088 
1.328, 0.0186488 
1.329, 0.0186888 
1.33, 0.0187287 
1.331, 0.0187685 
1.332, 0.0188082 
1.333, 0.0188478 
1.334, 0.0188874 
1.335, 0.0189268 
1.336, 0.0189662 
1.337, 0.0190055 
1.338, 0.0190446 
1.339, 0.0190837 
1.34, 0.0191227 
1.341, 0.0191617 
1.342, 0.0192005 
1.343, 0.0192392 
1.344, 0.0192779 
1.345, 0.0193164 
1.346, 0.0193549 
1.347, 0.0193933 
1.348, 0.0194315 
1.349, 0.0194697 
1.35, 0.0195078 
1.351, 0.0195459 
1.352, 0.0195838 
1.353, 0.0196216 
1.354, 0.0196594 
1.355, 0.019697 
1.356, 0.0197346 
1.357, 0.019772 
1.358, 0.0198094 
1.359, 0.0198467 
1.36, 0.0198839 
1.361, 0.019921 
1.362, 0.019958 
1.363, 0.0199949 
1.364, 0.0200318 
1.365, 0.0200685 
1.366, 0.0201052 
1.367, 0.0201417 
1.368, 0.0201782 
1.369, 0.0202146 
1.37, 0.0202508 
1.371, 0.020287 
1.372, 0.0203231 
1.373, 0.0203591 
1.374, 0.0203951 
1.375, 0.0204309 
1.376, 0.0204666 
1.377, 0.0205022 
1.378, 0.0205378 
1.379, 0.0205732 
1.38, 0.0206086 
1.381, 0.0206439 
1.382, 0.0206791 
1.383, 0.0207141 
1.384, 0.0207491 
1.385, 0.020784 
1.386, 0.0208188 
1.387, 0.0208536 
1.388, 0.0208882 
1.389, 0.0209227 
1.39, 0.0209572 
1.391, 0.0209915 
1.392, 0.0210258 
1.393, 0.0210599 
1.394, 0.021094 
1.395, 0.021128 
1.396, 0.0211618 
1.397, 0.0211956 
1.398, 0.0212293 
1.399, 0.0212629 
1.4, 0.0212965 
1.401, 0.0213299 
1.402, 0.0213632 
1.403, 0.0213964 
1.404, 0.0214296 
1.405, 0.0214626 
1.406, 0.0214956 
1.407, 0.0215285 
1.408, 0.0215612 
1.409, 0.0215939 
1.41, 0.0216265 
1.411, 0.021659 
1.412, 0.0216914 
1.413, 0.0217237 
1.414, 0.021756 
1.415, 0.0217881 
1.416, 0.0218201 
1.417, 0.0218521 
1.418, 0.0218839 
1.419, 0.0219157 
1.42, 0.0219474 
1.421, 0.0219789 
1.422, 0.0220104 
1.423, 0.0220418 
1.424, 0.0220731 
1.425, 0.0221043 
1.426, 0.0221354 
1.427, 0.0221665 
1.428, 0.0221974 
1.429, 0.0222282 
1.43, 0.022259 
1.431, 0.0222896 
1.432, 0.0223202 
1.433, 0.0223507 
1.434, 0.0223811 
1.435, 0.0224114 
1.436, 0.0224416 
1.437, 0.0224717 
1.438, 0.0225017 
1.439, 0.0225316 
1.44, 0.0225614 
1.441, 0.0225912 
1.442, 0.0226208 
1.443, 0.0226504 
1.444, 0.0226799 
1.445, 0.0227093 
1.446, 0.0227386 
1.447, 0.0227678 
1.448, 0.0227969 
1.449, 0.0228259 
1.45, 0.0228548 
1.451, 0.0228836 
1.452, 0.0229124 
1.453, 0.0229411 
1.454, 0.0229696 
1.455, 0.0229981 
1.456, 0.0230265 
1.457, 0.0230548 
1.458, 0.023083 
1.459, 0.0231111 
1.46, 0.0231391 
1.461, 0.0231671 
1.462, 0.0231949 
1.463, 0.0232227 
1.464, 0.0232503 
1.465, 0.0232779 
1.466, 0.0233054 
1.467, 0.0233328 
1.468, 0.0233601 
1.469, 0.0233873 
1.47, 0.0234145 
1.471, 0.0234415 
1.472, 0.0234685 
1.473, 0.0234953 
1.474, 0.0235221 
1.475, 0.0235488 
1.476, 0.0235754 
1.477, 0.0236019 
1.478, 0.0236284 
1.479, 0.0236547 
1.48, 0.0236809 
1.481, 0.0237071 
1.482, 0.0237332 
1.483, 0.0237592 
1.484, 0.0237851 
1.485, 0.0238109 
1.486, 0.0238366 
1.487, 0.0238622 
1.488, 0.0238878 
1.489, 0.0239132 
1.49, 0.0239386 
1.491, 0.0239639 
1.492, 0.0239891 
1.493, 0.0240142 
1.494, 0.0240392 
1.495, 0.0240642 
1.496, 0.024089 
1.497, 0.0241138 
1.498, 0.0241385 
1.499, 0.0241631 
1.5, 0.0241876 
1.501, 0.024212 
1.502, 0.0242364 
1.503, 0.0242606 
1.504, 0.0242848 
1.505, 0.0243089 
1.506, 0.0243329 
1.507, 0.0243568 
1.508, 0.0243806 
1.509, 0.0244043 
1.51, 0.024428 
1.511, 0.0244516 
1.512, 0.0244751 
1.513, 0.0244985 
1.514, 0.0245218 
1.515, 0.024545 
1.516, 0.0245682 
1.517, 0.0245912 
1.518, 0.0246142 
1.519, 0.0246371 
1.52, 0.0246599 
1.521, 0.0246826 
1.522, 0.0247053 
1.523, 0.0247279 
1.524, 0.0247503 
1.525, 0.0247727 
1.526, 0.024795 
1.527, 0.0248173 
1.528, 0.0248394 
1.529, 0.0248615 
1.53, 0.0248835 
1.531, 0.0249054 
1.532, 0.0249272 
1.533, 0.0249489 
1.534, 0.0249706 
1.535, 0.0249922 
1.536, 0.0250136 
1.537, 0.0250351 
1.538, 0.0250564 
1.539, 0.0250776 
1.54, 0.0250988 
1.541, 0.0251199 
1.542, 0.0251409 
1.543, 0.0251618 
1.544, 0.0251827 
1.545, 0.0252034 
1.546, 0.0252241 
1.547, 0.0252447 
1.548, 0.0252652 
1.549, 0.0252857 
1.55, 0.025306 
1.551, 0.0253263 
1.552, 0.0253465 
1.553, 0.0253666 
1.554, 0.0253867 
1.555, 0.0254066 
1.556, 0.0254265 
1.557, 0.0254463 
1.558, 0.025466 
1.559, 0.0254857 
1.56, 0.0255053 
1.561, 0.0255247 
1.562, 0.0255442 
1.563, 0.0255635 
1.564, 0.0255827 
1.565, 0.0256019 
1.566, 0.025621 
1.567, 0.02564 
1.568, 0.025659 
1.569, 0.0256779 
1.57, 0.0256966 
1.571, 0.0257154 
1.572, 0.025734 
1.573, 0.0257525 
1.574, 0.025771 
1.575, 0.0257894 
1.576, 0.0258078 
1.577, 0.025826 
1.578, 0.0258442 
1.579, 0.0258623 
1.58, 0.0258803 
1.581, 0.0258983 
1.582, 0.0259161 
1.583, 0.0259339 
1.584, 0.0259517 
1.585, 0.0259693 
1.586, 0.0259869 
1.587, 0.0260044 
1.588, 0.0260218 
1.589, 0.0260391 
1.59, 0.0260564 
1.591, 0.0260736 
1.592, 0.0260907 
1.593, 0.0261078 
1.594, 0.0261248 
1.595, 0.0261417 
1.596, 0.0261585 
1.597, 0.0261753 
1.598, 0.0261919 
1.599, 0.0262085 
1.6, 0.0262251 
1.601, 0.0262415 
1.602, 0.0262579 
1.603, 0.0262743 
1.604, 0.0262905 
1.605, 0.0263067 
1.606, 0.0263228 
1.607, 0.0263388 
1.608, 0.0263548 
1.609, 0.0263706 
1.61, 0.0263864 
1.611, 0.0264022 
1.612, 0.0264179 
1.613, 0.0264335 
1.614, 0.026449 
1.615, 0.0264644 
1.616, 0.0264798 
1.617, 0.0264951 
1.618, 0.0265104 
1.619, 0.0265256 
1.62, 0.0265407 
1.621, 0.0265557 
1.622, 0.0265707 
1.623, 0.0265855 
1.624, 0.0266004 
1.625, 0.0266151 
1.626, 0.0266298 
1.627, 0.0266444 
1.628, 0.026659 
1.629, 0.0266735 
1.63, 0.0266879 
1.631, 0.0267022 
1.632, 0.0267165 
1.633, 0.0267307 
1.634, 0.0267448 
1.635, 0.0267589 
1.636, 0.0267729 
1.637, 0.0267868 
1.638, 0.0268007 
1.639, 0.0268145 
1.64, 0.0268282 
1.641, 0.0268418 
1.642, 0.0268554 
1.643, 0.026869 
1.644, 0.0268824 
1.645, 0.0268958 
1.646, 0.0269091 
1.647, 0.0269224 
1.648, 0.0269356 
1.649, 0.0269487 
1.65, 0.0269618 
1.651, 0.0269748 
1.652, 0.0269877 
1.653, 0.0270006 
1.654, 0.0270134 
1.655, 0.0270261 
1.656, 0.0270388 
1.657, 0.0270514 
1.658, 0.0270639 
1.659, 0.0270764 
1.66, 0.0270888 
1.661, 0.0271011 
1.662, 0.0271134 
1.663, 0.0271256 
1.664, 0.0271378 
1.665, 0.0271499 
1.666, 0.0271619 
1.667, 0.0271738 
1.668, 0.0271857 
1.669, 0.0271976 
1.67, 0.0272093 
1.671, 0.0272211 
1.672, 0.0272327 
1.673, 0.0272443 
1.674, 0.0272558 
1.675, 0.0272673 
1.676, 0.0272787 
1.677, 0.02729 
1.678, 0.0273013 
1.679, 0.0273125 
1.68, 0.0273236 
1.681, 0.0273347 
1.682, 0.0273457 
1.683, 0.0273567 
1.684, 0.0273676 
1.685, 0.0273784 
1.686, 0.0273892 
1.687, 0.0273999 
1.688, 0.0274106 
1.689, 0.0274212 
1.69, 0.0274317 
1.691, 0.0274422 
1.692, 0.0274526 
1.693, 0.0274629 
1.694, 0.0274732 
1.695, 0.0274835 
1.696, 0.0274937 
1.697, 0.0275038 
1.698, 0.0275138 
1.699, 0.0275238 
1.7, 0.0275338 
1.701, 0.0275436 
1.702, 0.0275535 
1.703, 0.0275632 
1.704, 0.0275729 
1.705, 0.0275826 
1.706, 0.0275922 
1.707, 0.0276017 
1.708, 0.0276112 
1.709, 0.0276206 
1.71, 0.0276299 
1.711, 0.0276392 
1.712, 0.0276485 
1.713, 0.0276577 
1.714, 0.0276668 
1.715, 0.0276759 
1.716, 0.0276849 
1.717, 0.0276938 
1.718, 0.0277027 
1.719, 0.0277116 
1.72, 0.0277204 
1.721, 0.0277291 
1.722, 0.0277378 
1.723, 0.0277464 
1.724, 0.027755 
1.725, 0.0277635 
1.726, 0.0277719 
1.727, 0.0277803 
1.728, 0.0277887 
1.729, 0.027797 
1.73, 0.0278052 
1.731, 0.0278134 
1.732, 0.0278215 
1.733, 0.0278296 
1.734, 0.0278376 
1.735, 0.0278455 
1.736, 0.0278534 
1.737, 0.0278613 
1.738, 0.0278691 
1.739, 0.0278768 
1.74, 0.0278845 
1.741, 0.0278922 
1.742, 0.0278997 
1.743, 0.0279073 
1.744, 0.0279148 
1.745, 0.0279222 
1.746, 0.0279295 
1.747, 0.0279369 
1.748, 0.0279441 
1.749, 0.0279513 
1.75, 0.0279585 
1.751, 0.0279656 
1.752, 0.0279727 
1.753, 0.0279797 
1.754, 0.0279866 
1.755, 0.0279935 
1.756, 0.0280004 
1.757, 0.0280072 
1.758, 0.0280139 
1.759, 0.0280206 
1.76, 0.0280273 
1.761, 0.0280339 
1.762, 0.0280404 
1.763, 0.0280469 
1.764, 0.0280534 
1.765, 0.0280598 
1.766, 0.0280661 
1.767, 0.0280724 
1.768, 0.0280786 
1.769, 0.0280848 
1.77, 0.028091 
1.771, 0.0280971 
1.772, 0.0281031 
1.773, 0.0281091 
1.774, 0.028115 
1.775, 0.0281209 
1.776, 0.0281268 
1.777, 0.0281326 
1.778, 0.0281383 
1.779, 0.028144 
1.78, 0.0281497 
1.781, 0.0281553 
1.782, 0.0281609 
1.783, 0.0281664 
1.784, 0.0281718 
1.785, 0.0281772 
1.786, 0.0281826 
1.787, 0.0281879 
1.788, 0.0281932 
1.789, 0.0281984 
1.79, 0.0282036 
1.791, 0.0282087 
1.792, 0.0282138 
1.793, 0.0282188 
1.794, 0.0282238 
1.795, 0.0282288 
1.796, 0.0282336 
1.797, 0.0282385 
1.798, 0.0282433 
1.799, 0.0282481 
1.8, 0.0282528 
1.801, 0.0282574 
1.802, 0.028262 
1.803, 0.0282666 
1.804, 0.0282711 
1.805, 0.0282756 
1.806, 0.0282801 
1.807, 0.0282845 
1.808, 0.0282888 
1.809, 0.0282931 
1.81, 0.0282974 
1.811, 0.0283016 
1.812, 0.0283057 
1.813, 0.0283099 
1.814, 0.0283139 
1.815, 0.028318 
1.816, 0.028322 
1.817, 0.0283259 
1.818, 0.0283298 
1.819, 0.0283337 
1.82, 0.0283375 
1.821, 0.0283413 
1.822, 0.028345 
1.823, 0.0283487 
1.824, 0.0283523 
1.825, 0.0283559 
1.826, 0.0283595 
1.827, 0.028363 
1.828, 0.0283665 
1.829, 0.0283699 
1.83, 0.0283733 
1.831, 0.0283766 
1.832, 0.0283799 
1.833, 0.0283832 
1.834, 0.0283864 
1.835, 0.0283896 
1.836, 0.0283927 
1.837, 0.0283958 
1.838, 0.0283988 
1.839, 0.0284018 
1.84, 0.0284048 
1.841, 0.0284077 
1.842, 0.0284106 
1.843, 0.0284135 
1.844, 0.0284163 
1.845, 0.028419 
1.846, 0.0284218 
1.847, 0.0284244 
1.848, 0.0284271 
1.849, 0.0284297 
1.85, 0.0284322 
1.851, 0.0284348 
1.852, 0.0284372 
1.853, 0.0284397 
1.854, 0.0284421 
1.855, 0.0284444 
1.856, 0.0284468 
1.857, 0.028449 
1.858, 0.0284513 
1.859, 0.0284535 
1.86, 0.0284556 
1.861, 0.0284578 
1.862, 0.0284599 
1.863, 0.0284619 
1.864, 0.0284639 
1.865, 0.0284659 
1.866, 0.0284678 
1.867, 0.0284697 
1.868, 0.0284716 
1.869, 0.0284734 
1.87, 0.0284752 
1.871, 0.0284769 
1.872, 0.0284786 
1.873, 0.0284803 
1.874, 0.0284819 
1.875, 0.0284835 
1.876, 0.0284851 
1.877, 0.0284866 
1.878, 0.028488 
1.879, 0.0284895 
1.88, 0.0284909 
1.881, 0.0284923 
1.882, 0.0284936 
1.883, 0.0284949 
1.884, 0.0284961 
1.885, 0.0284974 
1.886, 0.0284986 
1.887, 0.0284997 
1.888, 0.0285008 
1.889, 0.0285019 
1.89, 0.0285029 
1.891, 0.0285039 
1.892, 0.0285049 
1.893, 0.0285058 
1.894, 0.0285067 
1.895, 0.0285076 
1.896, 0.0285084 
1.897, 0.0285092 
1.898, 0.02851 
1.899, 0.0285107 
1.9, 0.0285114 
1.901, 0.028512 
1.902, 0.0285127 
1.903, 0.0285133 
1.904, 0.0285138 
1.905, 0.0285143 
1.906, 0.0285148 
1.907, 0.0285152 
1.908, 0.0285157 
1.909, 0.028516 
1.91, 0.0285164 
1.911, 0.0285167 
1.912, 0.028517 
1.913, 0.0285172 
1.914, 0.0285174 
1.915, 0.0285176 
1.916, 0.0285177 
1.917, 0.0285178 
1.918, 0.0285179 
1.919, 0.028518 
1.92, 0.028518 
1.921, 0.028518 
1.922, 0.0285179 
1.923, 0.0285178 
1.924, 0.0285177 
1.925, 0.0285175 
1.926, 0.0285174 
1.927, 0.0285171 
1.928, 0.0285169 
1.929, 0.0285166 
1.93, 0.0285163 
1.931, 0.0285159 
1.932, 0.0285156 
1.933, 0.0285152 
1.934, 0.0285147 
1.935, 0.0285142 
1.936, 0.0285137 
1.937, 0.0285132 
1.938, 0.0285126 
1.939, 0.028512 
1.94, 0.0285114 
1.941, 0.0285108 
1.942, 0.0285101 
1.943, 0.0285093 
1.944, 0.0285086 
1.945, 0.0285078 
1.946, 0.028507 
1.947, 0.0285062 
1.948, 0.0285053 
1.949, 0.0285044 
1.95, 0.0285034 
1.951, 0.0285025 
1.952, 0.0285015 
1.953, 0.0285005 
1.954, 0.0284994 
1.955, 0.0284983 
1.956, 0.0284972 
1.957, 0.0284961 
1.958, 0.0284949 
1.959, 0.0284937 
1.96, 0.0284925 
1.961, 0.0284912 
1.962, 0.0284899 
1.963, 0.0284886 
1.964, 0.0284873 
1.965, 0.0284859 
1.966, 0.0284845 
1.967, 0.0284831 
1.968, 0.0284816 
1.969, 0.0284801 
1.97, 0.0284786 
1.971, 0.028477 
1.972, 0.0284755 
1.973, 0.0284739 
1.974, 0.0284722 
1.975, 0.0284706 
1.976, 0.0284689 
1.977, 0.0284672 
1.978, 0.0284654 
1.979, 0.0284637 
1.98, 0.0284619 
1.981, 0.02846 
1.982, 0.0284582 
1.983, 0.0284563 
1.984, 0.0284544 
1.985, 0.0284525 
1.986, 0.0284505 
1.987, 0.0284485 
1.988, 0.0284465 
1.989, 0.0284445 
1.99, 0.0284424 
1.991, 0.0284403 
1.992, 0.0284382 
1.993, 0.0284361 
1.994, 0.0284339 
1.995, 0.0284317 
1.996, 0.0284295 
1.997, 0.0284272 
1.998, 0.0284249 
1.999, 0.0284226 
2, 0.0284203 
2.001, 0.0284179 
2.002, 0.0284156 
2.003, 0.0284132 
2.004, 0.0284107 
2.005, 0.0284083 
2.006, 0.0284058 
2.007, 0.0284033 
2.008, 0.0284007 
2.009, 0.0283982 
2.01, 0.0283956 
2.011, 0.028393 
2.012, 0.0283904 
2.013, 0.0283877 
2.014, 0.028385 
2.015, 0.0283823 
2.016, 0.0283796 
2.017, 0.0283768 
2.018, 0.028374 
2.019, 0.0283712 
2.02, 0.0283684 
2.021, 0.0283656 
2.022, 0.0283627 
2.023, 0.0283598 
2.024, 0.0283568 
2.025, 0.0283539 
2.026, 0.0283509 
2.027, 0.0283479 
2.028, 0.0283449 
2.029, 0.0283419 
2.03, 0.0283388 
2.031, 0.0283357 
2.032, 0.0283326 
2.033, 0.0283294 
2.034, 0.0283263 
2.035, 0.0283231 
2.036, 0.0283199 
2.037, 0.0283167 
2.038, 0.0283134 
2.039, 0.0283101 
2.04, 0.0283068 
2.041, 0.0283035 
2.042, 0.0283002 
2.043, 0.0282968 
2.044, 0.0282934 
2.045, 0.02829 
2.046, 0.0282866 
2.047, 0.0282831 
2.048, 0.0282796 
2.049, 0.0282761 
2.05, 0.0282726 
2.051, 0.0282691 
2.052, 0.0282655 
2.053, 0.0282619 
2.054, 0.0282583 
2.055, 0.0282547 
2.056, 0.028251 
2.057, 0.0282473 
2.058, 0.0282436 
2.059, 0.0282399 
2.06, 0.0282362 
2.061, 0.0282324 
2.062, 0.0282286 
2.063, 0.0282248 
2.064, 0.028221 
2.065, 0.0282172 
2.066, 0.0282133 
2.067, 0.0282094 
2.068, 0.0282055 
2.069, 0.0282016 
2.07, 0.0281976 
2.071, 0.0281937 
2.072, 0.0281897 
2.073, 0.0281857 
2.074, 0.0281816 
2.075, 0.0281776 
2.076, 0.0281735 
2.077, 0.0281694 
2.078, 0.0281653 
2.079, 0.0281612 
2.08, 0.028157 
2.081, 0.0281528 
2.082, 0.0281487 
2.083, 0.0281444 
2.084, 0.0281402 
2.085, 0.028136 
2.086, 0.0281317 
2.087, 0.0281274 
2.088, 0.0281231 
2.089, 0.0281188 
2.09, 0.0281144 
2.091, 0.0281101 
2.092, 0.0281057 
2.093, 0.0281013 
2.094, 0.0280968 
2.095, 0.0280924 
2.096, 0.0280879 
2.097, 0.0280834 
2.098, 0.0280789 
2.099, 0.0280744 
2.1, 0.0280699 
2.101, 0.0280653 
2.102, 0.0280608 
2.103, 0.0280562 
2.104, 0.0280516 
2.105, 0.0280469 
2.106, 0.0280423 
2.107, 0.0280376 
2.108, 0.0280329 
2.109, 0.0280282 
2.11, 0.0280235 
2.111, 0.0280188 
2.112, 0.028014 
2.113, 0.0280092 
2.114, 0.0280044 
2.115, 0.0279996 
2.116, 0.0279948 
2.117, 0.02799 
2.118, 0.0279851 
2.119, 0.0279802 
2.12, 0.0279753 
2.121, 0.0279704 
2.122, 0.0279655 
2.123, 0.0279605 
2.124, 0.0279556 
2.125, 0.0279506 
2.126, 0.0279456 
2.127, 0.0279405 
2.128, 0.0279355 
2.129, 0.0279305 
2.13, 0.0279254 
2.131, 0.0279203 
2.132, 0.0279152 
2.133, 0.0279101 
2.134, 0.0279049 
2.135, 0.0278998 
2.136, 0.0278946 
2.137, 0.0278894 
2.138, 0.0278842 
2.139, 0.027879 
2.14, 0.0278738 
2.141, 0.0278685 
2.142, 0.0278633 
2.143, 0.027858 
2.144, 0.0278527 
2.145, 0.0278474 
2.146, 0.027842 
2.147, 0.0278367 
2.148, 0.0278313 
2.149, 0.027826 
2.15, 0.0278206 
2.151, 0.0278152 
2.152, 0.0278097 
2.153, 0.0278043 
2.154, 0.0277988 
2.155, 0.0277934 
2.156, 0.0277879 
2.157, 0.0277824 
2.158, 0.0277769 
2.159, 0.0277713 
2.16, 0.0277658 
2.161, 0.0277602 
2.162, 0.0277546 
2.163, 0.027749 
2.164, 0.0277434 
2.165, 0.0277378 
2.166, 0.0277322 
2.167, 0.0277265 
2.168, 0.0277209 
2.169, 0.0277152 
2.17, 0.0277095 
2.171, 0.0277038 
2.172, 0.027698 
2.173, 0.0276923 
2.174, 0.0276865 
2.175, 0.0276808 
2.176, 0.027675 
2.177, 0.0276692 
2.178, 0.0276634 
2.179, 0.0276576 
2.18, 0.0276517 
2.181, 0.0276459 
2.182, 0.02764 
2.183, 0.0276341 
2.184, 0.0276282 
2.185, 0.0276223 
2.186, 0.0276164 
2.187, 0.0276105 
2.188, 0.0276045 
2.189, 0.0275985 
2.19, 0.0275926 
2.191, 0.0275866 
2.192, 0.0275806 
2.193, 0.0275746 
2.194, 0.0275685 
2.195, 0.0275625 
2.196, 0.0275564 
2.197, 0.0275503 
2.198, 0.0275443 
2.199, 0.0275382 
2.2, 0.0275321 
2.201, 0.0275259 
2.202, 0.0275198 
2.203, 0.0275136 
2.204, 0.0275075 
2.205, 0.0275013 
2.206, 0.0274951 
2.207, 0.0274889 
2.208, 0.0274827 
2.209, 0.0274765 
2.21, 0.0274702 
2.211, 0.027464 
2.212, 0.0274577 
2.213, 0.0274515 
2.214, 0.0274452 
2.215, 0.0274389 
2.216, 0.0274325 
2.217, 0.0274262 
2.218, 0.0274199 
2.219, 0.0274135 
2.22, 0.0274072 
2.221, 0.0274008 
2.222, 0.0273944 
2.223, 0.027388 
2.224, 0.0273816 
2.225, 0.0273752 
2.226, 0.0273687 
2.227, 0.0273623 
2.228, 0.0273558 
2.229, 0.0273494 
2.23, 0.0273429 
2.231, 0.0273364 
2.232, 0.0273299 
2.233, 0.0273234 
2.234, 0.0273169 
2.235, 0.0273103 
2.236, 0.0273038 
2.237, 0.0272972 
2.238, 0.0272906 
2.239, 0.0272841 
2.24, 0.0272775 
2.241, 0.0272709 
2.242, 0.0272642 
2.243, 0.0272576 
2.244, 0.027251 
2.245, 0.0272443 
2.246, 0.0272377 
2.247, 0.027231 
2.248, 0.0272243 
2.249, 0.0272176 
2.25, 0.0272109 
2.251, 0.0272042 
2.252, 0.0271975 
2.253, 0.0271907 
2.254, 0.027184 
2.255, 0.0271772 
2.256, 0.0271704 
2.257, 0.0271637 
2.258, 0.0271569 
2.259, 0.0271501 
2.26, 0.0271433 
2.261, 0.0271365 
2.262, 0.0271296 
2.263, 0.0271228 
2.264, 0.0271159 
2.265, 0.0271091 
2.266, 0.0271022 
2.267, 0.0270953 
2.268, 0.0270884 
2.269, 0.0270815 
2.27, 0.0270746 
2.271, 0.0270677 
2.272, 0.0270608 
2.273, 0.0270538 
2.274, 0.0270469 
2.275, 0.0270399 
2.276, 0.0270329 
2.277, 0.027026 
2.278, 0.027019 
2.279, 0.027012 
2.28, 0.027005 
2.281, 0.0269979 
2.282, 0.0269909 
2.283, 0.0269839 
2.284, 0.0269768 
2.285, 0.0269698 
2.286, 0.0269627 
2.287, 0.0269556 
2.288, 0.0269485 
2.289, 0.0269415 
2.29, 0.0269343 
2.291, 0.0269272 
2.292, 0.0269201 
2.293, 0.026913 
2.294, 0.0269058 
2.295, 0.0268987 
2.296, 0.0268915 
2.297, 0.0268844 
2.298, 0.0268772 
2.299, 0.02687 
2.3, 0.0268628 
2.301, 0.0268556 
2.302, 0.0268484 
2.303, 0.0268412 
2.304, 0.026834 
2.305, 0.0268267 
2.306, 0.0268195 
2.307, 0.0268122 
2.308, 0.026805 
2.309, 0.0267977 
2.31, 0.0267904 
2.311, 0.0267832 
2.312, 0.0267759 
2.313, 0.0267686 
2.314, 0.0267612 
2.315, 0.0267539 
2.316, 0.0267466 
2.317, 0.0267393 
2.318, 0.0267319 
2.319, 0.0267246 
2.32, 0.0267172 
2.321, 0.0267098 
2.322, 0.0267025 
2.323, 0.0266951 
2.324, 0.0266877 
2.325, 0.0266803 
2.326, 0.0266729 
2.327, 0.0266655 
2.328, 0.0266581 
2.329, 0.0266506 
2.33, 0.0266432 
2.331, 0.0266357 
2.332, 0.0266283 
2.333, 0.0266208 
2.334, 0.0266134 
2.335, 0.0266059 
2.336, 0.0265984 
2.337, 0.0265909 
2.338, 0.0265834 
2.339, 0.0265759 
2.34, 0.0265684 
2.341, 0.0265609 
2.342, 0.0265533 
2.343, 0.0265458 
2.344, 0.0265383 
2.345, 0.0265307 
2.346, 0.0265232 
2.347, 0.0265156 
2.348, 0.026508 
2.349, 0.0265004 
2.35, 0.0264929 
2.351, 0.0264853 
2.352, 0.0264777 
2.353, 0.0264701 
2.354, 0.0264624 
2.355, 0.0264548 
2.356, 0.0264472 
2.357, 0.0264396 
2.358, 0.0264319 
2.359, 0.0264243 
2.36, 0.0264166 
2.361, 0.026409 
2.362, 0.0264013 
2.363, 0.0263936 
2.364, 0.0263859 
2.365, 0.0263783 
2.366, 0.0263706 
2.367, 0.0263629 
2.368, 0.0263552 
2.369, 0.0263474 
2.37, 0.0263397 
2.371, 0.026332 
2.372, 0.0263243 
2.373, 0.0263165 
2.374, 0.0263088 
2.375, 0.026301 
2.376, 0.0262933 
2.377, 0.0262855 
2.378, 0.0262778 
2.379, 0.02627 
2.38, 0.0262622 
2.381, 0.0262544 
2.382, 0.0262466 
2.383, 0.0262388 
2.384, 0.026231 
2.385, 0.0262232 
2.386, 0.0262154 
2.387, 0.0262076 
2.388, 0.0261997 
2.389, 0.0261919 
2.39, 0.0261841 
2.391, 0.0261762 
2.392, 0.0261684 
2.393, 0.0261605 
2.394, 0.0261526 
2.395, 0.0261448 
2.396, 0.0261369 
2.397, 0.026129 
2.398, 0.0261211 
2.399, 0.0261132 
2.4, 0.0261053 
2.401, 0.0260974 
2.402, 0.0260895 
2.403, 0.0260816 
2.404, 0.0260737 
2.405, 0.0260658 
2.406, 0.0260578 
2.407, 0.0260499 
2.408, 0.026042 
2.409, 0.026034 
2.41, 0.0260261 
2.411, 0.0260181 
2.412, 0.0260102 
2.413, 0.0260022 
2.414, 0.0259942 
2.415, 0.0259862 
2.416, 0.0259783 
2.417, 0.0259703 
2.418, 0.0259623 
2.419, 0.0259543 
2.42, 0.0259463 
2.421, 0.0259383 
2.422, 0.0259303 
2.423, 0.0259223 
2.424, 0.0259142 
2.425, 0.0259062 
2.426, 0.0258982 
2.427, 0.0258901 
2.428, 0.0258821 
2.429, 0.0258741 
2.43, 0.025866 
2.431, 0.025858 
2.432, 0.0258499 
2.433, 0.0258418 
2.434, 0.0258338 
2.435, 0.0258257 
2.436, 0.0258176 
2.437, 0.0258095 
2.438, 0.0258015 
2.439, 0.0257934 
2.44, 0.0257853 
2.441, 0.0257772 
2.442, 0.0257691 
2.443, 0.025761 
2.444, 0.0257528 
2.445, 0.0257447 
2.446, 0.0257366 
2.447, 0.0257285 
2.448, 0.0257204 
2.449, 0.0257122 
2.45, 0.0257041 
2.451, 0.0256959 
2.452, 0.0256878 
2.453, 0.0256796 
2.454, 0.0256715 
2.455, 0.0256633 
2.456, 0.0256552 
2.457, 0.025647 
2.458, 0.0256388 
2.459, 0.0256307 
2.46, 0.0256225 
2.461, 0.0256143 
2.462, 0.0256061 
2.463, 0.0255979 
2.464, 0.0255897 
2.465, 0.0255815 
2.466, 0.0255733 
2.467, 0.0255651 
2.468, 0.0255569 
2.469, 0.0255487 
2.47, 0.0255405 
2.471, 0.0255323 
2.472, 0.025524 
2.473, 0.0255158 
2.474, 0.0255076 
2.475, 0.0254993 
2.476, 0.0254911 
2.477, 0.0254829 
2.478, 0.0254746 
2.479, 0.0254664 
2.48, 0.0254581 
2.481, 0.0254499 
2.482, 0.0254416 
2.483, 0.0254333 
2.484, 0.0254251 
2.485, 0.0254168 
2.486, 0.0254085 
2.487, 0.0254003 
2.488, 0.025392 
2.489, 0.0253837 
2.49, 0.0253754 
2.491, 0.0253671 
2.492, 0.0253588 
2.493, 0.0253505 
2.494, 0.0253422 
2.495, 0.0253339 
2.496, 0.0253256 
2.497, 0.0253173 
2.498, 0.025309 
2.499, 0.0253007 
2.5, 0.0252924 
2.501, 0.0252841 
2.502, 0.0252757 
2.503, 0.0252674 
2.504, 0.0252591 
2.505, 0.0252507 
2.506, 0.0252424 
2.507, 0.0252341 
2.508, 0.0252257 
2.509, 0.0252174 
2.51, 0.025209 
2.511, 0.0252007 
2.512, 0.0251923 
2.513, 0.025184 
2.514, 0.0251756 
2.515, 0.0251673 
2.516, 0.0251589 
2.517, 0.0251505 
2.518, 0.0251422 
2.519, 0.0251338 
2.52, 0.0251254 
2.521, 0.0251171 
2.522, 0.0251087 
2.523, 0.0251003 
2.524, 0.0250919 
2.525, 0.0250835 
2.526, 0.0250751 
2.527, 0.0250667 
2.528, 0.0250583 
2.529, 0.0250499 
2.53, 0.0250416 
2.531, 0.0250331 
2.532, 0.0250247 
2.533, 0.0250163 
2.534, 0.0250079 
2.535, 0.0249995 
2.536, 0.0249911 
2.537, 0.0249827 
2.538, 0.0249743 
2.539, 0.0249659 
2.54, 0.0249574 
2.541, 0.024949 
2.542, 0.0249406 
2.543, 0.0249322 
2.544, 0.0249237 
2.545, 0.0249153 
2.546, 0.0249069 
2.547, 0.0248984 
2.548, 0.02489 
2.549, 0.0248815 
2.55, 0.0248731 
2.551, 0.0248646 
2.552, 0.0248562 
2.553, 0.0248477 
2.554, 0.0248393 
2.555, 0.0248308 
2.556, 0.0248224 
2.557, 0.0248139 
2.558, 0.0248055 
2.559, 0.024797 
2.56, 0.0247885 
2.561, 0.0247801 
2.562, 0.0247716 
2.563, 0.0247631 
2.564, 0.0247547 
2.565, 0.0247462 
2.566, 0.0247377 
2.567, 0.0247292 
2.568, 0.0247208 
2.569, 0.0247123 
2.57, 0.0247038 
2.571, 0.0246953 
2.572, 0.0246868 
2.573, 0.0246784 
2.574, 0.0246699 
2.575, 0.0246614 
2.576, 0.0246529 
2.577, 0.0246444 
2.578, 0.0246359 
2.579, 0.0246274 
2.58, 0.0246189 
2.581, 0.0246104 
2.582, 0.0246019 
2.583, 0.0245934 
2.584, 0.0245849 
2.585, 0.0245764 
2.586, 0.0245679 
2.587, 0.0245594 
2.588, 0.0245509 
2.589, 0.0245424 
2.59, 0.0245339 
2.591, 0.0245253 
2.592, 0.0245168 
2.593, 0.0245083 
2.594, 0.0244998 
2.595, 0.0244913 
2.596, 0.0244828 
2.597, 0.0244742 
2.598, 0.0244657 
2.599, 0.0244572 
2.6, 0.0244487 
2.601, 0.0244401 
2.602, 0.0244316 
2.603, 0.0244231 
2.604, 0.0244146 
2.605, 0.024406 
2.606, 0.0243975 
2.607, 0.024389 
2.608, 0.0243804 
2.609, 0.0243719 
2.61, 0.0243634 
2.611, 0.0243548 
2.612, 0.0243463 
2.613, 0.0243377 
2.614, 0.0243292 
2.615, 0.0243207 
2.616, 0.0243121 
2.617, 0.0243036 
2.618, 0.024295 
2.619, 0.0242865 
2.62, 0.024278 
2.621, 0.0242694 
2.622, 0.0242609 
2.623, 0.0242523 
2.624, 0.0242438 
2.625, 0.0242352 
2.626, 0.0242267 
2.627, 0.0242181 
2.628, 0.0242096 
2.629, 0.024201 
2.63, 0.0241925 
2.631, 0.0241839 
2.632, 0.0241753 
2.633, 0.0241668 
2.634, 0.0241582 
2.635, 0.0241497 
2.636, 0.0241411 
2.637, 0.0241326 
2.638, 0.024124 
2.639, 0.0241154 
2.64, 0.0241069 
2.641, 0.0240983 
2.642, 0.0240898 
2.643, 0.0240812 
2.644, 0.0240726 
2.645, 0.0240641 
2.646, 0.0240555 
2.647, 0.0240469 
2.648, 0.0240384 
2.649, 0.0240298 
2.65, 0.0240212 
2.651, 0.0240127 
2.652, 0.0240041 
2.653, 0.0239955 
2.654, 0.023987 
2.655, 0.0239784 
2.656, 0.0239698 
2.657, 0.0239613 
2.658, 0.0239527 
2.659, 0.0239441 
2.66, 0.0239356 
2.661, 0.023927 
2.662, 0.0239184 
2.663, 0.0239099 
2.664, 0.0239013 
2.665, 0.0238927 
2.666, 0.0238841 
2.667, 0.0238756 
2.668, 0.023867 
2.669, 0.0238584 
2.67, 0.0238499 
2.671, 0.0238413 
2.672, 0.0238327 
2.673, 0.0238241 
2.674, 0.0238156 
2.675, 0.023807 
2.676, 0.0237984 
2.677, 0.0237898 
2.678, 0.0237813 
2.679, 0.0237727 
2.68, 0.0237641 
2.681, 0.0237555 
2.682, 0.023747 
2.683, 0.0237384 
2.684, 0.0237298 
2.685, 0.0237212 
2.686, 0.0237127 
2.687, 0.0237041 
2.688, 0.0236955 
2.689, 0.0236869 
2.69, 0.0236784 
2.691, 0.0236698 
2.692, 0.0236612 
2.693, 0.0236527 
2.694, 0.0236441 
2.695, 0.0236355 
2.696, 0.0236269 
2.697, 0.0236184 
2.698, 0.0236098 
2.699, 0.0236012 
2.7, 0.0235926 
2.701, 0.0235841 
2.702, 0.0235755 
2.703, 0.0235669 
2.704, 0.0235583 
2.705, 0.0235498 
2.706, 0.0235412 
2.707, 0.0235326 
2.708, 0.0235241 
2.709, 0.0235155 
2.71, 0.0235069 
2.711, 0.0234983 
2.712, 0.0234898 
2.713, 0.0234812 
2.714, 0.0234726 
2.715, 0.0234641 
2.716, 0.0234555 
2.717, 0.0234469 
2.718, 0.0234384 
2.719, 0.0234298 
2.72, 0.0234212 
2.721, 0.0234126 
2.722, 0.0234041 
2.723, 0.0233955 
2.724, 0.0233869 
2.725, 0.0233784 
2.726, 0.0233698 
2.727, 0.0233613 
2.728, 0.0233527 
2.729, 0.0233441 
2.73, 0.0233356 
2.731, 0.023327 
2.732, 0.0233184 
2.733, 0.0233099 
2.734, 0.0233013 
2.735, 0.0232927 
2.736, 0.0232842 
2.737, 0.0232756 
2.738, 0.0232671 
2.739, 0.0232585 
2.74, 0.0232499 
2.741, 0.0232414 
2.742, 0.0232328 
2.743, 0.0232243 
2.744, 0.0232157 
2.745, 0.0232072 
2.746, 0.0231986 
2.747, 0.0231901 
2.748, 0.0231815 
2.749, 0.0231729 
2.75, 0.0231644 
2.751, 0.0231558 
2.752, 0.0231473 
2.753, 0.0231387 
2.754, 0.0231302 
2.755, 0.0231216 
2.756, 0.0231131 
2.757, 0.0231046 
2.758, 0.023096 
2.759, 0.0230875 
2.76, 0.0230789 
2.761, 0.0230704 
2.762, 0.0230618 
2.763, 0.0230533 
2.764, 0.0230447 
2.765, 0.0230362 
2.766, 0.0230277 
2.767, 0.0230191 
2.768, 0.0230106 
2.769, 0.023002 
2.77, 0.0229935 
2.771, 0.022985 
2.772, 0.0229764 
2.773, 0.0229679 
2.774, 0.0229594 
2.775, 0.0229508 
2.776, 0.0229423 
2.777, 0.0229338 
2.778, 0.0229252 
2.779, 0.0229167 
2.78, 0.0229082 
2.781, 0.0228997 
2.782, 0.0228911 
2.783, 0.0228826 
2.784, 0.0228741 
2.785, 0.0228656 
2.786, 0.022857 
2.787, 0.0228485 
2.788, 0.02284 
2.789, 0.0228315 
2.79, 0.022823 
2.791, 0.0228145 
2.792, 0.0228059 
2.793, 0.0227974 
2.794, 0.0227889 
2.795, 0.0227804 
2.796, 0.0227719 
2.797, 0.0227634 
2.798, 0.0227549 
2.799, 0.0227464 
2.8, 0.0227379 
2.801, 0.0227294 
2.802, 0.0227208 
2.803, 0.0227123 
2.804, 0.0227038 
2.805, 0.0226953 
2.806, 0.0226868 
2.807, 0.0226783 
2.808, 0.0226698 
2.809, 0.0226614 
2.81, 0.0226529 
2.811, 0.0226444 
2.812, 0.0226359 
2.813, 0.0226274 
2.814, 0.0226189 
2.815, 0.0226104 
2.816, 0.0226019 
2.817, 0.0225934 
2.818, 0.0225849 
2.819, 0.0225765 
2.82, 0.022568 
2.821, 0.0225595 
2.822, 0.022551 
2.823, 0.0225425 
2.824, 0.0225341 
2.825, 0.0225256 
2.826, 0.0225171 
2.827, 0.0225086 
2.828, 0.0225002 
2.829, 0.0224917 
2.83, 0.0224832 
2.831, 0.0224748 
2.832, 0.0224663 
2.833, 0.0224578 
2.834, 0.0224494 
2.835, 0.0224409 
2.836, 0.0224324 
2.837, 0.022424 
2.838, 0.0224155 
2.839, 0.0224071 
2.84, 0.0223986 
2.841, 0.0223902 
2.842, 0.0223817 
2.843, 0.0223733 
2.844, 0.0223648 
2.845, 0.0223564 
2.846, 0.0223479 
2.847, 0.0223395 
2.848, 0.022331 
2.849, 0.0223226 
2.85, 0.0223141 
2.851, 0.0223057 
2.852, 0.0222973 
2.853, 0.0222888 
2.854, 0.0222804 
2.855, 0.022272 
2.856, 0.0222635 
2.857, 0.0222551 
2.858, 0.0222467 
2.859, 0.0222383 
2.86, 0.0222298 
2.861, 0.0222214 
2.862, 0.022213 
2.863, 0.0222046 
2.864, 0.0221961 
2.865, 0.0221877 
2.866, 0.0221793 
2.867, 0.0221709 
2.868, 0.0221625 
2.869, 0.0221541 
2.87, 0.0221457 
2.871, 0.0221373 
2.872, 0.0221289 
2.873, 0.0221205 
2.874, 0.0221121 
2.875, 0.0221036 
2.876, 0.0220953 
2.877, 0.0220869 
2.878, 0.0220785 
2.879, 0.0220701 
2.88, 0.0220617 
2.881, 0.0220533 
2.882, 0.0220449 
2.883, 0.0220365 
2.884, 0.0220281 
2.885, 0.0220197 
2.886, 0.0220114 
2.887, 0.022003 
2.888, 0.0219946 
2.889, 0.0219862 
2.89, 0.0219779 
2.891, 0.0219695 
2.892, 0.0219611 
2.893, 0.0219527 
2.894, 0.0219444 
2.895, 0.021936 
2.896, 0.0219276 
2.897, 0.0219193 
2.898, 0.0219109 
2.899, 0.0219026 
2.9, 0.0218942 
2.901, 0.0218859 
2.902, 0.0218775 
2.903, 0.0218691 
2.904, 0.0218608 
2.905, 0.0218525 
2.906, 0.0218441 
2.907, 0.0218358 
2.908, 0.0218274 
2.909, 0.0218191 
2.91, 0.0218107 
2.911, 0.0218024 
2.912, 0.0217941 
2.913, 0.0217857 
2.914, 0.0217774 
2.915, 0.0217691 
2.916, 0.0217608 
2.917, 0.0217524 
2.918, 0.0217441 
2.919, 0.0217358 
2.92, 0.0217275 
2.921, 0.0217192 
2.922, 0.0217108 
2.923, 0.0217025 
2.924, 0.0216942 
2.925, 0.0216859 
2.926, 0.0216776 
2.927, 0.0216693 
2.928, 0.021661 
2.929, 0.0216527 
2.93, 0.0216444 
2.931, 0.0216361 
2.932, 0.0216278 
2.933, 0.0216195 
2.934, 0.0216112 
2.935, 0.0216029 
2.936, 0.0215946 
2.937, 0.0215864 
2.938, 0.0215781 
2.939, 0.0215698 
2.94, 0.0215615 
2.941, 0.0215532 
2.942, 0.021545 
2.943, 0.0215367 
2.944, 0.0215284 
2.945, 0.0215202 
2.946, 0.0215119 
2.947, 0.0215036 
2.948, 0.0214954 
2.949, 0.0214871 
2.95, 0.0214788 
2.951, 0.0214706 
2.952, 0.0214623 
2.953, 0.0214541 
2.954, 0.0214458 
2.955, 0.0214376 
2.956, 0.0214293 
2.957, 0.0214211 
2.958, 0.0214129 
2.959, 0.0214046 
2.96, 0.0213964 
2.961, 0.0213881 
2.962, 0.0213799 
2.963, 0.0213717 
2.964, 0.0213635 
2.965, 0.0213552 
2.966, 0.021347 
2.967, 0.0213388 
2.968, 0.0213306 
2.969, 0.0213223 
2.97, 0.0213141 
2.971, 0.0213059 
2.972, 0.0212977 
2.973, 0.0212895 
2.974, 0.0212813 
2.975, 0.0212731 
2.976, 0.0212649 
2.977, 0.0212567 
2.978, 0.0212485 
2.979, 0.0212403 
2.98, 0.0212321 
2.981, 0.0212239 
2.982, 0.0212157 
2.983, 0.0212075 
2.984, 0.0211993 
2.985, 0.0211912 
2.986, 0.021183 
2.987, 0.0211748 
2.988, 0.0211666 
2.989, 0.0211585 
2.99, 0.0211503 
2.991, 0.0211421 
2.992, 0.021134 
2.993, 0.0211258 
2.994, 0.0211176 
2.995, 0.0211095 
2.996, 0.0211013 
2.997, 0.0210932 
2.998, 0.021085 
2.999, 0.0210769 
3, 0.0210687 
3.001, 0.0210606 
3.002, 0.0210524 
3.003, 0.0210443 
3.004, 0.0210361 
3.005, 0.021028 
3.006, 0.0210199 
3.007, 0.0210117 
3.008, 0.0210036 
3.009, 0.0209955 
3.01, 0.0209874 
3.011, 0.0209792 
3.012, 0.0209711 
3.013, 0.020963 
3.014, 0.0209549 
3.015, 0.0209468 
3.016, 0.0209387 
3.017, 0.0209306 
3.018, 0.0209225 
3.019, 0.0209144 
3.02, 0.0209063 
3.021, 0.0208982 
3.022, 0.0208901 
3.023, 0.020882 
3.024, 0.0208739 
3.025, 0.0208658 
3.026, 0.0208577 
3.027, 0.0208496 
3.028, 0.0208415 
3.029, 0.0208335 
3.03, 0.0208254 
3.031, 0.0208173 
3.032, 0.0208092 
3.033, 0.0208012 
3.034, 0.0207931 
3.035, 0.020785 
3.036, 0.020777 
3.037, 0.0207689 
3.038, 0.0207609 
3.039, 0.0207528 
3.04, 0.0207447 
3.041, 0.0207367 
3.042, 0.0207287 
3.043, 0.0207206 
3.044, 0.0207126 
3.045, 0.0207045 
3.046, 0.0206965 
3.047, 0.0206885 
3.048, 0.0206804 
3.049, 0.0206724 
3.05, 0.0206644 
3.051, 0.0206563 
3.052, 0.0206483 
3.053, 0.0206403 
3.054, 0.0206323 
3.055, 0.0206243 
3.056, 0.0206163 
3.057, 0.0206082 
3.058, 0.0206002 
3.059, 0.0205922 
3.06, 0.0205842 
3.061, 0.0205762 
3.062, 0.0205682 
3.063, 0.0205602 
3.064, 0.0205522 
3.065, 0.0205443 
3.066, 0.0205363 
3.067, 0.0205283 
3.068, 0.0205203 
3.069, 0.0205123 
3.07, 0.0205044 
3.071, 0.0204964 
3.072, 0.0204884 
3.073, 0.0204804 
3.074, 0.0204725 
3.075, 0.0204645 
3.076, 0.0204565 
3.077, 0.0204486 
3.078, 0.0204406 
3.079, 0.0204327 
3.08, 0.0204247 
3.081, 0.0204168 
3.082, 0.0204088 
3.083, 0.0204009 
3.084, 0.0203929 
3.085, 0.020385 
3.086, 0.0203771 
3.087, 0.0203691 
3.088, 0.0203612 
3.089, 0.0203533 
3.09, 0.0203454 
3.091, 0.0203374 
3.092, 0.0203295 
3.093, 0.0203216 
3.094, 0.0203137 
3.095, 0.0203058 
3.096, 0.0202979 
3.097, 0.02029 
3.098, 0.0202821 
3.099, 0.0202741 
3.1, 0.0202663 
3.101, 0.0202584 
3.102, 0.0202505 
3.103, 0.0202426 
3.104, 0.0202347 
3.105, 0.0202268 
3.106, 0.0202189 
3.107, 0.020211 
3.108, 0.0202032 
3.109, 0.0201953 
3.11, 0.0201874 
3.111, 0.0201795 
3.112, 0.0201717 
3.113, 0.0201638 
3.114, 0.0201559 
3.115, 0.0201481 
3.116, 0.0201402 
3.117, 0.0201324 
3.118, 0.0201245 
3.119, 0.0201167 
3.12, 0.0201088 
3.121, 0.020101 
3.122, 0.0200931 
3.123, 0.0200853 
3.124, 0.0200775 
3.125, 0.0200696 
3.126, 0.0200618 
3.127, 0.020054 
3.128, 0.0200462 
3.129, 0.0200383 
3.13, 0.0200305 
3.131, 0.0200227 
3.132, 0.0200149 
3.133, 0.0200071 
3.134, 0.0199993 
3.135, 0.0199915 
3.136, 0.0199837 
3.137, 0.0199759 
3.138, 0.0199681 
3.139, 0.0199603 
3.14, 0.0199525 
3.141, 0.0199447 
3.142, 0.0199369 
3.143, 0.0199291 
3.144, 0.0199213 
3.145, 0.0199136 
3.146, 0.0199058 
3.147, 0.019898 
3.148, 0.0198903 
3.149, 0.0198825 
3.15, 0.0198747 
3.151, 0.019867 
3.152, 0.0198592 
3.153, 0.0198514 
3.154, 0.0198437 
3.155, 0.0198359 
3.156, 0.0198282 
3.157, 0.0198205 
3.158, 0.0198127 
3.159, 0.019805 
3.16, 0.0197972 
3.161, 0.0197895 
3.162, 0.0197818 
3.163, 0.019774 
3.164, 0.0197663 
3.165, 0.0197586 
3.166, 0.0197509 
3.167, 0.0197432 
3.168, 0.0197354 
3.169, 0.0197277 
3.17, 0.01972 
3.171, 0.0197123 
3.172, 0.0197046 
3.173, 0.0196969 
3.174, 0.0196892 
3.175, 0.0196815 
3.176, 0.0196738 
3.177, 0.0196661 
3.178, 0.0196585 
3.179, 0.0196508 
3.18, 0.0196431 
3.181, 0.0196354 
3.182, 0.0196277 
3.183, 0.0196201 
3.184, 0.0196124 
3.185, 0.0196047 
3.186, 0.0195971 
3.187, 0.0195894 
3.188, 0.0195817 
3.189, 0.0195741 
3.19, 0.0195664 
3.191, 0.0195588 
3.192, 0.0195511 
3.193, 0.0195435 
3.194, 0.0195359 
3.195, 0.0195282 
3.196, 0.0195206 
3.197, 0.0195129 
3.198, 0.0195053 
3.199, 0.0194977 
3.2, 0.0194901 
3.201, 0.0194824 
3.202, 0.0194748 
3.203, 0.0194672 
3.204, 0.0194596 
3.205, 0.019452 
3.206, 0.0194444 
3.207, 0.0194368 
3.208, 0.0194292 
3.209, 0.0194216 
3.21, 0.019414 
3.211, 0.0194064 
3.212, 0.0193988 
3.213, 0.0193912 
3.214, 0.0193836 
3.215, 0.019376 
3.216, 0.0193685 
3.217, 0.0193609 
3.218, 0.0193533 
3.219, 0.0193457 
3.22, 0.0193382 
3.221, 0.0193306 
3.222, 0.0193231 
3.223, 0.0193155 
3.224, 0.0193079 
3.225, 0.0193004 
3.226, 0.0192928 
3.227, 0.0192853 
3.228, 0.0192777 
3.229, 0.0192702 
3.23, 0.0192627 
3.231, 0.0192551 
3.232, 0.0192476 
3.233, 0.0192401 
3.234, 0.0192325 
3.235, 0.019225 
3.236, 0.0192175 
3.237, 0.01921 
3.238, 0.0192025 
3.239, 0.0191949 
3.24, 0.0191874 
3.241, 0.0191799 
3.242, 0.0191724 
3.243, 0.0191649 
3.244, 0.0191574 
3.245, 0.0191499 
3.246, 0.0191424 
3.247, 0.019135 
3.248, 0.0191275 
3.249, 0.01912 
3.25, 0.0191125 
3.251, 0.019105 
3.252, 0.0190975 
3.253, 0.0190901 
3.254, 0.0190826 
3.255, 0.0190751 
3.256, 0.0190677 
3.257, 0.0190602 
3.258, 0.0190528 
3.259, 0.0190453 
3.26, 0.0190379 
3.261, 0.0190304 
3.262, 0.019023 
3.263, 0.0190155 
3.264, 0.0190081 
3.265, 0.0190006 
3.266, 0.0189932 
3.267, 0.0189858 
3.268, 0.0189783 
3.269, 0.0189709 
3.27, 0.0189635 
3.271, 0.0189561 
3.272, 0.0189487 
3.273, 0.0189412 
3.274, 0.0189338 
3.275, 0.0189264 
3.276, 0.018919 
3.277, 0.0189116 
3.278, 0.0189042 
3.279, 0.0188968 
3.28, 0.0188894 
3.281, 0.018882 
3.282, 0.0188747 
3.283, 0.0188673 
3.284, 0.0188599 
3.285, 0.0188525 
3.286, 0.0188451 
3.287, 0.0188378 
3.288, 0.0188304 
3.289, 0.018823 
3.29, 0.0188157 
3.291, 0.0188083 
3.292, 0.0188009 
3.293, 0.0187936 
3.294, 0.0187862 
3.295, 0.0187789 
3.296, 0.0187715 
3.297, 0.0187642 
3.298, 0.0187569 
3.299, 0.0187495 
3.3, 0.0187422 
3.301, 0.0187348 
3.302, 0.0187275 
3.303, 0.0187202 
3.304, 0.0187129 
3.305, 0.0187056 
3.306, 0.0186982 
3.307, 0.0186909 
3.308, 0.0186836 
3.309, 0.0186763 
3.31, 0.018669 
3.311, 0.0186617 
3.312, 0.0186544 
3.313, 0.0186471 
3.314, 0.0186398 
3.315, 0.0186325 
3.316, 0.0186252 
3.317, 0.0186179 
3.318, 0.0186107 
3.319, 0.0186034 
3.32, 0.0185961 
3.321, 0.0185888 
3.322, 0.0185816 
3.323, 0.0185743 
3.324, 0.018567 
3.325, 0.0185598 
3.326, 0.0185525 
3.327, 0.0185453 
3.328, 0.018538 
3.329, 0.0185308 
3.33, 0.0185235 
3.331, 0.0185163 
3.332, 0.018509 
3.333, 0.0185018 
3.334, 0.0184946 
3.335, 0.0184873 
3.336, 0.0184801 
3.337, 0.0184729 
3.338, 0.0184657 
3.339, 0.0184584 
3.34, 0.0184512 
3.341, 0.018444 
3.342, 0.0184368 
3.343, 0.0184296 
3.344, 0.0184224 
3.345, 0.0184152 
3.346, 0.018408 
3.347, 0.0184008 
3.348, 0.0183936 
3.349, 0.0183864 
3.35, 0.0183792 
3.351, 0.018372 
3.352, 0.0183649 
3.353, 0.0183577 
3.354, 0.0183505 
3.355, 0.0183433 
3.356, 0.0183362 
3.357, 0.018329 
3.358, 0.0183218 
3.359, 0.0183147 
3.36, 0.0183075 
3.361, 0.0183004 
3.362, 0.0182932 
3.363, 0.0182861 
3.364, 0.0182789 
3.365, 0.0182718 
3.366, 0.0182646 
3.367, 0.0182575 
3.368, 0.0182504 
3.369, 0.0182432 
3.37, 0.0182361 
3.371, 0.018229 
3.372, 0.0182219 
3.373, 0.0182147 
3.374, 0.0182076 
3.375, 0.0182005 
3.376, 0.0181934 
3.377, 0.0181863 
3.378, 0.0181792 
3.379, 0.0181721 
3.38, 0.018165 
3.381, 0.0181579 
3.382, 0.0181508 
3.383, 0.0181437 
3.384, 0.0181366 
3.385, 0.0181296 
3.386, 0.0181225 
3.387, 0.0181154 
3.388, 0.0181083 
3.389, 0.0181013 
3.39, 0.0180942 
3.391, 0.0180871 
3.392, 0.0180801 
3.393, 0.018073 
3.394, 0.018066 
3.395, 0.0180589 
3.396, 0.0180519 
3.397, 0.0180448 
3.398, 0.0180378 
3.399, 0.0180307 
3.4, 0.0180237 
3.401, 0.0180166 
3.402, 0.0180096 
3.403, 0.0180026 
3.404, 0.0179956 
3.405, 0.0179885 
3.406, 0.0179815 
3.407, 0.0179745 
3.408, 0.0179675 
3.409, 0.0179605 
3.41, 0.0179535 
3.411, 0.0179465 
3.412, 0.0179395 
3.413, 0.0179325 
3.414, 0.0179255 
3.415, 0.0179185 
3.416, 0.0179115 
3.417, 0.0179045 
3.418, 0.0178975 
3.419, 0.0178905 
3.42, 0.0178836 
3.421, 0.0178766 
3.422, 0.0178696 
3.423, 0.0178626 
3.424, 0.0178557 
3.425, 0.0178487 
3.426, 0.0178418 
3.427, 0.0178348 
3.428, 0.0178278 
3.429, 0.0178209 
3.43, 0.0178139 
3.431, 0.017807 
3.432, 0.0178001 
3.433, 0.0177931 
3.434, 0.0177862 
3.435, 0.0177792 
3.436, 0.0177723 
3.437, 0.0177654 
3.438, 0.0177585 
3.439, 0.0177515 
3.44, 0.0177446 
3.441, 0.0177377 
3.442, 0.0177308 
3.443, 0.0177239 
3.444, 0.017717 
3.445, 0.0177101 
3.446, 0.0177032 
3.447, 0.0176963 
3.448, 0.0176894 
3.449, 0.0176825 
3.45, 0.0176756 
3.451, 0.0176687 
3.452, 0.0176618 
3.453, 0.017655 
3.454, 0.0176481 
3.455, 0.0176412 
3.456, 0.0176343 
3.457, 0.0176275 
3.458, 0.0176206 
3.459, 0.0176137 
3.46, 0.0176069 
3.461, 0.0176 
3.462, 0.0175932 
3.463, 0.0175863 
3.464, 0.0175795 
3.465, 0.0175726 
3.466, 0.0175658 
3.467, 0.017559 
3.468, 0.0175521 
3.469, 0.0175453 
3.47, 0.0175385 
3.471, 0.0175316 
3.472, 0.0175248 
3.473, 0.017518 
3.474, 0.0175112 
3.475, 0.0175044 
3.476, 0.0174976 
3.477, 0.0174907 
3.478, 0.0174839 
3.479, 0.0174771 
3.48, 0.0174703 
3.481, 0.0174635 
3.482, 0.0174568 
3.483, 0.01745 
3.484, 0.0174432 
3.485, 0.0174364 
3.486, 0.0174296 
3.487, 0.0174228 
3.488, 0.0174161 
3.489, 0.0174093 
3.49, 0.0174025 
3.491, 0.0173958 
3.492, 0.017389 
3.493, 0.0173822 
3.494, 0.0173755 
3.495, 0.0173687 
3.496, 0.017362 
3.497, 0.0173552 
3.498, 0.0173485 
3.499, 0.0173417 
3.5, 0.017335 
3.501, 0.0173283 
3.502, 0.0173215 
3.503, 0.0173148 
3.504, 0.0173081 
3.505, 0.0173013 
3.506, 0.0172946 
3.507, 0.0172879 
3.508, 0.0172812 
3.509, 0.0172745 
3.51, 0.0172678 
3.511, 0.0172611 
3.512, 0.0172544 
3.513, 0.0172477 
3.514, 0.017241 
3.515, 0.0172343 
3.516, 0.0172276 
3.517, 0.0172209 
3.518, 0.0172142 
3.519, 0.0172075 
3.52, 0.0172008 
3.521, 0.0171942 
3.522, 0.0171875 
3.523, 0.0171808 
3.524, 0.0171741 
3.525, 0.0171675 
3.526, 0.0171608 
3.527, 0.0171542 
3.528, 0.0171475 
3.529, 0.0171408 
3.53, 0.0171342 
3.531, 0.0171275 
3.532, 0.0171209 
3.533, 0.0171143 
3.534, 0.0171076 
3.535, 0.017101 
3.536, 0.0170944 
3.537, 0.0170877 
3.538, 0.0170811 
3.539, 0.0170745 
3.54, 0.0170679 
3.541, 0.0170612 
3.542, 0.0170546 
3.543, 0.017048 
3.544, 0.0170414 
3.545, 0.0170348 
3.546, 0.0170282 
3.547, 0.0170216 
3.548, 0.017015 
3.549, 0.0170084 
3.55, 0.0170018 
3.551, 0.0169952 
3.552, 0.0169886 
3.553, 0.0169821 
3.554, 0.0169755 
3.555, 0.0169689 
3.556, 0.0169623 
3.557, 0.0169558 
3.558, 0.0169492 
3.559, 0.0169426 
3.56, 0.0169361 
3.561, 0.0169295 
3.562, 0.0169229 
3.563, 0.0169164 
3.564, 0.0169098 
3.565, 0.0169033 
3.566, 0.0168968 
3.567, 0.0168902 
3.568, 0.0168837 
3.569, 0.0168771 
3.57, 0.0168706 
3.571, 0.0168641 
3.572, 0.0168576 
3.573, 0.016851 
3.574, 0.0168445 
3.575, 0.016838 
3.576, 0.0168315 
3.577, 0.016825 
3.578, 0.0168185 
3.579, 0.016812 
3.58, 0.0168055 
3.581, 0.016799 
3.582, 0.0167925 
3.583, 0.016786 
3.584, 0.0167795 
3.585, 0.016773 
3.586, 0.0167665 
3.587, 0.01676 
3.588, 0.0167535 
3.589, 0.0167471 
3.59, 0.0167406 
3.591, 0.0167341 
3.592, 0.0167277 
3.593, 0.0167212 
3.594, 0.0167147 
3.595, 0.0167083 
3.596, 0.0167018 
3.597, 0.0166954 
3.598, 0.0166889 
3.599, 0.0166825 
3.6, 0.016676 
3.601, 0.0166696 
3.602, 0.0166631 
3.603, 0.0166567 
3.604, 0.0166503 
3.605, 0.0166438 
3.606, 0.0166374 
3.607, 0.016631 
3.608, 0.0166246 
3.609, 0.0166182 
3.61, 0.0166117 
3.611, 0.0166053 
3.612, 0.0165989 
3.613, 0.0165925 
3.614, 0.0165861 
3.615, 0.0165797 
3.616, 0.0165733 
3.617, 0.0165669 
3.618, 0.0165605 
3.619, 0.0165541 
3.62, 0.0165478 
3.621, 0.0165414 
3.622, 0.016535 
3.623, 0.0165286 
3.624, 0.0165222 
3.625, 0.0165159 
3.626, 0.0165095 
3.627, 0.0165031 
3.628, 0.0164968 
3.629, 0.0164904 
3.63, 0.0164841 
3.631, 0.0164777 
3.632, 0.0164714 
3.633, 0.016465 
3.634, 0.0164587 
3.635, 0.0164523 
3.636, 0.016446 
3.637, 0.0164396 
3.638, 0.0164333 
3.639, 0.016427 
3.64, 0.0164207 
3.641, 0.0164143 
3.642, 0.016408 
3.643, 0.0164017 
3.644, 0.0163954 
3.645, 0.0163891 
3.646, 0.0163828 
3.647, 0.0163764 
3.648, 0.0163701 
3.649, 0.0163638 
3.65, 0.0163575 
3.651, 0.0163512 
3.652, 0.016345 
3.653, 0.0163387 
3.654, 0.0163324 
3.655, 0.0163261 
3.656, 0.0163198 
3.657, 0.0163135 
3.658, 0.0163073 
3.659, 0.016301 
3.66, 0.0162947 
3.661, 0.0162885 
3.662, 0.0162822 
3.663, 0.0162759 
3.664, 0.0162697 
3.665, 0.0162634 
3.666, 0.0162572 
3.667, 0.0162509 
3.668, 0.0162447 
3.669, 0.0162384 
3.67, 0.0162322 
3.671, 0.0162259 
3.672, 0.0162197 
3.673, 0.0162135 
3.674, 0.0162073 
3.675, 0.016201 
3.676, 0.0161948 
3.677, 0.0161886 
3.678, 0.0161824 
3.679, 0.0161762 
3.68, 0.0161699 
3.681, 0.0161637 
3.682, 0.0161575 
3.683, 0.0161513 
3.684, 0.0161451 
3.685, 0.0161389 
3.686, 0.0161327 
3.687, 0.0161265 
3.688, 0.0161203 
3.689, 0.0161142 
3.69, 0.016108 
3.691, 0.0161018 
3.692, 0.0160956 
3.693, 0.0160894 
3.694, 0.0160833 
3.695, 0.0160771 
3.696, 0.0160709 
3.697, 0.0160648 
3.698, 0.0160586 
3.699, 0.0160525 
3.7, 0.0160463 
3.701, 0.0160402 
3.702, 0.016034 
3.703, 0.0160279 
3.704, 0.0160217 
3.705, 0.0160156 
3.706, 0.0160094 
3.707, 0.0160033 
3.708, 0.0159972 
3.709, 0.015991 
3.71, 0.0159849 
3.711, 0.0159788 
3.712, 0.0159727 
3.713, 0.0159666 
3.714, 0.0159604 
3.715, 0.0159543 
3.716, 0.0159482 
3.717, 0.0159421 
3.718, 0.015936 
3.719, 0.0159299 
3.72, 0.0159238 
3.721, 0.0159177 
3.722, 0.0159116 
3.723, 0.0159055 
3.724, 0.0158995 
3.725, 0.0158934 
3.726, 0.0158873 
3.727, 0.0158812 
3.728, 0.0158751 
3.729, 0.0158691 
3.73, 0.015863 
3.731, 0.0158569 
3.732, 0.0158509 
3.733, 0.0158448 
3.734, 0.0158388 
3.735, 0.0158327 
3.736, 0.0158266 
3.737, 0.0158206 
3.738, 0.0158145 
3.739, 0.0158085 
3.74, 0.0158025 
3.741, 0.0157964 
3.742, 0.0157904 
3.743, 0.0157844 
3.744, 0.0157783 
3.745, 0.0157723 
3.746, 0.0157663 
3.747, 0.0157603 
3.748, 0.0157542 
3.749, 0.0157482 
3.75, 0.0157422 
3.751, 0.0157362 
3.752, 0.0157302 
3.753, 0.0157242 
3.754, 0.0157182 
3.755, 0.0157122 
3.756, 0.0157062 
3.757, 0.0157002 
3.758, 0.0156942 
3.759, 0.0156882 
3.76, 0.0156822 
3.761, 0.0156763 
3.762, 0.0156703 
3.763, 0.0156643 
3.764, 0.0156583 
3.765, 0.0156524 
3.766, 0.0156464 
3.767, 0.0156404 
3.768, 0.0156345 
3.769, 0.0156285 
3.77, 0.0156225 
3.771, 0.0156166 
3.772, 0.0156106 
3.773, 0.0156047 
3.774, 0.0155988 
3.775, 0.0155928 
3.776, 0.0155869 
3.777, 0.0155809 
3.778, 0.015575 
3.779, 0.0155691 
3.78, 0.0155631 
3.781, 0.0155572 
3.782, 0.0155513 
3.783, 0.0155454 
3.784, 0.0155395 
3.785, 0.0155335 
3.786, 0.0155276 
3.787, 0.0155217 
3.788, 0.0155158 
3.789, 0.0155099 
3.79, 0.015504 
3.791, 0.0154981 
3.792, 0.0154922 
3.793, 0.0154863 
3.794, 0.0154804 
3.795, 0.0154745 
3.796, 0.0154687 
3.797, 0.0154628 
3.798, 0.0154569 
3.799, 0.015451 
3.8, 0.0154452 
3.801, 0.0154393 
3.802, 0.0154334 
3.803, 0.0154275 
3.804, 0.0154217 
3.805, 0.0154158 
3.806, 0.01541 
3.807, 0.0154041 
3.808, 0.0153983 
3.809, 0.0153924 
3.81, 0.0153866 
3.811, 0.0153807 
3.812, 0.0153749 
3.813, 0.0153691 
3.814, 0.0153632 
3.815, 0.0153574 
3.816, 0.0153516 
3.817, 0.0153457 
3.818, 0.0153399 
3.819, 0.0153341 
3.82, 0.0153283 
3.821, 0.0153225 
3.822, 0.0153166 
3.823, 0.0153108 
3.824, 0.015305 
3.825, 0.0152992 
3.826, 0.0152934 
3.827, 0.0152876 
3.828, 0.0152818 
3.829, 0.015276 
3.83, 0.0152702 
3.831, 0.0152645 
3.832, 0.0152587 
3.833, 0.0152529 
3.834, 0.0152471 
3.835, 0.0152413 
3.836, 0.0152356 
3.837, 0.0152298 
3.838, 0.015224 
3.839, 0.0152183 
3.84, 0.0152125 
3.841, 0.0152067 
3.842, 0.015201 
3.843, 0.0151952 
3.844, 0.0151895 
3.845, 0.0151837 
3.846, 0.015178 
3.847, 0.0151722 
3.848, 0.0151665 
3.849, 0.0151607 
3.85, 0.015155 
3.851, 0.0151493 
3.852, 0.0151435 
3.853, 0.0151378 
3.854, 0.0151321 
3.855, 0.0151264 
3.856, 0.0151206 
3.857, 0.0151149 
3.858, 0.0151092 
3.859, 0.0151035 
3.86, 0.0150978 
3.861, 0.0150921 
3.862, 0.0150864 
3.863, 0.0150807 
3.864, 0.015075 
3.865, 0.0150693 
3.866, 0.0150636 
3.867, 0.0150579 
3.868, 0.0150522 
3.869, 0.0150465 
3.87, 0.0150409 
3.871, 0.0150352 
3.872, 0.0150295 
3.873, 0.0150238 
3.874, 0.0150182 
3.875, 0.0150125 
3.876, 0.0150068 
3.877, 0.0150012 
3.878, 0.0149955 
3.879, 0.0149898 
3.88, 0.0149842 
3.881, 0.0149785 
3.882, 0.0149729 
3.883, 0.0149672 
3.884, 0.0149616 
3.885, 0.014956 
3.886, 0.0149503 
3.887, 0.0149447 
3.888, 0.014939 
3.889, 0.0149334 
3.89, 0.0149278 
3.891, 0.0149222 
3.892, 0.0149165 
3.893, 0.0149109 
3.894, 0.0149053 
3.895, 0.0148997 
3.896, 0.0148941 
3.897, 0.0148885 
3.898, 0.0148829 
3.899, 0.0148773 
3.9, 0.0148717 
3.901, 0.0148661 
3.902, 0.0148605 
3.903, 0.0148549 
3.904, 0.0148493 
3.905, 0.0148437 
3.906, 0.0148381 
3.907, 0.0148325 
3.908, 0.0148269 
3.909, 0.0148214 
3.91, 0.0148158 
3.911, 0.0148102 
3.912, 0.0148047 
3.913, 0.0147991 
3.914, 0.0147935 
3.915, 0.014788 
3.916, 0.0147824 
3.917, 0.0147768 
3.918, 0.0147713 
3.919, 0.0147657 
3.92, 0.0147602 
3.921, 0.0147546 
3.922, 0.0147491 
3.923, 0.0147436 
3.924, 0.014738 
3.925, 0.0147325 
3.926, 0.014727 
3.927, 0.0147214 
3.928, 0.0147159 
3.929, 0.0147104 
3.93, 0.0147049 
3.931, 0.0146993 
3.932, 0.0146938 
3.933, 0.0146883 
3.934, 0.0146828 
3.935, 0.0146773 
3.936, 0.0146718 
3.937, 0.0146663 
3.938, 0.0146608 
3.939, 0.0146553 
3.94, 0.0146498 
3.941, 0.0146443 
3.942, 0.0146388 
3.943, 0.0146333 
3.944, 0.0146278 
3.945, 0.0146223 
3.946, 0.0146169 
3.947, 0.0146114 
3.948, 0.0146059 
3.949, 0.0146004 
3.95, 0.014595 
3.951, 0.0145895 
3.952, 0.014584 
3.953, 0.0145786 
3.954, 0.0145731 
3.955, 0.0145677 
3.956, 0.0145622 
3.957, 0.0145568 
3.958, 0.0145513 
3.959, 0.0145459 
3.96, 0.0145404 
3.961, 0.014535 
3.962, 0.0145295 
3.963, 0.0145241 
3.964, 0.0145187 
3.965, 0.0145133 
3.966, 0.0145078 
3.967, 0.0145024 
3.968, 0.014497 
3.969, 0.0144916 
3.97, 0.0144861 
3.971, 0.0144807 
3.972, 0.0144753 
3.973, 0.0144699 
3.974, 0.0144645 
3.975, 0.0144591 
3.976, 0.0144537 
3.977, 0.0144483 
3.978, 0.0144429 
3.979, 0.0144375 
3.98, 0.0144321 
3.981, 0.0144267 
3.982, 0.0144213 
3.983, 0.014416 
3.984, 0.0144106 
3.985, 0.0144052 
3.986, 0.0143998 
3.987, 0.0143944 
3.988, 0.0143891 
3.989, 0.0143837 
3.99, 0.0143783 
3.991, 0.014373 
3.992, 0.0143676 
3.993, 0.0143623 
3.994, 0.0143569 
3.995, 0.0143515 
3.996, 0.0143462 
3.997, 0.0143409 
3.998, 0.0143355 
3.999, 0.0143302 
4, 0.0143248 
4.001, 0.0143195 
4.002, 0.0143142 
4.003, 0.0143088 
4.004, 0.0143035 
4.005, 0.0142982 
4.006, 0.0142928 
4.007, 0.0142875 
4.008, 0.0142822 
4.009, 0.0142769 
4.01, 0.0142716 
4.011, 0.0142663 
4.012, 0.0142609 
4.013, 0.0142556 
4.014, 0.0142503 
4.015, 0.014245 
4.016, 0.0142397 
4.017, 0.0142344 
4.018, 0.0142291 
4.019, 0.0142239 
4.02, 0.0142186 
4.021, 0.0142133 
4.022, 0.014208 
4.023, 0.0142027 
4.024, 0.0141974 
4.025, 0.0141922 
4.026, 0.0141869 
4.027, 0.0141816 
4.028, 0.0141763 
4.029, 0.0141711 
4.03, 0.0141658 
4.031, 0.0141606 
4.032, 0.0141553 
4.033, 0.01415 
4.034, 0.0141448 
4.035, 0.0141395 
4.036, 0.0141343 
4.037, 0.014129 
4.038, 0.0141238 
4.039, 0.0141186 
4.04, 0.0141133 
4.041, 0.0141081 
4.042, 0.0141028 
4.043, 0.0140976 
4.044, 0.0140924 
4.045, 0.0140872 
4.046, 0.0140819 
4.047, 0.0140767 
4.048, 0.0140715 
4.049, 0.0140663 
4.05, 0.0140611 
4.051, 0.0140559 
4.052, 0.0140507 
4.053, 0.0140454 
4.054, 0.0140402 
4.055, 0.014035 
4.056, 0.0140298 
4.057, 0.0140246 
4.058, 0.0140195 
4.059, 0.0140143 
4.06, 0.0140091 
4.061, 0.0140039 
4.062, 0.0139987 
4.063, 0.0139935 
4.064, 0.0139883 
4.065, 0.0139832 
4.066, 0.013978 
4.067, 0.0139728 
4.068, 0.0139677 
4.069, 0.0139625 
4.07, 0.0139573 
4.071, 0.0139522 
4.072, 0.013947 
4.073, 0.0139419 
4.074, 0.0139367 
4.075, 0.0139315 
4.076, 0.0139264 
4.077, 0.0139213 
4.078, 0.0139161 
4.079, 0.013911 
4.08, 0.0139058 
4.081, 0.0139007 
4.082, 0.0138956 
4.083, 0.0138904 
4.084, 0.0138853 
4.085, 0.0138802 
4.086, 0.013875 
4.087, 0.0138699 
4.088, 0.0138648 
4.089, 0.0138597 
4.09, 0.0138546 
4.091, 0.0138495 
4.092, 0.0138444 
4.093, 0.0138392 
4.094, 0.0138341 
4.095, 0.013829 
4.096, 0.0138239 
4.097, 0.0138188 
4.098, 0.0138138 
4.099, 0.0138087 
4.1, 0.0138036 
4.101, 0.0137985 
4.102, 0.0137934 
4.103, 0.0137883 
4.104, 0.0137832 
4.105, 0.0137782 
4.106, 0.0137731 
4.107, 0.013768 
4.108, 0.0137629 
4.109, 0.0137579 
4.11, 0.0137528 
4.111, 0.0137477 
4.112, 0.0137427 
4.113, 0.0137376 
4.114, 0.0137326 
4.115, 0.0137275 
4.116, 0.0137225 
4.117, 0.0137174 
4.118, 0.0137124 
4.119, 0.0137073 
4.12, 0.0137023 
4.121, 0.0136973 
4.122, 0.0136922 
4.123, 0.0136872 
4.124, 0.0136822 
4.125, 0.0136771 
4.126, 0.0136721 
4.127, 0.0136671 
4.128, 0.0136621 
4.129, 0.013657 
4.13, 0.013652 
4.131, 0.013647 
4.132, 0.013642 
4.133, 0.013637 
4.134, 0.013632 
4.135, 0.013627 
4.136, 0.013622 
4.137, 0.013617 
4.138, 0.013612 
4.139, 0.013607 
4.14, 0.013602 
4.141, 0.013597 
4.142, 0.013592 
4.143, 0.013587 
4.144, 0.013582 
4.145, 0.0135771 
4.146, 0.0135721 
4.147, 0.0135671 
4.148, 0.0135621 
4.149, 0.0135572 
4.15, 0.0135522 
4.151, 0.0135472 
4.152, 0.0135423 
4.153, 0.0135373 
4.154, 0.0135323 
4.155, 0.0135274 
4.156, 0.0135224 
4.157, 0.0135175 
4.158, 0.0135125 
4.159, 0.0135076 
4.16, 0.0135026 
4.161, 0.0134977 
4.162, 0.0134928 
4.163, 0.0134878 
4.164, 0.0134829 
4.165, 0.0134779 
4.166, 0.013473 
4.167, 0.0134681 
4.168, 0.0134632 
4.169, 0.0134582 
4.17, 0.0134533 
4.171, 0.0134484 
4.172, 0.0134435 
4.173, 0.0134386 
4.174, 0.0134337 
4.175, 0.0134287 
4.176, 0.0134238 
4.177, 0.0134189 
4.178, 0.013414 
4.179, 0.0134091 
4.18, 0.0134042 
4.181, 0.0133993 
4.182, 0.0133944 
4.183, 0.0133896 
4.184, 0.0133847 
4.185, 0.0133798 
4.186, 0.0133749 
4.187, 0.01337 
4.188, 0.0133651 
4.189, 0.0133603 
4.19, 0.0133554 
4.191, 0.0133505 
4.192, 0.0133456 
4.193, 0.0133408 
4.194, 0.0133359 
4.195, 0.0133311 
4.196, 0.0133262 
4.197, 0.0133213 
4.198, 0.0133165 
4.199, 0.0133116 
4.2, 0.0133068 
4.201, 0.0133019 
4.202, 0.0132971 
4.203, 0.0132922 
4.204, 0.0132874 
4.205, 0.0132826 
4.206, 0.0132777 
4.207, 0.0132729 
4.208, 0.0132681 
4.209, 0.0132632 
4.21, 0.0132584 
4.211, 0.0132536 
4.212, 0.0132488 
4.213, 0.0132439 
4.214, 0.0132391 
4.215, 0.0132343 
4.216, 0.0132295 
4.217, 0.0132247 
4.218, 0.0132199 
4.219, 0.0132151 
4.22, 0.0132103 
4.221, 0.0132055 
4.222, 0.0132007 
4.223, 0.0131959 
4.224, 0.0131911 
4.225, 0.0131863 
4.226, 0.0131815 
4.227, 0.0131767 
4.228, 0.0131719 
4.229, 0.0131671 
4.23, 0.0131623 
4.231, 0.0131576 
4.232, 0.0131528 
4.233, 0.013148 
4.234, 0.0131432 
4.235, 0.0131385 
4.236, 0.0131337 
4.237, 0.0131289 
4.238, 0.0131242 
4.239, 0.0131194 
4.24, 0.0131147 
4.241, 0.0131099 
4.242, 0.0131052 
4.243, 0.0131004 
4.244, 0.0130957 
4.245, 0.0130909 
4.246, 0.0130862 
4.247, 0.0130814 
4.248, 0.0130767 
4.249, 0.0130719 
4.25, 0.0130672 
4.251, 0.0130625 
4.252, 0.0130577 
4.253, 0.013053 
4.254, 0.0130483 
4.255, 0.0130436 
4.256, 0.0130388 
4.257, 0.0130341 
4.258, 0.0130294 
4.259, 0.0130247 
4.26, 0.01302 
4.261, 0.0130153 
4.262, 0.0130106 
4.263, 0.0130059 
4.264, 0.0130012 
4.265, 0.0129965 
4.266, 0.0129918 
4.267, 0.0129871 
4.268, 0.0129824 
4.269, 0.0129777 
4.27, 0.012973 
4.271, 0.0129683 
4.272, 0.0129636 
4.273, 0.0129589 
4.274, 0.0129542 
4.275, 0.0129496 
4.276, 0.0129449 
4.277, 0.0129402 
4.278, 0.0129355 
4.279, 0.0129309 
4.28, 0.0129262 
4.281, 0.0129215 
4.282, 0.0129169 
4.283, 0.0129122 
4.284, 0.0129076 
4.285, 0.0129029 
4.286, 0.0128982 
4.287, 0.0128936 
4.288, 0.0128889 
4.289, 0.0128843 
4.29, 0.0128797 
4.291, 0.012875 
4.292, 0.0128704 
4.293, 0.0128657 
4.294, 0.0128611 
4.295, 0.0128565 
4.296, 0.0128518 
4.297, 0.0128472 
4.298, 0.0128426 
4.299, 0.0128379 
4.3, 0.0128333 
4.301, 0.0128287 
4.302, 0.0128241 
4.303, 0.0128195 
4.304, 0.0128149 
4.305, 0.0128102 
4.306, 0.0128056 
4.307, 0.012801 
4.308, 0.0127964 
4.309, 0.0127918 
4.31, 0.0127872 
4.311, 0.0127826 
4.312, 0.012778 
4.313, 0.0127734 
4.314, 0.0127688 
4.315, 0.0127642 
4.316, 0.0127597 
4.317, 0.0127551 
4.318, 0.0127505 
4.319, 0.0127459 
4.32, 0.0127413 
4.321, 0.0127368 
4.322, 0.0127322 
4.323, 0.0127276 
4.324, 0.012723 
4.325, 0.0127185 
4.326, 0.0127139 
4.327, 0.0127093 
4.328, 0.0127048 
4.329, 0.0127002 
4.33, 0.0126957 
4.331, 0.0126911 
4.332, 0.0126866 
4.333, 0.012682 
4.334, 0.0126775 
4.335, 0.0126729 
4.336, 0.0126684 
4.337, 0.0126638 
4.338, 0.0126593 
4.339, 0.0126548 
4.34, 0.0126502 
4.341, 0.0126457 
4.342, 0.0126412 
4.343, 0.0126366 
4.344, 0.0126321 
4.345, 0.0126276 
4.346, 0.0126231 
4.347, 0.0126185 
4.348, 0.012614 
4.349, 0.0126095 
4.35, 0.012605 
4.351, 0.0126005 
4.352, 0.012596 
4.353, 0.0125915 
4.354, 0.012587 
4.355, 0.0125825 
4.356, 0.012578 
4.357, 0.0125735 
4.358, 0.012569 
4.359, 0.0125645 
4.36, 0.01256 
4.361, 0.0125555 
4.362, 0.012551 
4.363, 0.0125465 
4.364, 0.012542 
4.365, 0.0125376 
4.366, 0.0125331 
4.367, 0.0125286 
4.368, 0.0125241 
4.369, 0.0125197 
4.37, 0.0125152 
4.371, 0.0125107 
4.372, 0.0125063 
4.373, 0.0125018 
4.374, 0.0124973 
4.375, 0.0124929 
4.376, 0.0124884 
4.377, 0.012484 
4.378, 0.0124795 
4.379, 0.0124751 
4.38, 0.0124706 
4.381, 0.0124662 
4.382, 0.0124617 
4.383, 0.0124573 
4.384, 0.0124528 
4.385, 0.0124484 
4.386, 0.012444 
4.387, 0.0124395 
4.388, 0.0124351 
4.389, 0.0124307 
4.39, 0.0124262 
4.391, 0.0124218 
4.392, 0.0124174 
4.393, 0.012413 
4.394, 0.0124086 
4.395, 0.0124041 
4.396, 0.0123997 
4.397, 0.0123953 
4.398, 0.0123909 
4.399, 0.0123865 
4.4, 0.0123821 
4.401, 0.0123777 
4.402, 0.0123733 
4.403, 0.0123689 
4.404, 0.0123645 
4.405, 0.0123601 
4.406, 0.0123557 
4.407, 0.0123513 
4.408, 0.0123469 
4.409, 0.0123425 
4.41, 0.0123381 
4.411, 0.0123338 
4.412, 0.0123294 
4.413, 0.012325 
4.414, 0.0123206 
4.415, 0.0123162 
4.416, 0.0123119 
4.417, 0.0123075 
4.418, 0.0123031 
4.419, 0.0122988 
4.42, 0.0122944 
4.421, 0.01229 
4.422, 0.0122857 
4.423, 0.0122813 
4.424, 0.012277 
4.425, 0.0122726 
4.426, 0.0122683 
4.427, 0.0122639 
4.428, 0.0122596 
4.429, 0.0122552 
4.43, 0.0122509 
4.431, 0.0122465 
4.432, 0.0122422 
4.433, 0.0122379 
4.434, 0.0122335 
4.435, 0.0122292 
4.436, 0.0122249 
4.437, 0.0122205 
4.438, 0.0122162 
4.439, 0.0122119 
4.44, 0.0122076 
4.441, 0.0122032 
4.442, 0.0121989 
4.443, 0.0121946 
4.444, 0.0121903 
4.445, 0.012186 
4.446, 0.0121817 
4.447, 0.0121774 
4.448, 0.0121731 
4.449, 0.0121688 
4.45, 0.0121644 
4.451, 0.0121601 
4.452, 0.0121559 
4.453, 0.0121516 
4.454, 0.0121473 
4.455, 0.012143 
4.456, 0.0121387 
4.457, 0.0121344 
4.458, 0.0121301 
4.459, 0.0121258 
4.46, 0.0121215 
4.461, 0.0121173 
4.462, 0.012113 
4.463, 0.0121087 
4.464, 0.0121044 
4.465, 0.0121002 
4.466, 0.0120959 
4.467, 0.0120916 
4.468, 0.0120874 
4.469, 0.0120831 
4.47, 0.0120788 
4.471, 0.0120746 
4.472, 0.0120703 
4.473, 0.0120661 
4.474, 0.0120618 
4.475, 0.0120576 
4.476, 0.0120533 
4.477, 0.0120491 
4.478, 0.0120448 
4.479, 0.0120406 
4.48, 0.0120363 
4.481, 0.0120321 
4.482, 0.0120279 
4.483, 0.0120236 
4.484, 0.0120194 
4.485, 0.0120152 
4.486, 0.0120109 
4.487, 0.0120067 
4.488, 0.0120025 
4.489, 0.0119983 
4.49, 0.0119941 
4.491, 0.0119898 
4.492, 0.0119856 
4.493, 0.0119814 
4.494, 0.0119772 
4.495, 0.011973 
4.496, 0.0119688 
4.497, 0.0119646 
4.498, 0.0119604 
4.499, 0.0119562 
4.5, 0.011952 
4.501, 0.0119478 
4.502, 0.0119436 
4.503, 0.0119394 
4.504, 0.0119352 
4.505, 0.011931 
4.506, 0.0119268 
4.507, 0.0119226 
4.508, 0.0119184 
4.509, 0.0119142 
4.51, 0.0119101 
4.511, 0.0119059 
4.512, 0.0119017 
4.513, 0.0118975 
4.514, 0.0118934 
4.515, 0.0118892 
4.516, 0.011885 
4.517, 0.0118809 
4.518, 0.0118767 
4.519, 0.0118725 
4.52, 0.0118684 
4.521, 0.0118642 
4.522, 0.0118601 
4.523, 0.0118559 
4.524, 0.0118517 
4.525, 0.0118476 
4.526, 0.0118434 
4.527, 0.0118393 
4.528, 0.0118352 
4.529, 0.011831 
4.53, 0.0118269 
4.531, 0.0118227 
4.532, 0.0118186 
4.533, 0.0118145 
4.534, 0.0118103 
4.535, 0.0118062 
4.536, 0.0118021 
4.537, 0.0117979 
4.538, 0.0117938 
4.539, 0.0117897 
4.54, 0.0117856 
4.541, 0.0117815 
4.542, 0.0117773 
4.543, 0.0117732 
4.544, 0.0117691 
4.545, 0.011765 
4.546, 0.0117609 
4.547, 0.0117568 
4.548, 0.0117527 
4.549, 0.0117486 
4.55, 0.0117445 
4.551, 0.0117404 
4.552, 0.0117363 
4.553, 0.0117322 
4.554, 0.0117281 
4.555, 0.011724 
4.556, 0.0117199 
4.557, 0.0117158 
4.558, 0.0117117 
4.559, 0.0117077 
4.56, 0.0117036 
4.561, 0.0116995 
4.562, 0.0116954 
4.563, 0.0116913 
4.564, 0.0116873 
4.565, 0.0116832 
4.566, 0.0116791 
4.567, 0.011675 
4.568, 0.011671 
4.569, 0.0116669 
4.57, 0.0116629 
4.571, 0.0116588 
4.572, 0.0116547 
4.573, 0.0116507 
4.574, 0.0116466 
4.575, 0.0116426 
4.576, 0.0116385 
4.577, 0.0116345 
4.578, 0.0116304 
4.579, 0.0116264 
4.58, 0.0116223 
4.581, 0.0116183 
4.582, 0.0116143 
4.583, 0.0116102 
4.584, 0.0116062 
4.585, 0.0116021 
4.586, 0.0115981 
4.587, 0.0115941 
4.588, 0.0115901 
4.589, 0.011586 
4.59, 0.011582 
4.591, 0.011578 
4.592, 0.011574 
4.593, 0.0115699 
4.594, 0.0115659 
4.595, 0.0115619 
4.596, 0.0115579 
4.597, 0.0115539 
4.598, 0.0115499 
4.599, 0.0115459 
4.6, 0.0115419 
4.601, 0.0115379 
4.602, 0.0115339 
4.603, 0.0115299 
4.604, 0.0115259 
4.605, 0.0115219 
4.606, 0.0115179 
4.607, 0.0115139 
4.608, 0.0115099 
4.609, 0.0115059 
4.61, 0.0115019 
4.611, 0.0114979 
4.612, 0.011494 
4.613, 0.01149 
4.614, 0.011486 
4.615, 0.011482 
4.616, 0.011478 
4.617, 0.0114741 
4.618, 0.0114701 
4.619, 0.0114661 
4.62, 0.0114622 
4.621, 0.0114582 
4.622, 0.0114542 
4.623, 0.0114503 
4.624, 0.0114463 
4.625, 0.0114424 
4.626, 0.0114384 
4.627, 0.0114345 
4.628, 0.0114305 
4.629, 0.0114265 
4.63, 0.0114226 
4.631, 0.0114187 
4.632, 0.0114147 
4.633, 0.0114108 
4.634, 0.0114068 
4.635, 0.0114029 
4.636, 0.0113989 
4.637, 0.011395 
4.638, 0.0113911 
4.639, 0.0113871 
4.64, 0.0113832 
4.641, 0.0113793 
4.642, 0.0113754 
4.643, 0.0113714 
4.644, 0.0113675 
4.645, 0.0113636 
4.646, 0.0113597 
4.647, 0.0113558 
4.648, 0.0113518 
4.649, 0.0113479 
4.65, 0.011344 
4.651, 0.0113401 
4.652, 0.0113362 
4.653, 0.0113323 
4.654, 0.0113284 
4.655, 0.0113245 
4.656, 0.0113206 
4.657, 0.0113167 
4.658, 0.0113128 
4.659, 0.0113089 
4.66, 0.011305 
4.661, 0.0113011 
4.662, 0.0112972 
4.663, 0.0112933 
4.664, 0.0112895 
4.665, 0.0112856 
4.666, 0.0112817 
4.667, 0.0112778 
4.668, 0.0112739 
4.669, 0.0112701 
4.67, 0.0112662 
4.671, 0.0112623 
4.672, 0.0112584 
4.673, 0.0112546 
4.674, 0.0112507 
4.675, 0.0112468 
4.676, 0.011243 
4.677, 0.0112391 
4.678, 0.0112353 
4.679, 0.0112314 
4.68, 0.0112275 
4.681, 0.0112237 
4.682, 0.0112198 
4.683, 0.011216 
4.684, 0.0112121 
4.685, 0.0112083 
4.686, 0.0112044 
4.687, 0.0112006 
4.688, 0.0111968 
4.689, 0.0111929 
4.69, 0.0111891 
4.691, 0.0111852 
4.692, 0.0111814 
4.693, 0.0111776 
4.694, 0.0111737 
4.695, 0.0111699 
4.696, 0.0111661 
4.697, 0.0111623 
4.698, 0.0111584 
4.699, 0.0111546 
4.7, 0.0111508 
4.701, 0.011147 
4.702, 0.0111432 
4.703, 0.0111393 
4.704, 0.0111355 
4.705, 0.0111317 
4.706, 0.0111279 
4.707, 0.0111241 
4.708, 0.0111203 
4.709, 0.0111165 
4.71, 0.0111127 
4.711, 0.0111089 
4.712, 0.0111051 
4.713, 0.0111013 
4.714, 0.0110975 
4.715, 0.0110937 
4.716, 0.0110899 
4.717, 0.0110861 
4.718, 0.0110823 
4.719, 0.0110786 
4.72, 0.0110748 
4.721, 0.011071 
4.722, 0.0110672 
4.723, 0.0110634 
4.724, 0.0110597 
4.725, 0.0110559 
4.726, 0.0110521 
4.727, 0.0110483 
4.728, 0.0110446 
4.729, 0.0110408 
4.73, 0.011037 
4.731, 0.0110333 
4.732, 0.0110295 
4.733, 0.0110257 
4.734, 0.011022 
4.735, 0.0110182 
4.736, 0.0110145 
4.737, 0.0110107 
4.738, 0.011007 
4.739, 0.0110032 
4.74, 0.0109995 
4.741, 0.0109957 
4.742, 0.010992 
4.743, 0.0109882 
4.744, 0.0109845 
4.745, 0.0109807 
4.746, 0.010977 
4.747, 0.0109733 
4.748, 0.0109695 
4.749, 0.0109658 
4.75, 0.0109621 
4.751, 0.0109583 
4.752, 0.0109546 
4.753, 0.0109509 
4.754, 0.0109472 
4.755, 0.0109434 
4.756, 0.0109397 
4.757, 0.010936 
4.758, 0.0109323 
4.759, 0.0109286 
4.76, 0.0109249 
4.761, 0.0109211 
4.762, 0.0109174 
4.763, 0.0109137 
4.764, 0.01091 
4.765, 0.0109063 
4.766, 0.0109026 
4.767, 0.0108989 
4.768, 0.0108952 
4.769, 0.0108915 
4.77, 0.0108878 
4.771, 0.0108841 
4.772, 0.0108804 
4.773, 0.0108767 
4.774, 0.0108731 
4.775, 0.0108694 
4.776, 0.0108657 
4.777, 0.010862 
4.778, 0.0108583 
4.779, 0.0108546 
4.78, 0.010851 
4.781, 0.0108473 
4.782, 0.0108436 
4.783, 0.0108399 
4.784, 0.0108363 
4.785, 0.0108326 
4.786, 0.0108289 
4.787, 0.0108253 
4.788, 0.0108216 
4.789, 0.0108179 
4.79, 0.0108143 
4.791, 0.0108106 
4.792, 0.0108069 
4.793, 0.0108033 
4.794, 0.0107996 
4.795, 0.010796 
4.796, 0.0107923 
4.797, 0.0107887 
4.798, 0.010785 
4.799, 0.0107814 
4.8, 0.0107777 
4.801, 0.0107741 
4.802, 0.0107705 
4.803, 0.0107668 
4.804, 0.0107632 
4.805, 0.0107595 
4.806, 0.0107559 
4.807, 0.0107523 
4.808, 0.0107486 
4.809, 0.010745 
4.81, 0.0107414 
4.811, 0.0107378 
4.812, 0.0107341 
4.813, 0.0107305 
4.814, 0.0107269 
4.815, 0.0107233 
4.816, 0.0107197 
4.817, 0.010716 
4.818, 0.0107124 
4.819, 0.0107088 
4.82, 0.0107052 
4.821, 0.0107016 
4.822, 0.010698 
4.823, 0.0106944 
4.824, 0.0106908 
4.825, 0.0106872 
4.826, 0.0106836 
4.827, 0.01068 
4.828, 0.0106764 
4.829, 0.0106728 
4.83, 0.0106692 
4.831, 0.0106656 
4.832, 0.010662 
4.833, 0.0106584 
4.834, 0.0106548 
4.835, 0.0106512 
4.836, 0.0106477 
4.837, 0.0106441 
4.838, 0.0106405 
4.839, 0.0106369 
4.84, 0.0106333 
4.841, 0.0106298 
4.842, 0.0106262 
4.843, 0.0106226 
4.844, 0.0106191 
4.845, 0.0106155 
4.846, 0.0106119 
4.847, 0.0106084 
4.848, 0.0106048 
4.849, 0.0106012 
4.85, 0.0105977 
4.851, 0.0105941 
4.852, 0.0105905 
4.853, 0.010587 
4.854, 0.0105834 
4.855, 0.0105799 
4.856, 0.0105763 
4.857, 0.0105728 
4.858, 0.0105692 
4.859, 0.0105657 
4.86, 0.0105622 
4.861, 0.0105586 
4.862, 0.0105551 
4.863, 0.0105515 
4.864, 0.010548 
4.865, 0.0105445 
4.866, 0.0105409 
4.867, 0.0105374 
4.868, 0.0105339 
4.869, 0.0105303 
4.87, 0.0105268 
4.871, 0.0105233 
4.872, 0.0105198 
4.873, 0.0105162 
4.874, 0.0105127 
4.875, 0.0105092 
4.876, 0.0105057 
4.877, 0.0105022 
4.878, 0.0104986 
4.879, 0.0104951 
4.88, 0.0104916 
4.881, 0.0104881 
4.882, 0.0104846 
4.883, 0.0104811 
4.884, 0.0104776 
4.885, 0.0104741 
4.886, 0.0104706 
4.887, 0.0104671 
4.888, 0.0104636 
4.889, 0.0104601 
4.89, 0.0104566 
4.891, 0.0104531 
4.892, 0.0104496 
4.893, 0.0104461 
4.894, 0.0104426 
4.895, 0.0104392 
4.896, 0.0104357 
4.897, 0.0104322 
4.898, 0.0104287 
4.899, 0.0104252 
4.9, 0.0104217 
4.901, 0.0104183 
4.902, 0.0104148 
4.903, 0.0104113 
4.904, 0.0104078 
4.905, 0.0104044 
4.906, 0.0104009 
4.907, 0.0103974 
4.908, 0.010394 
4.909, 0.0103905 
4.91, 0.010387 
4.911, 0.0103836 
4.912, 0.0103801 
4.913, 0.0103767 
4.914, 0.0103732 
4.915, 0.0103698 
4.916, 0.0103663 
4.917, 0.0103629 
4.918, 0.0103594 
4.919, 0.010356 
4.92, 0.0103525 
4.921, 0.0103491 
4.922, 0.0103456 
4.923, 0.0103422 
4.924, 0.0103387 
4.925, 0.0103353 
4.926, 0.0103319 
4.927, 0.0103284 
4.928, 0.010325 
4.929, 0.0103216 
4.93, 0.0103181 
4.931, 0.0103147 
4.932, 0.0103113 
4.933, 0.0103079 
4.934, 0.0103044 
4.935, 0.010301 
4.936, 0.0102976 
4.937, 0.0102942 
4.938, 0.0102908 
4.939, 0.0102873 
4.94, 0.0102839 
4.941, 0.0102805 
4.942, 0.0102771 
4.943, 0.0102737 
4.944, 0.0102703 
4.945, 0.0102669 
4.946, 0.0102635 
4.947, 0.0102601 
4.948, 0.0102567 
4.949, 0.0102533 
4.95, 0.0102499 
4.951, 0.0102465 
4.952, 0.0102431 
4.953, 0.0102397 
4.954, 0.0102363 
4.955, 0.0102329 
4.956, 0.0102295 
4.957, 0.0102261 
4.958, 0.0102227 
4.959, 0.0102193 
4.96, 0.010216 
4.961, 0.0102126 
4.962, 0.0102092 
4.963, 0.0102058 
4.964, 0.0102024 
4.965, 0.0101991 
4.966, 0.0101957 
4.967, 0.0101923 
4.968, 0.010189 
4.969, 0.0101856 
4.97, 0.0101822 
4.971, 0.0101788 
4.972, 0.0101755 
4.973, 0.0101721 
4.974, 0.0101688 
4.975, 0.0101654 
4.976, 0.010162 
4.977, 0.0101587 
4.978, 0.0101553 
4.979, 0.010152 
4.98, 0.0101486 
4.981, 0.0101453 
4.982, 0.0101419 
4.983, 0.0101386 
4.984, 0.0101352 
4.985, 0.0101319 
4.986, 0.0101285 
4.987, 0.0101252 
4.988, 0.0101219 
4.989, 0.0101185 
4.99, 0.0101152 
4.991, 0.0101119 
4.992, 0.0101085 
4.993, 0.0101052 
4.994, 0.0101019 
4.995, 0.0100985 
4.996, 0.0100952 
4.997, 0.0100919 
4.998, 0.0100886 
4.999, 0.0100852 
