0, -nan 
0.001, 0.177985 
0.002, 0.0681822 
0.003, 0.0188547 
0.004, 0.00173832 
0.005, 0.136681 
0.006, 0.0070646 
0.007, 0.402651 
0.008, 0.0105017 
0.009, 0.254357 
0.01, 0.341024 
0.011, 0.115469 
0.012, 0.0107594 
0.013, 0.0505513 
0.014, 0.375334 
0.015, 0.408226 
0.016, 0.570904 
0.017, 0.538387 
0.018, 0.294814 
0.019, 0.330136 
0.02, 0.187189 
0.021, 0.128346 
0.022, 0.0556411 
0.023, 0.00180119 
0.024, 0.00783262 
0.025, 0.0173644 
0.026, 0.078035 
0.027, 0.108763 
0.028, 0.130296 
0.029, 0.172692 
0.03, 0.240821 
0.031, 0.298614 
0.032, 0.264171 
0.033, 0.176662 
0.034, 0.290243 
0.035, 0.430174 
0.036, 0.247599 
0.037, 0.409145 
0.038, 0.39085 
0.039, 0.350755 
0.04, 0.460402 
0.041, 0.362329 
0.042, 0.446208 
0.043, 0.439226 
0.044, 0.356116 
0.045, 0.546019 
0.046, 0.305732 
0.047, 0.486925 
0.048, 0.476997 
0.049, 0.297647 
0.05, 0.49807 
0.051, 0.474527 
0.052, 0.287004 
0.053, 0.42101 
0.054, 0.517919 
0.055, 0.340751 
0.056, 0.283845 
0.057, 0.445599 
0.058, 0.480909 
0.059, 0.321561 
0.06, 0.250423 
0.061, 0.367835 
0.062, 0.46453 
0.063, 0.389112 
0.064, 0.25227 
0.065, 0.231984 
0.066, 0.335666 
0.067, 0.421647 
0.068, 0.387251 
0.069, 0.272841 
0.07, 0.19499 
0.071, 0.219479 
0.072, 0.309469 
0.073, 0.375969 
0.074, 0.361315 
0.075, 0.279508 
0.076, 0.193163 
0.077, 0.160033 
0.078, 0.194251 
0.079, 0.264553 
0.08, 0.32148 
0.081, 0.32984 
0.082, 0.286287 
0.083, 0.215816 
0.084, 0.154145 
0.085, 0.128276 
0.086, 0.14515 
0.087, 0.191753 
0.088, 0.243965 
0.089, 0.278333 
0.09, 0.281283 
0.091, 0.252731 
0.092, 0.204007 
0.093, 0.152119 
0.094, 0.113163 
0.095, 0.0972728 
0.096, 0.106381 
0.097, 0.134882 
0.098, 0.172355 
0.099, 0.207143 
0.1, 0.22962 
0.101, 0.234338 
0.102, 0.22076 
0.103, 0.192678 
0.104, 0.156736 
0.105, 0.120568 
0.106, 0.0910512 
0.107, 0.0730111 
0.108, 0.068558 
0.109, 0.0770609 
0.11, 0.0956368 
0.111, 0.119963 
0.112, 0.145209 
0.113, 0.166896 
0.114, 0.181564 
0.115, 0.187172 
0.116, 0.183211 
0.117, 0.170581 
0.118, 0.151285 
0.119, 0.128016 
0.12, 0.10372 
0.121, 0.081191 
0.122, 0.0627479 
0.123, 0.0500206 
0.124, 0.0438465 
0.125, 0.0442746 
0.126, 0.0506566 
0.127, 0.0617983 
0.128, 0.0761471 
0.129, 0.0919869 
0.13, 0.107622 
0.131, 0.121531 
0.132, 0.132484 
0.133, 0.139617 
0.134, 0.142462 
0.135, 0.14094 
0.136, 0.135324 
0.137, 0.126176 
0.138, 0.114273 
0.139, 0.100528 
0.14, 0.0859021 
0.141, 0.0713408 
0.142, 0.0577054 
0.143, 0.0457272 
0.144, 0.0359746 
0.145, 0.0288345 
0.146, 0.0245086 
0.147, 0.0230204 
0.148, 0.0242332 
0.149, 0.0278744 
0.15, 0.0335647 
0.151, 0.0408498 
0.152, 0.0492312 
0.153, 0.0581969 
0.154, 0.0672477 
0.155, 0.0759205 
0.156, 0.083806 
0.157, 0.0905629 
0.158, 0.0959261 
0.159, 0.0997105 
0.16, 0.101812 
0.161, 0.102202 
0.162, 0.100925 
0.163, 0.0980838 
0.164, 0.0938361 
0.165, 0.088379 
0.166, 0.0819395 
0.167, 0.074763 
0.168, 0.0671028 
0.169, 0.0592107 
0.17, 0.0513285 
0.171, 0.0436804 
0.172, 0.0364681 
0.173, 0.0298657 
0.174, 0.0240171 
0.175, 0.0190344 
0.176, 0.0149972 
0.177, 0.0119533 
0.178, 0.00992026 
0.179, 0.00888739 
0.18, 0.00881871 
0.181, 0.00965604 
0.182, 0.0113225 
0.183, 0.0137263 
0.184, 0.0167638 
0.185, 0.0203239 
0.186, 0.0242908 
0.187, 0.0285471 
0.188, 0.0329772 
0.189, 0.0374693 
0.19, 0.0419177 
0.191, 0.0462248 
0.192, 0.0503023 
0.193, 0.0540723 
0.194, 0.0574683 
0.195, 0.0604353 
0.196, 0.0629301 
0.197, 0.0649212 
0.198, 0.0663884 
0.199, 0.0673225 
0.2, 0.0677239 
0.201, 0.0676029 
0.202, 0.0669776 
0.203, 0.0658738 
0.204, 0.0643236 
0.205, 0.0623643 
0.206, 0.0600374 
0.207, 0.057388 
0.208, 0.0544631 
0.209, 0.0513113 
0.21, 0.0479816 
0.211, 0.0445227 
0.212, 0.0409824 
0.213, 0.0374069 
0.214, 0.0338401 
0.215, 0.0303235 
0.216, 0.0268954 
0.217, 0.0235909 
0.218, 0.0204416 
0.219, 0.0174752 
0.22, 0.0147158 
0.221, 0.0121837 
0.222, 0.00989536 
0.223, 0.00786345 
0.224, 0.00609712 
0.225, 0.004602 
0.226, 0.00338047 
0.227, 0.00243182 
0.228, 0.00175249 
0.229, 0.0013363 
0.23, 0.00117474 
0.231, 0.00125716 
0.232, 0.00157111 
0.233, 0.00210251 
0.234, 0.002836 
0.235, 0.0037551 
0.236, 0.00484253 
0.237, 0.00608036 
0.238, 0.00745029 
0.239, 0.00893382 
0.24, 0.0105125 
0.241, 0.0121679 
0.242, 0.013882 
0.243, 0.0156374 
0.244, 0.017417 
0.245, 0.0192047 
0.246, 0.020985 
0.247, 0.0227432 
0.248, 0.0244658 
0.249, 0.0261401 
0.25, 0.0277546 
0.251, 0.0292986 
0.252, 0.0307627 
0.253, 0.0321385 
0.254, 0.0334187 
0.255, 0.034597 
0.256, 0.0356681 
0.257, 0.036628 
0.258, 0.0374733 
0.259, 0.0382018 
0.26, 0.0388122 
0.261, 0.0393037 
0.262, 0.0396769 
0.263, 0.0399326 
0.264, 0.0400726 
0.265, 0.0400993 
0.266, 0.0400156 
0.267, 0.0398251 
0.268, 0.0395316 
0.269, 0.0391397 
0.27, 0.0386539 
0.271, 0.0380796 
0.272, 0.0374219 
0.273, 0.0366864 
0.274, 0.0358791 
0.275, 0.0350056 
0.276, 0.0340719 
0.277, 0.0330842 
0.278, 0.0320484 
0.279, 0.0309706 
0.28, 0.0298566 
0.281, 0.0287124 
0.282, 0.0275437 
0.283, 0.0263562 
0.284, 0.0251553 
0.285, 0.0239463 
0.286, 0.0227344 
0.287, 0.0215244 
0.288, 0.020321 
0.289, 0.0191287 
0.29, 0.0179516 
0.291, 0.0167937 
0.292, 0.0156587 
0.293, 0.0145501 
0.294, 0.013471 
0.295, 0.0124245 
0.296, 0.0114131 
0.297, 0.0104393 
0.298, 0.00950529 
0.299, 0.00861295 
0.3, 0.00776396 
0.301, 0.00695978 
0.302, 0.00620161 
0.303, 0.00549043 
0.304, 0.00482703 
0.305, 0.00421196 
0.306, 0.00364558 
0.307, 0.00312808 
0.308, 0.00265944 
0.309, 0.00223949 
0.31, 0.00186789 
0.311, 0.00154415 
0.312, 0.00126763 
0.313, 0.00103758 
0.314, 0.000853098 
0.315, 0.000713187 
0.316, 0.00061674 
0.317, 0.000562557 
0.318, 0.00054935 
0.319, 0.000575757 
0.32, 0.000640345 
0.321, 0.000741622 
0.322, 0.000878044 
0.323, 0.00104802 
0.324, 0.00124993 
0.325, 0.00148212 
0.326, 0.00174291 
0.327, 0.0020306 
0.328, 0.0023435 
0.329, 0.00267989 
0.33, 0.00303806 
0.331, 0.00341632 
0.332, 0.00381297 
0.333, 0.00422635 
0.334, 0.00465479 
0.335, 0.00509668 
0.336, 0.0055504 
0.337, 0.0060144 
0.338, 0.00648712 
0.339, 0.00696707 
0.34, 0.00745279 
0.341, 0.00794287 
0.342, 0.00843592 
0.343, 0.00893061 
0.344, 0.00942567 
0.345, 0.00991985 
0.346, 0.010412 
0.347, 0.0109009 
0.348, 0.0113855 
0.349, 0.0118648 
0.35, 0.0123378 
0.351, 0.0128036 
0.352, 0.0132613 
0.353, 0.01371 
0.354, 0.014149 
0.355, 0.0145775 
0.356, 0.0149949 
0.357, 0.0154005 
0.358, 0.0157938 
0.359, 0.0161742 
0.36, 0.0165413 
0.361, 0.0168945 
0.362, 0.0172336 
0.363, 0.0175581 
0.364, 0.0178678 
0.365, 0.0181624 
0.366, 0.0184416 
0.367, 0.0187053 
0.368, 0.0189534 
0.369, 0.0191856 
0.37, 0.019402 
0.371, 0.0196025 
0.372, 0.0197871 
0.373, 0.0199558 
0.374, 0.0201087 
0.375, 0.0202458 
0.376, 0.0203673 
0.377, 0.0204732 
0.378, 0.0205638 
0.379, 0.0206392 
0.38, 0.0206996 
0.381, 0.0207452 
0.382, 0.0207764 
0.383, 0.0207932 
0.384, 0.0207961 
0.385, 0.0207853 
0.386, 0.0207611 
0.387, 0.0207238 
0.388, 0.0206737 
0.389, 0.0206113 
0.39, 0.0205368 
0.391, 0.0204506 
0.392, 0.020353 
0.393, 0.0202445 
0.394, 0.0201255 
0.395, 0.0199962 
0.396, 0.0198572 
0.397, 0.0197087 
0.398, 0.0195512 
0.399, 0.0193851 
0.4, 0.0192107 
0.401, 0.0190286 
0.402, 0.018839 
0.403, 0.0186423 
0.404, 0.0184391 
0.405, 0.0182296 
0.406, 0.0180142 
0.407, 0.0177934 
0.408, 0.0175675 
0.409, 0.0173368 
0.41, 0.0171019 
0.411, 0.016863 
0.412, 0.0166205 
0.413, 0.0163748 
0.414, 0.0161262 
0.415, 0.015875 
0.416, 0.0156217 
0.417, 0.0153665 
0.418, 0.0151097 
0.419, 0.0148518 
0.42, 0.0145929 
0.421, 0.0143335 
0.422, 0.0140737 
0.423, 0.0138139 
0.424, 0.0135544 
0.425, 0.0132955 
0.426, 0.0130373 
0.427, 0.0127802 
0.428, 0.0125244 
0.429, 0.0122701 
0.43, 0.0120177 
0.431, 0.0117672 
0.432, 0.0115189 
0.433, 0.0112731 
0.434, 0.0110299 
0.435, 0.0107895 
0.436, 0.0105521 
0.437, 0.0103179 
0.438, 0.010087 
0.439, 0.00985959 
0.44, 0.00963583 
0.441, 0.00941586 
0.442, 0.0091998 
0.443, 0.00898779 
0.444, 0.00877995 
0.445, 0.00857639 
0.446, 0.00837721 
0.447, 0.00818251 
0.448, 0.00799238 
0.449, 0.00780691 
0.45, 0.00762617 
0.451, 0.00745023 
0.452, 0.00727917 
0.453, 0.00711303 
0.454, 0.00695186 
0.455, 0.00679572 
0.456, 0.00664464 
0.457, 0.00649866 
0.458, 0.0063578 
0.459, 0.0062221 
0.46, 0.00609156 
0.461, 0.0059662 
0.462, 0.00584602 
0.463, 0.00573104 
0.464, 0.00562124 
0.465, 0.00551663 
0.466, 0.00541719 
0.467, 0.0053229 
0.468, 0.00523376 
0.469, 0.00514973 
0.47, 0.00507078 
0.471, 0.0049969 
0.472, 0.00492804 
0.473, 0.00486417 
0.474, 0.00480525 
0.475, 0.00475123 
0.476, 0.00470207 
0.477, 0.00465772 
0.478, 0.00461812 
0.479, 0.00458323 
0.48, 0.00455299 
0.481, 0.00452733 
0.482, 0.0045062 
0.483, 0.00448954 
0.484, 0.00447727 
0.485, 0.00446933 
0.486, 0.00446565 
0.487, 0.00446617 
0.488, 0.0044708 
0.489, 0.00447948 
0.49, 0.00449214 
0.491, 0.00450869 
0.492, 0.00452906 
0.493, 0.00455318 
0.494, 0.00458095 
0.495, 0.00461231 
0.496, 0.00464718 
0.497, 0.00468546 
0.498, 0.00472709 
0.499, 0.00477198 
0.5, 0.00482005 
0.501, 0.0048712 
0.502, 0.00492538 
0.503, 0.00498247 
0.504, 0.00504242 
0.505, 0.00510512 
0.506, 0.00517051 
0.507, 0.00523849 
0.508, 0.00530898 
0.509, 0.0053819 
0.51, 0.00545717 
0.511, 0.0055347 
0.512, 0.00561441 
0.513, 0.00569623 
0.514, 0.00578006 
0.515, 0.00586583 
0.516, 0.00595346 
0.517, 0.00604287 
0.518, 0.00613398 
0.519, 0.00622671 
0.52, 0.00632099 
0.521, 0.00641673 
0.522, 0.00651386 
0.523, 0.00661231 
0.524, 0.006712 
0.525, 0.00681286 
0.526, 0.0069148 
0.527, 0.00701778 
0.528, 0.0071217 
0.529, 0.0072265 
0.53, 0.00733211 
0.531, 0.00743846 
0.532, 0.00754549 
0.533, 0.00765313 
0.534, 0.00776132 
0.535, 0.00786998 
0.536, 0.00797905 
0.537, 0.00808848 
0.538, 0.00819821 
0.539, 0.00830816 
0.54, 0.00841829 
0.541, 0.00852853 
0.542, 0.00863884 
0.543, 0.00874914 
0.544, 0.00885939 
0.545, 0.00896954 
0.546, 0.00907953 
0.547, 0.0091893 
0.548, 0.00929882 
0.549, 0.00940803 
0.55, 0.00951688 
0.551, 0.00962533 
0.552, 0.00973332 
0.553, 0.00984083 
0.554, 0.00994779 
0.555, 0.0100542 
0.556, 0.0101599 
0.557, 0.010265 
0.558, 0.0103694 
0.559, 0.0104731 
0.56, 0.0105759 
0.561, 0.010678 
0.562, 0.0107792 
0.563, 0.0108795 
0.564, 0.0109789 
0.565, 0.0110774 
0.566, 0.0111749 
0.567, 0.0112713 
0.568, 0.0113668 
0.569, 0.0114611 
0.57, 0.0115544 
0.571, 0.0116465 
0.572, 0.0117375 
0.573, 0.0118274 
0.574, 0.011916 
0.575, 0.0120034 
0.576, 0.0120896 
0.577, 0.0121745 
0.578, 0.0122582 
0.579, 0.0123405 
0.58, 0.0124216 
0.581, 0.0125013 
0.582, 0.0125797 
0.583, 0.0126567 
0.584, 0.0127323 
0.585, 0.0128065 
0.586, 0.0128793 
0.587, 0.0129507 
0.588, 0.0130207 
0.589, 0.0130893 
0.59, 0.0131564 
0.591, 0.013222 
0.592, 0.0132862 
0.593, 0.0133489 
0.594, 0.0134101 
0.595, 0.0134698 
0.596, 0.013528 
0.597, 0.0135847 
0.598, 0.01364 
0.599, 0.0136937 
0.6, 0.0137459 
0.601, 0.0137966 
0.602, 0.0138458 
0.603, 0.0138934 
0.604, 0.0139396 
0.605, 0.0139842 
0.606, 0.0140273 
0.607, 0.0140689 
0.608, 0.0141089 
0.609, 0.0141475 
0.61, 0.0141845 
0.611, 0.01422 
0.612, 0.014254 
0.613, 0.0142865 
0.614, 0.0143176 
0.615, 0.0143471 
0.616, 0.0143751 
0.617, 0.0144016 
0.618, 0.0144267 
0.619, 0.0144502 
0.62, 0.0144723 
0.621, 0.014493 
0.622, 0.0145122 
0.623, 0.0145299 
0.624, 0.0145462 
0.625, 0.0145611 
0.626, 0.0145745 
0.627, 0.0145865 
0.628, 0.0145971 
0.629, 0.0146064 
0.63, 0.0146142 
0.631, 0.0146206 
0.632, 0.0146257 
0.633, 0.0146294 
0.634, 0.0146318 
0.635, 0.0146329 
0.636, 0.0146326 
0.637, 0.014631 
0.638, 0.0146281 
0.639, 0.0146239 
0.64, 0.0146184 
0.641, 0.0146117 
0.642, 0.0146037 
0.643, 0.0145945 
0.644, 0.014584 
0.645, 0.0145723 
0.646, 0.0145594 
0.647, 0.0145453 
0.648, 0.0145301 
0.649, 0.0145136 
0.65, 0.0144961 
0.651, 0.0144773 
0.652, 0.0144575 
0.653, 0.0144365 
0.654, 0.0144145 
0.655, 0.0143913 
0.656, 0.0143671 
0.657, 0.0143418 
0.658, 0.0143155 
0.659, 0.0142881 
0.66, 0.0142598 
0.661, 0.0142304 
0.662, 0.0142001 
0.663, 0.0141687 
0.664, 0.0141364 
0.665, 0.0141032 
0.666, 0.014069 
0.667, 0.014034 
0.668, 0.013998 
0.669, 0.0139611 
0.67, 0.0139234 
0.671, 0.0138848 
0.672, 0.0138453 
0.673, 0.0138051 
0.674, 0.013764 
0.675, 0.0137221 
0.676, 0.0136794 
0.677, 0.013636 
0.678, 0.0135918 
0.679, 0.0135468 
0.68, 0.0135012 
0.681, 0.0134548 
0.682, 0.0134077 
0.683, 0.0133599 
0.684, 0.0133114 
0.685, 0.0132623 
0.686, 0.0132126 
0.687, 0.0131622 
0.688, 0.0131112 
0.689, 0.0130596 
0.69, 0.0130074 
0.691, 0.0129546 
0.692, 0.0129012 
0.693, 0.0128474 
0.694, 0.0127929 
0.695, 0.012738 
0.696, 0.0126826 
0.697, 0.0126266 
0.698, 0.0125702 
0.699, 0.0125133 
0.7, 0.0124559 
0.701, 0.0123981 
0.702, 0.0123399 
0.703, 0.0122813 
0.704, 0.0122222 
0.705, 0.0121628 
0.706, 0.012103 
0.707, 0.0120428 
0.708, 0.0119823 
0.709, 0.0119214 
0.71, 0.0118602 
0.711, 0.0117986 
0.712, 0.0117368 
0.713, 0.0116747 
0.714, 0.0116123 
0.715, 0.0115496 
0.716, 0.0114867 
0.717, 0.0114235 
0.718, 0.0113601 
0.719, 0.0112964 
0.72, 0.0112326 
0.721, 0.0111685 
0.722, 0.0111042 
0.723, 0.0110398 
0.724, 0.0109752 
0.725, 0.0109105 
0.726, 0.0108455 
0.727, 0.0107805 
0.728, 0.0107153 
0.729, 0.01065 
0.73, 0.0105846 
0.731, 0.0105191 
0.732, 0.0104535 
0.733, 0.0103879 
0.734, 0.0103222 
0.735, 0.0102564 
0.736, 0.0101905 
0.737, 0.0101247 
0.738, 0.0100587 
0.739, 0.00999282 
0.74, 0.00992688 
0.741, 0.00986093 
0.742, 0.009795 
0.743, 0.00972907 
0.744, 0.00966317 
0.745, 0.0095973 
0.746, 0.00953147 
0.747, 0.00946569 
0.748, 0.00939997 
0.749, 0.00933431 
0.75, 0.00926872 
0.751, 0.00920321 
0.752, 0.00913779 
0.753, 0.00907247 
0.754, 0.00900725 
0.755, 0.00894214 
0.756, 0.00887715 
0.757, 0.00881228 
0.758, 0.00874754 
0.759, 0.00868295 
0.76, 0.0086185 
0.761, 0.0085542 
0.762, 0.00849006 
0.763, 0.00842609 
0.764, 0.00836229 
0.765, 0.00829868 
0.766, 0.00823524 
0.767, 0.008172 
0.768, 0.00810896 
0.769, 0.00804612 
0.77, 0.00798349 
0.771, 0.00792107 
0.772, 0.00785888 
0.773, 0.00779691 
0.774, 0.00773517 
0.775, 0.00767368 
0.776, 0.00761242 
0.777, 0.00755142 
0.778, 0.00749067 
0.779, 0.00743017 
0.78, 0.00736994 
0.781, 0.00730998 
0.782, 0.00725029 
0.783, 0.00719088 
0.784, 0.00713175 
0.785, 0.00707291 
0.786, 0.00701436 
0.787, 0.0069561 
0.788, 0.00689815 
0.789, 0.0068405 
0.79, 0.00678315 
0.791, 0.00672612 
0.792, 0.00666941 
0.793, 0.00661301 
0.794, 0.00655694 
0.795, 0.00650119 
0.796, 0.00644578 
0.797, 0.0063907 
0.798, 0.00633596 
0.799, 0.00628156 
0.8, 0.0062275 
0.801, 0.00617379 
0.802, 0.00612043 
0.803, 0.00606743 
0.804, 0.00601478 
0.805, 0.00596249 
0.806, 0.00591056 
0.807, 0.005859 
0.808, 0.00580781 
0.809, 0.00575698 
0.81, 0.00570653 
0.811, 0.00565645 
0.812, 0.00560676 
0.813, 0.00555744 
0.814, 0.0055085 
0.815, 0.00545995 
0.816, 0.00541178 
0.817, 0.00536401 
0.818, 0.00531662 
0.819, 0.00526962 
0.82, 0.00522302 
0.821, 0.00517682 
0.822, 0.00513101 
0.823, 0.0050856 
0.824, 0.0050406 
0.825, 0.00499599 
0.826, 0.00495179 
0.827, 0.004908 
0.828, 0.00486461 
0.829, 0.00482163 
0.83, 0.00477906 
0.831, 0.0047369 
0.832, 0.00469516 
0.833, 0.00465382 
0.834, 0.0046129 
0.835, 0.00457239 
0.836, 0.0045323 
0.837, 0.00449263 
0.838, 0.00445337 
0.839, 0.00441453 
0.84, 0.00437611 
0.841, 0.00433811 
0.842, 0.00430053 
0.843, 0.00426338 
0.844, 0.00422664 
0.845, 0.00419032 
0.846, 0.00415443 
0.847, 0.00411896 
0.848, 0.00408391 
0.849, 0.00404929 
0.85, 0.00401509 
0.851, 0.00398131 
0.852, 0.00394796 
0.853, 0.00391503 
0.854, 0.00388252 
0.855, 0.00385044 
0.856, 0.00381878 
0.857, 0.00378755 
0.858, 0.00375674 
0.859, 0.00372636 
0.86, 0.0036964 
0.861, 0.00366686 
0.862, 0.00363775 
0.863, 0.00360906 
0.864, 0.0035808 
0.865, 0.00355295 
0.866, 0.00352553 
0.867, 0.00349853 
0.868, 0.00347195 
0.869, 0.0034458 
0.87, 0.00342006 
0.871, 0.00339474 
0.872, 0.00336984 
0.873, 0.00334537 
0.874, 0.00332131 
0.875, 0.00329766 
0.876, 0.00327444 
0.877, 0.00325163 
0.878, 0.00322923 
0.879, 0.00320726 
0.88, 0.00318569 
0.881, 0.00316454 
0.882, 0.0031438 
0.883, 0.00312347 
0.884, 0.00310355 
0.885, 0.00308404 
0.886, 0.00306494 
0.887, 0.00304625 
0.888, 0.00302796 
0.889, 0.00301009 
0.89, 0.00299261 
0.891, 0.00297554 
0.892, 0.00295887 
0.893, 0.0029426 
0.894, 0.00292673 
0.895, 0.00291127 
0.896, 0.0028962 
0.897, 0.00288152 
0.898, 0.00286725 
0.899, 0.00285336 
0.9, 0.00283987 
0.901, 0.00282677 
0.902, 0.00281407 
0.903, 0.00280175 
0.904, 0.00278982 
0.905, 0.00277827 
0.906, 0.00276712 
0.907, 0.00275634 
0.908, 0.00274595 
0.909, 0.00273594 
0.91, 0.00272631 
0.911, 0.00271706 
0.912, 0.00270818 
0.913, 0.00269968 
0.914, 0.00269155 
0.915, 0.0026838 
0.916, 0.00267642 
0.917, 0.0026694 
0.918, 0.00266276 
0.919, 0.00265648 
0.92, 0.00265057 
0.921, 0.00264502 
0.922, 0.00263983 
0.923, 0.002635 
0.924, 0.00263053 
0.925, 0.00262642 
0.926, 0.00262267 
0.927, 0.00261926 
0.928, 0.00261621 
0.929, 0.00261351 
0.93, 0.00261116 
0.931, 0.00260916 
0.932, 0.0026075 
0.933, 0.00260619 
0.934, 0.00260522 
0.935, 0.00260459 
0.936, 0.0026043 
0.937, 0.00260434 
0.938, 0.00260472 
0.939, 0.00260544 
0.94, 0.00260649 
0.941, 0.00260786 
0.942, 0.00260957 
0.943, 0.0026116 
0.944, 0.00261396 
0.945, 0.00261665 
0.946, 0.00261965 
0.947, 0.00262297 
0.948, 0.00262662 
0.949, 0.00263058 
0.95, 0.00263485 
0.951, 0.00263944 
0.952, 0.00264434 
0.953, 0.00264954 
0.954, 0.00265506 
0.955, 0.00266088 
0.956, 0.002667 
0.957, 0.00267343 
0.958, 0.00268016 
0.959, 0.00268719 
0.96, 0.00269451 
0.961, 0.00270213 
0.962, 0.00271004 
0.963, 0.00271824 
0.964, 0.00272674 
0.965, 0.00273552 
0.966, 0.00274459 
0.967, 0.00275394 
0.968, 0.00276357 
0.969, 0.00277349 
0.97, 0.00278368 
0.971, 0.00279415 
0.972, 0.0028049 
0.973, 0.00281592 
0.974, 0.00282721 
0.975, 0.00283877 
0.976, 0.0028506 
0.977, 0.0028627 
0.978, 0.00287506 
0.979, 0.00288768 
0.98, 0.00290057 
0.981, 0.00291371 
0.982, 0.00292711 
0.983, 0.00294077 
0.984, 0.00295468 
0.985, 0.00296884 
0.986, 0.00298325 
0.987, 0.00299791 
0.988, 0.00301282 
0.989, 0.00302797 
0.99, 0.00304337 
0.991, 0.003059 
0.992, 0.00307488 
0.993, 0.00309099 
0.994, 0.00310734 
0.995, 0.00312392 
0.996, 0.00314074 
0.997, 0.00315778 
0.998, 0.00317506 
0.999, 0.00319256 
1, 0.00321028 
1.001, 0.00322823 
1.002, 0.00324641 
1.003, 0.0032648 
1.004, 0.00328341 
1.005, 0.00330224 
1.006, 0.00332128 
1.007, 0.00334053 
1.008, 0.00336 
1.009, 0.00337967 
1.01, 0.00339956 
1.011, 0.00341965 
1.012, 0.00343994 
1.013, 0.00346044 
1.014, 0.00348114 
1.015, 0.00350204 
1.016, 0.00352313 
1.017, 0.00354442 
1.018, 0.00356591 
1.019, 0.00358759 
1.02, 0.00360946 
1.021, 0.00363152 
1.022, 0.00365377 
1.023, 0.0036762 
1.024, 0.00369882 
1.025, 0.00372162 
1.026, 0.0037446 
1.027, 0.00376776 
1.028, 0.00379109 
1.029, 0.00381461 
1.03, 0.0038383 
1.031, 0.00386216 
1.032, 0.00388619 
1.033, 0.0039104 
1.034, 0.00393477 
1.035, 0.0039593 
1.036, 0.00398401 
1.037, 0.00400887 
1.038, 0.0040339 
1.039, 0.00405909 
1.04, 0.00408443 
1.041, 0.00410994 
1.042, 0.0041356 
1.043, 0.00416141 
1.044, 0.00418737 
1.045, 0.00421349 
1.046, 0.00423975 
1.047, 0.00426617 
1.048, 0.00429273 
1.049, 0.00431943 
1.05, 0.00434628 
1.051, 0.00437327 
1.052, 0.0044004 
1.053, 0.00442767 
1.054, 0.00445507 
1.055, 0.00448262 
1.056, 0.00451029 
1.057, 0.0045381 
1.058, 0.00456604 
1.059, 0.00459411 
1.06, 0.00462231 
1.061, 0.00465064 
1.062, 0.00467909 
1.063, 0.00470766 
1.064, 0.00473636 
1.065, 0.00476518 
1.066, 0.00479412 
1.067, 0.00482318 
1.068, 0.00485236 
1.069, 0.00488165 
1.07, 0.00491106 
1.071, 0.00494058 
1.072, 0.00497021 
1.073, 0.00499995 
1.074, 0.0050298 
1.075, 0.00505976 
1.076, 0.00508982 
1.077, 0.00511999 
1.078, 0.00515027 
1.079, 0.00518064 
1.08, 0.00521112 
1.081, 0.00524169 
1.082, 0.00527237 
1.083, 0.00530314 
1.084, 0.00533401 
1.085, 0.00536497 
1.086, 0.00539603 
1.087, 0.00542717 
1.088, 0.00545841 
1.089, 0.00548974 
1.09, 0.00552115 
1.091, 0.00555266 
1.092, 0.00558424 
1.093, 0.00561592 
1.094, 0.00564767 
1.095, 0.00567951 
1.096, 0.00571143 
1.097, 0.00574343 
1.098, 0.0057755 
1.099, 0.00580766 
1.1, 0.00583989 
1.101, 0.00587219 
1.102, 0.00590457 
1.103, 0.00593702 
1.104, 0.00596955 
1.105, 0.00600214 
1.106, 0.0060348 
1.107, 0.00606753 
1.108, 0.00610033 
1.109, 0.00613319 
1.11, 0.00616612 
1.111, 0.00619911 
1.112, 0.00623216 
1.113, 0.00626527 
1.114, 0.00629845 
1.115, 0.00633168 
1.116, 0.00636497 
1.117, 0.00639832 
1.118, 0.00643172 
1.119, 0.00646518 
1.12, 0.00649869 
1.121, 0.00653226 
1.122, 0.00656587 
1.123, 0.00659954 
1.124, 0.00663326 
1.125, 0.00666702 
1.126, 0.00670083 
1.127, 0.00673469 
1.128, 0.0067686 
1.129, 0.00680255 
1.13, 0.00683654 
1.131, 0.00687057 
1.132, 0.00690465 
1.133, 0.00693877 
1.134, 0.00697292 
1.135, 0.00700712 
1.136, 0.00704135 
1.137, 0.00707562 
1.138, 0.00710992 
1.139, 0.00714426 
1.14, 0.00717864 
1.141, 0.00721304 
1.142, 0.00724748 
1.143, 0.00728195 
1.144, 0.00731645 
1.145, 0.00735098 
1.146, 0.00738554 
1.147, 0.00742012 
1.148, 0.00745473 
1.149, 0.00748937 
1.15, 0.00752403 
1.151, 0.00755872 
1.152, 0.00759343 
1.153, 0.00762816 
1.154, 0.00766291 
1.155, 0.00769768 
1.156, 0.00773248 
1.157, 0.00776729 
1.158, 0.00780212 
1.159, 0.00783697 
1.16, 0.00787183 
1.161, 0.00790671 
1.162, 0.0079416 
1.163, 0.00797651 
1.164, 0.00801143 
1.165, 0.00804637 
1.166, 0.00808131 
1.167, 0.00811627 
1.168, 0.00815124 
1.169, 0.00818621 
1.17, 0.0082212 
1.171, 0.00825619 
1.172, 0.00829119 
1.173, 0.00832619 
1.174, 0.0083612 
1.175, 0.00839622 
1.176, 0.00843124 
1.177, 0.00846626 
1.178, 0.00850129 
1.179, 0.00853632 
1.18, 0.00857135 
1.181, 0.00860638 
1.182, 0.00864141 
1.183, 0.00867644 
1.184, 0.00871146 
1.185, 0.00874649 
1.186, 0.00878151 
1.187, 0.00881653 
1.188, 0.00885155 
1.189, 0.00888655 
1.19, 0.00892156 
1.191, 0.00895656 
1.192, 0.00899155 
1.193, 0.00902653 
1.194, 0.00906151 
1.195, 0.00909647 
1.196, 0.00913143 
1.197, 0.00916638 
1.198, 0.00920132 
1.199, 0.00923624 
1.2, 0.00927115 
1.201, 0.00930606 
1.202, 0.00934094 
1.203, 0.00937582 
1.204, 0.00941068 
1.205, 0.00944553 
1.206, 0.00948036 
1.207, 0.00951517 
1.208, 0.00954997 
1.209, 0.00958475 
1.21, 0.00961951 
1.211, 0.00965426 
1.212, 0.00968898 
1.213, 0.00972369 
1.214, 0.00975838 
1.215, 0.00979304 
1.216, 0.00982769 
1.217, 0.00986231 
1.218, 0.00989692 
1.219, 0.0099315 
1.22, 0.00996605 
1.221, 0.0100006 
1.222, 0.0100351 
1.223, 0.0100696 
1.224, 0.010104 
1.225, 0.0101385 
1.226, 0.0101729 
1.227, 0.0102073 
1.228, 0.0102416 
1.229, 0.0102759 
1.23, 0.0103102 
1.231, 0.0103445 
1.232, 0.0103788 
1.233, 0.010413 
1.234, 0.0104472 
1.235, 0.0104813 
1.236, 0.0105154 
1.237, 0.0105495 
1.238, 0.0105836 
1.239, 0.0106176 
1.24, 0.0106516 
1.241, 0.0106856 
1.242, 0.0107195 
1.243, 0.0107534 
1.244, 0.0107872 
1.245, 0.0108211 
1.246, 0.0108549 
1.247, 0.0108886 
1.248, 0.0109223 
1.249, 0.010956 
1.25, 0.0109897 
1.251, 0.0110233 
1.252, 0.0110569 
1.253, 0.0110904 
1.254, 0.0111239 
1.255, 0.0111574 
1.256, 0.0111908 
1.257, 0.0112242 
1.258, 0.0112575 
1.259, 0.0112908 
1.26, 0.0113241 
1.261, 0.0113573 
1.262, 0.0113905 
1.263, 0.0114236 
1.264, 0.0114567 
1.265, 0.0114897 
1.266, 0.0115228 
1.267, 0.0115557 
1.268, 0.0115887 
1.269, 0.0116215 
1.27, 0.0116544 
1.271, 0.0116872 
1.272, 0.0117199 
1.273, 0.0117526 
1.274, 0.0117853 
1.275, 0.0118179 
1.276, 0.0118505 
1.277, 0.011883 
1.278, 0.0119155 
1.279, 0.0119479 
1.28, 0.0119803 
1.281, 0.0120126 
1.282, 0.0120449 
1.283, 0.0120772 
1.284, 0.0121094 
1.285, 0.0121415 
1.286, 0.0121736 
1.287, 0.0122057 
1.288, 0.0122377 
1.289, 0.0122696 
1.29, 0.0123015 
1.291, 0.0123334 
1.292, 0.0123652 
1.293, 0.0123969 
1.294, 0.0124286 
1.295, 0.0124603 
1.296, 0.0124919 
1.297, 0.0125234 
1.298, 0.0125549 
1.299, 0.0125864 
1.3, 0.0126178 
1.301, 0.0126491 
1.302, 0.0126804 
1.303, 0.0127116 
1.304, 0.0127428 
1.305, 0.0127739 
1.306, 0.012805 
1.307, 0.012836 
1.308, 0.012867 
1.309, 0.0128979 
1.31, 0.0129288 
1.311, 0.0129596 
1.312, 0.0129904 
1.313, 0.0130211 
1.314, 0.0130517 
1.315, 0.0130823 
1.316, 0.0131128 
1.317, 0.0131433 
1.318, 0.0131737 
1.319, 0.0132041 
1.32, 0.0132344 
1.321, 0.0132646 
1.322, 0.0132948 
1.323, 0.013325 
1.324, 0.0133551 
1.325, 0.0133851 
1.326, 0.0134151 
1.327, 0.013445 
1.328, 0.0134748 
1.329, 0.0135046 
1.33, 0.0135344 
1.331, 0.013564 
1.332, 0.0135937 
1.333, 0.0136232 
1.334, 0.0136527 
1.335, 0.0136822 
1.336, 0.0137116 
1.337, 0.0137409 
1.338, 0.0137702 
1.339, 0.0137994 
1.34, 0.0138285 
1.341, 0.0138576 
1.342, 0.0138867 
1.343, 0.0139156 
1.344, 0.0139446 
1.345, 0.0139734 
1.346, 0.0140022 
1.347, 0.0140309 
1.348, 0.0140596 
1.349, 0.0140882 
1.35, 0.0141168 
1.351, 0.0141453 
1.352, 0.0141737 
1.353, 0.0142021 
1.354, 0.0142304 
1.355, 0.0142586 
1.356, 0.0142868 
1.357, 0.014315 
1.358, 0.014343 
1.359, 0.014371 
1.36, 0.014399 
1.361, 0.0144269 
1.362, 0.0144547 
1.363, 0.0144824 
1.364, 0.0145101 
1.365, 0.0145378 
1.366, 0.0145653 
1.367, 0.0145928 
1.368, 0.0146203 
1.369, 0.0146477 
1.37, 0.014675 
1.371, 0.0147023 
1.372, 0.0147295 
1.373, 0.0147566 
1.374, 0.0147837 
1.375, 0.0148107 
1.376, 0.0148376 
1.377, 0.0148645 
1.378, 0.0148913 
1.379, 0.0149181 
1.38, 0.0149448 
1.381, 0.0149714 
1.382, 0.014998 
1.383, 0.0150245 
1.384, 0.0150509 
1.385, 0.0150773 
1.386, 0.0151036 
1.387, 0.0151299 
1.388, 0.0151561 
1.389, 0.0151822 
1.39, 0.0152083 
1.391, 0.0152343 
1.392, 0.0152602 
1.393, 0.0152861 
1.394, 0.0153119 
1.395, 0.0153376 
1.396, 0.0153633 
1.397, 0.0153889 
1.398, 0.0154145 
1.399, 0.0154399 
1.4, 0.0154654 
1.401, 0.0154907 
1.402, 0.015516 
1.403, 0.0155412 
1.404, 0.0155664 
1.405, 0.0155915 
1.406, 0.0156166 
1.407, 0.0156415 
1.408, 0.0156664 
1.409, 0.0156913 
1.41, 0.0157161 
1.411, 0.0157408 
1.412, 0.0157654 
1.413, 0.01579 
1.414, 0.0158146 
1.415, 0.015839 
1.416, 0.0158634 
1.417, 0.0158877 
1.418, 0.015912 
1.419, 0.0159362 
1.42, 0.0159603 
1.421, 0.0159844 
1.422, 0.0160084 
1.423, 0.0160324 
1.424, 0.0160563 
1.425, 0.0160801 
1.426, 0.0161038 
1.427, 0.0161275 
1.428, 0.0161511 
1.429, 0.0161747 
1.43, 0.0161982 
1.431, 0.0162216 
1.432, 0.016245 
1.433, 0.0162683 
1.434, 0.0162915 
1.435, 0.0163147 
1.436, 0.0163378 
1.437, 0.0163608 
1.438, 0.0163838 
1.439, 0.0164067 
1.44, 0.0164296 
1.441, 0.0164524 
1.442, 0.0164751 
1.443, 0.0164977 
1.444, 0.0165203 
1.445, 0.0165429 
1.446, 0.0165653 
1.447, 0.0165877 
1.448, 0.0166101 
1.449, 0.0166323 
1.45, 0.0166546 
1.451, 0.0166767 
1.452, 0.0166988 
1.453, 0.0167208 
1.454, 0.0167427 
1.455, 0.0167646 
1.456, 0.0167865 
1.457, 0.0168082 
1.458, 0.0168299 
1.459, 0.0168515 
1.46, 0.0168731 
1.461, 0.0168946 
1.462, 0.0169161 
1.463, 0.0169374 
1.464, 0.0169588 
1.465, 0.01698 
1.466, 0.0170012 
1.467, 0.0170223 
1.468, 0.0170434 
1.469, 0.0170644 
1.47, 0.0170853 
1.471, 0.0171062 
1.472, 0.017127 
1.473, 0.0171477 
1.474, 0.0171684 
1.475, 0.017189 
1.476, 0.0172096 
1.477, 0.01723 
1.478, 0.0172505 
1.479, 0.0172708 
1.48, 0.0172911 
1.481, 0.0173114 
1.482, 0.0173315 
1.483, 0.0173517 
1.484, 0.0173717 
1.485, 0.0173917 
1.486, 0.0174116 
1.487, 0.0174315 
1.488, 0.0174513 
1.489, 0.017471 
1.49, 0.0174907 
1.491, 0.0175103 
1.492, 0.0175298 
1.493, 0.0175493 
1.494, 0.0175687 
1.495, 0.0175881 
1.496, 0.0176074 
1.497, 0.0176266 
1.498, 0.0176458 
1.499, 0.0176649 
1.5, 0.017684 
1.501, 0.017703 
1.502, 0.0177219 
1.503, 0.0177408 
1.504, 0.0177596 
1.505, 0.0177783 
1.506, 0.017797 
1.507, 0.0178156 
1.508, 0.0178342 
1.509, 0.0178527 
1.51, 0.0178711 
1.511, 0.0178895 
1.512, 0.0179078 
1.513, 0.017926 
1.514, 0.0179442 
1.515, 0.0179623 
1.516, 0.0179804 
1.517, 0.0179984 
1.518, 0.0180164 
1.519, 0.0180342 
1.52, 0.0180521 
1.521, 0.0180698 
1.522, 0.0180875 
1.523, 0.0181052 
1.524, 0.0181228 
1.525, 0.0181403 
1.526, 0.0181577 
1.527, 0.0181752 
1.528, 0.0181925 
1.529, 0.0182098 
1.53, 0.018227 
1.531, 0.0182442 
1.532, 0.0182613 
1.533, 0.0182783 
1.534, 0.0182953 
1.535, 0.0183122 
1.536, 0.0183291 
1.537, 0.0183459 
1.538, 0.0183626 
1.539, 0.0183793 
1.54, 0.0183959 
1.541, 0.0184125 
1.542, 0.018429 
1.543, 0.0184455 
1.544, 0.0184619 
1.545, 0.0184782 
1.546, 0.0184945 
1.547, 0.0185107 
1.548, 0.0185268 
1.549, 0.0185429 
1.55, 0.018559 
1.551, 0.018575 
1.552, 0.0185909 
1.553, 0.0186067 
1.554, 0.0186225 
1.555, 0.0186383 
1.556, 0.018654 
1.557, 0.0186696 
1.558, 0.0186852 
1.559, 0.0187007 
1.56, 0.0187162 
1.561, 0.0187316 
1.562, 0.0187469 
1.563, 0.0187622 
1.564, 0.0187774 
1.565, 0.0187926 
1.566, 0.0188077 
1.567, 0.0188228 
1.568, 0.0188378 
1.569, 0.0188527 
1.57, 0.0188676 
1.571, 0.0188825 
1.572, 0.0188972 
1.573, 0.018912 
1.574, 0.0189266 
1.575, 0.0189412 
1.576, 0.0189558 
1.577, 0.0189703 
1.578, 0.0189847 
1.579, 0.0189991 
1.58, 0.0190134 
1.581, 0.0190277 
1.582, 0.0190419 
1.583, 0.0190561 
1.584, 0.0190702 
1.585, 0.0190842 
1.586, 0.0190982 
1.587, 0.0191122 
1.588, 0.0191261 
1.589, 0.0191399 
1.59, 0.0191537 
1.591, 0.0191674 
1.592, 0.0191811 
1.593, 0.0191947 
1.594, 0.0192082 
1.595, 0.0192217 
1.596, 0.0192352 
1.597, 0.0192486 
1.598, 0.0192619 
1.599, 0.0192752 
1.6, 0.0192884 
1.601, 0.0193016 
1.602, 0.0193147 
1.603, 0.0193278 
1.604, 0.0193408 
1.605, 0.0193538 
1.606, 0.0193667 
1.607, 0.0193795 
1.608, 0.0193923 
1.609, 0.0194051 
1.61, 0.0194178 
1.611, 0.0194304 
1.612, 0.019443 
1.613, 0.0194556 
1.614, 0.019468 
1.615, 0.0194805 
1.616, 0.0194929 
1.617, 0.0195052 
1.618, 0.0195175 
1.619, 0.0195297 
1.62, 0.0195418 
1.621, 0.019554 
1.622, 0.019566 
1.623, 0.0195781 
1.624, 0.01959 
1.625, 0.0196019 
1.626, 0.0196138 
1.627, 0.0196256 
1.628, 0.0196374 
1.629, 0.0196491 
1.63, 0.0196607 
1.631, 0.0196723 
1.632, 0.0196839 
1.633, 0.0196954 
1.634, 0.0197068 
1.635, 0.0197182 
1.636, 0.0197296 
1.637, 0.0197409 
1.638, 0.0197521 
1.639, 0.0197633 
1.64, 0.0197745 
1.641, 0.0197856 
1.642, 0.0197966 
1.643, 0.0198076 
1.644, 0.0198186 
1.645, 0.0198295 
1.646, 0.0198403 
1.647, 0.0198511 
1.648, 0.0198619 
1.649, 0.0198726 
1.65, 0.0198832 
1.651, 0.0198938 
1.652, 0.0199044 
1.653, 0.0199149 
1.654, 0.0199254 
1.655, 0.0199358 
1.656, 0.0199461 
1.657, 0.0199564 
1.658, 0.0199667 
1.659, 0.0199769 
1.66, 0.0199871 
1.661, 0.0199972 
1.662, 0.0200073 
1.663, 0.0200173 
1.664, 0.0200273 
1.665, 0.0200372 
1.666, 0.0200471 
1.667, 0.0200569 
1.668, 0.0200667 
1.669, 0.0200764 
1.67, 0.0200861 
1.671, 0.0200958 
1.672, 0.0201053 
1.673, 0.0201149 
1.674, 0.0201244 
1.675, 0.0201339 
1.676, 0.0201433 
1.677, 0.0201526 
1.678, 0.0201619 
1.679, 0.0201712 
1.68, 0.0201804 
1.681, 0.0201896 
1.682, 0.0201987 
1.683, 0.0202078 
1.684, 0.0202169 
1.685, 0.0202258 
1.686, 0.0202348 
1.687, 0.0202437 
1.688, 0.0202525 
1.689, 0.0202614 
1.69, 0.0202701 
1.691, 0.0202788 
1.692, 0.0202875 
1.693, 0.0202961 
1.694, 0.0203047 
1.695, 0.0203133 
1.696, 0.0203218 
1.697, 0.0203302 
1.698, 0.0203386 
1.699, 0.020347 
1.7, 0.0203553 
1.701, 0.0203636 
1.702, 0.0203718 
1.703, 0.02038 
1.704, 0.0203881 
1.705, 0.0203962 
1.706, 0.0204043 
1.707, 0.0204123 
1.708, 0.0204202 
1.709, 0.0204282 
1.71, 0.020436 
1.711, 0.0204439 
1.712, 0.0204517 
1.713, 0.0204594 
1.714, 0.0204671 
1.715, 0.0204748 
1.716, 0.0204824 
1.717, 0.02049 
1.718, 0.0204975 
1.719, 0.020505 
1.72, 0.0205125 
1.721, 0.0205199 
1.722, 0.0205272 
1.723, 0.0205346 
1.724, 0.0205418 
1.725, 0.0205491 
1.726, 0.0205563 
1.727, 0.0205634 
1.728, 0.0205705 
1.729, 0.0205776 
1.73, 0.0205846 
1.731, 0.0205916 
1.732, 0.0205986 
1.733, 0.0206055 
1.734, 0.0206123 
1.735, 0.0206192 
1.736, 0.020626 
1.737, 0.0206327 
1.738, 0.0206394 
1.739, 0.0206461 
1.74, 0.0206527 
1.741, 0.0206593 
1.742, 0.0206658 
1.743, 0.0206723 
1.744, 0.0206788 
1.745, 0.0206852 
1.746, 0.0206916 
1.747, 0.0206979 
1.748, 0.0207042 
1.749, 0.0207105 
1.75, 0.0207167 
1.751, 0.0207229 
1.752, 0.020729 
1.753, 0.0207351 
1.754, 0.0207412 
1.755, 0.0207472 
1.756, 0.0207532 
1.757, 0.0207591 
1.758, 0.020765 
1.759, 0.0207709 
1.76, 0.0207767 
1.761, 0.0207825 
1.762, 0.0207883 
1.763, 0.020794 
1.764, 0.0207997 
1.765, 0.0208053 
1.766, 0.0208109 
1.767, 0.0208165 
1.768, 0.020822 
1.769, 0.0208275 
1.77, 0.0208329 
1.771, 0.0208383 
1.772, 0.0208437 
1.773, 0.020849 
1.774, 0.0208543 
1.775, 0.0208596 
1.776, 0.0208648 
1.777, 0.02087 
1.778, 0.0208751 
1.779, 0.0208803 
1.78, 0.0208853 
1.781, 0.0208904 
1.782, 0.0208954 
1.783, 0.0209003 
1.784, 0.0209053 
1.785, 0.0209102 
1.786, 0.020915 
1.787, 0.0209198 
1.788, 0.0209246 
1.789, 0.0209294 
1.79, 0.0209341 
1.791, 0.0209387 
1.792, 0.0209434 
1.793, 0.020948 
1.794, 0.0209526 
1.795, 0.0209571 
1.796, 0.0209616 
1.797, 0.020966 
1.798, 0.0209705 
1.799, 0.0209749 
1.8, 0.0209792 
1.801, 0.0209835 
1.802, 0.0209878 
1.803, 0.0209921 
1.804, 0.0209963 
1.805, 0.0210005 
1.806, 0.0210046 
1.807, 0.0210087 
1.808, 0.0210128 
1.809, 0.0210169 
1.81, 0.0210209 
1.811, 0.0210249 
1.812, 0.0210288 
1.813, 0.0210327 
1.814, 0.0210366 
1.815, 0.0210404 
1.816, 0.0210442 
1.817, 0.021048 
1.818, 0.0210517 
1.819, 0.0210554 
1.82, 0.0210591 
1.821, 0.0210628 
1.822, 0.0210664 
1.823, 0.0210699 
1.824, 0.0210735 
1.825, 0.021077 
1.826, 0.0210805 
1.827, 0.0210839 
1.828, 0.0210873 
1.829, 0.0210907 
1.83, 0.021094 
1.831, 0.0210973 
1.832, 0.0211006 
1.833, 0.0211039 
1.834, 0.0211071 
1.835, 0.0211103 
1.836, 0.0211134 
1.837, 0.0211165 
1.838, 0.0211196 
1.839, 0.0211227 
1.84, 0.0211257 
1.841, 0.0211287 
1.842, 0.0211316 
1.843, 0.0211346 
1.844, 0.0211375 
1.845, 0.0211403 
1.846, 0.0211432 
1.847, 0.021146 
1.848, 0.0211487 
1.849, 0.0211515 
1.85, 0.0211542 
1.851, 0.0211569 
1.852, 0.0211595 
1.853, 0.0211621 
1.854, 0.0211647 
1.855, 0.0211673 
1.856, 0.0211698 
1.857, 0.0211723 
1.858, 0.0211748 
1.859, 0.0211772 
1.86, 0.0211796 
1.861, 0.021182 
1.862, 0.0211843 
1.863, 0.0211866 
1.864, 0.0211889 
1.865, 0.0211912 
1.866, 0.0211934 
1.867, 0.0211956 
1.868, 0.0211978 
1.869, 0.0211999 
1.87, 0.021202 
1.871, 0.0212041 
1.872, 0.0212062 
1.873, 0.0212082 
1.874, 0.0212102 
1.875, 0.0212121 
1.876, 0.0212141 
1.877, 0.021216 
1.878, 0.0212179 
1.879, 0.0212197 
1.88, 0.0212215 
1.881, 0.0212233 
1.882, 0.0212251 
1.883, 0.0212268 
1.884, 0.0212285 
1.885, 0.0212302 
1.886, 0.0212319 
1.887, 0.0212335 
1.888, 0.0212351 
1.889, 0.0212366 
1.89, 0.0212382 
1.891, 0.0212397 
1.892, 0.0212412 
1.893, 0.0212426 
1.894, 0.0212441 
1.895, 0.0212455 
1.896, 0.0212468 
1.897, 0.0212482 
1.898, 0.0212495 
1.899, 0.0212508 
1.9, 0.0212521 
1.901, 0.0212533 
1.902, 0.0212545 
1.903, 0.0212557 
1.904, 0.0212569 
1.905, 0.021258 
1.906, 0.0212591 
1.907, 0.0212602 
1.908, 0.0212612 
1.909, 0.0212623 
1.91, 0.0212633 
1.911, 0.0212642 
1.912, 0.0212652 
1.913, 0.0212661 
1.914, 0.021267 
1.915, 0.0212679 
1.916, 0.0212687 
1.917, 0.0212695 
1.918, 0.0212703 
1.919, 0.0212711 
1.92, 0.0212718 
1.921, 0.0212726 
1.922, 0.0212733 
1.923, 0.0212739 
1.924, 0.0212746 
1.925, 0.0212752 
1.926, 0.0212758 
1.927, 0.0212763 
1.928, 0.0212769 
1.929, 0.0212774 
1.93, 0.0212779 
1.931, 0.0212783 
1.932, 0.0212788 
1.933, 0.0212792 
1.934, 0.0212796 
1.935, 0.02128 
1.936, 0.0212803 
1.937, 0.0212806 
1.938, 0.0212809 
1.939, 0.0212812 
1.94, 0.0212814 
1.941, 0.0212816 
1.942, 0.0212818 
1.943, 0.021282 
1.944, 0.0212822 
1.945, 0.0212823 
1.946, 0.0212824 
1.947, 0.0212825 
1.948, 0.0212825 
1.949, 0.0212826 
1.95, 0.0212826 
1.951, 0.0212825 
1.952, 0.0212825 
1.953, 0.0212824 
1.954, 0.0212824 
1.955, 0.0212823 
1.956, 0.0212821 
1.957, 0.021282 
1.958, 0.0212818 
1.959, 0.0212816 
1.96, 0.0212814 
1.961, 0.0212811 
1.962, 0.0212808 
1.963, 0.0212806 
1.964, 0.0212802 
1.965, 0.0212799 
1.966, 0.0212795 
1.967, 0.0212792 
1.968, 0.0212788 
1.969, 0.0212783 
1.97, 0.0212779 
1.971, 0.0212774 
1.972, 0.0212769 
1.973, 0.0212764 
1.974, 0.0212759 
1.975, 0.0212753 
1.976, 0.0212747 
1.977, 0.0212741 
1.978, 0.0212735 
1.979, 0.0212729 
1.98, 0.0212722 
1.981, 0.0212715 
1.982, 0.0212708 
1.983, 0.0212701 
1.984, 0.0212693 
1.985, 0.0212686 
1.986, 0.0212678 
1.987, 0.0212669 
1.988, 0.0212661 
1.989, 0.0212653 
1.99, 0.0212644 
1.991, 0.0212635 
1.992, 0.0212626 
1.993, 0.0212616 
1.994, 0.0212607 
1.995, 0.0212597 
1.996, 0.0212587 
1.997, 0.0212577 
1.998, 0.0212566 
1.999, 0.0212555 
2, 0.0212545 
2.001, 0.0212534 
2.002, 0.0212522 
2.003, 0.0212511 
2.004, 0.0212499 
2.005, 0.0212487 
2.006, 0.0212475 
2.007, 0.0212463 
2.008, 0.0212451 
2.009, 0.0212438 
2.01, 0.0212425 
2.011, 0.0212412 
2.012, 0.0212399 
2.013, 0.0212386 
2.014, 0.0212372 
2.015, 0.0212358 
2.016, 0.0212344 
2.017, 0.021233 
2.018, 0.0212316 
2.019, 0.0212301 
2.02, 0.0212286 
2.021, 0.0212271 
2.022, 0.0212256 
2.023, 0.0212241 
2.024, 0.0212225 
2.025, 0.021221 
2.026, 0.0212194 
2.027, 0.0212178 
2.028, 0.0212161 
2.029, 0.0212145 
2.03, 0.0212128 
2.031, 0.0212111 
2.032, 0.0212094 
2.033, 0.0212077 
2.034, 0.021206 
2.035, 0.0212042 
2.036, 0.0212024 
2.037, 0.0212007 
2.038, 0.0211988 
2.039, 0.021197 
2.04, 0.0211952 
2.041, 0.0211933 
2.042, 0.0211914 
2.043, 0.0211895 
2.044, 0.0211876 
2.045, 0.0211857 
2.046, 0.0211837 
2.047, 0.0211817 
2.048, 0.0211798 
2.049, 0.0211777 
2.05, 0.0211757 
2.051, 0.0211737 
2.052, 0.0211716 
2.053, 0.0211695 
2.054, 0.0211675 
2.055, 0.0211653 
2.056, 0.0211632 
2.057, 0.0211611 
2.058, 0.0211589 
2.059, 0.0211567 
2.06, 0.0211545 
2.061, 0.0211523 
2.062, 0.0211501 
2.063, 0.0211479 
2.064, 0.0211456 
2.065, 0.0211433 
2.066, 0.021141 
2.067, 0.0211387 
2.068, 0.0211364 
2.069, 0.021134 
2.07, 0.0211317 
2.071, 0.0211293 
2.072, 0.0211269 
2.073, 0.0211245 
2.074, 0.0211221 
2.075, 0.0211196 
2.076, 0.0211172 
2.077, 0.0211147 
2.078, 0.0211122 
2.079, 0.0211097 
2.08, 0.0211072 
2.081, 0.0211046 
2.082, 0.0211021 
2.083, 0.0210995 
2.084, 0.0210969 
2.085, 0.0210943 
2.086, 0.0210917 
2.087, 0.0210891 
2.088, 0.0210864 
2.089, 0.0210838 
2.09, 0.0210811 
2.091, 0.0210784 
2.092, 0.0210757 
2.093, 0.021073 
2.094, 0.0210702 
2.095, 0.0210675 
2.096, 0.0210647 
2.097, 0.0210619 
2.098, 0.0210591 
2.099, 0.0210563 
2.1, 0.0210535 
2.101, 0.0210506 
2.102, 0.0210478 
2.103, 0.0210449 
2.104, 0.021042 
2.105, 0.0210391 
2.106, 0.0210362 
2.107, 0.0210333 
2.108, 0.0210303 
2.109, 0.0210273 
2.11, 0.0210244 
2.111, 0.0210214 
2.112, 0.0210184 
2.113, 0.0210154 
2.114, 0.0210123 
2.115, 0.0210093 
2.116, 0.0210062 
2.117, 0.0210031 
2.118, 0.0210001 
2.119, 0.0209969 
2.12, 0.0209938 
2.121, 0.0209907 
2.122, 0.0209876 
2.123, 0.0209844 
2.124, 0.0209812 
2.125, 0.020978 
2.126, 0.0209748 
2.127, 0.0209716 
2.128, 0.0209684 
2.129, 0.0209652 
2.13, 0.0209619 
2.131, 0.0209586 
2.132, 0.0209554 
2.133, 0.0209521 
2.134, 0.0209488 
2.135, 0.0209454 
2.136, 0.0209421 
2.137, 0.0209388 
2.138, 0.0209354 
2.139, 0.020932 
2.14, 0.0209286 
2.141, 0.0209252 
2.142, 0.0209218 
2.143, 0.0209184 
2.144, 0.020915 
2.145, 0.0209115 
2.146, 0.020908 
2.147, 0.0209046 
2.148, 0.0209011 
2.149, 0.0208976 
2.15, 0.0208941 
2.151, 0.0208905 
2.152, 0.020887 
2.153, 0.0208834 
2.154, 0.0208799 
2.155, 0.0208763 
2.156, 0.0208727 
2.157, 0.0208691 
2.158, 0.0208655 
2.159, 0.0208619 
2.16, 0.0208582 
2.161, 0.0208546 
2.162, 0.0208509 
2.163, 0.0208472 
2.164, 0.0208435 
2.165, 0.0208399 
2.166, 0.0208361 
2.167, 0.0208324 
2.168, 0.0208287 
2.169, 0.0208249 
2.17, 0.0208212 
2.171, 0.0208174 
2.172, 0.0208136 
2.173, 0.0208098 
2.174, 0.020806 
2.175, 0.0208022 
2.176, 0.0207984 
2.177, 0.0207945 
2.178, 0.0207907 
2.179, 0.0207868 
2.18, 0.020783 
2.181, 0.0207791 
2.182, 0.0207752 
2.183, 0.0207713 
2.184, 0.0207673 
2.185, 0.0207634 
2.186, 0.0207595 
2.187, 0.0207555 
2.188, 0.0207516 
2.189, 0.0207476 
2.19, 0.0207436 
2.191, 0.0207396 
2.192, 0.0207356 
2.193, 0.0207316 
2.194, 0.0207275 
2.195, 0.0207235 
2.196, 0.0207194 
2.197, 0.0207154 
2.198, 0.0207113 
2.199, 0.0207072 
2.2, 0.0207031 
2.201, 0.020699 
2.202, 0.0206949 
2.203, 0.0206908 
2.204, 0.0206866 
2.205, 0.0206825 
2.206, 0.0206783 
2.207, 0.0206742 
2.208, 0.02067 
2.209, 0.0206658 
2.21, 0.0206616 
2.211, 0.0206574 
2.212, 0.0206532 
2.213, 0.020649 
2.214, 0.0206447 
2.215, 0.0206405 
2.216, 0.0206362 
2.217, 0.0206319 
2.218, 0.0206277 
2.219, 0.0206234 
2.22, 0.0206191 
2.221, 0.0206148 
2.222, 0.0206104 
2.223, 0.0206061 
2.224, 0.0206018 
2.225, 0.0205974 
2.226, 0.0205931 
2.227, 0.0205887 
2.228, 0.0205843 
2.229, 0.0205799 
2.23, 0.0205755 
2.231, 0.0205711 
2.232, 0.0205667 
2.233, 0.0205623 
2.234, 0.0205579 
2.235, 0.0205534 
2.236, 0.020549 
2.237, 0.0205445 
2.238, 0.02054 
2.239, 0.0205356 
2.24, 0.0205311 
2.241, 0.0205266 
2.242, 0.0205221 
2.243, 0.0205175 
2.244, 0.020513 
2.245, 0.0205085 
2.246, 0.0205039 
2.247, 0.0204994 
2.248, 0.0204948 
2.249, 0.0204903 
2.25, 0.0204857 
2.251, 0.0204811 
2.252, 0.0204765 
2.253, 0.0204719 
2.254, 0.0204673 
2.255, 0.0204626 
2.256, 0.020458 
2.257, 0.0204534 
2.258, 0.0204487 
2.259, 0.0204441 
2.26, 0.0204394 
2.261, 0.0204347 
2.262, 0.02043 
2.263, 0.0204253 
2.264, 0.0204206 
2.265, 0.0204159 
2.266, 0.0204112 
2.267, 0.0204065 
2.268, 0.0204018 
2.269, 0.020397 
2.27, 0.0203923 
2.271, 0.0203875 
2.272, 0.0203827 
2.273, 0.020378 
2.274, 0.0203732 
2.275, 0.0203684 
2.276, 0.0203636 
2.277, 0.0203588 
2.278, 0.020354 
2.279, 0.0203491 
2.28, 0.0203443 
2.281, 0.0203395 
2.282, 0.0203346 
2.283, 0.0203298 
2.284, 0.0203249 
2.285, 0.02032 
2.286, 0.0203152 
2.287, 0.0203103 
2.288, 0.0203054 
2.289, 0.0203005 
2.29, 0.0202956 
2.291, 0.0202907 
2.292, 0.0202857 
2.293, 0.0202808 
2.294, 0.0202759 
2.295, 0.0202709 
2.296, 0.020266 
2.297, 0.020261 
2.298, 0.020256 
2.299, 0.0202511 
2.3, 0.0202461 
2.301, 0.0202411 
2.302, 0.0202361 
2.303, 0.0202311 
2.304, 0.0202261 
2.305, 0.0202211 
2.306, 0.020216 
2.307, 0.020211 
2.308, 0.020206 
2.309, 0.0202009 
2.31, 0.0201959 
2.311, 0.0201908 
2.312, 0.0201857 
2.313, 0.0201807 
2.314, 0.0201756 
2.315, 0.0201705 
2.316, 0.0201654 
2.317, 0.0201603 
2.318, 0.0201552 
2.319, 0.0201501 
2.32, 0.0201449 
2.321, 0.0201398 
2.322, 0.0201347 
2.323, 0.0201295 
2.324, 0.0201244 
2.325, 0.0201192 
2.326, 0.020114 
2.327, 0.0201089 
2.328, 0.0201037 
2.329, 0.0200985 
2.33, 0.0200933 
2.331, 0.0200881 
2.332, 0.0200829 
2.333, 0.0200777 
2.334, 0.0200725 
2.335, 0.0200673 
2.336, 0.0200621 
2.337, 0.0200568 
2.338, 0.0200516 
2.339, 0.0200463 
2.34, 0.0200411 
2.341, 0.0200358 
2.342, 0.0200306 
2.343, 0.0200253 
2.344, 0.02002 
2.345, 0.0200147 
2.346, 0.0200094 
2.347, 0.0200041 
2.348, 0.0199988 
2.349, 0.0199935 
2.35, 0.0199882 
2.351, 0.0199829 
2.352, 0.0199776 
2.353, 0.0199722 
2.354, 0.0199669 
2.355, 0.0199616 
2.356, 0.0199562 
2.357, 0.0199509 
2.358, 0.0199455 
2.359, 0.0199401 
2.36, 0.0199348 
2.361, 0.0199294 
2.362, 0.019924 
2.363, 0.0199186 
2.364, 0.0199132 
2.365, 0.0199078 
2.366, 0.0199024 
2.367, 0.019897 
2.368, 0.0198916 
2.369, 0.0198862 
2.37, 0.0198807 
2.371, 0.0198753 
2.372, 0.0198699 
2.373, 0.0198644 
2.374, 0.019859 
2.375, 0.0198535 
2.376, 0.019848 
2.377, 0.0198426 
2.378, 0.0198371 
2.379, 0.0198316 
2.38, 0.0198262 
2.381, 0.0198207 
2.382, 0.0198152 
2.383, 0.0198097 
2.384, 0.0198042 
2.385, 0.0197987 
2.386, 0.0197932 
2.387, 0.0197876 
2.388, 0.0197821 
2.389, 0.0197766 
2.39, 0.0197711 
2.391, 0.0197655 
2.392, 0.01976 
2.393, 0.0197544 
2.394, 0.0197489 
2.395, 0.0197433 
2.396, 0.0197378 
2.397, 0.0197322 
2.398, 0.0197266 
2.399, 0.019721 
2.4, 0.0197155 
2.401, 0.0197099 
2.402, 0.0197043 
2.403, 0.0196987 
2.404, 0.0196931 
2.405, 0.0196875 
2.406, 0.0196819 
2.407, 0.0196763 
2.408, 0.0196706 
2.409, 0.019665 
2.41, 0.0196594 
2.411, 0.0196538 
2.412, 0.0196481 
2.413, 0.0196425 
2.414, 0.0196368 
2.415, 0.0196312 
2.416, 0.0196255 
2.417, 0.0196199 
2.418, 0.0196142 
2.419, 0.0196085 
2.42, 0.0196029 
2.421, 0.0195972 
2.422, 0.0195915 
2.423, 0.0195858 
2.424, 0.0195801 
2.425, 0.0195744 
2.426, 0.0195687 
2.427, 0.019563 
2.428, 0.0195573 
2.429, 0.0195516 
2.43, 0.0195459 
2.431, 0.0195402 
2.432, 0.0195345 
2.433, 0.0195287 
2.434, 0.019523 
2.435, 0.0195173 
2.436, 0.0195115 
2.437, 0.0195058 
2.438, 0.0195001 
2.439, 0.0194943 
2.44, 0.0194885 
2.441, 0.0194828 
2.442, 0.019477 
2.443, 0.0194713 
2.444, 0.0194655 
2.445, 0.0194597 
2.446, 0.0194539 
2.447, 0.0194482 
2.448, 0.0194424 
2.449, 0.0194366 
2.45, 0.0194308 
2.451, 0.019425 
2.452, 0.0194192 
2.453, 0.0194134 
2.454, 0.0194076 
2.455, 0.0194018 
2.456, 0.0193959 
2.457, 0.0193901 
2.458, 0.0193843 
2.459, 0.0193785 
2.46, 0.0193727 
2.461, 0.0193668 
2.462, 0.019361 
2.463, 0.0193551 
2.464, 0.0193493 
2.465, 0.0193434 
2.466, 0.0193376 
2.467, 0.0193317 
2.468, 0.0193259 
2.469, 0.01932 
2.47, 0.0193142 
2.471, 0.0193083 
2.472, 0.0193024 
2.473, 0.0192965 
2.474, 0.0192907 
2.475, 0.0192848 
2.476, 0.0192789 
2.477, 0.019273 
2.478, 0.0192671 
2.479, 0.0192612 
2.48, 0.0192553 
2.481, 0.0192494 
2.482, 0.0192435 
2.483, 0.0192376 
2.484, 0.0192317 
2.485, 0.0192258 
2.486, 0.0192199 
2.487, 0.019214 
2.488, 0.019208 
2.489, 0.0192021 
2.49, 0.0191962 
2.491, 0.0191903 
2.492, 0.0191843 
2.493, 0.0191784 
2.494, 0.0191725 
2.495, 0.0191665 
2.496, 0.0191606 
2.497, 0.0191546 
2.498, 0.0191487 
2.499, 0.0191427 
2.5, 0.0191368 
2.501, 0.0191308 
2.502, 0.0191248 
2.503, 0.0191189 
2.504, 0.0191129 
2.505, 0.0191069 
2.506, 0.019101 
2.507, 0.019095 
2.508, 0.019089 
2.509, 0.019083 
2.51, 0.019077 
2.511, 0.019071 
2.512, 0.0190651 
2.513, 0.0190591 
2.514, 0.0190531 
2.515, 0.0190471 
2.516, 0.0190411 
2.517, 0.0190351 
2.518, 0.0190291 
2.519, 0.019023 
2.52, 0.019017 
2.521, 0.019011 
2.522, 0.019005 
2.523, 0.018999 
2.524, 0.018993 
2.525, 0.0189869 
2.526, 0.0189809 
2.527, 0.0189749 
2.528, 0.0189689 
2.529, 0.0189628 
2.53, 0.0189568 
2.531, 0.0189508 
2.532, 0.0189447 
2.533, 0.0189387 
2.534, 0.0189326 
2.535, 0.0189266 
2.536, 0.0189205 
2.537, 0.0189145 
2.538, 0.0189084 
2.539, 0.0189024 
2.54, 0.0188963 
2.541, 0.0188903 
2.542, 0.0188842 
2.543, 0.0188781 
2.544, 0.0188721 
2.545, 0.018866 
2.546, 0.0188599 
2.547, 0.0188538 
2.548, 0.0188478 
2.549, 0.0188417 
2.55, 0.0188356 
2.551, 0.0188295 
2.552, 0.0188235 
2.553, 0.0188174 
2.554, 0.0188113 
2.555, 0.0188052 
2.556, 0.0187991 
2.557, 0.018793 
2.558, 0.0187869 
2.559, 0.0187808 
2.56, 0.0187747 
2.561, 0.0187686 
2.562, 0.0187625 
2.563, 0.0187564 
2.564, 0.0187503 
2.565, 0.0187442 
2.566, 0.0187381 
2.567, 0.018732 
2.568, 0.0187259 
2.569, 0.0187197 
2.57, 0.0187136 
2.571, 0.0187075 
2.572, 0.0187014 
2.573, 0.0186953 
2.574, 0.0186891 
2.575, 0.018683 
2.576, 0.0186769 
2.577, 0.0186707 
2.578, 0.0186646 
2.579, 0.0186585 
2.58, 0.0186523 
2.581, 0.0186462 
2.582, 0.0186401 
2.583, 0.0186339 
2.584, 0.0186278 
2.585, 0.0186216 
2.586, 0.0186155 
2.587, 0.0186094 
2.588, 0.0186032 
2.589, 0.0185971 
2.59, 0.0185909 
2.591, 0.0185848 
2.592, 0.0185786 
2.593, 0.0185724 
2.594, 0.0185663 
2.595, 0.0185601 
2.596, 0.018554 
2.597, 0.0185478 
2.598, 0.0185417 
2.599, 0.0185355 
2.6, 0.0185293 
2.601, 0.0185232 
2.602, 0.018517 
2.603, 0.0185108 
2.604, 0.0185046 
2.605, 0.0184985 
2.606, 0.0184923 
2.607, 0.0184861 
2.608, 0.01848 
2.609, 0.0184738 
2.61, 0.0184676 
2.611, 0.0184614 
2.612, 0.0184552 
2.613, 0.0184491 
2.614, 0.0184429 
2.615, 0.0184367 
2.616, 0.0184305 
2.617, 0.0184243 
2.618, 0.0184181 
2.619, 0.0184119 
2.62, 0.0184057 
2.621, 0.0183996 
2.622, 0.0183934 
2.623, 0.0183872 
2.624, 0.018381 
2.625, 0.0183748 
2.626, 0.0183686 
2.627, 0.0183624 
2.628, 0.0183562 
2.629, 0.01835 
2.63, 0.0183438 
2.631, 0.0183376 
2.632, 0.0183314 
2.633, 0.0183252 
2.634, 0.018319 
2.635, 0.0183128 
2.636, 0.0183066 
2.637, 0.0183003 
2.638, 0.0182941 
2.639, 0.0182879 
2.64, 0.0182817 
2.641, 0.0182755 
2.642, 0.0182693 
2.643, 0.0182631 
2.644, 0.0182569 
2.645, 0.0182506 
2.646, 0.0182444 
2.647, 0.0182382 
2.648, 0.018232 
2.649, 0.0182258 
2.65, 0.0182196 
2.651, 0.0182133 
2.652, 0.0182071 
2.653, 0.0182009 
2.654, 0.0181947 
2.655, 0.0181884 
2.656, 0.0181822 
2.657, 0.018176 
2.658, 0.0181698 
2.659, 0.0181635 
2.66, 0.0181573 
2.661, 0.0181511 
2.662, 0.0181449 
2.663, 0.0181386 
2.664, 0.0181324 
2.665, 0.0181262 
2.666, 0.0181199 
2.667, 0.0181137 
2.668, 0.0181075 
2.669, 0.0181012 
2.67, 0.018095 
2.671, 0.0180888 
2.672, 0.0180825 
2.673, 0.0180763 
2.674, 0.0180701 
2.675, 0.0180638 
2.676, 0.0180576 
2.677, 0.0180514 
2.678, 0.0180451 
2.679, 0.0180389 
2.68, 0.0180326 
2.681, 0.0180264 
2.682, 0.0180202 
2.683, 0.0180139 
2.684, 0.0180077 
2.685, 0.0180014 
2.686, 0.0179952 
2.687, 0.017989 
2.688, 0.0179827 
2.689, 0.0179765 
2.69, 0.0179702 
2.691, 0.017964 
2.692, 0.0179577 
2.693, 0.0179515 
2.694, 0.0179453 
2.695, 0.017939 
2.696, 0.0179328 
2.697, 0.0179265 
2.698, 0.0179203 
2.699, 0.017914 
2.7, 0.0179078 
2.701, 0.0179015 
2.702, 0.0178953 
2.703, 0.017889 
2.704, 0.0178828 
2.705, 0.0178765 
2.706, 0.0178703 
2.707, 0.017864 
2.708, 0.0178578 
2.709, 0.0178515 
2.71, 0.0178453 
2.711, 0.017839 
2.712, 0.0178328 
2.713, 0.0178265 
2.714, 0.0178203 
2.715, 0.017814 
2.716, 0.0178078 
2.717, 0.0178015 
2.718, 0.0177953 
2.719, 0.017789 
2.72, 0.0177828 
2.721, 0.0177765 
2.722, 0.0177703 
2.723, 0.017764 
2.724, 0.0177578 
2.725, 0.0177515 
2.726, 0.0177453 
2.727, 0.017739 
2.728, 0.0177328 
2.729, 0.0177265 
2.73, 0.0177203 
2.731, 0.017714 
2.732, 0.0177078 
2.733, 0.0177015 
2.734, 0.0176953 
2.735, 0.017689 
2.736, 0.0176828 
2.737, 0.0176765 
2.738, 0.0176703 
2.739, 0.017664 
2.74, 0.0176578 
2.741, 0.0176515 
2.742, 0.0176453 
2.743, 0.017639 
2.744, 0.0176327 
2.745, 0.0176265 
2.746, 0.0176202 
2.747, 0.017614 
2.748, 0.0176077 
2.749, 0.0176015 
2.75, 0.0175952 
2.751, 0.017589 
2.752, 0.0175827 
2.753, 0.0175765 
2.754, 0.0175702 
2.755, 0.017564 
2.756, 0.0175577 
2.757, 0.0175515 
2.758, 0.0175452 
2.759, 0.017539 
2.76, 0.0175327 
2.761, 0.0175265 
2.762, 0.0175202 
2.763, 0.017514 
2.764, 0.0175077 
2.765, 0.0175015 
2.766, 0.0174952 
2.767, 0.017489 
2.768, 0.0174828 
2.769, 0.0174765 
2.77, 0.0174703 
2.771, 0.017464 
2.772, 0.0174578 
2.773, 0.0174515 
2.774, 0.0174453 
2.775, 0.017439 
2.776, 0.0174328 
2.777, 0.0174265 
2.778, 0.0174203 
2.779, 0.0174141 
2.78, 0.0174078 
2.781, 0.0174016 
2.782, 0.0173953 
2.783, 0.0173891 
2.784, 0.0173828 
2.785, 0.0173766 
2.786, 0.0173704 
2.787, 0.0173641 
2.788, 0.0173579 
2.789, 0.0173516 
2.79, 0.0173454 
2.791, 0.0173392 
2.792, 0.0173329 
2.793, 0.0173267 
2.794, 0.0173204 
2.795, 0.0173142 
2.796, 0.017308 
2.797, 0.0173017 
2.798, 0.0172955 
2.799, 0.0172893 
2.8, 0.017283 
2.801, 0.0172768 
2.802, 0.0172706 
2.803, 0.0172643 
2.804, 0.0172581 
2.805, 0.0172519 
2.806, 0.0172456 
2.807, 0.0172394 
2.808, 0.0172332 
2.809, 0.0172269 
2.81, 0.0172207 
2.811, 0.0172145 
2.812, 0.0172082 
2.813, 0.017202 
2.814, 0.0171958 
2.815, 0.0171896 
2.816, 0.0171833 
2.817, 0.0171771 
2.818, 0.0171709 
2.819, 0.0171647 
2.82, 0.0171584 
2.821, 0.0171522 
2.822, 0.017146 
2.823, 0.0171398 
2.824, 0.0171335 
2.825, 0.0171273 
2.826, 0.0171211 
2.827, 0.0171149 
2.828, 0.0171087 
2.829, 0.0171024 
2.83, 0.0170962 
2.831, 0.01709 
2.832, 0.0170838 
2.833, 0.0170776 
2.834, 0.0170714 
2.835, 0.0170651 
2.836, 0.0170589 
2.837, 0.0170527 
2.838, 0.0170465 
2.839, 0.0170403 
2.84, 0.0170341 
2.841, 0.0170279 
2.842, 0.0170217 
2.843, 0.0170155 
2.844, 0.0170093 
2.845, 0.0170031 
2.846, 0.0169968 
2.847, 0.0169906 
2.848, 0.0169844 
2.849, 0.0169782 
2.85, 0.016972 
2.851, 0.0169658 
2.852, 0.0169596 
2.853, 0.0169534 
2.854, 0.0169472 
2.855, 0.016941 
2.856, 0.0169348 
2.857, 0.0169286 
2.858, 0.0169224 
2.859, 0.0169162 
2.86, 0.0169101 
2.861, 0.0169039 
2.862, 0.0168977 
2.863, 0.0168915 
2.864, 0.0168853 
2.865, 0.0168791 
2.866, 0.0168729 
2.867, 0.0168667 
2.868, 0.0168605 
2.869, 0.0168543 
2.87, 0.0168482 
2.871, 0.016842 
2.872, 0.0168358 
2.873, 0.0168296 
2.874, 0.0168234 
2.875, 0.0168173 
2.876, 0.0168111 
2.877, 0.0168049 
2.878, 0.0167987 
2.879, 0.0167925 
2.88, 0.0167864 
2.881, 0.0167802 
2.882, 0.016774 
2.883, 0.0167678 
2.884, 0.0167617 
2.885, 0.0167555 
2.886, 0.0167493 
2.887, 0.0167432 
2.888, 0.016737 
2.889, 0.0167308 
2.89, 0.0167247 
2.891, 0.0167185 
2.892, 0.0167123 
2.893, 0.0167062 
2.894, 0.0167 
2.895, 0.0166938 
2.896, 0.0166877 
2.897, 0.0166815 
2.898, 0.0166754 
2.899, 0.0166692 
2.9, 0.0166631 
2.901, 0.0166569 
2.902, 0.0166508 
2.903, 0.0166446 
2.904, 0.0166385 
2.905, 0.0166323 
2.906, 0.0166262 
2.907, 0.01662 
2.908, 0.0166139 
2.909, 0.0166077 
2.91, 0.0166016 
2.911, 0.0165954 
2.912, 0.0165893 
2.913, 0.0165831 
2.914, 0.016577 
2.915, 0.0165709 
2.916, 0.0165647 
2.917, 0.0165586 
2.918, 0.0165525 
2.919, 0.0165463 
2.92, 0.0165402 
2.921, 0.0165341 
2.922, 0.0165279 
2.923, 0.0165218 
2.924, 0.0165157 
2.925, 0.0165095 
2.926, 0.0165034 
2.927, 0.0164973 
2.928, 0.0164912 
2.929, 0.0164851 
2.93, 0.0164789 
2.931, 0.0164728 
2.932, 0.0164667 
2.933, 0.0164606 
2.934, 0.0164545 
2.935, 0.0164483 
2.936, 0.0164422 
2.937, 0.0164361 
2.938, 0.01643 
2.939, 0.0164239 
2.94, 0.0164178 
2.941, 0.0164117 
2.942, 0.0164056 
2.943, 0.0163995 
2.944, 0.0163934 
2.945, 0.0163873 
2.946, 0.0163812 
2.947, 0.0163751 
2.948, 0.016369 
2.949, 0.0163629 
2.95, 0.0163568 
2.951, 0.0163507 
2.952, 0.0163446 
2.953, 0.0163385 
2.954, 0.0163324 
2.955, 0.0163263 
2.956, 0.0163202 
2.957, 0.0163141 
2.958, 0.0163081 
2.959, 0.016302 
2.96, 0.0162959 
2.961, 0.0162898 
2.962, 0.0162837 
2.963, 0.0162777 
2.964, 0.0162716 
2.965, 0.0162655 
2.966, 0.0162594 
2.967, 0.0162534 
2.968, 0.0162473 
2.969, 0.0162412 
2.97, 0.0162351 
2.971, 0.0162291 
2.972, 0.016223 
2.973, 0.0162169 
2.974, 0.0162109 
2.975, 0.0162048 
2.976, 0.0161988 
2.977, 0.0161927 
2.978, 0.0161866 
2.979, 0.0161806 
2.98, 0.0161745 
2.981, 0.0161685 
2.982, 0.0161624 
2.983, 0.0161564 
2.984, 0.0161503 
2.985, 0.0161443 
2.986, 0.0161382 
2.987, 0.0161322 
2.988, 0.0161261 
2.989, 0.0161201 
2.99, 0.0161141 
2.991, 0.016108 
2.992, 0.016102 
2.993, 0.0160959 
2.994, 0.0160899 
2.995, 0.0160839 
2.996, 0.0160778 
2.997, 0.0160718 
2.998, 0.0160658 
2.999, 0.0160598 
3, 0.0160537 
3.001, 0.0160477 
3.002, 0.0160417 
3.003, 0.0160357 
3.004, 0.0160296 
3.005, 0.0160236 
3.006, 0.0160176 
3.007, 0.0160116 
3.008, 0.0160056 
3.009, 0.0159996 
3.01, 0.0159935 
3.011, 0.0159875 
3.012, 0.0159815 
3.013, 0.0159755 
3.014, 0.0159695 
3.015, 0.0159635 
3.016, 0.0159575 
3.017, 0.0159515 
3.018, 0.0159455 
3.019, 0.0159395 
3.02, 0.0159335 
3.021, 0.0159275 
3.022, 0.0159215 
3.023, 0.0159155 
3.024, 0.0159096 
3.025, 0.0159036 
3.026, 0.0158976 
3.027, 0.0158916 
3.028, 0.0158856 
3.029, 0.0158796 
3.03, 0.0158737 
3.031, 0.0158677 
3.032, 0.0158617 
3.033, 0.0158557 
3.034, 0.0158497 
3.035, 0.0158438 
3.036, 0.0158378 
3.037, 0.0158318 
3.038, 0.0158259 
3.039, 0.0158199 
3.04, 0.0158139 
3.041, 0.015808 
3.042, 0.015802 
3.043, 0.0157961 
3.044, 0.0157901 
3.045, 0.0157841 
3.046, 0.0157782 
3.047, 0.0157722 
3.048, 0.0157663 
3.049, 0.0157603 
3.05, 0.0157544 
3.051, 0.0157484 
3.052, 0.0157425 
3.053, 0.0157366 
3.054, 0.0157306 
3.055, 0.0157247 
3.056, 0.0157187 
3.057, 0.0157128 
3.058, 0.0157069 
3.059, 0.0157009 
3.06, 0.015695 
3.061, 0.0156891 
3.062, 0.0156831 
3.063, 0.0156772 
3.064, 0.0156713 
3.065, 0.0156654 
3.066, 0.0156594 
3.067, 0.0156535 
3.068, 0.0156476 
3.069, 0.0156417 
3.07, 0.0156358 
3.071, 0.0156299 
3.072, 0.015624 
3.073, 0.015618 
3.074, 0.0156121 
3.075, 0.0156062 
3.076, 0.0156003 
3.077, 0.0155944 
3.078, 0.0155885 
3.079, 0.0155826 
3.08, 0.0155767 
3.081, 0.0155708 
3.082, 0.0155649 
3.083, 0.015559 
3.084, 0.0155532 
3.085, 0.0155473 
3.086, 0.0155414 
3.087, 0.0155355 
3.088, 0.0155296 
3.089, 0.0155237 
3.09, 0.0155178 
3.091, 0.015512 
3.092, 0.0155061 
3.093, 0.0155002 
3.094, 0.0154943 
3.095, 0.0154885 
3.096, 0.0154826 
3.097, 0.0154767 
3.098, 0.0154709 
3.099, 0.015465 
3.1, 0.0154591 
3.101, 0.0154533 
3.102, 0.0154474 
3.103, 0.0154416 
3.104, 0.0154357 
3.105, 0.0154299 
3.106, 0.015424 
3.107, 0.0154182 
3.108, 0.0154123 
3.109, 0.0154065 
3.11, 0.0154006 
3.111, 0.0153948 
3.112, 0.0153889 
3.113, 0.0153831 
3.114, 0.0153772 
3.115, 0.0153714 
3.116, 0.0153656 
3.117, 0.0153597 
3.118, 0.0153539 
3.119, 0.0153481 
3.12, 0.0153423 
3.121, 0.0153364 
3.122, 0.0153306 
3.123, 0.0153248 
3.124, 0.015319 
3.125, 0.0153132 
3.126, 0.0153073 
3.127, 0.0153015 
3.128, 0.0152957 
3.129, 0.0152899 
3.13, 0.0152841 
3.131, 0.0152783 
3.132, 0.0152725 
3.133, 0.0152667 
3.134, 0.0152609 
3.135, 0.0152551 
3.136, 0.0152493 
3.137, 0.0152435 
3.138, 0.0152377 
3.139, 0.0152319 
3.14, 0.0152261 
3.141, 0.0152203 
3.142, 0.0152145 
3.143, 0.0152087 
3.144, 0.015203 
3.145, 0.0151972 
3.146, 0.0151914 
3.147, 0.0151856 
3.148, 0.0151798 
3.149, 0.0151741 
3.15, 0.0151683 
3.151, 0.0151625 
3.152, 0.0151568 
3.153, 0.015151 
3.154, 0.0151452 
3.155, 0.0151395 
3.156, 0.0151337 
3.157, 0.015128 
3.158, 0.0151222 
3.159, 0.0151164 
3.16, 0.0151107 
3.161, 0.0151049 
3.162, 0.0150992 
3.163, 0.0150934 
3.164, 0.0150877 
3.165, 0.015082 
3.166, 0.0150762 
3.167, 0.0150705 
3.168, 0.0150647 
3.169, 0.015059 
3.17, 0.0150533 
3.171, 0.0150475 
3.172, 0.0150418 
3.173, 0.0150361 
3.174, 0.0150303 
3.175, 0.0150246 
3.176, 0.0150189 
3.177, 0.0150132 
3.178, 0.0150075 
3.179, 0.0150017 
3.18, 0.014996 
3.181, 0.0149903 
3.182, 0.0149846 
3.183, 0.0149789 
3.184, 0.0149732 
3.185, 0.0149675 
3.186, 0.0149618 
3.187, 0.0149561 
3.188, 0.0149504 
3.189, 0.0149447 
3.19, 0.014939 
3.191, 0.0149333 
3.192, 0.0149276 
3.193, 0.0149219 
3.194, 0.0149162 
3.195, 0.0149105 
3.196, 0.0149049 
3.197, 0.0148992 
3.198, 0.0148935 
3.199, 0.0148878 
3.2, 0.0148821 
3.201, 0.0148765 
3.202, 0.0148708 
3.203, 0.0148651 
3.204, 0.0148594 
3.205, 0.0148538 
3.206, 0.0148481 
3.207, 0.0148425 
3.208, 0.0148368 
3.209, 0.0148311 
3.21, 0.0148255 
3.211, 0.0148198 
3.212, 0.0148142 
3.213, 0.0148085 
3.214, 0.0148029 
3.215, 0.0147972 
3.216, 0.0147916 
3.217, 0.0147859 
3.218, 0.0147803 
3.219, 0.0147747 
3.22, 0.014769 
3.221, 0.0147634 
3.222, 0.0147578 
3.223, 0.0147521 
3.224, 0.0147465 
3.225, 0.0147409 
3.226, 0.0147352 
3.227, 0.0147296 
3.228, 0.014724 
3.229, 0.0147184 
3.23, 0.0147128 
3.231, 0.0147071 
3.232, 0.0147015 
3.233, 0.0146959 
3.234, 0.0146903 
3.235, 0.0146847 
3.236, 0.0146791 
3.237, 0.0146735 
3.238, 0.0146679 
3.239, 0.0146623 
3.24, 0.0146567 
3.241, 0.0146511 
3.242, 0.0146455 
3.243, 0.0146399 
3.244, 0.0146343 
3.245, 0.0146287 
3.246, 0.0146232 
3.247, 0.0146176 
3.248, 0.014612 
3.249, 0.0146064 
3.25, 0.0146008 
3.251, 0.0145953 
3.252, 0.0145897 
3.253, 0.0145841 
3.254, 0.0145785 
3.255, 0.014573 
3.256, 0.0145674 
3.257, 0.0145619 
3.258, 0.0145563 
3.259, 0.0145507 
3.26, 0.0145452 
3.261, 0.0145396 
3.262, 0.0145341 
3.263, 0.0145285 
3.264, 0.014523 
3.265, 0.0145174 
3.266, 0.0145119 
3.267, 0.0145063 
3.268, 0.0145008 
3.269, 0.0144953 
3.27, 0.0144897 
3.271, 0.0144842 
3.272, 0.0144787 
3.273, 0.0144731 
3.274, 0.0144676 
3.275, 0.0144621 
3.276, 0.0144565 
3.277, 0.014451 
3.278, 0.0144455 
3.279, 0.01444 
3.28, 0.0144345 
3.281, 0.014429 
3.282, 0.0144234 
3.283, 0.0144179 
3.284, 0.0144124 
3.285, 0.0144069 
3.286, 0.0144014 
3.287, 0.0143959 
3.288, 0.0143904 
3.289, 0.0143849 
3.29, 0.0143794 
3.291, 0.0143739 
3.292, 0.0143684 
3.293, 0.0143629 
3.294, 0.0143575 
3.295, 0.014352 
3.296, 0.0143465 
3.297, 0.014341 
3.298, 0.0143355 
3.299, 0.01433 
3.3, 0.0143246 
3.301, 0.0143191 
3.302, 0.0143136 
3.303, 0.0143082 
3.304, 0.0143027 
3.305, 0.0142972 
3.306, 0.0142918 
3.307, 0.0142863 
3.308, 0.0142808 
3.309, 0.0142754 
3.31, 0.0142699 
3.311, 0.0142645 
3.312, 0.014259 
3.313, 0.0142536 
3.314, 0.0142481 
3.315, 0.0142427 
3.316, 0.0142372 
3.317, 0.0142318 
3.318, 0.0142264 
3.319, 0.0142209 
3.32, 0.0142155 
3.321, 0.0142101 
3.322, 0.0142046 
3.323, 0.0141992 
3.324, 0.0141938 
3.325, 0.0141884 
3.326, 0.0141829 
3.327, 0.0141775 
3.328, 0.0141721 
3.329, 0.0141667 
3.33, 0.0141613 
3.331, 0.0141559 
3.332, 0.0141505 
3.333, 0.014145 
3.334, 0.0141396 
3.335, 0.0141342 
3.336, 0.0141288 
3.337, 0.0141234 
3.338, 0.014118 
3.339, 0.0141126 
3.34, 0.0141073 
3.341, 0.0141019 
3.342, 0.0140965 
3.343, 0.0140911 
3.344, 0.0140857 
3.345, 0.0140803 
3.346, 0.0140749 
3.347, 0.0140696 
3.348, 0.0140642 
3.349, 0.0140588 
3.35, 0.0140534 
3.351, 0.0140481 
3.352, 0.0140427 
3.353, 0.0140373 
3.354, 0.014032 
3.355, 0.0140266 
3.356, 0.0140213 
3.357, 0.0140159 
3.358, 0.0140106 
3.359, 0.0140052 
3.36, 0.0139998 
3.361, 0.0139945 
3.362, 0.0139892 
3.363, 0.0139838 
3.364, 0.0139785 
3.365, 0.0139731 
3.366, 0.0139678 
3.367, 0.0139625 
3.368, 0.0139571 
3.369, 0.0139518 
3.37, 0.0139465 
3.371, 0.0139411 
3.372, 0.0139358 
3.373, 0.0139305 
3.374, 0.0139252 
3.375, 0.0139198 
3.376, 0.0139145 
3.377, 0.0139092 
3.378, 0.0139039 
3.379, 0.0138986 
3.38, 0.0138933 
3.381, 0.013888 
3.382, 0.0138827 
3.383, 0.0138774 
3.384, 0.0138721 
3.385, 0.0138668 
3.386, 0.0138615 
3.387, 0.0138562 
3.388, 0.0138509 
3.389, 0.0138456 
3.39, 0.0138403 
3.391, 0.013835 
3.392, 0.0138297 
3.393, 0.0138245 
3.394, 0.0138192 
3.395, 0.0138139 
3.396, 0.0138086 
3.397, 0.0138034 
3.398, 0.0137981 
3.399, 0.0137928 
3.4, 0.0137876 
3.401, 0.0137823 
3.402, 0.013777 
3.403, 0.0137718 
3.404, 0.0137665 
3.405, 0.0137613 
3.406, 0.013756 
3.407, 0.0137508 
3.408, 0.0137455 
3.409, 0.0137403 
3.41, 0.013735 
3.411, 0.0137298 
3.412, 0.0137245 
3.413, 0.0137193 
3.414, 0.0137141 
3.415, 0.0137088 
3.416, 0.0137036 
3.417, 0.0136984 
3.418, 0.0136931 
3.419, 0.0136879 
3.42, 0.0136827 
3.421, 0.0136775 
3.422, 0.0136722 
3.423, 0.013667 
3.424, 0.0136618 
3.425, 0.0136566 
3.426, 0.0136514 
3.427, 0.0136462 
3.428, 0.013641 
3.429, 0.0136358 
3.43, 0.0136306 
3.431, 0.0136254 
3.432, 0.0136202 
3.433, 0.013615 
3.434, 0.0136098 
3.435, 0.0136046 
3.436, 0.0135994 
3.437, 0.0135942 
3.438, 0.013589 
3.439, 0.0135838 
3.44, 0.0135786 
3.441, 0.0135735 
3.442, 0.0135683 
3.443, 0.0135631 
3.444, 0.0135579 
3.445, 0.0135528 
3.446, 0.0135476 
3.447, 0.0135424 
3.448, 0.0135373 
3.449, 0.0135321 
3.45, 0.013527 
3.451, 0.0135218 
3.452, 0.0135166 
3.453, 0.0135115 
3.454, 0.0135063 
3.455, 0.0135012 
3.456, 0.013496 
3.457, 0.0134909 
3.458, 0.0134857 
3.459, 0.0134806 
3.46, 0.0134755 
3.461, 0.0134703 
3.462, 0.0134652 
3.463, 0.0134601 
3.464, 0.0134549 
3.465, 0.0134498 
3.466, 0.0134447 
3.467, 0.0134396 
3.468, 0.0134344 
3.469, 0.0134293 
3.47, 0.0134242 
3.471, 0.0134191 
3.472, 0.013414 
3.473, 0.0134089 
3.474, 0.0134037 
3.475, 0.0133986 
3.476, 0.0133935 
3.477, 0.0133884 
3.478, 0.0133833 
3.479, 0.0133782 
3.48, 0.0133731 
3.481, 0.013368 
3.482, 0.0133629 
3.483, 0.0133579 
3.484, 0.0133528 
3.485, 0.0133477 
3.486, 0.0133426 
3.487, 0.0133375 
3.488, 0.0133324 
3.489, 0.0133274 
3.49, 0.0133223 
3.491, 0.0133172 
3.492, 0.0133121 
3.493, 0.0133071 
3.494, 0.013302 
3.495, 0.0132969 
3.496, 0.0132919 
3.497, 0.0132868 
3.498, 0.0132818 
3.499, 0.0132767 
3.5, 0.0132717 
3.501, 0.0132666 
3.502, 0.0132616 
3.503, 0.0132565 
3.504, 0.0132515 
3.505, 0.0132464 
3.506, 0.0132414 
3.507, 0.0132363 
3.508, 0.0132313 
3.509, 0.0132263 
3.51, 0.0132212 
3.511, 0.0132162 
3.512, 0.0132112 
3.513, 0.0132062 
3.514, 0.0132011 
3.515, 0.0131961 
3.516, 0.0131911 
3.517, 0.0131861 
3.518, 0.0131811 
3.519, 0.013176 
3.52, 0.013171 
3.521, 0.013166 
3.522, 0.013161 
3.523, 0.013156 
3.524, 0.013151 
3.525, 0.013146 
3.526, 0.013141 
3.527, 0.013136 
3.528, 0.013131 
3.529, 0.013126 
3.53, 0.013121 
3.531, 0.013116 
3.532, 0.0131111 
3.533, 0.0131061 
3.534, 0.0131011 
3.535, 0.0130961 
3.536, 0.0130911 
3.537, 0.0130862 
3.538, 0.0130812 
3.539, 0.0130762 
3.54, 0.0130713 
3.541, 0.0130663 
3.542, 0.0130613 
3.543, 0.0130564 
3.544, 0.0130514 
3.545, 0.0130464 
3.546, 0.0130415 
3.547, 0.0130365 
3.548, 0.0130316 
3.549, 0.0130266 
3.55, 0.0130217 
3.551, 0.0130167 
3.552, 0.0130118 
3.553, 0.0130069 
3.554, 0.0130019 
3.555, 0.012997 
3.556, 0.012992 
3.557, 0.0129871 
3.558, 0.0129822 
3.559, 0.0129773 
3.56, 0.0129723 
3.561, 0.0129674 
3.562, 0.0129625 
3.563, 0.0129576 
3.564, 0.0129526 
3.565, 0.0129477 
3.566, 0.0129428 
3.567, 0.0129379 
3.568, 0.012933 
3.569, 0.0129281 
3.57, 0.0129232 
3.571, 0.0129183 
3.572, 0.0129134 
3.573, 0.0129085 
3.574, 0.0129036 
3.575, 0.0128987 
3.576, 0.0128938 
3.577, 0.0128889 
3.578, 0.012884 
3.579, 0.0128791 
3.58, 0.0128742 
3.581, 0.0128694 
3.582, 0.0128645 
3.583, 0.0128596 
3.584, 0.0128547 
3.585, 0.0128499 
3.586, 0.012845 
3.587, 0.0128401 
3.588, 0.0128353 
3.589, 0.0128304 
3.59, 0.0128255 
3.591, 0.0128207 
3.592, 0.0128158 
3.593, 0.0128109 
3.594, 0.0128061 
3.595, 0.0128012 
3.596, 0.0127964 
3.597, 0.0127915 
3.598, 0.0127867 
3.599, 0.0127819 
3.6, 0.012777 
3.601, 0.0127722 
3.602, 0.0127673 
3.603, 0.0127625 
3.604, 0.0127577 
3.605, 0.0127528 
3.606, 0.012748 
3.607, 0.0127432 
3.608, 0.0127384 
3.609, 0.0127335 
3.61, 0.0127287 
3.611, 0.0127239 
3.612, 0.0127191 
3.613, 0.0127143 
3.614, 0.0127095 
3.615, 0.0127046 
3.616, 0.0126998 
3.617, 0.012695 
3.618, 0.0126902 
3.619, 0.0126854 
3.62, 0.0126806 
3.621, 0.0126758 
3.622, 0.012671 
3.623, 0.0126662 
3.624, 0.0126614 
3.625, 0.0126567 
3.626, 0.0126519 
3.627, 0.0126471 
3.628, 0.0126423 
3.629, 0.0126375 
3.63, 0.0126327 
3.631, 0.012628 
3.632, 0.0126232 
3.633, 0.0126184 
3.634, 0.0126137 
3.635, 0.0126089 
3.636, 0.0126041 
3.637, 0.0125994 
3.638, 0.0125946 
3.639, 0.0125898 
3.64, 0.0125851 
3.641, 0.0125803 
3.642, 0.0125756 
3.643, 0.0125708 
3.644, 0.0125661 
3.645, 0.0125613 
3.646, 0.0125566 
3.647, 0.0125518 
3.648, 0.0125471 
3.649, 0.0125424 
3.65, 0.0125376 
3.651, 0.0125329 
3.652, 0.0125282 
3.653, 0.0125234 
3.654, 0.0125187 
3.655, 0.012514 
3.656, 0.0125092 
3.657, 0.0125045 
3.658, 0.0124998 
3.659, 0.0124951 
3.66, 0.0124904 
3.661, 0.0124857 
3.662, 0.0124809 
3.663, 0.0124762 
3.664, 0.0124715 
3.665, 0.0124668 
3.666, 0.0124621 
3.667, 0.0124574 
3.668, 0.0124527 
3.669, 0.012448 
3.67, 0.0124433 
3.671, 0.0124386 
3.672, 0.012434 
3.673, 0.0124293 
3.674, 0.0124246 
3.675, 0.0124199 
3.676, 0.0124152 
3.677, 0.0124105 
3.678, 0.0124059 
3.679, 0.0124012 
3.68, 0.0123965 
3.681, 0.0123918 
3.682, 0.0123872 
3.683, 0.0123825 
3.684, 0.0123778 
3.685, 0.0123732 
3.686, 0.0123685 
3.687, 0.0123638 
3.688, 0.0123592 
3.689, 0.0123545 
3.69, 0.0123499 
3.691, 0.0123452 
3.692, 0.0123406 
3.693, 0.0123359 
3.694, 0.0123313 
3.695, 0.0123266 
3.696, 0.012322 
3.697, 0.0123174 
3.698, 0.0123127 
3.699, 0.0123081 
3.7, 0.0123035 
3.701, 0.0122988 
3.702, 0.0122942 
3.703, 0.0122896 
3.704, 0.012285 
3.705, 0.0122803 
3.706, 0.0122757 
3.707, 0.0122711 
3.708, 0.0122665 
3.709, 0.0122619 
3.71, 0.0122573 
3.711, 0.0122526 
3.712, 0.012248 
3.713, 0.0122434 
3.714, 0.0122388 
3.715, 0.0122342 
3.716, 0.0122296 
3.717, 0.012225 
3.718, 0.0122204 
3.719, 0.0122158 
3.72, 0.0122113 
3.721, 0.0122067 
3.722, 0.0122021 
3.723, 0.0121975 
3.724, 0.0121929 
3.725, 0.0121883 
3.726, 0.0121838 
3.727, 0.0121792 
3.728, 0.0121746 
3.729, 0.01217 
3.73, 0.0121655 
3.731, 0.0121609 
3.732, 0.0121563 
3.733, 0.0121518 
3.734, 0.0121472 
3.735, 0.0121426 
3.736, 0.0121381 
3.737, 0.0121335 
3.738, 0.012129 
3.739, 0.0121244 
3.74, 0.0121199 
3.741, 0.0121153 
3.742, 0.0121108 
3.743, 0.0121062 
3.744, 0.0121017 
3.745, 0.0120972 
3.746, 0.0120926 
3.747, 0.0120881 
3.748, 0.0120836 
3.749, 0.012079 
3.75, 0.0120745 
3.751, 0.01207 
3.752, 0.0120654 
3.753, 0.0120609 
3.754, 0.0120564 
3.755, 0.0120519 
3.756, 0.0120474 
3.757, 0.0120428 
3.758, 0.0120383 
3.759, 0.0120338 
3.76, 0.0120293 
3.761, 0.0120248 
3.762, 0.0120203 
3.763, 0.0120158 
3.764, 0.0120113 
3.765, 0.0120068 
3.766, 0.0120023 
3.767, 0.0119978 
3.768, 0.0119933 
3.769, 0.0119888 
3.77, 0.0119843 
3.771, 0.0119799 
3.772, 0.0119754 
3.773, 0.0119709 
3.774, 0.0119664 
3.775, 0.0119619 
3.776, 0.0119575 
3.777, 0.011953 
3.778, 0.0119485 
3.779, 0.011944 
3.78, 0.0119396 
3.781, 0.0119351 
3.782, 0.0119306 
3.783, 0.0119262 
3.784, 0.0119217 
3.785, 0.0119173 
3.786, 0.0119128 
3.787, 0.0119083 
3.788, 0.0119039 
3.789, 0.0118994 
3.79, 0.011895 
3.791, 0.0118906 
3.792, 0.0118861 
3.793, 0.0118817 
3.794, 0.0118772 
3.795, 0.0118728 
3.796, 0.0118684 
3.797, 0.0118639 
3.798, 0.0118595 
3.799, 0.0118551 
3.8, 0.0118506 
3.801, 0.0118462 
3.802, 0.0118418 
3.803, 0.0118374 
3.804, 0.0118329 
3.805, 0.0118285 
3.806, 0.0118241 
3.807, 0.0118197 
3.808, 0.0118153 
3.809, 0.0118109 
3.81, 0.0118065 
3.811, 0.0118021 
3.812, 0.0117977 
3.813, 0.0117933 
3.814, 0.0117889 
3.815, 0.0117845 
3.816, 0.0117801 
3.817, 0.0117757 
3.818, 0.0117713 
3.819, 0.0117669 
3.82, 0.0117625 
3.821, 0.0117581 
3.822, 0.0117537 
3.823, 0.0117494 
3.824, 0.011745 
3.825, 0.0117406 
3.826, 0.0117362 
3.827, 0.0117319 
3.828, 0.0117275 
3.829, 0.0117231 
3.83, 0.0117187 
3.831, 0.0117144 
3.832, 0.01171 
3.833, 0.0117057 
3.834, 0.0117013 
3.835, 0.0116969 
3.836, 0.0116926 
3.837, 0.0116882 
3.838, 0.0116839 
3.839, 0.0116795 
3.84, 0.0116752 
3.841, 0.0116708 
3.842, 0.0116665 
3.843, 0.0116622 
3.844, 0.0116578 
3.845, 0.0116535 
3.846, 0.0116491 
3.847, 0.0116448 
3.848, 0.0116405 
3.849, 0.0116361 
3.85, 0.0116318 
3.851, 0.0116275 
3.852, 0.0116232 
3.853, 0.0116189 
3.854, 0.0116145 
3.855, 0.0116102 
3.856, 0.0116059 
3.857, 0.0116016 
3.858, 0.0115973 
3.859, 0.011593 
3.86, 0.0115887 
3.861, 0.0115844 
3.862, 0.01158 
3.863, 0.0115757 
3.864, 0.0115714 
3.865, 0.0115671 
3.866, 0.0115629 
3.867, 0.0115586 
3.868, 0.0115543 
3.869, 0.01155 
3.87, 0.0115457 
3.871, 0.0115414 
3.872, 0.0115371 
3.873, 0.0115328 
3.874, 0.0115286 
3.875, 0.0115243 
3.876, 0.01152 
3.877, 0.0115157 
3.878, 0.0115115 
3.879, 0.0115072 
3.88, 0.0115029 
3.881, 0.0114987 
3.882, 0.0114944 
3.883, 0.0114901 
3.884, 0.0114859 
3.885, 0.0114816 
3.886, 0.0114774 
3.887, 0.0114731 
3.888, 0.0114688 
3.889, 0.0114646 
3.89, 0.0114604 
3.891, 0.0114561 
3.892, 0.0114519 
3.893, 0.0114476 
3.894, 0.0114434 
3.895, 0.0114391 
3.896, 0.0114349 
3.897, 0.0114307 
3.898, 0.0114264 
3.899, 0.0114222 
3.9, 0.011418 
3.901, 0.0114137 
3.902, 0.0114095 
3.903, 0.0114053 
3.904, 0.0114011 
3.905, 0.0113969 
3.906, 0.0113926 
3.907, 0.0113884 
3.908, 0.0113842 
3.909, 0.01138 
3.91, 0.0113758 
3.911, 0.0113716 
3.912, 0.0113674 
3.913, 0.0113632 
3.914, 0.011359 
3.915, 0.0113548 
3.916, 0.0113506 
3.917, 0.0113464 
3.918, 0.0113422 
3.919, 0.011338 
3.92, 0.0113338 
3.921, 0.0113296 
3.922, 0.0113254 
3.923, 0.0113213 
3.924, 0.0113171 
3.925, 0.0113129 
3.926, 0.0113087 
3.927, 0.0113045 
3.928, 0.0113004 
3.929, 0.0112962 
3.93, 0.011292 
3.931, 0.0112878 
3.932, 0.0112837 
3.933, 0.0112795 
3.934, 0.0112754 
3.935, 0.0112712 
3.936, 0.011267 
3.937, 0.0112629 
3.938, 0.0112587 
3.939, 0.0112546 
3.94, 0.0112504 
3.941, 0.0112463 
3.942, 0.0112421 
3.943, 0.011238 
3.944, 0.0112338 
3.945, 0.0112297 
3.946, 0.0112256 
3.947, 0.0112214 
3.948, 0.0112173 
3.949, 0.0112131 
3.95, 0.011209 
3.951, 0.0112049 
3.952, 0.0112008 
3.953, 0.0111966 
3.954, 0.0111925 
3.955, 0.0111884 
3.956, 0.0111843 
3.957, 0.0111801 
3.958, 0.011176 
3.959, 0.0111719 
3.96, 0.0111678 
3.961, 0.0111637 
3.962, 0.0111596 
3.963, 0.0111555 
3.964, 0.0111514 
3.965, 0.0111473 
3.966, 0.0111432 
3.967, 0.0111391 
3.968, 0.011135 
3.969, 0.0111309 
3.97, 0.0111268 
3.971, 0.0111227 
3.972, 0.0111186 
3.973, 0.0111145 
3.974, 0.0111104 
3.975, 0.0111063 
3.976, 0.0111023 
3.977, 0.0110982 
3.978, 0.0110941 
3.979, 0.01109 
3.98, 0.0110859 
3.981, 0.0110819 
3.982, 0.0110778 
3.983, 0.0110737 
3.984, 0.0110697 
3.985, 0.0110656 
3.986, 0.0110615 
3.987, 0.0110575 
3.988, 0.0110534 
3.989, 0.0110494 
3.99, 0.0110453 
3.991, 0.0110412 
3.992, 0.0110372 
3.993, 0.0110331 
3.994, 0.0110291 
3.995, 0.011025 
3.996, 0.011021 
3.997, 0.011017 
3.998, 0.0110129 
3.999, 0.0110089 
4, 0.0110048 
4.001, 0.0110008 
4.002, 0.0109968 
4.003, 0.0109927 
4.004, 0.0109887 
4.005, 0.0109847 
4.006, 0.0109807 
4.007, 0.0109766 
4.008, 0.0109726 
4.009, 0.0109686 
4.01, 0.0109646 
4.011, 0.0109606 
4.012, 0.0109565 
4.013, 0.0109525 
4.014, 0.0109485 
4.015, 0.0109445 
4.016, 0.0109405 
4.017, 0.0109365 
4.018, 0.0109325 
4.019, 0.0109285 
4.02, 0.0109245 
4.021, 0.0109205 
4.022, 0.0109165 
4.023, 0.0109125 
4.024, 0.0109085 
4.025, 0.0109045 
4.026, 0.0109005 
4.027, 0.0108966 
4.028, 0.0108926 
4.029, 0.0108886 
4.03, 0.0108846 
4.031, 0.0108806 
4.032, 0.0108767 
4.033, 0.0108727 
4.034, 0.0108687 
4.035, 0.0108647 
4.036, 0.0108608 
4.037, 0.0108568 
4.038, 0.0108528 
4.039, 0.0108489 
4.04, 0.0108449 
4.041, 0.0108409 
4.042, 0.010837 
4.043, 0.010833 
4.044, 0.0108291 
4.045, 0.0108251 
4.046, 0.0108212 
4.047, 0.0108172 
4.048, 0.0108133 
4.049, 0.0108093 
4.05, 0.0108054 
4.051, 0.0108014 
4.052, 0.0107975 
4.053, 0.0107936 
4.054, 0.0107896 
4.055, 0.0107857 
4.056, 0.0107818 
4.057, 0.0107778 
4.058, 0.0107739 
4.059, 0.01077 
4.06, 0.010766 
4.061, 0.0107621 
4.062, 0.0107582 
4.063, 0.0107543 
4.064, 0.0107504 
4.065, 0.0107464 
4.066, 0.0107425 
4.067, 0.0107386 
4.068, 0.0107347 
4.069, 0.0107308 
4.07, 0.0107269 
4.071, 0.010723 
4.072, 0.0107191 
4.073, 0.0107152 
4.074, 0.0107113 
4.075, 0.0107074 
4.076, 0.0107035 
4.077, 0.0106996 
4.078, 0.0106957 
4.079, 0.0106918 
4.08, 0.0106879 
4.081, 0.010684 
4.082, 0.0106801 
4.083, 0.0106763 
4.084, 0.0106724 
4.085, 0.0106685 
4.086, 0.0106646 
4.087, 0.0106607 
4.088, 0.0106569 
4.089, 0.010653 
4.09, 0.0106491 
4.091, 0.0106453 
4.092, 0.0106414 
4.093, 0.0106375 
4.094, 0.0106337 
4.095, 0.0106298 
4.096, 0.0106259 
4.097, 0.0106221 
4.098, 0.0106182 
4.099, 0.0106144 
4.1, 0.0106105 
4.101, 0.0106067 
4.102, 0.0106028 
4.103, 0.010599 
4.104, 0.0105951 
4.105, 0.0105913 
4.106, 0.0105874 
4.107, 0.0105836 
4.108, 0.0105798 
4.109, 0.0105759 
4.11, 0.0105721 
4.111, 0.0105683 
4.112, 0.0105644 
4.113, 0.0105606 
4.114, 0.0105568 
4.115, 0.010553 
4.116, 0.0105491 
4.117, 0.0105453 
4.118, 0.0105415 
4.119, 0.0105377 
4.12, 0.0105339 
4.121, 0.01053 
4.122, 0.0105262 
4.123, 0.0105224 
4.124, 0.0105186 
4.125, 0.0105148 
4.126, 0.010511 
4.127, 0.0105072 
4.128, 0.0105034 
4.129, 0.0104996 
4.13, 0.0104958 
4.131, 0.010492 
4.132, 0.0104882 
4.133, 0.0104844 
4.134, 0.0104806 
4.135, 0.0104768 
4.136, 0.010473 
4.137, 0.0104692 
4.138, 0.0104655 
4.139, 0.0104617 
4.14, 0.0104579 
4.141, 0.0104541 
4.142, 0.0104503 
4.143, 0.0104466 
4.144, 0.0104428 
4.145, 0.010439 
4.146, 0.0104352 
4.147, 0.0104315 
4.148, 0.0104277 
4.149, 0.0104239 
4.15, 0.0104202 
4.151, 0.0104164 
4.152, 0.0104127 
4.153, 0.0104089 
4.154, 0.0104051 
4.155, 0.0104014 
4.156, 0.0103976 
4.157, 0.0103939 
4.158, 0.0103901 
4.159, 0.0103864 
4.16, 0.0103826 
4.161, 0.0103789 
4.162, 0.0103752 
4.163, 0.0103714 
4.164, 0.0103677 
4.165, 0.0103639 
4.166, 0.0103602 
4.167, 0.0103565 
4.168, 0.0103527 
4.169, 0.010349 
4.17, 0.0103453 
4.171, 0.0103416 
4.172, 0.0103378 
4.173, 0.0103341 
4.174, 0.0103304 
4.175, 0.0103267 
4.176, 0.010323 
4.177, 0.0103192 
4.178, 0.0103155 
4.179, 0.0103118 
4.18, 0.0103081 
4.181, 0.0103044 
4.182, 0.0103007 
4.183, 0.010297 
4.184, 0.0102933 
4.185, 0.0102896 
4.186, 0.0102859 
4.187, 0.0102822 
4.188, 0.0102785 
4.189, 0.0102748 
4.19, 0.0102711 
4.191, 0.0102674 
4.192, 0.0102637 
4.193, 0.01026 
4.194, 0.0102563 
4.195, 0.0102527 
4.196, 0.010249 
4.197, 0.0102453 
4.198, 0.0102416 
4.199, 0.0102379 
4.2, 0.0102343 
4.201, 0.0102306 
4.202, 0.0102269 
4.203, 0.0102232 
4.204, 0.0102196 
4.205, 0.0102159 
4.206, 0.0102122 
4.207, 0.0102086 
4.208, 0.0102049 
4.209, 0.0102013 
4.21, 0.0101976 
4.211, 0.0101939 
4.212, 0.0101903 
4.213, 0.0101866 
4.214, 0.010183 
4.215, 0.0101793 
4.216, 0.0101757 
4.217, 0.010172 
4.218, 0.0101684 
4.219, 0.0101647 
4.22, 0.0101611 
4.221, 0.0101575 
4.222, 0.0101538 
4.223, 0.0101502 
4.224, 0.0101466 
4.225, 0.0101429 
4.226, 0.0101393 
4.227, 0.0101357 
4.228, 0.010132 
4.229, 0.0101284 
4.23, 0.0101248 
4.231, 0.0101212 
4.232, 0.0101175 
4.233, 0.0101139 
4.234, 0.0101103 
4.235, 0.0101067 
4.236, 0.0101031 
4.237, 0.0100995 
4.238, 0.0100958 
4.239, 0.0100922 
4.24, 0.0100886 
4.241, 0.010085 
4.242, 0.0100814 
4.243, 0.0100778 
4.244, 0.0100742 
4.245, 0.0100706 
4.246, 0.010067 
4.247, 0.0100634 
4.248, 0.0100598 
4.249, 0.0100562 
4.25, 0.0100526 
4.251, 0.0100491 
4.252, 0.0100455 
4.253, 0.0100419 
4.254, 0.0100383 
4.255, 0.0100347 
4.256, 0.0100311 
4.257, 0.0100276 
4.258, 0.010024 
4.259, 0.0100204 
4.26, 0.0100168 
4.261, 0.0100133 
4.262, 0.0100097 
4.263, 0.0100061 
4.264, 0.0100026 
4.265, 0.00999899 
4.266, 0.00999543 
4.267, 0.00999187 
4.268, 0.0099883 
4.269, 0.00998475 
4.27, 0.00998119 
4.271, 0.00997763 
4.272, 0.00997408 
4.273, 0.00997053 
4.274, 0.00996698 
4.275, 0.00996343 
4.276, 0.00995988 
4.277, 0.00995634 
4.278, 0.00995279 
4.279, 0.00994925 
4.28, 0.00994571 
4.281, 0.00994217 
4.282, 0.00993864 
4.283, 0.0099351 
4.284, 0.00993157 
4.285, 0.00992804 
4.286, 0.00992451 
4.287, 0.00992098 
4.288, 0.00991745 
4.289, 0.00991392 
4.29, 0.0099104 
4.291, 0.00990688 
4.292, 0.00990336 
4.293, 0.00989984 
4.294, 0.00989632 
4.295, 0.00989281 
4.296, 0.00988929 
4.297, 0.00988578 
4.298, 0.00988227 
4.299, 0.00987876 
4.3, 0.00987526 
4.301, 0.00987175 
4.302, 0.00986825 
4.303, 0.00986474 
4.304, 0.00986124 
4.305, 0.00985775 
4.306, 0.00985425 
4.307, 0.00985075 
4.308, 0.00984726 
4.309, 0.00984377 
4.31, 0.00984028 
4.311, 0.00983679 
4.312, 0.0098333 
4.313, 0.00982981 
4.314, 0.00982633 
4.315, 0.00982285 
4.316, 0.00981937 
4.317, 0.00981589 
4.318, 0.00981241 
4.319, 0.00980893 
4.32, 0.00980546 
4.321, 0.00980199 
4.322, 0.00979852 
4.323, 0.00979505 
4.324, 0.00979158 
4.325, 0.00978811 
4.326, 0.00978465 
4.327, 0.00978118 
4.328, 0.00977772 
4.329, 0.00977426 
4.33, 0.00977081 
4.331, 0.00976735 
4.332, 0.00976389 
4.333, 0.00976044 
4.334, 0.00975699 
4.335, 0.00975354 
4.336, 0.00975009 
4.337, 0.00974665 
4.338, 0.0097432 
4.339, 0.00973976 
4.34, 0.00973632 
4.341, 0.00973288 
4.342, 0.00972944 
4.343, 0.009726 
4.344, 0.00972256 
4.345, 0.00971913 
4.346, 0.0097157 
4.347, 0.00971227 
4.348, 0.00970884 
4.349, 0.00970541 
4.35, 0.00970199 
4.351, 0.00969856 
4.352, 0.00969514 
4.353, 0.00969172 
4.354, 0.0096883 
4.355, 0.00968488 
4.356, 0.00968147 
4.357, 0.00967805 
4.358, 0.00967464 
4.359, 0.00967123 
4.36, 0.00966782 
4.361, 0.00966441 
4.362, 0.009661 
4.363, 0.0096576 
4.364, 0.0096542 
4.365, 0.00965079 
4.366, 0.00964739 
4.367, 0.009644 
4.368, 0.0096406 
4.369, 0.0096372 
4.37, 0.00963381 
4.371, 0.00963042 
4.372, 0.00962703 
4.373, 0.00962364 
4.374, 0.00962025 
4.375, 0.00961687 
4.376, 0.00961348 
4.377, 0.0096101 
4.378, 0.00960672 
4.379, 0.00960334 
4.38, 0.00959996 
4.381, 0.00959659 
4.382, 0.00959321 
4.383, 0.00958984 
4.384, 0.00958647 
4.385, 0.0095831 
4.386, 0.00957973 
4.387, 0.00957636 
4.388, 0.009573 
4.389, 0.00956963 
4.39, 0.00956627 
4.391, 0.00956291 
4.392, 0.00955955 
4.393, 0.0095562 
4.394, 0.00955284 
4.395, 0.00954949 
4.396, 0.00954613 
4.397, 0.00954278 
4.398, 0.00953943 
4.399, 0.00953609 
4.4, 0.00953274 
4.401, 0.0095294 
4.402, 0.00952605 
4.403, 0.00952271 
4.404, 0.00951937 
4.405, 0.00951603 
4.406, 0.0095127 
4.407, 0.00950936 
4.408, 0.00950603 
4.409, 0.0095027 
4.41, 0.00949936 
4.411, 0.00949604 
4.412, 0.00949271 
4.413, 0.00948938 
4.414, 0.00948606 
4.415, 0.00948274 
4.416, 0.00947941 
4.417, 0.0094761 
4.418, 0.00947278 
4.419, 0.00946946 
4.42, 0.00946615 
4.421, 0.00946283 
4.422, 0.00945952 
4.423, 0.00945621 
4.424, 0.0094529 
4.425, 0.00944959 
4.426, 0.00944629 
4.427, 0.00944299 
4.428, 0.00943968 
4.429, 0.00943638 
4.43, 0.00943308 
4.431, 0.00942978 
4.432, 0.00942649 
4.433, 0.00942319 
4.434, 0.0094199 
4.435, 0.00941661 
4.436, 0.00941332 
4.437, 0.00941003 
4.438, 0.00940674 
4.439, 0.00940346 
4.44, 0.00940017 
4.441, 0.00939689 
4.442, 0.00939361 
4.443, 0.00939033 
4.444, 0.00938705 
4.445, 0.00938378 
4.446, 0.0093805 
4.447, 0.00937723 
4.448, 0.00937396 
4.449, 0.00937069 
4.45, 0.00936742 
4.451, 0.00936415 
4.452, 0.00936089 
4.453, 0.00935762 
4.454, 0.00935436 
4.455, 0.0093511 
4.456, 0.00934784 
4.457, 0.00934458 
4.458, 0.00934133 
4.459, 0.00933807 
4.46, 0.00933482 
4.461, 0.00933157 
4.462, 0.00932832 
4.463, 0.00932507 
4.464, 0.00932182 
4.465, 0.00931857 
4.466, 0.00931533 
4.467, 0.00931209 
4.468, 0.00930885 
4.469, 0.00930561 
4.47, 0.00930237 
4.471, 0.00929913 
4.472, 0.0092959 
4.473, 0.00929266 
4.474, 0.00928943 
4.475, 0.0092862 
4.476, 0.00928297 
4.477, 0.00927974 
4.478, 0.00927652 
4.479, 0.00927329 
4.48, 0.00927007 
4.481, 0.00926685 
4.482, 0.00926363 
4.483, 0.00926041 
4.484, 0.00925719 
4.485, 0.00925398 
4.486, 0.00925076 
4.487, 0.00924755 
4.488, 0.00924434 
4.489, 0.00924113 
4.49, 0.00923792 
4.491, 0.00923472 
4.492, 0.00923151 
4.493, 0.00922831 
4.494, 0.00922511 
4.495, 0.00922191 
4.496, 0.00921871 
4.497, 0.00921551 
4.498, 0.00921232 
4.499, 0.00920912 
4.5, 0.00920593 
4.501, 0.00920274 
4.502, 0.00919955 
4.503, 0.00919636 
4.504, 0.00919317 
4.505, 0.00918999 
4.506, 0.0091868 
4.507, 0.00918362 
4.508, 0.00918044 
4.509, 0.00917726 
4.51, 0.00917408 
4.511, 0.0091709 
4.512, 0.00916773 
4.513, 0.00916456 
4.514, 0.00916138 
4.515, 0.00915821 
4.516, 0.00915504 
4.517, 0.00915188 
4.518, 0.00914871 
4.519, 0.00914555 
4.52, 0.00914238 
4.521, 0.00913922 
4.522, 0.00913606 
4.523, 0.0091329 
4.524, 0.00912974 
4.525, 0.00912659 
4.526, 0.00912343 
4.527, 0.00912028 
4.528, 0.00911713 
4.529, 0.00911398 
4.53, 0.00911083 
4.531, 0.00910768 
4.532, 0.00910454 
4.533, 0.0091014 
4.534, 0.00909825 
4.535, 0.00909511 
4.536, 0.00909197 
4.537, 0.00908883 
4.538, 0.0090857 
4.539, 0.00908256 
4.54, 0.00907943 
4.541, 0.0090763 
4.542, 0.00907317 
4.543, 0.00907004 
4.544, 0.00906691 
4.545, 0.00906378 
4.546, 0.00906066 
4.547, 0.00905753 
4.548, 0.00905441 
4.549, 0.00905129 
4.55, 0.00904817 
4.551, 0.00904505 
4.552, 0.00904194 
4.553, 0.00903882 
4.554, 0.00903571 
4.555, 0.0090326 
4.556, 0.00902949 
4.557, 0.00902638 
4.558, 0.00902327 
4.559, 0.00902016 
4.56, 0.00901706 
4.561, 0.00901396 
4.562, 0.00901086 
4.563, 0.00900775 
4.564, 0.00900466 
4.565, 0.00900156 
4.566, 0.00899846 
4.567, 0.00899537 
4.568, 0.00899228 
4.569, 0.00898918 
4.57, 0.00898609 
4.571, 0.008983 
4.572, 0.00897992 
4.573, 0.00897683 
4.574, 0.00897375 
4.575, 0.00897066 
4.576, 0.00896758 
4.577, 0.0089645 
4.578, 0.00896142 
4.579, 0.00895835 
4.58, 0.00895527 
4.581, 0.0089522 
4.582, 0.00894912 
4.583, 0.00894605 
4.584, 0.00894298 
4.585, 0.00893991 
4.586, 0.00893685 
4.587, 0.00893378 
4.588, 0.00893072 
4.589, 0.00892765 
4.59, 0.00892459 
4.591, 0.00892153 
4.592, 0.00891847 
4.593, 0.00891542 
4.594, 0.00891236 
4.595, 0.00890931 
4.596, 0.00890625 
4.597, 0.0089032 
4.598, 0.00890015 
4.599, 0.0088971 
4.6, 0.00889406 
4.601, 0.00889101 
4.602, 0.00888797 
4.603, 0.00888492 
4.604, 0.00888188 
4.605, 0.00887884 
4.606, 0.0088758 
4.607, 0.00887276 
4.608, 0.00886973 
4.609, 0.00886669 
4.61, 0.00886366 
4.611, 0.00886063 
4.612, 0.0088576 
4.613, 0.00885457 
4.614, 0.00885154 
4.615, 0.00884852 
4.616, 0.00884549 
4.617, 0.00884247 
4.618, 0.00883945 
4.619, 0.00883643 
4.62, 0.00883341 
4.621, 0.00883039 
4.622, 0.00882737 
4.623, 0.00882436 
4.624, 0.00882135 
4.625, 0.00881833 
4.626, 0.00881532 
4.627, 0.00881231 
4.628, 0.00880931 
4.629, 0.0088063 
4.63, 0.0088033 
4.631, 0.00880029 
4.632, 0.00879729 
4.633, 0.00879429 
4.634, 0.00879129 
4.635, 0.00878829 
4.636, 0.0087853 
4.637, 0.0087823 
4.638, 0.00877931 
4.639, 0.00877631 
4.64, 0.00877332 
4.641, 0.00877033 
4.642, 0.00876735 
4.643, 0.00876436 
4.644, 0.00876137 
4.645, 0.00875839 
4.646, 0.00875541 
4.647, 0.00875242 
4.648, 0.00874944 
4.649, 0.00874647 
4.65, 0.00874349 
4.651, 0.00874051 
4.652, 0.00873754 
4.653, 0.00873457 
4.654, 0.00873159 
4.655, 0.00872862 
4.656, 0.00872566 
4.657, 0.00872269 
4.658, 0.00871972 
4.659, 0.00871676 
4.66, 0.00871379 
4.661, 0.00871083 
4.662, 0.00870787 
4.663, 0.00870491 
4.664, 0.00870195 
4.665, 0.008699 
4.666, 0.00869604 
4.667, 0.00869309 
4.668, 0.00869014 
4.669, 0.00868719 
4.67, 0.00868424 
4.671, 0.00868129 
4.672, 0.00867834 
4.673, 0.0086754 
4.674, 0.00867245 
4.675, 0.00866951 
4.676, 0.00866657 
4.677, 0.00866363 
4.678, 0.00866069 
4.679, 0.00865775 
4.68, 0.00865482 
4.681, 0.00865188 
4.682, 0.00864895 
4.683, 0.00864602 
4.684, 0.00864308 
4.685, 0.00864016 
4.686, 0.00863723 
4.687, 0.0086343 
4.688, 0.00863138 
4.689, 0.00862845 
4.69, 0.00862553 
4.691, 0.00862261 
4.692, 0.00861969 
4.693, 0.00861677 
4.694, 0.00861385 
4.695, 0.00861094 
4.696, 0.00860802 
4.697, 0.00860511 
4.698, 0.0086022 
4.699, 0.00859929 
4.7, 0.00859638 
4.701, 0.00859347 
4.702, 0.00859057 
4.703, 0.00858766 
4.704, 0.00858476 
4.705, 0.00858186 
4.706, 0.00857896 
4.707, 0.00857606 
4.708, 0.00857316 
4.709, 0.00857026 
4.71, 0.00856737 
4.711, 0.00856447 
4.712, 0.00856158 
4.713, 0.00855869 
4.714, 0.0085558 
4.715, 0.00855291 
4.716, 0.00855002 
4.717, 0.00854714 
4.718, 0.00854425 
4.719, 0.00854137 
4.72, 0.00853849 
4.721, 0.00853561 
4.722, 0.00853273 
4.723, 0.00852985 
4.724, 0.00852697 
4.725, 0.0085241 
4.726, 0.00852122 
4.727, 0.00851835 
4.728, 0.00851548 
4.729, 0.00851261 
4.73, 0.00850974 
4.731, 0.00850687 
4.732, 0.00850401 
4.733, 0.00850114 
4.734, 0.00849828 
4.735, 0.00849542 
4.736, 0.00849255 
4.737, 0.00848969 
4.738, 0.00848684 
4.739, 0.00848398 
4.74, 0.00848112 
4.741, 0.00847827 
4.742, 0.00847542 
4.743, 0.00847257 
4.744, 0.00846972 
4.745, 0.00846687 
4.746, 0.00846402 
4.747, 0.00846117 
4.748, 0.00845833 
4.749, 0.00845548 
4.75, 0.00845264 
4.751, 0.0084498 
4.752, 0.00844696 
4.753, 0.00844412 
4.754, 0.00844129 
4.755, 0.00843845 
4.756, 0.00843562 
4.757, 0.00843278 
4.758, 0.00842995 
4.759, 0.00842712 
4.76, 0.00842429 
4.761, 0.00842146 
4.762, 0.00841864 
4.763, 0.00841581 
4.764, 0.00841299 
4.765, 0.00841016 
4.766, 0.00840734 
4.767, 0.00840452 
4.768, 0.0084017 
4.769, 0.00839889 
4.77, 0.00839607 
4.771, 0.00839326 
4.772, 0.00839044 
4.773, 0.00838763 
4.774, 0.00838482 
4.775, 0.00838201 
4.776, 0.0083792 
4.777, 0.00837639 
4.778, 0.00837359 
4.779, 0.00837078 
4.78, 0.00836798 
4.781, 0.00836518 
4.782, 0.00836238 
4.783, 0.00835958 
4.784, 0.00835678 
4.785, 0.00835398 
4.786, 0.00835119 
4.787, 0.00834839 
4.788, 0.0083456 
4.789, 0.00834281 
4.79, 0.00834002 
4.791, 0.00833723 
4.792, 0.00833444 
4.793, 0.00833166 
4.794, 0.00832887 
4.795, 0.00832609 
4.796, 0.0083233 
4.797, 0.00832052 
4.798, 0.00831774 
4.799, 0.00831496 
4.8, 0.00831219 
4.801, 0.00830941 
4.802, 0.00830663 
4.803, 0.00830386 
4.804, 0.00830109 
4.805, 0.00829832 
4.806, 0.00829555 
4.807, 0.00829278 
4.808, 0.00829001 
4.809, 0.00828725 
4.81, 0.00828448 
4.811, 0.00828172 
4.812, 0.00827895 
4.813, 0.00827619 
4.814, 0.00827343 
4.815, 0.00827068 
4.816, 0.00826792 
4.817, 0.00826516 
4.818, 0.00826241 
4.819, 0.00825965 
4.82, 0.0082569 
4.821, 0.00825415 
4.822, 0.0082514 
4.823, 0.00824865 
4.824, 0.00824591 
4.825, 0.00824316 
4.826, 0.00824042 
4.827, 0.00823767 
4.828, 0.00823493 
4.829, 0.00823219 
4.83, 0.00822945 
4.831, 0.00822671 
4.832, 0.00822398 
4.833, 0.00822124 
4.834, 0.00821851 
4.835, 0.00821577 
4.836, 0.00821304 
4.837, 0.00821031 
4.838, 0.00820758 
4.839, 0.00820485 
4.84, 0.00820213 
4.841, 0.0081994 
4.842, 0.00819668 
4.843, 0.00819395 
4.844, 0.00819123 
4.845, 0.00818851 
4.846, 0.00818579 
4.847, 0.00818307 
4.848, 0.00818036 
4.849, 0.00817764 
4.85, 0.00817493 
4.851, 0.00817221 
4.852, 0.0081695 
4.853, 0.00816679 
4.854, 0.00816408 
4.855, 0.00816137 
4.856, 0.00815867 
4.857, 0.00815596 
4.858, 0.00815326 
4.859, 0.00815055 
4.86, 0.00814785 
4.861, 0.00814515 
4.862, 0.00814245 
4.863, 0.00813975 
4.864, 0.00813705 
4.865, 0.00813436 
4.866, 0.00813166 
4.867, 0.00812897 
4.868, 0.00812628 
4.869, 0.00812359 
4.87, 0.0081209 
4.871, 0.00811821 
4.872, 0.00811552 
4.873, 0.00811284 
4.874, 0.00811015 
4.875, 0.00810747 
4.876, 0.00810479 
4.877, 0.00810211 
4.878, 0.00809943 
4.879, 0.00809675 
4.88, 0.00809407 
4.881, 0.00809139 
4.882, 0.00808872 
4.883, 0.00808605 
4.884, 0.00808337 
4.885, 0.0080807 
4.886, 0.00807803 
4.887, 0.00807536 
4.888, 0.0080727 
4.889, 0.00807003 
4.89, 0.00806736 
4.891, 0.0080647 
4.892, 0.00806204 
4.893, 0.00805938 
4.894, 0.00805672 
4.895, 0.00805406 
4.896, 0.0080514 
4.897, 0.00804874 
4.898, 0.00804609 
4.899, 0.00804343 
4.9, 0.00804078 
4.901, 0.00803813 
4.902, 0.00803548 
4.903, 0.00803283 
4.904, 0.00803018 
4.905, 0.00802753 
4.906, 0.00802489 
4.907, 0.00802224 
4.908, 0.0080196 
4.909, 0.00801696 
4.91, 0.00801432 
4.911, 0.00801168 
4.912, 0.00800904 
4.913, 0.0080064 
4.914, 0.00800377 
4.915, 0.00800113 
4.916, 0.0079985 
4.917, 0.00799587 
4.918, 0.00799323 
4.919, 0.0079906 
4.92, 0.00798798 
4.921, 0.00798535 
4.922, 0.00798272 
4.923, 0.0079801 
4.924, 0.00797747 
4.925, 0.00797485 
4.926, 0.00797223 
4.927, 0.00796961 
4.928, 0.00796699 
4.929, 0.00796437 
4.93, 0.00796175 
4.931, 0.00795914 
4.932, 0.00795652 
4.933, 0.00795391 
4.934, 0.0079513 
4.935, 0.00794869 
4.936, 0.00794608 
4.937, 0.00794347 
4.938, 0.00794086 
4.939, 0.00793826 
4.94, 0.00793565 
4.941, 0.00793305 
4.942, 0.00793044 
4.943, 0.00792784 
4.944, 0.00792524 
4.945, 0.00792264 
4.946, 0.00792005 
4.947, 0.00791745 
4.948, 0.00791485 
4.949, 0.00791226 
4.95, 0.00790967 
4.951, 0.00790707 
4.952, 0.00790448 
4.953, 0.00790189 
4.954, 0.00789931 
4.955, 0.00789672 
4.956, 0.00789413 
4.957, 0.00789155 
4.958, 0.00788896 
4.959, 0.00788638 
4.96, 0.0078838 
4.961, 0.00788122 
4.962, 0.00787864 
4.963, 0.00787606 
4.964, 0.00787349 
4.965, 0.00787091 
4.966, 0.00786834 
4.967, 0.00786576 
4.968, 0.00786319 
4.969, 0.00786062 
4.97, 0.00785805 
4.971, 0.00785548 
4.972, 0.00785292 
4.973, 0.00785035 
4.974, 0.00784779 
4.975, 0.00784522 
4.976, 0.00784266 
4.977, 0.0078401 
4.978, 0.00783754 
4.979, 0.00783498 
4.98, 0.00783242 
4.981, 0.00782986 
4.982, 0.00782731 
4.983, 0.00782475 
4.984, 0.0078222 
4.985, 0.00781965 
4.986, 0.0078171 
4.987, 0.00781455 
4.988, 0.007812 
4.989, 0.00780945 
4.99, 0.00780691 
4.991, 0.00780436 
4.992, 0.00780182 
4.993, 0.00779927 
4.994, 0.00779673 
4.995, 0.00779419 
4.996, 0.00779165 
4.997, 0.00778911 
4.998, 0.00778658 
4.999, 0.00778404 
