0, -nan 
0.001, 0.125479 
0.002, 0.026683 
0.003, 0.00972245 
0.004, 0.0209318 
0.005, 0.248685 
0.006, 0.0244058 
0.007, 0.333816 
0.008, 0.0183363 
0.009, 0.297274 
0.01, 0.277335 
0.011, 0.0858798 
0.012, 0.00953618 
0.013, 0.105453 
0.014, 0.496926 
0.015, 0.519934 
0.016, 0.551019 
0.017, 0.486657 
0.018, 0.290485 
0.019, 0.245095 
0.02, 0.10356 
0.021, 0.0616873 
0.022, 0.0252946 
0.023, 0.0189752 
0.024, 0.0027836 
0.025, 0.0688034 
0.026, 0.15471 
0.027, 0.171775 
0.028, 0.188653 
0.029, 0.238325 
0.03, 0.326942 
0.031, 0.423304 
0.032, 0.418036 
0.033, 0.290047 
0.034, 0.352907 
0.035, 0.566632 
0.036, 0.37532 
0.037, 0.472994 
0.038, 0.548355 
0.039, 0.403149 
0.04, 0.609487 
0.041, 0.409282 
0.042, 0.591537 
0.043, 0.477939 
0.044, 0.483677 
0.045, 0.611635 
0.046, 0.367523 
0.047, 0.609199 
0.048, 0.50404 
0.049, 0.373471 
0.05, 0.604144 
0.051, 0.494611 
0.052, 0.338742 
0.053, 0.526012 
0.054, 0.557905 
0.055, 0.350049 
0.056, 0.356287 
0.057, 0.531587 
0.058, 0.503281 
0.059, 0.323126 
0.06, 0.30309 
0.061, 0.449231 
0.062, 0.506087 
0.063, 0.384544 
0.064, 0.257971 
0.065, 0.283304 
0.066, 0.405349 
0.067, 0.461259 
0.068, 0.385093 
0.069, 0.261447 
0.07, 0.211842 
0.071, 0.270131 
0.072, 0.366966 
0.073, 0.408947 
0.074, 0.360674 
0.075, 0.262545 
0.076, 0.186989 
0.077, 0.180892 
0.078, 0.237985 
0.079, 0.312103 
0.08, 0.352707 
0.081, 0.335567 
0.082, 0.272012 
0.083, 0.19683 
0.084, 0.146402 
0.085, 0.140505 
0.086, 0.175719 
0.087, 0.230762 
0.088, 0.27857 
0.089, 0.298411 
0.09, 0.283076 
0.091, 0.239465 
0.092, 0.183857 
0.093, 0.134763 
0.094, 0.106387 
0.095, 0.104724 
0.096, 0.126967 
0.097, 0.163669 
0.098, 0.202436 
0.099, 0.231757 
0.1, 0.243902 
0.101, 0.236325 
0.102, 0.211524 
0.103, 0.175727 
0.104, 0.136942 
0.105, 0.102963 
0.106, 0.0797598 
0.107, 0.0705296 
0.108, 0.0754568 
0.109, 0.092097 
0.11, 0.116182 
0.111, 0.142619 
0.112, 0.166463 
0.113, 0.183706 
0.114, 0.191787 
0.115, 0.189789 
0.116, 0.178359 
0.117, 0.15941 
0.118, 0.135691 
0.119, 0.110314 
0.12, 0.0862996 
0.121, 0.0662143 
0.122, 0.0519131 
0.123, 0.0444118 
0.124, 0.0438751 
0.125, 0.0497042 
0.126, 0.0606941 
0.127, 0.0752333 
0.128, 0.0915148 
0.129, 0.107737 
0.13, 0.122272 
0.131, 0.133798 
0.132, 0.141377 
0.133, 0.144495 
0.134, 0.143052 
0.135, 0.137326 
0.136, 0.127905 
0.137, 0.115604 
0.138, 0.101383 
0.139, 0.086255 
0.14, 0.0712119 
0.141, 0.0571555 
0.142, 0.0448481 
0.143, 0.0348775 
0.144, 0.0276386 
0.145, 0.0233301 
0.146, 0.0219633 
0.147, 0.023382 
0.148, 0.0272891 
0.149, 0.0332782 
0.15, 0.0408675 
0.151, 0.0495331 
0.152, 0.0587405 
0.153, 0.0679727 
0.154, 0.0767537 
0.155, 0.0846673 
0.156, 0.0913703 
0.157, 0.0966007 
0.158, 0.100181 
0.159, 0.102019 
0.16, 0.102099 
0.161, 0.100481 
0.162, 0.0972838 
0.163, 0.092681 
0.164, 0.0868846 
0.165, 0.0801346 
0.166, 0.0726878 
0.167, 0.0648062 
0.168, 0.0567477 
0.169, 0.0487576 
0.17, 0.0410612 
0.171, 0.0338587 
0.172, 0.0273206 
0.173, 0.0215856 
0.174, 0.016759 
0.175, 0.0129125 
0.176, 0.0100855 
0.177, 0.00828657 
0.178, 0.00749639 
0.179, 0.00767043 
0.18, 0.00874265 
0.181, 0.0106291 
0.182, 0.0132318 
0.183, 0.0164422 
0.184, 0.0201451 
0.185, 0.0242222 
0.186, 0.0285545 
0.187, 0.0330259 
0.188, 0.0375251 
0.189, 0.0419481 
0.19, 0.0461995 
0.191, 0.0501941 
0.192, 0.0538574 
0.193, 0.0571269 
0.194, 0.0599518 
0.195, 0.0622932 
0.196, 0.064124 
0.197, 0.0654283 
0.198, 0.0662007 
0.199, 0.0664457 
0.2, 0.0661766 
0.201, 0.0654148 
0.202, 0.0641885 
0.203, 0.0625319 
0.204, 0.0604838 
0.205, 0.0580869 
0.206, 0.0553868 
0.207, 0.0524308 
0.208, 0.049267 
0.209, 0.0459438 
0.21, 0.042509 
0.211, 0.039009 
0.212, 0.0354883 
0.213, 0.0319892 
0.214, 0.028551 
0.215, 0.02521 
0.216, 0.0219992 
0.217, 0.0189478 
0.218, 0.0160817 
0.219, 0.0134226 
0.22, 0.0109889 
0.221, 0.0087951 
0.222, 0.00685216 
0.223, 0.00516762 
0.224, 0.00374572 
0.225, 0.00258762 
0.226, 0.00169161 
0.227, 0.00105336 
0.228, 0.00066611 
0.229, 0.000520971 
0.23, 0.000607158 
0.231, 0.00091224 
0.232, 0.00142239 
0.233, 0.00212265 
0.234, 0.00299711 
0.235, 0.0040292 
0.236, 0.00520187 
0.237, 0.00649777 
0.238, 0.00789948 
0.239, 0.00938964 
0.24, 0.0109511 
0.241, 0.0125672 
0.242, 0.0142216 
0.243, 0.0158987 
0.244, 0.0175835 
0.245, 0.0192619 
0.246, 0.0209206 
0.247, 0.0225471 
0.248, 0.02413 
0.249, 0.0256587 
0.25, 0.0271238 
0.251, 0.0285167 
0.252, 0.0298298 
0.253, 0.0310567 
0.254, 0.0321917 
0.255, 0.0332302 
0.256, 0.0341685 
0.257, 0.0350037 
0.258, 0.0357339 
0.259, 0.0363578 
0.26, 0.0368749 
0.261, 0.0372857 
0.262, 0.0375909 
0.263, 0.0377921 
0.264, 0.0378914 
0.265, 0.0378913 
0.266, 0.0377951 
0.267, 0.0376061 
0.268, 0.0373282 
0.269, 0.0369655 
0.27, 0.0365224 
0.271, 0.0360036 
0.272, 0.035414 
0.273, 0.0347584 
0.274, 0.034042 
0.275, 0.0332699 
0.276, 0.0324472 
0.277, 0.0315792 
0.278, 0.030671 
0.279, 0.0297277 
0.28, 0.0287544 
0.281, 0.0277559 
0.282, 0.0267371 
0.283, 0.0257026 
0.284, 0.024657 
0.285, 0.0236045 
0.286, 0.0225495 
0.287, 0.0214958 
0.288, 0.0204473 
0.289, 0.0194075 
0.29, 0.0183799 
0.291, 0.0173675 
0.292, 0.0163734 
0.293, 0.0154002 
0.294, 0.0144506 
0.295, 0.0135267 
0.296, 0.0126308 
0.297, 0.0117648 
0.298, 0.0109302 
0.299, 0.0101286 
0.3, 0.00936127 
0.301, 0.00862937 
0.302, 0.0079338 
0.303, 0.00727532 
0.304, 0.0066545 
0.305, 0.00607178 
0.306, 0.00552742 
0.307, 0.00502156 
0.308, 0.00455418 
0.309, 0.00412515 
0.31, 0.0037342 
0.311, 0.00338097 
0.312, 0.00306496 
0.313, 0.00278562 
0.314, 0.00254226 
0.315, 0.00233413 
0.316, 0.00216042 
0.317, 0.00202024 
0.318, 0.00191261 
0.319, 0.00183655 
0.32, 0.00179099 
0.321, 0.00177483 
0.322, 0.00178694 
0.323, 0.00182617 
0.324, 0.00189132 
0.325, 0.00198118 
0.326, 0.00209455 
0.327, 0.00223019 
0.328, 0.00238686 
0.329, 0.00256334 
0.33, 0.0027584 
0.331, 0.00297081 
0.332, 0.00319936 
0.333, 0.00344284 
0.334, 0.00370009 
0.335, 0.00396993 
0.336, 0.00425123 
0.337, 0.00454285 
0.338, 0.00484373 
0.339, 0.00515278 
0.34, 0.00546897 
0.341, 0.0057913 
0.342, 0.0061188 
0.343, 0.00645052 
0.344, 0.00678555 
0.345, 0.00712303 
0.346, 0.00746212 
0.347, 0.007802 
0.348, 0.00814193 
0.349, 0.00848116 
0.35, 0.00881899 
0.351, 0.00915478 
0.352, 0.00948789 
0.353, 0.00981774 
0.354, 0.0101438 
0.355, 0.0104654 
0.356, 0.0107823 
0.357, 0.0110939 
0.358, 0.0113998 
0.359, 0.0116996 
0.36, 0.0119929 
0.361, 0.0122795 
0.362, 0.0125591 
0.363, 0.0128313 
0.364, 0.0130959 
0.365, 0.0133528 
0.366, 0.0136017 
0.367, 0.0138424 
0.368, 0.0140749 
0.369, 0.0142991 
0.37, 0.0145147 
0.371, 0.0147219 
0.372, 0.0149204 
0.373, 0.0151104 
0.374, 0.0152917 
0.375, 0.0154644 
0.376, 0.0156286 
0.377, 0.0157842 
0.378, 0.0159313 
0.379, 0.01607 
0.38, 0.0162004 
0.381, 0.0163226 
0.382, 0.0164366 
0.383, 0.0165426 
0.384, 0.0166408 
0.385, 0.0167312 
0.386, 0.016814 
0.387, 0.0168894 
0.388, 0.0169575 
0.389, 0.0170185 
0.39, 0.0170725 
0.391, 0.0171198 
0.392, 0.0171605 
0.393, 0.0171948 
0.394, 0.0172229 
0.395, 0.017245 
0.396, 0.0172613 
0.397, 0.0172719 
0.398, 0.0172771 
0.399, 0.0172771 
0.4, 0.0172721 
0.401, 0.0172623 
0.402, 0.0172478 
0.403, 0.0172289 
0.404, 0.0172057 
0.405, 0.0171785 
0.406, 0.0171475 
0.407, 0.0171127 
0.408, 0.0170746 
0.409, 0.0170331 
0.41, 0.0169886 
0.411, 0.0169411 
0.412, 0.0168909 
0.413, 0.0168381 
0.414, 0.0167829 
0.415, 0.0167255 
0.416, 0.016666 
0.417, 0.0166046 
0.418, 0.0165415 
0.419, 0.0164768 
0.42, 0.0164106 
0.421, 0.0163431 
0.422, 0.0162745 
0.423, 0.0162048 
0.424, 0.0161342 
0.425, 0.0160628 
0.426, 0.0159908 
0.427, 0.0159182 
0.428, 0.0158453 
0.429, 0.015772 
0.43, 0.0156985 
0.431, 0.0156249 
0.432, 0.0155512 
0.433, 0.0154777 
0.434, 0.0154043 
0.435, 0.0153312 
0.436, 0.0152584 
0.437, 0.015186 
0.438, 0.015114 
0.439, 0.0150426 
0.44, 0.0149718 
0.441, 0.0149017 
0.442, 0.0148323 
0.443, 0.0147637 
0.444, 0.0146959 
0.445, 0.0146289 
0.446, 0.0145629 
0.447, 0.0144978 
0.448, 0.0144336 
0.449, 0.0143705 
0.45, 0.0143085 
0.451, 0.0142475 
0.452, 0.0141875 
0.453, 0.0141287 
0.454, 0.014071 
0.455, 0.0140145 
0.456, 0.0139591 
0.457, 0.0139049 
0.458, 0.0138518 
0.459, 0.0137999 
0.46, 0.0137492 
0.461, 0.0136996 
0.462, 0.0136513 
0.463, 0.0136041 
0.464, 0.0135581 
0.465, 0.0135132 
0.466, 0.0134695 
0.467, 0.0134269 
0.468, 0.0133854 
0.469, 0.0133451 
0.47, 0.0133059 
0.471, 0.0132677 
0.472, 0.0132306 
0.473, 0.0131946 
0.474, 0.0131596 
0.475, 0.0131256 
0.476, 0.0130926 
0.477, 0.0130605 
0.478, 0.0130294 
0.479, 0.0129993 
0.48, 0.01297 
0.481, 0.0129415 
0.482, 0.012914 
0.483, 0.0128872 
0.484, 0.0128612 
0.485, 0.012836 
0.486, 0.0128115 
0.487, 0.0127877 
0.488, 0.0127646 
0.489, 0.0127422 
0.49, 0.0127203 
0.491, 0.0126991 
0.492, 0.0126784 
0.493, 0.0126582 
0.494, 0.0126386 
0.495, 0.0126194 
0.496, 0.0126007 
0.497, 0.0125824 
0.498, 0.0125645 
0.499, 0.0125469 
0.5, 0.0125297 
0.501, 0.0125128 
0.502, 0.0124961 
0.503, 0.0124797 
0.504, 0.0124636 
0.505, 0.0124476 
0.506, 0.0124318 
0.507, 0.0124161 
0.508, 0.0124006 
0.509, 0.0123851 
0.51, 0.0123697 
0.511, 0.0123543 
0.512, 0.012339 
0.513, 0.0123236 
0.514, 0.0123083 
0.515, 0.0122928 
0.516, 0.0122773 
0.517, 0.0122617 
0.518, 0.012246 
0.519, 0.0122301 
0.52, 0.0122141 
0.521, 0.0121978 
0.522, 0.0121814 
0.523, 0.0121648 
0.524, 0.0121479 
0.525, 0.0121308 
0.526, 0.0121134 
0.527, 0.0120957 
0.528, 0.0120778 
0.529, 0.0120595 
0.53, 0.0120408 
0.531, 0.0120218 
0.532, 0.0120025 
0.533, 0.0119828 
0.534, 0.0119627 
0.535, 0.0119422 
0.536, 0.0119213 
0.537, 0.0119 
0.538, 0.0118782 
0.539, 0.011856 
0.54, 0.0118334 
0.541, 0.0118103 
0.542, 0.0117867 
0.543, 0.0117626 
0.544, 0.0117381 
0.545, 0.0117131 
0.546, 0.0116876 
0.547, 0.0116616 
0.548, 0.0116351 
0.549, 0.0116081 
0.55, 0.0115806 
0.551, 0.0115526 
0.552, 0.011524 
0.553, 0.0114949 
0.554, 0.0114654 
0.555, 0.0114352 
0.556, 0.0114046 
0.557, 0.0113734 
0.558, 0.0113418 
0.559, 0.0113095 
0.56, 0.0112768 
0.561, 0.0112435 
0.562, 0.0112098 
0.563, 0.0111755 
0.564, 0.0111406 
0.565, 0.0111053 
0.566, 0.0110694 
0.567, 0.0110331 
0.568, 0.0109962 
0.569, 0.0109588 
0.57, 0.010921 
0.571, 0.0108826 
0.572, 0.0108438 
0.573, 0.0108044 
0.574, 0.0107646 
0.575, 0.0107243 
0.576, 0.0106836 
0.577, 0.0106424 
0.578, 0.0106007 
0.579, 0.0105586 
0.58, 0.010516 
0.581, 0.0104731 
0.582, 0.0104297 
0.583, 0.0103858 
0.584, 0.0103416 
0.585, 0.0102969 
0.586, 0.0102519 
0.587, 0.0102065 
0.588, 0.0101607 
0.589, 0.0101146 
0.59, 0.010068 
0.591, 0.0100212 
0.592, 0.00997396 
0.593, 0.00992642 
0.594, 0.00987857 
0.595, 0.0098304 
0.596, 0.00978193 
0.597, 0.00973317 
0.598, 0.00968413 
0.599, 0.00963481 
0.6, 0.00958524 
0.601, 0.00953541 
0.602, 0.00948535 
0.603, 0.00943506 
0.604, 0.00938454 
0.605, 0.00933382 
0.606, 0.0092829 
0.607, 0.00923179 
0.608, 0.00918051 
0.609, 0.00912906 
0.61, 0.00907746 
0.611, 0.00902571 
0.612, 0.00897383 
0.613, 0.00892182 
0.614, 0.00886971 
0.615, 0.0088175 
0.616, 0.00876519 
0.617, 0.00871281 
0.618, 0.00866036 
0.619, 0.00860785 
0.62, 0.0085553 
0.621, 0.00850271 
0.622, 0.0084501 
0.623, 0.00839748 
0.624, 0.00834485 
0.625, 0.00829223 
0.626, 0.00823964 
0.627, 0.00818707 
0.628, 0.00813454 
0.629, 0.00808206 
0.63, 0.00802964 
0.631, 0.0079773 
0.632, 0.00792504 
0.633, 0.00787287 
0.634, 0.00782081 
0.635, 0.00776886 
0.636, 0.00771703 
0.637, 0.00766533 
0.638, 0.00761378 
0.639, 0.00756239 
0.64, 0.00751116 
0.641, 0.0074601 
0.642, 0.00740922 
0.643, 0.00735854 
0.644, 0.00730806 
0.645, 0.00725779 
0.646, 0.00720774 
0.647, 0.00715792 
0.648, 0.00710835 
0.649, 0.00705902 
0.65, 0.00700995 
0.651, 0.00696114 
0.652, 0.00691261 
0.653, 0.00686437 
0.654, 0.00681642 
0.655, 0.00676877 
0.656, 0.00672142 
0.657, 0.0066744 
0.658, 0.0066277 
0.659, 0.00658134 
0.66, 0.00653532 
0.661, 0.00648964 
0.662, 0.00644433 
0.663, 0.00639938 
0.664, 0.0063548 
0.665, 0.0063106 
0.666, 0.00626679 
0.667, 0.00622338 
0.668, 0.00618036 
0.669, 0.00613776 
0.67, 0.00609557 
0.671, 0.0060538 
0.672, 0.00601246 
0.673, 0.00597155 
0.674, 0.00593108 
0.675, 0.00589107 
0.676, 0.0058515 
0.677, 0.0058124 
0.678, 0.00577376 
0.679, 0.00573559 
0.68, 0.0056979 
0.681, 0.00566069 
0.682, 0.00562397 
0.683, 0.00558774 
0.684, 0.00555202 
0.685, 0.00551679 
0.686, 0.00548207 
0.687, 0.00544787 
0.688, 0.00541418 
0.689, 0.00538102 
0.69, 0.00534838 
0.691, 0.00531627 
0.692, 0.0052847 
0.693, 0.00525367 
0.694, 0.00522319 
0.695, 0.00519325 
0.696, 0.00516386 
0.697, 0.00513503 
0.698, 0.00510676 
0.699, 0.00507905 
0.7, 0.0050519 
0.701, 0.00502533 
0.702, 0.00499933 
0.703, 0.0049739 
0.704, 0.00494905 
0.705, 0.00492478 
0.706, 0.0049011 
0.707, 0.004878 
0.708, 0.00485549 
0.709, 0.00483358 
0.71, 0.00481225 
0.711, 0.00479153 
0.712, 0.0047714 
0.713, 0.00475187 
0.714, 0.00473295 
0.715, 0.00471463 
0.716, 0.00469692 
0.717, 0.00467981 
0.718, 0.00466331 
0.719, 0.00464743 
0.72, 0.00463215 
0.721, 0.00461749 
0.722, 0.00460345 
0.723, 0.00459002 
0.724, 0.0045772 
0.725, 0.00456501 
0.726, 0.00455343 
0.727, 0.00454247 
0.728, 0.00453214 
0.729, 0.00452242 
0.73, 0.00451333 
0.731, 0.00450485 
0.732, 0.004497 
0.733, 0.00448977 
0.734, 0.00448317 
0.735, 0.00447718 
0.736, 0.00447182 
0.737, 0.00446708 
0.738, 0.00446297 
0.739, 0.00445948 
0.74, 0.00445661 
0.741, 0.00445436 
0.742, 0.00445273 
0.743, 0.00445172 
0.744, 0.00445134 
0.745, 0.00445157 
0.746, 0.00445242 
0.747, 0.0044539 
0.748, 0.00445598 
0.749, 0.00445869 
0.75, 0.00446201 
0.751, 0.00446595 
0.752, 0.0044705 
0.753, 0.00447566 
0.754, 0.00448144 
0.755, 0.00448782 
0.756, 0.00449482 
0.757, 0.00450242 
0.758, 0.00451063 
0.759, 0.00451944 
0.76, 0.00452886 
0.761, 0.00453888 
0.762, 0.0045495 
0.763, 0.00456071 
0.764, 0.00457253 
0.765, 0.00458493 
0.766, 0.00459794 
0.767, 0.00461153 
0.768, 0.00462571 
0.769, 0.00464048 
0.77, 0.00465584 
0.771, 0.00467178 
0.772, 0.0046883 
0.773, 0.0047054 
0.774, 0.00472307 
0.775, 0.00474133 
0.776, 0.00476015 
0.777, 0.00477954 
0.778, 0.00479951 
0.779, 0.00482003 
0.78, 0.00484113 
0.781, 0.00486278 
0.782, 0.00488499 
0.783, 0.00490775 
0.784, 0.00493107 
0.785, 0.00495494 
0.786, 0.00497936 
0.787, 0.00500432 
0.788, 0.00502983 
0.789, 0.00505587 
0.79, 0.00508246 
0.791, 0.00510957 
0.792, 0.00513722 
0.793, 0.0051654 
0.794, 0.00519411 
0.795, 0.00522333 
0.796, 0.00525308 
0.797, 0.00528335 
0.798, 0.00531413 
0.799, 0.00534542 
0.8, 0.00537722 
0.801, 0.00540952 
0.802, 0.00544233 
0.803, 0.00547563 
0.804, 0.00550944 
0.805, 0.00554373 
0.806, 0.00557852 
0.807, 0.00561379 
0.808, 0.00564955 
0.809, 0.00568579 
0.81, 0.00572251 
0.811, 0.0057597 
0.812, 0.00579736 
0.813, 0.00583549 
0.814, 0.00587408 
0.815, 0.00591314 
0.816, 0.00595265 
0.817, 0.00599262 
0.818, 0.00603304 
0.819, 0.00607391 
0.82, 0.00611522 
0.821, 0.00615698 
0.822, 0.00619917 
0.823, 0.0062418 
0.824, 0.00628486 
0.825, 0.00632835 
0.826, 0.00637226 
0.827, 0.0064166 
0.828, 0.00646135 
0.829, 0.00650652 
0.83, 0.0065521 
0.831, 0.00659809 
0.832, 0.00664448 
0.833, 0.00669128 
0.834, 0.00673847 
0.835, 0.00678606 
0.836, 0.00683404 
0.837, 0.0068824 
0.838, 0.00693116 
0.839, 0.00698029 
0.84, 0.0070298 
0.841, 0.00707968 
0.842, 0.00712993 
0.843, 0.00718056 
0.844, 0.00723154 
0.845, 0.00728289 
0.846, 0.00733459 
0.847, 0.00738665 
0.848, 0.00743905 
0.849, 0.00749181 
0.85, 0.0075449 
0.851, 0.00759834 
0.852, 0.00765211 
0.853, 0.00770622 
0.854, 0.00776065 
0.855, 0.00781542 
0.856, 0.0078705 
0.857, 0.00792591 
0.858, 0.00798163 
0.859, 0.00803766 
0.86, 0.008094 
0.861, 0.00815065 
0.862, 0.00820761 
0.863, 0.00826486 
0.864, 0.00832241 
0.865, 0.00838025 
0.866, 0.00843837 
0.867, 0.00849679 
0.868, 0.00855549 
0.869, 0.00861447 
0.87, 0.00867372 
0.871, 0.00873325 
0.872, 0.00879304 
0.873, 0.0088531 
0.874, 0.00891343 
0.875, 0.00897401 
0.876, 0.00903485 
0.877, 0.00909595 
0.878, 0.00915729 
0.879, 0.00921888 
0.88, 0.00928071 
0.881, 0.00934279 
0.882, 0.0094051 
0.883, 0.00946764 
0.884, 0.00953042 
0.885, 0.00959342 
0.886, 0.00965665 
0.887, 0.0097201 
0.888, 0.00978376 
0.889, 0.00984764 
0.89, 0.00991174 
0.891, 0.00997604 
0.892, 0.0100405 
0.893, 0.0101053 
0.894, 0.0101702 
0.895, 0.0102353 
0.896, 0.0103006 
0.897, 0.0103661 
0.898, 0.0104317 
0.899, 0.0104976 
0.9, 0.0105636 
0.901, 0.0106299 
0.902, 0.0106963 
0.903, 0.0107628 
0.904, 0.0108296 
0.905, 0.0108965 
0.906, 0.0109635 
0.907, 0.0110308 
0.908, 0.0110981 
0.909, 0.0111657 
0.91, 0.0112334 
0.911, 0.0113012 
0.912, 0.0113692 
0.913, 0.0114373 
0.914, 0.0115056 
0.915, 0.011574 
0.916, 0.0116426 
0.917, 0.0117113 
0.918, 0.0117801 
0.919, 0.011849 
0.92, 0.0119181 
0.921, 0.0119872 
0.922, 0.0120565 
0.923, 0.0121259 
0.924, 0.0121955 
0.925, 0.0122651 
0.926, 0.0123349 
0.927, 0.0124047 
0.928, 0.0124747 
0.929, 0.0125447 
0.93, 0.0126149 
0.931, 0.0126851 
0.932, 0.0127555 
0.933, 0.0128259 
0.934, 0.0128964 
0.935, 0.012967 
0.936, 0.0130377 
0.937, 0.0131085 
0.938, 0.0131793 
0.939, 0.0132502 
0.94, 0.0133212 
0.941, 0.0133923 
0.942, 0.0134634 
0.943, 0.0135346 
0.944, 0.0136059 
0.945, 0.0136772 
0.946, 0.0137486 
0.947, 0.01382 
0.948, 0.0138915 
0.949, 0.0139631 
0.95, 0.0140346 
0.951, 0.0141063 
0.952, 0.014178 
0.953, 0.0142497 
0.954, 0.0143215 
0.955, 0.0143933 
0.956, 0.0144651 
0.957, 0.014537 
0.958, 0.0146089 
0.959, 0.0146808 
0.96, 0.0147528 
0.961, 0.0148248 
0.962, 0.0148968 
0.963, 0.0149688 
0.964, 0.0150408 
0.965, 0.0151129 
0.966, 0.015185 
0.967, 0.0152571 
0.968, 0.0153292 
0.969, 0.0154013 
0.97, 0.0154734 
0.971, 0.0155455 
0.972, 0.0156177 
0.973, 0.0156898 
0.974, 0.0157619 
0.975, 0.015834 
0.976, 0.0159062 
0.977, 0.0159783 
0.978, 0.0160504 
0.979, 0.0161225 
0.98, 0.0161946 
0.981, 0.0162666 
0.982, 0.0163387 
0.983, 0.0164107 
0.984, 0.0164827 
0.985, 0.0165547 
0.986, 0.0166267 
0.987, 0.0166986 
0.988, 0.0167706 
0.989, 0.0168424 
0.99, 0.0169143 
0.991, 0.0169861 
0.992, 0.0170579 
0.993, 0.0171297 
0.994, 0.0172014 
0.995, 0.0172731 
0.996, 0.0173447 
0.997, 0.0174164 
0.998, 0.0174879 
0.999, 0.0175594 
1, 0.0176309 
1.001, 0.0177023 
1.002, 0.0177737 
1.003, 0.017845 
1.004, 0.0179163 
1.005, 0.0179875 
1.006, 0.0180587 
1.007, 0.0181298 
1.008, 0.0182008 
1.009, 0.0182718 
1.01, 0.0183428 
1.011, 0.0184136 
1.012, 0.0184844 
1.013, 0.0185552 
1.014, 0.0186258 
1.015, 0.0186964 
1.016, 0.018767 
1.017, 0.0188374 
1.018, 0.0189078 
1.019, 0.0189782 
1.02, 0.0190484 
1.021, 0.0191186 
1.022, 0.0191887 
1.023, 0.0192587 
1.024, 0.0193286 
1.025, 0.0193985 
1.026, 0.0194682 
1.027, 0.0195379 
1.028, 0.0196075 
1.029, 0.019677 
1.03, 0.0197465 
1.031, 0.0198158 
1.032, 0.0198851 
1.033, 0.0199542 
1.034, 0.0200233 
1.035, 0.0200923 
1.036, 0.0201612 
1.037, 0.0202299 
1.038, 0.0202986 
1.039, 0.0203672 
1.04, 0.0204357 
1.041, 0.0205041 
1.042, 0.0205724 
1.043, 0.0206406 
1.044, 0.0207087 
1.045, 0.0207767 
1.046, 0.0208446 
1.047, 0.0209124 
1.048, 0.0209801 
1.049, 0.0210477 
1.05, 0.0211151 
1.051, 0.0211825 
1.052, 0.0212497 
1.053, 0.0213169 
1.054, 0.0213839 
1.055, 0.0214508 
1.056, 0.0215176 
1.057, 0.0215843 
1.058, 0.0216509 
1.059, 0.0217173 
1.06, 0.0217836 
1.061, 0.0218499 
1.062, 0.021916 
1.063, 0.0219819 
1.064, 0.0220478 
1.065, 0.0221135 
1.066, 0.0221791 
1.067, 0.0222446 
1.068, 0.02231 
1.069, 0.0223753 
1.07, 0.0224404 
1.071, 0.0225054 
1.072, 0.0225702 
1.073, 0.022635 
1.074, 0.0226996 
1.075, 0.0227641 
1.076, 0.0228284 
1.077, 0.0228927 
1.078, 0.0229568 
1.079, 0.0230207 
1.08, 0.0230846 
1.081, 0.0231483 
1.082, 0.0232118 
1.083, 0.0232753 
1.084, 0.0233386 
1.085, 0.0234017 
1.086, 0.0234648 
1.087, 0.0235277 
1.088, 0.0235904 
1.089, 0.023653 
1.09, 0.0237155 
1.091, 0.0237779 
1.092, 0.0238401 
1.093, 0.0239021 
1.094, 0.023964 
1.095, 0.0240258 
1.096, 0.0240875 
1.097, 0.024149 
1.098, 0.0242103 
1.099, 0.0242715 
1.1, 0.0243326 
1.101, 0.0243935 
1.102, 0.0244543 
1.103, 0.024515 
1.104, 0.0245755 
1.105, 0.0246358 
1.106, 0.024696 
1.107, 0.0247561 
1.108, 0.024816 
1.109, 0.0248757 
1.11, 0.0249353 
1.111, 0.0249948 
1.112, 0.0250541 
1.113, 0.0251133 
1.114, 0.0251723 
1.115, 0.0252312 
1.116, 0.0252899 
1.117, 0.0253485 
1.118, 0.0254069 
1.119, 0.0254652 
1.12, 0.0255233 
1.121, 0.0255812 
1.122, 0.025639 
1.123, 0.0256967 
1.124, 0.0257542 
1.125, 0.0258116 
1.126, 0.0258688 
1.127, 0.0259258 
1.128, 0.0259827 
1.129, 0.0260394 
1.13, 0.026096 
1.131, 0.0261524 
1.132, 0.0262087 
1.133, 0.0262648 
1.134, 0.0263208 
1.135, 0.0263766 
1.136, 0.0264322 
1.137, 0.0264877 
1.138, 0.0265431 
1.139, 0.0265983 
1.14, 0.0266533 
1.141, 0.0267081 
1.142, 0.0267628 
1.143, 0.0268174 
1.144, 0.0268718 
1.145, 0.026926 
1.146, 0.0269801 
1.147, 0.027034 
1.148, 0.0270878 
1.149, 0.0271414 
1.15, 0.0271948 
1.151, 0.0272481 
1.152, 0.0273012 
1.153, 0.0273542 
1.154, 0.027407 
1.155, 0.0274596 
1.156, 0.0275121 
1.157, 0.0275644 
1.158, 0.0276166 
1.159, 0.0276686 
1.16, 0.0277204 
1.161, 0.0277721 
1.162, 0.0278236 
1.163, 0.027875 
1.164, 0.0279262 
1.165, 0.0279772 
1.166, 0.0280281 
1.167, 0.0280788 
1.168, 0.0281294 
1.169, 0.0281798 
1.17, 0.02823 
1.171, 0.0282801 
1.172, 0.02833 
1.173, 0.0283797 
1.174, 0.0284293 
1.175, 0.0284787 
1.176, 0.028528 
1.177, 0.0285771 
1.178, 0.0286261 
1.179, 0.0286748 
1.18, 0.0287235 
1.181, 0.0287719 
1.182, 0.0288202 
1.183, 0.0288683 
1.184, 0.0289163 
1.185, 0.0289641 
1.186, 0.0290118 
1.187, 0.0290592 
1.188, 0.0291066 
1.189, 0.0291537 
1.19, 0.0292007 
1.191, 0.0292476 
1.192, 0.0292942 
1.193, 0.0293408 
1.194, 0.0293871 
1.195, 0.0294333 
1.196, 0.0294793 
1.197, 0.0295252 
1.198, 0.0295709 
1.199, 0.0296165 
1.2, 0.0296618 
1.201, 0.0297071 
1.202, 0.0297521 
1.203, 0.029797 
1.204, 0.0298418 
1.205, 0.0298863 
1.206, 0.0299308 
1.207, 0.029975 
1.208, 0.0300191 
1.209, 0.030063 
1.21, 0.0301068 
1.211, 0.0301504 
1.212, 0.0301939 
1.213, 0.0302372 
1.214, 0.0302803 
1.215, 0.0303233 
1.216, 0.0303661 
1.217, 0.0304087 
1.218, 0.0304512 
1.219, 0.0304936 
1.22, 0.0305357 
1.221, 0.0305777 
1.222, 0.0306196 
1.223, 0.0306613 
1.224, 0.0307028 
1.225, 0.0307442 
1.226, 0.0307854 
1.227, 0.0308265 
1.228, 0.0308674 
1.229, 0.0309081 
1.23, 0.0309487 
1.231, 0.0309891 
1.232, 0.0310294 
1.233, 0.0310695 
1.234, 0.0311094 
1.235, 0.0311492 
1.236, 0.0311888 
1.237, 0.0312283 
1.238, 0.0312676 
1.239, 0.0313068 
1.24, 0.0313458 
1.241, 0.0313846 
1.242, 0.0314233 
1.243, 0.0314619 
1.244, 0.0315002 
1.245, 0.0315385 
1.246, 0.0315765 
1.247, 0.0316144 
1.248, 0.0316522 
1.249, 0.0316898 
1.25, 0.0317272 
1.251, 0.0317645 
1.252, 0.0318016 
1.253, 0.0318386 
1.254, 0.0318754 
1.255, 0.0319121 
1.256, 0.0319486 
1.257, 0.031985 
1.258, 0.0320212 
1.259, 0.0320573 
1.26, 0.0320932 
1.261, 0.0321289 
1.262, 0.0321645 
1.263, 0.0321999 
1.264, 0.0322352 
1.265, 0.0322704 
1.266, 0.0323053 
1.267, 0.0323402 
1.268, 0.0323749 
1.269, 0.0324094 
1.27, 0.0324438 
1.271, 0.032478 
1.272, 0.0325121 
1.273, 0.032546 
1.274, 0.0325798 
1.275, 0.0326134 
1.276, 0.0326469 
1.277, 0.0326802 
1.278, 0.0327134 
1.279, 0.0327464 
1.28, 0.0327793 
1.281, 0.032812 
1.282, 0.0328446 
1.283, 0.032877 
1.284, 0.0329093 
1.285, 0.0329415 
1.286, 0.0329734 
1.287, 0.0330053 
1.288, 0.033037 
1.289, 0.0330685 
1.29, 0.0330999 
1.291, 0.0331312 
1.292, 0.0331623 
1.293, 0.0331933 
1.294, 0.0332241 
1.295, 0.0332548 
1.296, 0.0332853 
1.297, 0.0333157 
1.298, 0.0333459 
1.299, 0.033376 
1.3, 0.033406 
1.301, 0.0334358 
1.302, 0.0334654 
1.303, 0.0334949 
1.304, 0.0335243 
1.305, 0.0335536 
1.306, 0.0335826 
1.307, 0.0336116 
1.308, 0.0336404 
1.309, 0.0336691 
1.31, 0.0336976 
1.311, 0.033726 
1.312, 0.0337542 
1.313, 0.0337823 
1.314, 0.0338103 
1.315, 0.0338381 
1.316, 0.0338658 
1.317, 0.0338933 
1.318, 0.0339207 
1.319, 0.033948 
1.32, 0.0339751 
1.321, 0.0340021 
1.322, 0.034029 
1.323, 0.0340557 
1.324, 0.0340822 
1.325, 0.0341087 
1.326, 0.034135 
1.327, 0.0341611 
1.328, 0.0341872 
1.329, 0.034213 
1.33, 0.0342388 
1.331, 0.0342644 
1.332, 0.0342899 
1.333, 0.0343152 
1.334, 0.0343405 
1.335, 0.0343655 
1.336, 0.0343905 
1.337, 0.0344153 
1.338, 0.03444 
1.339, 0.0344645 
1.34, 0.0344889 
1.341, 0.0345132 
1.342, 0.0345373 
1.343, 0.0345613 
1.344, 0.0345852 
1.345, 0.034609 
1.346, 0.0346326 
1.347, 0.0346561 
1.348, 0.0346794 
1.349, 0.0347026 
1.35, 0.0347257 
1.351, 0.0347487 
1.352, 0.0347715 
1.353, 0.0347942 
1.354, 0.0348168 
1.355, 0.0348392 
1.356, 0.0348616 
1.357, 0.0348838 
1.358, 0.0349058 
1.359, 0.0349278 
1.36, 0.0349496 
1.361, 0.0349712 
1.362, 0.0349928 
1.363, 0.0350142 
1.364, 0.0350355 
1.365, 0.0350567 
1.366, 0.0350777 
1.367, 0.0350987 
1.368, 0.0351195 
1.369, 0.0351401 
1.37, 0.0351607 
1.371, 0.0351811 
1.372, 0.0352014 
1.373, 0.0352216 
1.374, 0.0352416 
1.375, 0.0352616 
1.376, 0.0352814 
1.377, 0.0353011 
1.378, 0.0353206 
1.379, 0.0353401 
1.38, 0.0353594 
1.381, 0.0353786 
1.382, 0.0353977 
1.383, 0.0354166 
1.384, 0.0354355 
1.385, 0.0354542 
1.386, 0.0354728 
1.387, 0.0354913 
1.388, 0.0355096 
1.389, 0.0355279 
1.39, 0.035546 
1.391, 0.035564 
1.392, 0.0355819 
1.393, 0.0355997 
1.394, 0.0356173 
1.395, 0.0356348 
1.396, 0.0356523 
1.397, 0.0356696 
1.398, 0.0356867 
1.399, 0.0357038 
1.4, 0.0357208 
1.401, 0.0357376 
1.402, 0.0357543 
1.403, 0.0357709 
1.404, 0.0357874 
1.405, 0.0358038 
1.406, 0.0358201 
1.407, 0.0358362 
1.408, 0.0358523 
1.409, 0.0358682 
1.41, 0.035884 
1.411, 0.0358997 
1.412, 0.0359153 
1.413, 0.0359308 
1.414, 0.0359462 
1.415, 0.0359614 
1.416, 0.0359766 
1.417, 0.0359916 
1.418, 0.0360065 
1.419, 0.0360214 
1.42, 0.0360361 
1.421, 0.0360507 
1.422, 0.0360651 
1.423, 0.0360795 
1.424, 0.0360938 
1.425, 0.036108 
1.426, 0.036122 
1.427, 0.036136 
1.428, 0.0361498 
1.429, 0.0361635 
1.43, 0.0361772 
1.431, 0.0361907 
1.432, 0.0362041 
1.433, 0.0362174 
1.434, 0.0362306 
1.435, 0.0362437 
1.436, 0.0362567 
1.437, 0.0362696 
1.438, 0.0362824 
1.439, 0.0362951 
1.44, 0.0363076 
1.441, 0.0363201 
1.442, 0.0363325 
1.443, 0.0363447 
1.444, 0.0363569 
1.445, 0.036369 
1.446, 0.0363809 
1.447, 0.0363928 
1.448, 0.0364045 
1.449, 0.0364162 
1.45, 0.0364277 
1.451, 0.0364392 
1.452, 0.0364506 
1.453, 0.0364618 
1.454, 0.036473 
1.455, 0.036484 
1.456, 0.036495 
1.457, 0.0365058 
1.458, 0.0365166 
1.459, 0.0365272 
1.46, 0.0365378 
1.461, 0.0365483 
1.462, 0.0365586 
1.463, 0.0365689 
1.464, 0.0365791 
1.465, 0.0365891 
1.466, 0.0365991 
1.467, 0.036609 
1.468, 0.0366188 
1.469, 0.0366285 
1.47, 0.0366381 
1.471, 0.0366476 
1.472, 0.036657 
1.473, 0.0366663 
1.474, 0.0366755 
1.475, 0.0366846 
1.476, 0.0366937 
1.477, 0.0367026 
1.478, 0.0367115 
1.479, 0.0367202 
1.48, 0.0367289 
1.481, 0.0367374 
1.482, 0.0367459 
1.483, 0.0367543 
1.484, 0.0367626 
1.485, 0.0367708 
1.486, 0.0367789 
1.487, 0.0367869 
1.488, 0.0367949 
1.489, 0.0368027 
1.49, 0.0368104 
1.491, 0.0368181 
1.492, 0.0368257 
1.493, 0.0368332 
1.494, 0.0368406 
1.495, 0.0368479 
1.496, 0.0368551 
1.497, 0.0368622 
1.498, 0.0368693 
1.499, 0.0368762 
1.5, 0.0368831 
1.501, 0.0368899 
1.502, 0.0368966 
1.503, 0.0369032 
1.504, 0.0369097 
1.505, 0.0369161 
1.506, 0.0369225 
1.507, 0.0369288 
1.508, 0.0369349 
1.509, 0.036941 
1.51, 0.036947 
1.511, 0.036953 
1.512, 0.0369588 
1.513, 0.0369646 
1.514, 0.0369703 
1.515, 0.0369759 
1.516, 0.0369814 
1.517, 0.0369868 
1.518, 0.0369921 
1.519, 0.0369974 
1.52, 0.0370026 
1.521, 0.0370077 
1.522, 0.0370127 
1.523, 0.0370177 
1.524, 0.0370225 
1.525, 0.0370273 
1.526, 0.037032 
1.527, 0.0370366 
1.528, 0.0370412 
1.529, 0.0370456 
1.53, 0.03705 
1.531, 0.0370543 
1.532, 0.0370585 
1.533, 0.0370627 
1.534, 0.0370668 
1.535, 0.0370707 
1.536, 0.0370747 
1.537, 0.0370785 
1.538, 0.0370822 
1.539, 0.0370859 
1.54, 0.0370895 
1.541, 0.0370931 
1.542, 0.0370965 
1.543, 0.0370999 
1.544, 0.0371032 
1.545, 0.0371064 
1.546, 0.0371096 
1.547, 0.0371126 
1.548, 0.0371156 
1.549, 0.0371186 
1.55, 0.0371214 
1.551, 0.0371242 
1.552, 0.0371269 
1.553, 0.0371295 
1.554, 0.0371321 
1.555, 0.0371346 
1.556, 0.037137 
1.557, 0.0371393 
1.558, 0.0371416 
1.559, 0.0371438 
1.56, 0.0371459 
1.561, 0.0371479 
1.562, 0.0371499 
1.563, 0.0371518 
1.564, 0.0371537 
1.565, 0.0371554 
1.566, 0.0371571 
1.567, 0.0371588 
1.568, 0.0371603 
1.569, 0.0371618 
1.57, 0.0371632 
1.571, 0.0371646 
1.572, 0.0371659 
1.573, 0.0371671 
1.574, 0.0371682 
1.575, 0.0371693 
1.576, 0.0371703 
1.577, 0.0371712 
1.578, 0.0371721 
1.579, 0.0371729 
1.58, 0.0371736 
1.581, 0.0371743 
1.582, 0.0371749 
1.583, 0.0371755 
1.584, 0.0371759 
1.585, 0.0371763 
1.586, 0.0371767 
1.587, 0.037177 
1.588, 0.0371772 
1.589, 0.0371773 
1.59, 0.0371774 
1.591, 0.0371774 
1.592, 0.0371773 
1.593, 0.0371772 
1.594, 0.0371771 
1.595, 0.0371768 
1.596, 0.0371765 
1.597, 0.0371761 
1.598, 0.0371757 
1.599, 0.0371752 
1.6, 0.0371747 
1.601, 0.037174 
1.602, 0.0371734 
1.603, 0.0371726 
1.604, 0.0371718 
1.605, 0.0371709 
1.606, 0.03717 
1.607, 0.037169 
1.608, 0.037168 
1.609, 0.0371669 
1.61, 0.0371657 
1.611, 0.0371645 
1.612, 0.0371632 
1.613, 0.0371618 
1.614, 0.0371604 
1.615, 0.0371589 
1.616, 0.0371574 
1.617, 0.0371558 
1.618, 0.0371542 
1.619, 0.0371525 
1.62, 0.0371507 
1.621, 0.0371489 
1.622, 0.037147 
1.623, 0.0371451 
1.624, 0.0371431 
1.625, 0.037141 
1.626, 0.0371389 
1.627, 0.0371367 
1.628, 0.0371345 
1.629, 0.0371322 
1.63, 0.0371299 
1.631, 0.0371275 
1.632, 0.037125 
1.633, 0.0371225 
1.634, 0.03712 
1.635, 0.0371174 
1.636, 0.0371147 
1.637, 0.037112 
1.638, 0.0371092 
1.639, 0.0371064 
1.64, 0.0371035 
1.641, 0.0371005 
1.642, 0.0370975 
1.643, 0.0370945 
1.644, 0.0370914 
1.645, 0.0370882 
1.646, 0.037085 
1.647, 0.0370818 
1.648, 0.0370784 
1.649, 0.0370751 
1.65, 0.0370716 
1.651, 0.0370682 
1.652, 0.0370647 
1.653, 0.0370611 
1.654, 0.0370574 
1.655, 0.0370538 
1.656, 0.03705 
1.657, 0.0370463 
1.658, 0.0370424 
1.659, 0.0370385 
1.66, 0.0370346 
1.661, 0.0370306 
1.662, 0.0370266 
1.663, 0.0370225 
1.664, 0.0370184 
1.665, 0.0370142 
1.666, 0.03701 
1.667, 0.0370057 
1.668, 0.0370014 
1.669, 0.036997 
1.67, 0.0369925 
1.671, 0.0369881 
1.672, 0.0369835 
1.673, 0.036979 
1.674, 0.0369744 
1.675, 0.0369697 
1.676, 0.036965 
1.677, 0.0369602 
1.678, 0.0369554 
1.679, 0.0369505 
1.68, 0.0369456 
1.681, 0.0369407 
1.682, 0.0369357 
1.683, 0.0369307 
1.684, 0.0369256 
1.685, 0.0369204 
1.686, 0.0369153 
1.687, 0.03691 
1.688, 0.0369048 
1.689, 0.0368994 
1.69, 0.0368941 
1.691, 0.0368887 
1.692, 0.0368832 
1.693, 0.0368777 
1.694, 0.0368722 
1.695, 0.0368666 
1.696, 0.036861 
1.697, 0.0368553 
1.698, 0.0368496 
1.699, 0.0368438 
1.7, 0.036838 
1.701, 0.0368322 
1.702, 0.0368263 
1.703, 0.0368204 
1.704, 0.0368144 
1.705, 0.0368084 
1.706, 0.0368023 
1.707, 0.0367962 
1.708, 0.0367901 
1.709, 0.0367839 
1.71, 0.0367777 
1.711, 0.0367714 
1.712, 0.0367651 
1.713, 0.0367587 
1.714, 0.0367524 
1.715, 0.0367459 
1.716, 0.0367394 
1.717, 0.0367329 
1.718, 0.0367264 
1.719, 0.0367198 
1.72, 0.0367132 
1.721, 0.0367065 
1.722, 0.0366998 
1.723, 0.036693 
1.724, 0.0366862 
1.725, 0.0366794 
1.726, 0.0366725 
1.727, 0.0366656 
1.728, 0.0366587 
1.729, 0.0366517 
1.73, 0.0366447 
1.731, 0.0366376 
1.732, 0.0366305 
1.733, 0.0366234 
1.734, 0.0366162 
1.735, 0.036609 
1.736, 0.0366017 
1.737, 0.0365944 
1.738, 0.0365871 
1.739, 0.0365797 
1.74, 0.0365723 
1.741, 0.0365649 
1.742, 0.0365574 
1.743, 0.0365499 
1.744, 0.0365424 
1.745, 0.0365348 
1.746, 0.0365272 
1.747, 0.0365195 
1.748, 0.0365118 
1.749, 0.0365041 
1.75, 0.0364963 
1.751, 0.0364885 
1.752, 0.0364807 
1.753, 0.0364728 
1.754, 0.0364649 
1.755, 0.036457 
1.756, 0.036449 
1.757, 0.036441 
1.758, 0.036433 
1.759, 0.0364249 
1.76, 0.0364168 
1.761, 0.0364086 
1.762, 0.0364005 
1.763, 0.0363923 
1.764, 0.036384 
1.765, 0.0363757 
1.766, 0.0363674 
1.767, 0.0363591 
1.768, 0.0363507 
1.769, 0.0363423 
1.77, 0.0363339 
1.771, 0.0363254 
1.772, 0.0363169 
1.773, 0.0363083 
1.774, 0.0362998 
1.775, 0.0362912 
1.776, 0.0362825 
1.777, 0.0362739 
1.778, 0.0362652 
1.779, 0.0362564 
1.78, 0.0362477 
1.781, 0.0362389 
1.782, 0.0362301 
1.783, 0.0362212 
1.784, 0.0362123 
1.785, 0.0362034 
1.786, 0.0361945 
1.787, 0.0361855 
1.788, 0.0361765 
1.789, 0.0361675 
1.79, 0.0361584 
1.791, 0.0361493 
1.792, 0.0361402 
1.793, 0.036131 
1.794, 0.0361218 
1.795, 0.0361126 
1.796, 0.0361034 
1.797, 0.0360941 
1.798, 0.0360848 
1.799, 0.0360755 
1.8, 0.0360661 
1.801, 0.0360567 
1.802, 0.0360473 
1.803, 0.0360379 
1.804, 0.0360284 
1.805, 0.0360189 
1.806, 0.0360094 
1.807, 0.0359998 
1.808, 0.0359903 
1.809, 0.0359806 
1.81, 0.035971 
1.811, 0.0359613 
1.812, 0.0359517 
1.813, 0.0359419 
1.814, 0.0359322 
1.815, 0.0359224 
1.816, 0.0359126 
1.817, 0.0359028 
1.818, 0.0358929 
1.819, 0.0358831 
1.82, 0.0358732 
1.821, 0.0358632 
1.822, 0.0358533 
1.823, 0.0358433 
1.824, 0.0358333 
1.825, 0.0358232 
1.826, 0.0358132 
1.827, 0.0358031 
1.828, 0.035793 
1.829, 0.0357829 
1.83, 0.0357727 
1.831, 0.0357625 
1.832, 0.0357523 
1.833, 0.0357421 
1.834, 0.0357318 
1.835, 0.0357215 
1.836, 0.0357112 
1.837, 0.0357009 
1.838, 0.0356905 
1.839, 0.0356801 
1.84, 0.0356697 
1.841, 0.0356593 
1.842, 0.0356489 
1.843, 0.0356384 
1.844, 0.0356279 
1.845, 0.0356174 
1.846, 0.0356068 
1.847, 0.0355962 
1.848, 0.0355857 
1.849, 0.035575 
1.85, 0.0355644 
1.851, 0.0355537 
1.852, 0.0355431 
1.853, 0.0355324 
1.854, 0.0355216 
1.855, 0.0355109 
1.856, 0.0355001 
1.857, 0.0354893 
1.858, 0.0354785 
1.859, 0.0354677 
1.86, 0.0354568 
1.861, 0.0354459 
1.862, 0.035435 
1.863, 0.0354241 
1.864, 0.0354131 
1.865, 0.0354022 
1.866, 0.0353912 
1.867, 0.0353802 
1.868, 0.0353691 
1.869, 0.0353581 
1.87, 0.035347 
1.871, 0.0353359 
1.872, 0.0353248 
1.873, 0.0353137 
1.874, 0.0353025 
1.875, 0.0352914 
1.876, 0.0352802 
1.877, 0.0352689 
1.878, 0.0352577 
1.879, 0.0352465 
1.88, 0.0352352 
1.881, 0.0352239 
1.882, 0.0352126 
1.883, 0.0352012 
1.884, 0.0351899 
1.885, 0.0351785 
1.886, 0.0351671 
1.887, 0.0351557 
1.888, 0.0351443 
1.889, 0.0351328 
1.89, 0.0351214 
1.891, 0.0351099 
1.892, 0.0350984 
1.893, 0.0350869 
1.894, 0.0350753 
1.895, 0.0350638 
1.896, 0.0350522 
1.897, 0.0350406 
1.898, 0.035029 
1.899, 0.0350174 
1.9, 0.0350057 
1.901, 0.034994 
1.902, 0.0349824 
1.903, 0.0349706 
1.904, 0.0349589 
1.905, 0.0349472 
1.906, 0.0349354 
1.907, 0.0349237 
1.908, 0.0349119 
1.909, 0.0349001 
1.91, 0.0348883 
1.911, 0.0348764 
1.912, 0.0348646 
1.913, 0.0348527 
1.914, 0.0348408 
1.915, 0.0348289 
1.916, 0.034817 
1.917, 0.034805 
1.918, 0.0347931 
1.919, 0.0347811 
1.92, 0.0347691 
1.921, 0.0347571 
1.922, 0.0347451 
1.923, 0.0347331 
1.924, 0.034721 
1.925, 0.0347089 
1.926, 0.0346969 
1.927, 0.0346848 
1.928, 0.0346727 
1.929, 0.0346605 
1.93, 0.0346484 
1.931, 0.0346362 
1.932, 0.0346241 
1.933, 0.0346119 
1.934, 0.0345997 
1.935, 0.0345874 
1.936, 0.0345752 
1.937, 0.034563 
1.938, 0.0345507 
1.939, 0.0345384 
1.94, 0.0345261 
1.941, 0.0345138 
1.942, 0.0345015 
1.943, 0.0344892 
1.944, 0.0344768 
1.945, 0.0344645 
1.946, 0.0344521 
1.947, 0.0344397 
1.948, 0.0344273 
1.949, 0.0344149 
1.95, 0.0344025 
1.951, 0.03439 
1.952, 0.0343776 
1.953, 0.0343651 
1.954, 0.0343526 
1.955, 0.0343401 
1.956, 0.0343276 
1.957, 0.0343151 
1.958, 0.0343025 
1.959, 0.03429 
1.96, 0.0342774 
1.961, 0.0342648 
1.962, 0.0342523 
1.963, 0.0342397 
1.964, 0.034227 
1.965, 0.0342144 
1.966, 0.0342018 
1.967, 0.0341891 
1.968, 0.0341765 
1.969, 0.0341638 
1.97, 0.0341511 
1.971, 0.0341384 
1.972, 0.0341257 
1.973, 0.034113 
1.974, 0.0341002 
1.975, 0.0340875 
1.976, 0.0340747 
1.977, 0.034062 
1.978, 0.0340492 
1.979, 0.0340364 
1.98, 0.0340236 
1.981, 0.0340108 
1.982, 0.0339979 
1.983, 0.0339851 
1.984, 0.0339723 
1.985, 0.0339594 
1.986, 0.0339465 
1.987, 0.0339336 
1.988, 0.0339208 
1.989, 0.0339079 
1.99, 0.0338949 
1.991, 0.033882 
1.992, 0.0338691 
1.993, 0.0338561 
1.994, 0.0338432 
1.995, 0.0338302 
1.996, 0.0338172 
1.997, 0.0338042 
1.998, 0.0337912 
1.999, 0.0337782 
2, 0.0337652 
2.001, 0.0337522 
2.002, 0.0337392 
2.003, 0.0337261 
2.004, 0.0337131 
2.005, 0.0337 
2.006, 0.0336869 
2.007, 0.0336738 
2.008, 0.0336607 
2.009, 0.0336476 
2.01, 0.0336345 
2.011, 0.0336214 
2.012, 0.0336083 
2.013, 0.0335951 
2.014, 0.033582 
2.015, 0.0335688 
2.016, 0.0335556 
2.017, 0.0335425 
2.018, 0.0335293 
2.019, 0.0335161 
2.02, 0.0335029 
2.021, 0.0334897 
2.022, 0.0334764 
2.023, 0.0334632 
2.024, 0.03345 
2.025, 0.0334367 
2.026, 0.0334235 
2.027, 0.0334102 
2.028, 0.0333969 
2.029, 0.0333837 
2.03, 0.0333704 
2.031, 0.0333571 
2.032, 0.0333438 
2.033, 0.0333304 
2.034, 0.0333171 
2.035, 0.0333038 
2.036, 0.0332905 
2.037, 0.0332771 
2.038, 0.0332638 
2.039, 0.0332504 
2.04, 0.033237 
2.041, 0.0332237 
2.042, 0.0332103 
2.043, 0.0331969 
2.044, 0.0331835 
2.045, 0.0331701 
2.046, 0.0331567 
2.047, 0.0331433 
2.048, 0.0331298 
2.049, 0.0331164 
2.05, 0.033103 
2.051, 0.0330895 
2.052, 0.0330761 
2.053, 0.0330626 
2.054, 0.0330491 
2.055, 0.0330357 
2.056, 0.0330222 
2.057, 0.0330087 
2.058, 0.0329952 
2.059, 0.0329817 
2.06, 0.0329682 
2.061, 0.0329547 
2.062, 0.0329412 
2.063, 0.0329276 
2.064, 0.0329141 
2.065, 0.0329006 
2.066, 0.032887 
2.067, 0.0328735 
2.068, 0.0328599 
2.069, 0.0328464 
2.07, 0.0328328 
2.071, 0.0328192 
2.072, 0.0328056 
2.073, 0.032792 
2.074, 0.0327785 
2.075, 0.0327649 
2.076, 0.0327513 
2.077, 0.0327376 
2.078, 0.032724 
2.079, 0.0327104 
2.08, 0.0326968 
2.081, 0.0326832 
2.082, 0.0326695 
2.083, 0.0326559 
2.084, 0.0326422 
2.085, 0.0326286 
2.086, 0.0326149 
2.087, 0.0326013 
2.088, 0.0325876 
2.089, 0.0325739 
2.09, 0.0325603 
2.091, 0.0325466 
2.092, 0.0325329 
2.093, 0.0325192 
2.094, 0.0325055 
2.095, 0.0324918 
2.096, 0.0324781 
2.097, 0.0324644 
2.098, 0.0324507 
2.099, 0.0324369 
2.1, 0.0324232 
2.101, 0.0324095 
2.102, 0.0323958 
2.103, 0.032382 
2.104, 0.0323683 
2.105, 0.0323545 
2.106, 0.0323408 
2.107, 0.032327 
2.108, 0.0323133 
2.109, 0.0322995 
2.11, 0.0322858 
2.111, 0.032272 
2.112, 0.0322582 
2.113, 0.0322444 
2.114, 0.0322307 
2.115, 0.0322169 
2.116, 0.0322031 
2.117, 0.0321893 
2.118, 0.0321755 
2.119, 0.0321617 
2.12, 0.0321479 
2.121, 0.0321341 
2.122, 0.0321203 
2.123, 0.0321065 
2.124, 0.0320926 
2.125, 0.0320788 
2.126, 0.032065 
2.127, 0.0320512 
2.128, 0.0320373 
2.129, 0.0320235 
2.13, 0.0320097 
2.131, 0.0319958 
2.132, 0.031982 
2.133, 0.0319681 
2.134, 0.0319543 
2.135, 0.0319404 
2.136, 0.0319266 
2.137, 0.0319127 
2.138, 0.0318989 
2.139, 0.031885 
2.14, 0.0318711 
2.141, 0.0318573 
2.142, 0.0318434 
2.143, 0.0318295 
2.144, 0.0318156 
2.145, 0.0318018 
2.146, 0.0317879 
2.147, 0.031774 
2.148, 0.0317601 
2.149, 0.0317462 
2.15, 0.0317323 
2.151, 0.0317184 
2.152, 0.0317045 
2.153, 0.0316906 
2.154, 0.0316767 
2.155, 0.0316628 
2.156, 0.0316489 
2.157, 0.031635 
2.158, 0.0316211 
2.159, 0.0316072 
2.16, 0.0315933 
2.161, 0.0315794 
2.162, 0.0315654 
2.163, 0.0315515 
2.164, 0.0315376 
2.165, 0.0315237 
2.166, 0.0315098 
2.167, 0.0314958 
2.168, 0.0314819 
2.169, 0.031468 
2.17, 0.031454 
2.171, 0.0314401 
2.172, 0.0314262 
2.173, 0.0314122 
2.174, 0.0313983 
2.175, 0.0313844 
2.176, 0.0313704 
2.177, 0.0313565 
2.178, 0.0313425 
2.179, 0.0313286 
2.18, 0.0313147 
2.181, 0.0313007 
2.182, 0.0312868 
2.183, 0.0312728 
2.184, 0.0312589 
2.185, 0.0312449 
2.186, 0.031231 
2.187, 0.031217 
2.188, 0.0312031 
2.189, 0.0311891 
2.19, 0.0311751 
2.191, 0.0311612 
2.192, 0.0311472 
2.193, 0.0311333 
2.194, 0.0311193 
2.195, 0.0311054 
2.196, 0.0310914 
2.197, 0.0310774 
2.198, 0.0310635 
2.199, 0.0310495 
2.2, 0.0310355 
2.201, 0.0310216 
2.202, 0.0310076 
2.203, 0.0309936 
2.204, 0.0309797 
2.205, 0.0309657 
2.206, 0.0309518 
2.207, 0.0309378 
2.208, 0.0309238 
2.209, 0.0309099 
2.21, 0.0308959 
2.211, 0.0308819 
2.212, 0.0308679 
2.213, 0.030854 
2.214, 0.03084 
2.215, 0.030826 
2.216, 0.0308121 
2.217, 0.0307981 
2.218, 0.0307841 
2.219, 0.0307702 
2.22, 0.0307562 
2.221, 0.0307422 
2.222, 0.0307283 
2.223, 0.0307143 
2.224, 0.0307003 
2.225, 0.0306864 
2.226, 0.0306724 
2.227, 0.0306584 
2.228, 0.0306445 
2.229, 0.0306305 
2.23, 0.0306165 
2.231, 0.0306026 
2.232, 0.0305886 
2.233, 0.0305746 
2.234, 0.0305607 
2.235, 0.0305467 
2.236, 0.0305327 
2.237, 0.0305188 
2.238, 0.0305048 
2.239, 0.0304908 
2.24, 0.0304769 
2.241, 0.0304629 
2.242, 0.0304489 
2.243, 0.030435 
2.244, 0.030421 
2.245, 0.0304071 
2.246, 0.0303931 
2.247, 0.0303792 
2.248, 0.0303652 
2.249, 0.0303512 
2.25, 0.0303373 
2.251, 0.0303233 
2.252, 0.0303094 
2.253, 0.0302954 
2.254, 0.0302815 
2.255, 0.0302675 
2.256, 0.0302536 
2.257, 0.0302396 
2.258, 0.0302257 
2.259, 0.0302117 
2.26, 0.0301978 
2.261, 0.0301838 
2.262, 0.0301699 
2.263, 0.030156 
2.264, 0.030142 
2.265, 0.0301281 
2.266, 0.0301141 
2.267, 0.0301002 
2.268, 0.0300863 
2.269, 0.0300723 
2.27, 0.0300584 
2.271, 0.0300445 
2.272, 0.0300305 
2.273, 0.0300166 
2.274, 0.0300027 
2.275, 0.0299888 
2.276, 0.0299748 
2.277, 0.0299609 
2.278, 0.029947 
2.279, 0.0299331 
2.28, 0.0299192 
2.281, 0.0299052 
2.282, 0.0298913 
2.283, 0.0298774 
2.284, 0.0298635 
2.285, 0.0298496 
2.286, 0.0298357 
2.287, 0.0298218 
2.288, 0.0298079 
2.289, 0.029794 
2.29, 0.0297801 
2.291, 0.0297662 
2.292, 0.0297523 
2.293, 0.0297384 
2.294, 0.0297245 
2.295, 0.0297106 
2.296, 0.0296967 
2.297, 0.0296828 
2.298, 0.0296689 
2.299, 0.0296551 
2.3, 0.0296412 
2.301, 0.0296273 
2.302, 0.0296134 
2.303, 0.0295996 
2.304, 0.0295857 
2.305, 0.0295718 
2.306, 0.0295579 
2.307, 0.0295441 
2.308, 0.0295302 
2.309, 0.0295164 
2.31, 0.0295025 
2.311, 0.0294886 
2.312, 0.0294748 
2.313, 0.0294609 
2.314, 0.0294471 
2.315, 0.0294332 
2.316, 0.0294194 
2.317, 0.0294055 
2.318, 0.0293917 
2.319, 0.0293779 
2.32, 0.029364 
2.321, 0.0293502 
2.322, 0.0293364 
2.323, 0.0293225 
2.324, 0.0293087 
2.325, 0.0292949 
2.326, 0.0292811 
2.327, 0.0292673 
2.328, 0.0292534 
2.329, 0.0292396 
2.33, 0.0292258 
2.331, 0.029212 
2.332, 0.0291982 
2.333, 0.0291844 
2.334, 0.0291706 
2.335, 0.0291568 
2.336, 0.029143 
2.337, 0.0291292 
2.338, 0.0291154 
2.339, 0.0291017 
2.34, 0.0290879 
2.341, 0.0290741 
2.342, 0.0290603 
2.343, 0.0290465 
2.344, 0.0290328 
2.345, 0.029019 
2.346, 0.0290052 
2.347, 0.0289915 
2.348, 0.0289777 
2.349, 0.028964 
2.35, 0.0289502 
2.351, 0.0289365 
2.352, 0.0289227 
2.353, 0.028909 
2.354, 0.0288952 
2.355, 0.0288815 
2.356, 0.0288678 
2.357, 0.028854 
2.358, 0.0288403 
2.359, 0.0288266 
2.36, 0.0288129 
2.361, 0.0287991 
2.362, 0.0287854 
2.363, 0.0287717 
2.364, 0.028758 
2.365, 0.0287443 
2.366, 0.0287306 
2.367, 0.0287169 
2.368, 0.0287032 
2.369, 0.0286895 
2.37, 0.0286758 
2.371, 0.0286621 
2.372, 0.0286485 
2.373, 0.0286348 
2.374, 0.0286211 
2.375, 0.0286074 
2.376, 0.0285938 
2.377, 0.0285801 
2.378, 0.0285664 
2.379, 0.0285528 
2.38, 0.0285391 
2.381, 0.0285255 
2.382, 0.0285118 
2.383, 0.0284982 
2.384, 0.0284846 
2.385, 0.0284709 
2.386, 0.0284573 
2.387, 0.0284437 
2.388, 0.02843 
2.389, 0.0284164 
2.39, 0.0284028 
2.391, 0.0283892 
2.392, 0.0283756 
2.393, 0.028362 
2.394, 0.0283484 
2.395, 0.0283348 
2.396, 0.0283212 
2.397, 0.0283076 
2.398, 0.028294 
2.399, 0.0282804 
2.4, 0.0282668 
2.401, 0.0282532 
2.402, 0.0282397 
2.403, 0.0282261 
2.404, 0.0282125 
2.405, 0.028199 
2.406, 0.0281854 
2.407, 0.0281719 
2.408, 0.0281583 
2.409, 0.0281448 
2.41, 0.0281312 
2.411, 0.0281177 
2.412, 0.0281042 
2.413, 0.0280906 
2.414, 0.0280771 
2.415, 0.0280636 
2.416, 0.0280501 
2.417, 0.0280366 
2.418, 0.028023 
2.419, 0.0280095 
2.42, 0.027996 
2.421, 0.0279825 
2.422, 0.027969 
2.423, 0.0279556 
2.424, 0.0279421 
2.425, 0.0279286 
2.426, 0.0279151 
2.427, 0.0279016 
2.428, 0.0278882 
2.429, 0.0278747 
2.43, 0.0278612 
2.431, 0.0278478 
2.432, 0.0278343 
2.433, 0.0278209 
2.434, 0.0278075 
2.435, 0.027794 
2.436, 0.0277806 
2.437, 0.0277671 
2.438, 0.0277537 
2.439, 0.0277403 
2.44, 0.0277269 
2.441, 0.0277135 
2.442, 0.0277001 
2.443, 0.0276867 
2.444, 0.0276733 
2.445, 0.0276599 
2.446, 0.0276465 
2.447, 0.0276331 
2.448, 0.0276197 
2.449, 0.0276063 
2.45, 0.027593 
2.451, 0.0275796 
2.452, 0.0275662 
2.453, 0.0275529 
2.454, 0.0275395 
2.455, 0.0275262 
2.456, 0.0275128 
2.457, 0.0274995 
2.458, 0.0274861 
2.459, 0.0274728 
2.46, 0.0274595 
2.461, 0.0274461 
2.462, 0.0274328 
2.463, 0.0274195 
2.464, 0.0274062 
2.465, 0.0273929 
2.466, 0.0273796 
2.467, 0.0273663 
2.468, 0.027353 
2.469, 0.0273397 
2.47, 0.0273264 
2.471, 0.0273132 
2.472, 0.0272999 
2.473, 0.0272866 
2.474, 0.0272734 
2.475, 0.0272601 
2.476, 0.0272468 
2.477, 0.0272336 
2.478, 0.0272204 
2.479, 0.0272071 
2.48, 0.0271939 
2.481, 0.0271806 
2.482, 0.0271674 
2.483, 0.0271542 
2.484, 0.027141 
2.485, 0.0271278 
2.486, 0.0271146 
2.487, 0.0271014 
2.488, 0.0270882 
2.489, 0.027075 
2.49, 0.0270618 
2.491, 0.0270486 
2.492, 0.0270354 
2.493, 0.0270223 
2.494, 0.0270091 
2.495, 0.0269959 
2.496, 0.0269828 
2.497, 0.0269696 
2.498, 0.0269565 
2.499, 0.0269433 
2.5, 0.0269302 
2.501, 0.0269171 
2.502, 0.0269039 
2.503, 0.0268908 
2.504, 0.0268777 
2.505, 0.0268646 
2.506, 0.0268515 
2.507, 0.0268384 
2.508, 0.0268253 
2.509, 0.0268122 
2.51, 0.0267991 
2.511, 0.026786 
2.512, 0.0267729 
2.513, 0.0267598 
2.514, 0.0267468 
2.515, 0.0267337 
2.516, 0.0267207 
2.517, 0.0267076 
2.518, 0.0266946 
2.519, 0.0266815 
2.52, 0.0266685 
2.521, 0.0266554 
2.522, 0.0266424 
2.523, 0.0266294 
2.524, 0.0266164 
2.525, 0.0266034 
2.526, 0.0265904 
2.527, 0.0265774 
2.528, 0.0265644 
2.529, 0.0265514 
2.53, 0.0265384 
2.531, 0.0265254 
2.532, 0.0265124 
2.533, 0.0264995 
2.534, 0.0264865 
2.535, 0.0264735 
2.536, 0.0264606 
2.537, 0.0264476 
2.538, 0.0264347 
2.539, 0.0264217 
2.54, 0.0264088 
2.541, 0.0263959 
2.542, 0.026383 
2.543, 0.02637 
2.544, 0.0263571 
2.545, 0.0263442 
2.546, 0.0263313 
2.547, 0.0263184 
2.548, 0.0263055 
2.549, 0.0262926 
2.55, 0.0262798 
2.551, 0.0262669 
2.552, 0.026254 
2.553, 0.0262411 
2.554, 0.0262283 
2.555, 0.0262154 
2.556, 0.0262026 
2.557, 0.0261897 
2.558, 0.0261769 
2.559, 0.0261641 
2.56, 0.0261512 
2.561, 0.0261384 
2.562, 0.0261256 
2.563, 0.0261128 
2.564, 0.0261 
2.565, 0.0260872 
2.566, 0.0260744 
2.567, 0.0260616 
2.568, 0.0260488 
2.569, 0.026036 
2.57, 0.0260232 
2.571, 0.0260105 
2.572, 0.0259977 
2.573, 0.025985 
2.574, 0.0259722 
2.575, 0.0259595 
2.576, 0.0259467 
2.577, 0.025934 
2.578, 0.0259213 
2.579, 0.0259085 
2.58, 0.0258958 
2.581, 0.0258831 
2.582, 0.0258704 
2.583, 0.0258577 
2.584, 0.025845 
2.585, 0.0258323 
2.586, 0.0258196 
2.587, 0.0258069 
2.588, 0.0257943 
2.589, 0.0257816 
2.59, 0.0257689 
2.591, 0.0257563 
2.592, 0.0257436 
2.593, 0.025731 
2.594, 0.0257183 
2.595, 0.0257057 
2.596, 0.0256931 
2.597, 0.0256804 
2.598, 0.0256678 
2.599, 0.0256552 
2.6, 0.0256426 
2.601, 0.02563 
2.602, 0.0256174 
2.603, 0.0256048 
2.604, 0.0255922 
2.605, 0.0255796 
2.606, 0.0255671 
2.607, 0.0255545 
2.608, 0.0255419 
2.609, 0.0255294 
2.61, 0.0255168 
2.611, 0.0255043 
2.612, 0.0254917 
2.613, 0.0254792 
2.614, 0.0254667 
2.615, 0.0254541 
2.616, 0.0254416 
2.617, 0.0254291 
2.618, 0.0254166 
2.619, 0.0254041 
2.62, 0.0253916 
2.621, 0.0253791 
2.622, 0.0253666 
2.623, 0.0253542 
2.624, 0.0253417 
2.625, 0.0253292 
2.626, 0.0253168 
2.627, 0.0253043 
2.628, 0.0252919 
2.629, 0.0252794 
2.63, 0.025267 
2.631, 0.0252545 
2.632, 0.0252421 
2.633, 0.0252297 
2.634, 0.0252173 
2.635, 0.0252049 
2.636, 0.0251925 
2.637, 0.0251801 
2.638, 0.0251677 
2.639, 0.0251553 
2.64, 0.0251429 
2.641, 0.0251305 
2.642, 0.0251182 
2.643, 0.0251058 
2.644, 0.0250934 
2.645, 0.0250811 
2.646, 0.0250687 
2.647, 0.0250564 
2.648, 0.0250441 
2.649, 0.0250317 
2.65, 0.0250194 
2.651, 0.0250071 
2.652, 0.0249948 
2.653, 0.0249825 
2.654, 0.0249702 
2.655, 0.0249579 
2.656, 0.0249456 
2.657, 0.0249333 
2.658, 0.024921 
2.659, 0.0249088 
2.66, 0.0248965 
2.661, 0.0248843 
2.662, 0.024872 
2.663, 0.0248598 
2.664, 0.0248475 
2.665, 0.0248353 
2.666, 0.024823 
2.667, 0.0248108 
2.668, 0.0247986 
2.669, 0.0247864 
2.67, 0.0247742 
2.671, 0.024762 
2.672, 0.0247498 
2.673, 0.0247376 
2.674, 0.0247254 
2.675, 0.0247132 
2.676, 0.0247011 
2.677, 0.0246889 
2.678, 0.0246768 
2.679, 0.0246646 
2.68, 0.0246525 
2.681, 0.0246403 
2.682, 0.0246282 
2.683, 0.024616 
2.684, 0.0246039 
2.685, 0.0245918 
2.686, 0.0245797 
2.687, 0.0245676 
2.688, 0.0245555 
2.689, 0.0245434 
2.69, 0.0245313 
2.691, 0.0245192 
2.692, 0.0245071 
2.693, 0.0244951 
2.694, 0.024483 
2.695, 0.024471 
2.696, 0.0244589 
2.697, 0.0244469 
2.698, 0.0244348 
2.699, 0.0244228 
2.7, 0.0244108 
2.701, 0.0243987 
2.702, 0.0243867 
2.703, 0.0243747 
2.704, 0.0243627 
2.705, 0.0243507 
2.706, 0.0243387 
2.707, 0.0243267 
2.708, 0.0243147 
2.709, 0.0243028 
2.71, 0.0242908 
2.711, 0.0242788 
2.712, 0.0242669 
2.713, 0.0242549 
2.714, 0.024243 
2.715, 0.024231 
2.716, 0.0242191 
2.717, 0.0242072 
2.718, 0.0241952 
2.719, 0.0241833 
2.72, 0.0241714 
2.721, 0.0241595 
2.722, 0.0241476 
2.723, 0.0241357 
2.724, 0.0241238 
2.725, 0.024112 
2.726, 0.0241001 
2.727, 0.0240882 
2.728, 0.0240764 
2.729, 0.0240645 
2.73, 0.0240527 
2.731, 0.0240408 
2.732, 0.024029 
2.733, 0.0240171 
2.734, 0.0240053 
2.735, 0.0239935 
2.736, 0.0239817 
2.737, 0.0239699 
2.738, 0.0239581 
2.739, 0.0239463 
2.74, 0.0239345 
2.741, 0.0239227 
2.742, 0.0239109 
2.743, 0.0238992 
2.744, 0.0238874 
2.745, 0.0238756 
2.746, 0.0238639 
2.747, 0.0238521 
2.748, 0.0238404 
2.749, 0.0238287 
2.75, 0.0238169 
2.751, 0.0238052 
2.752, 0.0237935 
2.753, 0.0237818 
2.754, 0.0237701 
2.755, 0.0237584 
2.756, 0.0237467 
2.757, 0.023735 
2.758, 0.0237233 
2.759, 0.0237116 
2.76, 0.0237 
2.761, 0.0236883 
2.762, 0.0236766 
2.763, 0.023665 
2.764, 0.0236533 
2.765, 0.0236417 
2.766, 0.0236301 
2.767, 0.0236184 
2.768, 0.0236068 
2.769, 0.0235952 
2.77, 0.0235836 
2.771, 0.023572 
2.772, 0.0235604 
2.773, 0.0235488 
2.774, 0.0235372 
2.775, 0.0235256 
2.776, 0.0235141 
2.777, 0.0235025 
2.778, 0.0234909 
2.779, 0.0234794 
2.78, 0.0234678 
2.781, 0.0234563 
2.782, 0.0234448 
2.783, 0.0234332 
2.784, 0.0234217 
2.785, 0.0234102 
2.786, 0.0233987 
2.787, 0.0233872 
2.788, 0.0233757 
2.789, 0.0233642 
2.79, 0.0233527 
2.791, 0.0233412 
2.792, 0.0233297 
2.793, 0.0233183 
2.794, 0.0233068 
2.795, 0.0232953 
2.796, 0.0232839 
2.797, 0.0232724 
2.798, 0.023261 
2.799, 0.0232496 
2.8, 0.0232381 
2.801, 0.0232267 
2.802, 0.0232153 
2.803, 0.0232039 
2.804, 0.0231925 
2.805, 0.0231811 
2.806, 0.0231697 
2.807, 0.0231583 
2.808, 0.0231469 
2.809, 0.0231356 
2.81, 0.0231242 
2.811, 0.0231128 
2.812, 0.0231015 
2.813, 0.0230901 
2.814, 0.0230788 
2.815, 0.0230675 
2.816, 0.0230561 
2.817, 0.0230448 
2.818, 0.0230335 
2.819, 0.0230222 
2.82, 0.0230109 
2.821, 0.0229996 
2.822, 0.0229883 
2.823, 0.022977 
2.824, 0.0229657 
2.825, 0.0229544 
2.826, 0.0229432 
2.827, 0.0229319 
2.828, 0.0229206 
2.829, 0.0229094 
2.83, 0.0228981 
2.831, 0.0228869 
2.832, 0.0228757 
2.833, 0.0228644 
2.834, 0.0228532 
2.835, 0.022842 
2.836, 0.0228308 
2.837, 0.0228196 
2.838, 0.0228084 
2.839, 0.0227972 
2.84, 0.022786 
2.841, 0.0227748 
2.842, 0.0227637 
2.843, 0.0227525 
2.844, 0.0227413 
2.845, 0.0227302 
2.846, 0.022719 
2.847, 0.0227079 
2.848, 0.0226968 
2.849, 0.0226856 
2.85, 0.0226745 
2.851, 0.0226634 
2.852, 0.0226523 
2.853, 0.0226412 
2.854, 0.0226301 
2.855, 0.022619 
2.856, 0.0226079 
2.857, 0.0225968 
2.858, 0.0225857 
2.859, 0.0225746 
2.86, 0.0225636 
2.861, 0.0225525 
2.862, 0.0225415 
2.863, 0.0225304 
2.864, 0.0225194 
2.865, 0.0225084 
2.866, 0.0224973 
2.867, 0.0224863 
2.868, 0.0224753 
2.869, 0.0224643 
2.87, 0.0224533 
2.871, 0.0224423 
2.872, 0.0224313 
2.873, 0.0224203 
2.874, 0.0224093 
2.875, 0.0223984 
2.876, 0.0223874 
2.877, 0.0223764 
2.878, 0.0223655 
2.879, 0.0223545 
2.88, 0.0223436 
2.881, 0.0223326 
2.882, 0.0223217 
2.883, 0.0223108 
2.884, 0.0222999 
2.885, 0.022289 
2.886, 0.022278 
2.887, 0.0222671 
2.888, 0.0222562 
2.889, 0.0222454 
2.89, 0.0222345 
2.891, 0.0222236 
2.892, 0.0222127 
2.893, 0.0222019 
2.894, 0.022191 
2.895, 0.0221802 
2.896, 0.0221693 
2.897, 0.0221585 
2.898, 0.0221476 
2.899, 0.0221368 
2.9, 0.022126 
2.901, 0.0221152 
2.902, 0.0221044 
2.903, 0.0220935 
2.904, 0.0220828 
2.905, 0.022072 
2.906, 0.0220612 
2.907, 0.0220504 
2.908, 0.0220396 
2.909, 0.0220288 
2.91, 0.0220181 
2.911, 0.0220073 
2.912, 0.0219966 
2.913, 0.0219858 
2.914, 0.0219751 
2.915, 0.0219644 
2.916, 0.0219536 
2.917, 0.0219429 
2.918, 0.0219322 
2.919, 0.0219215 
2.92, 0.0219108 
2.921, 0.0219001 
2.922, 0.0218894 
2.923, 0.0218787 
2.924, 0.021868 
2.925, 0.0218574 
2.926, 0.0218467 
2.927, 0.021836 
2.928, 0.0218254 
2.929, 0.0218147 
2.93, 0.0218041 
2.931, 0.0217935 
2.932, 0.0217828 
2.933, 0.0217722 
2.934, 0.0217616 
2.935, 0.021751 
2.936, 0.0217404 
2.937, 0.0217298 
2.938, 0.0217192 
2.939, 0.0217086 
2.94, 0.021698 
2.941, 0.0216874 
2.942, 0.0216769 
2.943, 0.0216663 
2.944, 0.0216557 
2.945, 0.0216452 
2.946, 0.0216346 
2.947, 0.0216241 
2.948, 0.0216136 
2.949, 0.021603 
2.95, 0.0215925 
2.951, 0.021582 
2.952, 0.0215715 
2.953, 0.021561 
2.954, 0.0215505 
2.955, 0.02154 
2.956, 0.0215295 
2.957, 0.021519 
2.958, 0.0215085 
2.959, 0.0214981 
2.96, 0.0214876 
2.961, 0.0214771 
2.962, 0.0214667 
2.963, 0.0214563 
2.964, 0.0214458 
2.965, 0.0214354 
2.966, 0.0214249 
2.967, 0.0214145 
2.968, 0.0214041 
2.969, 0.0213937 
2.97, 0.0213833 
2.971, 0.0213729 
2.972, 0.0213625 
2.973, 0.0213521 
2.974, 0.0213417 
2.975, 0.0213314 
2.976, 0.021321 
2.977, 0.0213106 
2.978, 0.0213003 
2.979, 0.0212899 
2.98, 0.0212796 
2.981, 0.0212692 
2.982, 0.0212589 
2.983, 0.0212486 
2.984, 0.0212383 
2.985, 0.0212279 
2.986, 0.0212176 
2.987, 0.0212073 
2.988, 0.021197 
2.989, 0.0211867 
2.99, 0.0211765 
2.991, 0.0211662 
2.992, 0.0211559 
2.993, 0.0211456 
2.994, 0.0211354 
2.995, 0.0211251 
2.996, 0.0211149 
2.997, 0.0211046 
2.998, 0.0210944 
2.999, 0.0210842 
3, 0.0210739 
3.001, 0.0210637 
3.002, 0.0210535 
3.003, 0.0210433 
3.004, 0.0210331 
3.005, 0.0210229 
3.006, 0.0210127 
3.007, 0.0210025 
3.008, 0.0209923 
3.009, 0.0209821 
3.01, 0.020972 
3.011, 0.0209618 
3.012, 0.0209517 
3.013, 0.0209415 
3.014, 0.0209314 
3.015, 0.0209212 
3.016, 0.0209111 
3.017, 0.020901 
3.018, 0.0208908 
3.019, 0.0208807 
3.02, 0.0208706 
3.021, 0.0208605 
3.022, 0.0208504 
3.023, 0.0208403 
3.024, 0.0208302 
3.025, 0.0208202 
3.026, 0.0208101 
3.027, 0.0208 
3.028, 0.0207899 
3.029, 0.0207799 
3.03, 0.0207698 
3.031, 0.0207598 
3.032, 0.0207498 
3.033, 0.0207397 
3.034, 0.0207297 
3.035, 0.0207197 
3.036, 0.0207097 
3.037, 0.0206996 
3.038, 0.0206896 
3.039, 0.0206796 
3.04, 0.0206696 
3.041, 0.0206597 
3.042, 0.0206497 
3.043, 0.0206397 
3.044, 0.0206297 
3.045, 0.0206198 
3.046, 0.0206098 
3.047, 0.0205999 
3.048, 0.0205899 
3.049, 0.02058 
3.05, 0.02057 
3.051, 0.0205601 
3.052, 0.0205502 
3.053, 0.0205403 
3.054, 0.0205303 
3.055, 0.0205204 
3.056, 0.0205105 
3.057, 0.0205006 
3.058, 0.0204908 
3.059, 0.0204809 
3.06, 0.020471 
3.061, 0.0204611 
3.062, 0.0204513 
3.063, 0.0204414 
3.064, 0.0204315 
3.065, 0.0204217 
3.066, 0.0204118 
3.067, 0.020402 
3.068, 0.0203922 
3.069, 0.0203824 
3.07, 0.0203725 
3.071, 0.0203627 
3.072, 0.0203529 
3.073, 0.0203431 
3.074, 0.0203333 
3.075, 0.0203235 
3.076, 0.0203137 
3.077, 0.020304 
3.078, 0.0202942 
3.079, 0.0202844 
3.08, 0.0202746 
3.081, 0.0202649 
3.082, 0.0202551 
3.083, 0.0202454 
3.084, 0.0202357 
3.085, 0.0202259 
3.086, 0.0202162 
3.087, 0.0202065 
3.088, 0.0201967 
3.089, 0.020187 
3.09, 0.0201773 
3.091, 0.0201676 
3.092, 0.0201579 
3.093, 0.0201482 
3.094, 0.0201386 
3.095, 0.0201289 
3.096, 0.0201192 
3.097, 0.0201095 
3.098, 0.0200999 
3.099, 0.0200902 
3.1, 0.0200806 
3.101, 0.0200709 
3.102, 0.0200613 
3.103, 0.0200517 
3.104, 0.020042 
3.105, 0.0200324 
3.106, 0.0200228 
3.107, 0.0200132 
3.108, 0.0200036 
3.109, 0.019994 
3.11, 0.0199844 
3.111, 0.0199748 
3.112, 0.0199652 
3.113, 0.0199557 
3.114, 0.0199461 
3.115, 0.0199365 
3.116, 0.019927 
3.117, 0.0199174 
3.118, 0.0199079 
3.119, 0.0198983 
3.12, 0.0198888 
3.121, 0.0198793 
3.122, 0.0198697 
3.123, 0.0198602 
3.124, 0.0198507 
3.125, 0.0198412 
3.126, 0.0198317 
3.127, 0.0198222 
3.128, 0.0198127 
3.129, 0.0198032 
3.13, 0.0197937 
3.131, 0.0197843 
3.132, 0.0197748 
3.133, 0.0197653 
3.134, 0.0197559 
3.135, 0.0197464 
3.136, 0.019737 
3.137, 0.0197275 
3.138, 0.0197181 
3.139, 0.0197087 
3.14, 0.0196992 
3.141, 0.0196898 
3.142, 0.0196804 
3.143, 0.019671 
3.144, 0.0196616 
3.145, 0.0196522 
3.146, 0.0196428 
3.147, 0.0196334 
3.148, 0.019624 
3.149, 0.0196147 
3.15, 0.0196053 
3.151, 0.0195959 
3.152, 0.0195866 
3.153, 0.0195772 
3.154, 0.0195679 
3.155, 0.0195585 
3.156, 0.0195492 
3.157, 0.0195399 
3.158, 0.0195305 
3.159, 0.0195212 
3.16, 0.0195119 
3.161, 0.0195026 
3.162, 0.0194933 
3.163, 0.019484 
3.164, 0.0194747 
3.165, 0.0194654 
3.166, 0.0194562 
3.167, 0.0194469 
3.168, 0.0194376 
3.169, 0.0194283 
3.17, 0.0194191 
3.171, 0.0194098 
3.172, 0.0194006 
3.173, 0.0193913 
3.174, 0.0193821 
3.175, 0.0193729 
3.176, 0.0193637 
3.177, 0.0193544 
3.178, 0.0193452 
3.179, 0.019336 
3.18, 0.0193268 
3.181, 0.0193176 
3.182, 0.0193084 
3.183, 0.0192992 
3.184, 0.01929 
3.185, 0.0192809 
3.186, 0.0192717 
3.187, 0.0192625 
3.188, 0.0192534 
3.189, 0.0192442 
3.19, 0.0192351 
3.191, 0.0192259 
3.192, 0.0192168 
3.193, 0.0192077 
3.194, 0.0191985 
3.195, 0.0191894 
3.196, 0.0191803 
3.197, 0.0191712 
3.198, 0.0191621 
3.199, 0.019153 
3.2, 0.0191439 
3.201, 0.0191348 
3.202, 0.0191257 
3.203, 0.0191166 
3.204, 0.0191076 
3.205, 0.0190985 
3.206, 0.0190894 
3.207, 0.0190804 
3.208, 0.0190713 
3.209, 0.0190623 
3.21, 0.0190532 
3.211, 0.0190442 
3.212, 0.0190352 
3.213, 0.0190261 
3.214, 0.0190171 
3.215, 0.0190081 
3.216, 0.0189991 
3.217, 0.0189901 
3.218, 0.0189811 
3.219, 0.0189721 
3.22, 0.0189631 
3.221, 0.0189541 
3.222, 0.0189452 
3.223, 0.0189362 
3.224, 0.0189272 
3.225, 0.0189183 
3.226, 0.0189093 
3.227, 0.0189004 
3.228, 0.0188914 
3.229, 0.0188825 
3.23, 0.0188736 
3.231, 0.0188646 
3.232, 0.0188557 
3.233, 0.0188468 
3.234, 0.0188379 
3.235, 0.018829 
3.236, 0.0188201 
3.237, 0.0188112 
3.238, 0.0188023 
3.239, 0.0187934 
3.24, 0.0187845 
3.241, 0.0187756 
3.242, 0.0187668 
3.243, 0.0187579 
3.244, 0.018749 
3.245, 0.0187402 
3.246, 0.0187313 
3.247, 0.0187225 
3.248, 0.0187137 
3.249, 0.0187048 
3.25, 0.018696 
3.251, 0.0186872 
3.252, 0.0186784 
3.253, 0.0186696 
3.254, 0.0186607 
3.255, 0.0186519 
3.256, 0.0186432 
3.257, 0.0186344 
3.258, 0.0186256 
3.259, 0.0186168 
3.26, 0.018608 
3.261, 0.0185993 
3.262, 0.0185905 
3.263, 0.0185817 
3.264, 0.018573 
3.265, 0.0185642 
3.266, 0.0185555 
3.267, 0.0185468 
3.268, 0.018538 
3.269, 0.0185293 
3.27, 0.0185206 
3.271, 0.0185119 
3.272, 0.0185031 
3.273, 0.0184944 
3.274, 0.0184857 
3.275, 0.018477 
3.276, 0.0184683 
3.277, 0.0184597 
3.278, 0.018451 
3.279, 0.0184423 
3.28, 0.0184336 
3.281, 0.018425 
3.282, 0.0184163 
3.283, 0.0184077 
3.284, 0.018399 
3.285, 0.0183904 
3.286, 0.0183817 
3.287, 0.0183731 
3.288, 0.0183645 
3.289, 0.0183558 
3.29, 0.0183472 
3.291, 0.0183386 
3.292, 0.01833 
3.293, 0.0183214 
3.294, 0.0183128 
3.295, 0.0183042 
3.296, 0.0182956 
3.297, 0.018287 
3.298, 0.0182785 
3.299, 0.0182699 
3.3, 0.0182613 
3.301, 0.0182528 
3.302, 0.0182442 
3.303, 0.0182357 
3.304, 0.0182271 
3.305, 0.0182186 
3.306, 0.01821 
3.307, 0.0182015 
3.308, 0.018193 
3.309, 0.0181845 
3.31, 0.018176 
3.311, 0.0181674 
3.312, 0.0181589 
3.313, 0.0181504 
3.314, 0.0181419 
3.315, 0.0181335 
3.316, 0.018125 
3.317, 0.0181165 
3.318, 0.018108 
3.319, 0.0180995 
3.32, 0.0180911 
3.321, 0.0180826 
3.322, 0.0180742 
3.323, 0.0180657 
3.324, 0.0180573 
3.325, 0.0180488 
3.326, 0.0180404 
3.327, 0.018032 
3.328, 0.0180236 
3.329, 0.0180151 
3.33, 0.0180067 
3.331, 0.0179983 
3.332, 0.0179899 
3.333, 0.0179815 
3.334, 0.0179731 
3.335, 0.0179647 
3.336, 0.0179564 
3.337, 0.017948 
3.338, 0.0179396 
3.339, 0.0179312 
3.34, 0.0179229 
3.341, 0.0179145 
3.342, 0.0179062 
3.343, 0.0178978 
3.344, 0.0178895 
3.345, 0.0178811 
3.346, 0.0178728 
3.347, 0.0178645 
3.348, 0.0178561 
3.349, 0.0178478 
3.35, 0.0178395 
3.351, 0.0178312 
3.352, 0.0178229 
3.353, 0.0178146 
3.354, 0.0178063 
3.355, 0.017798 
3.356, 0.0177897 
3.357, 0.0177815 
3.358, 0.0177732 
3.359, 0.0177649 
3.36, 0.0177567 
3.361, 0.0177484 
3.362, 0.0177402 
3.363, 0.0177319 
3.364, 0.0177237 
3.365, 0.0177154 
3.366, 0.0177072 
3.367, 0.017699 
3.368, 0.0176907 
3.369, 0.0176825 
3.37, 0.0176743 
3.371, 0.0176661 
3.372, 0.0176579 
3.373, 0.0176497 
3.374, 0.0176415 
3.375, 0.0176333 
3.376, 0.0176251 
3.377, 0.017617 
3.378, 0.0176088 
3.379, 0.0176006 
3.38, 0.0175925 
3.381, 0.0175843 
3.382, 0.0175761 
3.383, 0.017568 
3.384, 0.0175599 
3.385, 0.0175517 
3.386, 0.0175436 
3.387, 0.0175354 
3.388, 0.0175273 
3.389, 0.0175192 
3.39, 0.0175111 
3.391, 0.017503 
3.392, 0.0174949 
3.393, 0.0174868 
3.394, 0.0174787 
3.395, 0.0174706 
3.396, 0.0174625 
3.397, 0.0174544 
3.398, 0.0174463 
3.399, 0.0174383 
3.4, 0.0174302 
3.401, 0.0174222 
3.402, 0.0174141 
3.403, 0.017406 
3.404, 0.017398 
3.405, 0.01739 
3.406, 0.0173819 
3.407, 0.0173739 
3.408, 0.0173659 
3.409, 0.0173578 
3.41, 0.0173498 
3.411, 0.0173418 
3.412, 0.0173338 
3.413, 0.0173258 
3.414, 0.0173178 
3.415, 0.0173098 
3.416, 0.0173018 
3.417, 0.0172938 
3.418, 0.0172859 
3.419, 0.0172779 
3.42, 0.0172699 
3.421, 0.0172619 
3.422, 0.017254 
3.423, 0.017246 
3.424, 0.0172381 
3.425, 0.0172301 
3.426, 0.0172222 
3.427, 0.0172143 
3.428, 0.0172063 
3.429, 0.0171984 
3.43, 0.0171905 
3.431, 0.0171826 
3.432, 0.0171747 
3.433, 0.0171667 
3.434, 0.0171588 
3.435, 0.0171509 
3.436, 0.0171431 
3.437, 0.0171352 
3.438, 0.0171273 
3.439, 0.0171194 
3.44, 0.0171115 
3.441, 0.0171037 
3.442, 0.0170958 
3.443, 0.0170879 
3.444, 0.0170801 
3.445, 0.0170722 
3.446, 0.0170644 
3.447, 0.0170565 
3.448, 0.0170487 
3.449, 0.0170409 
3.45, 0.0170331 
3.451, 0.0170252 
3.452, 0.0170174 
3.453, 0.0170096 
3.454, 0.0170018 
3.455, 0.016994 
3.456, 0.0169862 
3.457, 0.0169784 
3.458, 0.0169706 
3.459, 0.0169628 
3.46, 0.016955 
3.461, 0.0169473 
3.462, 0.0169395 
3.463, 0.0169317 
3.464, 0.016924 
3.465, 0.0169162 
3.466, 0.0169085 
3.467, 0.0169007 
3.468, 0.016893 
3.469, 0.0168852 
3.47, 0.0168775 
3.471, 0.0168698 
3.472, 0.0168621 
3.473, 0.0168543 
3.474, 0.0168466 
3.475, 0.0168389 
3.476, 0.0168312 
3.477, 0.0168235 
3.478, 0.0168158 
3.479, 0.0168081 
3.48, 0.0168004 
3.481, 0.0167928 
3.482, 0.0167851 
3.483, 0.0167774 
3.484, 0.0167697 
3.485, 0.0167621 
3.486, 0.0167544 
3.487, 0.0167468 
3.488, 0.0167391 
3.489, 0.0167315 
3.49, 0.0167238 
3.491, 0.0167162 
3.492, 0.0167086 
3.493, 0.0167009 
3.494, 0.0166933 
3.495, 0.0166857 
3.496, 0.0166781 
3.497, 0.0166705 
3.498, 0.0166629 
3.499, 0.0166553 
3.5, 0.0166477 
3.501, 0.0166401 
3.502, 0.0166325 
3.503, 0.0166249 
3.504, 0.0166174 
3.505, 0.0166098 
3.506, 0.0166022 
3.507, 0.0165947 
3.508, 0.0165871 
3.509, 0.0165795 
3.51, 0.016572 
3.511, 0.0165645 
3.512, 0.0165569 
3.513, 0.0165494 
3.514, 0.0165419 
3.515, 0.0165343 
3.516, 0.0165268 
3.517, 0.0165193 
3.518, 0.0165118 
3.519, 0.0165043 
3.52, 0.0164968 
3.521, 0.0164893 
3.522, 0.0164818 
3.523, 0.0164743 
3.524, 0.0164668 
3.525, 0.0164593 
3.526, 0.0164518 
3.527, 0.0164444 
3.528, 0.0164369 
3.529, 0.0164294 
3.53, 0.016422 
3.531, 0.0164145 
3.532, 0.0164071 
3.533, 0.0163996 
3.534, 0.0163922 
3.535, 0.0163848 
3.536, 0.0163773 
3.537, 0.0163699 
3.538, 0.0163625 
3.539, 0.0163551 
3.54, 0.0163476 
3.541, 0.0163402 
3.542, 0.0163328 
3.543, 0.0163254 
3.544, 0.016318 
3.545, 0.0163107 
3.546, 0.0163033 
3.547, 0.0162959 
3.548, 0.0162885 
3.549, 0.0162811 
3.55, 0.0162738 
3.551, 0.0162664 
3.552, 0.016259 
3.553, 0.0162517 
3.554, 0.0162443 
3.555, 0.016237 
3.556, 0.0162296 
3.557, 0.0162223 
3.558, 0.016215 
3.559, 0.0162076 
3.56, 0.0162003 
3.561, 0.016193 
3.562, 0.0161857 
3.563, 0.0161784 
3.564, 0.0161711 
3.565, 0.0161638 
3.566, 0.0161565 
3.567, 0.0161492 
3.568, 0.0161419 
3.569, 0.0161346 
3.57, 0.0161273 
3.571, 0.01612 
3.572, 0.0161128 
3.573, 0.0161055 
3.574, 0.0160982 
3.575, 0.016091 
3.576, 0.0160837 
3.577, 0.0160765 
3.578, 0.0160692 
3.579, 0.016062 
3.58, 0.0160548 
3.581, 0.0160475 
3.582, 0.0160403 
3.583, 0.0160331 
3.584, 0.0160258 
3.585, 0.0160186 
3.586, 0.0160114 
3.587, 0.0160042 
3.588, 0.015997 
3.589, 0.0159898 
3.59, 0.0159826 
3.591, 0.0159754 
3.592, 0.0159682 
3.593, 0.0159611 
3.594, 0.0159539 
3.595, 0.0159467 
3.596, 0.0159396 
3.597, 0.0159324 
3.598, 0.0159252 
3.599, 0.0159181 
3.6, 0.0159109 
3.601, 0.0159038 
3.602, 0.0158966 
3.603, 0.0158895 
3.604, 0.0158824 
3.605, 0.0158752 
3.606, 0.0158681 
3.607, 0.015861 
3.608, 0.0158539 
3.609, 0.0158468 
3.61, 0.0158397 
3.611, 0.0158326 
3.612, 0.0158255 
3.613, 0.0158184 
3.614, 0.0158113 
3.615, 0.0158042 
3.616, 0.0157971 
3.617, 0.01579 
3.618, 0.015783 
3.619, 0.0157759 
3.62, 0.0157688 
3.621, 0.0157618 
3.622, 0.0157547 
3.623, 0.0157476 
3.624, 0.0157406 
3.625, 0.0157336 
3.626, 0.0157265 
3.627, 0.0157195 
3.628, 0.0157124 
3.629, 0.0157054 
3.63, 0.0156984 
3.631, 0.0156914 
3.632, 0.0156844 
3.633, 0.0156774 
3.634, 0.0156704 
3.635, 0.0156633 
3.636, 0.0156564 
3.637, 0.0156494 
3.638, 0.0156424 
3.639, 0.0156354 
3.64, 0.0156284 
3.641, 0.0156214 
3.642, 0.0156145 
3.643, 0.0156075 
3.644, 0.0156005 
3.645, 0.0155936 
3.646, 0.0155866 
3.647, 0.0155797 
3.648, 0.0155727 
3.649, 0.0155658 
3.65, 0.0155588 
3.651, 0.0155519 
3.652, 0.015545 
3.653, 0.015538 
3.654, 0.0155311 
3.655, 0.0155242 
3.656, 0.0155173 
3.657, 0.0155104 
3.658, 0.0155035 
3.659, 0.0154966 
3.66, 0.0154897 
3.661, 0.0154828 
3.662, 0.0154759 
3.663, 0.015469 
3.664, 0.0154621 
3.665, 0.0154552 
3.666, 0.0154484 
3.667, 0.0154415 
3.668, 0.0154346 
3.669, 0.0154278 
3.67, 0.0154209 
3.671, 0.0154141 
3.672, 0.0154072 
3.673, 0.0154004 
3.674, 0.0153935 
3.675, 0.0153867 
3.676, 0.0153799 
3.677, 0.015373 
3.678, 0.0153662 
3.679, 0.0153594 
3.68, 0.0153526 
3.681, 0.0153458 
3.682, 0.015339 
3.683, 0.0153322 
3.684, 0.0153254 
3.685, 0.0153186 
3.686, 0.0153118 
3.687, 0.015305 
3.688, 0.0152982 
3.689, 0.0152914 
3.69, 0.0152847 
3.691, 0.0152779 
3.692, 0.0152711 
3.693, 0.0152644 
3.694, 0.0152576 
3.695, 0.0152508 
3.696, 0.0152441 
3.697, 0.0152373 
3.698, 0.0152306 
3.699, 0.0152239 
3.7, 0.0152171 
3.701, 0.0152104 
3.702, 0.0152037 
3.703, 0.015197 
3.704, 0.0151902 
3.705, 0.0151835 
3.706, 0.0151768 
3.707, 0.0151701 
3.708, 0.0151634 
3.709, 0.0151567 
3.71, 0.01515 
3.711, 0.0151433 
3.712, 0.0151366 
3.713, 0.01513 
3.714, 0.0151233 
3.715, 0.0151166 
3.716, 0.0151099 
3.717, 0.0151033 
3.718, 0.0150966 
3.719, 0.0150899 
3.72, 0.0150833 
3.721, 0.0150766 
3.722, 0.01507 
3.723, 0.0150633 
3.724, 0.0150567 
3.725, 0.0150501 
3.726, 0.0150434 
3.727, 0.0150368 
3.728, 0.0150302 
3.729, 0.0150236 
3.73, 0.015017 
3.731, 0.0150104 
3.732, 0.0150037 
3.733, 0.0149971 
3.734, 0.0149905 
3.735, 0.014984 
3.736, 0.0149774 
3.737, 0.0149708 
3.738, 0.0149642 
3.739, 0.0149576 
3.74, 0.014951 
3.741, 0.0149445 
3.742, 0.0149379 
3.743, 0.0149313 
3.744, 0.0149248 
3.745, 0.0149182 
3.746, 0.0149117 
3.747, 0.0149051 
3.748, 0.0148986 
3.749, 0.014892 
3.75, 0.0148855 
3.751, 0.014879 
3.752, 0.0148724 
3.753, 0.0148659 
3.754, 0.0148594 
3.755, 0.0148529 
3.756, 0.0148464 
3.757, 0.0148399 
3.758, 0.0148333 
3.759, 0.0148268 
3.76, 0.0148204 
3.761, 0.0148139 
3.762, 0.0148074 
3.763, 0.0148009 
3.764, 0.0147944 
3.765, 0.0147879 
3.766, 0.0147814 
3.767, 0.014775 
3.768, 0.0147685 
3.769, 0.014762 
3.77, 0.0147556 
3.771, 0.0147491 
3.772, 0.0147427 
3.773, 0.0147362 
3.774, 0.0147298 
3.775, 0.0147234 
3.776, 0.0147169 
3.777, 0.0147105 
3.778, 0.0147041 
3.779, 0.0146976 
3.78, 0.0146912 
3.781, 0.0146848 
3.782, 0.0146784 
3.783, 0.014672 
3.784, 0.0146656 
3.785, 0.0146592 
3.786, 0.0146528 
3.787, 0.0146464 
3.788, 0.01464 
3.789, 0.0146336 
3.79, 0.0146272 
3.791, 0.0146208 
3.792, 0.0146145 
3.793, 0.0146081 
3.794, 0.0146017 
3.795, 0.0145954 
3.796, 0.014589 
3.797, 0.0145826 
3.798, 0.0145763 
3.799, 0.0145699 
3.8, 0.0145636 
3.801, 0.0145573 
3.802, 0.0145509 
3.803, 0.0145446 
3.804, 0.0145383 
3.805, 0.0145319 
3.806, 0.0145256 
3.807, 0.0145193 
3.808, 0.014513 
3.809, 0.0145067 
3.81, 0.0145004 
3.811, 0.0144941 
3.812, 0.0144878 
3.813, 0.0144815 
3.814, 0.0144752 
3.815, 0.0144689 
3.816, 0.0144626 
3.817, 0.0144563 
3.818, 0.01445 
3.819, 0.0144438 
3.82, 0.0144375 
3.821, 0.0144312 
3.822, 0.014425 
3.823, 0.0144187 
3.824, 0.0144125 
3.825, 0.0144062 
3.826, 0.0144 
3.827, 0.0143937 
3.828, 0.0143875 
3.829, 0.0143812 
3.83, 0.014375 
3.831, 0.0143688 
3.832, 0.0143626 
3.833, 0.0143563 
3.834, 0.0143501 
3.835, 0.0143439 
3.836, 0.0143377 
3.837, 0.0143315 
3.838, 0.0143253 
3.839, 0.0143191 
3.84, 0.0143129 
3.841, 0.0143067 
3.842, 0.0143005 
3.843, 0.0142943 
3.844, 0.0142881 
3.845, 0.014282 
3.846, 0.0142758 
3.847, 0.0142696 
3.848, 0.0142635 
3.849, 0.0142573 
3.85, 0.0142511 
3.851, 0.014245 
3.852, 0.0142388 
3.853, 0.0142327 
3.854, 0.0142265 
3.855, 0.0142204 
3.856, 0.0142143 
3.857, 0.0142081 
3.858, 0.014202 
3.859, 0.0141959 
3.86, 0.0141897 
3.861, 0.0141836 
3.862, 0.0141775 
3.863, 0.0141714 
3.864, 0.0141653 
3.865, 0.0141592 
3.866, 0.0141531 
3.867, 0.014147 
3.868, 0.0141409 
3.869, 0.0141348 
3.87, 0.0141287 
3.871, 0.0141226 
3.872, 0.0141165 
3.873, 0.0141105 
3.874, 0.0141044 
3.875, 0.0140983 
3.876, 0.0140923 
3.877, 0.0140862 
3.878, 0.0140801 
3.879, 0.0140741 
3.88, 0.014068 
3.881, 0.014062 
3.882, 0.0140559 
3.883, 0.0140499 
3.884, 0.0140439 
3.885, 0.0140378 
3.886, 0.0140318 
3.887, 0.0140258 
3.888, 0.0140198 
3.889, 0.0140137 
3.89, 0.0140077 
3.891, 0.0140017 
3.892, 0.0139957 
3.893, 0.0139897 
3.894, 0.0139837 
3.895, 0.0139777 
3.896, 0.0139717 
3.897, 0.0139657 
3.898, 0.0139597 
3.899, 0.0139537 
3.9, 0.0139478 
3.901, 0.0139418 
3.902, 0.0139358 
3.903, 0.0139298 
3.904, 0.0139239 
3.905, 0.0139179 
3.906, 0.013912 
3.907, 0.013906 
3.908, 0.0139 
3.909, 0.0138941 
3.91, 0.0138882 
3.911, 0.0138822 
3.912, 0.0138763 
3.913, 0.0138703 
3.914, 0.0138644 
3.915, 0.0138585 
3.916, 0.0138526 
3.917, 0.0138466 
3.918, 0.0138407 
3.919, 0.0138348 
3.92, 0.0138289 
3.921, 0.013823 
3.922, 0.0138171 
3.923, 0.0138112 
3.924, 0.0138053 
3.925, 0.0137994 
3.926, 0.0137935 
3.927, 0.0137876 
3.928, 0.0137817 
3.929, 0.0137759 
3.93, 0.01377 
3.931, 0.0137641 
3.932, 0.0137582 
3.933, 0.0137524 
3.934, 0.0137465 
3.935, 0.0137407 
3.936, 0.0137348 
3.937, 0.013729 
3.938, 0.0137231 
3.939, 0.0137173 
3.94, 0.0137114 
3.941, 0.0137056 
3.942, 0.0136998 
3.943, 0.0136939 
3.944, 0.0136881 
3.945, 0.0136823 
3.946, 0.0136765 
3.947, 0.0136706 
3.948, 0.0136648 
3.949, 0.013659 
3.95, 0.0136532 
3.951, 0.0136474 
3.952, 0.0136416 
3.953, 0.0136358 
3.954, 0.01363 
3.955, 0.0136242 
3.956, 0.0136184 
3.957, 0.0136126 
3.958, 0.0136069 
3.959, 0.0136011 
3.96, 0.0135953 
3.961, 0.0135896 
3.962, 0.0135838 
3.963, 0.013578 
3.964, 0.0135723 
3.965, 0.0135665 
3.966, 0.0135608 
3.967, 0.013555 
3.968, 0.0135493 
3.969, 0.0135435 
3.97, 0.0135378 
3.971, 0.013532 
3.972, 0.0135263 
3.973, 0.0135206 
3.974, 0.0135149 
3.975, 0.0135091 
3.976, 0.0135034 
3.977, 0.0134977 
3.978, 0.013492 
3.979, 0.0134863 
3.98, 0.0134806 
3.981, 0.0134749 
3.982, 0.0134692 
3.983, 0.0134635 
3.984, 0.0134578 
3.985, 0.0134521 
3.986, 0.0134464 
3.987, 0.0134407 
3.988, 0.013435 
3.989, 0.0134294 
3.99, 0.0134237 
3.991, 0.013418 
3.992, 0.0134124 
3.993, 0.0134067 
3.994, 0.013401 
3.995, 0.0133954 
3.996, 0.0133897 
3.997, 0.0133841 
3.998, 0.0133784 
3.999, 0.0133728 
4, 0.0133672 
4.001, 0.0133615 
4.002, 0.0133559 
4.003, 0.0133503 
4.004, 0.0133446 
4.005, 0.013339 
4.006, 0.0133334 
4.007, 0.0133278 
4.008, 0.0133222 
4.009, 0.0133165 
4.01, 0.0133109 
4.011, 0.0133053 
4.012, 0.0132997 
4.013, 0.0132941 
4.014, 0.0132885 
4.015, 0.013283 
4.016, 0.0132774 
4.017, 0.0132718 
4.018, 0.0132662 
4.019, 0.0132606 
4.02, 0.0132551 
4.021, 0.0132495 
4.022, 0.0132439 
4.023, 0.0132384 
4.024, 0.0132328 
4.025, 0.0132272 
4.026, 0.0132217 
4.027, 0.0132161 
4.028, 0.0132106 
4.029, 0.013205 
4.03, 0.0131995 
4.031, 0.013194 
4.032, 0.0131884 
4.033, 0.0131829 
4.034, 0.0131774 
4.035, 0.0131718 
4.036, 0.0131663 
4.037, 0.0131608 
4.038, 0.0131553 
4.039, 0.0131498 
4.04, 0.0131443 
4.041, 0.0131387 
4.042, 0.0131332 
4.043, 0.0131277 
4.044, 0.0131222 
4.045, 0.0131168 
4.046, 0.0131113 
4.047, 0.0131058 
4.048, 0.0131003 
4.049, 0.0130948 
4.05, 0.0130893 
4.051, 0.0130839 
4.052, 0.0130784 
4.053, 0.0130729 
4.054, 0.0130675 
4.055, 0.013062 
4.056, 0.0130565 
4.057, 0.0130511 
4.058, 0.0130456 
4.059, 0.0130402 
4.06, 0.0130347 
4.061, 0.0130293 
4.062, 0.0130238 
4.063, 0.0130184 
4.064, 0.013013 
4.065, 0.0130075 
4.066, 0.0130021 
4.067, 0.0129967 
4.068, 0.0129913 
4.069, 0.0129859 
4.07, 0.0129804 
4.071, 0.012975 
4.072, 0.0129696 
4.073, 0.0129642 
4.074, 0.0129588 
4.075, 0.0129534 
4.076, 0.012948 
4.077, 0.0129426 
4.078, 0.0129372 
4.079, 0.0129319 
4.08, 0.0129265 
4.081, 0.0129211 
4.082, 0.0129157 
4.083, 0.0129103 
4.084, 0.012905 
4.085, 0.0128996 
4.086, 0.0128942 
4.087, 0.0128889 
4.088, 0.0128835 
4.089, 0.0128782 
4.09, 0.0128728 
4.091, 0.0128675 
4.092, 0.0128621 
4.093, 0.0128568 
4.094, 0.0128514 
4.095, 0.0128461 
4.096, 0.0128408 
4.097, 0.0128354 
4.098, 0.0128301 
4.099, 0.0128248 
4.1, 0.0128195 
4.101, 0.0128141 
4.102, 0.0128088 
4.103, 0.0128035 
4.104, 0.0127982 
4.105, 0.0127929 
4.106, 0.0127876 
4.107, 0.0127823 
4.108, 0.012777 
4.109, 0.0127717 
4.11, 0.0127664 
4.111, 0.0127611 
4.112, 0.0127558 
4.113, 0.0127506 
4.114, 0.0127453 
4.115, 0.01274 
4.116, 0.0127347 
4.117, 0.0127295 
4.118, 0.0127242 
4.119, 0.0127189 
4.12, 0.0127137 
4.121, 0.0127084 
4.122, 0.0127032 
4.123, 0.0126979 
4.124, 0.0126927 
4.125, 0.0126874 
4.126, 0.0126822 
4.127, 0.0126769 
4.128, 0.0126717 
4.129, 0.0126665 
4.13, 0.0126612 
4.131, 0.012656 
4.132, 0.0126508 
4.133, 0.0126456 
4.134, 0.0126404 
4.135, 0.0126351 
4.136, 0.0126299 
4.137, 0.0126247 
4.138, 0.0126195 
4.139, 0.0126143 
4.14, 0.0126091 
4.141, 0.0126039 
4.142, 0.0125987 
4.143, 0.0125935 
4.144, 0.0125883 
4.145, 0.0125832 
4.146, 0.012578 
4.147, 0.0125728 
4.148, 0.0125676 
4.149, 0.0125624 
4.15, 0.0125573 
4.151, 0.0125521 
4.152, 0.0125469 
4.153, 0.0125418 
4.154, 0.0125366 
4.155, 0.0125315 
4.156, 0.0125263 
4.157, 0.0125212 
4.158, 0.012516 
4.159, 0.0125109 
4.16, 0.0125057 
4.161, 0.0125006 
4.162, 0.0124955 
4.163, 0.0124903 
4.164, 0.0124852 
4.165, 0.0124801 
4.166, 0.012475 
4.167, 0.0124698 
4.168, 0.0124647 
4.169, 0.0124596 
4.17, 0.0124545 
4.171, 0.0124494 
4.172, 0.0124443 
4.173, 0.0124392 
4.174, 0.0124341 
4.175, 0.012429 
4.176, 0.0124239 
4.177, 0.0124188 
4.178, 0.0124137 
4.179, 0.0124086 
4.18, 0.0124035 
4.181, 0.0123985 
4.182, 0.0123934 
4.183, 0.0123883 
4.184, 0.0123832 
4.185, 0.0123782 
4.186, 0.0123731 
4.187, 0.0123681 
4.188, 0.012363 
4.189, 0.0123579 
4.19, 0.0123529 
4.191, 0.0123478 
4.192, 0.0123428 
4.193, 0.0123377 
4.194, 0.0123327 
4.195, 0.0123277 
4.196, 0.0123226 
4.197, 0.0123176 
4.198, 0.0123126 
4.199, 0.0123075 
4.2, 0.0123025 
4.201, 0.0122975 
4.202, 0.0122925 
4.203, 0.0122875 
4.204, 0.0122825 
4.205, 0.0122774 
4.206, 0.0122724 
4.207, 0.0122674 
4.208, 0.0122624 
4.209, 0.0122574 
4.21, 0.0122524 
4.211, 0.0122474 
4.212, 0.0122425 
4.213, 0.0122375 
4.214, 0.0122325 
4.215, 0.0122275 
4.216, 0.0122225 
4.217, 0.0122175 
4.218, 0.0122126 
4.219, 0.0122076 
4.22, 0.0122026 
4.221, 0.0121977 
4.222, 0.0121927 
4.223, 0.0121878 
4.224, 0.0121828 
4.225, 0.0121778 
4.226, 0.0121729 
4.227, 0.0121679 
4.228, 0.012163 
4.229, 0.0121581 
4.23, 0.0121531 
4.231, 0.0121482 
4.232, 0.0121433 
4.233, 0.0121383 
4.234, 0.0121334 
4.235, 0.0121285 
4.236, 0.0121236 
4.237, 0.0121186 
4.238, 0.0121137 
4.239, 0.0121088 
4.24, 0.0121039 
4.241, 0.012099 
4.242, 0.0120941 
4.243, 0.0120892 
4.244, 0.0120843 
4.245, 0.0120794 
4.246, 0.0120745 
4.247, 0.0120696 
4.248, 0.0120647 
4.249, 0.0120598 
4.25, 0.0120549 
4.251, 0.0120501 
4.252, 0.0120452 
4.253, 0.0120403 
4.254, 0.0120354 
4.255, 0.0120306 
4.256, 0.0120257 
4.257, 0.0120208 
4.258, 0.012016 
4.259, 0.0120111 
4.26, 0.0120063 
4.261, 0.0120014 
4.262, 0.0119966 
4.263, 0.0119917 
4.264, 0.0119869 
4.265, 0.011982 
4.266, 0.0119772 
4.267, 0.0119723 
4.268, 0.0119675 
4.269, 0.0119627 
4.27, 0.0119579 
4.271, 0.011953 
4.272, 0.0119482 
4.273, 0.0119434 
4.274, 0.0119386 
4.275, 0.0119338 
4.276, 0.0119289 
4.277, 0.0119241 
4.278, 0.0119193 
4.279, 0.0119145 
4.28, 0.0119097 
4.281, 0.0119049 
4.282, 0.0119001 
4.283, 0.0118953 
4.284, 0.0118906 
4.285, 0.0118858 
4.286, 0.011881 
4.287, 0.0118762 
4.288, 0.0118714 
4.289, 0.0118666 
4.29, 0.0118619 
4.291, 0.0118571 
4.292, 0.0118523 
4.293, 0.0118476 
4.294, 0.0118428 
4.295, 0.011838 
4.296, 0.0118333 
4.297, 0.0118285 
4.298, 0.0118238 
4.299, 0.011819 
4.3, 0.0118143 
4.301, 0.0118095 
4.302, 0.0118048 
4.303, 0.0118001 
4.304, 0.0117953 
4.305, 0.0117906 
4.306, 0.0117859 
4.307, 0.0117811 
4.308, 0.0117764 
4.309, 0.0117717 
4.31, 0.011767 
4.311, 0.0117623 
4.312, 0.0117575 
4.313, 0.0117528 
4.314, 0.0117481 
4.315, 0.0117434 
4.316, 0.0117387 
4.317, 0.011734 
4.318, 0.0117293 
4.319, 0.0117246 
4.32, 0.0117199 
4.321, 0.0117152 
4.322, 0.0117105 
4.323, 0.0117059 
4.324, 0.0117012 
4.325, 0.0116965 
4.326, 0.0116918 
4.327, 0.0116871 
4.328, 0.0116825 
4.329, 0.0116778 
4.33, 0.0116731 
4.331, 0.0116685 
4.332, 0.0116638 
4.333, 0.0116591 
4.334, 0.0116545 
4.335, 0.0116498 
4.336, 0.0116452 
4.337, 0.0116405 
4.338, 0.0116359 
4.339, 0.0116312 
4.34, 0.0116266 
4.341, 0.011622 
4.342, 0.0116173 
4.343, 0.0116127 
4.344, 0.0116081 
4.345, 0.0116034 
4.346, 0.0115988 
4.347, 0.0115942 
4.348, 0.0115896 
4.349, 0.011585 
4.35, 0.0115803 
4.351, 0.0115757 
4.352, 0.0115711 
4.353, 0.0115665 
4.354, 0.0115619 
4.355, 0.0115573 
4.356, 0.0115527 
4.357, 0.0115481 
4.358, 0.0115435 
4.359, 0.0115389 
4.36, 0.0115343 
4.361, 0.0115297 
4.362, 0.0115252 
4.363, 0.0115206 
4.364, 0.011516 
4.365, 0.0115114 
4.366, 0.0115069 
4.367, 0.0115023 
4.368, 0.0114977 
4.369, 0.0114932 
4.37, 0.0114886 
4.371, 0.011484 
4.372, 0.0114795 
4.373, 0.0114749 
4.374, 0.0114704 
4.375, 0.0114658 
4.376, 0.0114613 
4.377, 0.0114567 
4.378, 0.0114522 
4.379, 0.0114476 
4.38, 0.0114431 
4.381, 0.0114386 
4.382, 0.011434 
4.383, 0.0114295 
4.384, 0.011425 
4.385, 0.0114204 
4.386, 0.0114159 
4.387, 0.0114114 
4.388, 0.0114069 
4.389, 0.0114024 
4.39, 0.0113979 
4.391, 0.0113933 
4.392, 0.0113888 
4.393, 0.0113843 
4.394, 0.0113798 
4.395, 0.0113753 
4.396, 0.0113708 
4.397, 0.0113663 
4.398, 0.0113618 
4.399, 0.0113574 
4.4, 0.0113529 
4.401, 0.0113484 
4.402, 0.0113439 
4.403, 0.0113394 
4.404, 0.0113349 
4.405, 0.0113305 
4.406, 0.011326 
4.407, 0.0113215 
4.408, 0.0113171 
4.409, 0.0113126 
4.41, 0.0113081 
4.411, 0.0113037 
4.412, 0.0112992 
4.413, 0.0112948 
4.414, 0.0112903 
4.415, 0.0112859 
4.416, 0.0112814 
4.417, 0.011277 
4.418, 0.0112725 
4.419, 0.0112681 
4.42, 0.0112636 
4.421, 0.0112592 
4.422, 0.0112548 
4.423, 0.0112503 
4.424, 0.0112459 
4.425, 0.0112415 
4.426, 0.0112371 
4.427, 0.0112327 
4.428, 0.0112282 
4.429, 0.0112238 
4.43, 0.0112194 
4.431, 0.011215 
4.432, 0.0112106 
4.433, 0.0112062 
4.434, 0.0112018 
4.435, 0.0111974 
4.436, 0.011193 
4.437, 0.0111886 
4.438, 0.0111842 
4.439, 0.0111798 
4.44, 0.0111754 
4.441, 0.011171 
4.442, 0.0111666 
4.443, 0.0111623 
4.444, 0.0111579 
4.445, 0.0111535 
4.446, 0.0111491 
4.447, 0.0111448 
4.448, 0.0111404 
4.449, 0.011136 
4.45, 0.0111317 
4.451, 0.0111273 
4.452, 0.0111229 
4.453, 0.0111186 
4.454, 0.0111142 
4.455, 0.0111099 
4.456, 0.0111055 
4.457, 0.0111012 
4.458, 0.0110968 
4.459, 0.0110925 
4.46, 0.0110882 
4.461, 0.0110838 
4.462, 0.0110795 
4.463, 0.0110751 
4.464, 0.0110708 
4.465, 0.0110665 
4.466, 0.0110622 
4.467, 0.0110578 
4.468, 0.0110535 
4.469, 0.0110492 
4.47, 0.0110449 
4.471, 0.0110406 
4.472, 0.0110363 
4.473, 0.0110319 
4.474, 0.0110276 
4.475, 0.0110233 
4.476, 0.011019 
4.477, 0.0110147 
4.478, 0.0110104 
4.479, 0.0110061 
4.48, 0.0110019 
4.481, 0.0109976 
4.482, 0.0109933 
4.483, 0.010989 
4.484, 0.0109847 
4.485, 0.0109804 
4.486, 0.0109761 
4.487, 0.0109719 
4.488, 0.0109676 
4.489, 0.0109633 
4.49, 0.0109591 
4.491, 0.0109548 
4.492, 0.0109505 
4.493, 0.0109463 
4.494, 0.010942 
4.495, 0.0109377 
4.496, 0.0109335 
4.497, 0.0109292 
4.498, 0.010925 
4.499, 0.0109207 
4.5, 0.0109165 
4.501, 0.0109123 
4.502, 0.010908 
4.503, 0.0109038 
4.504, 0.0108995 
4.505, 0.0108953 
4.506, 0.0108911 
4.507, 0.0108868 
4.508, 0.0108826 
4.509, 0.0108784 
4.51, 0.0108742 
4.511, 0.01087 
4.512, 0.0108657 
4.513, 0.0108615 
4.514, 0.0108573 
4.515, 0.0108531 
4.516, 0.0108489 
4.517, 0.0108447 
4.518, 0.0108405 
4.519, 0.0108363 
4.52, 0.0108321 
4.521, 0.0108279 
4.522, 0.0108237 
4.523, 0.0108195 
4.524, 0.0108153 
4.525, 0.0108111 
4.526, 0.0108069 
4.527, 0.0108028 
4.528, 0.0107986 
4.529, 0.0107944 
4.53, 0.0107902 
4.531, 0.0107861 
4.532, 0.0107819 
4.533, 0.0107777 
4.534, 0.0107735 
4.535, 0.0107694 
4.536, 0.0107652 
4.537, 0.0107611 
4.538, 0.0107569 
4.539, 0.0107527 
4.54, 0.0107486 
4.541, 0.0107444 
4.542, 0.0107403 
4.543, 0.0107361 
4.544, 0.010732 
4.545, 0.0107279 
4.546, 0.0107237 
4.547, 0.0107196 
4.548, 0.0107155 
4.549, 0.0107113 
4.55, 0.0107072 
4.551, 0.0107031 
4.552, 0.0106989 
4.553, 0.0106948 
4.554, 0.0106907 
4.555, 0.0106866 
4.556, 0.0106825 
4.557, 0.0106783 
4.558, 0.0106742 
4.559, 0.0106701 
4.56, 0.010666 
4.561, 0.0106619 
4.562, 0.0106578 
4.563, 0.0106537 
4.564, 0.0106496 
4.565, 0.0106455 
4.566, 0.0106414 
4.567, 0.0106373 
4.568, 0.0106332 
4.569, 0.0106291 
4.57, 0.0106251 
4.571, 0.010621 
4.572, 0.0106169 
4.573, 0.0106128 
4.574, 0.0106087 
4.575, 0.0106047 
4.576, 0.0106006 
4.577, 0.0105965 
4.578, 0.0105925 
4.579, 0.0105884 
4.58, 0.0105843 
4.581, 0.0105803 
4.582, 0.0105762 
4.583, 0.0105722 
4.584, 0.0105681 
4.585, 0.010564 
4.586, 0.01056 
4.587, 0.010556 
4.588, 0.0105519 
4.589, 0.0105479 
4.59, 0.0105438 
4.591, 0.0105398 
4.592, 0.0105357 
4.593, 0.0105317 
4.594, 0.0105277 
4.595, 0.0105236 
4.596, 0.0105196 
4.597, 0.0105156 
4.598, 0.0105116 
4.599, 0.0105076 
4.6, 0.0105035 
4.601, 0.0104995 
4.602, 0.0104955 
4.603, 0.0104915 
4.604, 0.0104875 
4.605, 0.0104835 
4.606, 0.0104795 
4.607, 0.0104755 
4.608, 0.0104715 
4.609, 0.0104675 
4.61, 0.0104635 
4.611, 0.0104595 
4.612, 0.0104555 
4.613, 0.0104515 
4.614, 0.0104475 
4.615, 0.0104435 
4.616, 0.0104395 
4.617, 0.0104355 
4.618, 0.0104316 
4.619, 0.0104276 
4.62, 0.0104236 
4.621, 0.0104196 
4.622, 0.0104157 
4.623, 0.0104117 
4.624, 0.0104077 
4.625, 0.0104038 
4.626, 0.0103998 
4.627, 0.0103958 
4.628, 0.0103919 
4.629, 0.0103879 
4.63, 0.010384 
4.631, 0.01038 
4.632, 0.0103761 
4.633, 0.0103721 
4.634, 0.0103682 
4.635, 0.0103642 
4.636, 0.0103603 
4.637, 0.0103564 
4.638, 0.0103524 
4.639, 0.0103485 
4.64, 0.0103446 
4.641, 0.0103406 
4.642, 0.0103367 
4.643, 0.0103328 
4.644, 0.0103288 
4.645, 0.0103249 
4.646, 0.010321 
4.647, 0.0103171 
4.648, 0.0103132 
4.649, 0.0103093 
4.65, 0.0103053 
4.651, 0.0103014 
4.652, 0.0102975 
4.653, 0.0102936 
4.654, 0.0102897 
4.655, 0.0102858 
4.656, 0.0102819 
4.657, 0.010278 
4.658, 0.0102741 
4.659, 0.0102702 
4.66, 0.0102663 
4.661, 0.0102625 
4.662, 0.0102586 
4.663, 0.0102547 
4.664, 0.0102508 
4.665, 0.0102469 
4.666, 0.010243 
4.667, 0.0102392 
4.668, 0.0102353 
4.669, 0.0102314 
4.67, 0.0102276 
4.671, 0.0102237 
4.672, 0.0102198 
4.673, 0.010216 
4.674, 0.0102121 
4.675, 0.0102082 
4.676, 0.0102044 
4.677, 0.0102005 
4.678, 0.0101967 
4.679, 0.0101928 
4.68, 0.010189 
4.681, 0.0101851 
4.682, 0.0101813 
4.683, 0.0101774 
4.684, 0.0101736 
4.685, 0.0101698 
4.686, 0.0101659 
4.687, 0.0101621 
4.688, 0.0101583 
4.689, 0.0101544 
4.69, 0.0101506 
4.691, 0.0101468 
4.692, 0.010143 
4.693, 0.0101391 
4.694, 0.0101353 
4.695, 0.0101315 
4.696, 0.0101277 
4.697, 0.0101239 
4.698, 0.0101201 
4.699, 0.0101162 
4.7, 0.0101124 
4.701, 0.0101086 
4.702, 0.0101048 
4.703, 0.010101 
4.704, 0.0100972 
4.705, 0.0100934 
4.706, 0.0100896 
4.707, 0.0100858 
4.708, 0.0100821 
4.709, 0.0100783 
4.71, 0.0100745 
4.711, 0.0100707 
4.712, 0.0100669 
4.713, 0.0100631 
4.714, 0.0100594 
4.715, 0.0100556 
4.716, 0.0100518 
4.717, 0.010048 
4.718, 0.0100443 
4.719, 0.0100405 
4.72, 0.0100367 
4.721, 0.010033 
4.722, 0.0100292 
4.723, 0.0100254 
4.724, 0.0100217 
4.725, 0.0100179 
4.726, 0.0100142 
4.727, 0.0100104 
4.728, 0.0100067 
4.729, 0.0100029 
4.73, 0.00999916 
4.731, 0.00999542 
4.732, 0.00999168 
4.733, 0.00998793 
4.734, 0.0099842 
4.735, 0.00998046 
4.736, 0.00997672 
4.737, 0.00997299 
4.738, 0.00996926 
4.739, 0.00996553 
4.74, 0.00996181 
4.741, 0.00995808 
4.742, 0.00995436 
4.743, 0.00995064 
4.744, 0.00994692 
4.745, 0.0099432 
4.746, 0.00993949 
4.747, 0.00993577 
4.748, 0.00993206 
4.749, 0.00992836 
4.75, 0.00992465 
4.751, 0.00992094 
4.752, 0.00991724 
4.753, 0.00991354 
4.754, 0.00990984 
4.755, 0.00990614 
4.756, 0.00990245 
4.757, 0.00989876 
4.758, 0.00989506 
4.759, 0.00989138 
4.76, 0.00988769 
4.761, 0.009884 
4.762, 0.00988032 
4.763, 0.00987664 
4.764, 0.00987296 
4.765, 0.00986928 
4.766, 0.00986561 
4.767, 0.00986193 
4.768, 0.00985826 
4.769, 0.00985459 
4.77, 0.00985093 
4.771, 0.00984726 
4.772, 0.0098436 
4.773, 0.00983993 
4.774, 0.00983628 
4.775, 0.00983262 
4.776, 0.00982896 
4.777, 0.00982531 
4.778, 0.00982166 
4.779, 0.00981801 
4.78, 0.00981436 
4.781, 0.00981071 
4.782, 0.00980707 
4.783, 0.00980343 
4.784, 0.00979978 
4.785, 0.00979615 
4.786, 0.00979251 
4.787, 0.00978888 
4.788, 0.00978524 
4.789, 0.00978161 
4.79, 0.00977798 
4.791, 0.00977436 
4.792, 0.00977073 
4.793, 0.00976711 
4.794, 0.00976349 
4.795, 0.00975987 
4.796, 0.00975625 
4.797, 0.00975264 
4.798, 0.00974902 
4.799, 0.00974541 
4.8, 0.0097418 
4.801, 0.00973819 
4.802, 0.00973459 
4.803, 0.00973098 
4.804, 0.00972738 
4.805, 0.00972378 
4.806, 0.00972018 
4.807, 0.00971659 
4.808, 0.00971299 
4.809, 0.0097094 
4.81, 0.00970581 
4.811, 0.00970222 
4.812, 0.00969864 
4.813, 0.00969505 
4.814, 0.00969147 
4.815, 0.00968789 
4.816, 0.00968431 
4.817, 0.00968073 
4.818, 0.00967716 
4.819, 0.00967358 
4.82, 0.00967001 
4.821, 0.00966644 
4.822, 0.00966287 
4.823, 0.00965931 
4.824, 0.00965574 
4.825, 0.00965218 
4.826, 0.00964862 
4.827, 0.00964506 
4.828, 0.00964151 
4.829, 0.00963795 
4.83, 0.0096344 
4.831, 0.00963085 
4.832, 0.0096273 
4.833, 0.00962375 
4.834, 0.00962021 
4.835, 0.00961666 
4.836, 0.00961312 
4.837, 0.00960958 
4.838, 0.00960605 
4.839, 0.00960251 
4.84, 0.00959898 
4.841, 0.00959544 
4.842, 0.00959191 
4.843, 0.00958839 
4.844, 0.00958486 
4.845, 0.00958133 
4.846, 0.00957781 
4.847, 0.00957429 
4.848, 0.00957077 
4.849, 0.00956725 
4.85, 0.00956374 
4.851, 0.00956023 
4.852, 0.00955671 
4.853, 0.0095532 
4.854, 0.0095497 
4.855, 0.00954619 
4.856, 0.00954269 
4.857, 0.00953918 
4.858, 0.00953568 
4.859, 0.00953218 
4.86, 0.00952869 
4.861, 0.00952519 
4.862, 0.0095217 
4.863, 0.00951821 
4.864, 0.00951472 
4.865, 0.00951123 
4.866, 0.00950774 
4.867, 0.00950426 
4.868, 0.00950078 
4.869, 0.0094973 
4.87, 0.00949382 
4.871, 0.00949034 
4.872, 0.00948687 
4.873, 0.00948339 
4.874, 0.00947992 
4.875, 0.00947645 
4.876, 0.00947298 
4.877, 0.00946952 
4.878, 0.00946605 
4.879, 0.00946259 
4.88, 0.00945913 
4.881, 0.00945567 
4.882, 0.00945222 
4.883, 0.00944876 
4.884, 0.00944531 
4.885, 0.00944186 
4.886, 0.00943841 
4.887, 0.00943496 
4.888, 0.00943151 
4.889, 0.00942807 
4.89, 0.00942463 
4.891, 0.00942119 
4.892, 0.00941775 
4.893, 0.00941431 
4.894, 0.00941088 
4.895, 0.00940744 
4.896, 0.00940401 
4.897, 0.00940058 
4.898, 0.00939715 
4.899, 0.00939373 
4.9, 0.0093903 
4.901, 0.00938688 
4.902, 0.00938346 
4.903, 0.00938004 
4.904, 0.00937662 
4.905, 0.00937321 
4.906, 0.00936979 
4.907, 0.00936638 
4.908, 0.00936297 
4.909, 0.00935956 
4.91, 0.00935616 
4.911, 0.00935275 
4.912, 0.00934935 
4.913, 0.00934595 
4.914, 0.00934255 
4.915, 0.00933915 
4.916, 0.00933576 
4.917, 0.00933236 
4.918, 0.00932897 
4.919, 0.00932558 
4.92, 0.00932219 
4.921, 0.0093188 
4.922, 0.00931542 
4.923, 0.00931204 
4.924, 0.00930865 
4.925, 0.00930527 
4.926, 0.0093019 
4.927, 0.00929852 
4.928, 0.00929514 
4.929, 0.00929177 
4.93, 0.0092884 
4.931, 0.00928503 
4.932, 0.00928166 
4.933, 0.0092783 
4.934, 0.00927493 
4.935, 0.00927157 
4.936, 0.00926821 
4.937, 0.00926485 
4.938, 0.00926149 
4.939, 0.00925814 
4.94, 0.00925479 
4.941, 0.00925143 
4.942, 0.00924808 
4.943, 0.00924474 
4.944, 0.00924139 
4.945, 0.00923804 
4.946, 0.0092347 
4.947, 0.00923136 
4.948, 0.00922802 
4.949, 0.00922468 
4.95, 0.00922135 
4.951, 0.00921801 
4.952, 0.00921468 
4.953, 0.00921135 
4.954, 0.00920802 
4.955, 0.00920469 
4.956, 0.00920136 
4.957, 0.00919804 
4.958, 0.00919472 
4.959, 0.0091914 
4.96, 0.00918808 
4.961, 0.00918476 
4.962, 0.00918145 
4.963, 0.00917813 
4.964, 0.00917482 
4.965, 0.00917151 
4.966, 0.0091682 
4.967, 0.00916489 
4.968, 0.00916159 
4.969, 0.00915828 
4.97, 0.00915498 
4.971, 0.00915168 
4.972, 0.00914838 
4.973, 0.00914509 
4.974, 0.00914179 
4.975, 0.0091385 
4.976, 0.00913521 
4.977, 0.00913192 
4.978, 0.00912863 
4.979, 0.00912534 
4.98, 0.00912206 
4.981, 0.00911878 
4.982, 0.0091155 
4.983, 0.00911222 
4.984, 0.00910894 
4.985, 0.00910566 
4.986, 0.00910239 
4.987, 0.00909911 
4.988, 0.00909584 
4.989, 0.00909257 
4.99, 0.00908931 
4.991, 0.00908604 
4.992, 0.00908278 
4.993, 0.00907951 
4.994, 0.00907625 
4.995, 0.00907299 
4.996, 0.00906973 
4.997, 0.00906648 
4.998, 0.00906322 
4.999, 0.00905997 
