0, -nan 
0.001, 0.0432085 
0.002, 0.512617 
0.003, 0.683524 
0.004, 0.875825 
0.005, 0.233607 
0.006, 0.116909 
0.007, 0.149716 
0.008, 0.028081 
0.009, 0.7478 
0.01, 0.178312 
0.011, 0.821774 
0.012, 0.305083 
0.013, 0.171288 
0.014, 0.548362 
0.015, 0.492285 
0.016, 0.282229 
0.017, 0.457743 
0.018, 0.156877 
0.019, 0.707383 
0.02, 0.428943 
0.021, 0.511572 
0.022, 0.934987 
0.023, 0.259168 
0.024, 0.73774 
0.025, 0.0399965 
0.026, 0.739566 
0.027, 0.9786 
0.028, 0.851973 
0.029, 0.78599 
0.03, 0.843577 
0.031, 0.877493 
0.032, 0.617632 
0.033, 0.129156 
0.034, 0.198716 
0.035, 0.748951 
0.036, 0.330378 
0.037, 0.212754 
0.038, 0.676451 
0.039, 0.0824985 
0.04, 0.649509 
0.041, 0.112749 
0.042, 0.619373 
0.043, 0.105881 
0.044, 0.602653 
0.045, 0.16804 
0.046, 0.429149 
0.047, 0.43701 
0.048, 0.140524 
0.049, 0.562695 
0.05, 0.312108 
0.051, 0.173998 
0.052, 0.563854 
0.053, 0.368056 
0.054, 0.123385 
0.055, 0.459391 
0.056, 0.553385 
0.057, 0.197002 
0.058, 0.176696 
0.059, 0.528628 
0.06, 0.562809 
0.061, 0.228528 
0.062, 0.119433 
0.063, 0.409872 
0.064, 0.638861 
0.065, 0.475422 
0.066, 0.163101 
0.067, 0.120007 
0.068, 0.39157 
0.069, 0.647608 
0.07, 0.605055 
0.071, 0.323352 
0.072, 0.0973099 
0.073, 0.141652 
0.074, 0.406096 
0.075, 0.655189 
0.076, 0.687632 
0.077, 0.48944 
0.078, 0.218951 
0.079, 0.0710294 
0.08, 0.140267 
0.081, 0.373425 
0.082, 0.62194 
0.083, 0.741783 
0.084, 0.673547 
0.085, 0.463073 
0.086, 0.224234 
0.087, 0.0744317 
0.088, 0.0792864 
0.089, 0.229974 
0.09, 0.456537 
0.091, 0.66434 
0.092, 0.77434 
0.093, 0.750866 
0.094, 0.609072 
0.095, 0.403373 
0.096, 0.204531 
0.097, 0.075088 
0.098, 0.0512131 
0.099, 0.135255 
0.1, 0.299142 
0.101, 0.495651 
0.102, 0.67303 
0.103, 0.788559 
0.104, 0.81784 
0.105, 0.758359 
0.106, 0.627525 
0.107, 0.456614 
0.108, 0.28266 
0.109, 0.14035 
0.11, 0.0555549 
0.111, 0.0414659 
0.112, 0.0976177 
0.113, 0.211473 
0.114, 0.361859 
0.115, 0.52335 
0.116, 0.670735 
0.117, 0.782822 
0.118, 0.845136 
0.119, 0.851259 
0.12, 0.802875 
0.121, 0.708694 
0.122, 0.582602 
0.123, 0.441395 
0.124, 0.302449 
0.125, 0.181626 
0.126, 0.0916253 
0.127, 0.0409056 
0.128, 0.0332042 
0.129, 0.0676187 
0.13, 0.139154 
0.131, 0.239609 
0.132, 0.358664 
0.133, 0.485028 
0.134, 0.607543 
0.135, 0.71613 
0.136, 0.802536 
0.137, 0.860837 
0.138, 0.887686 
0.139, 0.882333 
0.14, 0.846443 
0.141, 0.783749 
0.142, 0.699604 
0.143, 0.600459 
0.144, 0.493337 
0.145, 0.385322 
0.146, 0.283102 
0.147, 0.192593 
0.148, 0.118649 
0.149, 0.064872 
0.15, 0.0335158 
0.151, 0.0254749 
0.152, 0.0403548 
0.153, 0.0766024 
0.154, 0.131684 
0.155, 0.202297 
0.156, 0.284593 
0.157, 0.374409 
0.158, 0.46749 
0.159, 0.559683 
0.16, 0.647118 
0.161, 0.726352 
0.162, 0.794478 
0.163, 0.849199 
0.164, 0.888878 
0.165, 0.912544 
0.166, 0.919878 
0.167, 0.911175 
0.168, 0.887282 
0.169, 0.849528 
0.17, 0.799637 
0.171, 0.739641 
0.172, 0.671786 
0.173, 0.598447 
0.174, 0.522036 
0.175, 0.444928 
0.176, 0.369393 
0.177, 0.297532 
0.178, 0.231229 
0.179, 0.172117 
0.18, 0.121545 
0.181, 0.0805673 
0.182, 0.0499342 
0.183, 0.0300943 
0.184, 0.0212054 
0.185, 0.0231512 
0.186, 0.0355641 
0.187, 0.0578512 
0.188, 0.089225 
0.189, 0.128735 
0.19, 0.1753 
0.191, 0.227743 
0.192, 0.284821 
0.193, 0.345257 
0.194, 0.407772 
0.195, 0.471105 
0.196, 0.534043 
0.197, 0.595439 
0.198, 0.654229 
0.199, 0.709448 
0.2, 0.760242 
0.201, 0.805873 
0.202, 0.845727 
0.203, 0.879318 
0.204, 0.906283 
0.205, 0.926386 
0.206, 0.93951 
0.207, 0.94565 
0.208, 0.944911 
0.209, 0.937494 
0.21, 0.923691 
0.211, 0.90387 
0.212, 0.87847 
0.213, 0.847988 
0.214, 0.812966 
0.215, 0.773983 
0.216, 0.731647 
0.217, 0.686579 
0.218, 0.63941 
0.219, 0.590766 
0.22, 0.541267 
0.221, 0.491514 
0.222, 0.442087 
0.223, 0.393535 
0.224, 0.346375 
0.225, 0.301085 
0.226, 0.258102 
0.227, 0.217821 
0.228, 0.18059 
0.229, 0.14671 
0.23, 0.116437 
0.231, 0.0899777 
0.232, 0.0674931 
0.233, 0.0490986 
0.234, 0.0348657 
0.235, 0.0248232 
0.236, 0.0189601 
0.237, 0.0172275 
0.238, 0.0195412 
0.239, 0.0257849 
0.24, 0.0358124 
0.241, 0.0494511 
0.242, 0.0665051 
0.243, 0.0867577 
0.244, 0.109975 
0.245, 0.135908 
0.246, 0.164296 
0.247, 0.19487 
0.248, 0.227355 
0.249, 0.261472 
0.25, 0.29694 
0.251, 0.333479 
0.252, 0.370813 
0.253, 0.408671 
0.254, 0.446788 
0.255, 0.484907 
0.256, 0.522781 
0.257, 0.560176 
0.258, 0.596865 
0.259, 0.63264 
0.26, 0.667302 
0.261, 0.700669 
0.262, 0.732573 
0.263, 0.76286 
0.264, 0.791392 
0.265, 0.818048 
0.266, 0.842721 
0.267, 0.865318 
0.268, 0.885763 
0.269, 0.903995 
0.27, 0.919965 
0.271, 0.933641 
0.272, 0.945002 
0.273, 0.954041 
0.274, 0.960762 
0.275, 0.965184 
0.276, 0.967333 
0.277, 0.967248 
0.278, 0.964977 
0.279, 0.960575 
0.28, 0.954108 
0.281, 0.945648 
0.282, 0.935274 
0.283, 0.923071 
0.284, 0.909129 
0.285, 0.893544 
0.286, 0.876414 
0.287, 0.857842 
0.288, 0.837933 
0.289, 0.816794 
0.29, 0.794533 
0.291, 0.77126 
0.292, 0.747086 
0.293, 0.72212 
0.294, 0.696472 
0.295, 0.670249 
0.296, 0.643561 
0.297, 0.61651 
0.298, 0.589202 
0.299, 0.561737 
0.3, 0.534213 
0.301, 0.506724 
0.302, 0.479365 
0.303, 0.452222 
0.304, 0.42538 
0.305, 0.398922 
0.306, 0.372924 
0.307, 0.34746 
0.308, 0.322598 
0.309, 0.298405 
0.31, 0.274941 
0.311, 0.252262 
0.312, 0.230422 
0.313, 0.209467 
0.314, 0.189443 
0.315, 0.170389 
0.316, 0.152341 
0.317, 0.13533 
0.318, 0.119385 
0.319, 0.104528 
0.32, 0.0907795 
0.321, 0.078156 
0.322, 0.0666698 
0.323, 0.0563301 
0.324, 0.0471424 
0.325, 0.0391092 
0.326, 0.0322298 
0.327, 0.0265003 
0.328, 0.0219143 
0.329, 0.0184625 
0.33, 0.0161328 
0.331, 0.0149109 
0.332, 0.0147802 
0.333, 0.0157218 
0.334, 0.0177149 
0.335, 0.0207365 
0.336, 0.0247622 
0.337, 0.0297658 
0.338, 0.0357195 
0.339, 0.0425944 
0.34, 0.0503602 
0.341, 0.0589854 
0.342, 0.0684376 
0.343, 0.0786835 
0.344, 0.0896892 
0.345, 0.10142 
0.346, 0.11384 
0.347, 0.126914 
0.348, 0.140607 
0.349, 0.154881 
0.35, 0.1697 
0.351, 0.185028 
0.352, 0.200828 
0.353, 0.217063 
0.354, 0.233699 
0.355, 0.250697 
0.356, 0.268024 
0.357, 0.285642 
0.358, 0.303518 
0.359, 0.321617 
0.36, 0.339905 
0.361, 0.358349 
0.362, 0.376915 
0.363, 0.395573 
0.364, 0.41429 
0.365, 0.433036 
0.366, 0.451781 
0.367, 0.470496 
0.368, 0.489152 
0.369, 0.507724 
0.37, 0.526183 
0.371, 0.544504 
0.372, 0.562663 
0.373, 0.580635 
0.374, 0.598399 
0.375, 0.615931 
0.376, 0.633211 
0.377, 0.650218 
0.378, 0.666934 
0.379, 0.683339 
0.38, 0.699418 
0.381, 0.715152 
0.382, 0.730528 
0.383, 0.745529 
0.384, 0.760143 
0.385, 0.774357 
0.386, 0.788159 
0.387, 0.801537 
0.388, 0.814482 
0.389, 0.826983 
0.39, 0.839034 
0.391, 0.850625 
0.392, 0.86175 
0.393, 0.872403 
0.394, 0.882579 
0.395, 0.892272 
0.396, 0.90148 
0.397, 0.910197 
0.398, 0.918423 
0.399, 0.926156 
0.4, 0.933393 
0.401, 0.940134 
0.402, 0.946381 
0.403, 0.952132 
0.404, 0.957389 
0.405, 0.962154 
0.406, 0.96643 
0.407, 0.970218 
0.408, 0.973522 
0.409, 0.976347 
0.41, 0.978695 
0.411, 0.980571 
0.412, 0.981981 
0.413, 0.982929 
0.414, 0.983422 
0.415, 0.983466 
0.416, 0.983066 
0.417, 0.98223 
0.418, 0.980965 
0.419, 0.979277 
0.42, 0.977174 
0.421, 0.974665 
0.422, 0.971757 
0.423, 0.968457 
0.424, 0.964776 
0.425, 0.96072 
0.426, 0.9563 
0.427, 0.951523 
0.428, 0.946399 
0.429, 0.940937 
0.43, 0.935146 
0.431, 0.929035 
0.432, 0.922614 
0.433, 0.915893 
0.434, 0.90888 
0.435, 0.901585 
0.436, 0.894019 
0.437, 0.88619 
0.438, 0.878108 
0.439, 0.869783 
0.44, 0.861224 
0.441, 0.852442 
0.442, 0.843445 
0.443, 0.834243 
0.444, 0.824846 
0.445, 0.815262 
0.446, 0.805503 
0.447, 0.795576 
0.448, 0.785491 
0.449, 0.775258 
0.45, 0.764885 
0.451, 0.754381 
0.452, 0.743756 
0.453, 0.733017 
0.454, 0.722175 
0.455, 0.711237 
0.456, 0.700211 
0.457, 0.689107 
0.458, 0.677933 
0.459, 0.666696 
0.46, 0.655405 
0.461, 0.644067 
0.462, 0.63269 
0.463, 0.621283 
0.464, 0.609851 
0.465, 0.598403 
0.466, 0.586946 
0.467, 0.575486 
0.468, 0.564031 
0.469, 0.552588 
0.47, 0.541162 
0.471, 0.529761 
0.472, 0.518391 
0.473, 0.507057 
0.474, 0.495766 
0.475, 0.484524 
0.476, 0.473336 
0.477, 0.462208 
0.478, 0.451145 
0.479, 0.440152 
0.48, 0.429235 
0.481, 0.418399 
0.482, 0.407648 
0.483, 0.396986 
0.484, 0.386419 
0.485, 0.375951 
0.486, 0.365586 
0.487, 0.355327 
0.488, 0.34518 
0.489, 0.335147 
0.49, 0.325232 
0.491, 0.315439 
0.492, 0.305771 
0.493, 0.296231 
0.494, 0.286823 
0.495, 0.277549 
0.496, 0.268412 
0.497, 0.259415 
0.498, 0.25056 
0.499, 0.24185 
0.5, 0.233287 
0.501, 0.224873 
0.502, 0.216611 
0.503, 0.208502 
0.504, 0.200547 
0.505, 0.19275 
0.506, 0.185111 
0.507, 0.177632 
0.508, 0.170314 
0.509, 0.163158 
0.51, 0.156167 
0.511, 0.14934 
0.512, 0.142678 
0.513, 0.136184 
0.514, 0.129856 
0.515, 0.123697 
0.516, 0.117706 
0.517, 0.111884 
0.518, 0.106231 
0.519, 0.100749 
0.52, 0.0954364 
0.521, 0.090294 
0.522, 0.0853219 
0.523, 0.08052 
0.524, 0.0758883 
0.525, 0.0714265 
0.526, 0.0671346 
0.527, 0.0630121 
0.528, 0.0590587 
0.529, 0.055274 
0.53, 0.0516574 
0.531, 0.0482085 
0.532, 0.0449266 
0.533, 0.0418109 
0.534, 0.0388609 
0.535, 0.0360756 
0.536, 0.0334543 
0.537, 0.0309961 
0.538, 0.0286999 
0.539, 0.0265648 
0.54, 0.0245898 
0.541, 0.0227738 
0.542, 0.0211156 
0.543, 0.0196141 
0.544, 0.0182681 
0.545, 0.0170763 
0.546, 0.0160374 
0.547, 0.0151501 
0.548, 0.0144131 
0.549, 0.0138249 
0.55, 0.0133842 
0.551, 0.0130895 
0.552, 0.0129393 
0.553, 0.0129321 
0.554, 0.0130664 
0.555, 0.0133406 
0.556, 0.0137532 
0.557, 0.0143025 
0.558, 0.014987 
0.559, 0.0158049 
0.56, 0.0167547 
0.561, 0.0178347 
0.562, 0.0190431 
0.563, 0.0203782 
0.564, 0.0218385 
0.565, 0.023422 
0.566, 0.0251271 
0.567, 0.026952 
0.568, 0.0288949 
0.569, 0.0309542 
0.57, 0.0331279 
0.571, 0.0354143 
0.572, 0.0378116 
0.573, 0.040318 
0.574, 0.0429318 
0.575, 0.045651 
0.576, 0.0484739 
0.577, 0.0513987 
0.578, 0.0544235 
0.579, 0.0575466 
0.58, 0.0607661 
0.581, 0.0640802 
0.582, 0.0674871 
0.583, 0.070985 
0.584, 0.0745721 
0.585, 0.0782466 
0.586, 0.0820067 
0.587, 0.0858505 
0.588, 0.0897764 
0.589, 0.0937824 
0.59, 0.0978669 
0.591, 0.102028 
0.592, 0.106264 
0.593, 0.110573 
0.594, 0.114954 
0.595, 0.119404 
0.596, 0.123922 
0.597, 0.128507 
0.598, 0.133155 
0.599, 0.137867 
0.6, 0.14264 
0.601, 0.147472 
0.602, 0.152362 
0.603, 0.157308 
0.604, 0.162308 
0.605, 0.167361 
0.606, 0.172466 
0.607, 0.17762 
0.608, 0.182822 
0.609, 0.18807 
0.61, 0.193363 
0.611, 0.1987 
0.612, 0.204078 
0.613, 0.209496 
0.614, 0.214953 
0.615, 0.220447 
0.616, 0.225977 
0.617, 0.231541 
0.618, 0.237138 
0.619, 0.242767 
0.62, 0.248425 
0.621, 0.254111 
0.622, 0.259825 
0.623, 0.265565 
0.624, 0.271328 
0.625, 0.277115 
0.626, 0.282924 
0.627, 0.288753 
0.628, 0.294601 
0.629, 0.300466 
0.63, 0.306348 
0.631, 0.312246 
0.632, 0.318157 
0.633, 0.324081 
0.634, 0.330017 
0.635, 0.335963 
0.636, 0.341918 
0.637, 0.347882 
0.638, 0.353852 
0.639, 0.359828 
0.64, 0.365809 
0.641, 0.371793 
0.642, 0.377779 
0.643, 0.383768 
0.644, 0.389756 
0.645, 0.395744 
0.646, 0.40173 
0.647, 0.407714 
0.648, 0.413693 
0.649, 0.419669 
0.65, 0.425638 
0.651, 0.431601 
0.652, 0.437557 
0.653, 0.443504 
0.654, 0.449442 
0.655, 0.45537 
0.656, 0.461287 
0.657, 0.467192 
0.658, 0.473085 
0.659, 0.478964 
0.66, 0.484829 
0.661, 0.490678 
0.662, 0.496512 
0.663, 0.502329 
0.664, 0.508129 
0.665, 0.513911 
0.666, 0.519673 
0.667, 0.525417 
0.668, 0.53114 
0.669, 0.536842 
0.67, 0.542523 
0.671, 0.548182 
0.672, 0.553818 
0.673, 0.55943 
0.674, 0.565019 
0.675, 0.570582 
0.676, 0.576121 
0.677, 0.581634 
0.678, 0.58712 
0.679, 0.59258 
0.68, 0.598012 
0.681, 0.603416 
0.682, 0.608792 
0.683, 0.614139 
0.684, 0.619456 
0.685, 0.624744 
0.686, 0.630001 
0.687, 0.635227 
0.688, 0.640422 
0.689, 0.645586 
0.69, 0.650718 
0.691, 0.655817 
0.692, 0.660883 
0.693, 0.665916 
0.694, 0.670915 
0.695, 0.675881 
0.696, 0.680812 
0.697, 0.685709 
0.698, 0.69057 
0.699, 0.695397 
0.7, 0.700187 
0.701, 0.704942 
0.702, 0.709661 
0.703, 0.714343 
0.704, 0.718989 
0.705, 0.723598 
0.706, 0.728169 
0.707, 0.732703 
0.708, 0.737199 
0.709, 0.741658 
0.71, 0.746078 
0.711, 0.75046 
0.712, 0.754804 
0.713, 0.759108 
0.714, 0.763374 
0.715, 0.767601 
0.716, 0.771789 
0.717, 0.775937 
0.718, 0.780046 
0.719, 0.784115 
0.72, 0.788144 
0.721, 0.792134 
0.722, 0.796083 
0.723, 0.799993 
0.724, 0.803862 
0.725, 0.807691 
0.726, 0.811479 
0.727, 0.815227 
0.728, 0.818935 
0.729, 0.822601 
0.73, 0.826227 
0.731, 0.829813 
0.732, 0.833357 
0.733, 0.836861 
0.734, 0.840324 
0.735, 0.843746 
0.736, 0.847127 
0.737, 0.850467 
0.738, 0.853766 
0.739, 0.857024 
0.74, 0.860241 
0.741, 0.863418 
0.742, 0.866553 
0.743, 0.869647 
0.744, 0.872701 
0.745, 0.875713 
0.746, 0.878685 
0.747, 0.881616 
0.748, 0.884506 
0.749, 0.887356 
0.75, 0.890164 
0.751, 0.892932 
0.752, 0.89566 
0.753, 0.898347 
0.754, 0.900994 
0.755, 0.9036 
0.756, 0.906166 
0.757, 0.908691 
0.758, 0.911177 
0.759, 0.913622 
0.76, 0.916028 
0.761, 0.918393 
0.762, 0.920719 
0.763, 0.923005 
0.764, 0.925252 
0.765, 0.927459 
0.766, 0.929627 
0.767, 0.931755 
0.768, 0.933845 
0.769, 0.935895 
0.77, 0.937907 
0.771, 0.93988 
0.772, 0.941814 
0.773, 0.943709 
0.774, 0.945567 
0.775, 0.947386 
0.776, 0.949167 
0.777, 0.95091 
0.778, 0.952615 
0.779, 0.954283 
0.78, 0.955913 
0.781, 0.957506 
0.782, 0.959061 
0.783, 0.96058 
0.784, 0.962061 
0.785, 0.963506 
0.786, 0.964915 
0.787, 0.966286 
0.788, 0.967622 
0.789, 0.968922 
0.79, 0.970186 
0.791, 0.971414 
0.792, 0.972606 
0.793, 0.973763 
0.794, 0.974885 
0.795, 0.975972 
0.796, 0.977024 
0.797, 0.978042 
0.798, 0.979025 
0.799, 0.979973 
0.8, 0.980888 
0.801, 0.981768 
0.802, 0.982615 
0.803, 0.983429 
0.804, 0.984209 
0.805, 0.984955 
0.806, 0.985669 
0.807, 0.98635 
0.808, 0.986998 
0.809, 0.987614 
0.81, 0.988198 
0.811, 0.98875 
0.812, 0.98927 
0.813, 0.989758 
0.814, 0.990215 
0.815, 0.990641 
0.816, 0.991035 
0.817, 0.991399 
0.818, 0.991732 
0.819, 0.992035 
0.82, 0.992308 
0.821, 0.99255 
0.822, 0.992763 
0.823, 0.992946 
0.824, 0.993099 
0.825, 0.993224 
0.826, 0.993319 
0.827, 0.993386 
0.828, 0.993424 
0.829, 0.993433 
0.83, 0.993415 
0.831, 0.993368 
0.832, 0.993293 
0.833, 0.993191 
0.834, 0.993062 
0.835, 0.992905 
0.836, 0.992722 
0.837, 0.992512 
0.838, 0.992275 
0.839, 0.992011 
0.84, 0.991722 
0.841, 0.991407 
0.842, 0.991065 
0.843, 0.990699 
0.844, 0.990307 
0.845, 0.98989 
0.846, 0.989448 
0.847, 0.988981 
0.848, 0.988489 
0.849, 0.987974 
0.85, 0.987434 
0.851, 0.98687 
0.852, 0.986283 
0.853, 0.985672 
0.854, 0.985037 
0.855, 0.98438 
0.856, 0.9837 
0.857, 0.982997 
0.858, 0.982271 
0.859, 0.981523 
0.86, 0.980753 
0.861, 0.979961 
0.862, 0.979148 
0.863, 0.978312 
0.864, 0.977456 
0.865, 0.976578 
0.866, 0.97568 
0.867, 0.97476 
0.868, 0.97382 
0.869, 0.97286 
0.87, 0.97188 
0.871, 0.970879 
0.872, 0.969859 
0.873, 0.968819 
0.874, 0.96776 
0.875, 0.966682 
0.876, 0.965584 
0.877, 0.964468 
0.878, 0.963333 
0.879, 0.96218 
0.88, 0.961008 
0.881, 0.959819 
0.882, 0.958611 
0.883, 0.957386 
0.884, 0.956143 
0.885, 0.954883 
0.886, 0.953605 
0.887, 0.952311 
0.888, 0.951 
0.889, 0.949672 
0.89, 0.948328 
0.891, 0.946968 
0.892, 0.945591 
0.893, 0.944199 
0.894, 0.942791 
0.895, 0.941367 
0.896, 0.939928 
0.897, 0.938473 
0.898, 0.937004 
0.899, 0.93552 
0.9, 0.934021 
0.901, 0.932508 
0.902, 0.93098 
0.903, 0.929438 
0.904, 0.927882 
0.905, 0.926312 
0.906, 0.924728 
0.907, 0.923131 
0.908, 0.921521 
0.909, 0.919898 
0.91, 0.918261 
0.911, 0.916611 
0.912, 0.914949 
0.913, 0.913275 
0.914, 0.911588 
0.915, 0.909888 
0.916, 0.908177 
0.917, 0.906454 
0.918, 0.904719 
0.919, 0.902972 
0.92, 0.901214 
0.921, 0.899445 
0.922, 0.897664 
0.923, 0.895873 
0.924, 0.89407 
0.925, 0.892257 
0.926, 0.890434 
0.927, 0.8886 
0.928, 0.886756 
0.929, 0.884901 
0.93, 0.883037 
0.931, 0.881163 
0.932, 0.879279 
0.933, 0.877386 
0.934, 0.875483 
0.935, 0.873572 
0.936, 0.871651 
0.937, 0.869721 
0.938, 0.867782 
0.939, 0.865835 
0.94, 0.863879 
0.941, 0.861914 
0.942, 0.859942 
0.943, 0.857961 
0.944, 0.855972 
0.945, 0.853975 
0.946, 0.851971 
0.947, 0.849959 
0.948, 0.847939 
0.949, 0.845913 
0.95, 0.843878 
0.951, 0.841837 
0.952, 0.839789 
0.953, 0.837734 
0.954, 0.835672 
0.955, 0.833604 
0.956, 0.831529 
0.957, 0.829448 
0.958, 0.82736 
0.959, 0.825267 
0.96, 0.823167 
0.961, 0.821061 
0.962, 0.81895 
0.963, 0.816833 
0.964, 0.814711 
0.965, 0.812583 
0.966, 0.81045 
0.967, 0.808311 
0.968, 0.806168 
0.969, 0.804019 
0.97, 0.801866 
0.971, 0.799708 
0.972, 0.797545 
0.973, 0.795378 
0.974, 0.793206 
0.975, 0.79103 
0.976, 0.78885 
0.977, 0.786666 
0.978, 0.784477 
0.979, 0.782285 
0.98, 0.780089 
0.981, 0.777889 
0.982, 0.775686 
0.983, 0.773479 
0.984, 0.771269 
0.985, 0.769055 
0.986, 0.766839 
0.987, 0.764619 
0.988, 0.762396 
0.989, 0.76017 
0.99, 0.757941 
0.991, 0.75571 
0.992, 0.753476 
0.993, 0.751239 
0.994, 0.749 
0.995, 0.746759 
0.996, 0.744515 
0.997, 0.74227 
0.998, 0.740022 
0.999, 0.737772 
1, 0.73552 
1.001, 0.733266 
1.002, 0.731011 
1.003, 0.728754 
1.004, 0.726495 
1.005, 0.724235 
1.006, 0.721973 
1.007, 0.71971 
1.008, 0.717446 
1.009, 0.715181 
1.01, 0.712914 
1.011, 0.710647 
1.012, 0.708378 
1.013, 0.706109 
1.014, 0.703839 
1.015, 0.701568 
1.016, 0.699297 
1.017, 0.697025 
1.018, 0.694752 
1.019, 0.692479 
1.02, 0.690206 
1.021, 0.687933 
1.022, 0.685659 
1.023, 0.683385 
1.024, 0.681111 
1.025, 0.678837 
1.026, 0.676564 
1.027, 0.67429 
1.028, 0.672017 
1.029, 0.669744 
1.03, 0.667471 
1.031, 0.665198 
1.032, 0.662927 
1.033, 0.660655 
1.034, 0.658385 
1.035, 0.656115 
1.036, 0.653845 
1.037, 0.651577 
1.038, 0.649309 
1.039, 0.647043 
1.04, 0.644777 
1.041, 0.642512 
1.042, 0.640249 
1.043, 0.637986 
1.044, 0.635725 
1.045, 0.633465 
1.046, 0.631206 
1.047, 0.628949 
1.048, 0.626693 
1.049, 0.624439 
1.05, 0.622186 
1.051, 0.619935 
1.052, 0.617686 
1.053, 0.615438 
1.054, 0.613192 
1.055, 0.610948 
1.056, 0.608705 
1.057, 0.606465 
1.058, 0.604227 
1.059, 0.60199 
1.06, 0.599756 
1.061, 0.597523 
1.062, 0.595293 
1.063, 0.593065 
1.064, 0.59084 
1.065, 0.588616 
1.066, 0.586395 
1.067, 0.584177 
1.068, 0.58196 
1.069, 0.579747 
1.07, 0.577535 
1.071, 0.575327 
1.072, 0.573121 
1.073, 0.570917 
1.074, 0.568717 
1.075, 0.566519 
1.076, 0.564323 
1.077, 0.562131 
1.078, 0.559941 
1.079, 0.557755 
1.08, 0.555571 
1.081, 0.55339 
1.082, 0.551213 
1.083, 0.549038 
1.084, 0.546866 
1.085, 0.544698 
1.086, 0.542532 
1.087, 0.54037 
1.088, 0.538211 
1.089, 0.536056 
1.09, 0.533903 
1.091, 0.531754 
1.092, 0.529609 
1.093, 0.527466 
1.094, 0.525328 
1.095, 0.523192 
1.096, 0.52106 
1.097, 0.518932 
1.098, 0.516807 
1.099, 0.514686 
1.1, 0.512568 
1.101, 0.510454 
1.102, 0.508344 
1.103, 0.506238 
1.104, 0.504135 
1.105, 0.502036 
1.106, 0.49994 
1.107, 0.497849 
1.108, 0.495761 
1.109, 0.493678 
1.11, 0.491598 
1.111, 0.489522 
1.112, 0.48745 
1.113, 0.485382 
1.114, 0.483318 
1.115, 0.481258 
1.116, 0.479202 
1.117, 0.477151 
1.118, 0.475103 
1.119, 0.473059 
1.12, 0.47102 
1.121, 0.468985 
1.122, 0.466954 
1.123, 0.464927 
1.124, 0.462904 
1.125, 0.460886 
1.126, 0.458872 
1.127, 0.456862 
1.128, 0.454857 
1.129, 0.452856 
1.13, 0.450859 
1.131, 0.448867 
1.132, 0.446879 
1.133, 0.444895 
1.134, 0.442916 
1.135, 0.440942 
1.136, 0.438971 
1.137, 0.437006 
1.138, 0.435045 
1.139, 0.433088 
1.14, 0.431136 
1.141, 0.429188 
1.142, 0.427245 
1.143, 0.425307 
1.144, 0.423373 
1.145, 0.421444 
1.146, 0.41952 
1.147, 0.4176 
1.148, 0.415685 
1.149, 0.413774 
1.15, 0.411868 
1.151, 0.409967 
1.152, 0.408071 
1.153, 0.406179 
1.154, 0.404292 
1.155, 0.40241 
1.156, 0.400533 
1.157, 0.39866 
1.158, 0.396793 
1.159, 0.39493 
1.16, 0.393072 
1.161, 0.391218 
1.162, 0.38937 
1.163, 0.387526 
1.164, 0.385687 
1.165, 0.383854 
1.166, 0.382025 
1.167, 0.380201 
1.168, 0.378381 
1.169, 0.376567 
1.17, 0.374758 
1.171, 0.372953 
1.172, 0.371154 
1.173, 0.369359 
1.174, 0.36757 
1.175, 0.365785 
1.176, 0.364006 
1.177, 0.362231 
1.178, 0.360461 
1.179, 0.358697 
1.18, 0.356937 
1.181, 0.355182 
1.182, 0.353433 
1.183, 0.351688 
1.184, 0.349949 
1.185, 0.348214 
1.186, 0.346485 
1.187, 0.34476 
1.188, 0.343041 
1.189, 0.341327 
1.19, 0.339617 
1.191, 0.337913 
1.192, 0.336214 
1.193, 0.33452 
1.194, 0.332831 
1.195, 0.331147 
1.196, 0.329468 
1.197, 0.327795 
1.198, 0.326126 
1.199, 0.324463 
1.2, 0.322804 
1.201, 0.321151 
1.202, 0.319503 
1.203, 0.31786 
1.204, 0.316222 
1.205, 0.314589 
1.206, 0.312961 
1.207, 0.311339 
1.208, 0.309721 
1.209, 0.308109 
1.21, 0.306502 
1.211, 0.304899 
1.212, 0.303303 
1.213, 0.301711 
1.214, 0.300124 
1.215, 0.298542 
1.216, 0.296966 
1.217, 0.295395 
1.218, 0.293829 
1.219, 0.292268 
1.22, 0.290712 
1.221, 0.289161 
1.222, 0.287616 
1.223, 0.286075 
1.224, 0.28454 
1.225, 0.28301 
1.226, 0.281485 
1.227, 0.279965 
1.228, 0.27845 
1.229, 0.27694 
1.23, 0.275436 
1.231, 0.273936 
1.232, 0.272442 
1.233, 0.270953 
1.234, 0.269469 
1.235, 0.26799 
1.236, 0.266516 
1.237, 0.265048 
1.238, 0.263584 
1.239, 0.262126 
1.24, 0.260673 
1.241, 0.259225 
1.242, 0.257782 
1.243, 0.256344 
1.244, 0.254911 
1.245, 0.253483 
1.246, 0.25206 
1.247, 0.250643 
1.248, 0.24923 
1.249, 0.247823 
1.25, 0.246421 
1.251, 0.245024 
1.252, 0.243632 
1.253, 0.242245 
1.254, 0.240863 
1.255, 0.239486 
1.256, 0.238114 
1.257, 0.236747 
1.258, 0.235386 
1.259, 0.234029 
1.26, 0.232677 
1.261, 0.231331 
1.262, 0.229989 
1.263, 0.228653 
1.264, 0.227322 
1.265, 0.225995 
1.266, 0.224674 
1.267, 0.223357 
1.268, 0.222046 
1.269, 0.22074 
1.27, 0.219438 
1.271, 0.218142 
1.272, 0.216851 
1.273, 0.215564 
1.274, 0.214283 
1.275, 0.213007 
1.276, 0.211735 
1.277, 0.210469 
1.278, 0.209207 
1.279, 0.207951 
1.28, 0.206699 
1.281, 0.205452 
1.282, 0.204211 
1.283, 0.202974 
1.284, 0.201742 
1.285, 0.200515 
1.286, 0.199293 
1.287, 0.198076 
1.288, 0.196864 
1.289, 0.195656 
1.29, 0.194454 
1.291, 0.193256 
1.292, 0.192064 
1.293, 0.190876 
1.294, 0.189693 
1.295, 0.188515 
1.296, 0.187341 
1.297, 0.186173 
1.298, 0.185009 
1.299, 0.18385 
1.3, 0.182696 
1.301, 0.181547 
1.302, 0.180403 
1.303, 0.179263 
1.304, 0.178129 
1.305, 0.176999 
1.306, 0.175873 
1.307, 0.174753 
1.308, 0.173637 
1.309, 0.172526 
1.31, 0.17142 
1.311, 0.170319 
1.312, 0.169222 
1.313, 0.16813 
1.314, 0.167043 
1.315, 0.16596 
1.316, 0.164882 
1.317, 0.163809 
1.318, 0.16274 
1.319, 0.161677 
1.32, 0.160617 
1.321, 0.159563 
1.322, 0.158513 
1.323, 0.157468 
1.324, 0.156427 
1.325, 0.155391 
1.326, 0.15436 
1.327, 0.153333 
1.328, 0.152311 
1.329, 0.151293 
1.33, 0.15028 
1.331, 0.149272 
1.332, 0.148268 
1.333, 0.147269 
1.334, 0.146274 
1.335, 0.145284 
1.336, 0.144298 
1.337, 0.143317 
1.338, 0.142341 
1.339, 0.141368 
1.34, 0.140401 
1.341, 0.139438 
1.342, 0.138479 
1.343, 0.137525 
1.344, 0.136575 
1.345, 0.13563 
1.346, 0.134689 
1.347, 0.133753 
1.348, 0.132821 
1.349, 0.131893 
1.35, 0.13097 
1.351, 0.130052 
1.352, 0.129137 
1.353, 0.128227 
1.354, 0.127322 
1.355, 0.126421 
1.356, 0.125524 
1.357, 0.124631 
1.358, 0.123743 
1.359, 0.122859 
1.36, 0.12198 
1.361, 0.121105 
1.362, 0.120234 
1.363, 0.119367 
1.364, 0.118505 
1.365, 0.117647 
1.366, 0.116793 
1.367, 0.115944 
1.368, 0.115098 
1.369, 0.114257 
1.37, 0.113421 
1.371, 0.112588 
1.372, 0.11176 
1.373, 0.110936 
1.374, 0.110116 
1.375, 0.1093 
1.376, 0.108488 
1.377, 0.107681 
1.378, 0.106877 
1.379, 0.106078 
1.38, 0.105283 
1.381, 0.104492 
1.382, 0.103705 
1.383, 0.102923 
1.384, 0.102144 
1.385, 0.101369 
1.386, 0.100599 
1.387, 0.0998327 
1.388, 0.0990703 
1.389, 0.0983121 
1.39, 0.0975578 
1.391, 0.0968076 
1.392, 0.0960614 
1.393, 0.0953193 
1.394, 0.0945811 
1.395, 0.0938469 
1.396, 0.0931167 
1.397, 0.0923904 
1.398, 0.0916682 
1.399, 0.0909498 
1.4, 0.0902355 
1.401, 0.089525 
1.402, 0.0888185 
1.403, 0.0881159 
1.404, 0.0874172 
1.405, 0.0867223 
1.406, 0.0860314 
1.407, 0.0853444 
1.408, 0.0846612 
1.409, 0.0839818 
1.41, 0.0833063 
1.411, 0.0826347 
1.412, 0.0819669 
1.413, 0.0813028 
1.414, 0.0806426 
1.415, 0.0799862 
1.416, 0.0793336 
1.417, 0.0786848 
1.418, 0.0780397 
1.419, 0.0773984 
1.42, 0.0767608 
1.421, 0.076127 
1.422, 0.0754969 
1.423, 0.0748706 
1.424, 0.0742479 
1.425, 0.0736289 
1.426, 0.0730137 
1.427, 0.0724021 
1.428, 0.0717942 
1.429, 0.0711899 
1.43, 0.0705893 
1.431, 0.0699924 
1.432, 0.0693991 
1.433, 0.0688094 
1.434, 0.0682233 
1.435, 0.0676408 
1.436, 0.0670619 
1.437, 0.0664866 
1.438, 0.0659149 
1.439, 0.0653468 
1.44, 0.0647822 
1.441, 0.0642211 
1.442, 0.0636636 
1.443, 0.0631096 
1.444, 0.0625592 
1.445, 0.0620122 
1.446, 0.0614688 
1.447, 0.0609288 
1.448, 0.0603923 
1.449, 0.0598593 
1.45, 0.0593297 
1.451, 0.0588036 
1.452, 0.058281 
1.453, 0.0577618 
1.454, 0.057246 
1.455, 0.0567336 
1.456, 0.0562246 
1.457, 0.055719 
1.458, 0.0552168 
1.459, 0.054718 
1.46, 0.0542225 
1.461, 0.0537304 
1.462, 0.0532417 
1.463, 0.0527563 
1.464, 0.0522742 
1.465, 0.0517954 
1.466, 0.05132 
1.467, 0.0508478 
1.468, 0.0503789 
1.469, 0.0499133 
1.47, 0.049451 
1.471, 0.048992 
1.472, 0.0485362 
1.473, 0.0480836 
1.474, 0.0476343 
1.475, 0.0471882 
1.476, 0.0467454 
1.477, 0.0463057 
1.478, 0.0458692 
1.479, 0.045436 
1.48, 0.0450059 
1.481, 0.0445789 
1.482, 0.0441552 
1.483, 0.0437346 
1.484, 0.0433171 
1.485, 0.0429028 
1.486, 0.0424915 
1.487, 0.0420834 
1.488, 0.0416785 
1.489, 0.0412766 
1.49, 0.0408778 
1.491, 0.040482 
1.492, 0.0400894 
1.493, 0.0396998 
1.494, 0.0393132 
1.495, 0.0389297 
1.496, 0.0385492 
1.497, 0.0381718 
1.498, 0.0377974 
1.499, 0.0374259 
1.5, 0.0370575 
1.501, 0.036692 
1.502, 0.0363296 
1.503, 0.0359701 
1.504, 0.0356136 
1.505, 0.03526 
1.506, 0.0349093 
1.507, 0.0345616 
1.508, 0.0342169 
1.509, 0.033875 
1.51, 0.033536 
1.511, 0.0332 
1.512, 0.0328668 
1.513, 0.0325365 
1.514, 0.0322091 
1.515, 0.0318846 
1.516, 0.0315629 
1.517, 0.031244 
1.518, 0.030928 
1.519, 0.0306148 
1.52, 0.0303045 
1.521, 0.0299969 
1.522, 0.0296922 
1.523, 0.0293902 
1.524, 0.0290911 
1.525, 0.0287947 
1.526, 0.028501 
1.527, 0.0282102 
1.528, 0.027922 
1.529, 0.0276367 
1.53, 0.027354 
1.531, 0.0270741 
1.532, 0.0267969 
1.533, 0.0265224 
1.534, 0.0262506 
1.535, 0.0259815 
1.536, 0.0257151 
1.537, 0.0254513 
1.538, 0.0251903 
1.539, 0.0249318 
1.54, 0.0246761 
1.541, 0.0244229 
1.542, 0.0241724 
1.543, 0.0239245 
1.544, 0.0236793 
1.545, 0.0234366 
1.546, 0.0231965 
1.547, 0.0229591 
1.548, 0.0227242 
1.549, 0.0224918 
1.55, 0.0222621 
1.551, 0.0220349 
1.552, 0.0218102 
1.553, 0.0215881 
1.554, 0.0213685 
1.555, 0.0211515 
1.556, 0.0209369 
1.557, 0.0207249 
1.558, 0.0205154 
1.559, 0.0203083 
1.56, 0.0201038 
1.561, 0.0199017 
1.562, 0.0197021 
1.563, 0.0195049 
1.564, 0.0193102 
1.565, 0.019118 
1.566, 0.0189281 
1.567, 0.0187407 
1.568, 0.0185558 
1.569, 0.0183732 
1.57, 0.018193 
1.571, 0.0180152 
1.572, 0.0178399 
1.573, 0.0176669 
1.574, 0.0174962 
1.575, 0.017328 
1.576, 0.017162 
1.577, 0.0169985 
1.578, 0.0168373 
1.579, 0.0166784 
1.58, 0.0165218 
1.581, 0.0163675 
1.582, 0.0162156 
1.583, 0.016066 
1.584, 0.0159186 
1.585, 0.0157736 
1.586, 0.0156308 
1.587, 0.0154903 
1.588, 0.015352 
1.589, 0.015216 
1.59, 0.0150823 
1.591, 0.0149508 
1.592, 0.0148215 
1.593, 0.0146945 
1.594, 0.0145696 
1.595, 0.014447 
1.596, 0.0143266 
1.597, 0.0142084 
1.598, 0.0140924 
1.599, 0.0139785 
1.6, 0.0138668 
1.601, 0.0137573 
1.602, 0.01365 
1.603, 0.0135448 
1.604, 0.0134417 
1.605, 0.0133408 
1.606, 0.013242 
1.607, 0.0131453 
1.608, 0.0130508 
1.609, 0.0129583 
1.61, 0.012868 
1.611, 0.0127797 
1.612, 0.0126935 
1.613, 0.0126094 
1.614, 0.0125274 
1.615, 0.0124475 
1.616, 0.0123696 
1.617, 0.0122937 
1.618, 0.0122199 
1.619, 0.0121481 
1.62, 0.0120784 
1.621, 0.0120107 
1.622, 0.011945 
1.623, 0.0118813 
1.624, 0.0118196 
1.625, 0.0117598 
1.626, 0.0117021 
1.627, 0.0116464 
1.628, 0.0115926 
1.629, 0.0115408 
1.63, 0.011491 
1.631, 0.0114431 
1.632, 0.0113971 
1.633, 0.0113531 
1.634, 0.011311 
1.635, 0.0112709 
1.636, 0.0112326 
1.637, 0.0111963 
1.638, 0.0111619 
1.639, 0.0111293 
1.64, 0.0110987 
1.641, 0.01107 
1.642, 0.0110431 
1.643, 0.0110181 
1.644, 0.0109949 
1.645, 0.0109737 
1.646, 0.0109542 
1.647, 0.0109366 
1.648, 0.0109209 
1.649, 0.010907 
1.65, 0.0108949 
1.651, 0.0108846 
1.652, 0.0108761 
1.653, 0.0108694 
1.654, 0.0108646 
1.655, 0.0108615 
1.656, 0.0108602 
1.657, 0.0108607 
1.658, 0.010863 
1.659, 0.010867 
1.66, 0.0108728 
1.661, 0.0108803 
1.662, 0.0108896 
1.663, 0.0109006 
1.664, 0.0109134 
1.665, 0.0109279 
1.666, 0.0109441 
1.667, 0.010962 
1.668, 0.0109817 
1.669, 0.011003 
1.67, 0.011026 
1.671, 0.0110508 
1.672, 0.0110772 
1.673, 0.0111053 
1.674, 0.011135 
1.675, 0.0111664 
1.676, 0.0111995 
1.677, 0.0112343 
1.678, 0.0112706 
1.679, 0.0113087 
1.68, 0.0113483 
1.681, 0.0113896 
1.682, 0.0114325 
1.683, 0.0114771 
1.684, 0.0115232 
1.685, 0.011571 
1.686, 0.0116203 
1.687, 0.0116712 
1.688, 0.0117238 
1.689, 0.0117779 
1.69, 0.0118336 
1.691, 0.0118908 
1.692, 0.0119496 
1.693, 0.01201 
1.694, 0.0120719 
1.695, 0.0121354 
1.696, 0.0122004 
1.697, 0.012267 
1.698, 0.012335 
1.699, 0.0124046 
1.7, 0.0124758 
1.701, 0.0125484 
1.702, 0.0126225 
1.703, 0.0126982 
1.704, 0.0127753 
1.705, 0.0128539 
1.706, 0.012934 
1.707, 0.0130156 
1.708, 0.0130986 
1.709, 0.0131832 
1.71, 0.0132691 
1.711, 0.0133566 
1.712, 0.0134455 
1.713, 0.0135358 
1.714, 0.0136276 
1.715, 0.0137208 
1.716, 0.0138154 
1.717, 0.0139114 
1.718, 0.0140089 
1.719, 0.0141078 
1.72, 0.0142081 
1.721, 0.0143098 
1.722, 0.0144129 
1.723, 0.0145173 
1.724, 0.0146232 
1.725, 0.0147304 
1.726, 0.014839 
1.727, 0.014949 
1.728, 0.0150604 
1.729, 0.0151731 
1.73, 0.0152871 
1.731, 0.0154025 
1.732, 0.0155192 
1.733, 0.0156373 
1.734, 0.0157567 
1.735, 0.0158775 
1.736, 0.0159995 
1.737, 0.0161229 
1.738, 0.0162476 
1.739, 0.0163736 
1.74, 0.0165009 
1.741, 0.0166295 
1.742, 0.0167594 
1.743, 0.0168905 
1.744, 0.017023 
1.745, 0.0171567 
1.746, 0.0172917 
1.747, 0.0174279 
1.748, 0.0175655 
1.749, 0.0177042 
1.75, 0.0178443 
1.751, 0.0179855 
1.752, 0.018128 
1.753, 0.0182718 
1.754, 0.0184168 
1.755, 0.018563 
1.756, 0.0187104 
1.757, 0.018859 
1.758, 0.0190089 
1.759, 0.0191599 
1.76, 0.0193122 
1.761, 0.0194657 
1.762, 0.0196203 
1.763, 0.0197762 
1.764, 0.0199332 
1.765, 0.0200914 
1.766, 0.0202507 
1.767, 0.0204113 
1.768, 0.020573 
1.769, 0.0207358 
1.77, 0.0208999 
1.771, 0.021065 
1.772, 0.0212313 
1.773, 0.0213988 
1.774, 0.0215674 
1.775, 0.0217371 
1.776, 0.0219079 
1.777, 0.0220799 
1.778, 0.022253 
1.779, 0.0224272 
1.78, 0.0226025 
1.781, 0.0227789 
1.782, 0.0229564 
1.783, 0.023135 
1.784, 0.0233147 
1.785, 0.0234954 
1.786, 0.0236773 
1.787, 0.0238602 
1.788, 0.0240442 
1.789, 0.0242293 
1.79, 0.0244154 
1.791, 0.0246026 
1.792, 0.0247909 
1.793, 0.0249802 
1.794, 0.0251705 
1.795, 0.0253619 
1.796, 0.0255544 
1.797, 0.0257478 
1.798, 0.0259423 
1.799, 0.0261378 
1.8, 0.0263344 
1.801, 0.0265319 
1.802, 0.0267305 
1.803, 0.02693 
1.804, 0.0271306 
1.805, 0.0273322 
1.806, 0.0275347 
1.807, 0.0277383 
1.808, 0.0279428 
1.809, 0.0281484 
1.81, 0.0283549 
1.811, 0.0285623 
1.812, 0.0287708 
1.813, 0.0289802 
1.814, 0.0291906 
1.815, 0.0294019 
1.816, 0.0296142 
1.817, 0.0298274 
1.818, 0.0300416 
1.819, 0.0302567 
1.82, 0.0304728 
1.821, 0.0306898 
1.822, 0.0309077 
1.823, 0.0311265 
1.824, 0.0313463 
1.825, 0.031567 
1.826, 0.0317886 
1.827, 0.0320111 
1.828, 0.0322345 
1.829, 0.0324588 
1.83, 0.032684 
1.831, 0.0329101 
1.832, 0.0331371 
1.833, 0.033365 
1.834, 0.0335938 
1.835, 0.0338234 
1.836, 0.0340539 
1.837, 0.0342853 
1.838, 0.0345176 
1.839, 0.0347507 
1.84, 0.0349847 
1.841, 0.0352195 
1.842, 0.0354552 
1.843, 0.0356918 
1.844, 0.0359291 
1.845, 0.0361674 
1.846, 0.0364064 
1.847, 0.0366463 
1.848, 0.036887 
1.849, 0.0371286 
1.85, 0.037371 
1.851, 0.0376141 
1.852, 0.0378581 
1.853, 0.038103 
1.854, 0.0383486 
1.855, 0.038595 
1.856, 0.0388422 
1.857, 0.0390903 
1.858, 0.0393391 
1.859, 0.0395887 
1.86, 0.0398391 
1.861, 0.0400903 
1.862, 0.0403422 
1.863, 0.040595 
1.864, 0.0408485 
1.865, 0.0411028 
1.866, 0.0413578 
1.867, 0.0416136 
1.868, 0.0418702 
1.869, 0.0421275 
1.87, 0.0423856 
1.871, 0.0426444 
1.872, 0.042904 
1.873, 0.0431643 
1.874, 0.0434253 
1.875, 0.0436871 
1.876, 0.0439496 
1.877, 0.0442128 
1.878, 0.0444768 
1.879, 0.0447415 
1.88, 0.0450069 
1.881, 0.045273 
1.882, 0.0455398 
1.883, 0.0458074 
1.884, 0.0460756 
1.885, 0.0463445 
1.886, 0.0466142 
1.887, 0.0468845 
1.888, 0.0471556 
1.889, 0.0474273 
1.89, 0.0476997 
1.891, 0.0479728 
1.892, 0.0482465 
1.893, 0.048521 
1.894, 0.0487961 
1.895, 0.0490719 
1.896, 0.0493483 
1.897, 0.0496254 
1.898, 0.0499032 
1.899, 0.0501816 
1.9, 0.0504607 
1.901, 0.0507404 
1.902, 0.0510208 
1.903, 0.0513018 
1.904, 0.0515835 
1.905, 0.0518658 
1.906, 0.0521487 
1.907, 0.0524323 
1.908, 0.0527165 
1.909, 0.0530013 
1.91, 0.0532868 
1.911, 0.0535729 
1.912, 0.0538596 
1.913, 0.0541469 
1.914, 0.0544348 
1.915, 0.0547233 
1.916, 0.0550124 
1.917, 0.0553022 
1.918, 0.0555925 
1.919, 0.0558834 
1.92, 0.0561749 
1.921, 0.0564671 
1.922, 0.0567598 
1.923, 0.057053 
1.924, 0.0573469 
1.925, 0.0576413 
1.926, 0.0579364 
1.927, 0.058232 
1.928, 0.0585281 
1.929, 0.0588249 
1.93, 0.0591222 
1.931, 0.05942 
1.932, 0.0597185 
1.933, 0.0600174 
1.934, 0.060317 
1.935, 0.060617 
1.936, 0.0609177 
1.937, 0.0612189 
1.938, 0.0615206 
1.939, 0.0618228 
1.94, 0.0621256 
1.941, 0.062429 
1.942, 0.0627328 
1.943, 0.0630372 
1.944, 0.0633421 
1.945, 0.0636476 
1.946, 0.0639535 
1.947, 0.06426 
1.948, 0.064567 
1.949, 0.0648745 
1.95, 0.0651826 
1.951, 0.0654911 
1.952, 0.0658001 
1.953, 0.0661097 
1.954, 0.0664197 
1.955, 0.0667302 
1.956, 0.0670413 
1.957, 0.0673528 
1.958, 0.0676648 
1.959, 0.0679773 
1.96, 0.0682903 
1.961, 0.0686038 
1.962, 0.0689177 
1.963, 0.0692321 
1.964, 0.069547 
1.965, 0.0698624 
1.966, 0.0701783 
1.967, 0.0704946 
1.968, 0.0708113 
1.969, 0.0711286 
1.97, 0.0714463 
1.971, 0.0717644 
1.972, 0.072083 
1.973, 0.0724021 
1.974, 0.0727216 
1.975, 0.0730415 
1.976, 0.0733619 
1.977, 0.0736828 
1.978, 0.0740041 
1.979, 0.0743258 
1.98, 0.074648 
1.981, 0.0749705 
1.982, 0.0752936 
1.983, 0.075617 
1.984, 0.0759409 
1.985, 0.0762652 
1.986, 0.0765899 
1.987, 0.0769151 
1.988, 0.0772406 
1.989, 0.0775666 
1.99, 0.077893 
1.991, 0.0782198 
1.992, 0.078547 
1.993, 0.0788746 
1.994, 0.0792026 
1.995, 0.079531 
1.996, 0.0798598 
1.997, 0.080189 
1.998, 0.0805186 
1.999, 0.0808486 
2, 0.0811789 
2.001, 0.0815097 
2.002, 0.0818409 
2.003, 0.0821724 
2.004, 0.0825043 
2.005, 0.0828366 
2.006, 0.0831693 
2.007, 0.0835023 
2.008, 0.0838357 
2.009, 0.0841695 
2.01, 0.0845037 
2.011, 0.0848382 
2.012, 0.0851731 
2.013, 0.0855083 
2.014, 0.0858439 
2.015, 0.0861799 
2.016, 0.0865162 
2.017, 0.0868528 
2.018, 0.0871899 
2.019, 0.0875272 
2.02, 0.0878649 
2.021, 0.088203 
2.022, 0.0885414 
2.023, 0.0888801 
2.024, 0.0892192 
2.025, 0.0895586 
2.026, 0.0898984 
2.027, 0.0902384 
2.028, 0.0905788 
2.029, 0.0909196 
2.03, 0.0912606 
2.031, 0.091602 
2.032, 0.0919437 
2.033, 0.0922858 
2.034, 0.0926281 
2.035, 0.0929708 
2.036, 0.0933138 
2.037, 0.093657 
2.038, 0.0940006 
2.039, 0.0943445 
2.04, 0.0946888 
2.041, 0.0950333 
2.042, 0.0953781 
2.043, 0.0957232 
2.044, 0.0960686 
2.045, 0.0964144 
2.046, 0.0967604 
2.047, 0.0971067 
2.048, 0.0974533 
2.049, 0.0978002 
2.05, 0.0981473 
2.051, 0.0984948 
2.052, 0.0988425 
2.053, 0.0991906 
2.054, 0.0995389 
2.055, 0.0998875 
2.056, 0.100236 
2.057, 0.100585 
2.058, 0.100935 
2.059, 0.101285 
2.06, 0.101634 
2.061, 0.101985 
2.062, 0.102335 
2.063, 0.102686 
2.064, 0.103037 
2.065, 0.103388 
2.066, 0.10374 
2.067, 0.104091 
2.068, 0.104444 
2.069, 0.104796 
2.07, 0.105148 
2.071, 0.105501 
2.072, 0.105854 
2.073, 0.106207 
2.074, 0.106561 
2.075, 0.106915 
2.076, 0.107269 
2.077, 0.107623 
2.078, 0.107977 
2.079, 0.108332 
2.08, 0.108687 
2.081, 0.109042 
2.082, 0.109398 
2.083, 0.109753 
2.084, 0.110109 
2.085, 0.110465 
2.086, 0.110822 
2.087, 0.111178 
2.088, 0.111535 
2.089, 0.111892 
2.09, 0.112249 
2.091, 0.112607 
2.092, 0.112964 
2.093, 0.113322 
2.094, 0.11368 
2.095, 0.114038 
2.096, 0.114397 
2.097, 0.114756 
2.098, 0.115114 
2.099, 0.115474 
2.1, 0.115833 
2.101, 0.116192 
2.102, 0.116552 
2.103, 0.116912 
2.104, 0.117272 
2.105, 0.117632 
2.106, 0.117993 
2.107, 0.118353 
2.108, 0.118714 
2.109, 0.119075 
2.11, 0.119437 
2.111, 0.119798 
2.112, 0.12016 
2.113, 0.120521 
2.114, 0.120883 
2.115, 0.121245 
2.116, 0.121608 
2.117, 0.12197 
2.118, 0.122333 
2.119, 0.122696 
2.12, 0.123059 
2.121, 0.123422 
2.122, 0.123785 
2.123, 0.124149 
2.124, 0.124512 
2.125, 0.124876 
2.126, 0.12524 
2.127, 0.125604 
2.128, 0.125969 
2.129, 0.126333 
2.13, 0.126698 
2.131, 0.127063 
2.132, 0.127428 
2.133, 0.127793 
2.134, 0.128158 
2.135, 0.128523 
2.136, 0.128889 
2.137, 0.129255 
2.138, 0.129621 
2.139, 0.129986 
2.14, 0.130353 
2.141, 0.130719 
2.142, 0.131085 
2.143, 0.131452 
2.144, 0.131819 
2.145, 0.132185 
2.146, 0.132552 
2.147, 0.132919 
2.148, 0.133287 
2.149, 0.133654 
2.15, 0.134022 
2.151, 0.134389 
2.152, 0.134757 
2.153, 0.135125 
2.154, 0.135493 
2.155, 0.135861 
2.156, 0.136229 
2.157, 0.136598 
2.158, 0.136966 
2.159, 0.137335 
2.16, 0.137703 
2.161, 0.138072 
2.162, 0.138441 
2.163, 0.13881 
2.164, 0.139179 
2.165, 0.139549 
2.166, 0.139918 
2.167, 0.140288 
2.168, 0.140657 
2.169, 0.141027 
2.17, 0.141397 
2.171, 0.141767 
2.172, 0.142137 
2.173, 0.142507 
2.174, 0.142877 
2.175, 0.143248 
2.176, 0.143618 
2.177, 0.143989 
2.178, 0.144359 
2.179, 0.14473 
2.18, 0.145101 
2.181, 0.145472 
2.182, 0.145843 
2.183, 0.146214 
2.184, 0.146585 
2.185, 0.146956 
2.186, 0.147327 
2.187, 0.147699 
2.188, 0.14807 
2.189, 0.148442 
2.19, 0.148814 
2.191, 0.149185 
2.192, 0.149557 
2.193, 0.149929 
2.194, 0.150301 
2.195, 0.150673 
2.196, 0.151045 
2.197, 0.151418 
2.198, 0.15179 
2.199, 0.152162 
2.2, 0.152535 
2.201, 0.152907 
2.202, 0.15328 
2.203, 0.153652 
2.204, 0.154025 
2.205, 0.154398 
2.206, 0.154771 
2.207, 0.155144 
2.208, 0.155517 
2.209, 0.15589 
2.21, 0.156263 
2.211, 0.156636 
2.212, 0.157009 
2.213, 0.157382 
2.214, 0.157756 
2.215, 0.158129 
2.216, 0.158502 
2.217, 0.158876 
2.218, 0.159249 
2.219, 0.159623 
2.22, 0.159996 
2.221, 0.16037 
2.222, 0.160744 
2.223, 0.161118 
2.224, 0.161491 
2.225, 0.161865 
2.226, 0.162239 
2.227, 0.162613 
2.228, 0.162987 
2.229, 0.163361 
2.23, 0.163735 
2.231, 0.164109 
2.232, 0.164483 
2.233, 0.164858 
2.234, 0.165232 
2.235, 0.165606 
2.236, 0.16598 
2.237, 0.166355 
2.238, 0.166729 
2.239, 0.167103 
2.24, 0.167478 
2.241, 0.167852 
2.242, 0.168227 
2.243, 0.168601 
2.244, 0.168976 
2.245, 0.16935 
2.246, 0.169725 
2.247, 0.170099 
2.248, 0.170474 
2.249, 0.170849 
2.25, 0.171223 
2.251, 0.171598 
2.252, 0.171973 
2.253, 0.172347 
2.254, 0.172722 
2.255, 0.173097 
2.256, 0.173472 
2.257, 0.173846 
2.258, 0.174221 
2.259, 0.174596 
2.26, 0.174971 
2.261, 0.175346 
2.262, 0.17572 
2.263, 0.176095 
2.264, 0.17647 
2.265, 0.176845 
2.266, 0.17722 
2.267, 0.177595 
2.268, 0.17797 
2.269, 0.178344 
2.27, 0.178719 
2.271, 0.179094 
2.272, 0.179469 
2.273, 0.179844 
2.274, 0.180219 
2.275, 0.180594 
2.276, 0.180969 
2.277, 0.181344 
2.278, 0.181719 
2.279, 0.182093 
2.28, 0.182468 
2.281, 0.182843 
2.282, 0.183218 
2.283, 0.183593 
2.284, 0.183968 
2.285, 0.184343 
2.286, 0.184717 
2.287, 0.185092 
2.288, 0.185467 
2.289, 0.185842 
2.29, 0.186217 
2.291, 0.186591 
2.292, 0.186966 
2.293, 0.187341 
2.294, 0.187716 
2.295, 0.18809 
2.296, 0.188465 
2.297, 0.18884 
2.298, 0.189215 
2.299, 0.189589 
2.3, 0.189964 
2.301, 0.190338 
2.302, 0.190713 
2.303, 0.191088 
2.304, 0.191462 
2.305, 0.191837 
2.306, 0.192211 
2.307, 0.192586 
2.308, 0.19296 
2.309, 0.193335 
2.31, 0.193709 
2.311, 0.194083 
2.312, 0.194458 
2.313, 0.194832 
2.314, 0.195206 
2.315, 0.19558 
2.316, 0.195955 
2.317, 0.196329 
2.318, 0.196703 
2.319, 0.197077 
2.32, 0.197451 
2.321, 0.197825 
2.322, 0.198199 
2.323, 0.198573 
2.324, 0.198947 
2.325, 0.199321 
2.326, 0.199695 
2.327, 0.200069 
2.328, 0.200443 
2.329, 0.200816 
2.33, 0.20119 
2.331, 0.201564 
2.332, 0.201937 
2.333, 0.202311 
2.334, 0.202685 
2.335, 0.203058 
2.336, 0.203431 
2.337, 0.203805 
2.338, 0.204178 
2.339, 0.204552 
2.34, 0.204925 
2.341, 0.205298 
2.342, 0.205671 
2.343, 0.206044 
2.344, 0.206417 
2.345, 0.20679 
2.346, 0.207163 
2.347, 0.207536 
2.348, 0.207909 
2.349, 0.208282 
2.35, 0.208655 
2.351, 0.209028 
2.352, 0.2094 
2.353, 0.209773 
2.354, 0.210145 
2.355, 0.210518 
2.356, 0.21089 
2.357, 0.211263 
2.358, 0.211635 
2.359, 0.212007 
2.36, 0.212379 
2.361, 0.212752 
2.362, 0.213124 
2.363, 0.213496 
2.364, 0.213868 
2.365, 0.21424 
2.366, 0.214611 
2.367, 0.214983 
2.368, 0.215355 
2.369, 0.215727 
2.37, 0.216098 
2.371, 0.21647 
2.372, 0.216841 
2.373, 0.217213 
2.374, 0.217584 
2.375, 0.217955 
2.376, 0.218326 
2.377, 0.218697 
2.378, 0.219068 
2.379, 0.219439 
2.38, 0.21981 
2.381, 0.220181 
2.382, 0.220552 
2.383, 0.220923 
2.384, 0.221293 
2.385, 0.221664 
2.386, 0.222034 
2.387, 0.222405 
2.388, 0.222775 
2.389, 0.223145 
2.39, 0.223515 
2.391, 0.223886 
2.392, 0.224256 
2.393, 0.224626 
2.394, 0.224995 
2.395, 0.225365 
2.396, 0.225735 
2.397, 0.226105 
2.398, 0.226474 
2.399, 0.226844 
2.4, 0.227213 
2.401, 0.227582 
2.402, 0.227952 
2.403, 0.228321 
2.404, 0.22869 
2.405, 0.229059 
2.406, 0.229428 
2.407, 0.229797 
2.408, 0.230165 
2.409, 0.230534 
2.41, 0.230903 
2.411, 0.231271 
2.412, 0.231639 
2.413, 0.232008 
2.414, 0.232376 
2.415, 0.232744 
2.416, 0.233112 
2.417, 0.23348 
2.418, 0.233848 
2.419, 0.234216 
2.42, 0.234583 
2.421, 0.234951 
2.422, 0.235319 
2.423, 0.235686 
2.424, 0.236053 
2.425, 0.236421 
2.426, 0.236788 
2.427, 0.237155 
2.428, 0.237522 
2.429, 0.237889 
2.43, 0.238255 
2.431, 0.238622 
2.432, 0.238989 
2.433, 0.239355 
2.434, 0.239722 
2.435, 0.240088 
2.436, 0.240454 
2.437, 0.24082 
2.438, 0.241186 
2.439, 0.241552 
2.44, 0.241918 
2.441, 0.242284 
2.442, 0.242649 
2.443, 0.243015 
2.444, 0.24338 
2.445, 0.243746 
2.446, 0.244111 
2.447, 0.244476 
2.448, 0.244841 
2.449, 0.245206 
2.45, 0.245571 
2.451, 0.245935 
2.452, 0.2463 
2.453, 0.246664 
2.454, 0.247029 
2.455, 0.247393 
2.456, 0.247757 
2.457, 0.248121 
2.458, 0.248485 
2.459, 0.248849 
2.46, 0.249213 
2.461, 0.249577 
2.462, 0.24994 
2.463, 0.250304 
2.464, 0.250667 
2.465, 0.25103 
2.466, 0.251393 
2.467, 0.251757 
2.468, 0.252119 
2.469, 0.252482 
2.47, 0.252845 
2.471, 0.253208 
2.472, 0.25357 
2.473, 0.253932 
2.474, 0.254295 
2.475, 0.254657 
2.476, 0.255019 
2.477, 0.255381 
2.478, 0.255742 
2.479, 0.256104 
2.48, 0.256466 
2.481, 0.256827 
2.482, 0.257189 
2.483, 0.25755 
2.484, 0.257911 
2.485, 0.258272 
2.486, 0.258633 
2.487, 0.258994 
2.488, 0.259354 
2.489, 0.259715 
2.49, 0.260075 
2.491, 0.260436 
2.492, 0.260796 
2.493, 0.261156 
2.494, 0.261516 
2.495, 0.261876 
2.496, 0.262235 
2.497, 0.262595 
2.498, 0.262955 
2.499, 0.263314 
2.5, 0.263673 
2.501, 0.264032 
2.502, 0.264391 
2.503, 0.26475 
2.504, 0.265109 
2.505, 0.265468 
2.506, 0.265826 
2.507, 0.266185 
2.508, 0.266543 
2.509, 0.266901 
2.51, 0.267259 
2.511, 0.267617 
2.512, 0.267975 
2.513, 0.268332 
2.514, 0.26869 
2.515, 0.269047 
2.516, 0.269405 
2.517, 0.269762 
2.518, 0.270119 
2.519, 0.270476 
2.52, 0.270833 
2.521, 0.271189 
2.522, 0.271546 
2.523, 0.271902 
2.524, 0.272259 
2.525, 0.272615 
2.526, 0.272971 
2.527, 0.273327 
2.528, 0.273683 
2.529, 0.274038 
2.53, 0.274394 
2.531, 0.274749 
2.532, 0.275104 
2.533, 0.27546 
2.534, 0.275815 
2.535, 0.27617 
2.536, 0.276524 
2.537, 0.276879 
2.538, 0.277233 
2.539, 0.277588 
2.54, 0.277942 
2.541, 0.278296 
2.542, 0.27865 
2.543, 0.279004 
2.544, 0.279358 
2.545, 0.279711 
2.546, 0.280065 
2.547, 0.280418 
2.548, 0.280771 
2.549, 0.281124 
2.55, 0.281477 
2.551, 0.28183 
2.552, 0.282183 
2.553, 0.282535 
2.554, 0.282888 
2.555, 0.28324 
2.556, 0.283592 
2.557, 0.283944 
2.558, 0.284296 
2.559, 0.284648 
2.56, 0.284999 
2.561, 0.285351 
2.562, 0.285702 
2.563, 0.286053 
2.564, 0.286404 
2.565, 0.286755 
2.566, 0.287106 
2.567, 0.287456 
2.568, 0.287807 
2.569, 0.288157 
2.57, 0.288507 
2.571, 0.288857 
2.572, 0.289207 
2.573, 0.289557 
2.574, 0.289907 
2.575, 0.290256 
2.576, 0.290606 
2.577, 0.290955 
2.578, 0.291304 
2.579, 0.291653 
2.58, 0.292002 
2.581, 0.292351 
2.582, 0.292699 
2.583, 0.293048 
2.584, 0.293396 
2.585, 0.293744 
2.586, 0.294092 
2.587, 0.29444 
2.588, 0.294787 
2.589, 0.295135 
2.59, 0.295482 
2.591, 0.29583 
2.592, 0.296177 
2.593, 0.296524 
2.594, 0.296871 
2.595, 0.297217 
2.596, 0.297564 
2.597, 0.29791 
2.598, 0.298257 
2.599, 0.298603 
2.6, 0.298949 
2.601, 0.299295 
2.602, 0.29964 
2.603, 0.299986 
2.604, 0.300331 
2.605, 0.300677 
2.606, 0.301022 
2.607, 0.301367 
2.608, 0.301712 
2.609, 0.302056 
2.61, 0.302401 
2.611, 0.302745 
2.612, 0.303089 
2.613, 0.303434 
2.614, 0.303778 
2.615, 0.304121 
2.616, 0.304465 
2.617, 0.304809 
2.618, 0.305152 
2.619, 0.305495 
2.62, 0.305838 
2.621, 0.306181 
2.622, 0.306524 
2.623, 0.306867 
2.624, 0.307209 
2.625, 0.307551 
2.626, 0.307894 
2.627, 0.308236 
2.628, 0.308578 
2.629, 0.308919 
2.63, 0.309261 
2.631, 0.309602 
2.632, 0.309944 
2.633, 0.310285 
2.634, 0.310626 
2.635, 0.310967 
2.636, 0.311308 
2.637, 0.311648 
2.638, 0.311989 
2.639, 0.312329 
2.64, 0.312669 
2.641, 0.313009 
2.642, 0.313349 
2.643, 0.313688 
2.644, 0.314028 
2.645, 0.314367 
2.646, 0.314706 
2.647, 0.315045 
2.648, 0.315384 
2.649, 0.315723 
2.65, 0.316062 
2.651, 0.3164 
2.652, 0.316739 
2.653, 0.317077 
2.654, 0.317415 
2.655, 0.317753 
2.656, 0.31809 
2.657, 0.318428 
2.658, 0.318765 
2.659, 0.319102 
2.66, 0.31944 
2.661, 0.319776 
2.662, 0.320113 
2.663, 0.32045 
2.664, 0.320786 
2.665, 0.321123 
2.666, 0.321459 
2.667, 0.321795 
2.668, 0.322131 
2.669, 0.322466 
2.67, 0.322802 
2.671, 0.323137 
2.672, 0.323473 
2.673, 0.323808 
2.674, 0.324143 
2.675, 0.324477 
2.676, 0.324812 
2.677, 0.325147 
2.678, 0.325481 
2.679, 0.325815 
2.68, 0.326149 
2.681, 0.326483 
2.682, 0.326817 
2.683, 0.32715 
2.684, 0.327484 
2.685, 0.327817 
2.686, 0.32815 
2.687, 0.328483 
2.688, 0.328816 
2.689, 0.329148 
2.69, 0.329481 
2.691, 0.329813 
2.692, 0.330145 
2.693, 0.330477 
2.694, 0.330809 
2.695, 0.331141 
2.696, 0.331472 
2.697, 0.331803 
2.698, 0.332135 
2.699, 0.332466 
2.7, 0.332797 
2.701, 0.333127 
2.702, 0.333458 
2.703, 0.333788 
2.704, 0.334119 
2.705, 0.334449 
2.706, 0.334779 
2.707, 0.335108 
2.708, 0.335438 
2.709, 0.335767 
2.71, 0.336097 
2.711, 0.336426 
2.712, 0.336755 
2.713, 0.337084 
2.714, 0.337412 
2.715, 0.337741 
2.716, 0.338069 
2.717, 0.338398 
2.718, 0.338726 
2.719, 0.339054 
2.72, 0.339381 
2.721, 0.339709 
2.722, 0.340036 
2.723, 0.340364 
2.724, 0.340691 
2.725, 0.341018 
2.726, 0.341344 
2.727, 0.341671 
2.728, 0.341997 
2.729, 0.342324 
2.73, 0.34265 
2.731, 0.342976 
2.732, 0.343302 
2.733, 0.343627 
2.734, 0.343953 
2.735, 0.344278 
2.736, 0.344603 
2.737, 0.344928 
2.738, 0.345253 
2.739, 0.345578 
2.74, 0.345902 
2.741, 0.346227 
2.742, 0.346551 
2.743, 0.346875 
2.744, 0.347199 
2.745, 0.347523 
2.746, 0.347846 
2.747, 0.34817 
2.748, 0.348493 
2.749, 0.348816 
2.75, 0.349139 
2.751, 0.349462 
2.752, 0.349785 
2.753, 0.350107 
2.754, 0.350429 
2.755, 0.350751 
2.756, 0.351073 
2.757, 0.351395 
2.758, 0.351717 
2.759, 0.352038 
2.76, 0.35236 
2.761, 0.352681 
2.762, 0.353002 
2.763, 0.353323 
2.764, 0.353643 
2.765, 0.353964 
2.766, 0.354284 
2.767, 0.354604 
2.768, 0.354925 
2.769, 0.355244 
2.77, 0.355564 
2.771, 0.355884 
2.772, 0.356203 
2.773, 0.356522 
2.774, 0.356841 
2.775, 0.35716 
2.776, 0.357479 
2.777, 0.357798 
2.778, 0.358116 
2.779, 0.358434 
2.78, 0.358752 
2.781, 0.35907 
2.782, 0.359388 
2.783, 0.359706 
2.784, 0.360023 
2.785, 0.36034 
2.786, 0.360658 
2.787, 0.360974 
2.788, 0.361291 
2.789, 0.361608 
2.79, 0.361924 
2.791, 0.362241 
2.792, 0.362557 
2.793, 0.362873 
2.794, 0.363189 
2.795, 0.363504 
2.796, 0.36382 
2.797, 0.364135 
2.798, 0.36445 
2.799, 0.364765 
2.8, 0.36508 
2.801, 0.365395 
2.802, 0.365709 
2.803, 0.366024 
2.804, 0.366338 
2.805, 0.366652 
2.806, 0.366966 
2.807, 0.367279 
2.808, 0.367593 
2.809, 0.367906 
2.81, 0.36822 
2.811, 0.368533 
2.812, 0.368846 
2.813, 0.369158 
2.814, 0.369471 
2.815, 0.369783 
2.816, 0.370095 
2.817, 0.370408 
2.818, 0.370719 
2.819, 0.371031 
2.82, 0.371343 
2.821, 0.371654 
2.822, 0.371965 
2.823, 0.372277 
2.824, 0.372587 
2.825, 0.372898 
2.826, 0.373209 
2.827, 0.373519 
2.828, 0.373829 
2.829, 0.37414 
2.83, 0.37445 
2.831, 0.374759 
2.832, 0.375069 
2.833, 0.375378 
2.834, 0.375688 
2.835, 0.375997 
2.836, 0.376306 
2.837, 0.376615 
2.838, 0.376923 
2.839, 0.377232 
2.84, 0.37754 
2.841, 0.377848 
2.842, 0.378156 
2.843, 0.378464 
2.844, 0.378772 
2.845, 0.379079 
2.846, 0.379386 
2.847, 0.379694 
2.848, 0.380001 
2.849, 0.380307 
2.85, 0.380614 
2.851, 0.380921 
2.852, 0.381227 
2.853, 0.381533 
2.854, 0.381839 
2.855, 0.382145 
2.856, 0.382451 
2.857, 0.382756 
2.858, 0.383061 
2.859, 0.383367 
2.86, 0.383672 
2.861, 0.383977 
2.862, 0.384281 
2.863, 0.384586 
2.864, 0.38489 
2.865, 0.385194 
2.866, 0.385498 
2.867, 0.385802 
2.868, 0.386106 
2.869, 0.38641 
2.87, 0.386713 
2.871, 0.387016 
2.872, 0.387319 
2.873, 0.387622 
2.874, 0.387925 
2.875, 0.388227 
2.876, 0.38853 
2.877, 0.388832 
2.878, 0.389134 
2.879, 0.389436 
2.88, 0.389738 
2.881, 0.390039 
2.882, 0.390341 
2.883, 0.390642 
2.884, 0.390943 
2.885, 0.391244 
2.886, 0.391545 
2.887, 0.391846 
2.888, 0.392146 
2.889, 0.392446 
2.89, 0.392746 
2.891, 0.393046 
2.892, 0.393346 
2.893, 0.393646 
2.894, 0.393945 
2.895, 0.394244 
2.896, 0.394544 
2.897, 0.394843 
2.898, 0.395141 
2.899, 0.39544 
2.9, 0.395738 
2.901, 0.396037 
2.902, 0.396335 
2.903, 0.396633 
2.904, 0.396931 
2.905, 0.397228 
2.906, 0.397526 
2.907, 0.397823 
2.908, 0.39812 
2.909, 0.398417 
2.91, 0.398714 
2.911, 0.399011 
2.912, 0.399307 
2.913, 0.399604 
2.914, 0.3999 
2.915, 0.400196 
2.916, 0.400492 
2.917, 0.400787 
2.918, 0.401083 
2.919, 0.401378 
2.92, 0.401674 
2.921, 0.401969 
2.922, 0.402264 
2.923, 0.402558 
2.924, 0.402853 
2.925, 0.403147 
2.926, 0.403441 
2.927, 0.403735 
2.928, 0.404029 
2.929, 0.404323 
2.93, 0.404617 
2.931, 0.40491 
2.932, 0.405203 
2.933, 0.405496 
2.934, 0.405789 
2.935, 0.406082 
2.936, 0.406375 
2.937, 0.406667 
2.938, 0.406959 
2.939, 0.407251 
2.94, 0.407543 
2.941, 0.407835 
2.942, 0.408127 
2.943, 0.408418 
2.944, 0.408709 
2.945, 0.409001 
2.946, 0.409292 
2.947, 0.409582 
2.948, 0.409873 
2.949, 0.410163 
2.95, 0.410454 
2.951, 0.410744 
2.952, 0.411034 
2.953, 0.411324 
2.954, 0.411613 
2.955, 0.411903 
2.956, 0.412192 
2.957, 0.412481 
2.958, 0.41277 
2.959, 0.413059 
2.96, 0.413348 
2.961, 0.413636 
2.962, 0.413925 
2.963, 0.414213 
2.964, 0.414501 
2.965, 0.414789 
2.966, 0.415077 
2.967, 0.415364 
2.968, 0.415651 
2.969, 0.415939 
2.97, 0.416226 
2.971, 0.416513 
2.972, 0.416799 
2.973, 0.417086 
2.974, 0.417372 
2.975, 0.417659 
2.976, 0.417945 
2.977, 0.418231 
2.978, 0.418516 
2.979, 0.418802 
2.98, 0.419087 
2.981, 0.419373 
2.982, 0.419658 
2.983, 0.419943 
2.984, 0.420228 
2.985, 0.420512 
2.986, 0.420797 
2.987, 0.421081 
2.988, 0.421365 
2.989, 0.421649 
2.99, 0.421933 
2.991, 0.422217 
2.992, 0.4225 
2.993, 0.422783 
2.994, 0.423067 
2.995, 0.42335 
2.996, 0.423632 
2.997, 0.423915 
2.998, 0.424198 
2.999, 0.42448 
3, 0.424762 
3.001, 0.425044 
3.002, 0.425326 
3.003, 0.425608 
3.004, 0.425889 
3.005, 0.426171 
3.006, 0.426452 
3.007, 0.426733 
3.008, 0.427014 
3.009, 0.427295 
3.01, 0.427575 
3.011, 0.427856 
3.012, 0.428136 
3.013, 0.428416 
3.014, 0.428696 
3.015, 0.428976 
3.016, 0.429256 
3.017, 0.429535 
3.018, 0.429814 
3.019, 0.430094 
3.02, 0.430373 
3.021, 0.430651 
3.022, 0.43093 
3.023, 0.431209 
3.024, 0.431487 
3.025, 0.431765 
3.026, 0.432043 
3.027, 0.432321 
3.028, 0.432599 
3.029, 0.432876 
3.03, 0.433154 
3.031, 0.433431 
3.032, 0.433708 
3.033, 0.433985 
3.034, 0.434262 
3.035, 0.434538 
3.036, 0.434815 
3.037, 0.435091 
3.038, 0.435367 
3.039, 0.435643 
3.04, 0.435919 
3.041, 0.436195 
3.042, 0.43647 
3.043, 0.436745 
3.044, 0.43702 
3.045, 0.437295 
3.046, 0.43757 
3.047, 0.437845 
3.048, 0.43812 
3.049, 0.438394 
3.05, 0.438668 
3.051, 0.438942 
3.052, 0.439216 
3.053, 0.43949 
3.054, 0.439763 
3.055, 0.440037 
3.056, 0.44031 
3.057, 0.440583 
3.058, 0.440856 
3.059, 0.441129 
3.06, 0.441401 
3.061, 0.441674 
3.062, 0.441946 
3.063, 0.442218 
3.064, 0.44249 
3.065, 0.442762 
3.066, 0.443034 
3.067, 0.443305 
3.068, 0.443577 
3.069, 0.443848 
3.07, 0.444119 
3.071, 0.44439 
3.072, 0.444661 
3.073, 0.444931 
3.074, 0.445202 
3.075, 0.445472 
3.076, 0.445742 
3.077, 0.446012 
3.078, 0.446282 
3.079, 0.446551 
3.08, 0.446821 
3.081, 0.44709 
3.082, 0.447359 
3.083, 0.447628 
3.084, 0.447897 
3.085, 0.448166 
3.086, 0.448434 
3.087, 0.448703 
3.088, 0.448971 
3.089, 0.449239 
3.09, 0.449507 
3.091, 0.449774 
3.092, 0.450042 
3.093, 0.450309 
3.094, 0.450577 
3.095, 0.450844 
3.096, 0.451111 
3.097, 0.451378 
3.098, 0.451644 
3.099, 0.451911 
3.1, 0.452177 
3.101, 0.452443 
3.102, 0.452709 
3.103, 0.452975 
3.104, 0.453241 
3.105, 0.453506 
3.106, 0.453772 
3.107, 0.454037 
3.108, 0.454302 
3.109, 0.454567 
3.11, 0.454832 
3.111, 0.455096 
3.112, 0.455361 
3.113, 0.455625 
3.114, 0.455889 
3.115, 0.456153 
3.116, 0.456417 
3.117, 0.456681 
3.118, 0.456944 
3.119, 0.457208 
3.12, 0.457471 
3.121, 0.457734 
3.122, 0.457997 
3.123, 0.45826 
3.124, 0.458522 
3.125, 0.458785 
3.126, 0.459047 
3.127, 0.459309 
3.128, 0.459571 
3.129, 0.459833 
3.13, 0.460095 
3.131, 0.460356 
3.132, 0.460617 
3.133, 0.460879 
3.134, 0.46114 
3.135, 0.461401 
3.136, 0.461661 
3.137, 0.461922 
3.138, 0.462182 
3.139, 0.462443 
3.14, 0.462703 
3.141, 0.462963 
3.142, 0.463223 
3.143, 0.463482 
3.144, 0.463742 
3.145, 0.464001 
3.146, 0.46426 
3.147, 0.464519 
3.148, 0.464778 
3.149, 0.465037 
3.15, 0.465296 
3.151, 0.465554 
3.152, 0.465812 
3.153, 0.466071 
3.154, 0.466328 
3.155, 0.466586 
3.156, 0.466844 
3.157, 0.467102 
3.158, 0.467359 
3.159, 0.467616 
3.16, 0.467873 
3.161, 0.46813 
3.162, 0.468387 
3.163, 0.468643 
3.164, 0.4689 
3.165, 0.469156 
3.166, 0.469412 
3.167, 0.469668 
3.168, 0.469924 
3.169, 0.47018 
3.17, 0.470436 
3.171, 0.470691 
3.172, 0.470946 
3.173, 0.471201 
3.174, 0.471456 
3.175, 0.471711 
3.176, 0.471966 
3.177, 0.47222 
3.178, 0.472474 
3.179, 0.472729 
3.18, 0.472983 
3.181, 0.473237 
3.182, 0.47349 
3.183, 0.473744 
3.184, 0.473997 
3.185, 0.474251 
3.186, 0.474504 
3.187, 0.474757 
3.188, 0.475009 
3.189, 0.475262 
3.19, 0.475515 
3.191, 0.475767 
3.192, 0.476019 
3.193, 0.476271 
3.194, 0.476523 
3.195, 0.476775 
3.196, 0.477027 
3.197, 0.477278 
3.198, 0.477529 
3.199, 0.477781 
3.2, 0.478032 
3.201, 0.478283 
3.202, 0.478533 
3.203, 0.478784 
3.204, 0.479034 
3.205, 0.479285 
3.206, 0.479535 
3.207, 0.479785 
3.208, 0.480034 
3.209, 0.480284 
3.21, 0.480534 
3.211, 0.480783 
3.212, 0.481032 
3.213, 0.481281 
3.214, 0.48153 
3.215, 0.481779 
3.216, 0.482028 
3.217, 0.482276 
3.218, 0.482525 
3.219, 0.482773 
3.22, 0.483021 
3.221, 0.483269 
3.222, 0.483516 
3.223, 0.483764 
3.224, 0.484011 
3.225, 0.484259 
3.226, 0.484506 
3.227, 0.484753 
3.228, 0.485 
3.229, 0.485246 
3.23, 0.485493 
3.231, 0.485739 
3.232, 0.485986 
3.233, 0.486232 
3.234, 0.486478 
3.235, 0.486724 
3.236, 0.486969 
3.237, 0.487215 
3.238, 0.48746 
3.239, 0.487705 
3.24, 0.487951 
3.241, 0.488195 
3.242, 0.48844 
3.243, 0.488685 
3.244, 0.488929 
3.245, 0.489174 
3.246, 0.489418 
3.247, 0.489662 
3.248, 0.489906 
3.249, 0.49015 
3.25, 0.490393 
3.251, 0.490637 
3.252, 0.49088 
3.253, 0.491123 
3.254, 0.491366 
3.255, 0.491609 
3.256, 0.491852 
3.257, 0.492095 
3.258, 0.492337 
3.259, 0.492579 
3.26, 0.492822 
3.261, 0.493064 
3.262, 0.493305 
3.263, 0.493547 
3.264, 0.493789 
3.265, 0.49403 
3.266, 0.494271 
3.267, 0.494513 
3.268, 0.494754 
3.269, 0.494994 
3.27, 0.495235 
3.271, 0.495476 
3.272, 0.495716 
3.273, 0.495956 
3.274, 0.496197 
3.275, 0.496437 
3.276, 0.496676 
3.277, 0.496916 
3.278, 0.497156 
3.279, 0.497395 
3.28, 0.497634 
3.281, 0.497873 
3.282, 0.498112 
3.283, 0.498351 
3.284, 0.49859 
3.285, 0.498829 
3.286, 0.499067 
3.287, 0.499305 
3.288, 0.499543 
3.289, 0.499781 
3.29, 0.500019 
3.291, 0.500257 
3.292, 0.500494 
3.293, 0.500732 
3.294, 0.500969 
3.295, 0.501206 
3.296, 0.501443 
3.297, 0.50168 
3.298, 0.501917 
3.299, 0.502153 
3.3, 0.50239 
3.301, 0.502626 
3.302, 0.502862 
3.303, 0.503098 
3.304, 0.503334 
3.305, 0.503569 
3.306, 0.503805 
3.307, 0.50404 
3.308, 0.504276 
3.309, 0.504511 
3.31, 0.504746 
3.311, 0.504981 
3.312, 0.505215 
3.313, 0.50545 
3.314, 0.505684 
3.315, 0.505919 
3.316, 0.506153 
3.317, 0.506387 
3.318, 0.50662 
3.319, 0.506854 
3.32, 0.507088 
3.321, 0.507321 
3.322, 0.507554 
3.323, 0.507788 
3.324, 0.508021 
3.325, 0.508253 
3.326, 0.508486 
3.327, 0.508719 
3.328, 0.508951 
3.329, 0.509184 
3.33, 0.509416 
3.331, 0.509648 
3.332, 0.50988 
3.333, 0.510111 
3.334, 0.510343 
3.335, 0.510574 
3.336, 0.510806 
3.337, 0.511037 
3.338, 0.511268 
3.339, 0.511499 
3.34, 0.51173 
3.341, 0.51196 
3.342, 0.512191 
3.343, 0.512421 
3.344, 0.512651 
3.345, 0.512881 
3.346, 0.513111 
3.347, 0.513341 
3.348, 0.513571 
3.349, 0.5138 
3.35, 0.514029 
3.351, 0.514259 
3.352, 0.514488 
3.353, 0.514717 
3.354, 0.514946 
3.355, 0.515174 
3.356, 0.515403 
3.357, 0.515631 
3.358, 0.515859 
3.359, 0.516088 
3.36, 0.516316 
3.361, 0.516543 
3.362, 0.516771 
3.363, 0.516999 
3.364, 0.517226 
3.365, 0.517453 
3.366, 0.517681 
3.367, 0.517908 
3.368, 0.518134 
3.369, 0.518361 
3.37, 0.518588 
3.371, 0.518814 
3.372, 0.519041 
3.373, 0.519267 
3.374, 0.519493 
3.375, 0.519719 
3.376, 0.519945 
3.377, 0.52017 
3.378, 0.520396 
3.379, 0.520621 
3.38, 0.520846 
3.381, 0.521071 
3.382, 0.521296 
3.383, 0.521521 
3.384, 0.521746 
3.385, 0.521971 
3.386, 0.522195 
3.387, 0.522419 
3.388, 0.522643 
3.389, 0.522867 
3.39, 0.523091 
3.391, 0.523315 
3.392, 0.523539 
3.393, 0.523762 
3.394, 0.523985 
3.395, 0.524209 
3.396, 0.524432 
3.397, 0.524655 
3.398, 0.524877 
3.399, 0.5251 
3.4, 0.525323 
3.401, 0.525545 
3.402, 0.525767 
3.403, 0.525989 
3.404, 0.526211 
3.405, 0.526433 
3.406, 0.526655 
3.407, 0.526877 
3.408, 0.527098 
3.409, 0.527319 
3.41, 0.52754 
3.411, 0.527762 
3.412, 0.527982 
3.413, 0.528203 
3.414, 0.528424 
3.415, 0.528644 
3.416, 0.528865 
3.417, 0.529085 
3.418, 0.529305 
3.419, 0.529525 
3.42, 0.529745 
3.421, 0.529965 
3.422, 0.530184 
3.423, 0.530404 
3.424, 0.530623 
3.425, 0.530842 
3.426, 0.531061 
3.427, 0.53128 
3.428, 0.531499 
3.429, 0.531718 
3.43, 0.531936 
3.431, 0.532154 
3.432, 0.532373 
3.433, 0.532591 
3.434, 0.532809 
3.435, 0.533027 
3.436, 0.533244 
3.437, 0.533462 
3.438, 0.533679 
3.439, 0.533897 
3.44, 0.534114 
3.441, 0.534331 
3.442, 0.534548 
3.443, 0.534765 
3.444, 0.534981 
3.445, 0.535198 
3.446, 0.535414 
3.447, 0.535631 
3.448, 0.535847 
3.449, 0.536063 
3.45, 0.536279 
3.451, 0.536494 
3.452, 0.53671 
3.453, 0.536925 
3.454, 0.537141 
3.455, 0.537356 
3.456, 0.537571 
3.457, 0.537786 
3.458, 0.538001 
3.459, 0.538216 
3.46, 0.53843 
3.461, 0.538645 
3.462, 0.538859 
3.463, 0.539073 
3.464, 0.539287 
3.465, 0.539501 
3.466, 0.539715 
3.467, 0.539929 
3.468, 0.540142 
3.469, 0.540355 
3.47, 0.540569 
3.471, 0.540782 
3.472, 0.540995 
3.473, 0.541208 
3.474, 0.541421 
3.475, 0.541633 
3.476, 0.541846 
3.477, 0.542058 
3.478, 0.54227 
3.479, 0.542482 
3.48, 0.542694 
3.481, 0.542906 
3.482, 0.543118 
3.483, 0.54333 
3.484, 0.543541 
3.485, 0.543752 
3.486, 0.543964 
3.487, 0.544175 
3.488, 0.544386 
3.489, 0.544596 
3.49, 0.544807 
3.491, 0.545018 
3.492, 0.545228 
3.493, 0.545438 
3.494, 0.545649 
3.495, 0.545859 
3.496, 0.546069 
3.497, 0.546278 
3.498, 0.546488 
3.499, 0.546698 
3.5, 0.546907 
3.501, 0.547116 
3.502, 0.547326 
3.503, 0.547535 
3.504, 0.547743 
3.505, 0.547952 
3.506, 0.548161 
3.507, 0.548369 
3.508, 0.548578 
3.509, 0.548786 
3.51, 0.548994 
3.511, 0.549202 
3.512, 0.54941 
3.513, 0.549618 
3.514, 0.549826 
3.515, 0.550033 
3.516, 0.550241 
3.517, 0.550448 
3.518, 0.550655 
3.519, 0.550862 
3.52, 0.551069 
3.521, 0.551276 
3.522, 0.551482 
3.523, 0.551689 
3.524, 0.551895 
3.525, 0.552102 
3.526, 0.552308 
3.527, 0.552514 
3.528, 0.55272 
3.529, 0.552925 
3.53, 0.553131 
3.531, 0.553336 
3.532, 0.553542 
3.533, 0.553747 
3.534, 0.553952 
3.535, 0.554157 
3.536, 0.554362 
3.537, 0.554567 
3.538, 0.554772 
3.539, 0.554976 
3.54, 0.555181 
3.541, 0.555385 
3.542, 0.555589 
3.543, 0.555793 
3.544, 0.555997 
3.545, 0.556201 
3.546, 0.556404 
3.547, 0.556608 
3.548, 0.556811 
3.549, 0.557015 
3.55, 0.557218 
3.551, 0.557421 
3.552, 0.557624 
3.553, 0.557826 
3.554, 0.558029 
3.555, 0.558232 
3.556, 0.558434 
3.557, 0.558636 
3.558, 0.558839 
3.559, 0.559041 
3.56, 0.559243 
3.561, 0.559444 
3.562, 0.559646 
3.563, 0.559848 
3.564, 0.560049 
3.565, 0.56025 
3.566, 0.560452 
3.567, 0.560653 
3.568, 0.560854 
3.569, 0.561055 
3.57, 0.561255 
3.571, 0.561456 
3.572, 0.561656 
3.573, 0.561857 
3.574, 0.562057 
3.575, 0.562257 
3.576, 0.562457 
3.577, 0.562657 
3.578, 0.562857 
3.579, 0.563056 
3.58, 0.563256 
3.581, 0.563455 
3.582, 0.563654 
3.583, 0.563853 
3.584, 0.564052 
3.585, 0.564251 
3.586, 0.56445 
3.587, 0.564649 
3.588, 0.564847 
3.589, 0.565046 
3.59, 0.565244 
3.591, 0.565442 
3.592, 0.56564 
3.593, 0.565838 
3.594, 0.566036 
3.595, 0.566234 
3.596, 0.566431 
3.597, 0.566629 
3.598, 0.566826 
3.599, 0.567023 
3.6, 0.56722 
3.601, 0.567417 
3.602, 0.567614 
3.603, 0.567811 
3.604, 0.568008 
3.605, 0.568204 
3.606, 0.5684 
3.607, 0.568597 
3.608, 0.568793 
3.609, 0.568989 
3.61, 0.569185 
3.611, 0.569381 
3.612, 0.569576 
3.613, 0.569772 
3.614, 0.569967 
3.615, 0.570162 
3.616, 0.570358 
3.617, 0.570553 
3.618, 0.570748 
3.619, 0.570943 
3.62, 0.571137 
3.621, 0.571332 
3.622, 0.571526 
3.623, 0.571721 
3.624, 0.571915 
3.625, 0.572109 
3.626, 0.572303 
3.627, 0.572497 
3.628, 0.572691 
3.629, 0.572884 
3.63, 0.573078 
3.631, 0.573271 
3.632, 0.573465 
3.633, 0.573658 
3.634, 0.573851 
3.635, 0.574044 
3.636, 0.574237 
3.637, 0.57443 
3.638, 0.574622 
3.639, 0.574815 
3.64, 0.575007 
3.641, 0.575199 
3.642, 0.575391 
3.643, 0.575583 
3.644, 0.575775 
3.645, 0.575967 
3.646, 0.576159 
3.647, 0.57635 
3.648, 0.576542 
3.649, 0.576733 
3.65, 0.576924 
3.651, 0.577115 
3.652, 0.577306 
3.653, 0.577497 
3.654, 0.577688 
3.655, 0.577879 
3.656, 0.578069 
3.657, 0.57826 
3.658, 0.57845 
3.659, 0.57864 
3.66, 0.57883 
3.661, 0.57902 
3.662, 0.57921 
3.663, 0.5794 
3.664, 0.579589 
3.665, 0.579779 
3.666, 0.579968 
3.667, 0.580157 
3.668, 0.580347 
3.669, 0.580536 
3.67, 0.580725 
3.671, 0.580913 
3.672, 0.581102 
3.673, 0.581291 
3.674, 0.581479 
3.675, 0.581667 
3.676, 0.581856 
3.677, 0.582044 
3.678, 0.582232 
3.679, 0.58242 
3.68, 0.582607 
3.681, 0.582795 
3.682, 0.582983 
3.683, 0.58317 
3.684, 0.583357 
3.685, 0.583545 
3.686, 0.583732 
3.687, 0.583919 
3.688, 0.584106 
3.689, 0.584292 
3.69, 0.584479 
3.691, 0.584666 
3.692, 0.584852 
3.693, 0.585038 
3.694, 0.585224 
3.695, 0.585411 
3.696, 0.585597 
3.697, 0.585782 
3.698, 0.585968 
3.699, 0.586154 
3.7, 0.586339 
3.701, 0.586525 
3.702, 0.58671 
3.703, 0.586895 
3.704, 0.58708 
3.705, 0.587265 
3.706, 0.58745 
3.707, 0.587635 
3.708, 0.587819 
3.709, 0.588004 
3.71, 0.588188 
3.711, 0.588373 
3.712, 0.588557 
3.713, 0.588741 
3.714, 0.588925 
3.715, 0.589109 
3.716, 0.589293 
3.717, 0.589476 
3.718, 0.58966 
3.719, 0.589843 
3.72, 0.590026 
3.721, 0.59021 
3.722, 0.590393 
3.723, 0.590576 
3.724, 0.590758 
3.725, 0.590941 
3.726, 0.591124 
3.727, 0.591306 
3.728, 0.591489 
3.729, 0.591671 
3.73, 0.591853 
3.731, 0.592035 
3.732, 0.592217 
3.733, 0.592399 
3.734, 0.592581 
3.735, 0.592763 
3.736, 0.592944 
3.737, 0.593126 
3.738, 0.593307 
3.739, 0.593488 
3.74, 0.593669 
3.741, 0.59385 
3.742, 0.594031 
3.743, 0.594212 
3.744, 0.594393 
3.745, 0.594573 
3.746, 0.594754 
3.747, 0.594934 
3.748, 0.595114 
3.749, 0.595294 
3.75, 0.595474 
3.751, 0.595654 
3.752, 0.595834 
3.753, 0.596014 
3.754, 0.596193 
3.755, 0.596373 
3.756, 0.596552 
3.757, 0.596731 
3.758, 0.596911 
3.759, 0.59709 
3.76, 0.597269 
3.761, 0.597447 
3.762, 0.597626 
3.763, 0.597805 
3.764, 0.597983 
3.765, 0.598162 
3.766, 0.59834 
3.767, 0.598518 
3.768, 0.598696 
3.769, 0.598874 
3.77, 0.599052 
3.771, 0.59923 
3.772, 0.599407 
3.773, 0.599585 
3.774, 0.599762 
3.775, 0.59994 
3.776, 0.600117 
3.777, 0.600294 
3.778, 0.600471 
3.779, 0.600648 
3.78, 0.600825 
3.781, 0.601002 
3.782, 0.601178 
3.783, 0.601355 
3.784, 0.601531 
3.785, 0.601707 
3.786, 0.601883 
3.787, 0.602059 
3.788, 0.602235 
3.789, 0.602411 
3.79, 0.602587 
3.791, 0.602763 
3.792, 0.602938 
3.793, 0.603114 
3.794, 0.603289 
3.795, 0.603464 
3.796, 0.603639 
3.797, 0.603814 
3.798, 0.603989 
3.799, 0.604164 
3.8, 0.604339 
3.801, 0.604513 
3.802, 0.604688 
3.803, 0.604862 
3.804, 0.605036 
3.805, 0.60521 
3.806, 0.605385 
3.807, 0.605559 
3.808, 0.605732 
3.809, 0.605906 
3.81, 0.60608 
3.811, 0.606253 
3.812, 0.606427 
3.813, 0.6066 
3.814, 0.606773 
3.815, 0.606946 
3.816, 0.607119 
3.817, 0.607292 
3.818, 0.607465 
3.819, 0.607638 
3.82, 0.60781 
3.821, 0.607983 
3.822, 0.608155 
3.823, 0.608328 
3.824, 0.6085 
3.825, 0.608672 
3.826, 0.608844 
3.827, 0.609016 
3.828, 0.609188 
3.829, 0.609359 
3.83, 0.609531 
3.831, 0.609702 
3.832, 0.609874 
3.833, 0.610045 
3.834, 0.610216 
3.835, 0.610387 
3.836, 0.610558 
3.837, 0.610729 
3.838, 0.6109 
3.839, 0.61107 
3.84, 0.611241 
3.841, 0.611411 
3.842, 0.611582 
3.843, 0.611752 
3.844, 0.611922 
3.845, 0.612092 
3.846, 0.612262 
3.847, 0.612432 
3.848, 0.612602 
3.849, 0.612771 
3.85, 0.612941 
3.851, 0.61311 
3.852, 0.61328 
3.853, 0.613449 
3.854, 0.613618 
3.855, 0.613787 
3.856, 0.613956 
3.857, 0.614125 
3.858, 0.614294 
3.859, 0.614462 
3.86, 0.614631 
3.861, 0.614799 
3.862, 0.614968 
3.863, 0.615136 
3.864, 0.615304 
3.865, 0.615472 
3.866, 0.61564 
3.867, 0.615808 
3.868, 0.615975 
3.869, 0.616143 
3.87, 0.616311 
3.871, 0.616478 
3.872, 0.616645 
3.873, 0.616813 
3.874, 0.61698 
3.875, 0.617147 
3.876, 0.617314 
3.877, 0.61748 
3.878, 0.617647 
3.879, 0.617814 
3.88, 0.61798 
3.881, 0.618147 
3.882, 0.618313 
3.883, 0.618479 
3.884, 0.618645 
3.885, 0.618811 
3.886, 0.618977 
3.887, 0.619143 
3.888, 0.619309 
3.889, 0.619475 
3.89, 0.61964 
3.891, 0.619806 
3.892, 0.619971 
3.893, 0.620136 
3.894, 0.620301 
3.895, 0.620466 
3.896, 0.620631 
3.897, 0.620796 
3.898, 0.620961 
3.899, 0.621126 
3.9, 0.62129 
3.901, 0.621455 
3.902, 0.621619 
3.903, 0.621783 
3.904, 0.621947 
3.905, 0.622111 
3.906, 0.622275 
3.907, 0.622439 
3.908, 0.622603 
3.909, 0.622767 
3.91, 0.62293 
3.911, 0.623094 
3.912, 0.623257 
3.913, 0.62342 
3.914, 0.623584 
3.915, 0.623747 
3.916, 0.62391 
3.917, 0.624073 
3.918, 0.624235 
3.919, 0.624398 
3.92, 0.624561 
3.921, 0.624723 
3.922, 0.624886 
3.923, 0.625048 
3.924, 0.62521 
3.925, 0.625372 
3.926, 0.625534 
3.927, 0.625696 
3.928, 0.625858 
3.929, 0.62602 
3.93, 0.626182 
3.931, 0.626343 
3.932, 0.626505 
3.933, 0.626666 
3.934, 0.626827 
3.935, 0.626988 
3.936, 0.627149 
3.937, 0.62731 
3.938, 0.627471 
3.939, 0.627632 
3.94, 0.627793 
3.941, 0.627953 
3.942, 0.628114 
3.943, 0.628274 
3.944, 0.628435 
3.945, 0.628595 
3.946, 0.628755 
3.947, 0.628915 
3.948, 0.629075 
3.949, 0.629235 
3.95, 0.629394 
3.951, 0.629554 
3.952, 0.629714 
3.953, 0.629873 
3.954, 0.630032 
3.955, 0.630192 
3.956, 0.630351 
3.957, 0.63051 
3.958, 0.630669 
3.959, 0.630828 
3.96, 0.630987 
3.961, 0.631145 
3.962, 0.631304 
3.963, 0.631462 
3.964, 0.631621 
3.965, 0.631779 
3.966, 0.631937 
3.967, 0.632096 
3.968, 0.632254 
3.969, 0.632412 
3.97, 0.632569 
3.971, 0.632727 
3.972, 0.632885 
3.973, 0.633042 
3.974, 0.6332 
3.975, 0.633357 
3.976, 0.633515 
3.977, 0.633672 
3.978, 0.633829 
3.979, 0.633986 
3.98, 0.634143 
3.981, 0.6343 
3.982, 0.634456 
3.983, 0.634613 
3.984, 0.63477 
3.985, 0.634926 
3.986, 0.635083 
3.987, 0.635239 
3.988, 0.635395 
3.989, 0.635551 
3.99, 0.635707 
3.991, 0.635863 
3.992, 0.636019 
3.993, 0.636175 
3.994, 0.63633 
3.995, 0.636486 
3.996, 0.636641 
3.997, 0.636797 
3.998, 0.636952 
3.999, 0.637107 
4, 0.637262 
4.001, 0.637417 
4.002, 0.637572 
4.003, 0.637727 
4.004, 0.637882 
4.005, 0.638036 
4.006, 0.638191 
4.007, 0.638345 
4.008, 0.638499 
4.009, 0.638654 
4.01, 0.638808 
4.011, 0.638962 
4.012, 0.639116 
4.013, 0.63927 
4.014, 0.639424 
4.015, 0.639577 
4.016, 0.639731 
4.017, 0.639885 
4.018, 0.640038 
4.019, 0.640191 
4.02, 0.640345 
4.021, 0.640498 
4.022, 0.640651 
4.023, 0.640804 
4.024, 0.640957 
4.025, 0.64111 
4.026, 0.641262 
4.027, 0.641415 
4.028, 0.641568 
4.029, 0.64172 
4.03, 0.641872 
4.031, 0.642025 
4.032, 0.642177 
4.033, 0.642329 
4.034, 0.642481 
4.035, 0.642633 
4.036, 0.642785 
4.037, 0.642937 
4.038, 0.643088 
4.039, 0.64324 
4.04, 0.643391 
4.041, 0.643543 
4.042, 0.643694 
4.043, 0.643845 
4.044, 0.643996 
4.045, 0.644147 
4.046, 0.644298 
4.047, 0.644449 
4.048, 0.6446 
4.049, 0.64475 
4.05, 0.644901 
4.051, 0.645052 
4.052, 0.645202 
4.053, 0.645352 
4.054, 0.645503 
4.055, 0.645653 
4.056, 0.645803 
4.057, 0.645953 
4.058, 0.646103 
4.059, 0.646252 
4.06, 0.646402 
4.061, 0.646552 
4.062, 0.646701 
4.063, 0.646851 
4.064, 0.647 
4.065, 0.647149 
4.066, 0.647299 
4.067, 0.647448 
4.068, 0.647597 
4.069, 0.647746 
4.07, 0.647894 
4.071, 0.648043 
4.072, 0.648192 
4.073, 0.64834 
4.074, 0.648489 
4.075, 0.648637 
4.076, 0.648786 
4.077, 0.648934 
4.078, 0.649082 
4.079, 0.64923 
4.08, 0.649378 
4.081, 0.649526 
4.082, 0.649674 
4.083, 0.649821 
4.084, 0.649969 
4.085, 0.650116 
4.086, 0.650264 
4.087, 0.650411 
4.088, 0.650559 
4.089, 0.650706 
4.09, 0.650853 
4.091, 0.651 
4.092, 0.651147 
4.093, 0.651294 
4.094, 0.65144 
4.095, 0.651587 
4.096, 0.651734 
4.097, 0.65188 
4.098, 0.652027 
4.099, 0.652173 
4.1, 0.652319 
4.101, 0.652465 
4.102, 0.652611 
4.103, 0.652757 
4.104, 0.652903 
4.105, 0.653049 
4.106, 0.653195 
4.107, 0.65334 
4.108, 0.653486 
4.109, 0.653631 
4.11, 0.653777 
4.111, 0.653922 
4.112, 0.654067 
4.113, 0.654213 
4.114, 0.654358 
4.115, 0.654503 
4.116, 0.654647 
4.117, 0.654792 
4.118, 0.654937 
4.119, 0.655082 
4.12, 0.655226 
4.121, 0.655371 
4.122, 0.655515 
4.123, 0.655659 
4.124, 0.655803 
4.125, 0.655948 
4.126, 0.656092 
4.127, 0.656236 
4.128, 0.656379 
4.129, 0.656523 
4.13, 0.656667 
4.131, 0.656811 
4.132, 0.656954 
4.133, 0.657098 
4.134, 0.657241 
4.135, 0.657384 
4.136, 0.657527 
4.137, 0.657671 
4.138, 0.657814 
4.139, 0.657957 
4.14, 0.658099 
4.141, 0.658242 
4.142, 0.658385 
4.143, 0.658528 
4.144, 0.65867 
4.145, 0.658813 
4.146, 0.658955 
4.147, 0.659097 
4.148, 0.659239 
4.149, 0.659382 
4.15, 0.659524 
4.151, 0.659666 
4.152, 0.659807 
4.153, 0.659949 
4.154, 0.660091 
4.155, 0.660233 
4.156, 0.660374 
4.157, 0.660516 
4.158, 0.660657 
4.159, 0.660798 
4.16, 0.66094 
4.161, 0.661081 
4.162, 0.661222 
4.163, 0.661363 
4.164, 0.661504 
4.165, 0.661644 
4.166, 0.661785 
4.167, 0.661926 
4.168, 0.662066 
4.169, 0.662207 
4.17, 0.662347 
4.171, 0.662488 
4.172, 0.662628 
4.173, 0.662768 
4.174, 0.662908 
4.175, 0.663048 
4.176, 0.663188 
4.177, 0.663328 
4.178, 0.663468 
4.179, 0.663607 
4.18, 0.663747 
4.181, 0.663886 
4.182, 0.664026 
4.183, 0.664165 
4.184, 0.664304 
4.185, 0.664444 
4.186, 0.664583 
4.187, 0.664722 
4.188, 0.664861 
4.189, 0.665 
4.19, 0.665138 
4.191, 0.665277 
4.192, 0.665416 
4.193, 0.665554 
4.194, 0.665693 
4.195, 0.665831 
4.196, 0.665969 
4.197, 0.666108 
4.198, 0.666246 
4.199, 0.666384 
4.2, 0.666522 
4.201, 0.66666 
4.202, 0.666798 
4.203, 0.666935 
4.204, 0.667073 
4.205, 0.667211 
4.206, 0.667348 
4.207, 0.667486 
4.208, 0.667623 
4.209, 0.66776 
4.21, 0.667897 
4.211, 0.668035 
4.212, 0.668172 
4.213, 0.668309 
4.214, 0.668445 
4.215, 0.668582 
4.216, 0.668719 
4.217, 0.668856 
4.218, 0.668992 
4.219, 0.669129 
4.22, 0.669265 
4.221, 0.669401 
4.222, 0.669538 
4.223, 0.669674 
4.224, 0.66981 
4.225, 0.669946 
4.226, 0.670082 
4.227, 0.670218 
4.228, 0.670353 
4.229, 0.670489 
4.23, 0.670625 
4.231, 0.67076 
4.232, 0.670896 
4.233, 0.671031 
4.234, 0.671166 
4.235, 0.671302 
4.236, 0.671437 
4.237, 0.671572 
4.238, 0.671707 
4.239, 0.671842 
4.24, 0.671977 
4.241, 0.672111 
4.242, 0.672246 
4.243, 0.672381 
4.244, 0.672515 
4.245, 0.67265 
4.246, 0.672784 
4.247, 0.672918 
4.248, 0.673053 
4.249, 0.673187 
4.25, 0.673321 
4.251, 0.673455 
4.252, 0.673589 
4.253, 0.673723 
4.254, 0.673856 
4.255, 0.67399 
4.256, 0.674124 
4.257, 0.674257 
4.258, 0.674391 
4.259, 0.674524 
4.26, 0.674657 
4.261, 0.674791 
4.262, 0.674924 
4.263, 0.675057 
4.264, 0.67519 
4.265, 0.675323 
4.266, 0.675456 
4.267, 0.675588 
4.268, 0.675721 
4.269, 0.675854 
4.27, 0.675986 
4.271, 0.676119 
4.272, 0.676251 
4.273, 0.676383 
4.274, 0.676516 
4.275, 0.676648 
4.276, 0.67678 
4.277, 0.676912 
4.278, 0.677044 
4.279, 0.677176 
4.28, 0.677307 
4.281, 0.677439 
4.282, 0.677571 
4.283, 0.677702 
4.284, 0.677834 
4.285, 0.677965 
4.286, 0.678097 
4.287, 0.678228 
4.288, 0.678359 
4.289, 0.67849 
4.29, 0.678621 
4.291, 0.678752 
4.292, 0.678883 
4.293, 0.679014 
4.294, 0.679144 
4.295, 0.679275 
4.296, 0.679406 
4.297, 0.679536 
4.298, 0.679667 
4.299, 0.679797 
4.3, 0.679927 
4.301, 0.680057 
4.302, 0.680188 
4.303, 0.680318 
4.304, 0.680448 
4.305, 0.680578 
4.306, 0.680707 
4.307, 0.680837 
4.308, 0.680967 
4.309, 0.681097 
4.31, 0.681226 
4.311, 0.681356 
4.312, 0.681485 
4.313, 0.681614 
4.314, 0.681743 
4.315, 0.681873 
4.316, 0.682002 
4.317, 0.682131 
4.318, 0.68226 
4.319, 0.682389 
4.32, 0.682517 
4.321, 0.682646 
4.322, 0.682775 
4.323, 0.682903 
4.324, 0.683032 
4.325, 0.68316 
4.326, 0.683289 
4.327, 0.683417 
4.328, 0.683545 
4.329, 0.683673 
4.33, 0.683801 
4.331, 0.683929 
4.332, 0.684057 
4.333, 0.684185 
4.334, 0.684313 
4.335, 0.684441 
4.336, 0.684568 
4.337, 0.684696 
4.338, 0.684823 
4.339, 0.684951 
4.34, 0.685078 
4.341, 0.685205 
4.342, 0.685333 
4.343, 0.68546 
4.344, 0.685587 
4.345, 0.685714 
4.346, 0.685841 
4.347, 0.685968 
4.348, 0.686094 
4.349, 0.686221 
4.35, 0.686348 
4.351, 0.686474 
4.352, 0.686601 
4.353, 0.686727 
4.354, 0.686853 
4.355, 0.68698 
4.356, 0.687106 
4.357, 0.687232 
4.358, 0.687358 
4.359, 0.687484 
4.36, 0.68761 
4.361, 0.687736 
4.362, 0.687862 
4.363, 0.687987 
4.364, 0.688113 
4.365, 0.688238 
4.366, 0.688364 
4.367, 0.688489 
4.368, 0.688615 
4.369, 0.68874 
4.37, 0.688865 
4.371, 0.68899 
4.372, 0.689115 
4.373, 0.68924 
4.374, 0.689365 
4.375, 0.68949 
4.376, 0.689615 
4.377, 0.68974 
4.378, 0.689864 
4.379, 0.689989 
4.38, 0.690113 
4.381, 0.690238 
4.382, 0.690362 
4.383, 0.690486 
4.384, 0.690611 
4.385, 0.690735 
4.386, 0.690859 
4.387, 0.690983 
4.388, 0.691107 
4.389, 0.691231 
4.39, 0.691354 
4.391, 0.691478 
4.392, 0.691602 
4.393, 0.691725 
4.394, 0.691849 
4.395, 0.691972 
4.396, 0.692096 
4.397, 0.692219 
4.398, 0.692342 
4.399, 0.692465 
4.4, 0.692588 
4.401, 0.692711 
4.402, 0.692834 
4.403, 0.692957 
4.404, 0.69308 
4.405, 0.693203 
4.406, 0.693325 
4.407, 0.693448 
4.408, 0.693571 
4.409, 0.693693 
4.41, 0.693815 
4.411, 0.693938 
4.412, 0.69406 
4.413, 0.694182 
4.414, 0.694304 
4.415, 0.694426 
4.416, 0.694548 
4.417, 0.69467 
4.418, 0.694792 
4.419, 0.694914 
4.42, 0.695036 
4.421, 0.695157 
4.422, 0.695279 
4.423, 0.6954 
4.424, 0.695522 
4.425, 0.695643 
4.426, 0.695765 
4.427, 0.695886 
4.428, 0.696007 
4.429, 0.696128 
4.43, 0.696249 
4.431, 0.69637 
4.432, 0.696491 
4.433, 0.696612 
4.434, 0.696732 
4.435, 0.696853 
4.436, 0.696974 
4.437, 0.697094 
4.438, 0.697215 
4.439, 0.697335 
4.44, 0.697456 
4.441, 0.697576 
4.442, 0.697696 
4.443, 0.697816 
4.444, 0.697936 
4.445, 0.698056 
4.446, 0.698176 
4.447, 0.698296 
4.448, 0.698416 
4.449, 0.698536 
4.45, 0.698655 
4.451, 0.698775 
4.452, 0.698895 
4.453, 0.699014 
4.454, 0.699133 
4.455, 0.699253 
4.456, 0.699372 
4.457, 0.699491 
4.458, 0.69961 
4.459, 0.699729 
4.46, 0.699848 
4.461, 0.699967 
4.462, 0.700086 
4.463, 0.700205 
4.464, 0.700324 
4.465, 0.700443 
4.466, 0.700561 
4.467, 0.70068 
4.468, 0.700798 
4.469, 0.700917 
4.47, 0.701035 
4.471, 0.701153 
4.472, 0.701271 
4.473, 0.70139 
4.474, 0.701508 
4.475, 0.701626 
4.476, 0.701744 
4.477, 0.701861 
4.478, 0.701979 
4.479, 0.702097 
4.48, 0.702215 
4.481, 0.702332 
4.482, 0.70245 
4.483, 0.702567 
4.484, 0.702685 
4.485, 0.702802 
4.486, 0.702919 
4.487, 0.703037 
4.488, 0.703154 
4.489, 0.703271 
4.49, 0.703388 
4.491, 0.703505 
4.492, 0.703622 
4.493, 0.703739 
4.494, 0.703855 
4.495, 0.703972 
4.496, 0.704089 
4.497, 0.704205 
4.498, 0.704322 
4.499, 0.704438 
4.5, 0.704555 
4.501, 0.704671 
4.502, 0.704787 
4.503, 0.704903 
4.504, 0.705019 
4.505, 0.705135 
4.506, 0.705251 
4.507, 0.705367 
4.508, 0.705483 
4.509, 0.705599 
4.51, 0.705715 
4.511, 0.70583 
4.512, 0.705946 
4.513, 0.706062 
4.514, 0.706177 
4.515, 0.706292 
4.516, 0.706408 
4.517, 0.706523 
4.518, 0.706638 
4.519, 0.706753 
4.52, 0.706869 
4.521, 0.706984 
4.522, 0.707099 
4.523, 0.707213 
4.524, 0.707328 
4.525, 0.707443 
4.526, 0.707558 
4.527, 0.707672 
4.528, 0.707787 
4.529, 0.707901 
4.53, 0.708016 
4.531, 0.70813 
4.532, 0.708245 
4.533, 0.708359 
4.534, 0.708473 
4.535, 0.708587 
4.536, 0.708701 
4.537, 0.708815 
4.538, 0.708929 
4.539, 0.709043 
4.54, 0.709157 
4.541, 0.709271 
4.542, 0.709384 
4.543, 0.709498 
4.544, 0.709612 
4.545, 0.709725 
4.546, 0.709839 
4.547, 0.709952 
4.548, 0.710065 
4.549, 0.710178 
4.55, 0.710292 
4.551, 0.710405 
4.552, 0.710518 
4.553, 0.710631 
4.554, 0.710744 
4.555, 0.710857 
4.556, 0.710969 
4.557, 0.711082 
4.558, 0.711195 
4.559, 0.711307 
4.56, 0.71142 
4.561, 0.711533 
4.562, 0.711645 
4.563, 0.711757 
4.564, 0.71187 
4.565, 0.711982 
4.566, 0.712094 
4.567, 0.712206 
4.568, 0.712318 
4.569, 0.71243 
4.57, 0.712542 
4.571, 0.712654 
4.572, 0.712766 
4.573, 0.712878 
4.574, 0.712989 
4.575, 0.713101 
4.576, 0.713213 
4.577, 0.713324 
4.578, 0.713436 
4.579, 0.713547 
4.58, 0.713658 
4.581, 0.71377 
4.582, 0.713881 
4.583, 0.713992 
4.584, 0.714103 
4.585, 0.714214 
4.586, 0.714325 
4.587, 0.714436 
4.588, 0.714547 
4.589, 0.714657 
4.59, 0.714768 
4.591, 0.714879 
4.592, 0.714989 
4.593, 0.7151 
4.594, 0.71521 
4.595, 0.715321 
4.596, 0.715431 
4.597, 0.715541 
4.598, 0.715652 
4.599, 0.715762 
4.6, 0.715872 
4.601, 0.715982 
4.602, 0.716092 
4.603, 0.716202 
4.604, 0.716312 
4.605, 0.716422 
4.606, 0.716531 
4.607, 0.716641 
4.608, 0.716751 
4.609, 0.71686 
4.61, 0.71697 
4.611, 0.717079 
4.612, 0.717188 
4.613, 0.717298 
4.614, 0.717407 
4.615, 0.717516 
4.616, 0.717625 
4.617, 0.717734 
4.618, 0.717844 
4.619, 0.717952 
4.62, 0.718061 
4.621, 0.71817 
4.622, 0.718279 
4.623, 0.718388 
4.624, 0.718496 
4.625, 0.718605 
4.626, 0.718714 
4.627, 0.718822 
4.628, 0.71893 
4.629, 0.719039 
4.63, 0.719147 
4.631, 0.719255 
4.632, 0.719364 
4.633, 0.719472 
4.634, 0.71958 
4.635, 0.719688 
4.636, 0.719796 
4.637, 0.719904 
4.638, 0.720011 
4.639, 0.720119 
4.64, 0.720227 
4.641, 0.720335 
4.642, 0.720442 
4.643, 0.72055 
4.644, 0.720657 
4.645, 0.720765 
4.646, 0.720872 
4.647, 0.720979 
4.648, 0.721086 
4.649, 0.721194 
4.65, 0.721301 
4.651, 0.721408 
4.652, 0.721515 
4.653, 0.721622 
4.654, 0.721729 
4.655, 0.721836 
4.656, 0.721942 
4.657, 0.722049 
4.658, 0.722156 
4.659, 0.722262 
4.66, 0.722369 
4.661, 0.722475 
4.662, 0.722582 
4.663, 0.722688 
4.664, 0.722794 
4.665, 0.722901 
4.666, 0.723007 
4.667, 0.723113 
4.668, 0.723219 
4.669, 0.723325 
4.67, 0.723431 
4.671, 0.723537 
4.672, 0.723643 
4.673, 0.723749 
4.674, 0.723854 
4.675, 0.72396 
4.676, 0.724066 
4.677, 0.724171 
4.678, 0.724277 
4.679, 0.724382 
4.68, 0.724487 
4.681, 0.724593 
4.682, 0.724698 
4.683, 0.724803 
4.684, 0.724908 
4.685, 0.725014 
4.686, 0.725119 
4.687, 0.725224 
4.688, 0.725329 
4.689, 0.725433 
4.69, 0.725538 
4.691, 0.725643 
4.692, 0.725748 
4.693, 0.725852 
4.694, 0.725957 
4.695, 0.726061 
4.696, 0.726166 
4.697, 0.72627 
4.698, 0.726375 
4.699, 0.726479 
4.7, 0.726583 
4.701, 0.726687 
4.702, 0.726792 
4.703, 0.726896 
4.704, 0.727 
4.705, 0.727104 
4.706, 0.727207 
4.707, 0.727311 
4.708, 0.727415 
4.709, 0.727519 
4.71, 0.727623 
4.711, 0.727726 
4.712, 0.72783 
4.713, 0.727933 
4.714, 0.728037 
4.715, 0.72814 
4.716, 0.728243 
4.717, 0.728347 
4.718, 0.72845 
4.719, 0.728553 
4.72, 0.728656 
4.721, 0.728759 
4.722, 0.728862 
4.723, 0.728965 
4.724, 0.729068 
4.725, 0.729171 
4.726, 0.729274 
4.727, 0.729377 
4.728, 0.729479 
4.729, 0.729582 
4.73, 0.729684 
4.731, 0.729787 
4.732, 0.729889 
4.733, 0.729992 
4.734, 0.730094 
4.735, 0.730196 
4.736, 0.730299 
4.737, 0.730401 
4.738, 0.730503 
4.739, 0.730605 
4.74, 0.730707 
4.741, 0.730809 
4.742, 0.730911 
4.743, 0.731013 
4.744, 0.731114 
4.745, 0.731216 
4.746, 0.731318 
4.747, 0.731419 
4.748, 0.731521 
4.749, 0.731623 
4.75, 0.731724 
4.751, 0.731825 
4.752, 0.731927 
4.753, 0.732028 
4.754, 0.732129 
4.755, 0.732231 
4.756, 0.732332 
4.757, 0.732433 
4.758, 0.732534 
4.759, 0.732635 
4.76, 0.732736 
4.761, 0.732836 
4.762, 0.732937 
4.763, 0.733038 
4.764, 0.733139 
4.765, 0.733239 
4.766, 0.73334 
4.767, 0.733441 
4.768, 0.733541 
4.769, 0.733641 
4.77, 0.733742 
4.771, 0.733842 
4.772, 0.733942 
4.773, 0.734043 
4.774, 0.734143 
4.775, 0.734243 
4.776, 0.734343 
4.777, 0.734443 
4.778, 0.734543 
4.779, 0.734643 
4.78, 0.734743 
4.781, 0.734842 
4.782, 0.734942 
4.783, 0.735042 
4.784, 0.735141 
4.785, 0.735241 
4.786, 0.73534 
4.787, 0.73544 
4.788, 0.735539 
4.789, 0.735639 
4.79, 0.735738 
4.791, 0.735837 
4.792, 0.735936 
4.793, 0.736036 
4.794, 0.736135 
4.795, 0.736234 
4.796, 0.736333 
4.797, 0.736432 
4.798, 0.73653 
4.799, 0.736629 
4.8, 0.736728 
4.801, 0.736827 
4.802, 0.736925 
4.803, 0.737024 
4.804, 0.737123 
4.805, 0.737221 
4.806, 0.737319 
4.807, 0.737418 
4.808, 0.737516 
4.809, 0.737615 
4.81, 0.737713 
4.811, 0.737811 
4.812, 0.737909 
4.813, 0.738007 
4.814, 0.738105 
4.815, 0.738203 
4.816, 0.738301 
4.817, 0.738399 
4.818, 0.738497 
4.819, 0.738595 
4.82, 0.738692 
4.821, 0.73879 
4.822, 0.738888 
4.823, 0.738985 
4.824, 0.739083 
4.825, 0.73918 
4.826, 0.739277 
4.827, 0.739375 
4.828, 0.739472 
4.829, 0.739569 
4.83, 0.739667 
4.831, 0.739764 
4.832, 0.739861 
4.833, 0.739958 
4.834, 0.740055 
4.835, 0.740152 
4.836, 0.740249 
4.837, 0.740345 
4.838, 0.740442 
4.839, 0.740539 
4.84, 0.740636 
4.841, 0.740732 
4.842, 0.740829 
4.843, 0.740925 
4.844, 0.741022 
4.845, 0.741118 
4.846, 0.741215 
4.847, 0.741311 
4.848, 0.741407 
4.849, 0.741503 
4.85, 0.7416 
4.851, 0.741696 
4.852, 0.741792 
4.853, 0.741888 
4.854, 0.741984 
4.855, 0.74208 
4.856, 0.742175 
4.857, 0.742271 
4.858, 0.742367 
4.859, 0.742463 
4.86, 0.742558 
4.861, 0.742654 
4.862, 0.74275 
4.863, 0.742845 
4.864, 0.74294 
4.865, 0.743036 
4.866, 0.743131 
4.867, 0.743227 
4.868, 0.743322 
4.869, 0.743417 
4.87, 0.743512 
4.871, 0.743607 
4.872, 0.743702 
4.873, 0.743797 
4.874, 0.743892 
4.875, 0.743987 
4.876, 0.744082 
4.877, 0.744177 
4.878, 0.744271 
4.879, 0.744366 
4.88, 0.744461 
4.881, 0.744555 
4.882, 0.74465 
4.883, 0.744744 
4.884, 0.744839 
4.885, 0.744933 
4.886, 0.745028 
4.887, 0.745122 
4.888, 0.745216 
4.889, 0.74531 
4.89, 0.745404 
4.891, 0.745499 
4.892, 0.745593 
4.893, 0.745687 
4.894, 0.745781 
4.895, 0.745874 
4.896, 0.745968 
4.897, 0.746062 
4.898, 0.746156 
4.899, 0.746249 
4.9, 0.746343 
4.901, 0.746437 
4.902, 0.74653 
4.903, 0.746624 
4.904, 0.746717 
4.905, 0.746811 
4.906, 0.746904 
4.907, 0.746997 
4.908, 0.747091 
4.909, 0.747184 
4.91, 0.747277 
4.911, 0.74737 
4.912, 0.747463 
4.913, 0.747556 
4.914, 0.747649 
4.915, 0.747742 
4.916, 0.747835 
4.917, 0.747928 
4.918, 0.74802 
4.919, 0.748113 
4.92, 0.748206 
4.921, 0.748298 
4.922, 0.748391 
4.923, 0.748483 
4.924, 0.748576 
4.925, 0.748668 
4.926, 0.748761 
4.927, 0.748853 
4.928, 0.748945 
4.929, 0.749037 
4.93, 0.74913 
4.931, 0.749222 
4.932, 0.749314 
4.933, 0.749406 
4.934, 0.749498 
4.935, 0.74959 
4.936, 0.749682 
4.937, 0.749773 
4.938, 0.749865 
4.939, 0.749957 
4.94, 0.750049 
4.941, 0.75014 
4.942, 0.750232 
4.943, 0.750323 
4.944, 0.750415 
4.945, 0.750506 
4.946, 0.750598 
4.947, 0.750689 
4.948, 0.75078 
4.949, 0.750872 
4.95, 0.750963 
4.951, 0.751054 
4.952, 0.751145 
4.953, 0.751236 
4.954, 0.751327 
4.955, 0.751418 
4.956, 0.751509 
4.957, 0.7516 
4.958, 0.751691 
4.959, 0.751782 
4.96, 0.751872 
4.961, 0.751963 
4.962, 0.752054 
4.963, 0.752144 
4.964, 0.752235 
4.965, 0.752325 
4.966, 0.752416 
4.967, 0.752506 
4.968, 0.752596 
4.969, 0.752687 
4.97, 0.752777 
4.971, 0.752867 
4.972, 0.752957 
4.973, 0.753047 
4.974, 0.753138 
4.975, 0.753228 
4.976, 0.753318 
4.977, 0.753407 
4.978, 0.753497 
4.979, 0.753587 
4.98, 0.753677 
4.981, 0.753767 
4.982, 0.753856 
4.983, 0.753946 
4.984, 0.754036 
4.985, 0.754125 
4.986, 0.754215 
4.987, 0.754304 
4.988, 0.754394 
4.989, 0.754483 
4.99, 0.754572 
4.991, 0.754661 
4.992, 0.754751 
4.993, 0.75484 
4.994, 0.754929 
4.995, 0.755018 
4.996, 0.755107 
4.997, 0.755196 
4.998, 0.755285 
4.999, 0.755374 
