0, -nan 
0.001, 0.0593223 
0.002, 0.36881 
0.003, 0.84067 
0.004, 0.768582 
0.005, 0.119452 
0.006, 0.0370266 
0.007, 0.144101 
0.008, 0.0961207 
0.009, 0.641079 
0.01, 0.172681 
0.011, 0.885337 
0.012, 0.471556 
0.013, 0.0731674 
0.014, 0.595976 
0.015, 0.477624 
0.016, 0.284769 
0.017, 0.467129 
0.018, 0.126845 
0.019, 0.781078 
0.02, 0.55712 
0.021, 0.661804 
0.022, 0.973159 
0.023, 0.136798 
0.024, 0.873675 
0.025, 0.0138373 
0.026, 0.552671 
0.027, 0.91544 
0.028, 0.884429 
0.029, 0.829221 
0.03, 0.82502 
0.031, 0.737375 
0.032, 0.408954 
0.033, 0.0799265 
0.034, 0.323007 
0.035, 0.644797 
0.036, 0.204847 
0.037, 0.318438 
0.038, 0.492895 
0.039, 0.157799 
0.04, 0.513082 
0.041, 0.165596 
0.042, 0.479657 
0.043, 0.185323 
0.044, 0.443119 
0.045, 0.23682 
0.046, 0.349307 
0.047, 0.366921 
0.048, 0.210182 
0.049, 0.442724 
0.05, 0.281335 
0.051, 0.235909 
0.052, 0.466299 
0.053, 0.302313 
0.054, 0.187658 
0.055, 0.438655 
0.056, 0.445351 
0.057, 0.185761 
0.058, 0.236158 
0.059, 0.504014 
0.06, 0.46763 
0.061, 0.195199 
0.062, 0.168264 
0.063, 0.436111 
0.064, 0.583022 
0.065, 0.396839 
0.066, 0.144387 
0.067, 0.162432 
0.068, 0.426604 
0.069, 0.623313 
0.07, 0.537539 
0.071, 0.269991 
0.072, 0.0962593 
0.073, 0.180765 
0.074, 0.441106 
0.075, 0.650467 
0.076, 0.642235 
0.077, 0.43245 
0.078, 0.184582 
0.079, 0.0750841 
0.08, 0.172886 
0.081, 0.408884 
0.082, 0.635849 
0.083, 0.724329 
0.084, 0.632515 
0.085, 0.417363 
0.086, 0.193156 
0.087, 0.0687504 
0.088, 0.0976903 
0.089, 0.261326 
0.09, 0.485747 
0.091, 0.678746 
0.092, 0.768072 
0.093, 0.726003 
0.094, 0.573848 
0.095, 0.368649 
0.096, 0.180026 
0.097, 0.0665895 
0.098, 0.0594134 
0.099, 0.15622 
0.1, 0.325964 
0.101, 0.520613 
0.102, 0.689624 
0.103, 0.792885 
0.104, 0.809177 
0.105, 0.73893 
0.106, 0.601652 
0.107, 0.429571 
0.108, 0.25951 
0.109, 0.124998 
0.11, 0.0501638 
0.111, 0.0462803 
0.112, 0.111146 
0.113, 0.230939 
0.114, 0.383796 
0.115, 0.544222 
0.116, 0.68747 
0.117, 0.793207 
0.118, 0.848028 
0.119, 0.846623 
0.12, 0.791658 
0.121, 0.692601 
0.122, 0.5638 
0.123, 0.422204 
0.124, 0.285057 
0.125, 0.167858 
0.126, 0.0827874 
0.127, 0.0376984 
0.128, 0.0357179 
0.129, 0.0753874 
0.13, 0.151259 
0.131, 0.254809 
0.132, 0.375543 
0.133, 0.502136 
0.134, 0.623522 
0.135, 0.729816 
0.136, 0.813036 
0.137, 0.867567 
0.138, 0.890389 
0.139, 0.881062 
0.14, 0.841527 
0.141, 0.775746 
0.142, 0.689238 
0.143, 0.588557 
0.144, 0.480767 
0.145, 0.372934 
0.146, 0.271678 
0.147, 0.182807 
0.148, 0.11104 
0.149, 0.0598244 
0.15, 0.0312532 
0.151, 0.0260634 
0.152, 0.0437136 
0.153, 0.0825211 
0.154, 0.139845 
0.155, 0.2123 
0.156, 0.295981 
0.157, 0.386696 
0.158, 0.480181 
0.159, 0.5723 
0.16, 0.659218 
0.161, 0.737541 
0.162, 0.804422 
0.163, 0.857637 
0.164, 0.895618 
0.165, 0.91747 
0.166, 0.922946 
0.167, 0.912408 
0.168, 0.886765 
0.169, 0.847397 
0.17, 0.796074 
0.171, 0.734861 
0.172, 0.666031 
0.173, 0.59197 
0.174, 0.5151 
0.175, 0.437793 
0.176, 0.362309 
0.177, 0.290732 
0.178, 0.224927 
0.179, 0.166499 
0.18, 0.116772 
0.181, 0.0767678 
0.182, 0.0472063 
0.183, 0.028505 
0.184, 0.0207912 
0.185, 0.0239199 
0.186, 0.0374964 
0.187, 0.0609037 
0.188, 0.0933328 
0.189, 0.133815 
0.19, 0.181253 
0.191, 0.234458 
0.192, 0.292179 
0.193, 0.353134 
0.194, 0.416039 
0.195, 0.479634 
0.196, 0.542709 
0.197, 0.60412 
0.198, 0.66281 
0.199, 0.717822 
0.2, 0.768311 
0.201, 0.813551 
0.202, 0.852937 
0.203, 0.885995 
0.204, 0.912375 
0.205, 0.931851 
0.206, 0.944318 
0.207, 0.949783 
0.208, 0.948361 
0.209, 0.940263 
0.21, 0.92579 
0.211, 0.905319 
0.212, 0.879298 
0.213, 0.848227 
0.214, 0.812657 
0.215, 0.773171 
0.216, 0.73038 
0.217, 0.684909 
0.218, 0.63739 
0.219, 0.588452 
0.22, 0.538715 
0.221, 0.48878 
0.222, 0.439225 
0.223, 0.390599 
0.224, 0.343416 
0.225, 0.298153 
0.226, 0.255244 
0.227, 0.21508 
0.228, 0.178006 
0.229, 0.144321 
0.23, 0.114275 
0.231, 0.0880721 
0.232, 0.0658698 
0.233, 0.0477796 
0.234, 0.0338689 
0.235, 0.0241632 
0.236, 0.0186477 
0.237, 0.0172701 
0.238, 0.019943 
0.239, 0.0265468 
0.24, 0.0369325 
0.241, 0.0509248 
0.242, 0.0683253 
0.243, 0.0889148 
0.244, 0.112457 
0.245, 0.138702 
0.246, 0.167388 
0.247, 0.198243 
0.248, 0.230991 
0.249, 0.265352 
0.25, 0.301045 
0.251, 0.33779 
0.252, 0.375309 
0.253, 0.413331 
0.254, 0.451591 
0.255, 0.489833 
0.256, 0.52781 
0.257, 0.565286 
0.258, 0.602039 
0.259, 0.637856 
0.26, 0.672543 
0.261, 0.705917 
0.262, 0.73781 
0.263, 0.76807 
0.264, 0.796561 
0.265, 0.82316 
0.266, 0.847762 
0.267, 0.870276 
0.268, 0.890627 
0.269, 0.908753 
0.27, 0.924609 
0.271, 0.938161 
0.272, 0.94939 
0.273, 0.958291 
0.274, 0.964869 
0.275, 0.969141 
0.276, 0.971137 
0.277, 0.970896 
0.278, 0.968465 
0.279, 0.963902 
0.28, 0.957274 
0.281, 0.948652 
0.282, 0.938116 
0.283, 0.925753 
0.284, 0.911652 
0.285, 0.89591 
0.286, 0.878627 
0.287, 0.859904 
0.288, 0.839847 
0.289, 0.818564 
0.29, 0.796164 
0.291, 0.772756 
0.292, 0.748452 
0.293, 0.723361 
0.294, 0.697592 
0.295, 0.671256 
0.296, 0.644458 
0.297, 0.617304 
0.298, 0.589898 
0.299, 0.562341 
0.3, 0.53473 
0.301, 0.507162 
0.302, 0.479728 
0.303, 0.452516 
0.304, 0.425612 
0.305, 0.399096 
0.306, 0.373046 
0.307, 0.347536 
0.308, 0.322633 
0.309, 0.298404 
0.31, 0.27491 
0.311, 0.252205 
0.312, 0.230344 
0.313, 0.209374 
0.314, 0.189338 
0.315, 0.170277 
0.316, 0.152226 
0.317, 0.135217 
0.318, 0.119276 
0.319, 0.104428 
0.32, 0.0906919 
0.321, 0.0780841 
0.322, 0.0666168 
0.323, 0.056299 
0.324, 0.0471361 
0.325, 0.0391303 
0.326, 0.0322808 
0.327, 0.0265837 
0.328, 0.0220322 
0.329, 0.0186169 
0.33, 0.0163257 
0.331, 0.015144 
0.332, 0.0150552 
0.333, 0.0160401 
0.334, 0.0180777 
0.335, 0.0211452 
0.336, 0.0252178 
0.337, 0.0302692 
0.338, 0.0362717 
0.339, 0.043196 
0.34, 0.0510119 
0.341, 0.0596876 
0.342, 0.0691908 
0.343, 0.0794881 
0.344, 0.0905453 
0.345, 0.102328 
0.346, 0.1148 
0.347, 0.127926 
0.348, 0.14167 
0.349, 0.155995 
0.35, 0.170866 
0.351, 0.186245 
0.352, 0.202096 
0.353, 0.218382 
0.354, 0.235067 
0.355, 0.252115 
0.356, 0.269491 
0.357, 0.287158 
0.358, 0.305082 
0.359, 0.323228 
0.36, 0.341563 
0.361, 0.360052 
0.362, 0.378664 
0.363, 0.397366 
0.364, 0.416127 
0.365, 0.434916 
0.366, 0.453703 
0.367, 0.472459 
0.368, 0.491157 
0.369, 0.509768 
0.37, 0.528266 
0.371, 0.546626 
0.372, 0.564822 
0.373, 0.582831 
0.374, 0.60063 
0.375, 0.618197 
0.376, 0.635511 
0.377, 0.652551 
0.378, 0.669299 
0.379, 0.685736 
0.38, 0.701845 
0.381, 0.717609 
0.382, 0.733014 
0.383, 0.748043 
0.384, 0.762685 
0.385, 0.776925 
0.386, 0.790752 
0.387, 0.804155 
0.388, 0.817123 
0.389, 0.829648 
0.39, 0.841721 
0.391, 0.853334 
0.392, 0.86448 
0.393, 0.875153 
0.394, 0.885347 
0.395, 0.895059 
0.396, 0.904284 
0.397, 0.913019 
0.398, 0.921261 
0.399, 0.929009 
0.4, 0.936261 
0.401, 0.943016 
0.402, 0.949276 
0.403, 0.955039 
0.404, 0.960309 
0.405, 0.965085 
0.406, 0.969371 
0.407, 0.973169 
0.408, 0.976483 
0.409, 0.979316 
0.41, 0.981672 
0.411, 0.983555 
0.412, 0.984972 
0.413, 0.985927 
0.414, 0.986425 
0.415, 0.986473 
0.416, 0.986078 
0.417, 0.985246 
0.418, 0.983983 
0.419, 0.982298 
0.42, 0.980197 
0.421, 0.977689 
0.422, 0.974782 
0.423, 0.971483 
0.424, 0.967801 
0.425, 0.963745 
0.426, 0.959323 
0.427, 0.954545 
0.428, 0.949418 
0.429, 0.943953 
0.43, 0.938159 
0.431, 0.932045 
0.432, 0.925619 
0.433, 0.918893 
0.434, 0.911875 
0.435, 0.904575 
0.436, 0.897002 
0.437, 0.889166 
0.438, 0.881077 
0.439, 0.872745 
0.44, 0.864178 
0.441, 0.855387 
0.442, 0.846382 
0.443, 0.83717 
0.444, 0.827764 
0.445, 0.81817 
0.446, 0.8084 
0.447, 0.798463 
0.448, 0.788367 
0.449, 0.778122 
0.45, 0.767737 
0.451, 0.757221 
0.452, 0.746583 
0.453, 0.735831 
0.454, 0.724976 
0.455, 0.714024 
0.456, 0.702984 
0.457, 0.691866 
0.458, 0.680677 
0.459, 0.669425 
0.46, 0.658118 
0.461, 0.646765 
0.462, 0.635373 
0.463, 0.623949 
0.464, 0.612501 
0.465, 0.601036 
0.466, 0.589561 
0.467, 0.578085 
0.468, 0.566612 
0.469, 0.555151 
0.47, 0.543707 
0.471, 0.532288 
0.472, 0.520899 
0.473, 0.509546 
0.474, 0.498236 
0.475, 0.486975 
0.476, 0.475767 
0.477, 0.46462 
0.478, 0.453537 
0.479, 0.442524 
0.48, 0.431587 
0.481, 0.42073 
0.482, 0.409959 
0.483, 0.399276 
0.484, 0.388689 
0.485, 0.378199 
0.486, 0.367813 
0.487, 0.357533 
0.488, 0.347364 
0.489, 0.337309 
0.49, 0.327373 
0.491, 0.317558 
0.492, 0.307868 
0.493, 0.298307 
0.494, 0.288876 
0.495, 0.27958 
0.496, 0.270421 
0.497, 0.261401 
0.498, 0.252524 
0.499, 0.243792 
0.5, 0.235206 
0.501, 0.22677 
0.502, 0.218485 
0.503, 0.210353 
0.504, 0.202376 
0.505, 0.194556 
0.506, 0.186894 
0.507, 0.179392 
0.508, 0.172051 
0.509, 0.164873 
0.51, 0.157858 
0.511, 0.151008 
0.512, 0.144324 
0.513, 0.137807 
0.514, 0.131456 
0.515, 0.125274 
0.516, 0.11926 
0.517, 0.113416 
0.518, 0.107741 
0.519, 0.102236 
0.52, 0.0969006 
0.521, 0.0917357 
0.522, 0.0867411 
0.523, 0.0819168 
0.524, 0.0772628 
0.525, 0.0727788 
0.526, 0.0684647 
0.527, 0.0643201 
0.528, 0.0603447 
0.529, 0.0565381 
0.53, 0.0528998 
0.531, 0.0494292 
0.532, 0.0461256 
0.533, 0.0429885 
0.534, 0.0400171 
0.535, 0.0372106 
0.536, 0.0345682 
0.537, 0.0320889 
0.538, 0.0297718 
0.539, 0.027616 
0.54, 0.0256204 
0.541, 0.0237839 
0.542, 0.0221054 
0.543, 0.0205838 
0.544, 0.0192177 
0.545, 0.018006 
0.546, 0.0169474 
0.547, 0.0160406 
0.548, 0.0152842 
0.549, 0.0146768 
0.55, 0.014217 
0.551, 0.0139034 
0.552, 0.0137345 
0.553, 0.0137088 
0.554, 0.0138248 
0.555, 0.0140808 
0.556, 0.0144754 
0.557, 0.015007 
0.558, 0.0156738 
0.559, 0.0164744 
0.56, 0.017407 
0.561, 0.0184699 
0.562, 0.0196615 
0.563, 0.0209801 
0.564, 0.0224239 
0.565, 0.0239912 
0.566, 0.0256803 
0.567, 0.0274894 
0.568, 0.0294168 
0.569, 0.0314607 
0.57, 0.0336192 
0.571, 0.0358907 
0.572, 0.0382733 
0.573, 0.0407652 
0.574, 0.0433647 
0.575, 0.0460699 
0.576, 0.0488789 
0.577, 0.0517901 
0.578, 0.0548016 
0.579, 0.0579115 
0.58, 0.0611181 
0.581, 0.0644195 
0.582, 0.0678139 
0.583, 0.0712996 
0.584, 0.0748747 
0.585, 0.0785374 
0.586, 0.0822859 
0.587, 0.0861184 
0.588, 0.0900332 
0.589, 0.0940284 
0.59, 0.0981023 
0.591, 0.102253 
0.592, 0.106479 
0.593, 0.110778 
0.594, 0.115149 
0.595, 0.11959 
0.596, 0.124099 
0.597, 0.128674 
0.598, 0.133314 
0.599, 0.138017 
0.6, 0.142782 
0.601, 0.147606 
0.602, 0.152488 
0.603, 0.157426 
0.604, 0.162419 
0.605, 0.167466 
0.606, 0.172563 
0.607, 0.17771 
0.608, 0.182906 
0.609, 0.188148 
0.61, 0.193435 
0.611, 0.198766 
0.612, 0.204139 
0.613, 0.209552 
0.614, 0.215004 
0.615, 0.220493 
0.616, 0.226019 
0.617, 0.231579 
0.618, 0.237171 
0.619, 0.242796 
0.62, 0.24845 
0.621, 0.254133 
0.622, 0.259844 
0.623, 0.26558 
0.624, 0.271341 
0.625, 0.277126 
0.626, 0.282932 
0.627, 0.288759 
0.628, 0.294605 
0.629, 0.300469 
0.63, 0.306349 
0.631, 0.312245 
0.632, 0.318156 
0.633, 0.324079 
0.634, 0.330014 
0.635, 0.33596 
0.636, 0.341915 
0.637, 0.347878 
0.638, 0.353849 
0.639, 0.359825 
0.64, 0.365807 
0.641, 0.371792 
0.642, 0.377779 
0.643, 0.383769 
0.644, 0.389759 
0.645, 0.395748 
0.646, 0.401736 
0.647, 0.407722 
0.648, 0.413704 
0.649, 0.419681 
0.65, 0.425654 
0.651, 0.431619 
0.652, 0.437578 
0.653, 0.443528 
0.654, 0.44947 
0.655, 0.455401 
0.656, 0.461322 
0.657, 0.467231 
0.658, 0.473127 
0.659, 0.479011 
0.66, 0.48488 
0.661, 0.490734 
0.662, 0.496572 
0.663, 0.502394 
0.664, 0.508199 
0.665, 0.513986 
0.666, 0.519755 
0.667, 0.525504 
0.668, 0.531232 
0.669, 0.536941 
0.67, 0.542628 
0.671, 0.548292 
0.672, 0.553935 
0.673, 0.559554 
0.674, 0.565149 
0.675, 0.570719 
0.676, 0.576265 
0.677, 0.581785 
0.678, 0.587278 
0.679, 0.592745 
0.68, 0.598185 
0.681, 0.603597 
0.682, 0.60898 
0.683, 0.614335 
0.684, 0.619661 
0.685, 0.624956 
0.686, 0.630222 
0.687, 0.635457 
0.688, 0.640661 
0.689, 0.645833 
0.69, 0.650973 
0.691, 0.656081 
0.692, 0.661157 
0.693, 0.666199 
0.694, 0.671208 
0.695, 0.676183 
0.696, 0.681124 
0.697, 0.68603 
0.698, 0.690901 
0.699, 0.695738 
0.7, 0.700538 
0.701, 0.705303 
0.702, 0.710032 
0.703, 0.714725 
0.704, 0.719381 
0.705, 0.724 
0.706, 0.728582 
0.707, 0.733127 
0.708, 0.737634 
0.709, 0.742104 
0.71, 0.746535 
0.711, 0.750928 
0.712, 0.755283 
0.713, 0.759599 
0.714, 0.763876 
0.715, 0.768114 
0.716, 0.772314 
0.717, 0.776474 
0.718, 0.780594 
0.719, 0.784675 
0.72, 0.788716 
0.721, 0.792718 
0.722, 0.796679 
0.723, 0.800601 
0.724, 0.804482 
0.725, 0.808323 
0.726, 0.812124 
0.727, 0.815884 
0.728, 0.819604 
0.729, 0.823283 
0.73, 0.826922 
0.731, 0.83052 
0.732, 0.834077 
0.733, 0.837594 
0.734, 0.841069 
0.735, 0.844504 
0.736, 0.847898 
0.737, 0.851251 
0.738, 0.854563 
0.739, 0.857834 
0.74, 0.861065 
0.741, 0.864254 
0.742, 0.867403 
0.743, 0.87051 
0.744, 0.873577 
0.745, 0.876603 
0.746, 0.879588 
0.747, 0.882533 
0.748, 0.885436 
0.749, 0.888299 
0.75, 0.891122 
0.751, 0.893903 
0.752, 0.896645 
0.753, 0.899345 
0.754, 0.902006 
0.755, 0.904625 
0.756, 0.907205 
0.757, 0.909745 
0.758, 0.912244 
0.759, 0.914703 
0.76, 0.917123 
0.761, 0.919502 
0.762, 0.921842 
0.763, 0.924142 
0.764, 0.926403 
0.765, 0.928624 
0.766, 0.930806 
0.767, 0.932948 
0.768, 0.935052 
0.769, 0.937116 
0.77, 0.939142 
0.771, 0.941129 
0.772, 0.943077 
0.773, 0.944987 
0.774, 0.946858 
0.775, 0.948691 
0.776, 0.950486 
0.777, 0.952244 
0.778, 0.953963 
0.779, 0.955645 
0.78, 0.957289 
0.781, 0.958896 
0.782, 0.960466 
0.783, 0.961999 
0.784, 0.963494 
0.785, 0.964954 
0.786, 0.966376 
0.787, 0.967762 
0.788, 0.969112 
0.789, 0.970426 
0.79, 0.971704 
0.791, 0.972946 
0.792, 0.974153 
0.793, 0.975324 
0.794, 0.97646 
0.795, 0.977562 
0.796, 0.978628 
0.797, 0.979659 
0.798, 0.980656 
0.799, 0.981619 
0.8, 0.982548 
0.801, 0.983443 
0.802, 0.984304 
0.803, 0.985131 
0.804, 0.985925 
0.805, 0.986686 
0.806, 0.987414 
0.807, 0.988109 
0.808, 0.988771 
0.809, 0.989401 
0.81, 0.989999 
0.811, 0.990564 
0.812, 0.991098 
0.813, 0.991601 
0.814, 0.992071 
0.815, 0.992511 
0.816, 0.992919 
0.817, 0.993297 
0.818, 0.993644 
0.819, 0.993961 
0.82, 0.994247 
0.821, 0.994503 
0.822, 0.994729 
0.823, 0.994926 
0.824, 0.995093 
0.825, 0.995232 
0.826, 0.995341 
0.827, 0.995421 
0.828, 0.995472 
0.829, 0.995495 
0.83, 0.99549 
0.831, 0.995457 
0.832, 0.995396 
0.833, 0.995307 
0.834, 0.995191 
0.835, 0.995048 
0.836, 0.994878 
0.837, 0.994681 
0.838, 0.994457 
0.839, 0.994207 
0.84, 0.993931 
0.841, 0.993629 
0.842, 0.993301 
0.843, 0.992947 
0.844, 0.992568 
0.845, 0.992164 
0.846, 0.991735 
0.847, 0.991281 
0.848, 0.990803 
0.849, 0.9903 
0.85, 0.989773 
0.851, 0.989222 
0.852, 0.988647 
0.853, 0.988049 
0.854, 0.987427 
0.855, 0.986783 
0.856, 0.986115 
0.857, 0.985424 
0.858, 0.984711 
0.859, 0.983976 
0.86, 0.983218 
0.861, 0.982439 
0.862, 0.981638 
0.863, 0.980815 
0.864, 0.97997 
0.865, 0.979105 
0.866, 0.978219 
0.867, 0.977311 
0.868, 0.976384 
0.869, 0.975436 
0.87, 0.974467 
0.871, 0.973479 
0.872, 0.97247 
0.873, 0.971443 
0.874, 0.970395 
0.875, 0.969329 
0.876, 0.968243 
0.877, 0.967139 
0.878, 0.966015 
0.879, 0.964874 
0.88, 0.963714 
0.881, 0.962535 
0.882, 0.961339 
0.883, 0.960126 
0.884, 0.958894 
0.885, 0.957645 
0.886, 0.956379 
0.887, 0.955096 
0.888, 0.953796 
0.889, 0.95248 
0.89, 0.951147 
0.891, 0.949797 
0.892, 0.948432 
0.893, 0.94705 
0.894, 0.945653 
0.895, 0.94424 
0.896, 0.942812 
0.897, 0.941369 
0.898, 0.93991 
0.899, 0.938436 
0.9, 0.936948 
0.901, 0.935445 
0.902, 0.933928 
0.903, 0.932397 
0.904, 0.930851 
0.905, 0.929292 
0.906, 0.927718 
0.907, 0.926132 
0.908, 0.924532 
0.909, 0.922918 
0.91, 0.921292 
0.911, 0.919652 
0.912, 0.918 
0.913, 0.916336 
0.914, 0.914659 
0.915, 0.912969 
0.916, 0.911268 
0.917, 0.909554 
0.918, 0.907829 
0.919, 0.906092 
0.92, 0.904344 
0.921, 0.902584 
0.922, 0.900813 
0.923, 0.899031 
0.924, 0.897238 
0.925, 0.895434 
0.926, 0.89362 
0.927, 0.891796 
0.928, 0.889961 
0.929, 0.888116 
0.93, 0.886261 
0.931, 0.884396 
0.932, 0.882521 
0.933, 0.880637 
0.934, 0.878743 
0.935, 0.87684 
0.936, 0.874928 
0.937, 0.873007 
0.938, 0.871077 
0.939, 0.869138 
0.94, 0.867191 
0.941, 0.865235 
0.942, 0.863271 
0.943, 0.861299 
0.944, 0.859319 
0.945, 0.85733 
0.946, 0.855334 
0.947, 0.853331 
0.948, 0.851319 
0.949, 0.849301 
0.95, 0.847275 
0.951, 0.845242 
0.952, 0.843202 
0.953, 0.841155 
0.954, 0.839101 
0.955, 0.83704 
0.956, 0.834973 
0.957, 0.8329 
0.958, 0.83082 
0.959, 0.828734 
0.96, 0.826642 
0.961, 0.824544 
0.962, 0.822441 
0.963, 0.820331 
0.964, 0.818216 
0.965, 0.816096 
0.966, 0.81397 
0.967, 0.811839 
0.968, 0.809703 
0.969, 0.807561 
0.97, 0.805415 
0.971, 0.803264 
0.972, 0.801109 
0.973, 0.798949 
0.974, 0.796784 
0.975, 0.794615 
0.976, 0.792442 
0.977, 0.790264 
0.978, 0.788083 
0.979, 0.785897 
0.98, 0.783708 
0.981, 0.781515 
0.982, 0.779318 
0.983, 0.777118 
0.984, 0.774914 
0.985, 0.772707 
0.986, 0.770496 
0.987, 0.768283 
0.988, 0.766066 
0.989, 0.763847 
0.99, 0.761624 
0.991, 0.759399 
0.992, 0.757171 
0.993, 0.754941 
0.994, 0.752708 
0.995, 0.750473 
0.996, 0.748235 
0.997, 0.745995 
0.998, 0.743753 
0.999, 0.741509 
1, 0.739263 
1.001, 0.737015 
1.002, 0.734765 
1.003, 0.732514 
1.004, 0.73026 
1.005, 0.728006 
1.006, 0.72575 
1.007, 0.723492 
1.008, 0.721233 
1.009, 0.718973 
1.01, 0.716712 
1.011, 0.71445 
1.012, 0.712187 
1.013, 0.709923 
1.014, 0.707658 
1.015, 0.705392 
1.016, 0.703126 
1.017, 0.700859 
1.018, 0.698591 
1.019, 0.696323 
1.02, 0.694055 
1.021, 0.691786 
1.022, 0.689518 
1.023, 0.687249 
1.024, 0.684979 
1.025, 0.68271 
1.026, 0.680441 
1.027, 0.678172 
1.028, 0.675903 
1.029, 0.673635 
1.03, 0.671366 
1.031, 0.669099 
1.032, 0.666831 
1.033, 0.664564 
1.034, 0.662298 
1.035, 0.660032 
1.036, 0.657767 
1.037, 0.655503 
1.038, 0.653239 
1.039, 0.650977 
1.04, 0.648715 
1.041, 0.646454 
1.042, 0.644195 
1.043, 0.641936 
1.044, 0.639679 
1.045, 0.637423 
1.046, 0.635168 
1.047, 0.632915 
1.048, 0.630663 
1.049, 0.628412 
1.05, 0.626163 
1.051, 0.623915 
1.052, 0.621669 
1.053, 0.619425 
1.054, 0.617183 
1.055, 0.614942 
1.056, 0.612703 
1.057, 0.610466 
1.058, 0.608231 
1.059, 0.605998 
1.06, 0.603767 
1.061, 0.601538 
1.062, 0.599311 
1.063, 0.597086 
1.064, 0.594863 
1.065, 0.592643 
1.066, 0.590425 
1.067, 0.58821 
1.068, 0.585996 
1.069, 0.583785 
1.07, 0.581577 
1.071, 0.579371 
1.072, 0.577168 
1.073, 0.574968 
1.074, 0.57277 
1.075, 0.570574 
1.076, 0.568382 
1.077, 0.566192 
1.078, 0.564005 
1.079, 0.561821 
1.08, 0.55964 
1.081, 0.557462 
1.082, 0.555287 
1.083, 0.553114 
1.084, 0.550945 
1.085, 0.548779 
1.086, 0.546616 
1.087, 0.544456 
1.088, 0.5423 
1.089, 0.540146 
1.09, 0.537996 
1.091, 0.535849 
1.092, 0.533706 
1.093, 0.531565 
1.094, 0.529429 
1.095, 0.527295 
1.096, 0.525166 
1.097, 0.523039 
1.098, 0.520916 
1.099, 0.518797 
1.1, 0.516681 
1.101, 0.514569 
1.102, 0.512461 
1.103, 0.510356 
1.104, 0.508255 
1.105, 0.506158 
1.106, 0.504064 
1.107, 0.501974 
1.108, 0.499888 
1.109, 0.497806 
1.11, 0.495728 
1.111, 0.493654 
1.112, 0.491583 
1.113, 0.489517 
1.114, 0.487454 
1.115, 0.485396 
1.116, 0.483341 
1.117, 0.481291 
1.118, 0.479245 
1.119, 0.477202 
1.12, 0.475164 
1.121, 0.47313 
1.122, 0.4711 
1.123, 0.469075 
1.124, 0.467053 
1.125, 0.465036 
1.126, 0.463023 
1.127, 0.461015 
1.128, 0.45901 
1.129, 0.45701 
1.13, 0.455014 
1.131, 0.453023 
1.132, 0.451036 
1.133, 0.449053 
1.134, 0.447075 
1.135, 0.445101 
1.136, 0.443132 
1.137, 0.441167 
1.138, 0.439207 
1.139, 0.437251 
1.14, 0.4353 
1.141, 0.433353 
1.142, 0.431411 
1.143, 0.429473 
1.144, 0.42754 
1.145, 0.425611 
1.146, 0.423687 
1.147, 0.421768 
1.148, 0.419853 
1.149, 0.417943 
1.15, 0.416038 
1.151, 0.414137 
1.152, 0.412241 
1.153, 0.41035 
1.154, 0.408463 
1.155, 0.406582 
1.156, 0.404705 
1.157, 0.402832 
1.158, 0.400965 
1.159, 0.399102 
1.16, 0.397244 
1.161, 0.395391 
1.162, 0.393543 
1.163, 0.391699 
1.164, 0.389861 
1.165, 0.388027 
1.166, 0.386198 
1.167, 0.384374 
1.168, 0.382555 
1.169, 0.380741 
1.17, 0.378931 
1.171, 0.377127 
1.172, 0.375327 
1.173, 0.373533 
1.174, 0.371743 
1.175, 0.369958 
1.176, 0.368179 
1.177, 0.366404 
1.178, 0.364634 
1.179, 0.362869 
1.18, 0.361109 
1.181, 0.359354 
1.182, 0.357604 
1.183, 0.35586 
1.184, 0.35412 
1.185, 0.352385 
1.186, 0.350655 
1.187, 0.34893 
1.188, 0.34721 
1.189, 0.345496 
1.19, 0.343786 
1.191, 0.342081 
1.192, 0.340382 
1.193, 0.338687 
1.194, 0.336997 
1.195, 0.335313 
1.196, 0.333634 
1.197, 0.331959 
1.198, 0.33029 
1.199, 0.328626 
1.2, 0.326967 
1.201, 0.325313 
1.202, 0.323664 
1.203, 0.32202 
1.204, 0.320382 
1.205, 0.318748 
1.206, 0.31712 
1.207, 0.315496 
1.208, 0.313878 
1.209, 0.312265 
1.21, 0.310657 
1.211, 0.309054 
1.212, 0.307456 
1.213, 0.305863 
1.214, 0.304276 
1.215, 0.302693 
1.216, 0.301116 
1.217, 0.299544 
1.218, 0.297977 
1.219, 0.296415 
1.22, 0.294858 
1.221, 0.293306 
1.222, 0.291759 
1.223, 0.290218 
1.224, 0.288681 
1.225, 0.28715 
1.226, 0.285624 
1.227, 0.284103 
1.228, 0.282587 
1.229, 0.281076 
1.23, 0.27957 
1.231, 0.27807 
1.232, 0.276574 
1.233, 0.275084 
1.234, 0.273599 
1.235, 0.272119 
1.236, 0.270644 
1.237, 0.269174 
1.238, 0.267709 
1.239, 0.266249 
1.24, 0.264795 
1.241, 0.263345 
1.242, 0.261901 
1.243, 0.260461 
1.244, 0.259027 
1.245, 0.257598 
1.246, 0.256174 
1.247, 0.254755 
1.248, 0.253341 
1.249, 0.251932 
1.25, 0.250529 
1.251, 0.24913 
1.252, 0.247736 
1.253, 0.246348 
1.254, 0.244964 
1.255, 0.243586 
1.256, 0.242212 
1.257, 0.240844 
1.258, 0.239481 
1.259, 0.238123 
1.26, 0.236769 
1.261, 0.235421 
1.262, 0.234078 
1.263, 0.23274 
1.264, 0.231407 
1.265, 0.230079 
1.266, 0.228756 
1.267, 0.227437 
1.268, 0.226124 
1.269, 0.224816 
1.27, 0.223513 
1.271, 0.222215 
1.272, 0.220922 
1.273, 0.219634 
1.274, 0.218351 
1.275, 0.217072 
1.276, 0.215799 
1.277, 0.214531 
1.278, 0.213267 
1.279, 0.212009 
1.28, 0.210756 
1.281, 0.209507 
1.282, 0.208263 
1.283, 0.207025 
1.284, 0.205791 
1.285, 0.204562 
1.286, 0.203338 
1.287, 0.202119 
1.288, 0.200905 
1.289, 0.199695 
1.29, 0.198491 
1.291, 0.197291 
1.292, 0.196096 
1.293, 0.194907 
1.294, 0.193721 
1.295, 0.192541 
1.296, 0.191366 
1.297, 0.190195 
1.298, 0.18903 
1.299, 0.187869 
1.3, 0.186713 
1.301, 0.185561 
1.302, 0.184415 
1.303, 0.183273 
1.304, 0.182136 
1.305, 0.181004 
1.306, 0.179877 
1.307, 0.178754 
1.308, 0.177636 
1.309, 0.176523 
1.31, 0.175415 
1.311, 0.174311 
1.312, 0.173212 
1.313, 0.172118 
1.314, 0.171028 
1.315, 0.169943 
1.316, 0.168863 
1.317, 0.167788 
1.318, 0.166717 
1.319, 0.165651 
1.32, 0.164589 
1.321, 0.163532 
1.322, 0.16248 
1.323, 0.161433 
1.324, 0.16039 
1.325, 0.159351 
1.326, 0.158318 
1.327, 0.157289 
1.328, 0.156264 
1.329, 0.155244 
1.33, 0.154229 
1.331, 0.153218 
1.332, 0.152212 
1.333, 0.15121 
1.334, 0.150213 
1.335, 0.14922 
1.336, 0.148232 
1.337, 0.147249 
1.338, 0.14627 
1.339, 0.145295 
1.34, 0.144325 
1.341, 0.143359 
1.342, 0.142398 
1.343, 0.141442 
1.344, 0.140489 
1.345, 0.139542 
1.346, 0.138598 
1.347, 0.137659 
1.348, 0.136725 
1.349, 0.135795 
1.35, 0.134869 
1.351, 0.133948 
1.352, 0.133031 
1.353, 0.132119 
1.354, 0.131211 
1.355, 0.130307 
1.356, 0.129407 
1.357, 0.128512 
1.358, 0.127622 
1.359, 0.126735 
1.36, 0.125853 
1.361, 0.124975 
1.362, 0.124102 
1.363, 0.123233 
1.364, 0.122368 
1.365, 0.121507 
1.366, 0.120651 
1.367, 0.119798 
1.368, 0.118951 
1.369, 0.118107 
1.37, 0.117267 
1.371, 0.116432 
1.372, 0.115601 
1.373, 0.114774 
1.374, 0.113952 
1.375, 0.113133 
1.376, 0.112319 
1.377, 0.111508 
1.378, 0.110702 
1.379, 0.109901 
1.38, 0.109103 
1.381, 0.108309 
1.382, 0.10752 
1.383, 0.106734 
1.384, 0.105953 
1.385, 0.105175 
1.386, 0.104402 
1.387, 0.103633 
1.388, 0.102868 
1.389, 0.102107 
1.39, 0.10135 
1.391, 0.100597 
1.392, 0.099848 
1.393, 0.099103 
1.394, 0.098362 
1.395, 0.097625 
1.396, 0.096892 
1.397, 0.096163 
1.398, 0.0954379 
1.399, 0.0947167 
1.4, 0.0939995 
1.401, 0.0932862 
1.402, 0.0925769 
1.403, 0.0918714 
1.404, 0.0911698 
1.405, 0.0904722 
1.406, 0.0897784 
1.407, 0.0890885 
1.408, 0.0884024 
1.409, 0.0877202 
1.41, 0.0870419 
1.411, 0.0863673 
1.412, 0.0856966 
1.413, 0.0850297 
1.414, 0.0843667 
1.415, 0.0837074 
1.416, 0.0830518 
1.417, 0.0824001 
1.418, 0.0817521 
1.419, 0.0811079 
1.42, 0.0804675 
1.421, 0.0798307 
1.422, 0.0791977 
1.423, 0.0785684 
1.424, 0.0779428 
1.425, 0.077321 
1.426, 0.0767028 
1.427, 0.0760882 
1.428, 0.0754774 
1.429, 0.0748702 
1.43, 0.0742667 
1.431, 0.0736668 
1.432, 0.0730705 
1.433, 0.0724778 
1.434, 0.0718888 
1.435, 0.0713034 
1.436, 0.0707215 
1.437, 0.0701433 
1.438, 0.0695686 
1.439, 0.0689975 
1.44, 0.0684299 
1.441, 0.0678659 
1.442, 0.0673054 
1.443, 0.0667484 
1.444, 0.066195 
1.445, 0.065645 
1.446, 0.0650986 
1.447, 0.0645556 
1.448, 0.0640162 
1.449, 0.0634802 
1.45, 0.0629476 
1.451, 0.0624185 
1.452, 0.0618928 
1.453, 0.0613706 
1.454, 0.0608518 
1.455, 0.0603364 
1.456, 0.0598244 
1.457, 0.0593158 
1.458, 0.0588106 
1.459, 0.0583087 
1.46, 0.0578103 
1.461, 0.0573151 
1.462, 0.0568233 
1.463, 0.0563349 
1.464, 0.0558498 
1.465, 0.055368 
1.466, 0.0548895 
1.467, 0.0544143 
1.468, 0.0539424 
1.469, 0.0534738 
1.47, 0.0530084 
1.471, 0.0525463 
1.472, 0.0520875 
1.473, 0.0516319 
1.474, 0.0511795 
1.475, 0.0507304 
1.476, 0.0502845 
1.477, 0.0498417 
1.478, 0.0494022 
1.479, 0.0489659 
1.48, 0.0485327 
1.481, 0.0481027 
1.482, 0.0476759 
1.483, 0.0472522 
1.484, 0.0468317 
1.485, 0.0464143 
1.486, 0.046 
1.487, 0.0455888 
1.488, 0.0451808 
1.489, 0.0447758 
1.49, 0.0443739 
1.491, 0.0439751 
1.492, 0.0435794 
1.493, 0.0431867 
1.494, 0.0427971 
1.495, 0.0424105 
1.496, 0.0420269 
1.497, 0.0416464 
1.498, 0.0412689 
1.499, 0.0408944 
1.5, 0.0405229 
1.501, 0.0401543 
1.502, 0.0397888 
1.503, 0.0394262 
1.504, 0.0390666 
1.505, 0.0387099 
1.506, 0.0383562 
1.507, 0.0380054 
1.508, 0.0376575 
1.509, 0.0373126 
1.51, 0.0369705 
1.511, 0.0366314 
1.512, 0.0362951 
1.513, 0.0359617 
1.514, 0.0356312 
1.515, 0.0353036 
1.516, 0.0349788 
1.517, 0.0346568 
1.518, 0.0343377 
1.519, 0.0340214 
1.52, 0.033708 
1.521, 0.0333973 
1.522, 0.0330895 
1.523, 0.0327844 
1.524, 0.0324822 
1.525, 0.0321827 
1.526, 0.0318859 
1.527, 0.031592 
1.528, 0.0313007 
1.529, 0.0310123 
1.53, 0.0307265 
1.531, 0.0304435 
1.532, 0.0301632 
1.533, 0.0298856 
1.534, 0.0296107 
1.535, 0.0293385 
1.536, 0.029069 
1.537, 0.0288021 
1.538, 0.0285379 
1.539, 0.0282764 
1.54, 0.0280175 
1.541, 0.0277613 
1.542, 0.0275076 
1.543, 0.0272567 
1.544, 0.0270083 
1.545, 0.0267625 
1.546, 0.0265193 
1.547, 0.0262788 
1.548, 0.0260408 
1.549, 0.0258053 
1.55, 0.0255725 
1.551, 0.0253422 
1.552, 0.0251144 
1.553, 0.0248892 
1.554, 0.0246665 
1.555, 0.0244464 
1.556, 0.0242287 
1.557, 0.0240136 
1.558, 0.023801 
1.559, 0.0235908 
1.56, 0.0233832 
1.561, 0.023178 
1.562, 0.0229753 
1.563, 0.022775 
1.564, 0.0225772 
1.565, 0.0223818 
1.566, 0.0221889 
1.567, 0.0219984 
1.568, 0.0218103 
1.569, 0.0216247 
1.57, 0.0214414 
1.571, 0.0212605 
1.572, 0.021082 
1.573, 0.0209059 
1.574, 0.0207322 
1.575, 0.0205608 
1.576, 0.0203918 
1.577, 0.0202252 
1.578, 0.0200609 
1.579, 0.0198989 
1.58, 0.0197392 
1.581, 0.0195819 
1.582, 0.0194268 
1.583, 0.0192741 
1.584, 0.0191237 
1.585, 0.0189755 
1.586, 0.0188297 
1.587, 0.0186861 
1.588, 0.0185447 
1.589, 0.0184057 
1.59, 0.0182688 
1.591, 0.0181342 
1.592, 0.0180019 
1.593, 0.0178718 
1.594, 0.0177439 
1.595, 0.0176182 
1.596, 0.0174947 
1.597, 0.0173734 
1.598, 0.0172543 
1.599, 0.0171373 
1.6, 0.0170226 
1.601, 0.01691 
1.602, 0.0167996 
1.603, 0.0166913 
1.604, 0.0165852 
1.605, 0.0164812 
1.606, 0.0163793 
1.607, 0.0162796 
1.608, 0.016182 
1.609, 0.0160864 
1.61, 0.015993 
1.611, 0.0159017 
1.612, 0.0158125 
1.613, 0.0157253 
1.614, 0.0156402 
1.615, 0.0155572 
1.616, 0.0154763 
1.617, 0.0153974 
1.618, 0.0153205 
1.619, 0.0152457 
1.62, 0.0151729 
1.621, 0.0151021 
1.622, 0.0150333 
1.623, 0.0149666 
1.624, 0.0149018 
1.625, 0.0148391 
1.626, 0.0147783 
1.627, 0.0147195 
1.628, 0.0146627 
1.629, 0.0146079 
1.63, 0.014555 
1.631, 0.014504 
1.632, 0.0144551 
1.633, 0.014408 
1.634, 0.0143629 
1.635, 0.0143197 
1.636, 0.0142784 
1.637, 0.0142391 
1.638, 0.0142016 
1.639, 0.0141661 
1.64, 0.0141324 
1.641, 0.0141006 
1.642, 0.0140707 
1.643, 0.0140427 
1.644, 0.0140165 
1.645, 0.0139922 
1.646, 0.0139698 
1.647, 0.0139492 
1.648, 0.0139304 
1.649, 0.0139135 
1.65, 0.0138984 
1.651, 0.0138851 
1.652, 0.0138736 
1.653, 0.0138639 
1.654, 0.0138561 
1.655, 0.01385 
1.656, 0.0138457 
1.657, 0.0138432 
1.658, 0.0138425 
1.659, 0.0138435 
1.66, 0.0138463 
1.661, 0.0138508 
1.662, 0.0138571 
1.663, 0.0138652 
1.664, 0.0138749 
1.665, 0.0138864 
1.666, 0.0138997 
1.667, 0.0139146 
1.668, 0.0139313 
1.669, 0.0139496 
1.67, 0.0139697 
1.671, 0.0139914 
1.672, 0.0140149 
1.673, 0.01404 
1.674, 0.0140668 
1.675, 0.0140952 
1.676, 0.0141254 
1.677, 0.0141571 
1.678, 0.0141905 
1.679, 0.0142256 
1.68, 0.0142623 
1.681, 0.0143006 
1.682, 0.0143406 
1.683, 0.0143822 
1.684, 0.0144254 
1.685, 0.0144702 
1.686, 0.0145166 
1.687, 0.0145646 
1.688, 0.0146141 
1.689, 0.0146653 
1.69, 0.014718 
1.691, 0.0147724 
1.692, 0.0148282 
1.693, 0.0148857 
1.694, 0.0149447 
1.695, 0.0150052 
1.696, 0.0150673 
1.697, 0.0151309 
1.698, 0.0151961 
1.699, 0.0152628 
1.7, 0.0153309 
1.701, 0.0154007 
1.702, 0.0154719 
1.703, 0.0155446 
1.704, 0.0156188 
1.705, 0.0156945 
1.706, 0.0157717 
1.707, 0.0158504 
1.708, 0.0159305 
1.709, 0.0160122 
1.71, 0.0160952 
1.711, 0.0161798 
1.712, 0.0162658 
1.713, 0.0163532 
1.714, 0.0164421 
1.715, 0.0165324 
1.716, 0.0166241 
1.717, 0.0167173 
1.718, 0.0168119 
1.719, 0.0169079 
1.72, 0.0170053 
1.721, 0.0171041 
1.722, 0.0172043 
1.723, 0.0173059 
1.724, 0.0174089 
1.725, 0.0175132 
1.726, 0.017619 
1.727, 0.0177261 
1.728, 0.0178346 
1.729, 0.0179444 
1.73, 0.0180556 
1.731, 0.0181682 
1.732, 0.018282 
1.733, 0.0183973 
1.734, 0.0185138 
1.735, 0.0186317 
1.736, 0.0187509 
1.737, 0.0188715 
1.738, 0.0189933 
1.739, 0.0191165 
1.74, 0.0192409 
1.741, 0.0193667 
1.742, 0.0194937 
1.743, 0.0196221 
1.744, 0.0197517 
1.745, 0.0198826 
1.746, 0.0200147 
1.747, 0.0201482 
1.748, 0.0202829 
1.749, 0.0204188 
1.75, 0.020556 
1.751, 0.0206945 
1.752, 0.0208342 
1.753, 0.0209751 
1.754, 0.0211173 
1.755, 0.0212607 
1.756, 0.0214053 
1.757, 0.0215512 
1.758, 0.0216982 
1.759, 0.0218465 
1.76, 0.021996 
1.761, 0.0221466 
1.762, 0.0222985 
1.763, 0.0224515 
1.764, 0.0226058 
1.765, 0.0227612 
1.766, 0.0229178 
1.767, 0.0230756 
1.768, 0.0232345 
1.769, 0.0233946 
1.77, 0.0235558 
1.771, 0.0237182 
1.772, 0.0238818 
1.773, 0.0240464 
1.774, 0.0242123 
1.775, 0.0243792 
1.776, 0.0245473 
1.777, 0.0247165 
1.778, 0.0248869 
1.779, 0.0250583 
1.78, 0.0252309 
1.781, 0.0254045 
1.782, 0.0255793 
1.783, 0.0257552 
1.784, 0.0259321 
1.785, 0.0261101 
1.786, 0.0262893 
1.787, 0.0264695 
1.788, 0.0266508 
1.789, 0.0268331 
1.79, 0.0270165 
1.791, 0.027201 
1.792, 0.0273865 
1.793, 0.0275731 
1.794, 0.0277608 
1.795, 0.0279494 
1.796, 0.0281392 
1.797, 0.0283299 
1.798, 0.0285217 
1.799, 0.0287145 
1.8, 0.0289083 
1.801, 0.0291032 
1.802, 0.0292991 
1.803, 0.0294959 
1.804, 0.0296938 
1.805, 0.0298927 
1.806, 0.0300926 
1.807, 0.0302935 
1.808, 0.0304953 
1.809, 0.0306982 
1.81, 0.030902 
1.811, 0.0311068 
1.812, 0.0313126 
1.813, 0.0315193 
1.814, 0.031727 
1.815, 0.0319357 
1.816, 0.0321453 
1.817, 0.0323559 
1.818, 0.0325674 
1.819, 0.0327799 
1.82, 0.0329933 
1.821, 0.0332076 
1.822, 0.0334229 
1.823, 0.0336391 
1.824, 0.0338563 
1.825, 0.0340743 
1.826, 0.0342933 
1.827, 0.0345131 
1.828, 0.0347339 
1.829, 0.0349556 
1.83, 0.0351782 
1.831, 0.0354017 
1.832, 0.0356261 
1.833, 0.0358513 
1.834, 0.0360775 
1.835, 0.0363045 
1.836, 0.0365324 
1.837, 0.0367612 
1.838, 0.0369909 
1.839, 0.0372214 
1.84, 0.0374528 
1.841, 0.037685 
1.842, 0.0379181 
1.843, 0.038152 
1.844, 0.0383868 
1.845, 0.0386225 
1.846, 0.0388589 
1.847, 0.0390962 
1.848, 0.0393344 
1.849, 0.0395734 
1.85, 0.0398131 
1.851, 0.0400538 
1.852, 0.0402952 
1.853, 0.0405374 
1.854, 0.0407805 
1.855, 0.0410244 
1.856, 0.041269 
1.857, 0.0415145 
1.858, 0.0417608 
1.859, 0.0420078 
1.86, 0.0422557 
1.861, 0.0425043 
1.862, 0.0427537 
1.863, 0.0430039 
1.864, 0.0432549 
1.865, 0.0435066 
1.866, 0.0437591 
1.867, 0.0440124 
1.868, 0.0442664 
1.869, 0.0445212 
1.87, 0.0447768 
1.871, 0.0450331 
1.872, 0.0452901 
1.873, 0.0455479 
1.874, 0.0458064 
1.875, 0.0460657 
1.876, 0.0463257 
1.877, 0.0465864 
1.878, 0.0468479 
1.879, 0.0471101 
1.88, 0.047373 
1.881, 0.0476366 
1.882, 0.0479009 
1.883, 0.048166 
1.884, 0.0484317 
1.885, 0.0486982 
1.886, 0.0489653 
1.887, 0.0492332 
1.888, 0.0495017 
1.889, 0.049771 
1.89, 0.0500409 
1.891, 0.0503115 
1.892, 0.0505828 
1.893, 0.0508548 
1.894, 0.0511274 
1.895, 0.0514008 
1.896, 0.0516747 
1.897, 0.0519494 
1.898, 0.0522247 
1.899, 0.0525007 
1.9, 0.0527773 
1.901, 0.0530546 
1.902, 0.0533325 
1.903, 0.0536111 
1.904, 0.0538904 
1.905, 0.0541702 
1.906, 0.0544507 
1.907, 0.0547319 
1.908, 0.0550136 
1.909, 0.055296 
1.91, 0.0555791 
1.911, 0.0558627 
1.912, 0.056147 
1.913, 0.0564319 
1.914, 0.0567174 
1.915, 0.0570035 
1.916, 0.0572902 
1.917, 0.0575775 
1.918, 0.0578655 
1.919, 0.058154 
1.92, 0.0584431 
1.921, 0.0587328 
1.922, 0.0590231 
1.923, 0.059314 
1.924, 0.0596055 
1.925, 0.0598975 
1.926, 0.0601902 
1.927, 0.0604834 
1.928, 0.0607772 
1.929, 0.0610715 
1.93, 0.0613665 
1.931, 0.061662 
1.932, 0.061958 
1.933, 0.0622546 
1.934, 0.0625518 
1.935, 0.0628495 
1.936, 0.0631478 
1.937, 0.0634466 
1.938, 0.063746 
1.939, 0.0640459 
1.94, 0.0643463 
1.941, 0.0646473 
1.942, 0.0649488 
1.943, 0.0652509 
1.944, 0.0655535 
1.945, 0.0658566 
1.946, 0.0661602 
1.947, 0.0664643 
1.948, 0.066769 
1.949, 0.0670742 
1.95, 0.0673799 
1.951, 0.0676861 
1.952, 0.0679928 
1.953, 0.0683 
1.954, 0.0686078 
1.955, 0.068916 
1.956, 0.0692247 
1.957, 0.0695339 
1.958, 0.0698436 
1.959, 0.0701538 
1.96, 0.0704645 
1.961, 0.0707757 
1.962, 0.0710873 
1.963, 0.0713995 
1.964, 0.0717121 
1.965, 0.0720252 
1.966, 0.0723387 
1.967, 0.0726528 
1.968, 0.0729672 
1.969, 0.0732822 
1.97, 0.0735976 
1.971, 0.0739135 
1.972, 0.0742298 
1.973, 0.0745466 
1.974, 0.0748639 
1.975, 0.0751816 
1.976, 0.0754997 
1.977, 0.0758183 
1.978, 0.0761373 
1.979, 0.0764568 
1.98, 0.0767767 
1.981, 0.077097 
1.982, 0.0774178 
1.983, 0.077739 
1.984, 0.0780607 
1.985, 0.0783827 
1.986, 0.0787052 
1.987, 0.0790281 
1.988, 0.0793514 
1.989, 0.0796752 
1.99, 0.0799993 
1.991, 0.0803239 
1.992, 0.0806489 
1.993, 0.0809743 
1.994, 0.0813001 
1.995, 0.0816263 
1.996, 0.0819529 
1.997, 0.0822799 
1.998, 0.0826072 
1.999, 0.082935 
2, 0.0832632 
2.001, 0.0835918 
2.002, 0.0839207 
2.003, 0.0842501 
2.004, 0.0845798 
2.005, 0.0849099 
2.006, 0.0852404 
2.007, 0.0855712 
2.008, 0.0859025 
2.009, 0.0862341 
2.01, 0.086566 
2.011, 0.0868984 
2.012, 0.0872311 
2.013, 0.0875642 
2.014, 0.0878976 
2.015, 0.0882314 
2.016, 0.0885655 
2.017, 0.0889 
2.018, 0.0892349 
2.019, 0.0895701 
2.02, 0.0899057 
2.021, 0.0902416 
2.022, 0.0905778 
2.023, 0.0909144 
2.024, 0.0912513 
2.025, 0.0915886 
2.026, 0.0919262 
2.027, 0.0922642 
2.028, 0.0926024 
2.029, 0.0929411 
2.03, 0.09328 
2.031, 0.0936192 
2.032, 0.0939588 
2.033, 0.0942987 
2.034, 0.094639 
2.035, 0.0949795 
2.036, 0.0953204 
2.037, 0.0956616 
2.038, 0.096003 
2.039, 0.0963448 
2.04, 0.096687 
2.041, 0.0970294 
2.042, 0.0973721 
2.043, 0.0977151 
2.044, 0.0980584 
2.045, 0.0984021 
2.046, 0.098746 
2.047, 0.0990902 
2.048, 0.0994347 
2.049, 0.0997795 
2.05, 0.100125 
2.051, 0.10047 
2.052, 0.100816 
2.053, 0.101162 
2.054, 0.101508 
2.055, 0.101854 
2.056, 0.102201 
2.057, 0.102548 
2.058, 0.102896 
2.059, 0.103243 
2.06, 0.103591 
2.061, 0.103939 
2.062, 0.104288 
2.063, 0.104636 
2.064, 0.104985 
2.065, 0.105335 
2.066, 0.105684 
2.067, 0.106034 
2.068, 0.106384 
2.069, 0.106734 
2.07, 0.107084 
2.071, 0.107435 
2.072, 0.107786 
2.073, 0.108137 
2.074, 0.108489 
2.075, 0.108841 
2.076, 0.109193 
2.077, 0.109545 
2.078, 0.109897 
2.079, 0.11025 
2.08, 0.110603 
2.081, 0.110956 
2.082, 0.11131 
2.083, 0.111663 
2.084, 0.112017 
2.085, 0.112371 
2.086, 0.112726 
2.087, 0.11308 
2.088, 0.113435 
2.089, 0.11379 
2.09, 0.114145 
2.091, 0.114501 
2.092, 0.114856 
2.093, 0.115212 
2.094, 0.115568 
2.095, 0.115924 
2.096, 0.116281 
2.097, 0.116638 
2.098, 0.116995 
2.099, 0.117352 
2.1, 0.117709 
2.101, 0.118067 
2.102, 0.118424 
2.103, 0.118782 
2.104, 0.11914 
2.105, 0.119499 
2.106, 0.119857 
2.107, 0.120216 
2.108, 0.120575 
2.109, 0.120934 
2.11, 0.121293 
2.111, 0.121653 
2.112, 0.122012 
2.113, 0.122372 
2.114, 0.122732 
2.115, 0.123092 
2.116, 0.123453 
2.117, 0.123813 
2.118, 0.124174 
2.119, 0.124535 
2.12, 0.124896 
2.121, 0.125257 
2.122, 0.125619 
2.123, 0.12598 
2.124, 0.126342 
2.125, 0.126704 
2.126, 0.127066 
2.127, 0.127428 
2.128, 0.127791 
2.129, 0.128153 
2.13, 0.128516 
2.131, 0.128879 
2.132, 0.129242 
2.133, 0.129605 
2.134, 0.129969 
2.135, 0.130332 
2.136, 0.130696 
2.137, 0.13106 
2.138, 0.131424 
2.139, 0.131788 
2.14, 0.132152 
2.141, 0.132516 
2.142, 0.132881 
2.143, 0.133246 
2.144, 0.133611 
2.145, 0.133975 
2.146, 0.134341 
2.147, 0.134706 
2.148, 0.135071 
2.149, 0.135437 
2.15, 0.135802 
2.151, 0.136168 
2.152, 0.136534 
2.153, 0.1369 
2.154, 0.137266 
2.155, 0.137633 
2.156, 0.137999 
2.157, 0.138365 
2.158, 0.138732 
2.159, 0.139099 
2.16, 0.139466 
2.161, 0.139833 
2.162, 0.1402 
2.163, 0.140567 
2.164, 0.140935 
2.165, 0.141302 
2.166, 0.14167 
2.167, 0.142037 
2.168, 0.142405 
2.169, 0.142773 
2.17, 0.143141 
2.171, 0.143509 
2.172, 0.143877 
2.173, 0.144246 
2.174, 0.144614 
2.175, 0.144983 
2.176, 0.145351 
2.177, 0.14572 
2.178, 0.146089 
2.179, 0.146458 
2.18, 0.146827 
2.181, 0.147196 
2.182, 0.147565 
2.183, 0.147934 
2.184, 0.148304 
2.185, 0.148673 
2.186, 0.149043 
2.187, 0.149413 
2.188, 0.149782 
2.189, 0.150152 
2.19, 0.150522 
2.191, 0.150892 
2.192, 0.151262 
2.193, 0.151632 
2.194, 0.152002 
2.195, 0.152373 
2.196, 0.152743 
2.197, 0.153114 
2.198, 0.153484 
2.199, 0.153855 
2.2, 0.154225 
2.201, 0.154596 
2.202, 0.154967 
2.203, 0.155338 
2.204, 0.155709 
2.205, 0.15608 
2.206, 0.156451 
2.207, 0.156822 
2.208, 0.157193 
2.209, 0.157565 
2.21, 0.157936 
2.211, 0.158307 
2.212, 0.158679 
2.213, 0.15905 
2.214, 0.159422 
2.215, 0.159794 
2.216, 0.160165 
2.217, 0.160537 
2.218, 0.160909 
2.219, 0.161281 
2.22, 0.161653 
2.221, 0.162025 
2.222, 0.162397 
2.223, 0.162769 
2.224, 0.163141 
2.225, 0.163513 
2.226, 0.163885 
2.227, 0.164257 
2.228, 0.16463 
2.229, 0.165002 
2.23, 0.165374 
2.231, 0.165747 
2.232, 0.166119 
2.233, 0.166492 
2.234, 0.166864 
2.235, 0.167237 
2.236, 0.16761 
2.237, 0.167982 
2.238, 0.168355 
2.239, 0.168728 
2.24, 0.1691 
2.241, 0.169473 
2.242, 0.169846 
2.243, 0.170219 
2.244, 0.170592 
2.245, 0.170964 
2.246, 0.171337 
2.247, 0.17171 
2.248, 0.172083 
2.249, 0.172456 
2.25, 0.172829 
2.251, 0.173202 
2.252, 0.173575 
2.253, 0.173948 
2.254, 0.174321 
2.255, 0.174695 
2.256, 0.175068 
2.257, 0.175441 
2.258, 0.175814 
2.259, 0.176187 
2.26, 0.17656 
2.261, 0.176934 
2.262, 0.177307 
2.263, 0.17768 
2.264, 0.178053 
2.265, 0.178426 
2.266, 0.1788 
2.267, 0.179173 
2.268, 0.179546 
2.269, 0.17992 
2.27, 0.180293 
2.271, 0.180666 
2.272, 0.181039 
2.273, 0.181413 
2.274, 0.181786 
2.275, 0.182159 
2.276, 0.182533 
2.277, 0.182906 
2.278, 0.183279 
2.279, 0.183652 
2.28, 0.184026 
2.281, 0.184399 
2.282, 0.184772 
2.283, 0.185146 
2.284, 0.185519 
2.285, 0.185892 
2.286, 0.186265 
2.287, 0.186639 
2.288, 0.187012 
2.289, 0.187385 
2.29, 0.187758 
2.291, 0.188132 
2.292, 0.188505 
2.293, 0.188878 
2.294, 0.189251 
2.295, 0.189624 
2.296, 0.189997 
2.297, 0.190371 
2.298, 0.190744 
2.299, 0.191117 
2.3, 0.19149 
2.301, 0.191863 
2.302, 0.192236 
2.303, 0.192609 
2.304, 0.192982 
2.305, 0.193355 
2.306, 0.193728 
2.307, 0.194101 
2.308, 0.194474 
2.309, 0.194847 
2.31, 0.19522 
2.311, 0.195592 
2.312, 0.195965 
2.313, 0.196338 
2.314, 0.196711 
2.315, 0.197083 
2.316, 0.197456 
2.317, 0.197829 
2.318, 0.198201 
2.319, 0.198574 
2.32, 0.198947 
2.321, 0.199319 
2.322, 0.199692 
2.323, 0.200064 
2.324, 0.200437 
2.325, 0.200809 
2.326, 0.201181 
2.327, 0.201554 
2.328, 0.201926 
2.329, 0.202298 
2.33, 0.20267 
2.331, 0.203043 
2.332, 0.203415 
2.333, 0.203787 
2.334, 0.204159 
2.335, 0.204531 
2.336, 0.204903 
2.337, 0.205275 
2.338, 0.205647 
2.339, 0.206019 
2.34, 0.20639 
2.341, 0.206762 
2.342, 0.207134 
2.343, 0.207505 
2.344, 0.207877 
2.345, 0.208249 
2.346, 0.20862 
2.347, 0.208992 
2.348, 0.209363 
2.349, 0.209734 
2.35, 0.210106 
2.351, 0.210477 
2.352, 0.210848 
2.353, 0.211219 
2.354, 0.21159 
2.355, 0.211961 
2.356, 0.212332 
2.357, 0.212703 
2.358, 0.213074 
2.359, 0.213445 
2.36, 0.213816 
2.361, 0.214186 
2.362, 0.214557 
2.363, 0.214928 
2.364, 0.215298 
2.365, 0.215669 
2.366, 0.216039 
2.367, 0.216409 
2.368, 0.21678 
2.369, 0.21715 
2.37, 0.21752 
2.371, 0.21789 
2.372, 0.21826 
2.373, 0.21863 
2.374, 0.219 
2.375, 0.21937 
2.376, 0.21974 
2.377, 0.220109 
2.378, 0.220479 
2.379, 0.220849 
2.38, 0.221218 
2.381, 0.221587 
2.382, 0.221957 
2.383, 0.222326 
2.384, 0.222695 
2.385, 0.223065 
2.386, 0.223434 
2.387, 0.223803 
2.388, 0.224172 
2.389, 0.22454 
2.39, 0.224909 
2.391, 0.225278 
2.392, 0.225647 
2.393, 0.226015 
2.394, 0.226384 
2.395, 0.226752 
2.396, 0.22712 
2.397, 0.227489 
2.398, 0.227857 
2.399, 0.228225 
2.4, 0.228593 
2.401, 0.228961 
2.402, 0.229329 
2.403, 0.229696 
2.404, 0.230064 
2.405, 0.230432 
2.406, 0.230799 
2.407, 0.231167 
2.408, 0.231534 
2.409, 0.231901 
2.41, 0.232269 
2.411, 0.232636 
2.412, 0.233003 
2.413, 0.23337 
2.414, 0.233737 
2.415, 0.234103 
2.416, 0.23447 
2.417, 0.234837 
2.418, 0.235203 
2.419, 0.23557 
2.42, 0.235936 
2.421, 0.236302 
2.422, 0.236669 
2.423, 0.237035 
2.424, 0.237401 
2.425, 0.237767 
2.426, 0.238132 
2.427, 0.238498 
2.428, 0.238864 
2.429, 0.239229 
2.43, 0.239595 
2.431, 0.23996 
2.432, 0.240325 
2.433, 0.24069 
2.434, 0.241056 
2.435, 0.241421 
2.436, 0.241785 
2.437, 0.24215 
2.438, 0.242515 
2.439, 0.24288 
2.44, 0.243244 
2.441, 0.243608 
2.442, 0.243973 
2.443, 0.244337 
2.444, 0.244701 
2.445, 0.245065 
2.446, 0.245429 
2.447, 0.245793 
2.448, 0.246157 
2.449, 0.24652 
2.45, 0.246884 
2.451, 0.247247 
2.452, 0.24761 
2.453, 0.247974 
2.454, 0.248337 
2.455, 0.2487 
2.456, 0.249063 
2.457, 0.249425 
2.458, 0.249788 
2.459, 0.250151 
2.46, 0.250513 
2.461, 0.250876 
2.462, 0.251238 
2.463, 0.2516 
2.464, 0.251962 
2.465, 0.252324 
2.466, 0.252686 
2.467, 0.253048 
2.468, 0.253409 
2.469, 0.253771 
2.47, 0.254132 
2.471, 0.254494 
2.472, 0.254855 
2.473, 0.255216 
2.474, 0.255577 
2.475, 0.255938 
2.476, 0.256299 
2.477, 0.256659 
2.478, 0.25702 
2.479, 0.25738 
2.48, 0.257741 
2.481, 0.258101 
2.482, 0.258461 
2.483, 0.258821 
2.484, 0.259181 
2.485, 0.259541 
2.486, 0.2599 
2.487, 0.26026 
2.488, 0.260619 
2.489, 0.260978 
2.49, 0.261338 
2.491, 0.261697 
2.492, 0.262056 
2.493, 0.262415 
2.494, 0.262773 
2.495, 0.263132 
2.496, 0.26349 
2.497, 0.263849 
2.498, 0.264207 
2.499, 0.264565 
2.5, 0.264923 
2.501, 0.265281 
2.502, 0.265639 
2.503, 0.265997 
2.504, 0.266354 
2.505, 0.266712 
2.506, 0.267069 
2.507, 0.267426 
2.508, 0.267783 
2.509, 0.26814 
2.51, 0.268497 
2.511, 0.268854 
2.512, 0.26921 
2.513, 0.269567 
2.514, 0.269923 
2.515, 0.270279 
2.516, 0.270635 
2.517, 0.270991 
2.518, 0.271347 
2.519, 0.271703 
2.52, 0.272059 
2.521, 0.272414 
2.522, 0.27277 
2.523, 0.273125 
2.524, 0.27348 
2.525, 0.273835 
2.526, 0.27419 
2.527, 0.274544 
2.528, 0.274899 
2.529, 0.275254 
2.53, 0.275608 
2.531, 0.275962 
2.532, 0.276316 
2.533, 0.27667 
2.534, 0.277024 
2.535, 0.277378 
2.536, 0.277731 
2.537, 0.278085 
2.538, 0.278438 
2.539, 0.278791 
2.54, 0.279144 
2.541, 0.279497 
2.542, 0.27985 
2.543, 0.280203 
2.544, 0.280555 
2.545, 0.280908 
2.546, 0.28126 
2.547, 0.281612 
2.548, 0.281964 
2.549, 0.282316 
2.55, 0.282668 
2.551, 0.28302 
2.552, 0.283371 
2.553, 0.283723 
2.554, 0.284074 
2.555, 0.284425 
2.556, 0.284776 
2.557, 0.285127 
2.558, 0.285477 
2.559, 0.285828 
2.56, 0.286178 
2.561, 0.286529 
2.562, 0.286879 
2.563, 0.287229 
2.564, 0.287579 
2.565, 0.287929 
2.566, 0.288278 
2.567, 0.288628 
2.568, 0.288977 
2.569, 0.289326 
2.57, 0.289675 
2.571, 0.290024 
2.572, 0.290373 
2.573, 0.290722 
2.574, 0.29107 
2.575, 0.291419 
2.576, 0.291767 
2.577, 0.292115 
2.578, 0.292463 
2.579, 0.292811 
2.58, 0.293159 
2.581, 0.293506 
2.582, 0.293854 
2.583, 0.294201 
2.584, 0.294548 
2.585, 0.294895 
2.586, 0.295242 
2.587, 0.295589 
2.588, 0.295935 
2.589, 0.296282 
2.59, 0.296628 
2.591, 0.296974 
2.592, 0.29732 
2.593, 0.297666 
2.594, 0.298012 
2.595, 0.298358 
2.596, 0.298703 
2.597, 0.299049 
2.598, 0.299394 
2.599, 0.299739 
2.6, 0.300084 
2.601, 0.300428 
2.602, 0.300773 
2.603, 0.301118 
2.604, 0.301462 
2.605, 0.301806 
2.606, 0.30215 
2.607, 0.302494 
2.608, 0.302838 
2.609, 0.303181 
2.61, 0.303525 
2.611, 0.303868 
2.612, 0.304211 
2.613, 0.304554 
2.614, 0.304897 
2.615, 0.30524 
2.616, 0.305583 
2.617, 0.305925 
2.618, 0.306267 
2.619, 0.30661 
2.62, 0.306952 
2.621, 0.307294 
2.622, 0.307635 
2.623, 0.307977 
2.624, 0.308318 
2.625, 0.30866 
2.626, 0.309001 
2.627, 0.309342 
2.628, 0.309683 
2.629, 0.310023 
2.63, 0.310364 
2.631, 0.310704 
2.632, 0.311045 
2.633, 0.311385 
2.634, 0.311725 
2.635, 0.312064 
2.636, 0.312404 
2.637, 0.312744 
2.638, 0.313083 
2.639, 0.313422 
2.64, 0.313761 
2.641, 0.3141 
2.642, 0.314439 
2.643, 0.314778 
2.644, 0.315116 
2.645, 0.315455 
2.646, 0.315793 
2.647, 0.316131 
2.648, 0.316469 
2.649, 0.316806 
2.65, 0.317144 
2.651, 0.317481 
2.652, 0.317819 
2.653, 0.318156 
2.654, 0.318493 
2.655, 0.31883 
2.656, 0.319166 
2.657, 0.319503 
2.658, 0.319839 
2.659, 0.320175 
2.66, 0.320511 
2.661, 0.320847 
2.662, 0.321183 
2.663, 0.321519 
2.664, 0.321854 
2.665, 0.32219 
2.666, 0.322525 
2.667, 0.32286 
2.668, 0.323195 
2.669, 0.323529 
2.67, 0.323864 
2.671, 0.324198 
2.672, 0.324533 
2.673, 0.324867 
2.674, 0.325201 
2.675, 0.325534 
2.676, 0.325868 
2.677, 0.326201 
2.678, 0.326535 
2.679, 0.326868 
2.68, 0.327201 
2.681, 0.327534 
2.682, 0.327867 
2.683, 0.328199 
2.684, 0.328532 
2.685, 0.328864 
2.686, 0.329196 
2.687, 0.329528 
2.688, 0.32986 
2.689, 0.330191 
2.69, 0.330523 
2.691, 0.330854 
2.692, 0.331185 
2.693, 0.331516 
2.694, 0.331847 
2.695, 0.332178 
2.696, 0.332508 
2.697, 0.332839 
2.698, 0.333169 
2.699, 0.333499 
2.7, 0.333829 
2.701, 0.334159 
2.702, 0.334488 
2.703, 0.334818 
2.704, 0.335147 
2.705, 0.335476 
2.706, 0.335805 
2.707, 0.336134 
2.708, 0.336463 
2.709, 0.336791 
2.71, 0.33712 
2.711, 0.337448 
2.712, 0.337776 
2.713, 0.338104 
2.714, 0.338431 
2.715, 0.338759 
2.716, 0.339086 
2.717, 0.339414 
2.718, 0.339741 
2.719, 0.340068 
2.72, 0.340395 
2.721, 0.340721 
2.722, 0.341048 
2.723, 0.341374 
2.724, 0.3417 
2.725, 0.342026 
2.726, 0.342352 
2.727, 0.342678 
2.728, 0.343003 
2.729, 0.343329 
2.73, 0.343654 
2.731, 0.343979 
2.732, 0.344304 
2.733, 0.344628 
2.734, 0.344953 
2.735, 0.345277 
2.736, 0.345602 
2.737, 0.345926 
2.738, 0.34625 
2.739, 0.346574 
2.74, 0.346897 
2.741, 0.347221 
2.742, 0.347544 
2.743, 0.347867 
2.744, 0.34819 
2.745, 0.348513 
2.746, 0.348836 
2.747, 0.349158 
2.748, 0.34948 
2.749, 0.349803 
2.75, 0.350125 
2.751, 0.350447 
2.752, 0.350768 
2.753, 0.35109 
2.754, 0.351411 
2.755, 0.351732 
2.756, 0.352053 
2.757, 0.352374 
2.758, 0.352695 
2.759, 0.353016 
2.76, 0.353336 
2.761, 0.353656 
2.762, 0.353977 
2.763, 0.354296 
2.764, 0.354616 
2.765, 0.354936 
2.766, 0.355255 
2.767, 0.355575 
2.768, 0.355894 
2.769, 0.356213 
2.77, 0.356532 
2.771, 0.35685 
2.772, 0.357169 
2.773, 0.357487 
2.774, 0.357805 
2.775, 0.358123 
2.776, 0.358441 
2.777, 0.358759 
2.778, 0.359076 
2.779, 0.359394 
2.78, 0.359711 
2.781, 0.360028 
2.782, 0.360345 
2.783, 0.360662 
2.784, 0.360978 
2.785, 0.361295 
2.786, 0.361611 
2.787, 0.361927 
2.788, 0.362243 
2.789, 0.362559 
2.79, 0.362874 
2.791, 0.36319 
2.792, 0.363505 
2.793, 0.36382 
2.794, 0.364135 
2.795, 0.36445 
2.796, 0.364764 
2.797, 0.365079 
2.798, 0.365393 
2.799, 0.365707 
2.8, 0.366021 
2.801, 0.366335 
2.802, 0.366649 
2.803, 0.366962 
2.804, 0.367276 
2.805, 0.367589 
2.806, 0.367902 
2.807, 0.368215 
2.808, 0.368527 
2.809, 0.36884 
2.81, 0.369152 
2.811, 0.369464 
2.812, 0.369777 
2.813, 0.370088 
2.814, 0.3704 
2.815, 0.370712 
2.816, 0.371023 
2.817, 0.371334 
2.818, 0.371645 
2.819, 0.371956 
2.82, 0.372267 
2.821, 0.372578 
2.822, 0.372888 
2.823, 0.373198 
2.824, 0.373508 
2.825, 0.373818 
2.826, 0.374128 
2.827, 0.374438 
2.828, 0.374747 
2.829, 0.375056 
2.83, 0.375365 
2.831, 0.375674 
2.832, 0.375983 
2.833, 0.376292 
2.834, 0.3766 
2.835, 0.376909 
2.836, 0.377217 
2.837, 0.377525 
2.838, 0.377832 
2.839, 0.37814 
2.84, 0.378448 
2.841, 0.378755 
2.842, 0.379062 
2.843, 0.379369 
2.844, 0.379676 
2.845, 0.379983 
2.846, 0.380289 
2.847, 0.380595 
2.848, 0.380902 
2.849, 0.381208 
2.85, 0.381513 
2.851, 0.381819 
2.852, 0.382125 
2.853, 0.38243 
2.854, 0.382735 
2.855, 0.38304 
2.856, 0.383345 
2.857, 0.38365 
2.858, 0.383954 
2.859, 0.384259 
2.86, 0.384563 
2.861, 0.384867 
2.862, 0.385171 
2.863, 0.385475 
2.864, 0.385778 
2.865, 0.386082 
2.866, 0.386385 
2.867, 0.386688 
2.868, 0.386991 
2.869, 0.387294 
2.87, 0.387596 
2.871, 0.387899 
2.872, 0.388201 
2.873, 0.388503 
2.874, 0.388805 
2.875, 0.389107 
2.876, 0.389408 
2.877, 0.38971 
2.878, 0.390011 
2.879, 0.390312 
2.88, 0.390613 
2.881, 0.390914 
2.882, 0.391215 
2.883, 0.391515 
2.884, 0.391816 
2.885, 0.392116 
2.886, 0.392416 
2.887, 0.392716 
2.888, 0.393015 
2.889, 0.393315 
2.89, 0.393614 
2.891, 0.393913 
2.892, 0.394212 
2.893, 0.394511 
2.894, 0.39481 
2.895, 0.395108 
2.896, 0.395407 
2.897, 0.395705 
2.898, 0.396003 
2.899, 0.396301 
2.9, 0.396598 
2.901, 0.396896 
2.902, 0.397193 
2.903, 0.397491 
2.904, 0.397788 
2.905, 0.398084 
2.906, 0.398381 
2.907, 0.398678 
2.908, 0.398974 
2.909, 0.39927 
2.91, 0.399566 
2.911, 0.399862 
2.912, 0.400158 
2.913, 0.400454 
2.914, 0.400749 
2.915, 0.401044 
2.916, 0.40134 
2.917, 0.401634 
2.918, 0.401929 
2.919, 0.402224 
2.92, 0.402518 
2.921, 0.402813 
2.922, 0.403107 
2.923, 0.403401 
2.924, 0.403694 
2.925, 0.403988 
2.926, 0.404282 
2.927, 0.404575 
2.928, 0.404868 
2.929, 0.405161 
2.93, 0.405454 
2.931, 0.405747 
2.932, 0.406039 
2.933, 0.406331 
2.934, 0.406624 
2.935, 0.406916 
2.936, 0.407207 
2.937, 0.407499 
2.938, 0.407791 
2.939, 0.408082 
2.94, 0.408373 
2.941, 0.408664 
2.942, 0.408955 
2.943, 0.409246 
2.944, 0.409536 
2.945, 0.409827 
2.946, 0.410117 
2.947, 0.410407 
2.948, 0.410697 
2.949, 0.410987 
2.95, 0.411276 
2.951, 0.411566 
2.952, 0.411855 
2.953, 0.412144 
2.954, 0.412433 
2.955, 0.412722 
2.956, 0.41301 
2.957, 0.413299 
2.958, 0.413587 
2.959, 0.413875 
2.96, 0.414163 
2.961, 0.414451 
2.962, 0.414739 
2.963, 0.415026 
2.964, 0.415313 
2.965, 0.415601 
2.966, 0.415888 
2.967, 0.416174 
2.968, 0.416461 
2.969, 0.416748 
2.97, 0.417034 
2.971, 0.41732 
2.972, 0.417606 
2.973, 0.417892 
2.974, 0.418178 
2.975, 0.418463 
2.976, 0.418749 
2.977, 0.419034 
2.978, 0.419319 
2.979, 0.419604 
2.98, 0.419889 
2.981, 0.420173 
2.982, 0.420458 
2.983, 0.420742 
2.984, 0.421026 
2.985, 0.42131 
2.986, 0.421594 
2.987, 0.421877 
2.988, 0.422161 
2.989, 0.422444 
2.99, 0.422727 
2.991, 0.42301 
2.992, 0.423293 
2.993, 0.423575 
2.994, 0.423858 
2.995, 0.42414 
2.996, 0.424422 
2.997, 0.424704 
2.998, 0.424986 
2.999, 0.425268 
3, 0.425549 
3.001, 0.425831 
3.002, 0.426112 
3.003, 0.426393 
3.004, 0.426674 
3.005, 0.426955 
3.006, 0.427235 
3.007, 0.427516 
3.008, 0.427796 
3.009, 0.428076 
3.01, 0.428356 
3.011, 0.428636 
3.012, 0.428915 
3.013, 0.429195 
3.014, 0.429474 
3.015, 0.429753 
3.016, 0.430032 
3.017, 0.430311 
3.018, 0.430589 
3.019, 0.430868 
3.02, 0.431146 
3.021, 0.431424 
3.022, 0.431702 
3.023, 0.43198 
3.024, 0.432258 
3.025, 0.432535 
3.026, 0.432813 
3.027, 0.43309 
3.028, 0.433367 
3.029, 0.433644 
3.03, 0.433921 
3.031, 0.434197 
3.032, 0.434474 
3.033, 0.43475 
3.034, 0.435026 
3.035, 0.435302 
3.036, 0.435578 
3.037, 0.435853 
3.038, 0.436129 
3.039, 0.436404 
3.04, 0.436679 
3.041, 0.436954 
3.042, 0.437229 
3.043, 0.437504 
3.044, 0.437778 
3.045, 0.438053 
3.046, 0.438327 
3.047, 0.438601 
3.048, 0.438875 
3.049, 0.439148 
3.05, 0.439422 
3.051, 0.439695 
3.052, 0.439969 
3.053, 0.440242 
3.054, 0.440515 
3.055, 0.440787 
3.056, 0.44106 
3.057, 0.441332 
3.058, 0.441605 
3.059, 0.441877 
3.06, 0.442149 
3.061, 0.442421 
3.062, 0.442692 
3.063, 0.442964 
3.064, 0.443235 
3.065, 0.443506 
3.066, 0.443777 
3.067, 0.444048 
3.068, 0.444319 
3.069, 0.444589 
3.07, 0.44486 
3.071, 0.44513 
3.072, 0.4454 
3.073, 0.44567 
3.074, 0.44594 
3.075, 0.44621 
3.076, 0.446479 
3.077, 0.446748 
3.078, 0.447017 
3.079, 0.447286 
3.08, 0.447555 
3.081, 0.447824 
3.082, 0.448092 
3.083, 0.448361 
3.084, 0.448629 
3.085, 0.448897 
3.086, 0.449165 
3.087, 0.449433 
3.088, 0.4497 
3.089, 0.449968 
3.09, 0.450235 
3.091, 0.450502 
3.092, 0.450769 
3.093, 0.451036 
3.094, 0.451303 
3.095, 0.451569 
3.096, 0.451835 
3.097, 0.452102 
3.098, 0.452368 
3.099, 0.452633 
3.1, 0.452899 
3.101, 0.453165 
3.102, 0.45343 
3.103, 0.453695 
3.104, 0.45396 
3.105, 0.454225 
3.106, 0.45449 
3.107, 0.454755 
3.108, 0.455019 
3.109, 0.455284 
3.11, 0.455548 
3.111, 0.455812 
3.112, 0.456076 
3.113, 0.456339 
3.114, 0.456603 
3.115, 0.456866 
3.116, 0.457129 
3.117, 0.457393 
3.118, 0.457655 
3.119, 0.457918 
3.12, 0.458181 
3.121, 0.458443 
3.122, 0.458706 
3.123, 0.458968 
3.124, 0.45923 
3.125, 0.459492 
3.126, 0.459753 
3.127, 0.460015 
3.128, 0.460276 
3.129, 0.460537 
3.13, 0.460799 
3.131, 0.461059 
3.132, 0.46132 
3.133, 0.461581 
3.134, 0.461841 
3.135, 0.462102 
3.136, 0.462362 
3.137, 0.462622 
3.138, 0.462882 
3.139, 0.463141 
3.14, 0.463401 
3.141, 0.46366 
3.142, 0.463919 
3.143, 0.464179 
3.144, 0.464437 
3.145, 0.464696 
3.146, 0.464955 
3.147, 0.465213 
3.148, 0.465472 
3.149, 0.46573 
3.15, 0.465988 
3.151, 0.466246 
3.152, 0.466503 
3.153, 0.466761 
3.154, 0.467018 
3.155, 0.467276 
3.156, 0.467533 
3.157, 0.46779 
3.158, 0.468046 
3.159, 0.468303 
3.16, 0.46856 
3.161, 0.468816 
3.162, 0.469072 
3.163, 0.469328 
3.164, 0.469584 
3.165, 0.46984 
3.166, 0.470095 
3.167, 0.470351 
3.168, 0.470606 
3.169, 0.470861 
3.17, 0.471116 
3.171, 0.471371 
3.172, 0.471626 
3.173, 0.47188 
3.174, 0.472135 
3.175, 0.472389 
3.176, 0.472643 
3.177, 0.472897 
3.178, 0.473151 
3.179, 0.473404 
3.18, 0.473658 
3.181, 0.473911 
3.182, 0.474164 
3.183, 0.474417 
3.184, 0.47467 
3.185, 0.474923 
3.186, 0.475175 
3.187, 0.475428 
3.188, 0.47568 
3.189, 0.475932 
3.19, 0.476184 
3.191, 0.476436 
3.192, 0.476688 
3.193, 0.476939 
3.194, 0.47719 
3.195, 0.477442 
3.196, 0.477693 
3.197, 0.477944 
3.198, 0.478194 
3.199, 0.478445 
3.2, 0.478695 
3.201, 0.478946 
3.202, 0.479196 
3.203, 0.479446 
3.204, 0.479696 
3.205, 0.479946 
3.206, 0.480195 
3.207, 0.480445 
3.208, 0.480694 
3.209, 0.480943 
3.21, 0.481192 
3.211, 0.481441 
3.212, 0.481689 
3.213, 0.481938 
3.214, 0.482186 
3.215, 0.482435 
3.216, 0.482683 
3.217, 0.482931 
3.218, 0.483178 
3.219, 0.483426 
3.22, 0.483674 
3.221, 0.483921 
3.222, 0.484168 
3.223, 0.484415 
3.224, 0.484662 
3.225, 0.484909 
3.226, 0.485156 
3.227, 0.485402 
3.228, 0.485648 
3.229, 0.485894 
3.23, 0.486141 
3.231, 0.486386 
3.232, 0.486632 
3.233, 0.486878 
3.234, 0.487123 
3.235, 0.487368 
3.236, 0.487614 
3.237, 0.487859 
3.238, 0.488103 
3.239, 0.488348 
3.24, 0.488593 
3.241, 0.488837 
3.242, 0.489081 
3.243, 0.489325 
3.244, 0.489569 
3.245, 0.489813 
3.246, 0.490057 
3.247, 0.490301 
3.248, 0.490544 
3.249, 0.490787 
3.25, 0.49103 
3.251, 0.491273 
3.252, 0.491516 
3.253, 0.491759 
3.254, 0.492001 
3.255, 0.492244 
3.256, 0.492486 
3.257, 0.492728 
3.258, 0.49297 
3.259, 0.493212 
3.26, 0.493453 
3.261, 0.493695 
3.262, 0.493936 
3.263, 0.494177 
3.264, 0.494418 
3.265, 0.494659 
3.266, 0.4949 
3.267, 0.495141 
3.268, 0.495381 
3.269, 0.495621 
3.27, 0.495862 
3.271, 0.496102 
3.272, 0.496342 
3.273, 0.496581 
3.274, 0.496821 
3.275, 0.497061 
3.276, 0.4973 
3.277, 0.497539 
3.278, 0.497778 
3.279, 0.498017 
3.28, 0.498256 
3.281, 0.498494 
3.282, 0.498733 
3.283, 0.498971 
3.284, 0.499209 
3.285, 0.499447 
3.286, 0.499685 
3.287, 0.499923 
3.288, 0.500161 
3.289, 0.500398 
3.29, 0.500635 
3.291, 0.500873 
3.292, 0.50111 
3.293, 0.501347 
3.294, 0.501583 
3.295, 0.50182 
3.296, 0.502056 
3.297, 0.502293 
3.298, 0.502529 
3.299, 0.502765 
3.3, 0.503001 
3.301, 0.503237 
3.302, 0.503472 
3.303, 0.503708 
3.304, 0.503943 
3.305, 0.504178 
3.306, 0.504413 
3.307, 0.504648 
3.308, 0.504883 
3.309, 0.505118 
3.31, 0.505352 
3.311, 0.505586 
3.312, 0.505821 
3.313, 0.506055 
3.314, 0.506289 
3.315, 0.506522 
3.316, 0.506756 
3.317, 0.50699 
3.318, 0.507223 
3.319, 0.507456 
3.32, 0.507689 
3.321, 0.507922 
3.322, 0.508155 
3.323, 0.508388 
3.324, 0.50862 
3.325, 0.508853 
3.326, 0.509085 
3.327, 0.509317 
3.328, 0.509549 
3.329, 0.509781 
3.33, 0.510012 
3.331, 0.510244 
3.332, 0.510475 
3.333, 0.510707 
3.334, 0.510938 
3.335, 0.511169 
3.336, 0.511399 
3.337, 0.51163 
3.338, 0.511861 
3.339, 0.512091 
3.34, 0.512321 
3.341, 0.512552 
3.342, 0.512782 
3.343, 0.513011 
3.344, 0.513241 
3.345, 0.513471 
3.346, 0.5137 
3.347, 0.513929 
3.348, 0.514159 
3.349, 0.514388 
3.35, 0.514617 
3.351, 0.514845 
3.352, 0.515074 
3.353, 0.515302 
3.354, 0.515531 
3.355, 0.515759 
3.356, 0.515987 
3.357, 0.516215 
3.358, 0.516443 
3.359, 0.51667 
3.36, 0.516898 
3.361, 0.517125 
3.362, 0.517353 
3.363, 0.51758 
3.364, 0.517807 
3.365, 0.518033 
3.366, 0.51826 
3.367, 0.518487 
3.368, 0.518713 
3.369, 0.518939 
3.37, 0.519166 
3.371, 0.519392 
3.372, 0.519617 
3.373, 0.519843 
3.374, 0.520069 
3.375, 0.520294 
3.376, 0.52052 
3.377, 0.520745 
3.378, 0.52097 
3.379, 0.521195 
3.38, 0.52142 
3.381, 0.521644 
3.382, 0.521869 
3.383, 0.522093 
3.384, 0.522317 
3.385, 0.522541 
3.386, 0.522765 
3.387, 0.522989 
3.388, 0.523213 
3.389, 0.523436 
3.39, 0.52366 
3.391, 0.523883 
3.392, 0.524106 
3.393, 0.524329 
3.394, 0.524552 
3.395, 0.524775 
3.396, 0.524998 
3.397, 0.52522 
3.398, 0.525442 
3.399, 0.525665 
3.4, 0.525887 
3.401, 0.526109 
3.402, 0.52633 
3.403, 0.526552 
3.404, 0.526774 
3.405, 0.526995 
3.406, 0.527216 
3.407, 0.527437 
3.408, 0.527658 
3.409, 0.527879 
3.41, 0.5281 
3.411, 0.528321 
3.412, 0.528541 
3.413, 0.528762 
3.414, 0.528982 
3.415, 0.529202 
3.416, 0.529422 
3.417, 0.529642 
3.418, 0.529861 
3.419, 0.530081 
3.42, 0.5303 
3.421, 0.530519 
3.422, 0.530739 
3.423, 0.530958 
3.424, 0.531176 
3.425, 0.531395 
3.426, 0.531614 
3.427, 0.531832 
3.428, 0.532051 
3.429, 0.532269 
3.43, 0.532487 
3.431, 0.532705 
3.432, 0.532923 
3.433, 0.53314 
3.434, 0.533358 
3.435, 0.533575 
3.436, 0.533793 
3.437, 0.53401 
3.438, 0.534227 
3.439, 0.534444 
3.44, 0.53466 
3.441, 0.534877 
3.442, 0.535094 
3.443, 0.53531 
3.444, 0.535526 
3.445, 0.535742 
3.446, 0.535958 
3.447, 0.536174 
3.448, 0.53639 
3.449, 0.536605 
3.45, 0.536821 
3.451, 0.537036 
3.452, 0.537251 
3.453, 0.537466 
3.454, 0.537681 
3.455, 0.537896 
3.456, 0.538111 
3.457, 0.538325 
3.458, 0.53854 
3.459, 0.538754 
3.46, 0.538968 
3.461, 0.539182 
3.462, 0.539396 
3.463, 0.53961 
3.464, 0.539823 
3.465, 0.540037 
3.466, 0.54025 
3.467, 0.540464 
3.468, 0.540677 
3.469, 0.54089 
3.47, 0.541102 
3.471, 0.541315 
3.472, 0.541528 
3.473, 0.54174 
3.474, 0.541953 
3.475, 0.542165 
3.476, 0.542377 
3.477, 0.542589 
3.478, 0.542801 
3.479, 0.543012 
3.48, 0.543224 
3.481, 0.543435 
3.482, 0.543647 
3.483, 0.543858 
3.484, 0.544069 
3.485, 0.54428 
3.486, 0.544491 
3.487, 0.544701 
3.488, 0.544912 
3.489, 0.545122 
3.49, 0.545333 
3.491, 0.545543 
3.492, 0.545753 
3.493, 0.545963 
3.494, 0.546172 
3.495, 0.546382 
3.496, 0.546592 
3.497, 0.546801 
3.498, 0.54701 
3.499, 0.547219 
3.5, 0.547428 
3.501, 0.547637 
3.502, 0.547846 
3.503, 0.548055 
3.504, 0.548263 
3.505, 0.548472 
3.506, 0.54868 
3.507, 0.548888 
3.508, 0.549096 
3.509, 0.549304 
3.51, 0.549512 
3.511, 0.549719 
3.512, 0.549927 
3.513, 0.550134 
3.514, 0.550341 
3.515, 0.550549 
3.516, 0.550756 
3.517, 0.550962 
3.518, 0.551169 
3.519, 0.551376 
3.52, 0.551582 
3.521, 0.551789 
3.522, 0.551995 
3.523, 0.552201 
3.524, 0.552407 
3.525, 0.552613 
3.526, 0.552819 
3.527, 0.553024 
3.528, 0.55323 
3.529, 0.553435 
3.53, 0.55364 
3.531, 0.553846 
3.532, 0.554051 
3.533, 0.554255 
3.534, 0.55446 
3.535, 0.554665 
3.536, 0.554869 
3.537, 0.555074 
3.538, 0.555278 
3.539, 0.555482 
3.54, 0.555686 
3.541, 0.55589 
3.542, 0.556094 
3.543, 0.556297 
3.544, 0.556501 
3.545, 0.556704 
3.546, 0.556908 
3.547, 0.557111 
3.548, 0.557314 
3.549, 0.557517 
3.55, 0.557719 
3.551, 0.557922 
3.552, 0.558125 
3.553, 0.558327 
3.554, 0.558529 
3.555, 0.558731 
3.556, 0.558933 
3.557, 0.559135 
3.558, 0.559337 
3.559, 0.559539 
3.56, 0.55974 
3.561, 0.559942 
3.562, 0.560143 
3.563, 0.560344 
3.564, 0.560545 
3.565, 0.560746 
3.566, 0.560947 
3.567, 0.561148 
3.568, 0.561348 
3.569, 0.561549 
3.57, 0.561749 
3.571, 0.561949 
3.572, 0.56215 
3.573, 0.56235 
3.574, 0.562549 
3.575, 0.562749 
3.576, 0.562949 
3.577, 0.563148 
3.578, 0.563348 
3.579, 0.563547 
3.58, 0.563746 
3.581, 0.563945 
3.582, 0.564144 
3.583, 0.564343 
3.584, 0.564541 
3.585, 0.56474 
3.586, 0.564938 
3.587, 0.565136 
3.588, 0.565335 
3.589, 0.565533 
3.59, 0.565731 
3.591, 0.565928 
3.592, 0.566126 
3.593, 0.566324 
3.594, 0.566521 
3.595, 0.566718 
3.596, 0.566916 
3.597, 0.567113 
3.598, 0.56731 
3.599, 0.567506 
3.6, 0.567703 
3.601, 0.5679 
3.602, 0.568096 
3.603, 0.568293 
3.604, 0.568489 
3.605, 0.568685 
3.606, 0.568881 
3.607, 0.569077 
3.608, 0.569273 
3.609, 0.569468 
3.61, 0.569664 
3.611, 0.569859 
3.612, 0.570055 
3.613, 0.57025 
3.614, 0.570445 
3.615, 0.57064 
3.616, 0.570835 
3.617, 0.571029 
3.618, 0.571224 
3.619, 0.571418 
3.62, 0.571613 
3.621, 0.571807 
3.622, 0.572001 
3.623, 0.572195 
3.624, 0.572389 
3.625, 0.572583 
3.626, 0.572777 
3.627, 0.57297 
3.628, 0.573163 
3.629, 0.573357 
3.63, 0.57355 
3.631, 0.573743 
3.632, 0.573936 
3.633, 0.574129 
3.634, 0.574322 
3.635, 0.574514 
3.636, 0.574707 
3.637, 0.574899 
3.638, 0.575091 
3.639, 0.575283 
3.64, 0.575475 
3.641, 0.575667 
3.642, 0.575859 
3.643, 0.576051 
3.644, 0.576242 
3.645, 0.576434 
3.646, 0.576625 
3.647, 0.576816 
3.648, 0.577007 
3.649, 0.577198 
3.65, 0.577389 
3.651, 0.57758 
3.652, 0.577771 
3.653, 0.577961 
3.654, 0.578152 
3.655, 0.578342 
3.656, 0.578532 
3.657, 0.578722 
3.658, 0.578912 
3.659, 0.579102 
3.66, 0.579292 
3.661, 0.579481 
3.662, 0.579671 
3.663, 0.57986 
3.664, 0.580049 
3.665, 0.580239 
3.666, 0.580428 
3.667, 0.580616 
3.668, 0.580805 
3.669, 0.580994 
3.67, 0.581183 
3.671, 0.581371 
3.672, 0.581559 
3.673, 0.581748 
3.674, 0.581936 
3.675, 0.582124 
3.676, 0.582312 
3.677, 0.582499 
3.678, 0.582687 
3.679, 0.582875 
3.68, 0.583062 
3.681, 0.583249 
3.682, 0.583437 
3.683, 0.583624 
3.684, 0.583811 
3.685, 0.583998 
3.686, 0.584184 
3.687, 0.584371 
3.688, 0.584557 
3.689, 0.584744 
3.69, 0.58493 
3.691, 0.585116 
3.692, 0.585302 
3.693, 0.585488 
3.694, 0.585674 
3.695, 0.58586 
3.696, 0.586046 
3.697, 0.586231 
3.698, 0.586417 
3.699, 0.586602 
3.7, 0.586787 
3.701, 0.586972 
3.702, 0.587157 
3.703, 0.587342 
3.704, 0.587527 
3.705, 0.587711 
3.706, 0.587896 
3.707, 0.58808 
3.708, 0.588265 
3.709, 0.588449 
3.71, 0.588633 
3.711, 0.588817 
3.712, 0.589001 
3.713, 0.589185 
3.714, 0.589368 
3.715, 0.589552 
3.716, 0.589735 
3.717, 0.589918 
3.718, 0.590102 
3.719, 0.590285 
3.72, 0.590468 
3.721, 0.590651 
3.722, 0.590833 
3.723, 0.591016 
3.724, 0.591198 
3.725, 0.591381 
3.726, 0.591563 
3.727, 0.591745 
3.728, 0.591927 
3.729, 0.592109 
3.73, 0.592291 
3.731, 0.592473 
3.732, 0.592655 
3.733, 0.592836 
3.734, 0.593018 
3.735, 0.593199 
3.736, 0.59338 
3.737, 0.593561 
3.738, 0.593742 
3.739, 0.593923 
3.74, 0.594104 
3.741, 0.594285 
3.742, 0.594465 
3.743, 0.594646 
3.744, 0.594826 
3.745, 0.595006 
3.746, 0.595187 
3.747, 0.595367 
3.748, 0.595546 
3.749, 0.595726 
3.75, 0.595906 
3.751, 0.596086 
3.752, 0.596265 
3.753, 0.596444 
3.754, 0.596624 
3.755, 0.596803 
3.756, 0.596982 
3.757, 0.597161 
3.758, 0.59734 
3.759, 0.597518 
3.76, 0.597697 
3.761, 0.597876 
3.762, 0.598054 
3.763, 0.598232 
3.764, 0.59841 
3.765, 0.598589 
3.766, 0.598767 
3.767, 0.598944 
3.768, 0.599122 
3.769, 0.5993 
3.77, 0.599477 
3.771, 0.599655 
3.772, 0.599832 
3.773, 0.600009 
3.774, 0.600187 
3.775, 0.600364 
3.776, 0.60054 
3.777, 0.600717 
3.778, 0.600894 
3.779, 0.601071 
3.78, 0.601247 
3.781, 0.601423 
3.782, 0.6016 
3.783, 0.601776 
3.784, 0.601952 
3.785, 0.602128 
3.786, 0.602304 
3.787, 0.60248 
3.788, 0.602655 
3.789, 0.602831 
3.79, 0.603006 
3.791, 0.603181 
3.792, 0.603357 
3.793, 0.603532 
3.794, 0.603707 
3.795, 0.603882 
3.796, 0.604057 
3.797, 0.604231 
3.798, 0.604406 
3.799, 0.60458 
3.8, 0.604755 
3.801, 0.604929 
3.802, 0.605103 
3.803, 0.605277 
3.804, 0.605451 
3.805, 0.605625 
3.806, 0.605799 
3.807, 0.605973 
3.808, 0.606146 
3.809, 0.60632 
3.81, 0.606493 
3.811, 0.606666 
3.812, 0.606839 
3.813, 0.607012 
3.814, 0.607185 
3.815, 0.607358 
3.816, 0.607531 
3.817, 0.607703 
3.818, 0.607876 
3.819, 0.608048 
3.82, 0.608221 
3.821, 0.608393 
3.822, 0.608565 
3.823, 0.608737 
3.824, 0.608909 
3.825, 0.609081 
3.826, 0.609252 
3.827, 0.609424 
3.828, 0.609595 
3.829, 0.609767 
3.83, 0.609938 
3.831, 0.610109 
3.832, 0.61028 
3.833, 0.610451 
3.834, 0.610622 
3.835, 0.610793 
3.836, 0.610964 
3.837, 0.611134 
3.838, 0.611305 
3.839, 0.611475 
3.84, 0.611645 
3.841, 0.611815 
3.842, 0.611985 
3.843, 0.612155 
3.844, 0.612325 
3.845, 0.612495 
3.846, 0.612665 
3.847, 0.612834 
3.848, 0.613004 
3.849, 0.613173 
3.85, 0.613342 
3.851, 0.613511 
3.852, 0.613681 
3.853, 0.613849 
3.854, 0.614018 
3.855, 0.614187 
3.856, 0.614356 
3.857, 0.614524 
3.858, 0.614693 
3.859, 0.614861 
3.86, 0.615029 
3.861, 0.615197 
3.862, 0.615365 
3.863, 0.615533 
3.864, 0.615701 
3.865, 0.615869 
3.866, 0.616037 
3.867, 0.616204 
3.868, 0.616372 
3.869, 0.616539 
3.87, 0.616706 
3.871, 0.616873 
3.872, 0.61704 
3.873, 0.617207 
3.874, 0.617374 
3.875, 0.617541 
3.876, 0.617708 
3.877, 0.617874 
3.878, 0.618041 
3.879, 0.618207 
3.88, 0.618373 
3.881, 0.618539 
3.882, 0.618705 
3.883, 0.618871 
3.884, 0.619037 
3.885, 0.619203 
3.886, 0.619368 
3.887, 0.619534 
3.888, 0.6197 
3.889, 0.619865 
3.89, 0.62003 
3.891, 0.620195 
3.892, 0.62036 
3.893, 0.620525 
3.894, 0.62069 
3.895, 0.620855 
3.896, 0.62102 
3.897, 0.621184 
3.898, 0.621349 
3.899, 0.621513 
3.9, 0.621677 
3.901, 0.621842 
3.902, 0.622006 
3.903, 0.62217 
3.904, 0.622333 
3.905, 0.622497 
3.906, 0.622661 
3.907, 0.622825 
3.908, 0.622988 
3.909, 0.623151 
3.91, 0.623315 
3.911, 0.623478 
3.912, 0.623641 
3.913, 0.623804 
3.914, 0.623967 
3.915, 0.62413 
3.916, 0.624293 
3.917, 0.624455 
3.918, 0.624618 
3.919, 0.62478 
3.92, 0.624943 
3.921, 0.625105 
3.922, 0.625267 
3.923, 0.625429 
3.924, 0.625591 
3.925, 0.625753 
3.926, 0.625915 
3.927, 0.626076 
3.928, 0.626238 
3.929, 0.626399 
3.93, 0.626561 
3.931, 0.626722 
3.932, 0.626883 
3.933, 0.627044 
3.934, 0.627205 
3.935, 0.627366 
3.936, 0.627527 
3.937, 0.627688 
3.938, 0.627848 
3.939, 0.628009 
3.94, 0.628169 
3.941, 0.628329 
3.942, 0.62849 
3.943, 0.62865 
3.944, 0.62881 
3.945, 0.62897 
3.946, 0.62913 
3.947, 0.629289 
3.948, 0.629449 
3.949, 0.629609 
3.95, 0.629768 
3.951, 0.629928 
3.952, 0.630087 
3.953, 0.630246 
3.954, 0.630405 
3.955, 0.630564 
3.956, 0.630723 
3.957, 0.630882 
3.958, 0.631041 
3.959, 0.631199 
3.96, 0.631358 
3.961, 0.631516 
3.962, 0.631675 
3.963, 0.631833 
3.964, 0.631991 
3.965, 0.632149 
3.966, 0.632307 
3.967, 0.632465 
3.968, 0.632623 
3.969, 0.63278 
3.97, 0.632938 
3.971, 0.633095 
3.972, 0.633253 
3.973, 0.63341 
3.974, 0.633567 
3.975, 0.633725 
3.976, 0.633882 
3.977, 0.634039 
3.978, 0.634195 
3.979, 0.634352 
3.98, 0.634509 
3.981, 0.634665 
3.982, 0.634822 
3.983, 0.634978 
3.984, 0.635135 
3.985, 0.635291 
3.986, 0.635447 
3.987, 0.635603 
3.988, 0.635759 
3.989, 0.635915 
3.99, 0.636071 
3.991, 0.636226 
3.992, 0.636382 
3.993, 0.636537 
3.994, 0.636693 
3.995, 0.636848 
3.996, 0.637003 
3.997, 0.637158 
3.998, 0.637313 
3.999, 0.637468 
4, 0.637623 
4.001, 0.637778 
4.002, 0.637932 
4.003, 0.638087 
4.004, 0.638241 
4.005, 0.638396 
4.006, 0.63855 
4.007, 0.638704 
4.008, 0.638858 
4.009, 0.639012 
4.01, 0.639166 
4.011, 0.63932 
4.012, 0.639474 
4.013, 0.639628 
4.014, 0.639781 
4.015, 0.639935 
4.016, 0.640088 
4.017, 0.640241 
4.018, 0.640394 
4.019, 0.640548 
4.02, 0.640701 
4.021, 0.640854 
4.022, 0.641006 
4.023, 0.641159 
4.024, 0.641312 
4.025, 0.641464 
4.026, 0.641617 
4.027, 0.641769 
4.028, 0.641922 
4.029, 0.642074 
4.03, 0.642226 
4.031, 0.642378 
4.032, 0.64253 
4.033, 0.642682 
4.034, 0.642833 
4.035, 0.642985 
4.036, 0.643137 
4.037, 0.643288 
4.038, 0.64344 
4.039, 0.643591 
4.04, 0.643742 
4.041, 0.643893 
4.042, 0.644044 
4.043, 0.644195 
4.044, 0.644346 
4.045, 0.644497 
4.046, 0.644648 
4.047, 0.644798 
4.048, 0.644949 
4.049, 0.645099 
4.05, 0.64525 
4.051, 0.6454 
4.052, 0.64555 
4.053, 0.6457 
4.054, 0.64585 
4.055, 0.646 
4.056, 0.64615 
4.057, 0.6463 
4.058, 0.646449 
4.059, 0.646599 
4.06, 0.646748 
4.061, 0.646898 
4.062, 0.647047 
4.063, 0.647196 
4.064, 0.647345 
4.065, 0.647494 
4.066, 0.647643 
4.067, 0.647792 
4.068, 0.647941 
4.069, 0.64809 
4.07, 0.648238 
4.071, 0.648387 
4.072, 0.648535 
4.073, 0.648683 
4.074, 0.648832 
4.075, 0.64898 
4.076, 0.649128 
4.077, 0.649276 
4.078, 0.649424 
4.079, 0.649572 
4.08, 0.649719 
4.081, 0.649867 
4.082, 0.650015 
4.083, 0.650162 
4.084, 0.650309 
4.085, 0.650457 
4.086, 0.650604 
4.087, 0.650751 
4.088, 0.650898 
4.089, 0.651045 
4.09, 0.651192 
4.091, 0.651339 
4.092, 0.651485 
4.093, 0.651632 
4.094, 0.651779 
4.095, 0.651925 
4.096, 0.652071 
4.097, 0.652218 
4.098, 0.652364 
4.099, 0.65251 
4.1, 0.652656 
4.101, 0.652802 
4.102, 0.652948 
4.103, 0.653093 
4.104, 0.653239 
4.105, 0.653385 
4.106, 0.65353 
4.107, 0.653676 
4.108, 0.653821 
4.109, 0.653966 
4.11, 0.654111 
4.111, 0.654257 
4.112, 0.654401 
4.113, 0.654546 
4.114, 0.654691 
4.115, 0.654836 
4.116, 0.654981 
4.117, 0.655125 
4.118, 0.65527 
4.119, 0.655414 
4.12, 0.655558 
4.121, 0.655703 
4.122, 0.655847 
4.123, 0.655991 
4.124, 0.656135 
4.125, 0.656279 
4.126, 0.656423 
4.127, 0.656566 
4.128, 0.65671 
4.129, 0.656854 
4.13, 0.656997 
4.131, 0.65714 
4.132, 0.657284 
4.133, 0.657427 
4.134, 0.65757 
4.135, 0.657713 
4.136, 0.657856 
4.137, 0.657999 
4.138, 0.658142 
4.139, 0.658285 
4.14, 0.658427 
4.141, 0.65857 
4.142, 0.658712 
4.143, 0.658855 
4.144, 0.658997 
4.145, 0.659139 
4.146, 0.659281 
4.147, 0.659424 
4.148, 0.659566 
4.149, 0.659707 
4.15, 0.659849 
4.151, 0.659991 
4.152, 0.660133 
4.153, 0.660274 
4.154, 0.660416 
4.155, 0.660557 
4.156, 0.660698 
4.157, 0.66084 
4.158, 0.660981 
4.159, 0.661122 
4.16, 0.661263 
4.161, 0.661404 
4.162, 0.661545 
4.163, 0.661686 
4.164, 0.661826 
4.165, 0.661967 
4.166, 0.662107 
4.167, 0.662248 
4.168, 0.662388 
4.169, 0.662528 
4.17, 0.662669 
4.171, 0.662809 
4.172, 0.662949 
4.173, 0.663089 
4.174, 0.663228 
4.175, 0.663368 
4.176, 0.663508 
4.177, 0.663648 
4.178, 0.663787 
4.179, 0.663927 
4.18, 0.664066 
4.181, 0.664205 
4.182, 0.664345 
4.183, 0.664484 
4.184, 0.664623 
4.185, 0.664762 
4.186, 0.664901 
4.187, 0.665039 
4.188, 0.665178 
4.189, 0.665317 
4.19, 0.665455 
4.191, 0.665594 
4.192, 0.665732 
4.193, 0.665871 
4.194, 0.666009 
4.195, 0.666147 
4.196, 0.666285 
4.197, 0.666423 
4.198, 0.666561 
4.199, 0.666699 
4.2, 0.666837 
4.201, 0.666974 
4.202, 0.667112 
4.203, 0.66725 
4.204, 0.667387 
4.205, 0.667524 
4.206, 0.667662 
4.207, 0.667799 
4.208, 0.667936 
4.209, 0.668073 
4.21, 0.66821 
4.211, 0.668347 
4.212, 0.668484 
4.213, 0.668621 
4.214, 0.668757 
4.215, 0.668894 
4.216, 0.66903 
4.217, 0.669167 
4.218, 0.669303 
4.219, 0.669439 
4.22, 0.669576 
4.221, 0.669712 
4.222, 0.669848 
4.223, 0.669984 
4.224, 0.67012 
4.225, 0.670256 
4.226, 0.670391 
4.227, 0.670527 
4.228, 0.670662 
4.229, 0.670798 
4.23, 0.670933 
4.231, 0.671069 
4.232, 0.671204 
4.233, 0.671339 
4.234, 0.671474 
4.235, 0.671609 
4.236, 0.671744 
4.237, 0.671879 
4.238, 0.672014 
4.239, 0.672149 
4.24, 0.672283 
4.241, 0.672418 
4.242, 0.672552 
4.243, 0.672687 
4.244, 0.672821 
4.245, 0.672955 
4.246, 0.673089 
4.247, 0.673224 
4.248, 0.673358 
4.249, 0.673492 
4.25, 0.673625 
4.251, 0.673759 
4.252, 0.673893 
4.253, 0.674027 
4.254, 0.67416 
4.255, 0.674294 
4.256, 0.674427 
4.257, 0.67456 
4.258, 0.674694 
4.259, 0.674827 
4.26, 0.67496 
4.261, 0.675093 
4.262, 0.675226 
4.263, 0.675359 
4.264, 0.675492 
4.265, 0.675624 
4.266, 0.675757 
4.267, 0.675889 
4.268, 0.676022 
4.269, 0.676154 
4.27, 0.676287 
4.271, 0.676419 
4.272, 0.676551 
4.273, 0.676683 
4.274, 0.676815 
4.275, 0.676947 
4.276, 0.677079 
4.277, 0.677211 
4.278, 0.677343 
4.279, 0.677474 
4.28, 0.677606 
4.281, 0.677737 
4.282, 0.677869 
4.283, 0.678 
4.284, 0.678132 
4.285, 0.678263 
4.286, 0.678394 
4.287, 0.678525 
4.288, 0.678656 
4.289, 0.678787 
4.29, 0.678918 
4.291, 0.679048 
4.292, 0.679179 
4.293, 0.67931 
4.294, 0.67944 
4.295, 0.679571 
4.296, 0.679701 
4.297, 0.679831 
4.298, 0.679962 
4.299, 0.680092 
4.3, 0.680222 
4.301, 0.680352 
4.302, 0.680482 
4.303, 0.680612 
4.304, 0.680742 
4.305, 0.680871 
4.306, 0.681001 
4.307, 0.681131 
4.308, 0.68126 
4.309, 0.681389 
4.31, 0.681519 
4.311, 0.681648 
4.312, 0.681777 
4.313, 0.681906 
4.314, 0.682035 
4.315, 0.682164 
4.316, 0.682293 
4.317, 0.682422 
4.318, 0.682551 
4.319, 0.68268 
4.32, 0.682808 
4.321, 0.682937 
4.322, 0.683065 
4.323, 0.683194 
4.324, 0.683322 
4.325, 0.68345 
4.326, 0.683578 
4.327, 0.683707 
4.328, 0.683835 
4.329, 0.683963 
4.33, 0.68409 
4.331, 0.684218 
4.332, 0.684346 
4.333, 0.684474 
4.334, 0.684601 
4.335, 0.684729 
4.336, 0.684856 
4.337, 0.684984 
4.338, 0.685111 
4.339, 0.685238 
4.34, 0.685365 
4.341, 0.685492 
4.342, 0.685619 
4.343, 0.685746 
4.344, 0.685873 
4.345, 0.686 
4.346, 0.686127 
4.347, 0.686253 
4.348, 0.68638 
4.349, 0.686506 
4.35, 0.686633 
4.351, 0.686759 
4.352, 0.686886 
4.353, 0.687012 
4.354, 0.687138 
4.355, 0.687264 
4.356, 0.68739 
4.357, 0.687516 
4.358, 0.687642 
4.359, 0.687768 
4.36, 0.687893 
4.361, 0.688019 
4.362, 0.688145 
4.363, 0.68827 
4.364, 0.688396 
4.365, 0.688521 
4.366, 0.688646 
4.367, 0.688771 
4.368, 0.688897 
4.369, 0.689022 
4.37, 0.689147 
4.371, 0.689272 
4.372, 0.689397 
4.373, 0.689521 
4.374, 0.689646 
4.375, 0.689771 
4.376, 0.689895 
4.377, 0.69002 
4.378, 0.690144 
4.379, 0.690269 
4.38, 0.690393 
4.381, 0.690517 
4.382, 0.690641 
4.383, 0.690766 
4.384, 0.69089 
4.385, 0.691014 
4.386, 0.691137 
4.387, 0.691261 
4.388, 0.691385 
4.389, 0.691509 
4.39, 0.691632 
4.391, 0.691756 
4.392, 0.691879 
4.393, 0.692003 
4.394, 0.692126 
4.395, 0.692249 
4.396, 0.692372 
4.397, 0.692496 
4.398, 0.692619 
4.399, 0.692742 
4.4, 0.692865 
4.401, 0.692987 
4.402, 0.69311 
4.403, 0.693233 
4.404, 0.693356 
4.405, 0.693478 
4.406, 0.693601 
4.407, 0.693723 
4.408, 0.693845 
4.409, 0.693968 
4.41, 0.69409 
4.411, 0.694212 
4.412, 0.694334 
4.413, 0.694456 
4.414, 0.694578 
4.415, 0.6947 
4.416, 0.694822 
4.417, 0.694944 
4.418, 0.695065 
4.419, 0.695187 
4.42, 0.695308 
4.421, 0.69543 
4.422, 0.695551 
4.423, 0.695673 
4.424, 0.695794 
4.425, 0.695915 
4.426, 0.696036 
4.427, 0.696157 
4.428, 0.696278 
4.429, 0.696399 
4.43, 0.69652 
4.431, 0.696641 
4.432, 0.696761 
4.433, 0.696882 
4.434, 0.697003 
4.435, 0.697123 
4.436, 0.697244 
4.437, 0.697364 
4.438, 0.697484 
4.439, 0.697605 
4.44, 0.697725 
4.441, 0.697845 
4.442, 0.697965 
4.443, 0.698085 
4.444, 0.698205 
4.445, 0.698325 
4.446, 0.698444 
4.447, 0.698564 
4.448, 0.698684 
4.449, 0.698803 
4.45, 0.698923 
4.451, 0.699042 
4.452, 0.699162 
4.453, 0.699281 
4.454, 0.6994 
4.455, 0.699519 
4.456, 0.699639 
4.457, 0.699758 
4.458, 0.699877 
4.459, 0.699995 
4.46, 0.700114 
4.461, 0.700233 
4.462, 0.700352 
4.463, 0.70047 
4.464, 0.700589 
4.465, 0.700707 
4.466, 0.700826 
4.467, 0.700944 
4.468, 0.701063 
4.469, 0.701181 
4.47, 0.701299 
4.471, 0.701417 
4.472, 0.701535 
4.473, 0.701653 
4.474, 0.701771 
4.475, 0.701889 
4.476, 0.702007 
4.477, 0.702124 
4.478, 0.702242 
4.479, 0.70236 
4.48, 0.702477 
4.481, 0.702595 
4.482, 0.702712 
4.483, 0.702829 
4.484, 0.702947 
4.485, 0.703064 
4.486, 0.703181 
4.487, 0.703298 
4.488, 0.703415 
4.489, 0.703532 
4.49, 0.703649 
4.491, 0.703766 
4.492, 0.703882 
4.493, 0.703999 
4.494, 0.704116 
4.495, 0.704232 
4.496, 0.704349 
4.497, 0.704465 
4.498, 0.704581 
4.499, 0.704698 
4.5, 0.704814 
4.501, 0.70493 
4.502, 0.705046 
4.503, 0.705162 
4.504, 0.705278 
4.505, 0.705394 
4.506, 0.70551 
4.507, 0.705625 
4.508, 0.705741 
4.509, 0.705857 
4.51, 0.705972 
4.511, 0.706088 
4.512, 0.706203 
4.513, 0.706319 
4.514, 0.706434 
4.515, 0.706549 
4.516, 0.706664 
4.517, 0.70678 
4.518, 0.706895 
4.519, 0.70701 
4.52, 0.707124 
4.521, 0.707239 
4.522, 0.707354 
4.523, 0.707469 
4.524, 0.707584 
4.525, 0.707698 
4.526, 0.707813 
4.527, 0.707927 
4.528, 0.708042 
4.529, 0.708156 
4.53, 0.70827 
4.531, 0.708384 
4.532, 0.708499 
4.533, 0.708613 
4.534, 0.708727 
4.535, 0.708841 
4.536, 0.708955 
4.537, 0.709069 
4.538, 0.709182 
4.539, 0.709296 
4.54, 0.70941 
4.541, 0.709523 
4.542, 0.709637 
4.543, 0.70975 
4.544, 0.709864 
4.545, 0.709977 
4.546, 0.71009 
4.547, 0.710204 
4.548, 0.710317 
4.549, 0.71043 
4.55, 0.710543 
4.551, 0.710656 
4.552, 0.710769 
4.553, 0.710882 
4.554, 0.710994 
4.555, 0.711107 
4.556, 0.71122 
4.557, 0.711332 
4.558, 0.711445 
4.559, 0.711557 
4.56, 0.71167 
4.561, 0.711782 
4.562, 0.711894 
4.563, 0.712007 
4.564, 0.712119 
4.565, 0.712231 
4.566, 0.712343 
4.567, 0.712455 
4.568, 0.712567 
4.569, 0.712679 
4.57, 0.71279 
4.571, 0.712902 
4.572, 0.713014 
4.573, 0.713125 
4.574, 0.713237 
4.575, 0.713348 
4.576, 0.71346 
4.577, 0.713571 
4.578, 0.713682 
4.579, 0.713794 
4.58, 0.713905 
4.581, 0.714016 
4.582, 0.714127 
4.583, 0.714238 
4.584, 0.714349 
4.585, 0.71446 
4.586, 0.714571 
4.587, 0.714681 
4.588, 0.714792 
4.589, 0.714903 
4.59, 0.715013 
4.591, 0.715124 
4.592, 0.715234 
4.593, 0.715345 
4.594, 0.715455 
4.595, 0.715565 
4.596, 0.715675 
4.597, 0.715785 
4.598, 0.715895 
4.599, 0.716006 
4.6, 0.716115 
4.601, 0.716225 
4.602, 0.716335 
4.603, 0.716445 
4.604, 0.716555 
4.605, 0.716664 
4.606, 0.716774 
4.607, 0.716883 
4.608, 0.716993 
4.609, 0.717102 
4.61, 0.717212 
4.611, 0.717321 
4.612, 0.71743 
4.613, 0.717539 
4.614, 0.717648 
4.615, 0.717758 
4.616, 0.717867 
4.617, 0.717975 
4.618, 0.718084 
4.619, 0.718193 
4.62, 0.718302 
4.621, 0.718411 
4.622, 0.718519 
4.623, 0.718628 
4.624, 0.718736 
4.625, 0.718845 
4.626, 0.718953 
4.627, 0.719062 
4.628, 0.71917 
4.629, 0.719278 
4.63, 0.719386 
4.631, 0.719494 
4.632, 0.719602 
4.633, 0.71971 
4.634, 0.719818 
4.635, 0.719926 
4.636, 0.720034 
4.637, 0.720142 
4.638, 0.720249 
4.639, 0.720357 
4.64, 0.720464 
4.641, 0.720572 
4.642, 0.720679 
4.643, 0.720787 
4.644, 0.720894 
4.645, 0.721001 
4.646, 0.721109 
4.647, 0.721216 
4.648, 0.721323 
4.649, 0.72143 
4.65, 0.721537 
4.651, 0.721644 
4.652, 0.721751 
4.653, 0.721858 
4.654, 0.721964 
4.655, 0.722071 
4.656, 0.722178 
4.657, 0.722284 
4.658, 0.722391 
4.659, 0.722497 
4.66, 0.722604 
4.661, 0.72271 
4.662, 0.722816 
4.663, 0.722922 
4.664, 0.723029 
4.665, 0.723135 
4.666, 0.723241 
4.667, 0.723347 
4.668, 0.723453 
4.669, 0.723559 
4.67, 0.723664 
4.671, 0.72377 
4.672, 0.723876 
4.673, 0.723981 
4.674, 0.724087 
4.675, 0.724193 
4.676, 0.724298 
4.677, 0.724403 
4.678, 0.724509 
4.679, 0.724614 
4.68, 0.724719 
4.681, 0.724825 
4.682, 0.72493 
4.683, 0.725035 
4.684, 0.72514 
4.685, 0.725245 
4.686, 0.72535 
4.687, 0.725454 
4.688, 0.725559 
4.689, 0.725664 
4.69, 0.725769 
4.691, 0.725873 
4.692, 0.725978 
4.693, 0.726082 
4.694, 0.726187 
4.695, 0.726291 
4.696, 0.726395 
4.697, 0.7265 
4.698, 0.726604 
4.699, 0.726708 
4.7, 0.726812 
4.701, 0.726916 
4.702, 0.72702 
4.703, 0.727124 
4.704, 0.727228 
4.705, 0.727332 
4.706, 0.727436 
4.707, 0.727539 
4.708, 0.727643 
4.709, 0.727747 
4.71, 0.72785 
4.711, 0.727954 
4.712, 0.728057 
4.713, 0.728161 
4.714, 0.728264 
4.715, 0.728367 
4.716, 0.72847 
4.717, 0.728573 
4.718, 0.728677 
4.719, 0.72878 
4.72, 0.728883 
4.721, 0.728985 
4.722, 0.729088 
4.723, 0.729191 
4.724, 0.729294 
4.725, 0.729397 
4.726, 0.729499 
4.727, 0.729602 
4.728, 0.729704 
4.729, 0.729807 
4.73, 0.729909 
4.731, 0.730012 
4.732, 0.730114 
4.733, 0.730216 
4.734, 0.730318 
4.735, 0.730421 
4.736, 0.730523 
4.737, 0.730625 
4.738, 0.730727 
4.739, 0.730829 
4.74, 0.730931 
4.741, 0.731032 
4.742, 0.731134 
4.743, 0.731236 
4.744, 0.731338 
4.745, 0.731439 
4.746, 0.731541 
4.747, 0.731642 
4.748, 0.731744 
4.749, 0.731845 
4.75, 0.731946 
4.751, 0.732048 
4.752, 0.732149 
4.753, 0.73225 
4.754, 0.732351 
4.755, 0.732452 
4.756, 0.732553 
4.757, 0.732654 
4.758, 0.732755 
4.759, 0.732856 
4.76, 0.732957 
4.761, 0.733057 
4.762, 0.733158 
4.763, 0.733259 
4.764, 0.733359 
4.765, 0.73346 
4.766, 0.73356 
4.767, 0.733661 
4.768, 0.733761 
4.769, 0.733861 
4.77, 0.733961 
4.771, 0.734062 
4.772, 0.734162 
4.773, 0.734262 
4.774, 0.734362 
4.775, 0.734462 
4.776, 0.734562 
4.777, 0.734662 
4.778, 0.734761 
4.779, 0.734861 
4.78, 0.734961 
4.781, 0.73506 
4.782, 0.73516 
4.783, 0.73526 
4.784, 0.735359 
4.785, 0.735459 
4.786, 0.735558 
4.787, 0.735657 
4.788, 0.735757 
4.789, 0.735856 
4.79, 0.735955 
4.791, 0.736054 
4.792, 0.736153 
4.793, 0.736252 
4.794, 0.736351 
4.795, 0.73645 
4.796, 0.736549 
4.797, 0.736648 
4.798, 0.736746 
4.799, 0.736845 
4.8, 0.736944 
4.801, 0.737042 
4.802, 0.737141 
4.803, 0.737239 
4.804, 0.737338 
4.805, 0.737436 
4.806, 0.737534 
4.807, 0.737633 
4.808, 0.737731 
4.809, 0.737829 
4.81, 0.737927 
4.811, 0.738025 
4.812, 0.738123 
4.813, 0.738221 
4.814, 0.738319 
4.815, 0.738417 
4.816, 0.738515 
4.817, 0.738613 
4.818, 0.73871 
4.819, 0.738808 
4.82, 0.738905 
4.821, 0.739003 
4.822, 0.7391 
4.823, 0.739198 
4.824, 0.739295 
4.825, 0.739393 
4.826, 0.73949 
4.827, 0.739587 
4.828, 0.739684 
4.829, 0.739781 
4.83, 0.739878 
4.831, 0.739975 
4.832, 0.740072 
4.833, 0.740169 
4.834, 0.740266 
4.835, 0.740363 
4.836, 0.74046 
4.837, 0.740556 
4.838, 0.740653 
4.839, 0.74075 
4.84, 0.740846 
4.841, 0.740943 
4.842, 0.741039 
4.843, 0.741136 
4.844, 0.741232 
4.845, 0.741328 
4.846, 0.741425 
4.847, 0.741521 
4.848, 0.741617 
4.849, 0.741713 
4.85, 0.741809 
4.851, 0.741905 
4.852, 0.742001 
4.853, 0.742097 
4.854, 0.742193 
4.855, 0.742288 
4.856, 0.742384 
4.857, 0.74248 
4.858, 0.742575 
4.859, 0.742671 
4.86, 0.742767 
4.861, 0.742862 
4.862, 0.742958 
4.863, 0.743053 
4.864, 0.743148 
4.865, 0.743243 
4.866, 0.743339 
4.867, 0.743434 
4.868, 0.743529 
4.869, 0.743624 
4.87, 0.743719 
4.871, 0.743814 
4.872, 0.743909 
4.873, 0.744004 
4.874, 0.744099 
4.875, 0.744193 
4.876, 0.744288 
4.877, 0.744383 
4.878, 0.744477 
4.879, 0.744572 
4.88, 0.744667 
4.881, 0.744761 
4.882, 0.744855 
4.883, 0.74495 
4.884, 0.745044 
4.885, 0.745138 
4.886, 0.745233 
4.887, 0.745327 
4.888, 0.745421 
4.889, 0.745515 
4.89, 0.745609 
4.891, 0.745703 
4.892, 0.745797 
4.893, 0.745891 
4.894, 0.745985 
4.895, 0.746078 
4.896, 0.746172 
4.897, 0.746266 
4.898, 0.746359 
4.899, 0.746453 
4.9, 0.746547 
4.901, 0.74664 
4.902, 0.746733 
4.903, 0.746827 
4.904, 0.74692 
4.905, 0.747013 
4.906, 0.747107 
4.907, 0.7472 
4.908, 0.747293 
4.909, 0.747386 
4.91, 0.747479 
4.911, 0.747572 
4.912, 0.747665 
4.913, 0.747758 
4.914, 0.747851 
4.915, 0.747943 
4.916, 0.748036 
4.917, 0.748129 
4.918, 0.748222 
4.919, 0.748314 
4.92, 0.748407 
4.921, 0.748499 
4.922, 0.748592 
4.923, 0.748684 
4.924, 0.748776 
4.925, 0.748869 
4.926, 0.748961 
4.927, 0.749053 
4.928, 0.749145 
4.929, 0.749237 
4.93, 0.749329 
4.931, 0.749421 
4.932, 0.749513 
4.933, 0.749605 
4.934, 0.749697 
4.935, 0.749789 
4.936, 0.749881 
4.937, 0.749972 
4.938, 0.750064 
4.939, 0.750156 
4.94, 0.750247 
4.941, 0.750339 
4.942, 0.75043 
4.943, 0.750522 
4.944, 0.750613 
4.945, 0.750704 
4.946, 0.750796 
4.947, 0.750887 
4.948, 0.750978 
4.949, 0.751069 
4.95, 0.75116 
4.951, 0.751251 
4.952, 0.751342 
4.953, 0.751433 
4.954, 0.751524 
4.955, 0.751615 
4.956, 0.751706 
4.957, 0.751797 
4.958, 0.751887 
4.959, 0.751978 
4.96, 0.752069 
4.961, 0.752159 
4.962, 0.75225 
4.963, 0.75234 
4.964, 0.752431 
4.965, 0.752521 
4.966, 0.752611 
4.967, 0.752702 
4.968, 0.752792 
4.969, 0.752882 
4.97, 0.752972 
4.971, 0.753062 
4.972, 0.753152 
4.973, 0.753242 
4.974, 0.753332 
4.975, 0.753422 
4.976, 0.753512 
4.977, 0.753602 
4.978, 0.753692 
4.979, 0.753781 
4.98, 0.753871 
4.981, 0.753961 
4.982, 0.75405 
4.983, 0.75414 
4.984, 0.754229 
4.985, 0.754319 
4.986, 0.754408 
4.987, 0.754498 
4.988, 0.754587 
4.989, 0.754676 
4.99, 0.754765 
4.991, 0.754854 
4.992, 0.754944 
4.993, 0.755033 
4.994, 0.755122 
4.995, 0.755211 
4.996, 0.7553 
4.997, 0.755388 
4.998, 0.755477 
4.999, 0.755566 
