0, -nan 
0.001, 0.62044 
0.002, 0.852174 
0.003, 0.442981 
0.004, 0.042517 
0.005, 0.584603 
0.006, 0.138609 
0.007, 0.0551146 
0.008, 0.36865 
0.009, 0.497952 
0.01, 0.0494214 
0.011, 0.350676 
0.012, 0.640107 
0.013, 0.902558 
0.014, 0.208277 
0.015, 0.509806 
0.016, 0.0997953 
0.017, 0.269952 
0.018, 0.376967 
0.019, 0.578316 
0.02, 0.465865 
0.021, 0.746636 
0.022, 0.742417 
0.023, 0.0502364 
0.024, 0.871202 
0.025, 0.598757 
0.026, 0.0336781 
0.027, 0.0899087 
0.028, 0.206247 
0.029, 0.16493 
0.03, 0.0304085 
0.031, 0.0596948 
0.032, 0.484359 
0.033, 0.779349 
0.034, 0.229515 
0.035, 0.139823 
0.036, 0.687586 
0.037, 0.0484901 
0.038, 0.512592 
0.039, 0.184253 
0.04, 0.415146 
0.041, 0.157971 
0.042, 0.479548 
0.043, 0.0410359 
0.044, 0.530837 
0.045, 0.103729 
0.046, 0.272428 
0.047, 0.455201 
0.048, 0.0389075 
0.049, 0.327938 
0.05, 0.451755 
0.051, 0.0640863 
0.052, 0.209646 
0.053, 0.509285 
0.054, 0.245951 
0.055, 0.0329473 
0.056, 0.32708 
0.057, 0.522079 
0.058, 0.251876 
0.059, 0.0239989 
0.06, 0.231083 
0.061, 0.526972 
0.062, 0.458809 
0.063, 0.142276 
0.064, 0.0252511 
0.065, 0.256269 
0.066, 0.540462 
0.067, 0.546717 
0.068, 0.282392 
0.069, 0.0396304 
0.07, 0.0628048 
0.071, 0.321484 
0.072, 0.575297 
0.073, 0.609778 
0.074, 0.408856 
0.075, 0.140624 
0.076, 0.00762402 
0.077, 0.0988913 
0.078, 0.345123 
0.079, 0.584347 
0.08, 0.673495 
0.081, 0.569535 
0.082, 0.340281 
0.083, 0.113701 
0.084, 0.00491383 
0.085, 0.0618589 
0.086, 0.251695 
0.087, 0.485822 
0.088, 0.664753 
0.089, 0.720065 
0.09, 0.63718 
0.091, 0.454037 
0.092, 0.240902 
0.093, 0.0721721 
0.094, 0.00130563 
0.095, 0.046468 
0.096, 0.189321 
0.097, 0.384815 
0.098, 0.577063 
0.099, 0.71572 
0.1, 0.76839 
0.101, 0.72658 
0.102, 0.604936 
0.103, 0.435143 
0.104, 0.256894 
0.105, 0.108452 
0.106, 0.0189053 
0.107, 0.00341239 
0.108, 0.0618704 
0.109, 0.180647 
0.11, 0.33653 
0.111, 0.501795 
0.112, 0.649326 
0.113, 0.756907 
0.114, 0.810153 
0.115, 0.803815 
0.116, 0.74157 
0.117, 0.634551 
0.118, 0.499044 
0.119, 0.353805 
0.12, 0.217422 
0.121, 0.106038 
0.122, 0.0316826 
0.123, 0.00130551 
0.124, 0.0165146 
0.125, 0.0739434 
0.126, 0.166105 
0.127, 0.282564 
0.128, 0.411262 
0.129, 0.539831 
0.13, 0.656774 
0.131, 0.752414 
0.132, 0.819568 
0.133, 0.853917 
0.134, 0.854087 
0.135, 0.821481 
0.136, 0.759909 
0.137, 0.675071 
0.138, 0.573965 
0.139, 0.464264 
0.14, 0.353723 
0.141, 0.249648 
0.142, 0.158452 
0.143, 0.0853304 
0.144, 0.0340458 
0.145, 0.00682705 
0.146, 0.00437449 
0.147, 0.0259549 
0.148, 0.0695678 
0.149, 0.132165 
0.15, 0.209904 
0.151, 0.298413 
0.152, 0.393059 
0.153, 0.489194 
0.154, 0.582384 
0.155, 0.668592 
0.156, 0.744333 
0.157, 0.80678 
0.158, 0.853833 
0.159, 0.884149 
0.16, 0.897133 
0.161, 0.892904 
0.162, 0.872229 
0.163, 0.836445 
0.164, 0.78736 
0.165, 0.727152 
0.166, 0.658263 
0.167, 0.583288 
0.168, 0.504879 
0.169, 0.425652 
0.17, 0.348103 
0.171, 0.274536 
0.172, 0.207013 
0.173, 0.147301 
0.174, 0.0968489 
0.175, 0.0567656 
0.176, 0.0278149 
0.177, 0.01042 
0.178, 0.00467742 
0.179, 0.0103786 
0.18, 0.0270374 
0.181, 0.0539232 
0.182, 0.0900966 
0.183, 0.134448 
0.184, 0.185735 
0.185, 0.242624 
0.186, 0.303724 
0.187, 0.367623 
0.188, 0.432922 
0.189, 0.498264 
0.19, 0.562356 
0.191, 0.623997 
0.192, 0.682092 
0.193, 0.735669 
0.194, 0.783887 
0.195, 0.826045 
0.196, 0.861585 
0.197, 0.890093 
0.198, 0.911296 
0.199, 0.925059 
0.2, 0.931375 
0.201, 0.930361 
0.202, 0.922244 
0.203, 0.907352 
0.204, 0.886101 
0.205, 0.858986 
0.206, 0.826562 
0.207, 0.789438 
0.208, 0.748261 
0.209, 0.703705 
0.21, 0.65646 
0.211, 0.60722 
0.212, 0.556673 
0.213, 0.505497 
0.214, 0.454342 
0.215, 0.403833 
0.216, 0.354556 
0.217, 0.30706 
0.218, 0.261845 
0.219, 0.219364 
0.22, 0.180019 
0.221, 0.144159 
0.222, 0.112079 
0.223, 0.0840216 
0.224, 0.0601746 
0.225, 0.0406744 
0.226, 0.0256067 
0.227, 0.0150087 
0.228, 0.00887153 
0.229, 0.00714323 
0.23, 0.00973154 
0.231, 0.0165073 
0.232, 0.0273078 
0.233, 0.0419404 
0.234, 0.0601857 
0.235, 0.0818018 
0.236, 0.106527 
0.237, 0.134084 
0.238, 0.164183 
0.239, 0.196524 
0.24, 0.230802 
0.241, 0.266708 
0.242, 0.303933 
0.243, 0.34217 
0.244, 0.381116 
0.245, 0.420474 
0.246, 0.459958 
0.247, 0.49929 
0.248, 0.538204 
0.249, 0.576448 
0.25, 0.613786 
0.251, 0.649994 
0.252, 0.684866 
0.253, 0.718212 
0.254, 0.749861 
0.255, 0.779657 
0.256, 0.807464 
0.257, 0.83316 
0.258, 0.856644 
0.259, 0.877831 
0.26, 0.896651 
0.261, 0.913055 
0.262, 0.927004 
0.263, 0.938479 
0.264, 0.947473 
0.265, 0.953994 
0.266, 0.958063 
0.267, 0.959714 
0.268, 0.958991 
0.269, 0.95595 
0.27, 0.950656 
0.271, 0.943185 
0.272, 0.933618 
0.273, 0.922047 
0.274, 0.908568 
0.275, 0.893284 
0.276, 0.876301 
0.277, 0.857732 
0.278, 0.837691 
0.279, 0.816295 
0.28, 0.793665 
0.281, 0.76992 
0.282, 0.745183 
0.283, 0.719575 
0.284, 0.693217 
0.285, 0.666229 
0.286, 0.638729 
0.287, 0.610835 
0.288, 0.58266 
0.289, 0.554316 
0.29, 0.52591 
0.291, 0.49755 
0.292, 0.469334 
0.293, 0.441362 
0.294, 0.413726 
0.295, 0.386515 
0.296, 0.359814 
0.297, 0.333702 
0.298, 0.308256 
0.299, 0.283544 
0.3, 0.259634 
0.301, 0.236586 
0.302, 0.214456 
0.303, 0.193295 
0.304, 0.173149 
0.305, 0.15406 
0.306, 0.136066 
0.307, 0.119198 
0.308, 0.103484 
0.309, 0.0889485 
0.31, 0.0756097 
0.311, 0.0634828 
0.312, 0.0525788 
0.313, 0.0429048 
0.314, 0.0344641 
0.315, 0.0272564 
0.316, 0.021278 
0.317, 0.0165219 
0.318, 0.0129779 
0.319, 0.0106329 
0.32, 0.00947105 
0.321, 0.00947373 
0.322, 0.0106199 
0.323, 0.0128863 
0.324, 0.0162475 
0.325, 0.0206758 
0.326, 0.0261421 
0.327, 0.0326153 
0.328, 0.040063 
0.329, 0.0484513 
0.33, 0.057745 
0.331, 0.067908 
0.332, 0.0789031 
0.333, 0.0906924 
0.334, 0.103237 
0.335, 0.116498 
0.336, 0.130436 
0.337, 0.14501 
0.338, 0.160181 
0.339, 0.175907 
0.34, 0.192149 
0.341, 0.208867 
0.342, 0.22602 
0.343, 0.243568 
0.344, 0.261472 
0.345, 0.279693 
0.346, 0.298191 
0.347, 0.31693 
0.348, 0.335871 
0.349, 0.354978 
0.35, 0.374214 
0.351, 0.393544 
0.352, 0.412934 
0.353, 0.432349 
0.354, 0.451758 
0.355, 0.471127 
0.356, 0.490427 
0.357, 0.509626 
0.358, 0.528697 
0.359, 0.54761 
0.36, 0.56634 
0.361, 0.58486 
0.362, 0.603145 
0.363, 0.621171 
0.364, 0.638916 
0.365, 0.656358 
0.366, 0.673476 
0.367, 0.690251 
0.368, 0.706665 
0.369, 0.722698 
0.37, 0.738337 
0.371, 0.753564 
0.372, 0.768365 
0.373, 0.782728 
0.374, 0.79664 
0.375, 0.810089 
0.376, 0.823065 
0.377, 0.835559 
0.378, 0.847561 
0.379, 0.859065 
0.38, 0.870063 
0.381, 0.88055 
0.382, 0.890521 
0.383, 0.899971 
0.384, 0.908898 
0.385, 0.917297 
0.386, 0.925168 
0.387, 0.93251 
0.388, 0.939321 
0.389, 0.945602 
0.39, 0.951355 
0.391, 0.95658 
0.392, 0.96128 
0.393, 0.965457 
0.394, 0.969115 
0.395, 0.972258 
0.396, 0.974889 
0.397, 0.977015 
0.398, 0.978639 
0.399, 0.979769 
0.4, 0.980409 
0.401, 0.980568 
0.402, 0.98025 
0.403, 0.979465 
0.404, 0.97822 
0.405, 0.976522 
0.406, 0.974381 
0.407, 0.971803 
0.408, 0.9688 
0.409, 0.965378 
0.41, 0.961548 
0.411, 0.95732 
0.412, 0.952702 
0.413, 0.947705 
0.414, 0.942338 
0.415, 0.936613 
0.416, 0.930538 
0.417, 0.924124 
0.418, 0.917382 
0.419, 0.910323 
0.42, 0.902956 
0.421, 0.895292 
0.422, 0.887342 
0.423, 0.879117 
0.424, 0.870627 
0.425, 0.861883 
0.426, 0.852895 
0.427, 0.843674 
0.428, 0.834231 
0.429, 0.824577 
0.43, 0.81472 
0.431, 0.804673 
0.432, 0.794445 
0.433, 0.784047 
0.434, 0.773489 
0.435, 0.76278 
0.436, 0.751931 
0.437, 0.740952 
0.438, 0.729852 
0.439, 0.718642 
0.44, 0.707329 
0.441, 0.695925 
0.442, 0.684438 
0.443, 0.672877 
0.444, 0.661251 
0.445, 0.649569 
0.446, 0.63784 
0.447, 0.626072 
0.448, 0.614273 
0.449, 0.602452 
0.45, 0.590617 
0.451, 0.578775 
0.452, 0.566934 
0.453, 0.555102 
0.454, 0.543286 
0.455, 0.531494 
0.456, 0.519731 
0.457, 0.508006 
0.458, 0.496325 
0.459, 0.484693 
0.46, 0.473119 
0.461, 0.461607 
0.462, 0.450164 
0.463, 0.438796 
0.464, 0.427507 
0.465, 0.416305 
0.466, 0.405193 
0.467, 0.394178 
0.468, 0.383263 
0.469, 0.372454 
0.47, 0.361756 
0.471, 0.351173 
0.472, 0.340709 
0.473, 0.330368 
0.474, 0.320154 
0.475, 0.310072 
0.476, 0.300124 
0.477, 0.290315 
0.478, 0.280647 
0.479, 0.271125 
0.48, 0.261749 
0.481, 0.252525 
0.482, 0.243454 
0.483, 0.23454 
0.484, 0.225784 
0.485, 0.217189 
0.486, 0.208757 
0.487, 0.20049 
0.488, 0.19239 
0.489, 0.184459 
0.49, 0.176699 
0.491, 0.169111 
0.492, 0.161696 
0.493, 0.154457 
0.494, 0.147393 
0.495, 0.140506 
0.496, 0.133798 
0.497, 0.127268 
0.498, 0.120918 
0.499, 0.114749 
0.5, 0.10876 
0.501, 0.102952 
0.502, 0.0973265 
0.503, 0.0918824 
0.504, 0.0866203 
0.505, 0.0815402 
0.506, 0.0766422 
0.507, 0.071926 
0.508, 0.0673915 
0.509, 0.0630384 
0.51, 0.0588664 
0.511, 0.0548749 
0.512, 0.0510636 
0.513, 0.0474317 
0.514, 0.0439787 
0.515, 0.0407038 
0.516, 0.0376062 
0.517, 0.0346851 
0.518, 0.0319395 
0.519, 0.0293685 
0.52, 0.026971 
0.521, 0.024746 
0.522, 0.0226923 
0.523, 0.0208087 
0.524, 0.019094 
0.525, 0.0175469 
0.526, 0.0161659 
0.527, 0.0149499 
0.528, 0.0138973 
0.529, 0.0130066 
0.53, 0.0122765 
0.531, 0.0117052 
0.532, 0.0112913 
0.533, 0.0110332 
0.534, 0.0109291 
0.535, 0.0109775 
0.536, 0.0111766 
0.537, 0.0115247 
0.538, 0.01202 
0.539, 0.0126608 
0.54, 0.0134453 
0.541, 0.0143717 
0.542, 0.015438 
0.543, 0.0166425 
0.544, 0.0179832 
0.545, 0.0194583 
0.546, 0.0210659 
0.547, 0.0228039 
0.548, 0.0246706 
0.549, 0.0266639 
0.55, 0.028782 
0.551, 0.0310227 
0.552, 0.0333841 
0.553, 0.0358644 
0.554, 0.0384614 
0.555, 0.0411731 
0.556, 0.0439977 
0.557, 0.046933 
0.558, 0.0499771 
0.559, 0.0531279 
0.56, 0.0563835 
0.561, 0.0597419 
0.562, 0.063201 
0.563, 0.0667588 
0.564, 0.0704134 
0.565, 0.0741627 
0.566, 0.0780048 
0.567, 0.0819376 
0.568, 0.0859593 
0.569, 0.0900677 
0.57, 0.094261 
0.571, 0.0985371 
0.572, 0.102894 
0.573, 0.10733 
0.574, 0.111843 
0.575, 0.116431 
0.576, 0.121093 
0.577, 0.125825 
0.578, 0.130627 
0.579, 0.135497 
0.58, 0.140432 
0.581, 0.145431 
0.582, 0.150492 
0.583, 0.155613 
0.584, 0.160792 
0.585, 0.166028 
0.586, 0.171318 
0.587, 0.176662 
0.588, 0.182056 
0.589, 0.1875 
0.59, 0.192991 
0.591, 0.198528 
0.592, 0.20411 
0.593, 0.209734 
0.594, 0.215399 
0.595, 0.221103 
0.596, 0.226845 
0.597, 0.232623 
0.598, 0.238435 
0.599, 0.24428 
0.6, 0.250156 
0.601, 0.256061 
0.602, 0.261995 
0.603, 0.267956 
0.604, 0.273941 
0.605, 0.27995 
0.606, 0.285982 
0.607, 0.292034 
0.608, 0.298105 
0.609, 0.304194 
0.61, 0.3103 
0.611, 0.316421 
0.612, 0.322555 
0.613, 0.328702 
0.614, 0.33486 
0.615, 0.341028 
0.616, 0.347205 
0.617, 0.353388 
0.618, 0.359578 
0.619, 0.365772 
0.62, 0.371971 
0.621, 0.378171 
0.622, 0.384373 
0.623, 0.390574 
0.624, 0.396775 
0.625, 0.402974 
0.626, 0.409169 
0.627, 0.41536 
0.628, 0.421545 
0.629, 0.427724 
0.63, 0.433896 
0.631, 0.440059 
0.632, 0.446212 
0.633, 0.452355 
0.634, 0.458486 
0.635, 0.464606 
0.636, 0.470711 
0.637, 0.476803 
0.638, 0.482879 
0.639, 0.48894 
0.64, 0.494983 
0.641, 0.501009 
0.642, 0.507017 
0.643, 0.513005 
0.644, 0.518973 
0.645, 0.52492 
0.646, 0.530845 
0.647, 0.536748 
0.648, 0.542628 
0.649, 0.548484 
0.65, 0.554315 
0.651, 0.560122 
0.652, 0.565902 
0.653, 0.571656 
0.654, 0.577382 
0.655, 0.583081 
0.656, 0.588752 
0.657, 0.594393 
0.658, 0.600005 
0.659, 0.605586 
0.66, 0.611137 
0.661, 0.616657 
0.662, 0.622145 
0.663, 0.6276 
0.664, 0.633023 
0.665, 0.638413 
0.666, 0.643769 
0.667, 0.64909 
0.668, 0.654377 
0.669, 0.659629 
0.67, 0.664846 
0.671, 0.670026 
0.672, 0.67517 
0.673, 0.680278 
0.674, 0.685349 
0.675, 0.690382 
0.676, 0.695377 
0.677, 0.700334 
0.678, 0.705253 
0.679, 0.710133 
0.68, 0.714974 
0.681, 0.719776 
0.682, 0.724538 
0.683, 0.72926 
0.684, 0.733942 
0.685, 0.738583 
0.686, 0.743184 
0.687, 0.747745 
0.688, 0.752263 
0.689, 0.756741 
0.69, 0.761177 
0.691, 0.765572 
0.692, 0.769924 
0.693, 0.774235 
0.694, 0.778503 
0.695, 0.782729 
0.696, 0.786913 
0.697, 0.791054 
0.698, 0.795152 
0.699, 0.799207 
0.7, 0.803219 
0.701, 0.807188 
0.702, 0.811113 
0.703, 0.814996 
0.704, 0.818835 
0.705, 0.82263 
0.706, 0.826382 
0.707, 0.830091 
0.708, 0.833755 
0.709, 0.837376 
0.71, 0.840954 
0.711, 0.844487 
0.712, 0.847977 
0.713, 0.851423 
0.714, 0.854825 
0.715, 0.858183 
0.716, 0.861498 
0.717, 0.864769 
0.718, 0.867996 
0.719, 0.871179 
0.72, 0.874318 
0.721, 0.877414 
0.722, 0.880466 
0.723, 0.883474 
0.724, 0.886439 
0.725, 0.88936 
0.726, 0.892238 
0.727, 0.895072 
0.728, 0.897863 
0.729, 0.900611 
0.73, 0.903315 
0.731, 0.905976 
0.732, 0.908595 
0.733, 0.91117 
0.734, 0.913702 
0.735, 0.916192 
0.736, 0.918639 
0.737, 0.921044 
0.738, 0.923406 
0.739, 0.925725 
0.74, 0.928003 
0.741, 0.930239 
0.742, 0.932432 
0.743, 0.934584 
0.744, 0.936694 
0.745, 0.938763 
0.746, 0.94079 
0.747, 0.942776 
0.748, 0.94472 
0.749, 0.946624 
0.75, 0.948487 
0.751, 0.950309 
0.752, 0.952091 
0.753, 0.953833 
0.754, 0.955534 
0.755, 0.957196 
0.756, 0.958817 
0.757, 0.960399 
0.758, 0.961941 
0.759, 0.963444 
0.76, 0.964908 
0.761, 0.966333 
0.762, 0.96772 
0.763, 0.969067 
0.764, 0.970376 
0.765, 0.971647 
0.766, 0.97288 
0.767, 0.974076 
0.768, 0.975233 
0.769, 0.976353 
0.77, 0.977436 
0.771, 0.978482 
0.772, 0.979491 
0.773, 0.980464 
0.774, 0.9814 
0.775, 0.9823 
0.776, 0.983164 
0.777, 0.983992 
0.778, 0.984784 
0.779, 0.985541 
0.78, 0.986263 
0.781, 0.98695 
0.782, 0.987602 
0.783, 0.98822 
0.784, 0.988803 
0.785, 0.989352 
0.786, 0.989868 
0.787, 0.990349 
0.788, 0.990798 
0.789, 0.991213 
0.79, 0.991595 
0.791, 0.991944 
0.792, 0.992261 
0.793, 0.992545 
0.794, 0.992797 
0.795, 0.993018 
0.796, 0.993206 
0.797, 0.993364 
0.798, 0.99349 
0.799, 0.993585 
0.8, 0.993649 
0.801, 0.993683 
0.802, 0.993686 
0.803, 0.993659 
0.804, 0.993603 
0.805, 0.993517 
0.806, 0.993401 
0.807, 0.993256 
0.808, 0.993083 
0.809, 0.99288 
0.81, 0.992649 
0.811, 0.99239 
0.812, 0.992102 
0.813, 0.991787 
0.814, 0.991444 
0.815, 0.991074 
0.816, 0.990677 
0.817, 0.990253 
0.818, 0.989802 
0.819, 0.989324 
0.82, 0.988821 
0.821, 0.988291 
0.822, 0.987735 
0.823, 0.987154 
0.824, 0.986548 
0.825, 0.985916 
0.826, 0.985259 
0.827, 0.984578 
0.828, 0.983872 
0.829, 0.983142 
0.83, 0.982388 
0.831, 0.98161 
0.832, 0.980809 
0.833, 0.979984 
0.834, 0.979136 
0.835, 0.978265 
0.836, 0.977372 
0.837, 0.976455 
0.838, 0.975517 
0.839, 0.974556 
0.84, 0.973574 
0.841, 0.97257 
0.842, 0.971544 
0.843, 0.970498 
0.844, 0.96943 
0.845, 0.968341 
0.846, 0.967232 
0.847, 0.966103 
0.848, 0.964953 
0.849, 0.963783 
0.85, 0.962594 
0.851, 0.961385 
0.852, 0.960157 
0.853, 0.958909 
0.854, 0.957643 
0.855, 0.956358 
0.856, 0.955054 
0.857, 0.953732 
0.858, 0.952392 
0.859, 0.951034 
0.86, 0.949658 
0.861, 0.948265 
0.862, 0.946855 
0.863, 0.945427 
0.864, 0.943982 
0.865, 0.942521 
0.866, 0.941043 
0.867, 0.939548 
0.868, 0.938038 
0.869, 0.936511 
0.87, 0.934969 
0.871, 0.933411 
0.872, 0.931838 
0.873, 0.930249 
0.874, 0.928645 
0.875, 0.927027 
0.876, 0.925394 
0.877, 0.923746 
0.878, 0.922084 
0.879, 0.920408 
0.88, 0.918718 
0.881, 0.917015 
0.882, 0.915297 
0.883, 0.913566 
0.884, 0.911822 
0.885, 0.910065 
0.886, 0.908296 
0.887, 0.906513 
0.888, 0.904718 
0.889, 0.90291 
0.89, 0.90109 
0.891, 0.899259 
0.892, 0.897415 
0.893, 0.89556 
0.894, 0.893693 
0.895, 0.891815 
0.896, 0.889925 
0.897, 0.888025 
0.898, 0.886113 
0.899, 0.884191 
0.9, 0.882259 
0.901, 0.880316 
0.902, 0.878363 
0.903, 0.876399 
0.904, 0.874426 
0.905, 0.872443 
0.906, 0.87045 
0.907, 0.868448 
0.908, 0.866437 
0.909, 0.864416 
0.91, 0.862387 
0.911, 0.860348 
0.912, 0.858301 
0.913, 0.856246 
0.914, 0.854182 
0.915, 0.852109 
0.916, 0.850029 
0.917, 0.84794 
0.918, 0.845844 
0.919, 0.84374 
0.92, 0.841628 
0.921, 0.839509 
0.922, 0.837383 
0.923, 0.83525 
0.924, 0.833109 
0.925, 0.830962 
0.926, 0.828808 
0.927, 0.826647 
0.928, 0.82448 
0.929, 0.822306 
0.93, 0.820126 
0.931, 0.81794 
0.932, 0.815749 
0.933, 0.813551 
0.934, 0.811348 
0.935, 0.809139 
0.936, 0.806924 
0.937, 0.804704 
0.938, 0.802479 
0.939, 0.800249 
0.94, 0.798014 
0.941, 0.795774 
0.942, 0.79353 
0.943, 0.79128 
0.944, 0.789027 
0.945, 0.786769 
0.946, 0.784506 
0.947, 0.78224 
0.948, 0.779969 
0.949, 0.777694 
0.95, 0.775416 
0.951, 0.773134 
0.952, 0.770848 
0.953, 0.768559 
0.954, 0.766266 
0.955, 0.76397 
0.956, 0.761671 
0.957, 0.759369 
0.958, 0.757064 
0.959, 0.754756 
0.96, 0.752445 
0.961, 0.750132 
0.962, 0.747816 
0.963, 0.745498 
0.964, 0.743177 
0.965, 0.740854 
0.966, 0.738529 
0.967, 0.736201 
0.968, 0.733872 
0.969, 0.731541 
0.97, 0.729208 
0.971, 0.726873 
0.972, 0.724537 
0.973, 0.722199 
0.974, 0.71986 
0.975, 0.71752 
0.976, 0.715178 
0.977, 0.712835 
0.978, 0.710491 
0.979, 0.708146 
0.98, 0.7058 
0.981, 0.703454 
0.982, 0.701106 
0.983, 0.698758 
0.984, 0.696409 
0.985, 0.69406 
0.986, 0.691711 
0.987, 0.689361 
0.988, 0.687011 
0.989, 0.684661 
0.99, 0.68231 
0.991, 0.67996 
0.992, 0.67761 
0.993, 0.675259 
0.994, 0.67291 
0.995, 0.67056 
0.996, 0.668211 
0.997, 0.665862 
0.998, 0.663513 
0.999, 0.661166 
1, 0.658819 
1.001, 0.656472 
1.002, 0.654127 
1.003, 0.651782 
1.004, 0.649438 
1.005, 0.647095 
1.006, 0.644753 
1.007, 0.642413 
1.008, 0.640073 
1.009, 0.637735 
1.01, 0.635398 
1.011, 0.633062 
1.012, 0.630728 
1.013, 0.628396 
1.014, 0.626065 
1.015, 0.623735 
1.016, 0.621408 
1.017, 0.619082 
1.018, 0.616757 
1.019, 0.614435 
1.02, 0.612115 
1.021, 0.609796 
1.022, 0.60748 
1.023, 0.605165 
1.024, 0.602853 
1.025, 0.600543 
1.026, 0.598235 
1.027, 0.59593 
1.028, 0.593627 
1.029, 0.591326 
1.03, 0.589028 
1.031, 0.586732 
1.032, 0.584439 
1.033, 0.582148 
1.034, 0.57986 
1.035, 0.577575 
1.036, 0.575292 
1.037, 0.573013 
1.038, 0.570736 
1.039, 0.568462 
1.04, 0.566191 
1.041, 0.563923 
1.042, 0.561658 
1.043, 0.559396 
1.044, 0.557137 
1.045, 0.554881 
1.046, 0.552628 
1.047, 0.550379 
1.048, 0.548133 
1.049, 0.54589 
1.05, 0.543651 
1.051, 0.541415 
1.052, 0.539182 
1.053, 0.536953 
1.054, 0.534728 
1.055, 0.532506 
1.056, 0.530287 
1.057, 0.528073 
1.058, 0.525861 
1.059, 0.523654 
1.06, 0.52145 
1.061, 0.51925 
1.062, 0.517054 
1.063, 0.514862 
1.064, 0.512674 
1.065, 0.510489 
1.066, 0.508308 
1.067, 0.506132 
1.068, 0.503959 
1.069, 0.501791 
1.07, 0.499626 
1.071, 0.497466 
1.072, 0.495309 
1.073, 0.493157 
1.074, 0.491009 
1.075, 0.488866 
1.076, 0.486726 
1.077, 0.484591 
1.078, 0.48246 
1.079, 0.480333 
1.08, 0.478211 
1.081, 0.476093 
1.082, 0.47398 
1.083, 0.471871 
1.084, 0.469766 
1.085, 0.467666 
1.086, 0.46557 
1.087, 0.463479 
1.088, 0.461392 
1.089, 0.45931 
1.09, 0.457233 
1.091, 0.45516 
1.092, 0.453092 
1.093, 0.451029 
1.094, 0.44897 
1.095, 0.446916 
1.096, 0.444866 
1.097, 0.442822 
1.098, 0.440782 
1.099, 0.438747 
1.1, 0.436717 
1.101, 0.434691 
1.102, 0.432671 
1.103, 0.430655 
1.104, 0.428644 
1.105, 0.426638 
1.106, 0.424637 
1.107, 0.422641 
1.108, 0.42065 
1.109, 0.418664 
1.11, 0.416682 
1.111, 0.414706 
1.112, 0.412735 
1.113, 0.410769 
1.114, 0.408808 
1.115, 0.406852 
1.116, 0.404901 
1.117, 0.402955 
1.118, 0.401014 
1.119, 0.399078 
1.12, 0.397148 
1.121, 0.395222 
1.122, 0.393302 
1.123, 0.391387 
1.124, 0.389477 
1.125, 0.387572 
1.126, 0.385673 
1.127, 0.383778 
1.128, 0.381889 
1.129, 0.380005 
1.13, 0.378127 
1.131, 0.376253 
1.132, 0.374385 
1.133, 0.372522 
1.134, 0.370665 
1.135, 0.368813 
1.136, 0.366966 
1.137, 0.365124 
1.138, 0.363288 
1.139, 0.361457 
1.14, 0.359631 
1.141, 0.357811 
1.142, 0.355996 
1.143, 0.354186 
1.144, 0.352382 
1.145, 0.350583 
1.146, 0.34879 
1.147, 0.347002 
1.148, 0.345219 
1.149, 0.343442 
1.15, 0.34167 
1.151, 0.339903 
1.152, 0.338142 
1.153, 0.336386 
1.154, 0.334636 
1.155, 0.332891 
1.156, 0.331152 
1.157, 0.329418 
1.158, 0.32769 
1.159, 0.325967 
1.16, 0.324249 
1.161, 0.322537 
1.162, 0.32083 
1.163, 0.319129 
1.164, 0.317433 
1.165, 0.315743 
1.166, 0.314058 
1.167, 0.312379 
1.168, 0.310705 
1.169, 0.309037 
1.17, 0.307374 
1.171, 0.305717 
1.172, 0.304065 
1.173, 0.302418 
1.174, 0.300777 
1.175, 0.299142 
1.176, 0.297512 
1.177, 0.295887 
1.178, 0.294268 
1.179, 0.292655 
1.18, 0.291047 
1.181, 0.289444 
1.182, 0.287847 
1.183, 0.286256 
1.184, 0.28467 
1.185, 0.283089 
1.186, 0.281514 
1.187, 0.279944 
1.188, 0.27838 
1.189, 0.276822 
1.19, 0.275268 
1.191, 0.273721 
1.192, 0.272179 
1.193, 0.270642 
1.194, 0.269111 
1.195, 0.267585 
1.196, 0.266065 
1.197, 0.26455 
1.198, 0.263041 
1.199, 0.261537 
1.2, 0.260038 
1.201, 0.258545 
1.202, 0.257058 
1.203, 0.255576 
1.204, 0.254099 
1.205, 0.252628 
1.206, 0.251162 
1.207, 0.249702 
1.208, 0.248247 
1.209, 0.246798 
1.21, 0.245354 
1.211, 0.243916 
1.212, 0.242483 
1.213, 0.241055 
1.214, 0.239633 
1.215, 0.238216 
1.216, 0.236805 
1.217, 0.235399 
1.218, 0.233998 
1.219, 0.232603 
1.22, 0.231213 
1.221, 0.229829 
1.222, 0.228449 
1.223, 0.227076 
1.224, 0.225708 
1.225, 0.224345 
1.226, 0.222987 
1.227, 0.221635 
1.228, 0.220288 
1.229, 0.218946 
1.23, 0.21761 
1.231, 0.216279 
1.232, 0.214954 
1.233, 0.213633 
1.234, 0.212319 
1.235, 0.211009 
1.236, 0.209705 
1.237, 0.208406 
1.238, 0.207112 
1.239, 0.205823 
1.24, 0.20454 
1.241, 0.203262 
1.242, 0.20199 
1.243, 0.200722 
1.244, 0.19946 
1.245, 0.198203 
1.246, 0.196951 
1.247, 0.195705 
1.248, 0.194464 
1.249, 0.193228 
1.25, 0.191997 
1.251, 0.190771 
1.252, 0.189551 
1.253, 0.188336 
1.254, 0.187125 
1.255, 0.185921 
1.256, 0.184721 
1.257, 0.183526 
1.258, 0.182337 
1.259, 0.181152 
1.26, 0.179973 
1.261, 0.178799 
1.262, 0.17763 
1.263, 0.176466 
1.264, 0.175307 
1.265, 0.174154 
1.266, 0.173005 
1.267, 0.171862 
1.268, 0.170723 
1.269, 0.16959 
1.27, 0.168461 
1.271, 0.167338 
1.272, 0.16622 
1.273, 0.165106 
1.274, 0.163998 
1.275, 0.162895 
1.276, 0.161796 
1.277, 0.160703 
1.278, 0.159615 
1.279, 0.158531 
1.28, 0.157453 
1.281, 0.156379 
1.282, 0.155311 
1.283, 0.154247 
1.284, 0.153189 
1.285, 0.152135 
1.286, 0.151086 
1.287, 0.150042 
1.288, 0.149003 
1.289, 0.147969 
1.29, 0.146939 
1.291, 0.145915 
1.292, 0.144895 
1.293, 0.14388 
1.294, 0.14287 
1.295, 0.141865 
1.296, 0.140865 
1.297, 0.139869 
1.298, 0.138878 
1.299, 0.137892 
1.3, 0.136911 
1.301, 0.135935 
1.302, 0.134963 
1.303, 0.133996 
1.304, 0.133034 
1.305, 0.132076 
1.306, 0.131123 
1.307, 0.130175 
1.308, 0.129232 
1.309, 0.128293 
1.31, 0.127359 
1.311, 0.12643 
1.312, 0.125505 
1.313, 0.124585 
1.314, 0.123669 
1.315, 0.122758 
1.316, 0.121852 
1.317, 0.12095 
1.318, 0.120053 
1.319, 0.119161 
1.32, 0.118273 
1.321, 0.117389 
1.322, 0.11651 
1.323, 0.115636 
1.324, 0.114766 
1.325, 0.113901 
1.326, 0.11304 
1.327, 0.112184 
1.328, 0.111332 
1.329, 0.110485 
1.33, 0.109642 
1.331, 0.108804 
1.332, 0.10797 
1.333, 0.107141 
1.334, 0.106315 
1.335, 0.105495 
1.336, 0.104679 
1.337, 0.103867 
1.338, 0.103059 
1.339, 0.102256 
1.34, 0.101457 
1.341, 0.100663 
1.342, 0.099873 
1.343, 0.0990873 
1.344, 0.0983059 
1.345, 0.0975288 
1.346, 0.096756 
1.347, 0.0959875 
1.348, 0.0952233 
1.349, 0.0944633 
1.35, 0.0937076 
1.351, 0.0929562 
1.352, 0.092209 
1.353, 0.091466 
1.354, 0.0907272 
1.355, 0.0899926 
1.356, 0.0892622 
1.357, 0.088536 
1.358, 0.087814 
1.359, 0.0870961 
1.36, 0.0863824 
1.361, 0.0856728 
1.362, 0.0849673 
1.363, 0.084266 
1.364, 0.0835687 
1.365, 0.0828756 
1.366, 0.0821866 
1.367, 0.0815016 
1.368, 0.0808207 
1.369, 0.0801438 
1.37, 0.079471 
1.371, 0.0788022 
1.372, 0.0781374 
1.373, 0.0774767 
1.374, 0.0768199 
1.375, 0.0761672 
1.376, 0.0755184 
1.377, 0.0748736 
1.378, 0.0742327 
1.379, 0.0735958 
1.38, 0.0729629 
1.381, 0.0723338 
1.382, 0.0717087 
1.383, 0.0710875 
1.384, 0.0704701 
1.385, 0.0698567 
1.386, 0.0692471 
1.387, 0.0686414 
1.388, 0.0680395 
1.389, 0.0674415 
1.39, 0.0668473 
1.391, 0.0662569 
1.392, 0.0656704 
1.393, 0.0650876 
1.394, 0.0645086 
1.395, 0.0639334 
1.396, 0.063362 
1.397, 0.0627943 
1.398, 0.0622304 
1.399, 0.0616702 
1.4, 0.0611138 
1.401, 0.060561 
1.402, 0.0600119 
1.403, 0.0594666 
1.404, 0.0589249 
1.405, 0.0583869 
1.406, 0.0578526 
1.407, 0.0573219 
1.408, 0.0567948 
1.409, 0.0562714 
1.41, 0.0557516 
1.411, 0.0552354 
1.412, 0.0547228 
1.413, 0.0542138 
1.414, 0.0537084 
1.415, 0.0532065 
1.416, 0.0527082 
1.417, 0.0522134 
1.418, 0.0517222 
1.419, 0.0512345 
1.42, 0.0507504 
1.421, 0.0502697 
1.422, 0.0497925 
1.423, 0.0493188 
1.424, 0.0488486 
1.425, 0.0483818 
1.426, 0.0479185 
1.427, 0.0474587 
1.428, 0.0470022 
1.429, 0.0465492 
1.43, 0.0460996 
1.431, 0.0456534 
1.432, 0.0452106 
1.433, 0.0447712 
1.434, 0.0443352 
1.435, 0.0439025 
1.436, 0.0434732 
1.437, 0.0430472 
1.438, 0.0426245 
1.439, 0.0422052 
1.44, 0.0417892 
1.441, 0.0413764 
1.442, 0.040967 
1.443, 0.0405608 
1.444, 0.040158 
1.445, 0.0397583 
1.446, 0.039362 
1.447, 0.0389688 
1.448, 0.0385789 
1.449, 0.0381922 
1.45, 0.0378088 
1.451, 0.0374285 
1.452, 0.0370514 
1.453, 0.0366775 
1.454, 0.0363068 
1.455, 0.0359392 
1.456, 0.0355748 
1.457, 0.0352135 
1.458, 0.0348554 
1.459, 0.0345004 
1.46, 0.0341484 
1.461, 0.0337996 
1.462, 0.0334539 
1.463, 0.0331113 
1.464, 0.0327717 
1.465, 0.0324352 
1.466, 0.0321018 
1.467, 0.0317714 
1.468, 0.031444 
1.469, 0.0311197 
1.47, 0.0307983 
1.471, 0.03048 
1.472, 0.0301647 
1.473, 0.0298523 
1.474, 0.029543 
1.475, 0.0292366 
1.476, 0.0289331 
1.477, 0.0286326 
1.478, 0.0283351 
1.479, 0.0280404 
1.48, 0.0277487 
1.481, 0.0274599 
1.482, 0.027174 
1.483, 0.026891 
1.484, 0.0266109 
1.485, 0.0263336 
1.486, 0.0260592 
1.487, 0.0257877 
1.488, 0.025519 
1.489, 0.0252531 
1.49, 0.0249901 
1.491, 0.0247298 
1.492, 0.0244724 
1.493, 0.0242178 
1.494, 0.023966 
1.495, 0.0237169 
1.496, 0.0234706 
1.497, 0.0232271 
1.498, 0.0229864 
1.499, 0.0227483 
1.5, 0.022513 
1.501, 0.0222805 
1.502, 0.0220506 
1.503, 0.0218235 
1.504, 0.021599 
1.505, 0.0213772 
1.506, 0.0211582 
1.507, 0.0209417 
1.508, 0.020728 
1.509, 0.0205169 
1.51, 0.0203084 
1.511, 0.0201026 
1.512, 0.0198994 
1.513, 0.0196988 
1.514, 0.0195008 
1.515, 0.0193055 
1.516, 0.0191127 
1.517, 0.0189225 
1.518, 0.0187348 
1.519, 0.0185498 
1.52, 0.0183673 
1.521, 0.0181873 
1.522, 0.0180099 
1.523, 0.017835 
1.524, 0.0176626 
1.525, 0.0174927 
1.526, 0.0173253 
1.527, 0.0171605 
1.528, 0.0169981 
1.529, 0.0168382 
1.53, 0.0166807 
1.531, 0.0165258 
1.532, 0.0163732 
1.533, 0.0162231 
1.534, 0.0160755 
1.535, 0.0159303 
1.536, 0.0157875 
1.537, 0.0156471 
1.538, 0.0155091 
1.539, 0.0153735 
1.54, 0.0152403 
1.541, 0.0151094 
1.542, 0.0149809 
1.543, 0.0148548 
1.544, 0.0147311 
1.545, 0.0146096 
1.546, 0.0144905 
1.547, 0.0143738 
1.548, 0.0142593 
1.549, 0.0141472 
1.55, 0.0140374 
1.551, 0.0139299 
1.552, 0.0138246 
1.553, 0.0137216 
1.554, 0.0136209 
1.555, 0.0135225 
1.556, 0.0134263 
1.557, 0.0133324 
1.558, 0.0132407 
1.559, 0.0131512 
1.56, 0.0130639 
1.561, 0.0129789 
1.562, 0.0128961 
1.563, 0.0128154 
1.564, 0.012737 
1.565, 0.0126607 
1.566, 0.0125866 
1.567, 0.0125147 
1.568, 0.0124449 
1.569, 0.0123773 
1.57, 0.0123119 
1.571, 0.0122485 
1.572, 0.0121873 
1.573, 0.0121282 
1.574, 0.0120713 
1.575, 0.0120164 
1.576, 0.0119636 
1.577, 0.0119129 
1.578, 0.0118643 
1.579, 0.0118178 
1.58, 0.0117734 
1.581, 0.011731 
1.582, 0.0116906 
1.583, 0.0116523 
1.584, 0.011616 
1.585, 0.0115818 
1.586, 0.0115496 
1.587, 0.0115194 
1.588, 0.0114912 
1.589, 0.011465 
1.59, 0.0114408 
1.591, 0.0114186 
1.592, 0.0113983 
1.593, 0.0113801 
1.594, 0.0113638 
1.595, 0.0113494 
1.596, 0.011337 
1.597, 0.0113266 
1.598, 0.011318 
1.599, 0.0113114 
1.6, 0.0113067 
1.601, 0.011304 
1.602, 0.0113031 
1.603, 0.0113042 
1.604, 0.0113071 
1.605, 0.0113119 
1.606, 0.0113186 
1.607, 0.0113271 
1.608, 0.0113376 
1.609, 0.0113498 
1.61, 0.011364 
1.611, 0.0113799 
1.612, 0.0113977 
1.613, 0.0114174 
1.614, 0.0114388 
1.615, 0.0114621 
1.616, 0.0114872 
1.617, 0.0115141 
1.618, 0.0115427 
1.619, 0.0115732 
1.62, 0.0116054 
1.621, 0.0116394 
1.622, 0.0116752 
1.623, 0.0117128 
1.624, 0.0117521 
1.625, 0.0117931 
1.626, 0.0118359 
1.627, 0.0118804 
1.628, 0.0119266 
1.629, 0.0119746 
1.63, 0.0120243 
1.631, 0.0120757 
1.632, 0.0121287 
1.633, 0.0121835 
1.634, 0.01224 
1.635, 0.0122981 
1.636, 0.0123579 
1.637, 0.0124194 
1.638, 0.0124826 
1.639, 0.0125474 
1.64, 0.0126138 
1.641, 0.0126819 
1.642, 0.0127517 
1.643, 0.012823 
1.644, 0.012896 
1.645, 0.0129706 
1.646, 0.0130468 
1.647, 0.0131246 
1.648, 0.013204 
1.649, 0.013285 
1.65, 0.0133676 
1.651, 0.0134518 
1.652, 0.0135375 
1.653, 0.0136249 
1.654, 0.0137137 
1.655, 0.0138042 
1.656, 0.0138961 
1.657, 0.0139896 
1.658, 0.0140847 
1.659, 0.0141813 
1.66, 0.0142794 
1.661, 0.014379 
1.662, 0.0144801 
1.663, 0.0145828 
1.664, 0.0146869 
1.665, 0.0147926 
1.666, 0.0148997 
1.667, 0.0150083 
1.668, 0.0151184 
1.669, 0.0152299 
1.67, 0.015343 
1.671, 0.0154574 
1.672, 0.0155734 
1.673, 0.0156908 
1.674, 0.0158096 
1.675, 0.0159298 
1.676, 0.0160515 
1.677, 0.0161746 
1.678, 0.0162992 
1.679, 0.0164251 
1.68, 0.0165524 
1.681, 0.0166812 
1.682, 0.0168113 
1.683, 0.0169429 
1.684, 0.0170758 
1.685, 0.0172101 
1.686, 0.0173457 
1.687, 0.0174828 
1.688, 0.0176212 
1.689, 0.0177609 
1.69, 0.017902 
1.691, 0.0180445 
1.692, 0.0181883 
1.693, 0.0183334 
1.694, 0.0184799 
1.695, 0.0186276 
1.696, 0.0187767 
1.697, 0.0189272 
1.698, 0.0190789 
1.699, 0.0192319 
1.7, 0.0193862 
1.701, 0.0195418 
1.702, 0.0196987 
1.703, 0.0198569 
1.704, 0.0200163 
1.705, 0.020177 
1.706, 0.020339 
1.707, 0.0205022 
1.708, 0.0206667 
1.709, 0.0208325 
1.71, 0.0209995 
1.711, 0.0211677 
1.712, 0.0213371 
1.713, 0.0215078 
1.714, 0.0216797 
1.715, 0.0218529 
1.716, 0.0220272 
1.717, 0.0222027 
1.718, 0.0223795 
1.719, 0.0225574 
1.72, 0.0227366 
1.721, 0.0229169 
1.722, 0.0230984 
1.723, 0.0232811 
1.724, 0.023465 
1.725, 0.02365 
1.726, 0.0238362 
1.727, 0.0240235 
1.728, 0.024212 
1.729, 0.0244017 
1.73, 0.0245925 
1.731, 0.0247844 
1.732, 0.0249774 
1.733, 0.0251716 
1.734, 0.0253669 
1.735, 0.0255634 
1.736, 0.0257609 
1.737, 0.0259596 
1.738, 0.0261593 
1.739, 0.0263602 
1.74, 0.0265621 
1.741, 0.0267652 
1.742, 0.0269693 
1.743, 0.0271745 
1.744, 0.0273808 
1.745, 0.0275882 
1.746, 0.0277966 
1.747, 0.0280061 
1.748, 0.0282166 
1.749, 0.0284282 
1.75, 0.0286409 
1.751, 0.0288545 
1.752, 0.0290693 
1.753, 0.029285 
1.754, 0.0295018 
1.755, 0.0297196 
1.756, 0.0299385 
1.757, 0.0301583 
1.758, 0.0303792 
1.759, 0.0306011 
1.76, 0.0308239 
1.761, 0.0310478 
1.762, 0.0312727 
1.763, 0.0314985 
1.764, 0.0317254 
1.765, 0.0319532 
1.766, 0.032182 
1.767, 0.0324118 
1.768, 0.0326425 
1.769, 0.0328742 
1.77, 0.0331069 
1.771, 0.0333405 
1.772, 0.0335751 
1.773, 0.0338106 
1.774, 0.0340471 
1.775, 0.0342845 
1.776, 0.0345228 
1.777, 0.0347621 
1.778, 0.0350023 
1.779, 0.0352434 
1.78, 0.0354854 
1.781, 0.0357284 
1.782, 0.0359722 
1.783, 0.036217 
1.784, 0.0364626 
1.785, 0.0367092 
1.786, 0.0369566 
1.787, 0.037205 
1.788, 0.0374542 
1.789, 0.0377043 
1.79, 0.0379552 
1.791, 0.0382071 
1.792, 0.0384598 
1.793, 0.0387134 
1.794, 0.0389678 
1.795, 0.0392231 
1.796, 0.0394793 
1.797, 0.0397363 
1.798, 0.0399941 
1.799, 0.0402528 
1.8, 0.0405123 
1.801, 0.0407727 
1.802, 0.0410339 
1.803, 0.0412959 
1.804, 0.0415587 
1.805, 0.0418223 
1.806, 0.0420868 
1.807, 0.0423521 
1.808, 0.0426181 
1.809, 0.042885 
1.81, 0.0431527 
1.811, 0.0434212 
1.812, 0.0436904 
1.813, 0.0439605 
1.814, 0.0442313 
1.815, 0.0445029 
1.816, 0.0447753 
1.817, 0.0450485 
1.818, 0.0453224 
1.819, 0.0455971 
1.82, 0.0458725 
1.821, 0.0461487 
1.822, 0.0464257 
1.823, 0.0467034 
1.824, 0.0469819 
1.825, 0.0472611 
1.826, 0.047541 
1.827, 0.0478217 
1.828, 0.0481031 
1.829, 0.0483853 
1.83, 0.0486682 
1.831, 0.0489518 
1.832, 0.0492361 
1.833, 0.0495211 
1.834, 0.0498068 
1.835, 0.0500933 
1.836, 0.0503804 
1.837, 0.0506683 
1.838, 0.0509568 
1.839, 0.0512461 
1.84, 0.051536 
1.841, 0.0518266 
1.842, 0.0521179 
1.843, 0.0524099 
1.844, 0.0527026 
1.845, 0.0529959 
1.846, 0.0532899 
1.847, 0.0535846 
1.848, 0.05388 
1.849, 0.054176 
1.85, 0.0544726 
1.851, 0.0547699 
1.852, 0.0550679 
1.853, 0.0553665 
1.854, 0.0556658 
1.855, 0.0559657 
1.856, 0.0562662 
1.857, 0.0565674 
1.858, 0.0568692 
1.859, 0.0571716 
1.86, 0.0574746 
1.861, 0.0577783 
1.862, 0.0580826 
1.863, 0.0583875 
1.864, 0.058693 
1.865, 0.0589992 
1.866, 0.0593059 
1.867, 0.0596133 
1.868, 0.0599212 
1.869, 0.0602297 
1.87, 0.0605389 
1.871, 0.0608486 
1.872, 0.0611589 
1.873, 0.0614698 
1.874, 0.0617813 
1.875, 0.0620933 
1.876, 0.062406 
1.877, 0.0627192 
1.878, 0.0630329 
1.879, 0.0633473 
1.88, 0.0636622 
1.881, 0.0639776 
1.882, 0.0642937 
1.883, 0.0646102 
1.884, 0.0649274 
1.885, 0.065245 
1.886, 0.0655633 
1.887, 0.065882 
1.888, 0.0662013 
1.889, 0.0665212 
1.89, 0.0668415 
1.891, 0.0671625 
1.892, 0.0674839 
1.893, 0.0678059 
1.894, 0.0681283 
1.895, 0.0684513 
1.896, 0.0687749 
1.897, 0.0690989 
1.898, 0.0694235 
1.899, 0.0697485 
1.9, 0.0700741 
1.901, 0.0704001 
1.902, 0.0707267 
1.903, 0.0710538 
1.904, 0.0713813 
1.905, 0.0717094 
1.906, 0.0720379 
1.907, 0.072367 
1.908, 0.0726965 
1.909, 0.0730265 
1.91, 0.073357 
1.911, 0.0736879 
1.912, 0.0740193 
1.913, 0.0743512 
1.914, 0.0746836 
1.915, 0.0750164 
1.916, 0.0753497 
1.917, 0.0756835 
1.918, 0.0760177 
1.919, 0.0763523 
1.92, 0.0766875 
1.921, 0.077023 
1.922, 0.077359 
1.923, 0.0776955 
1.924, 0.0780324 
1.925, 0.0783697 
1.926, 0.0787075 
1.927, 0.0790457 
1.928, 0.0793844 
1.929, 0.0797235 
1.93, 0.080063 
1.931, 0.0804029 
1.932, 0.0807433 
1.933, 0.081084 
1.934, 0.0814252 
1.935, 0.0817668 
1.936, 0.0821088 
1.937, 0.0824513 
1.938, 0.0827941 
1.939, 0.0831373 
1.94, 0.083481 
1.941, 0.083825 
1.942, 0.0841694 
1.943, 0.0845143 
1.944, 0.0848595 
1.945, 0.0852051 
1.946, 0.0855511 
1.947, 0.0858975 
1.948, 0.0862443 
1.949, 0.0865915 
1.95, 0.086939 
1.951, 0.0872869 
1.952, 0.0876352 
1.953, 0.0879839 
1.954, 0.0883329 
1.955, 0.0886823 
1.956, 0.089032 
1.957, 0.0893822 
1.958, 0.0897327 
1.959, 0.0900835 
1.96, 0.0904347 
1.961, 0.0907863 
1.962, 0.0911382 
1.963, 0.0914904 
1.964, 0.091843 
1.965, 0.092196 
1.966, 0.0925493 
1.967, 0.0929029 
1.968, 0.0932569 
1.969, 0.0936112 
1.97, 0.0939658 
1.971, 0.0943208 
1.972, 0.0946761 
1.973, 0.0950317 
1.974, 0.0953877 
1.975, 0.095744 
1.976, 0.0961006 
1.977, 0.0964575 
1.978, 0.0968147 
1.979, 0.0971723 
1.98, 0.0975301 
1.981, 0.0978883 
1.982, 0.0982468 
1.983, 0.0986056 
1.984, 0.0989647 
1.985, 0.0993241 
1.986, 0.0996838 
1.987, 0.100044 
1.988, 0.100404 
1.989, 0.100765 
1.99, 0.101126 
1.991, 0.101487 
1.992, 0.101848 
1.993, 0.10221 
1.994, 0.102572 
1.995, 0.102934 
1.996, 0.103297 
1.997, 0.10366 
1.998, 0.104023 
1.999, 0.104386 
2, 0.10475 
2.001, 0.105114 
2.002, 0.105478 
2.003, 0.105843 
2.004, 0.106207 
2.005, 0.106573 
2.006, 0.106938 
2.007, 0.107303 
2.008, 0.107669 
2.009, 0.108035 
2.01, 0.108402 
2.011, 0.108768 
2.012, 0.109135 
2.013, 0.109502 
2.014, 0.109869 
2.015, 0.110237 
2.016, 0.110605 
2.017, 0.110973 
2.018, 0.111341 
2.019, 0.11171 
2.02, 0.112078 
2.021, 0.112447 
2.022, 0.112817 
2.023, 0.113186 
2.024, 0.113556 
2.025, 0.113926 
2.026, 0.114296 
2.027, 0.114666 
2.028, 0.115037 
2.029, 0.115407 
2.03, 0.115778 
2.031, 0.11615 
2.032, 0.116521 
2.033, 0.116893 
2.034, 0.117265 
2.035, 0.117637 
2.036, 0.118009 
2.037, 0.118381 
2.038, 0.118754 
2.039, 0.119127 
2.04, 0.1195 
2.041, 0.119873 
2.042, 0.120247 
2.043, 0.120621 
2.044, 0.120994 
2.045, 0.121368 
2.046, 0.121743 
2.047, 0.122117 
2.048, 0.122492 
2.049, 0.122867 
2.05, 0.123242 
2.051, 0.123617 
2.052, 0.123992 
2.053, 0.124368 
2.054, 0.124743 
2.055, 0.125119 
2.056, 0.125495 
2.057, 0.125872 
2.058, 0.126248 
2.059, 0.126625 
2.06, 0.127001 
2.061, 0.127378 
2.062, 0.127755 
2.063, 0.128133 
2.064, 0.12851 
2.065, 0.128888 
2.066, 0.129265 
2.067, 0.129643 
2.068, 0.130021 
2.069, 0.1304 
2.07, 0.130778 
2.071, 0.131156 
2.072, 0.131535 
2.073, 0.131914 
2.074, 0.132293 
2.075, 0.132672 
2.076, 0.133051 
2.077, 0.133431 
2.078, 0.13381 
2.079, 0.13419 
2.08, 0.13457 
2.081, 0.13495 
2.082, 0.13533 
2.083, 0.13571 
2.084, 0.13609 
2.085, 0.136471 
2.086, 0.136851 
2.087, 0.137232 
2.088, 0.137613 
2.089, 0.137994 
2.09, 0.138375 
2.091, 0.138756 
2.092, 0.139138 
2.093, 0.139519 
2.094, 0.139901 
2.095, 0.140282 
2.096, 0.140664 
2.097, 0.141046 
2.098, 0.141428 
2.099, 0.14181 
2.1, 0.142193 
2.101, 0.142575 
2.102, 0.142958 
2.103, 0.14334 
2.104, 0.143723 
2.105, 0.144106 
2.106, 0.144489 
2.107, 0.144872 
2.108, 0.145255 
2.109, 0.145638 
2.11, 0.146021 
2.111, 0.146405 
2.112, 0.146788 
2.113, 0.147172 
2.114, 0.147555 
2.115, 0.147939 
2.116, 0.148323 
2.117, 0.148707 
2.118, 0.149091 
2.119, 0.149475 
2.12, 0.149859 
2.121, 0.150244 
2.122, 0.150628 
2.123, 0.151013 
2.124, 0.151397 
2.125, 0.151782 
2.126, 0.152166 
2.127, 0.152551 
2.128, 0.152936 
2.129, 0.153321 
2.13, 0.153706 
2.131, 0.154091 
2.132, 0.154476 
2.133, 0.154861 
2.134, 0.155247 
2.135, 0.155632 
2.136, 0.156018 
2.137, 0.156403 
2.138, 0.156789 
2.139, 0.157174 
2.14, 0.15756 
2.141, 0.157946 
2.142, 0.158331 
2.143, 0.158717 
2.144, 0.159103 
2.145, 0.159489 
2.146, 0.159875 
2.147, 0.160261 
2.148, 0.160647 
2.149, 0.161033 
2.15, 0.16142 
2.151, 0.161806 
2.152, 0.162192 
2.153, 0.162578 
2.154, 0.162965 
2.155, 0.163351 
2.156, 0.163738 
2.157, 0.164124 
2.158, 0.164511 
2.159, 0.164898 
2.16, 0.165284 
2.161, 0.165671 
2.162, 0.166058 
2.163, 0.166444 
2.164, 0.166831 
2.165, 0.167218 
2.166, 0.167605 
2.167, 0.167992 
2.168, 0.168379 
2.169, 0.168766 
2.17, 0.169153 
2.171, 0.16954 
2.172, 0.169927 
2.173, 0.170314 
2.174, 0.170701 
2.175, 0.171088 
2.176, 0.171475 
2.177, 0.171862 
2.178, 0.172249 
2.179, 0.172637 
2.18, 0.173024 
2.181, 0.173411 
2.182, 0.173798 
2.183, 0.174186 
2.184, 0.174573 
2.185, 0.17496 
2.186, 0.175348 
2.187, 0.175735 
2.188, 0.176122 
2.189, 0.17651 
2.19, 0.176897 
2.191, 0.177284 
2.192, 0.177672 
2.193, 0.178059 
2.194, 0.178446 
2.195, 0.178834 
2.196, 0.179221 
2.197, 0.179609 
2.198, 0.179996 
2.199, 0.180383 
2.2, 0.180771 
2.201, 0.181158 
2.202, 0.181546 
2.203, 0.181933 
2.204, 0.18232 
2.205, 0.182708 
2.206, 0.183095 
2.207, 0.183483 
2.208, 0.18387 
2.209, 0.184257 
2.21, 0.184645 
2.211, 0.185032 
2.212, 0.185419 
2.213, 0.185807 
2.214, 0.186194 
2.215, 0.186581 
2.216, 0.186968 
2.217, 0.187356 
2.218, 0.187743 
2.219, 0.18813 
2.22, 0.188517 
2.221, 0.188905 
2.222, 0.189292 
2.223, 0.189679 
2.224, 0.190066 
2.225, 0.190453 
2.226, 0.19084 
2.227, 0.191227 
2.228, 0.191614 
2.229, 0.192001 
2.23, 0.192388 
2.231, 0.192775 
2.232, 0.193162 
2.233, 0.193549 
2.234, 0.193936 
2.235, 0.194323 
2.236, 0.19471 
2.237, 0.195097 
2.238, 0.195483 
2.239, 0.19587 
2.24, 0.196257 
2.241, 0.196644 
2.242, 0.19703 
2.243, 0.197417 
2.244, 0.197803 
2.245, 0.19819 
2.246, 0.198576 
2.247, 0.198963 
2.248, 0.199349 
2.249, 0.199736 
2.25, 0.200122 
2.251, 0.200508 
2.252, 0.200894 
2.253, 0.201281 
2.254, 0.201667 
2.255, 0.202053 
2.256, 0.202439 
2.257, 0.202825 
2.258, 0.203211 
2.259, 0.203597 
2.26, 0.203983 
2.261, 0.204369 
2.262, 0.204754 
2.263, 0.20514 
2.264, 0.205526 
2.265, 0.205912 
2.266, 0.206297 
2.267, 0.206683 
2.268, 0.207068 
2.269, 0.207454 
2.27, 0.207839 
2.271, 0.208224 
2.272, 0.208609 
2.273, 0.208995 
2.274, 0.20938 
2.275, 0.209765 
2.276, 0.21015 
2.277, 0.210535 
2.278, 0.21092 
2.279, 0.211305 
2.28, 0.211689 
2.281, 0.212074 
2.282, 0.212459 
2.283, 0.212843 
2.284, 0.213228 
2.285, 0.213612 
2.286, 0.213997 
2.287, 0.214381 
2.288, 0.214765 
2.289, 0.21515 
2.29, 0.215534 
2.291, 0.215918 
2.292, 0.216302 
2.293, 0.216686 
2.294, 0.21707 
2.295, 0.217453 
2.296, 0.217837 
2.297, 0.218221 
2.298, 0.218604 
2.299, 0.218988 
2.3, 0.219371 
2.301, 0.219755 
2.302, 0.220138 
2.303, 0.220521 
2.304, 0.220904 
2.305, 0.221287 
2.306, 0.22167 
2.307, 0.222053 
2.308, 0.222436 
2.309, 0.222819 
2.31, 0.223201 
2.311, 0.223584 
2.312, 0.223967 
2.313, 0.224349 
2.314, 0.224731 
2.315, 0.225114 
2.316, 0.225496 
2.317, 0.225878 
2.318, 0.22626 
2.319, 0.226642 
2.32, 0.227024 
2.321, 0.227405 
2.322, 0.227787 
2.323, 0.228169 
2.324, 0.22855 
2.325, 0.228931 
2.326, 0.229313 
2.327, 0.229694 
2.328, 0.230075 
2.329, 0.230456 
2.33, 0.230837 
2.331, 0.231218 
2.332, 0.231599 
2.333, 0.23198 
2.334, 0.23236 
2.335, 0.232741 
2.336, 0.233121 
2.337, 0.233501 
2.338, 0.233882 
2.339, 0.234262 
2.34, 0.234642 
2.341, 0.235022 
2.342, 0.235401 
2.343, 0.235781 
2.344, 0.236161 
2.345, 0.23654 
2.346, 0.23692 
2.347, 0.237299 
2.348, 0.237678 
2.349, 0.238058 
2.35, 0.238437 
2.351, 0.238816 
2.352, 0.239194 
2.353, 0.239573 
2.354, 0.239952 
2.355, 0.24033 
2.356, 0.240709 
2.357, 0.241087 
2.358, 0.241465 
2.359, 0.241844 
2.36, 0.242222 
2.361, 0.242599 
2.362, 0.242977 
2.363, 0.243355 
2.364, 0.243733 
2.365, 0.24411 
2.366, 0.244487 
2.367, 0.244865 
2.368, 0.245242 
2.369, 0.245619 
2.37, 0.245996 
2.371, 0.246373 
2.372, 0.24675 
2.373, 0.247126 
2.374, 0.247503 
2.375, 0.247879 
2.376, 0.248255 
2.377, 0.248632 
2.378, 0.249008 
2.379, 0.249384 
2.38, 0.249759 
2.381, 0.250135 
2.382, 0.250511 
2.383, 0.250886 
2.384, 0.251262 
2.385, 0.251637 
2.386, 0.252012 
2.387, 0.252387 
2.388, 0.252762 
2.389, 0.253137 
2.39, 0.253511 
2.391, 0.253886 
2.392, 0.254261 
2.393, 0.254635 
2.394, 0.255009 
2.395, 0.255383 
2.396, 0.255757 
2.397, 0.256131 
2.398, 0.256505 
2.399, 0.256878 
2.4, 0.257252 
2.401, 0.257625 
2.402, 0.257998 
2.403, 0.258372 
2.404, 0.258745 
2.405, 0.259117 
2.406, 0.25949 
2.407, 0.259863 
2.408, 0.260235 
2.409, 0.260608 
2.41, 0.26098 
2.411, 0.261352 
2.412, 0.261724 
2.413, 0.262096 
2.414, 0.262468 
2.415, 0.262839 
2.416, 0.263211 
2.417, 0.263582 
2.418, 0.263954 
2.419, 0.264325 
2.42, 0.264696 
2.421, 0.265067 
2.422, 0.265437 
2.423, 0.265808 
2.424, 0.266178 
2.425, 0.266549 
2.426, 0.266919 
2.427, 0.267289 
2.428, 0.267659 
2.429, 0.268029 
2.43, 0.268398 
2.431, 0.268768 
2.432, 0.269137 
2.433, 0.269507 
2.434, 0.269876 
2.435, 0.270245 
2.436, 0.270614 
2.437, 0.270983 
2.438, 0.271351 
2.439, 0.27172 
2.44, 0.272088 
2.441, 0.272456 
2.442, 0.272824 
2.443, 0.273192 
2.444, 0.27356 
2.445, 0.273928 
2.446, 0.274295 
2.447, 0.274663 
2.448, 0.27503 
2.449, 0.275397 
2.45, 0.275764 
2.451, 0.276131 
2.452, 0.276498 
2.453, 0.276864 
2.454, 0.277231 
2.455, 0.277597 
2.456, 0.277963 
2.457, 0.278329 
2.458, 0.278695 
2.459, 0.279061 
2.46, 0.279427 
2.461, 0.279792 
2.462, 0.280157 
2.463, 0.280523 
2.464, 0.280888 
2.465, 0.281253 
2.466, 0.281617 
2.467, 0.281982 
2.468, 0.282346 
2.469, 0.282711 
2.47, 0.283075 
2.471, 0.283439 
2.472, 0.283803 
2.473, 0.284167 
2.474, 0.28453 
2.475, 0.284894 
2.476, 0.285257 
2.477, 0.28562 
2.478, 0.285983 
2.479, 0.286346 
2.48, 0.286709 
2.481, 0.287072 
2.482, 0.287434 
2.483, 0.287796 
2.484, 0.288159 
2.485, 0.288521 
2.486, 0.288882 
2.487, 0.289244 
2.488, 0.289606 
2.489, 0.289967 
2.49, 0.290328 
2.491, 0.29069 
2.492, 0.291051 
2.493, 0.291411 
2.494, 0.291772 
2.495, 0.292133 
2.496, 0.292493 
2.497, 0.292853 
2.498, 0.293213 
2.499, 0.293573 
2.5, 0.293933 
2.501, 0.294293 
2.502, 0.294652 
2.503, 0.295011 
2.504, 0.295371 
2.505, 0.29573 
2.506, 0.296089 
2.507, 0.296447 
2.508, 0.296806 
2.509, 0.297164 
2.51, 0.297523 
2.511, 0.297881 
2.512, 0.298239 
2.513, 0.298596 
2.514, 0.298954 
2.515, 0.299312 
2.516, 0.299669 
2.517, 0.300026 
2.518, 0.300383 
2.519, 0.30074 
2.52, 0.301097 
2.521, 0.301453 
2.522, 0.30181 
2.523, 0.302166 
2.524, 0.302522 
2.525, 0.302878 
2.526, 0.303234 
2.527, 0.30359 
2.528, 0.303945 
2.529, 0.304301 
2.53, 0.304656 
2.531, 0.305011 
2.532, 0.305366 
2.533, 0.30572 
2.534, 0.306075 
2.535, 0.306429 
2.536, 0.306784 
2.537, 0.307138 
2.538, 0.307492 
2.539, 0.307845 
2.54, 0.308199 
2.541, 0.308552 
2.542, 0.308906 
2.543, 0.309259 
2.544, 0.309612 
2.545, 0.309965 
2.546, 0.310317 
2.547, 0.31067 
2.548, 0.311022 
2.549, 0.311374 
2.55, 0.311726 
2.551, 0.312078 
2.552, 0.31243 
2.553, 0.312782 
2.554, 0.313133 
2.555, 0.313484 
2.556, 0.313835 
2.557, 0.314186 
2.558, 0.314537 
2.559, 0.314887 
2.56, 0.315238 
2.561, 0.315588 
2.562, 0.315938 
2.563, 0.316288 
2.564, 0.316638 
2.565, 0.316988 
2.566, 0.317337 
2.567, 0.317686 
2.568, 0.318035 
2.569, 0.318384 
2.57, 0.318733 
2.571, 0.319082 
2.572, 0.31943 
2.573, 0.319779 
2.574, 0.320127 
2.575, 0.320475 
2.576, 0.320823 
2.577, 0.32117 
2.578, 0.321518 
2.579, 0.321865 
2.58, 0.322212 
2.581, 0.322559 
2.582, 0.322906 
2.583, 0.323253 
2.584, 0.323599 
2.585, 0.323946 
2.586, 0.324292 
2.587, 0.324638 
2.588, 0.324984 
2.589, 0.325329 
2.59, 0.325675 
2.591, 0.32602 
2.592, 0.326365 
2.593, 0.32671 
2.594, 0.327055 
2.595, 0.3274 
2.596, 0.327744 
2.597, 0.328089 
2.598, 0.328433 
2.599, 0.328777 
2.6, 0.329121 
2.601, 0.329465 
2.602, 0.329808 
2.603, 0.330152 
2.604, 0.330495 
2.605, 0.330838 
2.606, 0.331181 
2.607, 0.331523 
2.608, 0.331866 
2.609, 0.332208 
2.61, 0.33255 
2.611, 0.332892 
2.612, 0.333234 
2.613, 0.333576 
2.614, 0.333917 
2.615, 0.334259 
2.616, 0.3346 
2.617, 0.334941 
2.618, 0.335282 
2.619, 0.335623 
2.62, 0.335963 
2.621, 0.336303 
2.622, 0.336644 
2.623, 0.336984 
2.624, 0.337323 
2.625, 0.337663 
2.626, 0.338003 
2.627, 0.338342 
2.628, 0.338681 
2.629, 0.33902 
2.63, 0.339359 
2.631, 0.339698 
2.632, 0.340036 
2.633, 0.340374 
2.634, 0.340712 
2.635, 0.34105 
2.636, 0.341388 
2.637, 0.341726 
2.638, 0.342063 
2.639, 0.342401 
2.64, 0.342738 
2.641, 0.343075 
2.642, 0.343411 
2.643, 0.343748 
2.644, 0.344085 
2.645, 0.344421 
2.646, 0.344757 
2.647, 0.345093 
2.648, 0.345429 
2.649, 0.345764 
2.65, 0.3461 
2.651, 0.346435 
2.652, 0.34677 
2.653, 0.347105 
2.654, 0.34744 
2.655, 0.347774 
2.656, 0.348109 
2.657, 0.348443 
2.658, 0.348777 
2.659, 0.349111 
2.66, 0.349444 
2.661, 0.349778 
2.662, 0.350111 
2.663, 0.350444 
2.664, 0.350777 
2.665, 0.35111 
2.666, 0.351443 
2.667, 0.351775 
2.668, 0.352108 
2.669, 0.35244 
2.67, 0.352772 
2.671, 0.353104 
2.672, 0.353435 
2.673, 0.353767 
2.674, 0.354098 
2.675, 0.354429 
2.676, 0.35476 
2.677, 0.355091 
2.678, 0.355422 
2.679, 0.355752 
2.68, 0.356082 
2.681, 0.356412 
2.682, 0.356742 
2.683, 0.357072 
2.684, 0.357402 
2.685, 0.357731 
2.686, 0.35806 
2.687, 0.358389 
2.688, 0.358718 
2.689, 0.359047 
2.69, 0.359375 
2.691, 0.359704 
2.692, 0.360032 
2.693, 0.36036 
2.694, 0.360688 
2.695, 0.361015 
2.696, 0.361343 
2.697, 0.36167 
2.698, 0.361997 
2.699, 0.362324 
2.7, 0.362651 
2.701, 0.362978 
2.702, 0.363304 
2.703, 0.36363 
2.704, 0.363956 
2.705, 0.364282 
2.706, 0.364608 
2.707, 0.364934 
2.708, 0.365259 
2.709, 0.365584 
2.71, 0.365909 
2.711, 0.366234 
2.712, 0.366559 
2.713, 0.366883 
2.714, 0.367208 
2.715, 0.367532 
2.716, 0.367856 
2.717, 0.36818 
2.718, 0.368503 
2.719, 0.368827 
2.72, 0.36915 
2.721, 0.369473 
2.722, 0.369796 
2.723, 0.370119 
2.724, 0.370442 
2.725, 0.370764 
2.726, 0.371086 
2.727, 0.371409 
2.728, 0.37173 
2.729, 0.372052 
2.73, 0.372374 
2.731, 0.372695 
2.732, 0.373016 
2.733, 0.373337 
2.734, 0.373658 
2.735, 0.373979 
2.736, 0.374299 
2.737, 0.37462 
2.738, 0.37494 
2.739, 0.37526 
2.74, 0.37558 
2.741, 0.375899 
2.742, 0.376219 
2.743, 0.376538 
2.744, 0.376857 
2.745, 0.377176 
2.746, 0.377495 
2.747, 0.377814 
2.748, 0.378132 
2.749, 0.37845 
2.75, 0.378768 
2.751, 0.379086 
2.752, 0.379404 
2.753, 0.379721 
2.754, 0.380039 
2.755, 0.380356 
2.756, 0.380673 
2.757, 0.38099 
2.758, 0.381307 
2.759, 0.381623 
2.76, 0.381939 
2.761, 0.382255 
2.762, 0.382571 
2.763, 0.382887 
2.764, 0.383203 
2.765, 0.383518 
2.766, 0.383834 
2.767, 0.384149 
2.768, 0.384464 
2.769, 0.384778 
2.77, 0.385093 
2.771, 0.385407 
2.772, 0.385721 
2.773, 0.386035 
2.774, 0.386349 
2.775, 0.386663 
2.776, 0.386977 
2.777, 0.38729 
2.778, 0.387603 
2.779, 0.387916 
2.78, 0.388229 
2.781, 0.388542 
2.782, 0.388854 
2.783, 0.389166 
2.784, 0.389478 
2.785, 0.38979 
2.786, 0.390102 
2.787, 0.390414 
2.788, 0.390725 
2.789, 0.391036 
2.79, 0.391347 
2.791, 0.391658 
2.792, 0.391969 
2.793, 0.392279 
2.794, 0.39259 
2.795, 0.3929 
2.796, 0.39321 
2.797, 0.39352 
2.798, 0.39383 
2.799, 0.394139 
2.8, 0.394448 
2.801, 0.394757 
2.802, 0.395066 
2.803, 0.395375 
2.804, 0.395684 
2.805, 0.395992 
2.806, 0.396301 
2.807, 0.396609 
2.808, 0.396917 
2.809, 0.397224 
2.81, 0.397532 
2.811, 0.397839 
2.812, 0.398146 
2.813, 0.398453 
2.814, 0.39876 
2.815, 0.399067 
2.816, 0.399374 
2.817, 0.39968 
2.818, 0.399986 
2.819, 0.400292 
2.82, 0.400598 
2.821, 0.400903 
2.822, 0.401209 
2.823, 0.401514 
2.824, 0.401819 
2.825, 0.402124 
2.826, 0.402429 
2.827, 0.402734 
2.828, 0.403038 
2.829, 0.403342 
2.83, 0.403646 
2.831, 0.40395 
2.832, 0.404254 
2.833, 0.404558 
2.834, 0.404861 
2.835, 0.405164 
2.836, 0.405467 
2.837, 0.40577 
2.838, 0.406073 
2.839, 0.406375 
2.84, 0.406677 
2.841, 0.40698 
2.842, 0.407282 
2.843, 0.407583 
2.844, 0.407885 
2.845, 0.408186 
2.846, 0.408488 
2.847, 0.408789 
2.848, 0.40909 
2.849, 0.409391 
2.85, 0.409691 
2.851, 0.409992 
2.852, 0.410292 
2.853, 0.410592 
2.854, 0.410892 
2.855, 0.411191 
2.856, 0.411491 
2.857, 0.41179 
2.858, 0.41209 
2.859, 0.412389 
2.86, 0.412687 
2.861, 0.412986 
2.862, 0.413285 
2.863, 0.413583 
2.864, 0.413881 
2.865, 0.414179 
2.866, 0.414477 
2.867, 0.414774 
2.868, 0.415072 
2.869, 0.415369 
2.87, 0.415666 
2.871, 0.415963 
2.872, 0.41626 
2.873, 0.416557 
2.874, 0.416853 
2.875, 0.417149 
2.876, 0.417445 
2.877, 0.417741 
2.878, 0.418037 
2.879, 0.418332 
2.88, 0.418628 
2.881, 0.418923 
2.882, 0.419218 
2.883, 0.419513 
2.884, 0.419808 
2.885, 0.420102 
2.886, 0.420396 
2.887, 0.420691 
2.888, 0.420985 
2.889, 0.421278 
2.89, 0.421572 
2.891, 0.421866 
2.892, 0.422159 
2.893, 0.422452 
2.894, 0.422745 
2.895, 0.423038 
2.896, 0.42333 
2.897, 0.423623 
2.898, 0.423915 
2.899, 0.424207 
2.9, 0.424499 
2.901, 0.424791 
2.902, 0.425082 
2.903, 0.425374 
2.904, 0.425665 
2.905, 0.425956 
2.906, 0.426247 
2.907, 0.426538 
2.908, 0.426828 
2.909, 0.427119 
2.91, 0.427409 
2.911, 0.427699 
2.912, 0.427989 
2.913, 0.428279 
2.914, 0.428568 
2.915, 0.428857 
2.916, 0.429147 
2.917, 0.429436 
2.918, 0.429724 
2.919, 0.430013 
2.92, 0.430302 
2.921, 0.43059 
2.922, 0.430878 
2.923, 0.431166 
2.924, 0.431454 
2.925, 0.431741 
2.926, 0.432029 
2.927, 0.432316 
2.928, 0.432603 
2.929, 0.43289 
2.93, 0.433177 
2.931, 0.433464 
2.932, 0.43375 
2.933, 0.434036 
2.934, 0.434322 
2.935, 0.434608 
2.936, 0.434894 
2.937, 0.43518 
2.938, 0.435465 
2.939, 0.43575 
2.94, 0.436035 
2.941, 0.43632 
2.942, 0.436605 
2.943, 0.43689 
2.944, 0.437174 
2.945, 0.437458 
2.946, 0.437742 
2.947, 0.438026 
2.948, 0.43831 
2.949, 0.438593 
2.95, 0.438877 
2.951, 0.43916 
2.952, 0.439443 
2.953, 0.439726 
2.954, 0.440009 
2.955, 0.440291 
2.956, 0.440574 
2.957, 0.440856 
2.958, 0.441138 
2.959, 0.44142 
2.96, 0.441701 
2.961, 0.441983 
2.962, 0.442264 
2.963, 0.442545 
2.964, 0.442826 
2.965, 0.443107 
2.966, 0.443388 
2.967, 0.443668 
2.968, 0.443949 
2.969, 0.444229 
2.97, 0.444509 
2.971, 0.444789 
2.972, 0.445068 
2.973, 0.445348 
2.974, 0.445627 
2.975, 0.445906 
2.976, 0.446185 
2.977, 0.446464 
2.978, 0.446743 
2.979, 0.447021 
2.98, 0.447299 
2.981, 0.447578 
2.982, 0.447856 
2.983, 0.448133 
2.984, 0.448411 
2.985, 0.448689 
2.986, 0.448966 
2.987, 0.449243 
2.988, 0.44952 
2.989, 0.449797 
2.99, 0.450073 
2.991, 0.45035 
2.992, 0.450626 
2.993, 0.450902 
2.994, 0.451178 
2.995, 0.451454 
2.996, 0.45173 
2.997, 0.452005 
2.998, 0.45228 
2.999, 0.452556 
3, 0.452831 
3.001, 0.453105 
3.002, 0.45338 
3.003, 0.453654 
3.004, 0.453929 
3.005, 0.454203 
3.006, 0.454477 
3.007, 0.454751 
3.008, 0.455024 
3.009, 0.455298 
3.01, 0.455571 
3.011, 0.455844 
3.012, 0.456117 
3.013, 0.45639 
3.014, 0.456663 
3.015, 0.456935 
3.016, 0.457207 
3.017, 0.457479 
3.018, 0.457751 
3.019, 0.458023 
3.02, 0.458295 
3.021, 0.458566 
3.022, 0.458838 
3.023, 0.459109 
3.024, 0.45938 
3.025, 0.459651 
3.026, 0.459921 
3.027, 0.460192 
3.028, 0.460462 
3.029, 0.460732 
3.03, 0.461002 
3.031, 0.461272 
3.032, 0.461542 
3.033, 0.461811 
3.034, 0.46208 
3.035, 0.46235 
3.036, 0.462619 
3.037, 0.462887 
3.038, 0.463156 
3.039, 0.463425 
3.04, 0.463693 
3.041, 0.463961 
3.042, 0.464229 
3.043, 0.464497 
3.044, 0.464765 
3.045, 0.465032 
3.046, 0.4653 
3.047, 0.465567 
3.048, 0.465834 
3.049, 0.466101 
3.05, 0.466367 
3.051, 0.466634 
3.052, 0.4669 
3.053, 0.467167 
3.054, 0.467433 
3.055, 0.467699 
3.056, 0.467964 
3.057, 0.46823 
3.058, 0.468495 
3.059, 0.468761 
3.06, 0.469026 
3.061, 0.469291 
3.062, 0.469555 
3.063, 0.46982 
3.064, 0.470084 
3.065, 0.470349 
3.066, 0.470613 
3.067, 0.470877 
3.068, 0.47114 
3.069, 0.471404 
3.07, 0.471667 
3.071, 0.471931 
3.072, 0.472194 
3.073, 0.472457 
3.074, 0.47272 
3.075, 0.472982 
3.076, 0.473245 
3.077, 0.473507 
3.078, 0.473769 
3.079, 0.474031 
3.08, 0.474293 
3.081, 0.474555 
3.082, 0.474816 
3.083, 0.475078 
3.084, 0.475339 
3.085, 0.4756 
3.086, 0.475861 
3.087, 0.476122 
3.088, 0.476382 
3.089, 0.476643 
3.09, 0.476903 
3.091, 0.477163 
3.092, 0.477423 
3.093, 0.477682 
3.094, 0.477942 
3.095, 0.478202 
3.096, 0.478461 
3.097, 0.47872 
3.098, 0.478979 
3.099, 0.479238 
3.1, 0.479496 
3.101, 0.479755 
3.102, 0.480013 
3.103, 0.480271 
3.104, 0.480529 
3.105, 0.480787 
3.106, 0.481045 
3.107, 0.481302 
3.108, 0.48156 
3.109, 0.481817 
3.11, 0.482074 
3.111, 0.482331 
3.112, 0.482587 
3.113, 0.482844 
3.114, 0.4831 
3.115, 0.483357 
3.116, 0.483613 
3.117, 0.483869 
3.118, 0.484124 
3.119, 0.48438 
3.12, 0.484636 
3.121, 0.484891 
3.122, 0.485146 
3.123, 0.485401 
3.124, 0.485656 
3.125, 0.48591 
3.126, 0.486165 
3.127, 0.486419 
3.128, 0.486674 
3.129, 0.486928 
3.13, 0.487181 
3.131, 0.487435 
3.132, 0.487689 
3.133, 0.487942 
3.134, 0.488195 
3.135, 0.488448 
3.136, 0.488701 
3.137, 0.488954 
3.138, 0.489207 
3.139, 0.489459 
3.14, 0.489712 
3.141, 0.489964 
3.142, 0.490216 
3.143, 0.490468 
3.144, 0.490719 
3.145, 0.490971 
3.146, 0.491222 
3.147, 0.491473 
3.148, 0.491724 
3.149, 0.491975 
3.15, 0.492226 
3.151, 0.492477 
3.152, 0.492727 
3.153, 0.492977 
3.154, 0.493228 
3.155, 0.493477 
3.156, 0.493727 
3.157, 0.493977 
3.158, 0.494226 
3.159, 0.494476 
3.16, 0.494725 
3.161, 0.494974 
3.162, 0.495223 
3.163, 0.495472 
3.164, 0.49572 
3.165, 0.495969 
3.166, 0.496217 
3.167, 0.496465 
3.168, 0.496713 
3.169, 0.496961 
3.17, 0.497208 
3.171, 0.497456 
3.172, 0.497703 
3.173, 0.497951 
3.174, 0.498198 
3.175, 0.498444 
3.176, 0.498691 
3.177, 0.498938 
3.178, 0.499184 
3.179, 0.49943 
3.18, 0.499677 
3.181, 0.499922 
3.182, 0.500168 
3.183, 0.500414 
3.184, 0.500659 
3.185, 0.500905 
3.186, 0.50115 
3.187, 0.501395 
3.188, 0.50164 
3.189, 0.501885 
3.19, 0.502129 
3.191, 0.502374 
3.192, 0.502618 
3.193, 0.502862 
3.194, 0.503106 
3.195, 0.50335 
3.196, 0.503594 
3.197, 0.503837 
3.198, 0.50408 
3.199, 0.504324 
3.2, 0.504567 
3.201, 0.50481 
3.202, 0.505052 
3.203, 0.505295 
3.204, 0.505537 
3.205, 0.50578 
3.206, 0.506022 
3.207, 0.506264 
3.208, 0.506506 
3.209, 0.506748 
3.21, 0.506989 
3.211, 0.50723 
3.212, 0.507472 
3.213, 0.507713 
3.214, 0.507954 
3.215, 0.508195 
3.216, 0.508435 
3.217, 0.508676 
3.218, 0.508916 
3.219, 0.509156 
3.22, 0.509396 
3.221, 0.509636 
3.222, 0.509876 
3.223, 0.510116 
3.224, 0.510355 
3.225, 0.510594 
3.226, 0.510833 
3.227, 0.511072 
3.228, 0.511311 
3.229, 0.51155 
3.23, 0.511789 
3.231, 0.512027 
3.232, 0.512265 
3.233, 0.512503 
3.234, 0.512741 
3.235, 0.512979 
3.236, 0.513217 
3.237, 0.513454 
3.238, 0.513692 
3.239, 0.513929 
3.24, 0.514166 
3.241, 0.514403 
3.242, 0.51464 
3.243, 0.514876 
3.244, 0.515113 
3.245, 0.515349 
3.246, 0.515585 
3.247, 0.515821 
3.248, 0.516057 
3.249, 0.516293 
3.25, 0.516528 
3.251, 0.516764 
3.252, 0.516999 
3.253, 0.517234 
3.254, 0.517469 
3.255, 0.517704 
3.256, 0.517939 
3.257, 0.518173 
3.258, 0.518408 
3.259, 0.518642 
3.26, 0.518876 
3.261, 0.51911 
3.262, 0.519344 
3.263, 0.519578 
3.264, 0.519811 
3.265, 0.520045 
3.266, 0.520278 
3.267, 0.520511 
3.268, 0.520744 
3.269, 0.520977 
3.27, 0.521209 
3.271, 0.521442 
3.272, 0.521674 
3.273, 0.521907 
3.274, 0.522139 
3.275, 0.522371 
3.276, 0.522602 
3.277, 0.522834 
3.278, 0.523065 
3.279, 0.523297 
3.28, 0.523528 
3.281, 0.523759 
3.282, 0.52399 
3.283, 0.524221 
3.284, 0.524451 
3.285, 0.524682 
3.286, 0.524912 
3.287, 0.525142 
3.288, 0.525372 
3.289, 0.525602 
3.29, 0.525832 
3.291, 0.526062 
3.292, 0.526291 
3.293, 0.526521 
3.294, 0.52675 
3.295, 0.526979 
3.296, 0.527208 
3.297, 0.527436 
3.298, 0.527665 
3.299, 0.527893 
3.3, 0.528122 
3.301, 0.52835 
3.302, 0.528578 
3.303, 0.528806 
3.304, 0.529034 
3.305, 0.529261 
3.306, 0.529489 
3.307, 0.529716 
3.308, 0.529943 
3.309, 0.53017 
3.31, 0.530397 
3.311, 0.530624 
3.312, 0.530851 
3.313, 0.531077 
3.314, 0.531303 
3.315, 0.53153 
3.316, 0.531756 
3.317, 0.531981 
3.318, 0.532207 
3.319, 0.532433 
3.32, 0.532658 
3.321, 0.532884 
3.322, 0.533109 
3.323, 0.533334 
3.324, 0.533559 
3.325, 0.533784 
3.326, 0.534008 
3.327, 0.534233 
3.328, 0.534457 
3.329, 0.534681 
3.33, 0.534905 
3.331, 0.535129 
3.332, 0.535353 
3.333, 0.535577 
3.334, 0.5358 
3.335, 0.536024 
3.336, 0.536247 
3.337, 0.53647 
3.338, 0.536693 
3.339, 0.536916 
3.34, 0.537138 
3.341, 0.537361 
3.342, 0.537583 
3.343, 0.537805 
3.344, 0.538028 
3.345, 0.53825 
3.346, 0.538471 
3.347, 0.538693 
3.348, 0.538915 
3.349, 0.539136 
3.35, 0.539357 
3.351, 0.539578 
3.352, 0.539799 
3.353, 0.54002 
3.354, 0.540241 
3.355, 0.540462 
3.356, 0.540682 
3.357, 0.540902 
3.358, 0.541122 
3.359, 0.541343 
3.36, 0.541562 
3.361, 0.541782 
3.362, 0.542002 
3.363, 0.542221 
3.364, 0.542441 
3.365, 0.54266 
3.366, 0.542879 
3.367, 0.543098 
3.368, 0.543317 
3.369, 0.543535 
3.37, 0.543754 
3.371, 0.543972 
3.372, 0.54419 
3.373, 0.544408 
3.374, 0.544626 
3.375, 0.544844 
3.376, 0.545062 
3.377, 0.545279 
3.378, 0.545497 
3.379, 0.545714 
3.38, 0.545931 
3.381, 0.546148 
3.382, 0.546365 
3.383, 0.546582 
3.384, 0.546799 
3.385, 0.547015 
3.386, 0.547231 
3.387, 0.547448 
3.388, 0.547664 
3.389, 0.54788 
3.39, 0.548095 
3.391, 0.548311 
3.392, 0.548526 
3.393, 0.548742 
3.394, 0.548957 
3.395, 0.549172 
3.396, 0.549387 
3.397, 0.549602 
3.398, 0.549817 
3.399, 0.550031 
3.4, 0.550246 
3.401, 0.55046 
3.402, 0.550674 
3.403, 0.550888 
3.404, 0.551102 
3.405, 0.551316 
3.406, 0.55153 
3.407, 0.551743 
3.408, 0.551956 
3.409, 0.55217 
3.41, 0.552383 
3.411, 0.552596 
3.412, 0.552809 
3.413, 0.553021 
3.414, 0.553234 
3.415, 0.553446 
3.416, 0.553659 
3.417, 0.553871 
3.418, 0.554083 
3.419, 0.554295 
3.42, 0.554506 
3.421, 0.554718 
3.422, 0.554929 
3.423, 0.555141 
3.424, 0.555352 
3.425, 0.555563 
3.426, 0.555774 
3.427, 0.555985 
3.428, 0.556196 
3.429, 0.556406 
3.43, 0.556617 
3.431, 0.556827 
3.432, 0.557037 
3.433, 0.557247 
3.434, 0.557457 
3.435, 0.557667 
3.436, 0.557877 
3.437, 0.558086 
3.438, 0.558295 
3.439, 0.558505 
3.44, 0.558714 
3.441, 0.558923 
3.442, 0.559132 
3.443, 0.55934 
3.444, 0.559549 
3.445, 0.559757 
3.446, 0.559966 
3.447, 0.560174 
3.448, 0.560382 
3.449, 0.56059 
3.45, 0.560798 
3.451, 0.561006 
3.452, 0.561213 
3.453, 0.561421 
3.454, 0.561628 
3.455, 0.561835 
3.456, 0.562042 
3.457, 0.562249 
3.458, 0.562456 
3.459, 0.562662 
3.46, 0.562869 
3.461, 0.563075 
3.462, 0.563282 
3.463, 0.563488 
3.464, 0.563694 
3.465, 0.563899 
3.466, 0.564105 
3.467, 0.564311 
3.468, 0.564516 
3.469, 0.564722 
3.47, 0.564927 
3.471, 0.565132 
3.472, 0.565337 
3.473, 0.565542 
3.474, 0.565747 
3.475, 0.565951 
3.476, 0.566156 
3.477, 0.56636 
3.478, 0.566564 
3.479, 0.566768 
3.48, 0.566972 
3.481, 0.567176 
3.482, 0.56738 
3.483, 0.567583 
3.484, 0.567787 
3.485, 0.56799 
3.486, 0.568193 
3.487, 0.568396 
3.488, 0.568599 
3.489, 0.568802 
3.49, 0.569005 
3.491, 0.569207 
3.492, 0.569409 
3.493, 0.569612 
3.494, 0.569814 
3.495, 0.570016 
3.496, 0.570218 
3.497, 0.57042 
3.498, 0.570621 
3.499, 0.570823 
3.5, 0.571024 
3.501, 0.571226 
3.502, 0.571427 
3.503, 0.571628 
3.504, 0.571829 
3.505, 0.572029 
3.506, 0.57223 
3.507, 0.572431 
3.508, 0.572631 
3.509, 0.572831 
3.51, 0.573031 
3.511, 0.573231 
3.512, 0.573431 
3.513, 0.573631 
3.514, 0.573831 
3.515, 0.57403 
3.516, 0.57423 
3.517, 0.574429 
3.518, 0.574628 
3.519, 0.574827 
3.52, 0.575026 
3.521, 0.575225 
3.522, 0.575423 
3.523, 0.575622 
3.524, 0.57582 
3.525, 0.576019 
3.526, 0.576217 
3.527, 0.576415 
3.528, 0.576613 
3.529, 0.57681 
3.53, 0.577008 
3.531, 0.577206 
3.532, 0.577403 
3.533, 0.5776 
3.534, 0.577798 
3.535, 0.577995 
3.536, 0.578191 
3.537, 0.578388 
3.538, 0.578585 
3.539, 0.578781 
3.54, 0.578978 
3.541, 0.579174 
3.542, 0.57937 
3.543, 0.579566 
3.544, 0.579762 
3.545, 0.579958 
3.546, 0.580154 
3.547, 0.580349 
3.548, 0.580545 
3.549, 0.58074 
3.55, 0.580935 
3.551, 0.581131 
3.552, 0.581325 
3.553, 0.58152 
3.554, 0.581715 
3.555, 0.58191 
3.556, 0.582104 
3.557, 0.582298 
3.558, 0.582493 
3.559, 0.582687 
3.56, 0.582881 
3.561, 0.583075 
3.562, 0.583268 
3.563, 0.583462 
3.564, 0.583656 
3.565, 0.583849 
3.566, 0.584042 
3.567, 0.584235 
3.568, 0.584428 
3.569, 0.584621 
3.57, 0.584814 
3.571, 0.585007 
3.572, 0.585199 
3.573, 0.585392 
3.574, 0.585584 
3.575, 0.585776 
3.576, 0.585968 
3.577, 0.58616 
3.578, 0.586352 
3.579, 0.586544 
3.58, 0.586735 
3.581, 0.586927 
3.582, 0.587118 
3.583, 0.587309 
3.584, 0.5875 
3.585, 0.587691 
3.586, 0.587882 
3.587, 0.588073 
3.588, 0.588264 
3.589, 0.588454 
3.59, 0.588644 
3.591, 0.588835 
3.592, 0.589025 
3.593, 0.589215 
3.594, 0.589405 
3.595, 0.589595 
3.596, 0.589784 
3.597, 0.589974 
3.598, 0.590163 
3.599, 0.590353 
3.6, 0.590542 
3.601, 0.590731 
3.602, 0.59092 
3.603, 0.591109 
3.604, 0.591297 
3.605, 0.591486 
3.606, 0.591675 
3.607, 0.591863 
3.608, 0.592051 
3.609, 0.592239 
3.61, 0.592427 
3.611, 0.592615 
3.612, 0.592803 
3.613, 0.592991 
3.614, 0.593178 
3.615, 0.593366 
3.616, 0.593553 
3.617, 0.59374 
3.618, 0.593927 
3.619, 0.594114 
3.62, 0.594301 
3.621, 0.594488 
3.622, 0.594675 
3.623, 0.594861 
3.624, 0.595048 
3.625, 0.595234 
3.626, 0.59542 
3.627, 0.595606 
3.628, 0.595792 
3.629, 0.595978 
3.63, 0.596163 
3.631, 0.596349 
3.632, 0.596535 
3.633, 0.59672 
3.634, 0.596905 
3.635, 0.59709 
3.636, 0.597275 
3.637, 0.59746 
3.638, 0.597645 
3.639, 0.59783 
3.64, 0.598014 
3.641, 0.598199 
3.642, 0.598383 
3.643, 0.598567 
3.644, 0.598751 
3.645, 0.598935 
3.646, 0.599119 
3.647, 0.599303 
3.648, 0.599486 
3.649, 0.59967 
3.65, 0.599853 
3.651, 0.600037 
3.652, 0.60022 
3.653, 0.600403 
3.654, 0.600586 
3.655, 0.600769 
3.656, 0.600951 
3.657, 0.601134 
3.658, 0.601317 
3.659, 0.601499 
3.66, 0.601681 
3.661, 0.601863 
3.662, 0.602045 
3.663, 0.602227 
3.664, 0.602409 
3.665, 0.602591 
3.666, 0.602773 
3.667, 0.602954 
3.668, 0.603135 
3.669, 0.603317 
3.67, 0.603498 
3.671, 0.603679 
3.672, 0.60386 
3.673, 0.604041 
3.674, 0.604221 
3.675, 0.604402 
3.676, 0.604582 
3.677, 0.604763 
3.678, 0.604943 
3.679, 0.605123 
3.68, 0.605303 
3.681, 0.605483 
3.682, 0.605663 
3.683, 0.605842 
3.684, 0.606022 
3.685, 0.606202 
3.686, 0.606381 
3.687, 0.60656 
3.688, 0.606739 
3.689, 0.606918 
3.69, 0.607097 
3.691, 0.607276 
3.692, 0.607455 
3.693, 0.607633 
3.694, 0.607812 
3.695, 0.60799 
3.696, 0.608168 
3.697, 0.608347 
3.698, 0.608525 
3.699, 0.608702 
3.7, 0.60888 
3.701, 0.609058 
3.702, 0.609236 
3.703, 0.609413 
3.704, 0.60959 
3.705, 0.609768 
3.706, 0.609945 
3.707, 0.610122 
3.708, 0.610299 
3.709, 0.610476 
3.71, 0.610652 
3.711, 0.610829 
3.712, 0.611005 
3.713, 0.611182 
3.714, 0.611358 
3.715, 0.611534 
3.716, 0.61171 
3.717, 0.611886 
3.718, 0.612062 
3.719, 0.612238 
3.72, 0.612413 
3.721, 0.612589 
3.722, 0.612764 
3.723, 0.61294 
3.724, 0.613115 
3.725, 0.61329 
3.726, 0.613465 
3.727, 0.61364 
3.728, 0.613815 
3.729, 0.613989 
3.73, 0.614164 
3.731, 0.614338 
3.732, 0.614512 
3.733, 0.614687 
3.734, 0.614861 
3.735, 0.615035 
3.736, 0.615209 
3.737, 0.615382 
3.738, 0.615556 
3.739, 0.61573 
3.74, 0.615903 
3.741, 0.616077 
3.742, 0.61625 
3.743, 0.616423 
3.744, 0.616596 
3.745, 0.616769 
3.746, 0.616942 
3.747, 0.617114 
3.748, 0.617287 
3.749, 0.61746 
3.75, 0.617632 
3.751, 0.617804 
3.752, 0.617976 
3.753, 0.618149 
3.754, 0.618321 
3.755, 0.618492 
3.756, 0.618664 
3.757, 0.618836 
3.758, 0.619007 
3.759, 0.619179 
3.76, 0.61935 
3.761, 0.619521 
3.762, 0.619693 
3.763, 0.619864 
3.764, 0.620035 
3.765, 0.620205 
3.766, 0.620376 
3.767, 0.620547 
3.768, 0.620717 
3.769, 0.620888 
3.77, 0.621058 
3.771, 0.621228 
3.772, 0.621398 
3.773, 0.621568 
3.774, 0.621738 
3.775, 0.621908 
3.776, 0.622077 
3.777, 0.622247 
3.778, 0.622416 
3.779, 0.622586 
3.78, 0.622755 
3.781, 0.622924 
3.782, 0.623093 
3.783, 0.623262 
3.784, 0.623431 
3.785, 0.6236 
3.786, 0.623768 
3.787, 0.623937 
3.788, 0.624105 
3.789, 0.624273 
3.79, 0.624442 
3.791, 0.62461 
3.792, 0.624778 
3.793, 0.624946 
3.794, 0.625114 
3.795, 0.625281 
3.796, 0.625449 
3.797, 0.625616 
3.798, 0.625784 
3.799, 0.625951 
3.8, 0.626118 
3.801, 0.626285 
3.802, 0.626452 
3.803, 0.626619 
3.804, 0.626786 
3.805, 0.626952 
3.806, 0.627119 
3.807, 0.627285 
3.808, 0.627452 
3.809, 0.627618 
3.81, 0.627784 
3.811, 0.62795 
3.812, 0.628116 
3.813, 0.628282 
3.814, 0.628448 
3.815, 0.628614 
3.816, 0.628779 
3.817, 0.628944 
3.818, 0.62911 
3.819, 0.629275 
3.82, 0.62944 
3.821, 0.629605 
3.822, 0.62977 
3.823, 0.629935 
3.824, 0.6301 
3.825, 0.630264 
3.826, 0.630429 
3.827, 0.630593 
3.828, 0.630758 
3.829, 0.630922 
3.83, 0.631086 
3.831, 0.63125 
3.832, 0.631414 
3.833, 0.631578 
3.834, 0.631742 
3.835, 0.631905 
3.836, 0.632069 
3.837, 0.632232 
3.838, 0.632396 
3.839, 0.632559 
3.84, 0.632722 
3.841, 0.632885 
3.842, 0.633048 
3.843, 0.633211 
3.844, 0.633373 
3.845, 0.633536 
3.846, 0.633699 
3.847, 0.633861 
3.848, 0.634023 
3.849, 0.634186 
3.85, 0.634348 
3.851, 0.63451 
3.852, 0.634672 
3.853, 0.634834 
3.854, 0.634995 
3.855, 0.635157 
3.856, 0.635318 
3.857, 0.63548 
3.858, 0.635641 
3.859, 0.635802 
3.86, 0.635964 
3.861, 0.636125 
3.862, 0.636286 
3.863, 0.636446 
3.864, 0.636607 
3.865, 0.636768 
3.866, 0.636928 
3.867, 0.637089 
3.868, 0.637249 
3.869, 0.63741 
3.87, 0.63757 
3.871, 0.63773 
3.872, 0.63789 
3.873, 0.63805 
3.874, 0.638209 
3.875, 0.638369 
3.876, 0.638529 
3.877, 0.638688 
3.878, 0.638848 
3.879, 0.639007 
3.88, 0.639166 
3.881, 0.639325 
3.882, 0.639484 
3.883, 0.639643 
3.884, 0.639802 
3.885, 0.639961 
3.886, 0.640119 
3.887, 0.640278 
3.888, 0.640436 
3.889, 0.640594 
3.89, 0.640753 
3.891, 0.640911 
3.892, 0.641069 
3.893, 0.641227 
3.894, 0.641385 
3.895, 0.641542 
3.896, 0.6417 
3.897, 0.641858 
3.898, 0.642015 
3.899, 0.642172 
3.9, 0.64233 
3.901, 0.642487 
3.902, 0.642644 
3.903, 0.642801 
3.904, 0.642958 
3.905, 0.643115 
3.906, 0.643271 
3.907, 0.643428 
3.908, 0.643584 
3.909, 0.643741 
3.91, 0.643897 
3.911, 0.644053 
3.912, 0.644209 
3.913, 0.644366 
3.914, 0.644521 
3.915, 0.644677 
3.916, 0.644833 
3.917, 0.644989 
3.918, 0.645144 
3.919, 0.6453 
3.92, 0.645455 
3.921, 0.64561 
3.922, 0.645766 
3.923, 0.645921 
3.924, 0.646076 
3.925, 0.646231 
3.926, 0.646385 
3.927, 0.64654 
3.928, 0.646695 
3.929, 0.646849 
3.93, 0.647004 
3.931, 0.647158 
3.932, 0.647312 
3.933, 0.647466 
3.934, 0.64762 
3.935, 0.647774 
3.936, 0.647928 
3.937, 0.648082 
3.938, 0.648236 
3.939, 0.648389 
3.94, 0.648543 
3.941, 0.648696 
3.942, 0.64885 
3.943, 0.649003 
3.944, 0.649156 
3.945, 0.649309 
3.946, 0.649462 
3.947, 0.649615 
3.948, 0.649767 
3.949, 0.64992 
3.95, 0.650073 
3.951, 0.650225 
3.952, 0.650378 
3.953, 0.65053 
3.954, 0.650682 
3.955, 0.650834 
3.956, 0.650986 
3.957, 0.651138 
3.958, 0.65129 
3.959, 0.651442 
3.96, 0.651593 
3.961, 0.651745 
3.962, 0.651896 
3.963, 0.652048 
3.964, 0.652199 
3.965, 0.65235 
3.966, 0.652501 
3.967, 0.652652 
3.968, 0.652803 
3.969, 0.652954 
3.97, 0.653105 
3.971, 0.653255 
3.972, 0.653406 
3.973, 0.653556 
3.974, 0.653707 
3.975, 0.653857 
3.976, 0.654007 
3.977, 0.654157 
3.978, 0.654307 
3.979, 0.654457 
3.98, 0.654607 
3.981, 0.654757 
3.982, 0.654907 
3.983, 0.655056 
3.984, 0.655206 
3.985, 0.655355 
3.986, 0.655504 
3.987, 0.655654 
3.988, 0.655803 
3.989, 0.655952 
3.99, 0.656101 
3.991, 0.656249 
3.992, 0.656398 
3.993, 0.656547 
3.994, 0.656695 
3.995, 0.656844 
3.996, 0.656992 
3.997, 0.657141 
3.998, 0.657289 
3.999, 0.657437 
4, 0.657585 
4.001, 0.657733 
4.002, 0.657881 
4.003, 0.658029 
4.004, 0.658176 
4.005, 0.658324 
4.006, 0.658471 
4.007, 0.658619 
4.008, 0.658766 
4.009, 0.658913 
4.01, 0.659061 
4.011, 0.659208 
4.012, 0.659355 
4.013, 0.659501 
4.014, 0.659648 
4.015, 0.659795 
4.016, 0.659942 
4.017, 0.660088 
4.018, 0.660235 
4.019, 0.660381 
4.02, 0.660527 
4.021, 0.660673 
4.022, 0.660819 
4.023, 0.660965 
4.024, 0.661111 
4.025, 0.661257 
4.026, 0.661403 
4.027, 0.661549 
4.028, 0.661694 
4.029, 0.66184 
4.03, 0.661985 
4.031, 0.66213 
4.032, 0.662276 
4.033, 0.662421 
4.034, 0.662566 
4.035, 0.662711 
4.036, 0.662856 
4.037, 0.663 
4.038, 0.663145 
4.039, 0.66329 
4.04, 0.663434 
4.041, 0.663579 
4.042, 0.663723 
4.043, 0.663867 
4.044, 0.664011 
4.045, 0.664156 
4.046, 0.6643 
4.047, 0.664443 
4.048, 0.664587 
4.049, 0.664731 
4.05, 0.664875 
4.051, 0.665018 
4.052, 0.665162 
4.053, 0.665305 
4.054, 0.665449 
4.055, 0.665592 
4.056, 0.665735 
4.057, 0.665878 
4.058, 0.666021 
4.059, 0.666164 
4.06, 0.666307 
4.061, 0.666449 
4.062, 0.666592 
4.063, 0.666735 
4.064, 0.666877 
4.065, 0.667019 
4.066, 0.667162 
4.067, 0.667304 
4.068, 0.667446 
4.069, 0.667588 
4.07, 0.66773 
4.071, 0.667872 
4.072, 0.668014 
4.073, 0.668155 
4.074, 0.668297 
4.075, 0.668439 
4.076, 0.66858 
4.077, 0.668721 
4.078, 0.668863 
4.079, 0.669004 
4.08, 0.669145 
4.081, 0.669286 
4.082, 0.669427 
4.083, 0.669568 
4.084, 0.669709 
4.085, 0.669849 
4.086, 0.66999 
4.087, 0.67013 
4.088, 0.670271 
4.089, 0.670411 
4.09, 0.670552 
4.091, 0.670692 
4.092, 0.670832 
4.093, 0.670972 
4.094, 0.671112 
4.095, 0.671252 
4.096, 0.671391 
4.097, 0.671531 
4.098, 0.671671 
4.099, 0.67181 
4.1, 0.67195 
4.101, 0.672089 
4.102, 0.672228 
4.103, 0.672367 
4.104, 0.672507 
4.105, 0.672646 
4.106, 0.672785 
4.107, 0.672923 
4.108, 0.673062 
4.109, 0.673201 
4.11, 0.67334 
4.111, 0.673478 
4.112, 0.673617 
4.113, 0.673755 
4.114, 0.673893 
4.115, 0.674031 
4.116, 0.67417 
4.117, 0.674308 
4.118, 0.674446 
4.119, 0.674583 
4.12, 0.674721 
4.121, 0.674859 
4.122, 0.674997 
4.123, 0.675134 
4.124, 0.675272 
4.125, 0.675409 
4.126, 0.675546 
4.127, 0.675683 
4.128, 0.675821 
4.129, 0.675958 
4.13, 0.676095 
4.131, 0.676232 
4.132, 0.676368 
4.133, 0.676505 
4.134, 0.676642 
4.135, 0.676778 
4.136, 0.676915 
4.137, 0.677051 
4.138, 0.677188 
4.139, 0.677324 
4.14, 0.67746 
4.141, 0.677596 
4.142, 0.677732 
4.143, 0.677868 
4.144, 0.678004 
4.145, 0.67814 
4.146, 0.678275 
4.147, 0.678411 
4.148, 0.678546 
4.149, 0.678682 
4.15, 0.678817 
4.151, 0.678953 
4.152, 0.679088 
4.153, 0.679223 
4.154, 0.679358 
4.155, 0.679493 
4.156, 0.679628 
4.157, 0.679763 
4.158, 0.679897 
4.159, 0.680032 
4.16, 0.680167 
4.161, 0.680301 
4.162, 0.680436 
4.163, 0.68057 
4.164, 0.680704 
4.165, 0.680838 
4.166, 0.680972 
4.167, 0.681106 
4.168, 0.68124 
4.169, 0.681374 
4.17, 0.681508 
4.171, 0.681642 
4.172, 0.681775 
4.173, 0.681909 
4.174, 0.682042 
4.175, 0.682176 
4.176, 0.682309 
4.177, 0.682442 
4.178, 0.682575 
4.179, 0.682708 
4.18, 0.682841 
4.181, 0.682974 
4.182, 0.683107 
4.183, 0.68324 
4.184, 0.683373 
4.185, 0.683505 
4.186, 0.683638 
4.187, 0.68377 
4.188, 0.683903 
4.189, 0.684035 
4.19, 0.684167 
4.191, 0.684299 
4.192, 0.684431 
4.193, 0.684563 
4.194, 0.684695 
4.195, 0.684827 
4.196, 0.684959 
4.197, 0.68509 
4.198, 0.685222 
4.199, 0.685353 
4.2, 0.685485 
4.201, 0.685616 
4.202, 0.685748 
4.203, 0.685879 
4.204, 0.68601 
4.205, 0.686141 
4.206, 0.686272 
4.207, 0.686403 
4.208, 0.686534 
4.209, 0.686664 
4.21, 0.686795 
4.211, 0.686926 
4.212, 0.687056 
4.213, 0.687187 
4.214, 0.687317 
4.215, 0.687447 
4.216, 0.687577 
4.217, 0.687708 
4.218, 0.687838 
4.219, 0.687968 
4.22, 0.688098 
4.221, 0.688227 
4.222, 0.688357 
4.223, 0.688487 
4.224, 0.688616 
4.225, 0.688746 
4.226, 0.688875 
4.227, 0.689005 
4.228, 0.689134 
4.229, 0.689263 
4.23, 0.689392 
4.231, 0.689521 
4.232, 0.68965 
4.233, 0.689779 
4.234, 0.689908 
4.235, 0.690037 
4.236, 0.690166 
4.237, 0.690294 
4.238, 0.690423 
4.239, 0.690551 
4.24, 0.69068 
4.241, 0.690808 
4.242, 0.690936 
4.243, 0.691064 
4.244, 0.691192 
4.245, 0.691321 
4.246, 0.691448 
4.247, 0.691576 
4.248, 0.691704 
4.249, 0.691832 
4.25, 0.691959 
4.251, 0.692087 
4.252, 0.692215 
4.253, 0.692342 
4.254, 0.692469 
4.255, 0.692597 
4.256, 0.692724 
4.257, 0.692851 
4.258, 0.692978 
4.259, 0.693105 
4.26, 0.693232 
4.261, 0.693359 
4.262, 0.693485 
4.263, 0.693612 
4.264, 0.693739 
4.265, 0.693865 
4.266, 0.693992 
4.267, 0.694118 
4.268, 0.694244 
4.269, 0.694371 
4.27, 0.694497 
4.271, 0.694623 
4.272, 0.694749 
4.273, 0.694875 
4.274, 0.695001 
4.275, 0.695126 
4.276, 0.695252 
4.277, 0.695378 
4.278, 0.695503 
4.279, 0.695629 
4.28, 0.695754 
4.281, 0.69588 
4.282, 0.696005 
4.283, 0.69613 
4.284, 0.696255 
4.285, 0.69638 
4.286, 0.696505 
4.287, 0.69663 
4.288, 0.696755 
4.289, 0.69688 
4.29, 0.697005 
4.291, 0.697129 
4.292, 0.697254 
4.293, 0.697378 
4.294, 0.697503 
4.295, 0.697627 
4.296, 0.697751 
4.297, 0.697876 
4.298, 0.698 
4.299, 0.698124 
4.3, 0.698248 
4.301, 0.698372 
4.302, 0.698495 
4.303, 0.698619 
4.304, 0.698743 
4.305, 0.698867 
4.306, 0.69899 
4.307, 0.699114 
4.308, 0.699237 
4.309, 0.69936 
4.31, 0.699484 
4.311, 0.699607 
4.312, 0.69973 
4.313, 0.699853 
4.314, 0.699976 
4.315, 0.700099 
4.316, 0.700222 
4.317, 0.700344 
4.318, 0.700467 
4.319, 0.70059 
4.32, 0.700712 
4.321, 0.700835 
4.322, 0.700957 
4.323, 0.70108 
4.324, 0.701202 
4.325, 0.701324 
4.326, 0.701446 
4.327, 0.701568 
4.328, 0.70169 
4.329, 0.701812 
4.33, 0.701934 
4.331, 0.702056 
4.332, 0.702177 
4.333, 0.702299 
4.334, 0.702421 
4.335, 0.702542 
4.336, 0.702664 
4.337, 0.702785 
4.338, 0.702906 
4.339, 0.703027 
4.34, 0.703149 
4.341, 0.70327 
4.342, 0.703391 
4.343, 0.703512 
4.344, 0.703632 
4.345, 0.703753 
4.346, 0.703874 
4.347, 0.703995 
4.348, 0.704115 
4.349, 0.704236 
4.35, 0.704356 
4.351, 0.704477 
4.352, 0.704597 
4.353, 0.704717 
4.354, 0.704837 
4.355, 0.704957 
4.356, 0.705077 
4.357, 0.705197 
4.358, 0.705317 
4.359, 0.705437 
4.36, 0.705557 
4.361, 0.705676 
4.362, 0.705796 
4.363, 0.705916 
4.364, 0.706035 
4.365, 0.706155 
4.366, 0.706274 
4.367, 0.706393 
4.368, 0.706512 
4.369, 0.706632 
4.37, 0.706751 
4.371, 0.70687 
4.372, 0.706989 
4.373, 0.707107 
4.374, 0.707226 
4.375, 0.707345 
4.376, 0.707464 
4.377, 0.707582 
4.378, 0.707701 
4.379, 0.707819 
4.38, 0.707937 
4.381, 0.708056 
4.382, 0.708174 
4.383, 0.708292 
4.384, 0.70841 
4.385, 0.708528 
4.386, 0.708646 
4.387, 0.708764 
4.388, 0.708882 
4.389, 0.709 
4.39, 0.709118 
4.391, 0.709235 
4.392, 0.709353 
4.393, 0.70947 
4.394, 0.709588 
4.395, 0.709705 
4.396, 0.709822 
4.397, 0.70994 
4.398, 0.710057 
4.399, 0.710174 
4.4, 0.710291 
4.401, 0.710408 
4.402, 0.710525 
4.403, 0.710642 
4.404, 0.710758 
4.405, 0.710875 
4.406, 0.710992 
4.407, 0.711108 
4.408, 0.711225 
4.409, 0.711341 
4.41, 0.711458 
4.411, 0.711574 
4.412, 0.71169 
4.413, 0.711806 
4.414, 0.711922 
4.415, 0.712039 
4.416, 0.712154 
4.417, 0.71227 
4.418, 0.712386 
4.419, 0.712502 
4.42, 0.712618 
4.421, 0.712733 
4.422, 0.712849 
4.423, 0.712964 
4.424, 0.71308 
4.425, 0.713195 
4.426, 0.713311 
4.427, 0.713426 
4.428, 0.713541 
4.429, 0.713656 
4.43, 0.713771 
4.431, 0.713886 
4.432, 0.714001 
4.433, 0.714116 
4.434, 0.714231 
4.435, 0.714345 
4.436, 0.71446 
4.437, 0.714575 
4.438, 0.714689 
4.439, 0.714804 
4.44, 0.714918 
4.441, 0.715032 
4.442, 0.715147 
4.443, 0.715261 
4.444, 0.715375 
4.445, 0.715489 
4.446, 0.715603 
4.447, 0.715717 
4.448, 0.715831 
4.449, 0.715945 
4.45, 0.716058 
4.451, 0.716172 
4.452, 0.716286 
4.453, 0.716399 
4.454, 0.716513 
4.455, 0.716626 
4.456, 0.716739 
4.457, 0.716853 
4.458, 0.716966 
4.459, 0.717079 
4.46, 0.717192 
4.461, 0.717305 
4.462, 0.717418 
4.463, 0.717531 
4.464, 0.717644 
4.465, 0.717757 
4.466, 0.717869 
4.467, 0.717982 
4.468, 0.718095 
4.469, 0.718207 
4.47, 0.71832 
4.471, 0.718432 
4.472, 0.718544 
4.473, 0.718657 
4.474, 0.718769 
4.475, 0.718881 
4.476, 0.718993 
4.477, 0.719105 
4.478, 0.719217 
4.479, 0.719329 
4.48, 0.719441 
4.481, 0.719552 
4.482, 0.719664 
4.483, 0.719776 
4.484, 0.719887 
4.485, 0.719999 
4.486, 0.72011 
4.487, 0.720222 
4.488, 0.720333 
4.489, 0.720444 
4.49, 0.720555 
4.491, 0.720667 
4.492, 0.720778 
4.493, 0.720889 
4.494, 0.721 
4.495, 0.72111 
4.496, 0.721221 
4.497, 0.721332 
4.498, 0.721443 
4.499, 0.721553 
4.5, 0.721664 
4.501, 0.721774 
4.502, 0.721885 
4.503, 0.721995 
4.504, 0.722105 
4.505, 0.722216 
4.506, 0.722326 
4.507, 0.722436 
4.508, 0.722546 
4.509, 0.722656 
4.51, 0.722766 
4.511, 0.722876 
4.512, 0.722986 
4.513, 0.723095 
4.514, 0.723205 
4.515, 0.723315 
4.516, 0.723424 
4.517, 0.723534 
4.518, 0.723643 
4.519, 0.723753 
4.52, 0.723862 
4.521, 0.723971 
4.522, 0.72408 
4.523, 0.72419 
4.524, 0.724299 
4.525, 0.724408 
4.526, 0.724517 
4.527, 0.724626 
4.528, 0.724734 
4.529, 0.724843 
4.53, 0.724952 
4.531, 0.725061 
4.532, 0.725169 
4.533, 0.725278 
4.534, 0.725386 
4.535, 0.725494 
4.536, 0.725603 
4.537, 0.725711 
4.538, 0.725819 
4.539, 0.725927 
4.54, 0.726036 
4.541, 0.726144 
4.542, 0.726252 
4.543, 0.726359 
4.544, 0.726467 
4.545, 0.726575 
4.546, 0.726683 
4.547, 0.726791 
4.548, 0.726898 
4.549, 0.727006 
4.55, 0.727113 
4.551, 0.727221 
4.552, 0.727328 
4.553, 0.727435 
4.554, 0.727543 
4.555, 0.72765 
4.556, 0.727757 
4.557, 0.727864 
4.558, 0.727971 
4.559, 0.728078 
4.56, 0.728185 
4.561, 0.728292 
4.562, 0.728398 
4.563, 0.728505 
4.564, 0.728612 
4.565, 0.728718 
4.566, 0.728825 
4.567, 0.728931 
4.568, 0.729038 
4.569, 0.729144 
4.57, 0.72925 
4.571, 0.729357 
4.572, 0.729463 
4.573, 0.729569 
4.574, 0.729675 
4.575, 0.729781 
4.576, 0.729887 
4.577, 0.729993 
4.578, 0.730099 
4.579, 0.730204 
4.58, 0.73031 
4.581, 0.730416 
4.582, 0.730521 
4.583, 0.730627 
4.584, 0.730732 
4.585, 0.730838 
4.586, 0.730943 
4.587, 0.731048 
4.588, 0.731154 
4.589, 0.731259 
4.59, 0.731364 
4.591, 0.731469 
4.592, 0.731574 
4.593, 0.731679 
4.594, 0.731784 
4.595, 0.731889 
4.596, 0.731993 
4.597, 0.732098 
4.598, 0.732203 
4.599, 0.732307 
4.6, 0.732412 
4.601, 0.732516 
4.602, 0.732621 
4.603, 0.732725 
4.604, 0.732829 
4.605, 0.732933 
4.606, 0.733038 
4.607, 0.733142 
4.608, 0.733246 
4.609, 0.73335 
4.61, 0.733454 
4.611, 0.733558 
4.612, 0.733661 
4.613, 0.733765 
4.614, 0.733869 
4.615, 0.733973 
4.616, 0.734076 
4.617, 0.73418 
4.618, 0.734283 
4.619, 0.734387 
4.62, 0.73449 
4.621, 0.734593 
4.622, 0.734697 
4.623, 0.7348 
4.624, 0.734903 
4.625, 0.735006 
4.626, 0.735109 
4.627, 0.735212 
4.628, 0.735315 
4.629, 0.735418 
4.63, 0.735521 
4.631, 0.735623 
4.632, 0.735726 
4.633, 0.735829 
4.634, 0.735931 
4.635, 0.736034 
4.636, 0.736136 
4.637, 0.736239 
4.638, 0.736341 
4.639, 0.736443 
4.64, 0.736545 
4.641, 0.736648 
4.642, 0.73675 
4.643, 0.736852 
4.644, 0.736954 
4.645, 0.737056 
4.646, 0.737158 
4.647, 0.737259 
4.648, 0.737361 
4.649, 0.737463 
4.65, 0.737565 
4.651, 0.737666 
4.652, 0.737768 
4.653, 0.737869 
4.654, 0.737971 
4.655, 0.738072 
4.656, 0.738173 
4.657, 0.738275 
4.658, 0.738376 
4.659, 0.738477 
4.66, 0.738578 
4.661, 0.738679 
4.662, 0.73878 
4.663, 0.738881 
4.664, 0.738982 
4.665, 0.739083 
4.666, 0.739184 
4.667, 0.739284 
4.668, 0.739385 
4.669, 0.739485 
4.67, 0.739586 
4.671, 0.739687 
4.672, 0.739787 
4.673, 0.739887 
4.674, 0.739988 
4.675, 0.740088 
4.676, 0.740188 
4.677, 0.740288 
4.678, 0.740388 
4.679, 0.740488 
4.68, 0.740588 
4.681, 0.740688 
4.682, 0.740788 
4.683, 0.740888 
4.684, 0.740988 
4.685, 0.741088 
4.686, 0.741187 
4.687, 0.741287 
4.688, 0.741386 
4.689, 0.741486 
4.69, 0.741585 
4.691, 0.741685 
4.692, 0.741784 
4.693, 0.741883 
4.694, 0.741983 
4.695, 0.742082 
4.696, 0.742181 
4.697, 0.74228 
4.698, 0.742379 
4.699, 0.742478 
4.7, 0.742577 
4.701, 0.742676 
4.702, 0.742774 
4.703, 0.742873 
4.704, 0.742972 
4.705, 0.74307 
4.706, 0.743169 
4.707, 0.743267 
4.708, 0.743366 
4.709, 0.743464 
4.71, 0.743563 
4.711, 0.743661 
4.712, 0.743759 
4.713, 0.743857 
4.714, 0.743956 
4.715, 0.744054 
4.716, 0.744152 
4.717, 0.74425 
4.718, 0.744348 
4.719, 0.744445 
4.72, 0.744543 
4.721, 0.744641 
4.722, 0.744739 
4.723, 0.744836 
4.724, 0.744934 
4.725, 0.745031 
4.726, 0.745129 
4.727, 0.745226 
4.728, 0.745324 
4.729, 0.745421 
4.73, 0.745518 
4.731, 0.745616 
4.732, 0.745713 
4.733, 0.74581 
4.734, 0.745907 
4.735, 0.746004 
4.736, 0.746101 
4.737, 0.746198 
4.738, 0.746295 
4.739, 0.746392 
4.74, 0.746488 
4.741, 0.746585 
4.742, 0.746682 
4.743, 0.746778 
4.744, 0.746875 
4.745, 0.746971 
4.746, 0.747068 
4.747, 0.747164 
4.748, 0.74726 
4.749, 0.747357 
4.75, 0.747453 
4.751, 0.747549 
4.752, 0.747645 
4.753, 0.747741 
4.754, 0.747837 
4.755, 0.747933 
4.756, 0.748029 
4.757, 0.748125 
4.758, 0.748221 
4.759, 0.748316 
4.76, 0.748412 
4.761, 0.748508 
4.762, 0.748603 
4.763, 0.748699 
4.764, 0.748794 
4.765, 0.74889 
4.766, 0.748985 
4.767, 0.749081 
4.768, 0.749176 
4.769, 0.749271 
4.77, 0.749366 
4.771, 0.749461 
4.772, 0.749557 
4.773, 0.749652 
4.774, 0.749746 
4.775, 0.749841 
4.776, 0.749936 
4.777, 0.750031 
4.778, 0.750126 
4.779, 0.750221 
4.78, 0.750315 
4.781, 0.75041 
4.782, 0.750504 
4.783, 0.750599 
4.784, 0.750693 
4.785, 0.750788 
4.786, 0.750882 
4.787, 0.750976 
4.788, 0.751071 
4.789, 0.751165 
4.79, 0.751259 
4.791, 0.751353 
4.792, 0.751447 
4.793, 0.751541 
4.794, 0.751635 
4.795, 0.751729 
4.796, 0.751823 
4.797, 0.751917 
4.798, 0.75201 
4.799, 0.752104 
4.8, 0.752198 
4.801, 0.752291 
4.802, 0.752385 
4.803, 0.752478 
4.804, 0.752572 
4.805, 0.752665 
4.806, 0.752758 
4.807, 0.752852 
4.808, 0.752945 
4.809, 0.753038 
4.81, 0.753131 
4.811, 0.753224 
4.812, 0.753317 
4.813, 0.75341 
4.814, 0.753503 
4.815, 0.753596 
4.816, 0.753689 
4.817, 0.753782 
4.818, 0.753875 
4.819, 0.753967 
4.82, 0.75406 
4.821, 0.754152 
4.822, 0.754245 
4.823, 0.754337 
4.824, 0.75443 
4.825, 0.754522 
4.826, 0.754615 
4.827, 0.754707 
4.828, 0.754799 
4.829, 0.754891 
4.83, 0.754983 
4.831, 0.755075 
4.832, 0.755167 
4.833, 0.755259 
4.834, 0.755351 
4.835, 0.755443 
4.836, 0.755535 
4.837, 0.755627 
4.838, 0.755719 
4.839, 0.75581 
4.84, 0.755902 
4.841, 0.755994 
4.842, 0.756085 
4.843, 0.756177 
4.844, 0.756268 
4.845, 0.756359 
4.846, 0.756451 
4.847, 0.756542 
4.848, 0.756633 
4.849, 0.756724 
4.85, 0.756816 
4.851, 0.756907 
4.852, 0.756998 
4.853, 0.757089 
4.854, 0.75718 
4.855, 0.757271 
4.856, 0.757361 
4.857, 0.757452 
4.858, 0.757543 
4.859, 0.757634 
4.86, 0.757724 
4.861, 0.757815 
4.862, 0.757905 
4.863, 0.757996 
4.864, 0.758086 
4.865, 0.758177 
4.866, 0.758267 
4.867, 0.758357 
4.868, 0.758448 
4.869, 0.758538 
4.87, 0.758628 
4.871, 0.758718 
4.872, 0.758808 
4.873, 0.758898 
4.874, 0.758988 
4.875, 0.759078 
4.876, 0.759168 
4.877, 0.759258 
4.878, 0.759348 
4.879, 0.759437 
4.88, 0.759527 
4.881, 0.759617 
4.882, 0.759706 
4.883, 0.759796 
4.884, 0.759885 
4.885, 0.759975 
4.886, 0.760064 
4.887, 0.760154 
4.888, 0.760243 
4.889, 0.760332 
4.89, 0.760421 
4.891, 0.76051 
4.892, 0.7606 
4.893, 0.760689 
4.894, 0.760778 
4.895, 0.760867 
4.896, 0.760956 
4.897, 0.761044 
4.898, 0.761133 
4.899, 0.761222 
4.9, 0.761311 
4.901, 0.761399 
4.902, 0.761488 
4.903, 0.761577 
4.904, 0.761665 
4.905, 0.761754 
4.906, 0.761842 
4.907, 0.761931 
4.908, 0.762019 
4.909, 0.762107 
4.91, 0.762195 
4.911, 0.762284 
4.912, 0.762372 
4.913, 0.76246 
4.914, 0.762548 
4.915, 0.762636 
4.916, 0.762724 
4.917, 0.762812 
4.918, 0.7629 
4.919, 0.762988 
4.92, 0.763075 
4.921, 0.763163 
4.922, 0.763251 
4.923, 0.763338 
4.924, 0.763426 
4.925, 0.763514 
4.926, 0.763601 
4.927, 0.763689 
4.928, 0.763776 
4.929, 0.763863 
4.93, 0.763951 
4.931, 0.764038 
4.932, 0.764125 
4.933, 0.764212 
4.934, 0.764299 
4.935, 0.764387 
4.936, 0.764474 
4.937, 0.764561 
4.938, 0.764648 
4.939, 0.764734 
4.94, 0.764821 
4.941, 0.764908 
4.942, 0.764995 
4.943, 0.765082 
4.944, 0.765168 
4.945, 0.765255 
4.946, 0.765341 
4.947, 0.765428 
4.948, 0.765514 
4.949, 0.765601 
4.95, 0.765687 
4.951, 0.765774 
4.952, 0.76586 
4.953, 0.765946 
4.954, 0.766032 
4.955, 0.766119 
4.956, 0.766205 
4.957, 0.766291 
4.958, 0.766377 
4.959, 0.766463 
4.96, 0.766549 
4.961, 0.766635 
4.962, 0.76672 
4.963, 0.766806 
4.964, 0.766892 
4.965, 0.766978 
4.966, 0.767063 
4.967, 0.767149 
4.968, 0.767235 
4.969, 0.76732 
4.97, 0.767406 
4.971, 0.767491 
4.972, 0.767576 
4.973, 0.767662 
4.974, 0.767747 
4.975, 0.767832 
4.976, 0.767918 
4.977, 0.768003 
4.978, 0.768088 
4.979, 0.768173 
4.98, 0.768258 
4.981, 0.768343 
4.982, 0.768428 
4.983, 0.768513 
4.984, 0.768598 
4.985, 0.768682 
4.986, 0.768767 
4.987, 0.768852 
4.988, 0.768937 
4.989, 0.769021 
4.99, 0.769106 
4.991, 0.76919 
4.992, 0.769275 
4.993, 0.769359 
4.994, 0.769444 
4.995, 0.769528 
4.996, 0.769612 
4.997, 0.769697 
4.998, 0.769781 
4.999, 0.769865 
